#======================
2023-3-29
# 1.EUR, 2.USD, 3.CHF, 4.GBP
Sell Price, Buy Price
1 11:09
4,6677 4,7000
4,3068 4,3390
4,6853 4,7182
5,3120 5,3453
2 11:10
4,6682 4,7005
4,3069 4,3391
4,6860 4,7189
5,3124 5,3457
3 11:11
4,6681 4,7004
4,3072 4,3394
4,6881 4,7210
5,3126 5,3459
4 11:12
4,6684 4,7007
4,3069 4,3391
4,6894 4,7223
5,3123 5,3456
5 11:13
4,6682 4,7005
4,3061 4,3383
4,6892 4,7221
5,3117 5,3450
6 11:14
4,6685 4,7008
4,3064 4,3386
4,6896 4,7225
5,3122 5,3455
7 11:15
4,6683 4,7006
4,3067 4,3389
4,6900 4,7229
5,3125 5,3458
8 11:16
4,6680 4,7003
4,3059 4,3381
4,6898 4,7227
5,3114 5,3448
9 11:17
4,6680 4,7003
4,3057 4,3379
4,6898 4,7227
5,3108 5,3442
10 11:18
4,6682 4,7005
4,3055 4,3377
4,6918 4,7247
5,3107 5,3441
11 11:19
4,6682 4,7005
4,3047 4,3369
4,6914 4,7243
5,3117 5,3451
12 11:20
4,6682 4,7005
4,3047 4,3369
4,6907 4,7236
5,3128 5,3462
13 11:21
4,6682 4,7005
4,3049 4,3371
4,6907 4,7236
5,3135 5,3469
14 11:22
4,6675 4,6998
4,3039 4,3361
4,6895 4,7224
5,3120 5,3454
15 11:23
4,6671 4,6994
4,3035 4,3357
4,6887 4,7216
5,3113 5,3447
16 11:24
4,6672 4,6995
4,3036 4,3358
4,6888 4,7217
5,3105 5,3439
17 11:25
4,6681 4,7004
4,3044 4,3366
4,6897 4,7226
5,3113 5,3447
18 11:26
4,6681 4,7004
4,3048 4,3370
4,6897 4,7226
5,3113 5,3447
19 11:27
4,6682 4,7005
4,3047 4,3369
4,6898 4,7227
5,3110 5,3444
20 11:28
4,6688 4,7011
4,3051 4,3373
4,6899 4,7228
5,3120 5,3454
21 11:29
4,6684 4,7007
4,3047 4,3369
4,6895 4,7224
5,3119 5,3453
22 11:30
4,6684 4,7007
4,3049 4,3371
4,6895 4,7224
5,3115 5,3449
23 11:31
4,6686 4,7009
4,3045 4,3367
4,6891 4,7221
5,3124 5,3458
24 11:32
4,6683 4,7006
4,3038 4,3360
4,6888 4,7218
5,3145 5,3479
25 11:33
4,6684 4,7007
4,3025 4,3347
4,6875 4,7205
5,3155 5,3489
26 11:34
4,6684 4,7007
4,3015 4,3337
4,6866 4,7196
5,3133 5,3467
27 11:35
4,6684 4,7007
4,3021 4,3343
4,6866 4,7196
5,3137 5,3471
28 11:36
4,6683 4,7006
4,3026 4,3348
4,6862 4,7192
5,3130 5,3463
29 11:37
4,6683 4,7006
4,3022 4,3344
4,6862 4,7192
5,3130 5,3463
30 11:38
4,6683 4,7006
4,3018 4,3340
4,6859 4,7189
5,3127 5,3460
31 11:39
4,6673 4,6996
4,3007 4,3329
4,6850 4,7180
5,3123 5,3456
32 11:40
4,6673 4,6996
4,3003 4,3325
4,6845 4,7175
5,3113 5,3446
33 11:41
4,6666 4,6989
4,2981 4,3303
4,6824 4,7154
5,3100 5,3433
34 11:42
4,6667 4,6990
4,2992 4,3314
4,6834 4,7164
5,3119 5,3452
35 11:43
4,6659 4,6982
4,2986 4,3308
4,6830 4,7160
5,3124 5,3457
36 11:44
4,6669 4,6992
4,2996 4,3318
4,6846 4,7176
5,3122 5,3455
37 11:45
4,6666 4,6989
4,2991 4,3313
4,6853 4,7183
5,3119 5,3452
38 11:46
4,6665 4,6988
4,2991 4,3313
4,6872 4,7202
5,3116 5,3449
39 11:47
4,6666 4,6989
4,2996 4,3318
4,6861 4,7191
5,3114 5,3447
40 11:48
4,6669 4,6992
4,2999 4,3321
4,6865 4,7195
5,3121 5,3454
41 11:49
4,6668 4,6991
4,2989 4,3311
4,6864 4,7194
5,3111 5,3444
42 11:50
4,6665 4,6988
4,2988 4,3310
4,6856 4,7186
5,3107 5,3440
43 11:51
4,6667 4,6990
4,2993 4,3315
4,6864 4,7193
5,3109 5,3443
44 11:52
4,6672 4,6995
4,2996 4,3318
4,6864 4,7193
5,3114 5,3448
45 11:53
4,6672 4,6995
4,2994 4,3316
4,6862 4,7191
5,3106 5,3440
46 11:54
4,6672 4,6995
4,2996 4,3318
4,6873 4,7202
5,3114 5,3448
47 11:55
4,6682 4,7005
4,3002 4,3324
4,6879 4,7208
5,3113 5,3447
48 11:56
4,6681 4,7004
4,3000 4,3322
4,6877 4,7206
5,3116 5,3449
49 11:57
4,6683 4,7006
4,3000 4,3322
4,6879 4,7208
5,3130 5,3463
50 11:58
4,6680 4,7003
4,2984 4,3306
4,6877 4,7206
5,3118 5,3451
51 11:59
4,6675 4,6998
4,2965 4,3287
4,6866 4,7195
5,3118 5,3451
52 12:00
4,6673 4,6996
4,2974 4,3296
4,6865 4,7194
5,3120 5,3453
53 12:01
4,6676 4,6999
4,2976 4,3298
4,6868 4,7197
5,3122 5,3455
54 12:02
4,6685 4,7008
4,2992 4,3314
4,6877 4,7206
5,3121 5,3454
55 12:03
4,6678 4,7001
4,2988 4,3310
4,6868 4,7197
5,3101 5,3434
56 12:04
4,6672 4,6995
4,2981 4,3303
4,6864 4,7193
5,3098 5,3431
57 12:05
4,6677 4,7000
4,2981 4,3303
4,6867 4,7196
5,3097 5,3430
58 12:06
4,6676 4,6999
4,2981 4,3303
4,6871 4,7202
5,3095 5,3428
59 12:07
4,6677 4,7000
4,2987 4,3309
4,6873 4,7204
5,3096 5,3429
60 12:08
4,6667 4,6990
4,2974 4,3296
4,6863 4,7194
5,3088 5,3421
61 12:09
4,6668 4,6991
4,2979 4,3301
4,6864 4,7195
5,3094 5,3427
62 12:10
4,6668 4,6991
4,2979 4,3301
4,6864 4,7195
5,3092 5,3425
63 12:11
4,6669 4,6992
4,2978 4,3300
4,6865 4,7196
5,3094 5,3427
64 12:12
4,6672 4,6995
4,2982 4,3304
4,6872 4,7203
5,3094 5,3427
65 12:13
4,6671 4,6994
4,2978 4,3300
4,6867 4,7198
5,3099 5,3432
66 12:14
4,6680 4,7003
4,2976 4,3298
4,6876 4,7207
5,3121 5,3454
67 12:15
4,6680 4,7003
4,2974 4,3296
4,6876 4,7207
5,3115 5,3448
68 12:16
4,6683 4,7006
4,2979 4,3301
4,6874 4,7205
5,3125 5,3458
69 12:17
4,6682 4,7005
4,2973 4,3295
4,6868 4,7199
5,3115 5,3448
70 12:18
4,6687 4,7010
4,2990 4,3312
4,6878 4,7209
5,3123 5,3456
71 12:19
4,6687 4,7010
4,2994 4,3316
4,6878 4,7209
5,3129 5,3462
72 12:20
4,6687 4,7010
4,2996 4,3318
4,6883 4,7214
5,3132 5,3465
73 12:21
4,6685 4,7008
4,3000 4,3322
4,6885 4,7215
5,3133 5,3466
74 12:22
4,6692 4,7015
4,3011 4,3333
4,6879 4,7209
5,3141 5,3474
75 12:23
4,6685 4,7008
4,2999 4,3321
4,6874 4,7204
5,3130 5,3463
76 12:24
4,6683 4,7006
4,3000 4,3322
4,6874 4,7204
5,3131 5,3464
77 12:25
4,6684 4,7007
4,2999 4,3321
4,6880 4,7210
5,3135 5,3468
78 12:26
4,6682 4,7005
4,2996 4,3318
4,6873 4,7204
5,3129 5,3463
79 12:27
4,6683 4,7006
4,2999 4,3321
4,6866 4,7197
5,3128 5,3462
80 12:28
4,6683 4,7006
4,2997 4,3319
4,6865 4,7196
5,3119 5,3453
81 12:29
4,6683 4,7006
4,3001 4,3323
4,6871 4,7202
5,3114 5,3448
82 12:30
4,6682 4,7005
4,2998 4,3320
4,6864 4,7195
5,3104 5,3438
83 12:31
4,6682 4,7005
4,2996 4,3318
4,6864 4,7194
5,3106 5,3439
84 12:32
4,6682 4,7005
4,2991 4,3313
4,6861 4,7191
5,3102 5,3435
85 12:33
4,6681 4,7004
4,2997 4,3319
4,6862 4,7192
5,3102 5,3435
86 12:34
4,6682 4,7005
4,2995 4,3317
4,6863 4,7193
5,3102 5,3435
87 12:35
4,6684 4,7007
4,3003 4,3325
4,6858 4,7188
5,3097 5,3430
88 12:36
4,6689 4,7012
4,3012 4,3334
4,6867 4,7196
5,3110 5,3443
89 12:37
4,6684 4,7007
4,3007 4,3329
4,6857 4,7186
5,3108 5,3441
90 12:38
4,6684 4,7007
4,3013 4,3335
4,6859 4,7188
5,3108 5,3441
91 12:39
4,6681 4,7004
4,3010 4,3332
4,6854 4,7183
5,3107 5,3440
92 12:40
4,6682 4,7005
4,3007 4,3329
4,6855 4,7184
5,3106 5,3439
93 12:41
4,6683 4,7006
4,3006 4,3328
4,6857 4,7187
5,3103 5,3436
94 12:42
4,6683 4,7006
4,3012 4,3334
4,6859 4,7189
5,3106 5,3439
95 12:43
4,6683 4,7006
4,3014 4,3336
4,6860 4,7190
5,3107 5,3440
96 12:44
4,6683 4,7006
4,3011 4,3333
4,6858 4,7188
5,3106 5,3439
97 12:45
4,6691 4,7014
4,3008 4,3330
4,6863 4,7193
5,3113 5,3446
98 12:46
4,6692 4,7015
4,3013 4,3335
4,6865 4,7194
5,3120 5,3453
99 12:47
4,6692 4,7015
4,3009 4,3331
4,6865 4,7194
5,3117 5,3450
100 12:48
4,6693 4,7016
4,3015 4,3337
4,6866 4,7195
5,3121 5,3454
101 12:49
4,6690 4,7013
4,3014 4,3336
4,6867 4,7196
5,3120 5,3453
102 12:50
4,6692 4,7015
4,3021 4,3343
4,6884 4,7213
5,3123 5,3456
103 12:51
4,6689 4,7012
4,3016 4,3338
4,6878 4,7207
5,3124 5,3457
104 12:52
4,6691 4,7014
4,3018 4,3340
4,6869 4,7198
5,3130 5,3463
105 12:53
4,6692 4,7015
4,3017 4,3339
4,6872 4,7201
5,3119 5,3452
106 12:54
4,6689 4,7012
4,3014 4,3336
4,6857 4,7186
5,3119 5,3452
107 12:55
4,6690 4,7013
4,3013 4,3335
4,6847 4,7176
5,3117 5,3450
108 12:56
4,6695 4,7019
4,3010 4,3332
4,6855 4,7185
5,3120 5,3453
109 12:57
4,6700 4,7024
4,3012 4,3334
4,6858 4,7188
5,3126 5,3459
110 12:58
4,6700 4,7024
4,3012 4,3334
4,6856 4,7186
5,3129 5,3462
111 12:59
4,6696 4,7020
4,3005 4,3327
4,6849 4,7179
5,3121 5,3454
112 13:00
4,6697 4,7021
4,3003 4,3325
4,6844 4,7174
5,3122 5,3455
113 13:01
4,6695 4,7018
4,3002 4,3324
4,6839 4,7169
5,3120 5,3453
114 13:02
4,6688 4,7011
4,2993 4,3315
4,6827 4,7157
5,3113 5,3446
115 13:03
4,6691 4,7014
4,3000 4,3322
4,6830 4,7160
5,3119 5,3452
116 13:04
4,6687 4,7010
4,2988 4,3310
4,6826 4,7156
5,3111 5,3444
117 13:05
4,6691 4,7014
4,2998 4,3320
4,6828 4,7158
5,3122 5,3455
118 13:06
4,6691 4,7014
4,3000 4,3322
4,6826 4,7155
5,3128 5,3461
119 13:07
4,6693 4,7016
4,3006 4,3328
4,6833 4,7162
5,3137 5,3470
120 13:08
4,6700 4,7023
4,3016 4,3338
4,6845 4,7174
5,3147 5,3480
121 13:09
4,6697 4,7020
4,3017 4,3339
4,6842 4,7171
5,3141 5,3474
122 13:10
4,6697 4,7020
4,3017 4,3339
4,6830 4,7159
5,3138 5,3471
123 13:11
4,6697 4,7020
4,3017 4,3339
4,6837 4,7166
5,3144 5,3477
124 13:12
4,6696 4,7019
4,3016 4,3338
4,6836 4,7165
5,3139 5,3472
125 13:13
4,6685 4,7008
4,3006 4,3328
4,6823 4,7152
5,3128 5,3461
126 13:14
4,6679 4,7002
4,2993 4,3315
4,6810 4,7139
5,3115 5,3448
127 13:15
4,6679 4,7002
4,2993 4,3315
4,6812 4,7141
5,3114 5,3447
128 13:16
4,6683 4,7006
4,2997 4,3319
4,6815 4,7145
5,3119 5,3452
129 13:17
4,6682 4,7005
4,2990 4,3312
4,6816 4,7146
5,3118 5,3451
130 13:18
4,6683 4,7006
4,2981 4,3303
4,6820 4,7150
5,3128 5,3461
131 13:19
4,6684 4,7007
4,2984 4,3306
4,6821 4,7151
5,3123 5,3456
132 13:20
4,6684 4,7007
4,2982 4,3304
4,6816 4,7146
5,3123 5,3456
133 13:21
4,6684 4,7007
4,2988 4,3310
4,6818 4,7148
5,3117 5,3450
134 13:22
4,6685 4,7008
4,2992 4,3314
4,6819 4,7149
5,3130 5,3463
135 13:23
4,6685 4,7008
4,2987 4,3309
4,6815 4,7145
5,3130 5,3463
136 13:24
4,6685 4,7008
4,2982 4,3304
4,6817 4,7147
5,3130 5,3463
137 13:25
4,6685 4,7008
4,2987 4,3309
4,6817 4,7147
5,3133 5,3466
138 13:26
4,6685 4,7008
4,2982 4,3304
4,6816 4,7145
5,3130 5,3463
139 13:27
4,6686 4,7009
4,2983 4,3305
4,6810 4,7139
5,3122 5,3455
140 13:28
4,6685 4,7008
4,2979 4,3301
4,6809 4,7138
5,3124 5,3457
141 13:29
4,6685 4,7008
4,2979 4,3301
4,6811 4,7140
5,3118 5,3451
142 13:30
4,6686 4,7009
4,2980 4,3302
4,6819 4,7148
5,3119 5,3452
143 13:31
4,6685 4,7008
4,2975 4,3297
4,6819 4,7150
5,3120 5,3453
144 13:32
4,6686 4,7009
4,2951 4,3273
4,6801 4,7132
5,3108 5,3441
145 13:33
4,6683 4,7006
4,2945 4,3267
4,6796 4,7127
5,3109 5,3442
146 13:34
4,6682 4,7005
4,2946 4,3268
4,6787 4,7118
5,3107 5,3440
147 13:35
4,6691 4,7014
4,2959 4,3281
4,6788 4,7119
5,3115 5,3448
148 13:36
4,6698 4,7021
4,2977 4,3299
4,6800 4,7130
5,3123 5,3456
149 13:37
4,6697 4,7020
4,2982 4,3304
4,6803 4,7133
5,3122 5,3455
150 13:38
4,6696 4,7019
4,2977 4,3299
4,6812 4,7142
5,3121 5,3454
151 13:39
4,6697 4,7020
4,2981 4,3303
4,6798 4,7128
5,3117 5,3450
152 13:40
4,6697 4,7020
4,2978 4,3300
4,6798 4,7128
5,3125 5,3458
153 13:41
4,6698 4,7021
4,2974 4,3296
4,6800 4,7129
5,3122 5,3456
154 13:42
4,6697 4,7020
4,2962 4,3284
4,6799 4,7128
5,3121 5,3455
155 13:43
4,6697 4,7020
4,2960 4,3282
4,6799 4,7128
5,3118 5,3452
156 13:44
4,6701 4,7024
4,2959 4,3281
4,6802 4,7131
5,3124 5,3458
157 13:45
4,6701 4,7024
4,2962 4,3284
4,6813 4,7142
5,3126 5,3460
158 13:46
4,6701 4,7024
4,2964 4,3286
4,6810 4,7140
5,3129 5,3463
159 13:47
4,6701 4,7024
4,2967 4,3289
4,6814 4,7144
5,3132 5,3466
160 13:48
4,6699 4,7022
4,2970 4,3292
4,6815 4,7145
5,3136 5,3470
161 13:49
4,6696 4,7019
4,2967 4,3289
4,6802 4,7132
5,3133 5,3467
162 13:50
4,6697 4,7020
4,2974 4,3296
4,6799 4,7129
5,3133 5,3467
163 13:51
4,6695 4,7018
4,2972 4,3294
4,6796 4,7126
5,3129 5,3463
164 13:52
4,6695 4,7018
4,2977 4,3299
4,6793 4,7123
5,3137 5,3471
165 13:53
4,6697 4,7020
4,2978 4,3300
4,6803 4,7133
5,3143 5,3477
166 13:54
4,6701 4,7024
4,2985 4,3307
4,6802 4,7132
5,3125 5,3459
167 13:55
4,6693 4,7016
4,2980 4,3302
4,6796 4,7126
5,3105 5,3439
168 13:56
4,6695 4,7018
4,2996 4,3318
4,6806 4,7136
5,3116 5,3450
169 13:57
4,6690 4,7013
4,2999 4,3321
4,6798 4,7128
5,3105 5,3439
170 13:58
4,6690 4,7013
4,3007 4,3329
4,6806 4,7136
5,3095 5,3429
171 13:59
4,6688 4,7011
4,2997 4,3319
4,6794 4,7124
5,3093 5,3427
172 14:00
4,6686 4,7009
4,3001 4,3323
4,6797 4,7127
5,3089 5,3423
173 14:01
4,6686 4,7009
4,2995 4,3317
4,6794 4,7124
5,3094 5,3428
174 14:02
4,6685 4,7008
4,2988 4,3310
4,6800 4,7130
5,3089 5,3423
175 14:03
4,6691 4,7014
4,2996 4,3318
4,6792 4,7122
5,3096 5,3430
176 14:04
4,6691 4,7014
4,2998 4,3320
4,6794 4,7124
5,3100 5,3434
177 14:05
4,6688 4,7011
4,3005 4,3327
4,6795 4,7125
5,3093 5,3427
178 14:06
4,6678 4,7001
4,3003 4,3325
4,6798 4,7128
5,3072 5,3405
179 14:07
4,6688 4,7011
4,3015 4,3337
4,6804 4,7134
5,3088 5,3421
180 14:08
4,6693 4,7016
4,3014 4,3336
4,6809 4,7139
5,3084 5,3417
181 14:09
4,6696 4,7019
4,3020 4,3342
4,6809 4,7139
5,3090 5,3423
182 14:10
4,6693 4,7016
4,3018 4,3340
4,6806 4,7136
5,3084 5,3417
183 14:11
4,6693 4,7016
4,3028 4,3350
4,6809 4,7138
5,3081 5,3415
184 14:12
4,6696 4,7019
4,3042 4,3364
4,6816 4,7145
5,3093 5,3427
185 14:13
4,6700 4,7023
4,3052 4,3374
4,6822 4,7151
5,3093 5,3427
186 14:14
4,6700 4,7023
4,3046 4,3368
4,6826 4,7155
5,3095 5,3429
187 14:15
4,6701 4,7024
4,3051 4,3373
4,6822 4,7151
5,3096 5,3430
188 14:16
4,6701 4,7024
4,3051 4,3373
4,6826 4,7155
5,3102 5,3436
189 14:17
4,6691 4,7014
4,3052 4,3374
4,6820 4,7149
5,3089 5,3423
190 14:18
4,6690 4,7013
4,3061 4,3383
4,6821 4,7150
5,3081 5,3415
191 14:19
4,6692 4,7015
4,3070 4,3392
4,6813 4,7142
5,3088 5,3422
192 14:20
4,6685 4,7008
4,3066 4,3388
4,6797 4,7126
5,3074 5,3408
193 14:21
4,6686 4,7009
4,3055 4,3377
4,6790 4,7120
5,3082 5,3416
194 14:22
4,6687 4,7010
4,3054 4,3376
4,6788 4,7118
5,3089 5,3423
195 14:23
4,6686 4,7009
4,3055 4,3377
4,6787 4,7117
5,3078 5,3412
196 14:24
4,6689 4,7012
4,3058 4,3380
4,6786 4,7116
5,3087 5,3421
197 14:25
4,6696 4,7019
4,3072 4,3394
4,6793 4,7123
5,3093 5,3427
198 14:26
4,6697 4,7020
4,3065 4,3387
4,6789 4,7119
5,3091 5,3425
199 14:27
4,6700 4,7023
4,3056 4,3378
4,6791 4,7121
5,3103 5,3437
200 14:28
4,6710 4,7033
4,3055 4,3377
4,6795 4,7125
5,3112 5,3446
201 14:29
4,6704 4,7027
4,3050 4,3372
4,6787 4,7117
5,3090 5,3424
202 14:30
4,6704 4,7027
4,3045 4,3367
4,6779 4,7109
5,3086 5,3420
203 14:31
4,6702 4,7025
4,3044 4,3366
4,6787 4,7117
5,3069 5,3402
204 14:32
4,6700 4,7023
4,3034 4,3356
4,6787 4,7117
5,3056 5,3389
205 14:33
4,6697 4,7020
4,3025 4,3347
4,6782 4,7112
5,3057 5,3390
206 14:34
4,6696 4,7019
4,3030 4,3352
4,6781 4,7111
5,3066 5,3399
207 14:35
4,6700 4,7023
4,3040 4,3362
4,6801 4,7131
5,3076 5,3409
208 14:36
4,6709 4,7032
4,3055 4,3377
4,6806 4,7136
5,3094 5,3428
209 14:37
4,6709 4,7032
4,3055 4,3377
4,6811 4,7141
5,3090 5,3424
210 14:38
4,6708 4,7031
4,3063 4,3385
4,6814 4,7144
5,3082 5,3416
211 14:39
4,6707 4,7030
4,3059 4,3381
4,6808 4,7138
5,3079 5,3413
212 14:40
4,6708 4,7031
4,3057 4,3379
4,6809 4,7139
5,3091 5,3425
213 14:41
4,6700 4,7023
4,3054 4,3376
4,6799 4,7129
5,3088 5,3421
214 14:42
4,6700 4,7023
4,3058 4,3380
4,6786 4,7116
5,3080 5,3413
215 14:43
4,6702 4,7025
4,3061 4,3383
4,6789 4,7119
5,3084 5,3417
216 14:44
4,6708 4,7031
4,3070 4,3392
4,6814 4,7144
5,3082 5,3415
217 14:45
4,6710 4,7033
4,3063 4,3385
4,6821 4,7151
5,3094 5,3427
218 14:46
4,6712 4,7035
4,3063 4,3385
4,6821 4,7151
5,3093 5,3427
219 14:47
4,6702 4,7025
4,3052 4,3374
4,6813 4,7143
5,3091 5,3425
220 14:48
4,6698 4,7021
4,3040 4,3362
4,6804 4,7134
5,3083 5,3417
221 14:49
4,6704 4,7027
4,3042 4,3364
4,6806 4,7136
5,3093 5,3427
222 14:50
4,6706 4,7029
4,3043 4,3365
4,6812 4,7142
5,3095 5,3429
223 14:51
4,6708 4,7031
4,3043 4,3365
4,6824 4,7154
5,3098 5,3431
224 14:52
4,6705 4,7028
4,3036 4,3358
4,6822 4,7152
5,3094 5,3427
225 14:53
4,6700 4,7023
4,3018 4,3340
4,6802 4,7132
5,3086 5,3419
226 14:54
4,6704 4,7027
4,3026 4,3348
4,6810 4,7140
5,3079 5,3412
227 14:55
4,6702 4,7025
4,3028 4,3350
4,6820 4,7150
5,3091 5,3424
228 14:56
4,6698 4,7021
4,3026 4,3348
4,6811 4,7141
5,3080 5,3414
229 14:57
4,6699 4,7022
4,3017 4,3339
4,6809 4,7139
5,3066 5,3400
230 14:58
4,6696 4,7019
4,3020 4,3342
4,6797 4,7127
5,3077 5,3411
231 14:59
4,6700 4,7023
4,3026 4,3348
4,6804 4,7134
5,3086 5,3420
232 15:00
4,6702 4,7025
4,3022 4,3344
4,6804 4,7134
5,3084 5,3418
233 15:01
4,6701 4,7024
4,3017 4,3339
4,6802 4,7132
5,3077 5,3410
234 15:02
4,6701 4,7024
4,3015 4,3337
4,6805 4,7135
5,3078 5,3411
235 15:03
4,6697 4,7020
4,3007 4,3329
4,6803 4,7133
5,3079 5,3412
236 15:04
4,6696 4,7019
4,3008 4,3330
4,6802 4,7132
5,3074 5,3407
237 15:05
4,6688 4,7011
4,3001 4,3323
4,6804 4,7134
5,3069 5,3402
238 15:06
4,6691 4,7014
4,2998 4,3320
4,6799 4,7129
5,3063 5,3397
239 15:07
4,6686 4,7009
4,2995 4,3317
4,6786 4,7116
5,3051 5,3385
240 15:08
4,6681 4,7004
4,2996 4,3318
4,6784 4,7114
5,3048 5,3382
241 15:09
4,6693 4,7016
4,3007 4,3329
4,6789 4,7119
5,3047 5,3381
242 15:10
4,6693 4,7016
4,3020 4,3342
4,6788 4,7118
5,3049 5,3383
243 15:11
4,6697 4,7020
4,3029 4,3351
4,6781 4,7111
5,3045 5,3378
244 15:12
4,6697 4,7020
4,3027 4,3349
4,6782 4,7112
5,3046 5,3379
245 15:13
4,6691 4,7014
4,3013 4,3335
4,6773 4,7103
5,3035 5,3368
246 15:14
4,6692 4,7015
4,3019 4,3341
4,6775 4,7105
5,3029 5,3362
247 15:15
4,6696 4,7019
4,3026 4,3348
4,6781 4,7111
5,3029 5,3362
248 15:16
4,6698 4,7021
4,3036 4,3358
4,6795 4,7125
5,3030 5,3363
249 15:17
4,6700 4,7023
4,3049 4,3371
4,6801 4,7131
5,3021 5,3354
250 15:18
4,6703 4,7026
4,3049 4,3371
4,6793 4,7123
5,3034 5,3367
251 15:19
4,6707 4,7030
4,3052 4,3374
4,6797 4,7127
5,3039 5,3372
252 15:20
4,6712 4,7035
4,3065 4,3387
4,6811 4,7141
5,3053 5,3386
253 15:21
4,6712 4,7035
4,3070 4,3392
4,6825 4,7155
5,3062 5,3395
254 15:22
4,6710 4,7033
4,3076 4,3398
4,6827 4,7157
5,3065 5,3398
255 15:23
4,6699 4,7022
4,3075 4,3397
4,6819 4,7149
5,3054 5,3387
256 08:12
4,6682 4,7008
4,3085 4,3410
4,6932 4,7268
5,3098 5,3434
257 08:13
4,6682 4,7008
4,3081 4,3406
4,6938 4,7274
5,3092 5,3428
258 08:14
4,6683 4,7009
4,3075 4,3400
4,6939 4,7275
5,3087 5,3423
259 08:15
4,6687 4,7013
4,3085 4,3410
4,6928 4,7264
5,3093 5,3429
260 08:16
4,6681 4,7007
4,3076 4,3401
4,6926 4,7262
5,3091 5,3427
261 08:17
4,6682 4,7008
4,3075 4,3400
4,6928 4,7264
5,3091 5,3427
262 08:18
4,6682 4,7008
4,3076 4,3401
4,6928 4,7264
5,3091 5,3427
263 08:19
4,6681 4,7007
4,3073 4,3398
4,6927 4,7263
5,3094 5,3430
264 08:20
4,6684 4,7010
4,3086 4,3411
4,6930 4,7266
5,3094 5,3430
265 08:21
4,6683 4,7009
4,3079 4,3404
4,6925 4,7261
5,3089 5,3425
266 08:22
4,6680 4,7006
4,3077 4,3402
4,6926 4,7262
5,3087 5,3423
