#======================
2023-6-27
# 1.EUR, 2.USD, 3.CHF, 4.GBP
Sell Price, Buy Price
1 09:20
4,4135 4,4457
4,0344 4,0665
4,5124 4,5452
5,1459 5,1791
2 14:57
Definite connection error#======================
2023-6-27
# 1.EUR, 2.USD, 3.CHF, 4.GBP
Sell Price, Buy Price
1 15:02
4,4108 4,4430
4,0220 4,0541
4,5043 4,5372
5,1265 5,1598
2 15:03
4,4107 4,4429
4,0230 4,0551
4,5012 4,5341
5,1267 5,1600
3 15:04
4,4104 4,4426
4,0222 4,0543
4,5013 4,5342
5,1264 5,1597
4 15:05
4,4103 4,4425
4,0216 4,0537
4,5012 4,5341
5,1266 5,1599
5 15:06
4,4094 4,4416
4,0211 4,0532
4,5003 4,5331
5,1257 5,1589
6 15:07
4,4093 4,4415
4,0216 4,0537
4,4980 4,5308
5,1254 5,1586
7 15:08
4,4088 4,4410
4,0209 4,0530
4,4963 4,5291
5,1251 5,1583
8 15:09
4,4085 4,4407
4,0203 4,0524
4,4948 4,5276
5,1247 5,1579
9 15:10
4,4086 4,4408
4,0200 4,0521
4,4952 4,5280
5,1257 5,1589
10 15:11
4,4080 4,4402
4,0200 4,0521
4,4939 4,5267
5,1248 5,1581
11 15:12
4,4068 4,4390
4,0188 4,0509
4,4929 4,5257
5,1249 5,1582
12 15:13
4,4074 4,4396
4,0191 4,0512
4,4949 4,5277
5,1250 5,1583
13 15:14
4,4075 4,4397
4,0193 4,0514
4,4956 4,5284
5,1259 5,1592
14 15:15
4,4076 4,4398
4,0191 4,0512
4,4957 4,5285
5,1260 5,1593
15 15:16
4,4073 4,4395
4,0188 4,0509
4,4942 4,5271
5,1260 5,1592
16 15:17
4,4080 4,4402
4,0189 4,0510
4,4957 4,5286
5,1273 5,1605
17 15:18
4,4072 4,4394
4,0182 4,0503
4,4953 4,5282
5,1260 5,1592
18 15:19
4,4072 4,4394
4,0180 4,0501
4,4960 4,5289
5,1271 5,1603
19 15:20
4,4072 4,4394
4,0182 4,0503
4,4957 4,5286
5,1277 5,1609
20 15:21
4,4097 4,4419
4,0203 4,0524
4,4977 4,5305
5,1303 5,1635
21 15:22
4,4094 4,4416
4,0193 4,0514
4,4972 4,5300
5,1300 5,1632
22 15:23
4,4089 4,4411
4,0185 4,0506
4,4964 4,5292
5,1282 5,1614
23 15:24
4,4093 4,4415
4,0194 4,0515
4,4971 4,5299
5,1281 5,1613
24 15:25
4,4093 4,4415
4,0186 4,0507
4,4966 4,5294
5,1273 5,1605
25 15:26
4,4089 4,4411
4,0175 4,0496
4,4956 4,5285
5,1261 5,1594
26 15:27
4,4089 4,4411
4,0175 4,0496
4,4956 4,5285
5,1254 5,1587
27 15:28
4,4098 4,4420
4,0196 4,0517
4,4970 4,5299
5,1268 5,1601
28 15:29
4,4102 4,4424
4,0194 4,0515
4,4976 4,5305
5,1270 5,1603
29 15:30
4,4104 4,4426
4,0191 4,0512
4,4981 4,5310
5,1270 5,1603
30 15:31
4,4101 4,4423
4,0184 4,0505
4,4992 4,5321
5,1260 5,1592
31 15:32
4,4100 4,4422
4,0184 4,0505
4,4995 4,5324
5,1253 5,1585
32 15:33
4,4120 4,4442
4,0204 4,0525
4,5016 4,5345
5,1273 5,1605
33 15:34
4,4114 4,4436
4,0200 4,0521
4,5005 4,5334
5,1270 5,1602
34 15:35
4,4121 4,4443
4,0210 4,0531
4,5012 4,5341
5,1274 5,1606
35 15:36
4,4125 4,4447
4,0214 4,0535
4,5016 4,5345
5,1283 5,1614
36 15:37
4,4138 4,4460
4,0220 4,0541
4,5034 4,5363
5,1304 5,1635
37 15:38
4,4147 4,4469
4,0237 4,0558
4,5037 4,5366
5,1310 5,1641
38 15:39
4,4144 4,4466
4,0229 4,0550
4,5035 4,5364
5,1320 5,1651
39 15:40
4,4145 4,4467
4,0219 4,0540
4,5036 4,5365
5,1318 5,1649
40 15:41
4,4148 4,4470
4,0227 4,0548
4,5042 4,5371
5,1327 5,1659
41 15:42
4,4150 4,4472
4,0224 4,0545
4,5042 4,5371
5,1321 5,1653
42 15:43
4,4148 4,4470
4,0220 4,0541
4,5040 4,5369
5,1327 5,1659
43 15:44
4,4150 4,4472
4,0220 4,0541
4,5037 4,5366
5,1314 5,1646
44 15:45
4,4152 4,4474
4,0220 4,0541
4,5041 4,5370
5,1332 5,1664
45 15:46
4,4149 4,4471
4,0221 4,0542
4,5045 4,5374
5,1333 5,1665
46 15:47
4,4157 4,4479
4,0247 4,0568
4,5054 4,5383
5,1344 5,1676
47 15:48
4,4165 4,4487
4,0263 4,0584
4,5057 4,5386
5,1350 5,1682
48 15:49
4,4157 4,4479
4,0259 4,0580
4,5055 4,5384
5,1355 5,1687
49 15:50
4,4190 4,4512
4,0289 4,0610
4,5089 4,5418
5,1382 5,1714
50 15:51
4,4185 4,4507
4,0278 4,0599
4,5082 4,5411
5,1394 5,1726
51 15:52
4,4181 4,4503
4,0283 4,0604
4,5080 4,5409
5,1400 5,1732
52 15:53
4,4183 4,4505
4,0287 4,0608
4,5080 4,5409
5,1410 5,1742
53 15:54
4,4182 4,4504
4,0291 4,0612
4,5072 4,5401
5,1408 5,1740
54 15:55
4,4184 4,4506
4,0295 4,0616
4,5074 4,5403
5,1408 5,1740
55 15:56
4,4185 4,4507
4,0290 4,0611
4,5070 4,5399
5,1412 5,1744
56 15:57
4,4181 4,4503
4,0289 4,0610
4,5064 4,5393
5,1398 5,1730
57 15:58
4,4180 4,4502
4,0286 4,0607
4,5054 4,5383
5,1403 5,1735
58 15:59
4,4179 4,4501
4,0289 4,0610
4,5057 4,5386
5,1411 5,1743
59 16:00
4,4178 4,4500
4,0282 4,0603
4,5062 4,5391
5,1406 5,1738
60 16:01
4,4178 4,4500
4,0282 4,0603
4,5062 4,5391
5,1406 5,1738
61 16:02
4,4178 4,4500
4,0282 4,0603
4,5062 4,5391
5,1406 5,1738
62 16:03
4,4178 4,4500
4,0282 4,0603
4,5062 4,5391
5,1406 5,1738
63 16:04
#======================
2023-6-27
# 1.EUR, 2.USD, 3.CHF, 4.GBP
Sell Price, Buy Price
1 18:46
4,4330 4,4652
4,0442 4,0765
4,5253 4,5579
5,1607 5,1940
2 18:47
4,4299 4,4623
4,0413 4,0738
4,5222 4,5552
5,1575 5,1908
3 18:48
4,4296 4,4623
4,0414 4,0741
4,5218 4,5551
5,1567 5,1904
4 18:49
4,4294 4,4620
4,0414 4,0744
4,5220 4,5554
5,1566 5,1903
5 18:50
4,4289 4,4618
4,0408 4,0738
4,5216 4,5554
5,1559 5,1900
6 18:51
4,4287 4,4616
4,0402 4,0735
4,5213 4,5548
5,1550 5,1891
7 18:52
4,4286 4,4614
4,0403 4,0735
4,5214 4,5548
5,1551 5,1890
8 18:53
4,4286 4,4612
4,0398 4,0729
4,5213 4,5546
5,1551 5,1888
9 18:54
4,4287 4,4611
4,0399 4,0726
4,5220 4,5550
5,1546 5,1881
10 18:55
4,4287 4,4611
4,0403 4,0728
4,5223 4,5554
5,1544 5,1877
11 18:56
4,4289 4,4614
4,0404 4,0730
4,5225 4,5556
5,1541 5,1876
12 18:57
4,4289 4,4614
4,0404 4,0729
4,5225 4,5556
5,1542 5,1878
13 18:58
4,4289 4,4613
4,0406 4,0730
4,5227 4,5557
5,1546 5,1879
14 18:59
4,4297 4,4621
4,0412 4,0737
4,5235 4,5565
5,1557 5,1892
15 19:00
4,4299 4,4628
4,0417 4,0747
4,5235 4,5570
5,1566 5,1906
16 19:01
4,4302 4,4629
4,0416 4,0745
4,5239 4,5577
5,1569 5,1907
17 19:02
4,4304 4,4629
4,0425 4,0754
4,5240 4,5571
5,1577 5,1913
18 19:03
4,4308 4,4633
4,0425 4,0754
4,5244 4,5577
5,1576 5,1912
19 19:04
4,4308 4,4633
4,0422 4,0748
4,5245 4,5579
5,1576 5,1912
20 19:05
4,4307 4,4633
4,0422 4,0752
4,5244 4,5579
5,1581 5,1918
21 19:06
4,4307 4,4633
4,0422 4,0752
4,5245 4,5577
5,1581 5,1918
22 19:07
4,4308 4,4633
4,0429 4,0759
4,5244 4,5579
5,1582 5,1918
23 19:08
4,4307 4,4633
4,0430 4,0760
4,5250 4,5579
5,1587 5,1924
24 19:09
4,4308 4,4633
4,0429 4,0758
4,5250 4,5579
5,1588 5,1924
25 19:10
4,4308 4,4633
4,0432 4,0761
4,5249 4,5579
5,1588 5,1924
26 19:11
4,4309 4,4634
4,0437 4,0762
4,5251 4,5579
5,1589 5,1924
27 19:12
4,4307 4,4632
4,0431 4,0760
4,5248 4,5579
5,1587 5,1923
28 19:13
4,4307 4,4632
4,0436 4,0762
4,5248 4,5579
5,1587 5,1923
29 19:14
4,4307 4,4633
4,0433 4,0763
4,5254 4,5579
5,1587 5,1924
30 19:15
4,4307 4,4633
4,0432 4,0759
4,5254 4,5579
5,1581 5,1918
31 19:16
4,4307 4,4632
4,0428 4,0758
4,5252 4,5579
5,1581 5,1917
32 19:17
4,4311 4,4633
4,0434 4,0756
4,5262 4,5579
5,1581 5,1918
33 19:18
4,4312 4,4634
4,0430 4,0751
4,5262 4,5579
5,1580 5,1913
34 19:19
4,4313 4,4635
4,0430 4,0757
4,5264 4,5579
5,1582 5,1915
35 19:20
4,4313 4,4635
4,0427 4,0752
4,5259 4,5579
5,1576 5,1909
36 19:21
4,4313 4,4635
4,0428 4,0750
4,5259 4,5579
5,1575 5,1908
37 19:22
4,4314 4,4636
4,0433 4,0755
4,5260 4,5579
5,1577 5,1910
38 19:23
4,4314 4,4636
4,0427 4,0754
4,5260 4,5579
5,1577 5,1910
39 19:24
4,4313 4,4635
4,0426 4,0753
4,5259 4,5579
5,1579 5,1912
40 19:25
4,4311 4,4633
4,0427 4,0751
4,5257 4,5579
5,1573 5,1906
41 19:26
4,4309 4,4635
4,0424 4,0754
4,5256 4,5579
5,1565 5,1902
42 19:27
4,4309 4,4635
4,0426 4,0753
4,5255 4,5579
5,1565 5,1902
43 19:28
4,4310 4,4637
4,0422 4,0751
4,5255 4,5579
5,1565 5,1904
44 19:29
4,4309 4,4635
4,0420 4,0750
4,5256 4,5579
5,1565 5,1902
45 19:30
4,4309 4,4635
4,0422 4,0750
4,5261 4,5579
5,1559 5,1896
46 19:31
4,4310 4,4635
4,0423 4,0748
4,5260 4,5579
5,1560 5,1896
47 19:32
4,4310 4,4635
4,0420 4,0746
4,5260 4,5579
5,1560 5,1896
48 19:33
4,4310 4,4635
4,0416 4,0746
4,5260 4,5579
5,1560 5,1896
49 19:34
4,4310 4,4633
4,0416 4,0744
4,5263 4,5579
5,1560 5,1894
50 19:35
4,4310 4,4633
4,0416 4,0744
4,5260 4,5579
5,1557 5,1890
51 19:36
4,4310 4,4633
4,0416 4,0744
4,5265 4,5579
5,1554 5,1888
52 19:37
4,4310 4,4633
4,0416 4,0744
4,5260 4,5579
5,1548 5,1882
53 19:38
4,4309 4,4634
4,0419 4,0749
4,5264 4,5579
5,1553 5,1889
54 19:39
4,4309 4,4634
4,0419 4,0749
4,5264 4,5579
5,1553 5,1889
55 19:40
4,4310 4,4633
4,0416 4,0744
4,5265 4,5579
5,1554 5,1887
56 19:41
4,4310 4,4633
4,0416 4,0744
4,5265 4,5579
5,1548 5,1882
57 19:42
4,4310 4,4633
4,0416 4,0744
4,5265 4,5579
5,1548 5,1882
58 19:43
4,4310 4,4632
4,0421 4,0743
4,5265 4,5579
5,1548 5,1881
59 19:44
4,4310 4,4632
4,0417 4,0743
4,5260 4,5579
5,1548 5,1881
60 19:45
4,4294 4,4653
4,0406 4,0766
4,5244 4,5579
5,1529 5,1904
61 19:46
4,4310 4,4633
4,0416 4,0743
4,5260 4,5579
5,1548 5,1882
62 19:47
4,4310 4,4633
4,0416 4,0744
4,5265 4,5579
5,1551 5,1884
63 19:48
4,4310 4,4633
4,0416 4,0744
4,5265 4,5579
5,1553 5,1886
64 19:49
4,4308 4,4634
4,0416 4,0746
4,5265 4,5579
5,1552 5,1889
65 19:50
4,4308 4,4634
4,0416 4,0746
4,5265 4,5579
5,1552 5,1889
66 19:51
4,4308 4,4634
4,0416 4,0746
4,5265 4,5579
5,1552 5,1889
67 19:52
4,4308 4,4634
4,0414 4,0745
4,5263 4,5579
5,1558 5,1895
68 19:53
4,4308 4,4634
4,0411 4,0738
4,5260 4,5579
5,1564 5,1901
69 19:54
4,4310 4,4635
4,0409 4,0735
4,5255 4,5579
5,1570 5,1903
70 19:55
4,4307 4,4634
4,0413 4,0741
4,5257 4,5579
5,1569 5,1907
71 19:56
4,4307 4,4633
4,0415 4,0745
4,5259 4,5579
5,1563 5,1900
72 19:57
4,4308 4,4634
4,0417 4,0744
4,5264 4,5579
5,1570 5,1907
73 19:58
4,4309 4,4634
4,0415 4,0744
4,5264 4,5579
5,1571 5,1907
74 19:59
4,4315 4,4642
4,0420 4,0747
4,5266 4,5579
5,1583 5,1916
75 20:00
4,4315 4,4642
4,0417 4,0749
4,5266 4,5579
5,1566 5,1904
76 20:01
4,4316 4,4642
4,0422 4,0751
4,5267 4,5579
5,1567 5,1904
77 20:02
4,4316 4,4642
4,0423 4,0753
4,5268 4,5579
5,1572 5,1911
78 20:03
4,4316 4,4642
4,0423 4,0749
4,5268 4,5579
5,1573 5,1910
79 20:04
4,4316 4,4642
4,0423 4,0753
4,5268 4,5579
5,1578 5,1911
80 20:05
4,4316 4,4642
4,0423 4,0753
4,5268 4,5579
5,1579 5,1916
81 20:06
4,4316 4,4642
4,0423 4,0749
4,5267 4,5579
5,1573 5,1910
82 20:07
4,4316 4,4642
4,0423 4,0749
4,5273 4,5579
5,1573 5,1910
83 20:08
4,4316 4,4642
4,0419 4,0749
4,5273 4,5579
5,1573 5,1910
84 20:09
4,4316 4,4641
4,0418 4,0748
4,5266 4,5579
5,1577 5,1910
85 20:10
4,4316 4,4642
4,0419 4,0749
4,5267 4,5579
5,1578 5,1911
86 20:11
4,4317 4,4642
4,0422 4,0747
4,5268 4,5579
5,1580 5,1916
87 20:12
4,4316 4,4641
4,0422 4,0748
4,5267 4,5579
5,1573 5,1909
88 20:13
4,4315 4,4639
4,0425 4,0751
4,5272 4,5579
5,1572 5,1907
89 20:14
4,4313 4,4637
4,0423 4,0749
4,5270 4,5579
5,1570 5,1905
90 20:15
4,4315 4,4639
4,0422 4,0750
4,5272 4,5579
5,1568 5,1904
91 20:16
4,4314 4,4639
4,0419 4,0748
4,5269 4,5579
5,1571 5,1907
92 20:17
4,4313 4,4636
4,0422 4,0749
4,5268 4,5579
5,1563 5,1896
93 20:18
4,4316 4,4641
4,0425 4,0754
4,5271 4,5579
5,1567 5,1903
94 20:19
4,4317 4,4642
4,0426 4,0756
4,5272 4,5579
5,1568 5,1904
95 20:20
4,4315 4,4639
4,0426 4,0754
4,5272 4,5579
5,1566 5,1901
96 20:21
4,4314 4,4638
4,0425 4,0753
4,5271 4,5579
5,1565 5,1900
97 20:22
4,4316 4,4639
4,0429 4,0756
4,5271 4,5579
5,1567 5,1901
98 20:23
4,4314 4,4637
4,0427 4,0755
4,5269 4,5579
5,1566 5,1899
99 20:24
4,4313 4,4637
4,0426 4,0751
4,5269 4,5579
5,1568 5,1901
100 20:25
4,4313 4,4637
4,0426 4,0755
4,5270 4,5579
5,1567 5,1900
101 20:26
4,4314 4,4637
4,0431 4,0755
4,5269 4,5579
5,1567 5,1900
102 20:27
4,4313 4,4636
4,0430 4,0754
4,5272 4,5579
5,1569 5,1902
103 20:28
4,4313 4,4635
4,0426 4,0753
4,5273 4,5579
5,1569 5,1902
104 20:29
4,4317 4,4642
4,0430 4,0760
4,5276 4,5579
5,1568 5,1903
105 20:30
4,4316 4,4642
4,0430 4,0760
4,5276 4,5579
5,1573 5,1910
106 20:31
4,4317 4,4642
4,0426 4,0751
4,5276 4,5579
5,1574 5,1910
107 20:32
4,4317 4,4642
4,0422 4,0751
4,5272 4,5579
5,1573 5,1910
108 20:33
4,4316 4,4641
4,0421 4,0750
4,5271 4,5579
5,1573 5,1908
109 20:34
4,4317 4,4642
4,0425 4,0752
4,5272 4,5579
5,1574 5,1910
110 20:35
4,4316 4,4641
4,0423 4,0751
4,5273 4,5579
5,1573 5,1908
111 20:36
4,4317 4,4642
4,0424 4,0751
4,5270 4,5579
5,1574 5,1910
112 20:37
4,4315 4,4641
4,0426 4,0756
4,5267 4,5579
5,1572 5,1905
113 20:38
4,4317 4,4644
4,0426 4,0754
4,5267 4,5579
5,1579 5,1913
114 20:39
4,4317 4,4644
4,0426 4,0757
4,5272 4,5579
5,1579 5,1912
115 20:40
4,4314 4,4640
4,0427 4,0754
4,5271 4,5579
5,1571 5,1908
116 20:41
4,4314 4,4641
4,0429 4,0759
4,5269 4,5579
5,1576 5,1909
117 20:42
4,4314 4,4641
4,0427 4,0758
4,5269 4,5579
5,1573 5,1909
118 20:43
4,4296 4,4652
4,0412 4,0770
4,5251 4,5579
5,1557 5,1923
119 20:44
4,4296 4,4652
4,0412 4,0770
4,5248 4,5579
5,1557 5,1923
120 20:45
4,4314 4,4641
4,0427 4,0759
4,5269 4,5579
5,1577 5,1915
121 20:46
4,4314 4,4641
4,0426 4,0755
4,5269 4,5579
5,1577 5,1915
122 20:47
4,4296 4,4652
4,0412 4,0770
4,5256 4,5579
5,1561 5,1928
123 20:48
4,4314 4,4641
4,0427 4,0755
4,5273 4,5579
5,1577 5,1914
124 20:49
4,4296 4,4653
4,0410 4,0767
4,5256 4,5579
5,1561 5,1928
125 20:50
4,4295 4,4651
4,0411 4,0769
4,5255 4,5579
5,1562 5,1934
126 20:51
4,4295 4,4651
4,0411 4,0769
4,5255 4,5579
5,1556 5,1928
127 20:52
4,4295 4,4651
4,0411 4,0769
4,5255 4,5579
5,1562 5,1934
128 20:53
4,4295 4,4651
4,0411 4,0765
4,5255 4,5579
5,1558 5,1927
129 20:54
4,4296 4,4653
4,0410 4,0765
4,5256 4,5579
5,1557 5,1929
130 20:55
4,4314 4,4641
4,0427 4,0759
4,5278 4,5579
5,1581 5,1920
131 20:56
4,4314 4,4641
4,0427 4,0759
4,5278 4,5579
5,1582 5,1915
132 20:57
4,4314 4,4641
4,0423 4,0754
4,5273 4,5579
5,1577 5,1915
133 20:58
4,4314 4,4641
4,0424 4,0752
4,5271 4,5579
5,1582 5,1915
134 20:59
4,4314 4,4640
4,0425 4,0755
4,5275 4,5579
5,1583 5,1920
135 21:00
4,4318 4,4641
4,0429 4,0754
4,5277 4,5579
5,1587 5,1920
136 21:01
4,4316 4,4640
4,0427 4,0755
4,5273 4,5579
5,1591 5,1926
137 21:02
4,4316 4,4640
4,0429 4,0754
4,5273 4,5579
5,1585 5,1920
138 21:03
4,4316 4,4640
4,0427 4,0751
4,5272 4,5579
5,1585 5,1920
139 21:04
4,4316 4,4640
4,0427 4,0755
4,5277 4,5579
5,1593 5,1927
140 21:05
4,4309 4,4636
4,0418 4,0749
4,5264 4,5579
5,1583 5,1921
141 21:06
4,4309 4,4636
4,0418 4,0749
4,5264 4,5579
5,1577 5,1915
142 21:07
4,4309 4,4636
4,0418 4,0749
4,5264 4,5579
5,1576 5,1909
143 21:08
4,4309 4,4636
4,0415 4,0746
4,5260 4,5579
5,1571 5,1909
144 21:09
4,4306 4,4634
4,0414 4,0746
4,5261 4,5579
5,1563 5,1903
145 21:10
4,4306 4,4634
4,0416 4,0745
4,5261 4,5579
5,1569 5,1909
146 21:11
4,4306 4,4634
4,0416 4,0745
4,5257 4,5579
5,1568 5,1907
147 21:12
4,4307 4,4636
4,0416 4,0749
4,5257 4,5579
5,1569 5,1909
148 21:13
4,4291 4,4648
4,0405 4,0760
4,5241 4,5579
5,1555 5,1922
149 21:14
4,4307 4,4636
4,0413 4,0746
4,5257 4,5579
5,1575 5,1915
150 21:15
4,4307 4,4636
4,0413 4,0746
4,5262 4,5579
5,1575 5,1915
151 21:16
4,4307 4,4636
4,0409 4,0742
4,5257 4,5579
5,1577 5,1914
152 21:17
4,4307 4,4635
4,0415 4,0747
4,5259 4,5579
5,1577 5,1916
153 21:18
4,4306 4,4636
4,0417 4,0751
4,5253 4,5579
5,1581 5,1921
154 21:19
4,4306 4,4636
4,0417 4,0751
4,5253 4,5579
5,1580 5,1917
155 21:20
4,4308 4,4637
4,0418 4,0748
4,5251 4,5579
5,1581 5,1922
156 21:21
4,4307 4,4636
4,0413 4,0746
4,5252 4,5579
5,1581 5,1915
157 21:22
4,4309 4,4636
4,0418 4,0747
4,5250 4,5579
5,1582 5,1921
158 21:23
4,4309 4,4636
4,0415 4,0746
4,5251 4,5579
5,1583 5,1921
159 21:24
4,4309 4,4636
4,0417 4,0747
4,5250 4,5579
5,1583 5,1921
160 21:25
4,4296 4,4651
4,0404 4,0760
4,5236 4,5579
5,1567 5,1938
161 21:26
4,4295 4,4650
4,0403 4,0759
4,5239 4,5579
5,1566 5,1937
162 21:27
4,4295 4,4649
4,0404 4,0756
4,5237 4,5579
5,1568 5,1938
163 21:28
4,4295 4,4649
4,0403 4,0758
4,5237 4,5579
5,1574 5,1944
164 21:29
4,4295 4,4649
4,0404 4,0756
4,5237 4,5579
5,1574 5,1944
165 21:30
4,4306 4,4634
4,0410 4,0742
4,5248 4,5579
5,1586 5,1919
166 21:31
4,4307 4,4634
4,0409 4,0740
4,5248 4,5579
5,1581 5,1919
167 21:32
4,4307 4,4634
4,0405 4,0736
4,5252 4,5579
5,1581 5,1919
168 21:33
4,4292 4,4648
4,0393 4,0750
4,5233 4,5579
5,1564 5,1933
169 21:34
4,4292 4,4648
4,0393 4,0750
4,5230 4,5579
5,1564 5,1935
170 21:35
4,4292 4,4648
4,0389 4,0746
4,5230 4,5579
5,1565 5,1937
171 21:36
4,4293 4,4650
4,0394 4,0751
4,5229 4,5579
5,1564 5,1937
172 21:37
4,4307 4,4634
4,0409 4,0736
4,5248 4,5579
5,1581 5,1919
173 21:38
4,4307 4,4634
4,0409 4,0736
4,5248 4,5579
5,1581 5,1919
174 21:39
4,4307 4,4634
4,0409 4,0736
4,5244 4,5579
5,1581 5,1919
175 21:40
4,4292 4,4648
4,0395 4,0751
4,5230 4,5579
5,1564 5,1935
176 21:41
4,4292 4,4648
4,0393 4,0746
4,5230 4,5579
5,1564 5,1935
177 21:42
4,4293 4,4650
4,0390 4,0748
4,5229 4,5579
5,1564 5,1937
178 21:43
4,4293 4,4650
4,0396 4,0751
4,5225 4,5579
5,1570 5,1938
179 21:44
4,4307 4,4634
4,0405 4,0736
4,5238 4,5573
5,1585 5,1918
180 21:45
4,4307 4,4634
4,0409 4,0736
4,5238 4,5571
5,1585 5,1918
181 21:46
4,4307 4,4634
4,0409 4,0736
4,5238 4,5571
5,1581 5,1919
182 21:47
4,4307 4,4634
4,0409 4,0736
4,5238 4,5571
5,1581 5,1919
183 21:48
4,4307 4,4634
4,0409 4,0736
4,5238 4,5571
5,1585 5,1925
184 21:49
4,4288 4,4653
4,0393 4,0755
4,5220 4,5579
5,1559 5,1941
185 21:50
4,4288 4,4652
4,0393 4,0756
4,5220 4,5579
5,1565 5,1946
186 21:51
4,4288 4,4652
4,0393 4,0758
4,5226 4,5579
5,1565 5,1946
187 21:52
4,4288 4,4652
4,0393 4,0758
4,5224 4,5579
5,1565 5,1946
188 21:53
4,4288 4,4652
4,0393 4,0758
4,5220 4,5579
5,1565 5,1946
189 21:54
4,4288 4,4652
4,0393 4,0754
4,5222 4,5579
5,1565 5,1946
190 21:55
4,4288 4,4652
4,0393 4,0758
4,5226 4,5579
5,1565 5,1946
191 21:56
4,4307 4,4634
4,0413 4,0740
4,5243 4,5576
5,1581 5,1924
192 21:57
4,4307 4,4634
4,0409 4,0736
4,5243 4,5576
5,1581 5,1919
193 21:58
4,4307 4,4634
4,0406 4,0738
4,5243 4,5576
5,1575 5,1913
194 21:59
4,4307 4,4634
4,0405 4,0736
4,5243 4,5577
5,1575 5,1913
195 22:00
4,4306 4,4635
4,0408 4,0737
4,5240 4,5578
5,1574 5,1914
196 22:01
4,4307 4,4634
4,0405 4,0736
4,5243 4,5576
5,1569 5,1907
197 22:02
4,4306 4,4634
4,0406 4,0738
4,5239 4,5573
5,1562 5,1901
198 22:03
4,4306 4,4634
4,0406 4,0738
4,5239 4,5573
5,1562 5,1901
199 22:04
4,4292 4,4652
4,0397 4,0755
4,5219 4,5579
5,1553 5,1929
200 22:05
4,4292 4,4652
4,0397 4,0755
4,5225 4,5579
5,1553 5,1929
201 22:06
4,4305 4,4636
4,0408 4,0740
4,5242 4,5579
5,1563 5,1912
202 22:07
4,4307 4,4636
4,0409 4,0738
4,5238 4,5573
5,1561 5,1902
203 22:08
4,4307 4,4636
4,0405 4,0738
4,5244 4,5574
5,1569 5,1903
204 22:09
4,4306 4,4635
4,0408 4,0737
4,5243 4,5573
5,1568 5,1908
205 22:10
4,4306 4,4635
4,0404 4,0737
4,5243 4,5575
5,1568 5,1908
206 22:11
4,4304 4,4634
4,0408 4,0738
4,5241 4,5572
5,1566 5,1907
207 22:12
4,4306 4,4635
4,0408 4,0737
4,5237 4,5572
5,1568 5,1901
208 22:13
4,4306 4,4635
4,0408 4,0737
4,5237 4,5572
5,1561 5,1900
209 22:14
4,4307 4,4636
4,0409 4,0738
4,5243 4,5578
5,1557 5,1897
210 22:15
4,4306 4,4636
4,0410 4,0740
4,5244 4,5579
5,1562 5,1903
211 22:16
4,4306 4,4636
4,0410 4,0740
4,5243 4,5578
5,1563 5,1899
212 22:17
4,4306 4,4635
4,0408 4,0737
4,5242 4,5577
5,1562 5,1902
213 22:18
4,4305 4,4635
4,0409 4,0739
4,5238 4,5574
5,1555 5,1896
214 22:19
4,4305 4,4635
4,0409 4,0739
4,5238 4,5574
5,1555 5,1896
215 22:20
4,4304 4,4634
4,0408 4,0738
4,5236 4,5577
5,1560 5,1895
216 22:21
4,4305 4,4635
4,0409 4,0739
4,5237 4,5578
5,1555 5,1896
217 22:22
4,4304 4,4634
4,0408 4,0742
4,5237 4,5573
5,1554 5,1902
218 22:23
4,4303 4,4633
4,0411 4,0741
4,5235 4,5576
5,1559 5,1901
219 22:24
4,4303 4,4633
4,0411 4,0745
4,5241 4,5577
5,1559 5,1901
220 22:25
4,4303 4,4633
4,0411 4,0741
4,5244 4,5579
5,1559 5,1901
221 22:26
4,4294 4,4646
4,0403 4,0753
4,5231 4,5579
5,1550 5,1914
222 22:27
4,4276 4,4655
4,0384 4,0759
4,5211 4,5579
5,1527 5,1925
223 22:28
4,4276 4,4655
4,0384 4,0761
4,5211 4,5579
5,1527 5,1921
224 22:29
4,4302 4,4634
4,0410 4,0746
4,5244 4,5579
5,1559 5,1900
225 22:30
4,4301 4,4631
4,0413 4,0743
4,5230 4,5566
5,1559 5,1902
226 22:31
4,4301 4,4631
4,0413 4,0747
4,5230 4,5570
5,1556 5,1897
227 22:32
4,4300 4,4630
4,0412 4,0746
4,5229 4,5569
5,1556 5,1896
228 22:33
4,4299 4,4629
4,0411 4,0745
4,5231 4,5572
5,1560 5,1895
229 22:34
4,4299 4,4629
4,0411 4,0745
4,5231 4,5572
5,1560 5,1895
230 22:35
Definite connection error