#======================
2023-5-2
# 1.EUR, 2.USD, 3.CHF, 4.GBP
Sell Price, Buy Price
1 20:04
4,5601 4,5947
4,1452 4,1798
4,6402 4,6758
5,1728 5,2088
#======================
2023-5-2
# 1.EUR, 2.USD, 3.CHF, 4.GBP
Sell Price, Buy Price
1 21:04
4,5615 4,5937
4,1448 4,1772
4,6410 4,6739
5,1720 5,2054
2 21:05
4,5609 4,5943
4,1440 4,1777
4,6405 4,6745
5,1707 5,2055
3 21:06
4,5615 4,5937
4,1445 4,1767
4,6409 4,6738
5,1713 5,2047
4 21:07
4,5615 4,5937
4,1452 4,1774
4,6409 4,6738
5,1713 5,2047
5 21:08
4,5613 4,5944
4,1447 4,1783
4,6407 4,6744
5,1717 5,2061
6 21:09
4,5613 4,5944
4,1452 4,1787
4,6407 4,6744
5,1724 5,2067
7 21:10
4,5613 4,5944
4,1447 4,1783
4,6407 4,6744
5,1730 5,2073
8 21:11
4,5614 4,5936
4,1450 4,1772
4,6409 4,6738
5,1735 5,2069
9 21:12
4,5616 4,5938
4,1451 4,1773
4,6415 4,6744
5,1738 5,2072
10 21:13
4,5616 4,5938
4,1457 4,1779
4,6415 4,6744
5,1738 5,2072
11 21:14
4,5608 4,5947
4,1446 4,1786
4,6407 4,6752
5,1729 5,2081
12 21:15
4,5609 4,5946
4,1447 4,1785
4,6409 4,6753
5,1736 5,2086
13 21:16
4,5609 4,5946
4,1451 4,1789
4,6408 4,6751
5,1736 5,2086
14 21:17
4,5609 4,5945
4,1456 4,1793
4,6410 4,6756
5,1740 5,2086
15 21:18
4,5609 4,5945
4,1452 4,1792
4,6410 4,6752
5,1744 5,2089
