#======================
2023-8-4
# 1.EUR, 2.USD, 3.CHF, 4.GBP
Sell Price, Buy Price
1 12:00
4,4278 4,4601
4,0454 4,0776
4,6083 4,6413
5,1437 5,1771
2 12:01
4,4274 4,4597
4,0447 4,0769
4,6077 4,6408
5,1430 5,1764
3 12:02
4,4271 4,4594
4,0447 4,0769
4,6074 4,6405
5,1430 5,1764
4 12:03
4,4271 4,4594
4,0446 4,0768
4,6078 4,6409
5,1420 5,1754
5 12:04
4,4271 4,4594
4,0446 4,0768
4,6074 4,6405
5,1415 5,1749
6 12:05
4,4263 4,4586
4,0441 4,0763
4,6066 4,6397
5,1404 5,1738
7 12:06
4,4276 4,4599
4,0451 4,0773
4,6082 4,6412
5,1418 5,1752
8 12:07
4,4288 4,4611
4,0463 4,0785
4,6094 4,6424
5,1427 5,1761
9 12:08
Connection error x5
1 12:48
4,4269 4,4592
4,0440 4,0763
4,6081 4,6412
5,1391 5,1726
2 12:49
4,4267 4,4590
4,0443 4,0766
4,6079 4,6410
5,1390 5,1725
3 12:50
4,4249 4,4572
4,0426 4,0749
4,6065 4,6396
5,1368 5,1703
4 12:51
4,4261 4,4584
4,0441 4,0764
4,6081 4,6412
5,1387 5,1722
5 12:52
4,4275 4,4598
4,0459 4,0782
4,6097 4,6428
5,1407 5,1742
6 12:53
4,4280 4,4603
4,0464 4,0787
4,6103 4,6434
5,1414 5,1749
7 12:54
4,4280 4,4603
4,0466 4,0789
4,6103 4,6434
5,1414 5,1749
8 12:55
4,4285 4,4608
4,0475 4,0798
4,6110 4,6441
5,1419 5,1754
9 12:56
4,4300 4,4623
4,0493 4,0816
4,6135 4,6466
5,1440 5,1773
10 12:57
4,4304 4,4627
4,0497 4,0820
4,6137 4,6468
5,1443 5,1776
11 12:58
4,4303 4,4626
4,0492 4,0815
4,6136 4,6467
5,1457 5,1790
12 12:59
4,4303 4,4626
4,0488 4,0811
4,6138 4,6469
5,1453 5,1786
13 13:00
4,4304 4,4627
4,0482 4,0805
4,6130 4,6461
5,1446 5,1779
14 13:01
4,4294 4,4617
4,0472 4,0795
4,6118 4,6447
5,1426 5,1761
15 13:02
4,4294 4,4617
4,0476 4,0799
4,6121 4,6450
5,1430 5,1765
16 13:03
4,4295 4,4618
4,0477 4,0800
4,6114 4,6443
5,1434 5,1769
17 13:04
4,4297 4,4620
4,0481 4,0804
4,6121 4,6450
5,1433 5,1768
18 13:05
4,4297 4,4620
4,0481 4,0804
4,6123 4,6452
5,1434 5,1769
19 13:06
4,4286 4,4609
4,0474 4,0797
4,6112 4,6444
5,1426 5,1760
20 13:07
Connection error x5
1 13:20
4,4286 4,4609
4,0472 4,0795
4,6119 4,6448
5,1433 5,1767
2 13:21
4,4294 4,4617
4,0483 4,0806
4,6131 4,6462
5,1443 5,1776
3 13:22
4,4295 4,4618
4,0484 4,0807
4,6133 4,6464
5,1443 5,1776
4 13:23
4,4293 4,4616
4,0482 4,0805
4,6134 4,6465
5,1445 5,1778
5 13:24
4,4297 4,4620
4,0490 4,0813
4,6140 4,6471
5,1450 5,1783
6 13:25
4,4307 4,4630
4,0498 4,0821
4,6153 4,6484
5,1461 5,1794
7 13:26
4,4311 4,4634
4,0499 4,0822
4,6156 4,6486
5,1463 5,1796
8 13:27
4,4321 4,4644
4,0502 4,0825
4,6160 4,6490
5,1468 5,1801
9 13:28
4,4320 4,4643
4,0490 4,0813
4,6144 4,6474
5,1463 5,1796
10 13:29
4,4324 4,4647
4,0502 4,0825
4,6158 4,6488
5,1473 5,1806
11 13:30
4,4324 4,4647
4,0507 4,0830
4,6159 4,6489
5,1468 5,1801
12 13:31
4,4325 4,4648
4,0505 4,0828
4,6154 4,6485
5,1464 5,1797
13 13:32
4,4325 4,4648
4,0501 4,0824
4,6147 4,6478
5,1458 5,1791
14 13:33
4,4326 4,4649
4,0504 4,0827
4,6148 4,6479
5,1462 5,1795
15 13:34
4,4326 4,4649
4,0502 4,0825
4,6145 4,6476
5,1464 5,1797
16 13:35
4,4325 4,4648
4,0503 4,0826
4,6157 4,6488
5,1464 5,1797
17 13:36
4,4305 4,4628
4,0481 4,0804
4,6133 4,6464
5,1443 5,1777
18 13:37
4,4304 4,4627
4,0483 4,0806
4,6139 4,6470
5,1447 5,1781
19 13:38
4,4305 4,4628
4,0486 4,0809
4,6133 4,6464
5,1445 5,1779
20 13:39
4,4305 4,4628
4,0488 4,0811
4,6138 4,6469
5,1446 5,1780
21 13:40
4,4305 4,4628
4,0487 4,0810
4,6148 4,6479
5,1449 5,1783
22 13:41
4,4304 4,4627
4,0485 4,0808
4,6132 4,6463
5,1447 5,1782
23 13:42
4,4306 4,4629
4,0481 4,0804
4,6132 4,6463
5,1446 5,1781
24 13:43
4,4305 4,4628
4,0480 4,0803
4,6128 4,6459
5,1451 5,1786
25 13:44
4,4305 4,4628
4,0488 4,0811
4,6131 4,6462
5,1455 5,1790
26 13:45
4,4305 4,4628
4,0484 4,0807
4,6133 4,6464
5,1454 5,1789
27 13:46
4,4304 4,4627
4,0485 4,0808
4,6127 4,6457
5,1448 5,1782
28 13:47
4,4295 4,4618
4,0475 4,0798
4,6118 4,6448
5,1440 5,1774
29 13:48
4,4300 4,4623
4,0485 4,0808
4,6127 4,6457
5,1449 5,1783
30 13:49
4,4300 4,4623
4,0491 4,0814
4,6133 4,6463
5,1450 5,1784
31 13:50
4,4300 4,4623
4,0492 4,0815
4,6142 4,6472
5,1446 5,1780
32 13:51
4,4300 4,4623
4,0493 4,0816
4,6142 4,6473
5,1455 5,1788
33 13:52
4,4295 4,4618
4,0485 4,0808
4,6142 4,6473
5,1447 5,1780
34 13:53
4,4292 4,4615
4,0478 4,0801
4,6132 4,6463
5,1443 5,1776
35 13:54
4,4294 4,4617
4,0482 4,0805
4,6132 4,6463
5,1441 5,1774
36 13:55
4,4295 4,4618
4,0482 4,0805
4,6132 4,6463
5,1440 5,1773
37 13:56
4,4298 4,4621
4,0482 4,0805
4,6135 4,6465
5,1444 5,1779
38 13:57
4,4295 4,4618
4,0484 4,0807
4,6139 4,6469
5,1439 5,1774
39 13:58
4,4296 4,4619
4,0487 4,0810
4,6143 4,6473
5,1441 5,1776
40 13:59
4,4302 4,4625
4,0499 4,0822
4,6148 4,6478
5,1449 5,1784
41 14:00
4,4302 4,4625
4,0501 4,0824
4,6150 4,6480
5,1449 5,1784
42 14:01
4,4300 4,4623
4,0502 4,0825
4,6148 4,6478
5,1444 5,1777
43 14:02
4,4301 4,4624
4,0507 4,0830
4,6151 4,6481
5,1453 5,1786
44 14:03
4,4301 4,4624
4,0501 4,0824
4,6148 4,6478
5,1440 5,1773
45 14:04
4,4288 4,4611
4,0486 4,0809
4,6132 4,6462
5,1415 5,1748
46 14:05
4,4292 4,4615
4,0486 4,0809
4,6142 4,6472
5,1417 5,1750
47 14:06
4,4293 4,4616
4,0487 4,0810
4,6138 4,6469
5,1415 5,1748
48 14:07
4,4293 4,4616
4,0479 4,0802
4,6130 4,6461
5,1414 5,1747
49 14:08
4,4293 4,4616
4,0467 4,0790
4,6136 4,6467
5,1424 5,1757
50 14:09
4,4294 4,4617
4,0467 4,0790
4,6142 4,6473
5,1428 5,1761
51 14:10
4,4299 4,4622
4,0470 4,0793
4,6151 4,6482
5,1427 5,1760
52 14:11
4,4299 4,4622
4,0464 4,0787
4,6153 4,6483
5,1427 5,1760
53 14:12
4,4307 4,4630
4,0477 4,0800
4,6157 4,6487
5,1430 5,1763
54 14:13
4,4306 4,4629
4,0478 4,0801
4,6160 4,6490
5,1438 5,1771
55 14:14
4,4305 4,4628
4,0492 4,0815
4,6162 4,6492
5,1443 5,1776
56 14:15
4,4306 4,4629
4,0478 4,0801
4,6158 4,6488
5,1441 5,1774
57 14:16
4,4305 4,4628
4,0473 4,0796
4,6160 4,6490
5,1433 5,1767
58 14:17
4,4303 4,4626
4,0468 4,0791
4,6143 4,6473
5,1432 5,1766
59 14:18
4,4301 4,4624
4,0470 4,0793
4,6136 4,6466
5,1430 5,1764
60 14:19
4,4302 4,4625
4,0467 4,0790
4,6142 4,6472
5,1431 5,1765
61 14:20
4,4304 4,4627
4,0469 4,0792
4,6144 4,6474
5,1435 5,1769
62 14:21
4,4302 4,4625
4,0459 4,0782
4,6156 4,6487
5,1428 5,1761
63 14:22
Connection error x5
1 14:58
4,4169 4,4492
4,0180 4,0503
4,6033 4,6364
5,1245 5,1579
2 14:59
4,4172 4,4495
4,0177 4,0500
4,6042 4,6373
5,1259 5,1593
3 15:00
4,4206 4,4529
4,0221 4,0544
4,6074 4,6405
5,1302 5,1636
4 15:01
4,4210 4,4535
4,0238 4,0561
4,6085 4,6416
5,1314 5,1649
5 15:02
4,4214 4,4539
4,0234 4,0557
4,6079 4,6410
5,1308 5,1643
6 15:03
4,4203 4,4528
4,0198 4,0521
4,6072 4,6403
5,1291 5,1626
7 15:04
4,4203 4,4528
4,0195 4,0518
4,6077 4,6408
5,1295 5,1630
8 15:05
4,4206 4,4531
4,0189 4,0512
4,6084 4,6415
5,1287 5,1622
9 15:06
4,4205 4,4528
4,0172 4,0495
4,6080 4,6411
5,1300 5,1633
10 15:07
4,4214 4,4537
4,0170 4,0493
4,6078 4,6409
5,1307 5,1640
11 15:08
4,4189 4,4512
4,0115 4,0438
4,6044 4,6375
5,1264 5,1597
12 15:09
4,4186 4,4509
4,0116 4,0439
4,6033 4,6364
5,1269 5,1602
13 15:10
4,4180 4,4503
4,0122 4,0445
4,6032 4,6363
5,1257 5,1590
14 15:11
4,4178 4,4501
4,0122 4,0445
4,6011 4,6342
5,1252 5,1585
15 15:12
4,4170 4,4493
4,0124 4,0447
4,6003 4,6334
5,1240 5,1573
16 15:13
4,4146 4,4469
4,0091 4,0414
4,5978 4,6309
5,1211 5,1544
17 15:14
4,4148 4,4471
4,0065 4,0388
4,5979 4,6310
5,1210 5,1543
18 15:15
4,4150 4,4473
4,0054 4,0377
4,5986 4,6317
5,1206 5,1539
19 15:16
4,4150 4,4473
4,0072 4,0395
4,5985 4,6315
5,1210 5,1543
20 15:17
4,4172 4,4495
4,0084 4,0407
4,6003 4,6333
5,1227 5,1560
21 15:18
4,4156 4,4479
4,0075 4,0398
4,5993 4,6323
5,1221 5,1554
22 15:19
4,4158 4,4481
4,0075 4,0398
4,5990 4,6320
5,1211 5,1544
23 15:20
4,4152 4,4475
4,0077 4,0400
4,5991 4,6321
5,1201 5,1534
24 15:21
4,4158 4,4481
4,0090 4,0413
4,6000 4,6330
5,1215 5,1548
25 15:22
4,4152 4,4475
4,0080 4,0403
4,5986 4,6316
5,1205 5,1538
26 15:23
4,4171 4,4494
4,0084 4,0407
4,6007 4,6337
5,1229 5,1562
27 15:24
4,4187 4,4510
4,0110 4,0433
4,6019 4,6349
5,1246 5,1579
28 15:25
4,4212 4,4535
4,0136 4,0459
4,6046 4,6376
5,1278 5,1611
29 15:26
4,4191 4,4514
4,0126 4,0449
4,6024 4,6354
5,1250 5,1583
30 15:27
4,4210 4,4533
4,0122 4,0445
4,6044 4,6374
5,1268 5,1601
31 15:28
4,4206 4,4529
4,0112 4,0435
4,6044 4,6374
5,1260 5,1593
32 15:29
4,4212 4,4535
4,0123 4,0446
4,6054 4,6384
5,1267 5,1600
33 15:30
4,4216 4,4539
4,0118 4,0441
4,6060 4,6390
5,1271 5,1604
34 15:31
4,4209 4,4532
4,0106 4,0429
4,6052 4,6383
5,1262 5,1597
35 15:32
4,4195 4,4518
4,0086 4,0409
4,6042 4,6373
5,1248 5,1583
36 15:33
4,4209 4,4532
4,0106 4,0429
4,6060 4,6391
5,1264 5,1599
37 15:34
4,4223 4,4546
4,0121 4,0444
4,6074 4,6405
5,1285 5,1620
38 15:35
4,4223 4,4546
4,0112 4,0435
4,6082 4,6413
5,1291 5,1626
39 15:36
4,4219 4,4542
4,0113 4,0436
4,6077 4,6407
5,1290 5,1623
40 15:37
4,4222 4,4545
4,0101 4,0424
4,6080 4,6410
5,1287 5,1620
41 15:38
4,4218 4,4541
4,0107 4,0430
4,6077 4,6407
5,1280 5,1613
42 15:39
4,4223 4,4546
4,0104 4,0427
4,6076 4,6406
5,1284 5,1617
43 15:40
4,4216 4,4539
4,0094 4,0417
4,6067 4,6397
5,1275 5,1608
44 15:41
4,4187 4,4510
4,0063 4,0386
4,6040 4,6371
5,1240 5,1575
45 15:42
4,4168 4,4491
4,0058 4,0381
4,6019 4,6350
5,1221 5,1556
46 15:43
4,4179 4,4502
4,0065 4,0388
4,6031 4,6362
5,1228 5,1563
47 15:44
4,4180 4,4503
4,0076 4,0399
4,6037 4,6368
5,1227 5,1562
48 15:45
4,4181 4,4504
4,0068 4,0391
4,6034 4,6365
5,1229 5,1564
49 15:46
4,4181 4,4504
4,0066 4,0389
4,6031 4,6361
5,1228 5,1563
50 15:47
4,4181 4,4504
4,0062 4,0385
4,6035 4,6365
5,1227 5,1562
51 15:48
4,4181 4,4504
4,0072 4,0395
4,6038 4,6368
5,1233 5,1568
52 15:49
4,4178 4,4501
4,0073 4,0396
4,6036 4,6366
5,1230 5,1565
53 15:50
4,4153 4,4476
4,0039 4,0362
4,6013 4,6343
5,1203 5,1538
54 15:51
4,4171 4,4494
4,0057 4,0380
4,6028 4,6358
5,1222 5,1557
55 15:52
4,4172 4,4495
4,0077 4,0400
4,6031 4,6361
5,1225 5,1560
56 15:53
4,4184 4,4507
4,0082 4,0405
4,6048 4,6378
5,1240 5,1575
57 15:54
4,4185 4,4508
4,0081 4,0404
4,6049 4,6379
5,1238 5,1573
58 15:55
4,4186 4,4509
4,0091 4,0414
4,6038 4,6368
5,1242 5,1577
59 15:56
4,4195 4,4518
4,0097 4,0420
4,6054 4,6385
5,1247 5,1580
60 15:57
4,4195 4,4518
4,0108 4,0431
4,6052 4,6383
5,1248 5,1581
61 15:58
4,4195 4,4518
4,0110 4,0433
4,6055 4,6386
5,1239 5,1572
62 15:59
4,4199 4,4522
4,0124 4,0447
4,6059 4,6390
5,1244 5,1577
63 16:00
4,4202 4,4525
4,0135 4,0458
4,6074 4,6405
5,1255 5,1588
64 16:01
4,4220 4,4543
4,0175 4,0498
4,6098 4,6429
5,1278 5,1613
65 16:02
4,4224 4,4547
4,0164 4,0487
4,6090 4,6421
5,1277 5,1612
66 16:03
4,4221 4,4544
4,0150 4,0473
4,6072 4,6403
5,1270 5,1605
67 16:04
4,4226 4,4549
4,0154 4,0477
4,6081 4,6412
5,1282 5,1617
68 16:05
4,4227 4,4550
4,0176 4,0499
4,6089 4,6420
5,1287 5,1622
69 16:06
4,4229 4,4552
4,0170 4,0493
4,6092 4,6422
5,1271 5,1606
70 16:07
4,4238 4,4561
4,0193 4,0516
4,6112 4,6442
5,1290 5,1625
71 16:08
4,4239 4,4562
4,0195 4,0518
4,6110 4,6440
5,1297 5,1632
72 16:09
4,4248 4,4571
4,0206 4,0529
4,6132 4,6462
5,1311 5,1646
73 16:10
4,4243 4,4566
4,0199 4,0522
4,6116 4,6446
5,1299 5,1634
74 16:11
4,4252 4,4575
4,0191 4,0514
4,6131 4,6462
5,1312 5,1647
75 16:12
4,4227 4,4550
4,0178 4,0501
4,6094 4,6425
5,1284 5,1619
76 16:13
4,4230 4,4553
4,0156 4,0479
4,6089 4,6420
5,1280 5,1615
77 16:14
4,4230 4,4553
4,0153 4,0476
4,6079 4,6410
5,1271 5,1606
78 16:15
4,4222 4,4545
4,0156 4,0479
4,6068 4,6399
5,1259 5,1594
79 16:16
4,4219 4,4542
4,0145 4,0468
4,6078 4,6409
5,1255 5,1588
80 16:17
4,4212 4,4535
4,0142 4,0465
4,6070 4,6401
5,1249 5,1582
81 16:18
4,4210 4,4533
4,0135 4,0458
4,6073 4,6404
5,1253 5,1586
82 16:19
4,4210 4,4533
4,0127 4,0450
4,6071 4,6402
5,1259 5,1592
83 16:20
4,4209 4,4532
4,0106 4,0429
4,6065 4,6396
5,1250 5,1583
84 16:21
4,4180 4,4503
4,0086 4,0409
4,6044 4,6375
5,1224 5,1557
85 16:22
4,4188 4,4511
4,0090 4,0413
4,6038 4,6369
5,1227 5,1560
86 16:23
4,4185 4,4508
4,0073 4,0396
4,6034 4,6365
5,1214 5,1547
87 16:24
4,4194 4,4517
4,0087 4,0410
4,6049 4,6380
5,1231 5,1564
88 16:25
4,4161 4,4484
4,0057 4,0380
4,6012 4,6343
5,1183 5,1516
89 16:26
4,4166 4,4489
4,0073 4,0396
4,6015 4,6346
5,1181 5,1514
90 16:27
4,4163 4,4486
4,0075 4,0398
4,6012 4,6343
5,1171 5,1504
91 16:28
4,4171 4,4494
4,0088 4,0411
4,6020 4,6351
5,1186 5,1519
92 16:29
4,4179 4,4502
4,0098 4,0421
4,6034 4,6365
5,1207 5,1540
93 16:30
4,4168 4,4491
4,0087 4,0410
4,6017 4,6348
5,1198 5,1531
94 16:31
4,4159 4,4482
4,0059 4,0382
4,6001 4,6332
5,1184 5,1517
95 16:32
4,4161 4,4484
4,0057 4,0380
4,6002 4,6333
5,1184 5,1517
96 16:33
4,4162 4,4485
4,0051 4,0374
4,6005 4,6336
5,1190 5,1523
97 16:34
4,4160 4,4483
4,0049 4,0372
4,6002 4,6333
5,1203 5,1536
98 16:35
4,4153 4,4476
4,0037 4,0360
4,5994 4,6325
5,1192 5,1525
99 16:36
4,4159 4,4482
4,0046 4,0369
4,5998 4,6329
5,1195 5,1530
100 16:37
4,4159 4,4482
4,0041 4,0364
4,6001 4,6332
5,1193 5,1528
101 16:38
4,4169 4,4492
4,0052 4,0375
4,6011 4,6342
5,1201 5,1536
102 16:39
4,4167 4,4490
4,0057 4,0380
4,6011 4,6342
5,1196 5,1531
103 16:40
4,4166 4,4489
4,0056 4,0379
4,6008 4,6339
5,1191 5,1526
104 16:41
4,4165 4,4488
4,0051 4,0374
4,6009 4,6339
5,1190 5,1524
105 16:42
4,4164 4,4487
4,0062 4,0385
4,5989 4,6319
5,1184 5,1518
106 16:43
4,4162 4,4485
4,0058 4,0381
4,5989 4,6319
5,1184 5,1518
107 16:44
4,4166 4,4489
4,0052 4,0375
4,6007 4,6337
5,1195 5,1529
108 16:45
4,4165 4,4488
4,0050 4,0373
4,6002 4,6332
5,1183 5,1517
109 16:46
4,4166 4,4489
4,0069 4,0392
4,6008 4,6338
5,1188 5,1522
110 16:47
4,4164 4,4487
4,0057 4,0380
4,5984 4,6314
5,1183 5,1517
111 16:48
4,4163 4,4486
4,0063 4,0386
4,5968 4,6298
5,1178 5,1512
112 16:49
4,4163 4,4486
4,0077 4,0400
4,5971 4,6301
5,1177 5,1511
113 16:50
4,4184 4,4507
4,0090 4,0413
4,5988 4,6318
5,1194 5,1528
114 16:51
4,4175 4,4498
4,0068 4,0391
4,5960 4,6290
5,1168 5,1502
115 16:52
4,4180 4,4503
4,0072 4,0395
4,5969 4,6299
5,1169 5,1503
116 16:53
4,4185 4,4508
4,0081 4,0404
4,5984 4,6314
5,1178 5,1512
117 16:54
4,4189 4,4512
4,0084 4,0407
4,5988 4,6318
5,1179 5,1513
118 16:55
4,4191 4,4514
4,0075 4,0398
4,5981 4,6311
5,1180 5,1514
119 16:56
4,4195 4,4518
4,0081 4,0404
4,5971 4,6301
5,1184 5,1518
120 16:57
4,4197 4,4520
4,0090 4,0413
4,5975 4,6305
5,1189 5,1523
121 16:58
4,4195 4,4518
4,0093 4,0416
4,5976 4,6306
5,1187 5,1521
122 16:59
4,4202 4,4525
4,0103 4,0426
4,5983 4,6313
5,1191 5,1525
123 17:00
4,4203 4,4526
4,0097 4,0420
4,5982 4,6312
5,1184 5,1518
124 17:01
4,4197 4,4520
4,0090 4,0413
4,5968 4,6298
5,1174 5,1508
125 17:02
4,4204 4,4527
4,0100 4,0423
4,5976 4,6306
5,1183 5,1517
126 17:03
4,4202 4,4525
4,0109 4,0432
4,5968 4,6298
5,1179 5,1513
127 17:04
4,4202 4,4525
4,0106 4,0429
4,5971 4,6301
5,1181 5,1515
128 17:05
4,4201 4,4524
4,0097 4,0420
4,5967 4,6297
5,1179 5,1513
129 17:06
4,4194 4,4517
4,0085 4,0408
4,5969 4,6299
5,1169 5,1503
130 17:07
4,4198 4,4521
4,0083 4,0406
4,5969 4,6299
5,1166 5,1500
131 17:08
4,4193 4,4516
4,0081 4,0404
4,5955 4,6285
5,1168 5,1502
132 17:09
4,4194 4,4517
4,0085 4,0408
4,5964 4,6294
5,1176 5,1510
133 17:10
4,4193 4,4516
4,0080 4,0403
4,5964 4,6294
5,1173 5,1507
134 17:11
4,4168 4,4491
4,0032 4,0355
4,5928 4,6258
5,1120 5,1454
135 17:12
4,4170 4,4493
4,0051 4,0374
4,5926 4,6256
5,1134 5,1468
136 17:13
4,4156 4,4479
4,0020 4,0343
4,5907 4,6237
5,1108 5,1442
137 17:14
4,4155 4,4478
4,0015 4,0338
4,5898 4,6228
5,1108 5,1442
138 17:15
4,4159 4,4482
4,0011 4,0334
4,5890 4,6220
5,1105 5,1439
139 17:16
4,4160 4,4483
4,0015 4,0338
4,5906 4,6236
5,1108 5,1442
140 17:17
4,4165 4,4488
4,0019 4,0342
4,5906 4,6236
5,1111 5,1445
141 17:18
4,4167 4,4490
4,0019 4,0342
4,5908 4,6238
5,1110 5,1444
142 17:19
4,4159 4,4482
4,0012 4,0335
4,5900 4,6230
5,1106 5,1440
143 17:20
4,4163 4,4486
4,0010 4,0333
4,5899 4,6229
5,1105 5,1439
144 17:21
4,4186 4,4509
4,0033 4,0356
4,5918 4,6248
5,1131 5,1465
145 17:22
4,4178 4,4501
4,0020 4,0343
4,5910 4,6240
5,1116 5,1450
146 17:23
4,4174 4,4497
4,0008 4,0331
4,5908 4,6238
5,1112 5,1446
147 17:24
4,4167 4,4490
4,0006 4,0329
4,5899 4,6229
5,1101 5,1435
148 17:25
4,4167 4,4490
4,0008 4,0331
4,5898 4,6228
5,1106 5,1440
149 17:26
4,4166 4,4489
4,0007 4,0330
4,5893 4,6223
5,1107 5,1441
150 17:27
4,4167 4,4490
4,0011 4,0334
4,5894 4,6224
5,1118 5,1452
151 17:28
4,4166 4,4489
4,0011 4,0334
4,5893 4,6223
5,1125 5,1459
152 17:29
4,4172 4,4495
4,0020 4,0343
4,5908 4,6238
5,1136 5,1470
153 17:30
4,4176 4,4499
4,0021 4,0344
4,5913 4,6243
5,1149 5,1483
154 17:31
4,4176 4,4500
4,0021 4,0344
4,5911 4,6241
5,1158 5,1492
155 17:32
4,4175 4,4498
4,0021 4,0344
4,5921 4,6251
5,1152 5,1486
156 17:33
4,4175 4,4498
4,0020 4,0343
4,5928 4,6258
5,1148 5,1482
157 17:34
4,4173 4,4496
4,0016 4,0339
4,5934 4,6264
5,1149 5,1483
158 17:35
4,4174 4,4497
4,0027 4,0350
4,5931 4,6261
5,1148 5,1482
159 17:36
4,4173 4,4496
4,0021 4,0344
4,5929 4,6259
5,1150 5,1484
160 17:37
4,4172 4,4495
4,0021 4,0344
4,5925 4,6255
5,1151 5,1485
161 17:38
4,4173 4,4496
4,0022 4,0345
4,5926 4,6256
5,1160 5,1494
162 17:39
4,4175 4,4498
4,0019 4,0343
4,5928 4,6258
5,1158 5,1492
163 17:40
4,4173 4,4496
4,0017 4,0341
4,5926 4,6256
5,1154 5,1488
164 17:41
4,4174 4,4497
4,0016 4,0339
4,5925 4,6255
5,1162 5,1496
165 17:42
4,4170 4,4493
4,0005 4,0328
4,5923 4,6253
5,1148 5,1482
166 17:43
4,4166 4,4489
4,0007 4,0330
4,5911 4,6241
5,1149 5,1483
167 17:44
4,4168 4,4491
4,0002 4,0325
4,5924 4,6254
5,1154 5,1488
168 17:45
4,4169 4,4492
4,0002 4,0325
4,5925 4,6255
5,1153 5,1487
169 17:46
4,4160 4,4483
3,9993 4,0316
4,5922 4,6252
5,1146 5,1480
170 17:47
4,4156 4,4479
3,9991 4,0314
4,5916 4,6246
5,1148 5,1482
171 17:48
4,4154 4,4477
3,9996 4,0319
4,5909 4,6239
5,1148 5,1482
172 17:49
4,4153 4,4476
3,9990 4,0313
4,5908 4,6238
5,1144 5,1478
173 17:50
4,4150 4,4473
3,9990 4,0313
4,5905 4,6235
5,1143 5,1477
174 17:51
4,4151 4,4474
3,9992 4,0315
4,5906 4,6236
5,1142 5,1476
175 17:52
4,4155 4,4478
3,9997 4,0320
4,5907 4,6237
5,1140 5,1474
176 17:53
4,4156 4,4479
4,0000 4,0323
4,5914 4,6244
5,1150 5,1484
177 17:54
4,4155 4,4478
4,0004 4,0327
4,5910 4,6240
5,1152 5,1486
178 17:55
4,4158 4,4481
4,0009 4,0332
4,5916 4,6246
5,1162 5,1496
179 17:56
4,4154 4,4477
4,0005 4,0328
4,5916 4,6246
5,1156 5,1490
180 17:57
4,4155 4,4478
4,0008 4,0331
4,5914 4,6244
5,1152 5,1486
181 17:58
4,4154 4,4477
4,0011 4,0334
4,5915 4,6245
5,1142 5,1476
182 17:59
4,4160 4,4483
4,0010 4,0333
4,5922 4,6252
5,1149 5,1483
183 18:00
4,4163 4,4488
4,0015 4,0344
4,5928 4,6260
5,1150 5,1484
184 18:01
4,4160 4,4488
4,0011 4,0344
4,5925 4,6260
5,1143 5,1482
185 18:02
4,4156 4,4483
4,0005 4,0337
4,5916 4,6250
5,1139 5,1477
186 18:03
4,4153 4,4479
3,9997 4,0328
4,5913 4,6246
5,1133 5,1467
187 18:04
4,4150 4,4483
3,9996 4,0330
4,5905 4,6245
5,1127 5,1472
188 18:05
4,4137 4,4464
3,9981 4,0309
4,5893 4,6226
5,1111 5,1449
189 18:06
4,4139 4,4467
3,9984 4,0317
4,5893 4,6233
5,1118 5,1458
190 18:07
4,4137 4,4468
3,9995 4,0331
4,5893 4,6230
5,1129 5,1465
191 18:08
4,4137 4,4467
4,0005 4,0337
4,5891 4,6228
5,1131 5,1469
192 18:09
4,4137 4,4467
4,0012 4,0343
4,5891 4,6228
5,1129 5,1470
193 18:10
4,4136 4,4465
4,0012 4,0345
4,5890 4,6226
5,1134 5,1468
194 18:11
4,4135 4,4470
4,0008 4,0344
4,5889 4,6231
5,1128 5,1475
195 18:12
4,4137 4,4466
4,0010 4,0342
4,5897 4,6238
5,1129 5,1469
196 18:13
4,4138 4,4468
4,0007 4,0341
4,5897 4,6234
5,1130 5,1473
197 18:14
4,4137 4,4467
4,0001 4,0332
4,5894 4,6233
5,1123 5,1464
198 18:15
4,4135 4,4470
3,9997 4,0333
4,5899 4,6241
5,1128 5,1469
199 18:16
4,4137 4,4467
3,9995 4,0329
4,5896 4,6233
5,1121 5,1463
200 18:17
4,4138 4,4472
4,0001 4,0336
4,5896 4,6242
5,1125 5,1470
201 18:18
4,4137 4,4471
4,0001 4,0337
4,5901 4,6242
5,1128 5,1474
202 18:19
4,4137 4,4466
3,9999 4,0333
4,5896 4,6232
5,1129 5,1469
203 18:20
4,4142 4,4470
3,9998 4,0327
4,5901 4,6236
5,1135 5,1474
204 18:21
4,4139 4,4468
3,9993 4,0326
4,5898 4,6234
5,1131 5,1471
205 18:22
4,4140 4,4470
3,9996 4,0331
4,5894 4,6230
5,1133 5,1474
206 18:23
4,4140 4,4469
4,0001 4,0334
4,5896 4,6231
5,1132 5,1472
207 18:24
4,4142 4,4469
4,0007 4,0337
4,5901 4,6235
5,1140 5,1478
208 18:25
4,4143 4,4471
4,0003 4,0334
4,5903 4,6242
5,1142 5,1481
209 18:26
4,4149 4,4475
4,0005 4,0333
4,5914 4,6247
5,1148 5,1482
210 18:27
4,4148 4,4473
4,0002 4,0332
4,5908 4,6240
5,1145 5,1479
211 18:28
4,4145 4,4471
3,9994 4,0325
4,5902 4,6237
5,1138 5,1475
212 18:29
4,4144 4,4469
3,9987 4,0317
4,5900 4,6231
5,1134 5,1468
213 18:30
4,4138 4,4466
3,9982 4,0314
4,5896 4,6234
5,1130 5,1469
214 18:31
4,4138 4,4466
3,9985 4,0317
4,5896 4,6236
5,1124 5,1463
215 18:32
4,4133 4,4466
3,9992 4,0326
4,5892 4,6236
5,1124 5,1464
216 18:33
4,4134 4,4466
3,9989 4,0324
4,5898 4,6237
5,1124 5,1468
217 18:34
4,4132 4,4461
3,9991 4,0325
4,5897 4,6237
5,1123 5,1463
218 18:35
4,4144 4,4473
4,0000 4,0331
4,5913 4,6249
5,1137 5,1477
219 18:36
4,4144 4,4473
4,0001 4,0334
4,5913 4,6253
5,1137 5,1477
220 18:37
4,4148 4,4473
4,0009 4,0339
4,5922 4,6254
5,1148 5,1484
221 18:38
4,4148 4,4476
4,0011 4,0340
4,5923 4,6262
5,1153 5,1492
222 18:39
4,4150 4,4474
4,0013 4,0338
4,5923 4,6259
5,1155 5,1489
223 18:40
4,4152 4,4476
4,0011 4,0340
4,5926 4,6257
5,1160 5,1494
224 18:41
4,4147 4,4477
4,0010 4,0341
4,5916 4,6253
5,1159 5,1500
225 18:42
4,4152 4,4476
4,0011 4,0340
4,5920 4,6252
5,1163 5,1497
226 18:43
4,4151 4,4477
4,0010 4,0341
4,5925 4,6258
5,1162 5,1498
227 18:44
4,4151 4,4474
4,0012 4,0336
4,5925 4,6259
5,1168 5,1502
228 18:45
4,4152 4,4476
4,0004 4,0334
4,5925 4,6261
5,1169 5,1503
229 18:46
4,4150 4,4475
3,9996 4,0326
4,5925 4,6262
5,1159 5,1493
230 18:47
4,4149 4,4475
3,9994 4,0326
4,5918 4,6251
5,1148 5,1484
231 18:48
4,4146 4,4469
3,9993 4,0321
4,5915 4,6245
5,1146 5,1480
232 18:49
4,4145 4,4468
3,9994 4,0319
4,5914 4,6244
5,1147 5,1481
233 18:50
4,4148 4,4471
3,9994 4,0318
4,5921 4,6251
5,1147 5,1481
234 18:51
4,4144 4,4467
3,9994 4,0317
4,5918 4,6248
5,1144 5,1478
235 18:52
4,4144 4,4467
3,9987 4,0310
4,5920 4,6250
5,1143 5,1477
236 18:53
4,4144 4,4467
3,9984 4,0309
4,5918 4,6248
5,1142 5,1476
237 18:54
4,4145 4,4468
3,9998 4,0322
4,5924 4,6254
5,1150 5,1484
238 18:55
4,4146 4,4469
3,9996 4,0323
4,5925 4,6255
5,1153 5,1487
239 18:56
4,4144 4,4467
3,9998 4,0321
4,5926 4,6256
5,1155 5,1489
240 18:57
4,4147 4,4470
4,0002 4,0327
4,5931 4,6261
5,1164 5,1498
241 18:58
4,4149 4,4472
4,0005 4,0329
4,5931 4,6261
5,1166 5,1500
242 18:59
4,4144 4,4467
4,0005 4,0329
4,5925 4,6256
5,1166 5,1500
243 19:00
4,4143 4,4466
4,0003 4,0327
4,5924 4,6254
5,1165 5,1499
244 19:01
4,4142 4,4465
3,9996 4,0319
4,5925 4,6255
5,1164 5,1498
245 19:02
4,4144 4,4467
3,9995 4,0321
4,5917 4,6247
5,1162 5,1496
246 19:03
4,4122 4,4453
3,9978 4,0314
4,5896 4,6239
5,1140 5,1479
247 19:04
4,4140 4,4467
3,9993 4,0326
4,5920 4,6253
5,1160 5,1495
248 19:05
4,4144 4,4473
4,0002 4,0332
4,5929 4,6264
5,1167 5,1507
249 19:06
4,4149 4,4472
4,0005 4,0330
4,5933 4,6263
5,1172 5,1506
250 19:07
4,4151 4,4474
4,0007 4,0332
4,5930 4,6260
5,1174 5,1508
251 19:08
4,4152 4,4475
4,0009 4,0337
4,5931 4,6261
5,1176 5,1510
252 19:09
4,4153 4,4476
4,0005 4,0334
4,5932 4,6262
5,1177 5,1511
253 19:10
4,4158 4,4481
4,0006 4,0335
4,5935 4,6267
5,1183 5,1517
254 19:11
4,4153 4,4476
4,0005 4,0330
4,5927 4,6257
5,1168 5,1505
255 19:12
4,4153 4,4476
4,0005 4,0330
4,5927 4,6257
5,1171 5,1505
256 19:13
4,4155 4,4478
4,0003 4,0328
4,5929 4,6259
5,1173 5,1507
257 19:14
4,4159 4,4483
4,0007 4,0333
4,5929 4,6264
5,1178 5,1513
258 19:15
4,4153 4,4477
4,0001 4,0326
4,5922 4,6253
5,1176 5,1510
259 19:16
4,4154 4,4478
4,0002 4,0327
4,5923 4,6253
5,1177 5,1511
260 19:17
4,4149 4,4476
3,9994 4,0323
4,5918 4,6252
5,1172 5,1510
261 19:18
4,4152 4,4477
3,9997 4,0325
4,5921 4,6253
5,1183 5,1518
262 19:19
4,4154 4,4478
3,9995 4,0324
4,5923 4,6255
5,1183 5,1517
263 19:20
4,4148 4,4473
3,9993 4,0324
4,5922 4,6254
5,1177 5,1513
264 19:21
4,4148 4,4473
3,9993 4,0320
4,5922 4,6254
5,1177 5,1513
265 19:22
4,4152 4,4476
3,9993 4,0322
4,5926 4,6257
5,1181 5,1515
266 19:23
4,4153 4,4477
3,9998 4,0324
4,5927 4,6258
5,1182 5,1516
267 19:24
4,4148 4,4473
3,9986 4,0317
4,5923 4,6260
5,1177 5,1513
268 19:25
4,4144 4,4471
3,9987 4,0319
4,5918 4,6252
5,1174 5,1511
269 19:26
4,4148 4,4473
3,9998 4,0328
4,5923 4,6260
5,1181 5,1515
270 19:27
4,4149 4,4473
4,0001 4,0330
4,5923 4,6254
5,1178 5,1513
271 19:28
4,4150 4,4474
3,9998 4,0327
4,5919 4,6250
5,1177 5,1511
272 19:29
4,4147 4,4476
4,0006 4,0337
4,5916 4,6252
5,1176 5,1514
273 19:30
4,4151 4,4476
4,0012 4,0342
4,5921 4,6258
5,1182 5,1517
274 19:31
4,4151 4,4475
4,0007 4,0337
4,5921 4,6255
5,1186 5,1520
275 19:32
4,4149 4,4474
4,0003 4,0333
4,5923 4,6255
5,1184 5,1520
276 19:33
4,4148 4,4473
4,0005 4,0334
4,5924 4,6259
5,1191 5,1526
277 19:34
4,4139 4,4472
4,0001 4,0335
4,5914 4,6259
5,1184 5,1524
278 19:35
4,4139 4,4474
3,9994 4,0333
4,5914 4,6260
5,1185 5,1529
279 19:36
4,4140 4,4476
3,9996 4,0333
4,5913 4,6261
5,1185 5,1533
280 19:37
4,4140 4,4476
3,9994 4,0334
4,5917 4,6261
5,1191 5,1539
281 19:38
4,4134 4,4485
3,9993 4,0343
4,5913 4,6272
5,1185 5,1551
282 19:39
4,4140 4,4476
4,0001 4,0341
4,5913 4,6261
5,1191 5,1539
283 19:40
4,4140 4,4476
4,0005 4,0345
4,5913 4,6261
5,1191 5,1539
284 19:41
4,4132 4,4486
3,9996 4,0353
4,5905 4,6272
5,1177 5,1546
285 19:42
4,4130 4,4490
3,9994 4,0353
4,5902 4,6270
5,1179 5,1549
286 19:43
4,4132 4,4486
3,9994 4,0350
4,5909 4,6271
5,1179 5,1545
287 19:44
4,4132 4,4486
3,9994 4,0350
4,5909 4,6271
5,1182 5,1550
288 19:45
4,4132 4,4487
3,9990 4,0347
4,5905 4,6273
5,1190 5,1561
289 19:46
4,4140 4,4476
3,9997 4,0337
4,5919 4,6262
5,1197 5,1545
290 19:47
4,4132 4,4485
3,9992 4,0346
4,5907 4,6272
5,1189 5,1558
291 19:48
4,4132 4,4485
3,9994 4,0349
4,5905 4,6271
5,1188 5,1556
292 19:49
4,4132 4,4485
3,9994 4,0345
4,5911 4,6272
5,1195 5,1563
293 19:50
4,4132 4,4485
3,9998 4,0354
4,5910 4,6276
5,1196 5,1563
294 19:51
4,4132 4,4485
3,9998 4,0350
4,5916 4,6277
5,1196 5,1563
295 19:52
4,4132 4,4485
4,0002 4,0354
4,5916 4,6277
5,1200 5,1562
296 19:53
4,4134 4,4485
4,0004 4,0354
4,5918 4,6277
5,1202 5,1562
297 19:54
4,4140 4,4476
4,0008 4,0348
4,5922 4,6266
5,1203 5,1551
298 19:55
4,4140 4,4475
4,0008 4,0347
4,5928 4,6270
5,1209 5,1552
299 19:56
4,4139 4,4477
4,0011 4,0349
4,5921 4,6271
5,1208 5,1558
300 19:57
4,4140 4,4476
4,0012 4,0352
4,5922 4,6270
5,1203 5,1551
301 19:58
4,4139 4,4476
4,0011 4,0352
4,5923 4,6272
5,1208 5,1552
302 19:59
4,4146 4,4475
4,0024 4,0355
4,5931 4,6266
5,1207 5,1546
303 20:00
4,4146 4,4478
4,0025 4,0357
4,5929 4,6267
5,1205 5,1548
304 20:01
4,4152 4,4483
4,0038 4,0373
4,5936 4,6274
5,1212 5,1554
305 20:02
4,4153 4,4485
4,0048 4,0382
4,5940 4,6280
5,1212 5,1556
306 20:03
4,4146 4,4485
4,0039 4,0382
4,5935 4,6282
5,1212 5,1557
307 20:04
4,4149 4,4487
4,0046 4,0384
4,5938 4,6283
5,1208 5,1559
308 20:05
4,4153 4,4486
4,0050 4,0386
4,5943 4,6286
5,1208 5,1553
309 20:06
4,4150 4,4486
4,0049 4,0387
4,5943 4,6286
5,1203 5,1552
310 20:07
4,4149 4,4484
4,0046 4,0382
4,5939 4,6282
5,1198 5,1545
311 20:08
4,4150 4,4486
4,0050 4,0390
4,5939 4,6282
5,1197 5,1546
312 20:09
4,4143 4,4493
4,0044 4,0396
4,5930 4,6288
5,1188 5,1552
313 20:10
4,4144 4,4470
4,0044 4,0375
4,5931 4,6269
5,1190 5,1524
314 20:11
4,4142 4,4469
4,0044 4,0376
4,5930 4,6264
5,1182 5,1520
315 20:12
4,4142 4,4469
4,0040 4,0372
4,5931 4,6266
5,1182 5,1520
316 20:13
4,4142 4,4469
4,0035 4,0368
4,5935 4,6269
5,1183 5,1521
317 20:14
4,4144 4,4474
4,0036 4,0367
4,5937 4,6274
5,1184 5,1519
318 20:15
4,4140 4,4466
4,0036 4,0367
4,5927 4,6265
5,1180 5,1515
319 20:16
4,4133 4,4460
4,0036 4,0368
4,5925 4,6260
5,1171 5,1505
320 20:17
4,4132 4,4461
4,0034 4,0368
4,5920 4,6260
5,1165 5,1506
321 20:18
4,4127 4,4456
4,0032 4,0365
4,5916 4,6255
5,1159 5,1499
322 20:19
4,4128 4,4454
4,0037 4,0369
4,5911 4,6248
5,1154 5,1491
323 20:20
4,4131 4,4457
4,0040 4,0370
4,5914 4,6249
5,1151 5,1486
324 20:21
4,4134 4,4468
4,0042 4,0377
4,5915 4,6257
5,1154 5,1500
325 20:22
4,4124 4,4478
4,0036 4,0389
4,5901 4,6267
5,1143 5,1511
326 20:23
4,4124 4,4478
4,0036 4,0393
4,5902 4,6268
5,1138 5,1507
327 20:24
4,4128 4,4472
4,0041 4,0389
4,5919 4,6271
5,1148 5,1505
328 20:25
4,4124 4,4474
4,0044 4,0393
4,5910 4,6268
5,1143 5,1508
329 20:26
4,4124 4,4478
4,0044 4,0397
4,5910 4,6272
5,1143 5,1512
330 20:27
4,4124 4,4478
4,0041 4,0397
4,5910 4,6272
5,1138 5,1507
331 20:28
4,4124 4,4477
4,0038 4,0394
4,5912 4,6273
5,1139 5,1506
332 20:29
4,4122 4,4477
4,0036 4,0394
4,5909 4,6277
5,1136 5,1506
333 20:30
4,4133 4,4468
4,0050 4,0386
4,5921 4,6263
5,1150 5,1494
334 20:31
4,4133 4,4469
4,0048 4,0385
4,5921 4,6264
5,1147 5,1495
335 20:32
4,4123 4,4476
4,0044 4,0399
4,5911 4,6272
5,1138 5,1505
336 20:33
4,4159 4,4498
4,0080 4,0419
4,5948 4,6294
5,1178 5,1530
337 20:34
4,4162 4,4500
4,0083 4,0421
4,5951 4,6296
5,1175 5,1531
338 20:35
4,4162 4,4500
4,0079 4,0421
4,5946 4,6293
5,1175 5,1531
339 20:36
4,4151 4,4508
4,0073 4,0432
4,5941 4,6306
5,1169 5,1541
340 20:37
4,4158 4,4505
4,0080 4,0430
4,5943 4,6298
5,1178 5,1539
341 20:38
4,4161 4,4500
4,0078 4,0421
4,5945 4,6291
5,1180 5,1532
342 20:39
4,4162 4,4500
4,0083 4,0425
4,5946 4,6291
5,1175 5,1525
343 20:40
4,4162 4,4500
4,0090 4,0432
4,5940 4,6286
5,1175 5,1525
344 20:41
4,4162 4,4500
4,0092 4,0431
4,5940 4,6286
5,1175 5,1525
345 20:42
4,4162 4,4500
4,0090 4,0432
4,5940 4,6286
5,1181 5,1531
346 20:43
4,4162 4,4500
4,0085 4,0428
4,5940 4,6286
5,1181 5,1531
347 20:44
4,4162 4,4500
4,0094 4,0436
4,5946 4,6291
5,1181 5,1531
348 20:45
4,4162 4,4500
4,0094 4,0436
4,5936 4,6286
5,1175 5,1525
349 20:46
4,4156 4,4509
4,0093 4,0449
4,5941 4,6302
5,1169 5,1537
350 20:47
4,4162 4,4500
4,0101 4,0443
4,5945 4,6295
5,1181 5,1531
351 20:48
4,4156 4,4509
4,0100 4,0456
4,5946 4,6307
5,1179 5,1543
352 20:49
4,4156 4,4509
4,0100 4,0456
4,5946 4,6307
5,1175 5,1543
353 20:50
4,4156 4,4509
4,0103 4,0458
4,5950 4,6310
5,1175 5,1543
354 20:51
4,4162 4,4500
4,0101 4,0443
4,5950 4,6300
5,1181 5,1531
355 20:52
4,4162 4,4500
4,0089 4,0428
4,5951 4,6296
5,1175 5,1525
356 20:53
4,4162 4,4500
4,0089 4,0428
4,5956 4,6301
5,1175 5,1525
357 20:54
4,4156 4,4509
4,0095 4,0450
4,5951 4,6315
5,1175 5,1543
358 20:55
4,4162 4,4500
4,0105 4,0447
4,5950 4,6300
5,1175 5,1526
359 20:56
4,4162 4,4500
4,0107 4,0446
4,5950 4,6300
5,1175 5,1525
360 20:57
4,4162 4,4499
4,0105 4,0446
4,5951 4,6295
5,1177 5,1526
361 20:58
4,4162 4,4500
4,0101 4,0442
4,5946 4,6290
5,1175 5,1525
362 20:59
4,4183 4,4517
4,0128 4,0466
4,5972 4,6314
5,1212 5,1557
363 21:00
4,4187 4,4522
4,0131 4,0470
4,5982 4,6324
5,1223 5,1563
364 21:01
4,4186 4,4523
4,0127 4,0469
4,5977 4,6326
5,1221 5,1569
365 21:02
4,4190 4,4524
4,0129 4,0468
4,5981 4,6326
5,1219 5,1565
366 21:03
4,4185 4,4520
4,0126 4,0461
4,5980 4,6322
5,1215 5,1562
367 21:04
4,4182 4,4518
4,0123 4,0463
4,5971 4,6319
5,1204 5,1553
368 21:05
4,4182 4,4520
4,0130 4,0472
4,5977 4,6322
5,1208 5,1561
369 21:06
4,4182 4,4520
4,0130 4,0472
4,5977 4,6322
5,1210 5,1560
370 21:07
4,4182 4,4519
4,0130 4,0471
4,5977 4,6321
5,1212 5,1561
371 21:08
4,4175 4,4528
4,0128 4,0483
4,5970 4,6331
5,1202 5,1572
372 21:09
4,4182 4,4520
4,0134 4,0476
4,5977 4,6322
5,1211 5,1559
373 21:10
4,4182 4,4519
4,0138 4,0476
4,5972 4,6316
5,1206 5,1555
374 21:11
4,4182 4,4520
4,0132 4,0471
4,5966 4,6316
5,1204 5,1554
375 21:12
4,4182 4,4519
4,0127 4,0469
4,5967 4,6311
5,1206 5,1555
376 21:13
4,4181 4,4518
4,0126 4,0467
4,5962 4,6311
5,1205 5,1554
377 21:14
4,4182 4,4520
4,0130 4,0472
4,5961 4,6311
5,1204 5,1554
378 21:15
4,4182 4,4520
4,0127 4,0469
4,5961 4,6309
5,1204 5,1554
379 21:16
4,4183 4,4520
4,0124 4,0465
4,5963 4,6307
5,1207 5,1556
380 21:17
4,4181 4,4520
4,0127 4,0469
4,5957 4,6307
5,1205 5,1556
381 21:18
4,4183 4,4519
4,0126 4,0467
4,5957 4,6301
5,1205 5,1553
382 21:19
4,4183 4,4519
4,0127 4,0465
4,5957 4,6305
5,1205 5,1553
383 21:20
4,4182 4,4520
4,0127 4,0469
4,5956 4,6302
5,1199 5,1550
384 21:21
4,4182 4,4520
4,0127 4,0469
4,5961 4,6311
5,1204 5,1554
385 21:22
4,4182 4,4519
4,0130 4,0471
4,5963 4,6312
5,1206 5,1555
386 21:23
4,4182 4,4519
4,0134 4,0475
4,5967 4,6311
5,1206 5,1555
387 21:24
4,4181 4,4518
4,0129 4,0470
4,5971 4,6315
5,1205 5,1554
388 21:25
4,4182 4,4520
4,0132 4,0471
4,5970 4,6316
5,1204 5,1554
389 21:26
4,4182 4,4520
4,0133 4,0472
4,5967 4,6312
5,1204 5,1554
390 21:27
4,4182 4,4520
4,0134 4,0476
4,5966 4,6316
5,1210 5,1560
391 21:28
4,4181 4,4518
4,0133 4,0470
4,5971 4,6315
5,1205 5,1554
392 21:29
4,4181 4,4518
4,0134 4,0472
4,5971 4,6315
5,1209 5,1553
393 21:30
4,4176 4,4517
4,0125 4,0466
4,5966 4,6314
5,1204 5,1558
394 21:31
4,4171 4,4509
4,0119 4,0458
4,5959 4,6305
5,1192 5,1543
395 21:32
4,4157 4,4494
4,0108 4,0450
4,5946 4,6290
5,1183 5,1532
396 21:33
4,4157 4,4494
4,0108 4,0450
4,5946 4,6290
5,1177 5,1526
397 21:34
4,4145 4,4507
4,0100 4,0464
4,5933 4,6308
5,1161 5,1539
398 21:35
4,4150 4,4501
4,0108 4,0459
4,5944 4,6303
5,1169 5,1534
399 21:36
4,4147 4,4507
4,0106 4,0466
4,5939 4,6307
5,1157 5,1533
400 21:37
4,4147 4,4507
4,0106 4,0464
4,5939 4,6307
5,1157 5,1539
401 21:38
4,4146 4,4505
4,0102 4,0460
4,5940 4,6307
5,1158 5,1533
402 21:39
4,4147 4,4507
4,0106 4,0468
4,5939 4,6307
5,1157 5,1533
403 21:40
4,4146 4,4505
4,0105 4,0466
4,5940 4,6307
5,1158 5,1533
404 21:41
4,4145 4,4506
4,0104 4,0467
4,5939 4,6308
5,1151 5,1528
405 21:42
4,4152 4,4504
4,0109 4,0464
4,5941 4,6300
5,1158 5,1525
406 21:43
4,4149 4,4506
4,0108 4,0464
4,5943 4,6308
5,1155 5,1527
407 21:44
4,4149 4,4507
4,0108 4,0468
4,5941 4,6307
5,1157 5,1531
408 21:45
4,4149 4,4507
4,0108 4,0464
4,5937 4,6307
5,1155 5,1528
409 21:46
4,4151 4,4506
4,0110 4,0464
4,5945 4,6308
5,1157 5,1527
410 21:47
4,4151 4,4506
4,0110 4,0468
4,5945 4,6308
5,1157 5,1527
411 21:48
4,4151 4,4506
4,0110 4,0468
4,5945 4,6308
5,1151 5,1521
412 21:49
4,4153 4,4507
4,0110 4,0463
4,5945 4,6307
5,1153 5,1522
413 21:50
4,4153 4,4507
4,0110 4,0463
4,5937 4,6302
5,1153 5,1522
414 21:51
4,4151 4,4506
4,0114 4,0468
4,5930 4,6298
5,1151 5,1521
415 21:52
4,4158 4,4498
4,0118 4,0459
4,5932 4,6285
5,1163 5,1518
416 21:53
4,4155 4,4505
4,0116 4,0466
4,5929 4,6292
5,1162 5,1525
417 21:54
4,4158 4,4496
4,0118 4,0457
4,5937 4,6282
5,1159 5,1510
418 21:55
4,4158 4,4496
4,0122 4,0463
4,5936 4,6286
5,1159 5,1510
419 21:56
4,4157 4,4496
4,0122 4,0465
4,5937 4,6288
5,1161 5,1509
420 21:57
4,4151 4,4508
4,0117 4,0476
4,5931 4,6296
5,1152 5,1525
421 21:58
4,4152 4,4491
4,0114 4,0457
4,5936 4,6282
5,1152 5,1504
422 21:59
4,4157 4,4494
4,0116 4,0454
4,5941 4,6285
5,1153 5,1502
423 22:00
4,4157 4,4494
4,0111 4,0452
4,5940 4,6284
5,1151 5,1500
424 22:01
4,4150 4,4504
4,0111 4,0464
4,5937 4,6299
5,1150 5,1519
425 22:02
4,4151 4,4505
4,0108 4,0465
4,5940 4,6301
5,1145 5,1514
426 22:03
4,4153 4,4491
4,0111 4,0453
4,5942 4,6287
5,1147 5,1498
427 22:04
4,4151 4,4492
4,0117 4,0461
4,5940 4,6288
5,1145 5,1499
428 22:05
4,4157 4,4497
4,0122 4,0466
4,5940 4,6292
5,1158 5,1511
429 22:06
4,4156 4,4497
4,0119 4,0463
4,5949 4,6297
5,1151 5,1505
430 22:07
4,4156 4,4497
4,0118 4,0460
4,5946 4,6299
5,1151 5,1505
431 22:08
4,4156 4,4497
4,0114 4,0459
4,5950 4,6298
5,1151 5,1505
432 22:09
4,4157 4,4499
4,0115 4,0461
4,5951 4,6300
5,1152 5,1507
433 22:10
4,4156 4,4499
4,0115 4,0459
4,5946 4,6300
5,1157 5,1513
434 22:11
4,4156 4,4501
4,0108 4,0456
4,5950 4,6302
5,1158 5,1521
435 22:12
4,4156 4,4501
4,0110 4,0455
4,5950 4,6302
5,1161 5,1515
436 22:13
4,4152 4,4508
4,0107 4,0461
4,5946 4,6309
5,1158 5,1529
437 22:14
4,4156 4,4493
4,0110 4,0451
4,5955 4,6300
5,1164 5,1513
438 22:15
4,4156 4,4493
4,0109 4,0450
4,5950 4,6298
5,1159 5,1513
439 22:16
4,4156 4,4493
4,0110 4,0451
4,5951 4,6300
5,1164 5,1513
440 22:17
4,4150 4,4506
4,0105 4,0463
4,5943 4,6312
5,1156 5,1527
441 22:18
4,4156 4,4493
4,0110 4,0451
4,5951 4,6300
5,1164 5,1513
442 22:19
4,4156 4,4493
4,0110 4,0451
4,5951 4,6300
5,1164 5,1513
443 22:20
4,4149 4,4504
4,0104 4,0461
4,5942 4,6310
5,1155 5,1526
444 22:21
4,4149 4,4504
4,0105 4,0459
4,5942 4,6308
5,1155 5,1525
445 22:22
4,4156 4,4493
4,0110 4,0451
4,5950 4,6294
5,1164 5,1513
446 22:23
4,4136 4,4491
4,0093 4,0451
4,5930 4,6293
5,1140 5,1510
447 22:24
4,4136 4,4492
4,0091 4,0450
4,5928 4,6292
5,1138 5,1510
448 22:25
4,4136 4,4492
4,0091 4,0450
4,5924 4,6293
5,1140 5,1511
449 22:26
4,4131 4,4501
4,0087 4,0458
4,5918 4,6296
5,1128 5,1515
450 22:27
4,4142 4,4494
4,0098 4,0452
4,5929 4,6289
5,1140 5,1506
451 22:28
4,4142 4,4494
4,0100 4,0451
4,5925 4,6290
5,1140 5,1513
