#======================
2023-7-17
# 1.EUR, 2.USD, 3.CHF, 4.GBP
Sell Price, Buy Price
1 13:37
4,4327 4,4654
3,9443 3,9770
4,5910 4,6247
5,1628 5,1966
2 13:38
4,4330 4,4656
3,9443 3,9772
4,5913 4,6245
5,1631 5,1968
3 13:39
4,4331 4,4653
3,9440 3,9765
4,5915 4,6246
5,1638 5,1971
4 13:40
4,4331 4,4653
3,9449 3,9771
4,5920 4,6251
5,1639 5,1972
5 13:41
4,4322 4,4650
3,9436 3,9767
4,5914 4,6248
5,1628 5,1966
6 13:42
4,4321 4,4648
3,9434 3,9765
4,5913 4,6246
5,1628 5,1965
7 13:43
4,4320 4,4647
3,9435 3,9765
4,5912 4,6245
5,1621 5,1958
8 13:44
4,4319 4,4647
3,9433 3,9764
4,5916 4,6250
5,1626 5,1965
9 13:45
4,4321 4,4646
3,9439 3,9767
4,5912 4,6248
5,1634 5,1969
10 13:46
4,4325 4,4648
3,9442 3,9766
4,5917 4,6245
5,1634 5,1966
11 13:47
4,4326 4,4648
3,9441 3,9765
4,5922 4,6250
5,1639 5,1971
12 13:48
4,4324 4,4648
3,9438 3,9765
4,5916 4,6246
5,1643 5,1977
13 13:49
4,4321 4,4648
3,9439 3,9765
4,5918 4,6251
5,1640 5,1977
14 13:50
4,4319 4,4645
3,9438 3,9764
4,5915 4,6247
5,1638 5,1974
15 13:51
4,4312 4,4634
3,9439 3,9762
4,5913 4,6241
5,1637 5,1970
16 13:52
4,4324 4,4649
3,9452 3,9780
4,5930 4,6260
5,1648 5,1984
17 13:53
4,4331 4,4653
3,9469 3,9790
4,5938 4,6266
5,1638 5,1971
18 13:54
4,4329 4,4651
3,9462 3,9786
4,5941 4,6269
5,1642 5,1975
19 13:55
4,4329 4,4656
3,9457 3,9787
4,5936 4,6269
5,1648 5,1986
20 13:56
4,4326 4,4653
3,9449 3,9777
4,5923 4,6256
5,1644 5,1976
21 13:57
4,4321 4,4649
3,9435 3,9764
4,5909 4,6247
5,1640 5,1978
22 13:58
4,4318 4,4646
3,9437 3,9768
4,5906 4,6245
5,1641 5,1979
23 13:59
4,4319 4,4647
3,9441 3,9769
4,5906 4,6244
5,1644 5,1982
24 14:00
4,4320 4,4654
3,9441 3,9776
4,5907 4,6253
5,1651 5,1997
25 14:01
4,4320 4,4646
3,9438 3,9767
4,5904 4,6235
5,1645 5,1981
26 14:02
4,4320 4,4645
3,9434 3,9762
4,5898 4,6229
5,1638 5,1973
27 14:03
4,4319 4,4641
3,9431 3,9756
4,5897 4,6225
5,1635 5,1967
28 14:04
4,4322 4,4644
3,9444 3,9766
4,5909 4,6237
5,1646 5,1978
29 14:05
4,4322 4,4650
3,9448 3,9776
4,5924 4,6258
5,1659 5,1995
30 14:06
4,4328 4,4650
3,9450 3,9774
4,5930 4,6258
5,1661 5,1993
31 14:07
4,4334 4,4656
3,9466 3,9788
4,5936 4,6264
5,1667 5,1999
32 14:08
4,4332 4,4654
3,9467 3,9789
4,5931 4,6262
5,1665 5,1997
33 14:09
4,4329 4,4651
3,9464 3,9786
4,5932 4,6262
5,1656 5,1988
34 14:10
4,4334 4,4656
3,9473 3,9795
4,5932 4,6260
5,1655 5,1987
35 14:11
4,4335 4,4657
3,9481 3,9805
4,5928 4,6256
5,1656 5,1988
36 14:12
4,4334 4,4658
3,9476 3,9804
4,5918 4,6249
5,1645 5,1978
37 14:13
4,4334 4,4657
3,9471 3,9799
4,5917 4,6246
5,1649 5,1982
38 14:14
4,4322 4,4646
3,9454 3,9781
4,5900 4,6234
5,1639 5,1971
39 14:15
4,4325 4,4647
3,9457 3,9778
4,5908 4,6236
5,1641 5,1973
40 14:16
4,4319 4,4641
3,9446 3,9769
4,5901 4,6229
5,1631 5,1963
41 14:17
4,4321 4,4643
3,9446 3,9767
4,5908 4,6236
5,1633 5,1965
42 14:18
4,4319 4,4641
3,9448 3,9773
4,5904 4,6235
5,1638 5,1970
43 14:19
4,4320 4,4642
3,9448 3,9773
4,5904 4,6235
5,1638 5,1970
44 14:20
4,4319 4,4641
3,9444 3,9769
4,5911 4,6239
5,1632 5,1964
45 14:21
4,4320 4,4642
3,9452 3,9777
4,5914 4,6244
5,1638 5,1970
46 14:22
4,4320 4,4642
3,9456 3,9777
4,5912 4,6240
5,1634 5,1966
47 14:23
4,4322 4,4644
3,9461 3,9786
4,5914 4,6242
5,1634 5,1966
48 14:24
4,4320 4,4642
3,9463 3,9789
4,5907 4,6235
5,1637 5,1969
49 14:25
4,4320 4,4645
3,9468 3,9793
4,5907 4,6237
5,1631 5,1966
50 14:26
4,4321 4,4643
3,9471 3,9797
4,5904 4,6232
5,1633 5,1965
51 14:27
4,4313 4,4635
3,9464 3,9787
4,5895 4,6223
5,1628 5,1960
52 14:28
4,4313 4,4636
3,9460 3,9786
4,5891 4,6220
5,1629 5,1961
53 14:29
4,4313 4,4635
3,9460 3,9785
4,5886 4,6214
5,1630 5,1962
54 14:30
4,4320 4,4647
3,9468 3,9795
4,5897 4,6231
5,1632 5,1970
55 14:31
4,4323 4,4645
3,9479 3,9801
4,5902 4,6230
5,1623 5,1955
56 14:32
4,4324 4,4646
3,9474 3,9800
4,5895 4,6225
5,1626 5,1958
57 14:33
4,4324 4,4646
3,9471 3,9795
4,5887 4,6215
5,1624 5,1956
58 14:34
4,4324 4,4646
3,9474 3,9795
4,5881 4,6209
5,1619 5,1951
59 14:35
4,4324 4,4646
3,9468 3,9792
4,5875 4,6205
5,1625 5,1957
60 14:36
4,4329 4,4651
3,9475 3,9796
4,5883 4,6211
5,1637 5,1969
61 14:37
4,4329 4,4651
3,9472 3,9796
4,5878 4,6206
5,1637 5,1969
62 14:38
4,4325 4,4647
3,9468 3,9791
4,5877 4,6206
5,1632 5,1964
63 14:39
4,4319 4,4641
3,9456 3,9779
4,5861 4,6189
5,1607 5,1939
64 14:40
4,4325 4,4647
3,9473 3,9795
4,5865 4,6193
5,1614 5,1946
65 14:41
4,4325 4,4647
3,9478 3,9799
4,5866 4,6194
5,1604 5,1936
66 14:42
4,4326 4,4648
3,9477 3,9798
4,5869 4,6197
5,1609 5,1941
67 14:43
4,4327 4,4649
3,9477 3,9800
4,5869 4,6197
5,1604 5,1936
68 14:44
4,4327 4,4652
3,9478 3,9804
4,5871 4,6201
5,1609 5,1944
69 14:45
4,4330 4,4652
3,9475 3,9800
4,5874 4,6202
5,1612 5,1944
70 14:46
4,4330 4,4652
3,9483 3,9805
4,5875 4,6203
5,1614 5,1946
71 14:47
4,4331 4,4654
3,9485 3,9812
4,5876 4,6208
5,1614 5,1946
72 14:48
4,4347 4,4669
3,9509 3,9832
4,5890 4,6218
5,1617 5,1949
73 14:49
4,4346 4,4668
3,9509 3,9832
4,5882 4,6210
5,1625 5,1957
74 14:50
4,4349 4,4671
3,9514 3,9835
4,5885 4,6213
5,1627 5,1959
75 14:51
4,4350 4,4672
3,9515 3,9836
4,5882 4,6210
5,1626 5,1958
76 14:52
4,4349 4,4671
3,9503 3,9825
4,5880 4,6208
5,1624 5,1956
77 14:53
4,4335 4,4661
3,9476 3,9806
4,5865 4,6197
5,1611 5,1949
78 14:54
4,4333 4,4656
3,9484 3,9807
4,5863 4,6191
5,1611 5,1944
79 14:55
4,4332 4,4654
3,9483 3,9806
4,5853 4,6181
5,1612 5,1944
80 14:56
4,4331 4,4654
3,9478 3,9803
4,5852 4,6181
5,1620 5,1952
81 14:57
4,4330 4,4652
3,9467 3,9789
4,5844 4,6172
5,1613 5,1945
82 14:58
4,4330 4,4652
3,9455 3,9778
4,5850 4,6178
5,1604 5,1936
83 14:59
4,4329 4,4651
3,9455 3,9779
4,5853 4,6181
5,1594 5,1926
84 15:00
4,4323 4,4652
3,9437 3,9769
4,5848 4,6182
5,1581 5,1918
85 15:01
4,4298 4,4630
3,9430 3,9764
4,5829 4,6166
5,1566 5,1908
86 15:02
4,4302 4,4627
3,9435 3,9760
4,5831 4,6161
5,1567 5,1899
87 15:03
4,4305 4,4630
3,9431 3,9757
4,5834 4,6164
5,1572 5,1906
88 15:04
4,4300 4,4628
3,9428 3,9756
4,5834 4,6168
5,1572 5,1906
89 15:05
4,4299 4,4626
3,9430 3,9760
4,5828 4,6164
5,1575 5,1911
90 15:06
4,4295 4,4621
3,9425 3,9753
4,5824 4,6156
5,1571 5,1903
91 15:07
4,4295 4,4620
3,9425 3,9754
4,5824 4,6155
5,1561 5,1896
92 15:08
4,4295 4,4618
3,9427 3,9753
4,5823 4,6151
5,1558 5,1890
93 15:09
4,4294 4,4618
3,9426 3,9754
4,5809 4,6139
5,1564 5,1896
94 15:10
4,4300 4,4622
3,9431 3,9752
4,5808 4,6136
5,1572 5,1904
95 15:11
4,4302 4,4624
3,9443 3,9766
4,5809 4,6140
5,1575 5,1907
96 15:12
4,4302 4,4624
3,9444 3,9770
4,5808 4,6136
5,1572 5,1904
97 15:13
4,4302 4,4624
3,9444 3,9766
4,5809 4,6140
5,1569 5,1901
98 15:14
4,4302 4,4626
3,9443 3,9767
4,5808 4,6138
5,1573 5,1905
99 15:15
4,4302 4,4626
3,9443 3,9770
4,5813 4,6145
5,1571 5,1904
100 15:16
4,4299 4,4623
3,9437 3,9764
4,5811 4,6140
5,1572 5,1906
101 15:17
4,4300 4,4625
3,9444 3,9770
4,5806 4,6141
5,1573 5,1908
102 15:18
4,4303 4,4626
3,9441 3,9767
4,5808 4,6136
5,1576 5,1908
103 15:19
4,4302 4,4626
3,9439 3,9766
4,5809 4,6138
5,1589 5,1922
104 15:20
4,4299 4,4625
3,9433 3,9762
4,5814 4,6146
5,1584 5,1920
105 15:21
4,4299 4,4625
3,9440 3,9769
4,5812 4,6143
5,1583 5,1920
106 15:22
4,4300 4,4622
3,9446 3,9768
4,5815 4,6143
5,1590 5,1923
107 15:23
4,4300 4,4625
3,9440 3,9769
4,5815 4,6146
5,1594 5,1927
108 15:24
4,4299 4,4622
3,9447 3,9771
4,5819 4,6148
5,1602 5,1935
109 15:25
4,4300 4,4623
3,9451 3,9778
4,5824 4,6154
5,1613 5,1946
110 15:26
4,4298 4,4623
3,9452 3,9781
4,5822 4,6152
5,1613 5,1948
111 15:27
4,4308 4,4630
3,9476 3,9797
4,5838 4,6166
5,1622 5,1954
112 15:28
4,4315 4,4637
3,9481 3,9805
4,5854 4,6182
5,1634 5,1966
113 15:29
4,4313 4,4636
3,9480 3,9807
4,5843 4,6176
5,1630 5,1963
114 15:30
4,4307 4,4629
3,9472 3,9796
4,5837 4,6165
5,1629 5,1961
115 15:31
4,4304 4,4628
3,9469 3,9794
4,5829 4,6159
5,1632 5,1966
116 15:32
4,4309 4,4635
3,9485 3,9814
4,5834 4,6166
5,1638 5,1974
117 15:33
4,4311 4,4637
3,9501 3,9827
4,5831 4,6163
5,1647 5,1984
118 15:34
4,4318 4,4640
3,9515 3,9838
4,5822 4,6151
5,1642 5,1974
119 15:35
4,4318 4,4640
3,9521 3,9847
4,5824 4,6152
5,1650 5,1982
120 15:36
4,4328 4,4650
3,9534 3,9859
4,5830 4,6158
5,1640 5,1972
121 15:37
4,4336 4,4658
3,9544 3,9865
4,5844 4,6174
5,1663 5,1995
122 15:38
4,4335 4,4657
3,9535 3,9857
4,5842 4,6170
5,1656 5,1988
123 15:39
4,4331 4,4653
3,9528 3,9852
4,5842 4,6170
5,1651 5,1983
124 15:40
4,4346 4,4669
3,9538 3,9865
4,5863 4,6192
5,1672 5,2004
125 15:41
4,4338 4,4660
3,9529 3,9850
4,5854 4,6182
5,1660 5,1993
126 15:42
4,4336 4,4658
3,9532 3,9856
4,5851 4,6179
5,1666 5,1999
127 15:43
4,4335 4,4657
3,9541 3,9864
4,5847 4,6175
5,1679 5,2012
128 15:44
4,4340 4,4662
3,9551 3,9872
4,5861 4,6189
5,1681 5,2014
129 15:45
4,4340 4,4662
3,9551 3,9872
4,5861 4,6189
5,1689 5,2022
130 15:46
4,4340 4,4662
3,9563 3,9886
4,5856 4,6184
5,1703 5,2035
131 15:47
4,4353 4,4675
3,9561 3,9884
4,5875 4,6203
5,1716 5,2048
132 15:48
4,4349 4,4674
3,9549 3,9877
4,5870 4,6201
5,1711 5,2043
133 15:49
4,4346 4,4668
3,9539 3,9864
4,5872 4,6200
5,1708 5,2040
134 15:50
4,4345 4,4668
3,9530 3,9853
4,5876 4,6205
5,1698 5,2030
135 15:51
4,4344 4,4667
3,9525 3,9852
4,5884 4,6213
5,1702 5,2035
136 15:52
4,4323 4,4649
3,9508 3,9833
4,5858 4,6194
5,1686 5,2021
137 15:53
4,4326 4,4652
3,9510 3,9839
4,5856 4,6188
5,1688 5,2025
138 15:54
4,4336 4,4663
3,9518 3,9848
4,5872 4,6209
5,1698 5,2031
139 15:55
4,4336 4,4659
3,9522 3,9845
4,5875 4,6203
5,1689 5,2021
140 15:56
4,4330 4,4652
3,9511 3,9836
4,5868 4,6196
5,1678 5,2010
141 15:57
4,4321 4,4643
3,9499 3,9820
4,5868 4,6196
5,1664 5,1996
142 15:58
4,4323 4,4645
3,9497 3,9819
4,5877 4,6205
5,1667 5,1999
143 15:59
4,4337 4,4659
3,9502 3,9824
4,5889 4,6217
5,1684 5,2016
144 16:00
4,4340 4,4663
3,9501 3,9826
4,5884 4,6218
5,1686 5,2019
145 16:01
4,4340 4,4663
3,9508 3,9831
4,5890 4,6219
5,1691 5,2025
146 16:02
4,4339 4,4661
3,9500 3,9823
4,5890 4,6221
5,1687 5,2020
147 16:03
4,4340 4,4663
3,9494 3,9818
4,5895 4,6228
5,1690 5,2023
148 16:04
4,4342 4,4664
3,9493 3,9818
4,5901 4,6229
5,1687 5,2020
149 16:05
4,4342 4,4664
3,9493 3,9814
4,5911 4,6239
5,1699 5,2032
150 16:06
4,4345 4,4667
3,9499 3,9820
4,5919 4,6247
5,1715 5,2048
151 16:07
4,4344 4,4668
3,9494 3,9821
4,5918 4,6248
5,1720 5,2055
152 16:08
4,4342 4,4664
3,9500 3,9821
4,5916 4,6244
5,1711 5,2044
153 16:09
4,4343 4,4667
3,9498 3,9826
4,5913 4,6248
5,1719 5,2054
154 16:10
4,4342 4,4664
3,9507 3,9828
4,5910 4,6238
5,1723 5,2056
155 16:11
4,4341 4,4663
3,9498 3,9819
4,5913 4,6241
5,1729 5,2062
156 16:12
4,4342 4,4664
3,9490 3,9813
4,5920 4,6248
5,1729 5,2062
157 16:13
4,4344 4,4667
3,9493 3,9820
4,5918 4,6249
5,1722 5,2055
158 16:14
4,4345 4,4668
3,9491 3,9816
4,5923 4,6251
5,1727 5,2061
159 16:15
4,4344 4,4666
3,9499 3,9821
4,5923 4,6251
5,1731 5,2064
160 16:16
4,4345 4,4667
3,9500 3,9822
4,5924 4,6252
5,1739 5,2072
161 16:17
4,4345 4,4667
3,9500 3,9822
4,5924 4,6252
5,1739 5,2072
162 16:18
4,4345 4,4667
3,9496 3,9818
4,5928 4,6256
5,1742 5,2075
163 16:19
4,4343 4,4665
3,9498 3,9824
4,5927 4,6259
5,1742 5,2075
164 16:20
4,4342 4,4664
3,9508 3,9829
4,5926 4,6254
5,1738 5,2071
165 16:21
4,4343 4,4665
3,9508 3,9829
4,5922 4,6250
5,1741 5,2073
166 16:22
4,4343 4,4665
3,9502 3,9825
4,5921 4,6249
5,1741 5,2073
167 16:23
4,4344 4,4666
3,9503 3,9827
4,5922 4,6250
5,1744 5,2076
168 16:24
4,4344 4,4666
3,9501 3,9824
4,5918 4,6246
5,1739 5,2071
169 16:25
4,4344 4,4666
3,9499 3,9825
4,5923 4,6251
5,1739 5,2071
170 16:26
4,4344 4,4666
3,9498 3,9823
4,5918 4,6246
5,1733 5,2065
171 16:27
4,4344 4,4666
3,9501 3,9824
4,5923 4,6251
5,1742 5,2074
172 16:28
4,4345 4,4667
3,9506 3,9831
4,5923 4,6251
5,1739 5,2071
173 16:29
4,4343 4,4665
3,9512 3,9833
4,5917 4,6245
5,1737 5,2069
174 16:30
4,4348 4,4670
3,9515 3,9837
4,5919 4,6248
5,1743 5,2075
175 16:31
4,4347 4,4669
3,9515 3,9836
4,5916 4,6244
5,1739 5,2071
176 16:32
4,4351 4,4673
3,9519 3,9840
4,5920 4,6248
5,1740 5,2072
177 16:33
4,4348 4,4670
3,9520 3,9841
4,5920 4,6248
5,1732 5,2064
178 16:34
4,4344 4,4666
3,9516 3,9837
4,5914 4,6244
5,1720 5,2052
179 16:35
4,4344 4,4666
3,9516 3,9841
4,5913 4,6241
5,1724 5,2056
180 16:36
4,4343 4,4665
3,9518 3,9839
4,5909 4,6237
5,1724 5,2057
181 16:37
4,4343 4,4665
3,9511 3,9832
4,5911 4,6239
5,1721 5,2054
182 16:38
4,4343 4,4665
3,9509 3,9833
4,5905 4,6234
5,1724 5,2057
183 16:39
4,4342 4,4664
3,9499 3,9821
4,5901 4,6229
5,1720 5,2053
184 16:40
4,4343 4,4665
3,9497 3,9818
4,5896 4,6224
5,1718 5,2051
185 16:41
4,4345 4,4668
3,9491 3,9818
4,5895 4,6224
5,1715 5,2049
186 16:42
4,4344 4,4666
3,9487 3,9810
4,5895 4,6224
5,1714 5,2047
187 16:43
4,4344 4,4666
3,9481 3,9806
4,5898 4,6226
5,1708 5,2041
188 16:44
4,4344 4,4666
3,9481 3,9807
4,5899 4,6227
5,1708 5,2041
189 16:45
4,4344 4,4666
3,9478 3,9804
4,5894 4,6226
5,1702 5,2035
190 16:46
4,4344 4,4666
3,9478 3,9800
4,5909 4,6237
5,1702 5,2035
191 16:47
4,4340 4,4662
3,9473 3,9794
4,5903 4,6231
5,1697 5,2030
192 16:48
4,4308 4,4635
3,9438 3,9768
4,5857 4,6190
5,1660 5,1998
193 16:49
4,4306 4,4630
3,9437 3,9765
4,5855 4,6185
5,1665 5,1999
194 16:50
4,4303 4,4628
3,9439 3,9764
4,5851 4,6182
5,1660 5,1996
195 16:51
4,4299 4,4625
3,9444 3,9773
4,5859 4,6190
5,1661 5,1994
196 16:52
4,4301 4,4628
3,9439 3,9769
4,5854 4,6191
5,1643 5,1977
197 16:53
4,4294 4,4619
3,9428 3,9753
4,5840 4,6173
5,1627 5,1961
198 16:54
4,4293 4,4615
3,9429 3,9751
4,5836 4,6164
5,1634 5,1967
199 16:55
4,4294 4,4617
3,9428 3,9752
4,5830 4,6160
5,1636 5,1969
200 16:56
4,4294 4,4617
3,9424 3,9751
4,5837 4,6165
5,1625 5,1959
201 16:57
4,4298 4,4620
3,9430 3,9753
4,5841 4,6169
5,1620 5,1953
202 16:58
4,4303 4,4625
3,9434 3,9755
4,5849 4,6177
5,1618 5,1951
203 16:59
4,4298 4,4620
3,9433 3,9754
4,5844 4,6172
5,1618 5,1951
204 17:00
4,4296 4,4618
3,9428 3,9749
4,5842 4,6170
5,1618 5,1951
205 17:01
4,4290 4,4612
3,9429 3,9751
4,5830 4,6161
5,1614 5,1947
206 17:02
4,4294 4,4616
3,9428 3,9749
4,5828 4,6156
5,1613 5,1946
207 17:03
4,4292 4,4614
3,9427 3,9748
4,5821 4,6149
5,1607 5,1940
208 17:04
4,4292 4,4614
3,9432 3,9756
4,5816 4,6144
5,1604 5,1937
209 17:05
4,4296 4,4618
3,9439 3,9762
4,5826 4,6154
5,1607 5,1940
210 17:06
4,4303 4,4625
3,9447 3,9768
4,5833 4,6161
5,1620 5,1953
211 17:07
4,4294 4,4616
3,9439 3,9764
4,5820 4,6151
5,1606 5,1939
212 17:08
4,4299 4,4621
3,9445 3,9767
4,5824 4,6152
5,1620 5,1953
213 17:09
4,4299 4,4621
3,9453 3,9777
4,5824 4,6152
5,1622 5,1955
214 17:10
4,4301 4,4623
3,9453 3,9774
4,5825 4,6153
5,1627 5,1960
215 17:11
4,4307 4,4629
3,9461 3,9783
4,5832 4,6160
5,1634 5,1967
216 17:12
4,4304 4,4626
3,9453 3,9776
4,5824 4,6152
5,1631 5,1964
217 17:13
4,4297 4,4622
3,9434 3,9763
4,5821 4,6151
5,1617 5,1953
218 17:14
4,4295 4,4619
3,9434 3,9762
4,5824 4,6154
5,1615 5,1950
219 17:15
4,4296 4,4619
3,9431 3,9757
4,5825 4,6154
5,1615 5,1948
220 17:16
4,4297 4,4619
3,9436 3,9758
4,5824 4,6152
5,1623 5,1956
221 17:17
4,4300 4,4624
3,9438 3,9765
4,5820 4,6150
5,1622 5,1956
222 17:18
4,4299 4,4623
3,9437 3,9764
4,5825 4,6154
5,1619 5,1954
223 17:19
4,4301 4,4624
3,9430 3,9757
4,5825 4,6153
5,1615 5,1949
224 17:20
4,4300 4,4623
3,9430 3,9753
4,5829 4,6157
5,1617 5,1950
225 17:21
4,4299 4,4621
3,9434 3,9760
4,5828 4,6156
5,1619 5,1952
226 17:22
4,4299 4,4621
3,9431 3,9753
4,5824 4,6152
5,1613 5,1946
227 17:23
4,4300 4,4627
3,9433 3,9760
4,5828 4,6162
5,1620 5,1958
228 17:24
4,4309 4,4631
3,9436 3,9759
4,5843 4,6171
5,1627 5,1960
229 17:25
4,4310 4,4632
3,9436 3,9757
4,5844 4,6172
5,1619 5,1952
230 17:26
4,4309 4,4631
3,9436 3,9757
4,5839 4,6167
5,1625 5,1958
231 17:27
4,4310 4,4632
3,9432 3,9757
4,5834 4,6162
5,1620 5,1953
232 17:28
4,4310 4,4632
3,9437 3,9761
4,5834 4,6162
5,1619 5,1952
233 17:29
4,4310 4,4632
3,9433 3,9755
4,5836 4,6167
5,1619 5,1952
234 17:30
4,4318 4,4641
3,9439 3,9762
4,5844 4,6177
5,1631 5,1964
235 17:31
4,4317 4,4639
3,9436 3,9758
4,5847 4,6175
5,1628 5,1961
236 17:32
4,4317 4,4639
3,9435 3,9758
4,5847 4,6179
5,1626 5,1959
237 17:33
4,4317 4,4639
3,9432 3,9757
4,5851 4,6179
5,1627 5,1960
238 17:34
4,4317 4,4639
3,9432 3,9753
4,5852 4,6182
5,1624 5,1957
239 17:35
4,4318 4,4643
3,9428 3,9753
4,5857 4,6187
5,1623 5,1959
240 17:36
4,4310 4,4636
3,9423 3,9749
4,5854 4,6186
5,1619 5,1952
241 17:37
4,4317 4,4641
3,9429 3,9757
4,5858 4,6187
5,1624 5,1958
242 17:38
4,4318 4,4643
3,9432 3,9758
4,5857 4,6187
5,1623 5,1959
243 17:39
4,4316 4,4639
3,9433 3,9756
4,5846 4,6179
5,1602 5,1935
244 17:40
4,4315 4,4638
3,9429 3,9756
4,5849 4,6177
5,1613 5,1946
245 17:41
4,4318 4,4642
3,9429 3,9756
4,5864 4,6193
5,1611 5,1946
246 17:42
4,4314 4,4638
3,9430 3,9754
4,5855 4,6184
5,1600 5,1935
247 17:43
4,4315 4,4638
3,9436 3,9763
4,5849 4,6177
5,1603 5,1936
248 17:44
4,4322 4,4644
3,9443 3,9768
4,5856 4,6184
5,1609 5,1942
249 17:45
4,4322 4,4646
3,9448 3,9772
4,5858 4,6193
5,1616 5,1951
250 17:46
4,4323 4,4648
3,9448 3,9776
4,5858 4,6189
5,1623 5,1957
251 17:47
4,4304 4,4626
3,9431 3,9756
4,5838 4,6166
5,1600 5,1933
252 17:48
4,4301 4,4627
3,9436 3,9762
4,5836 4,6173
5,1597 5,1934
253 17:49
4,4310 4,4633
3,9435 3,9758
4,5844 4,6172
5,1607 5,1940
254 17:50
4,4310 4,4635
3,9435 3,9761
4,5844 4,6175
5,1608 5,1944
255 17:51
4,4310 4,4635
3,9432 3,9761
4,5849 4,6180
5,1613 5,1948
256 17:52
4,4303 4,4629
3,9427 3,9753
4,5837 4,6169
5,1600 5,1937
257 17:53
4,4308 4,4632
3,9428 3,9752
4,5844 4,6173
5,1599 5,1934
258 17:54
4,4301 4,4626
3,9421 3,9749
4,5840 4,6171
5,1595 5,1928
259 17:55
4,4299 4,4621
3,9423 3,9748
4,5834 4,6167
5,1589 5,1922
260 17:56
4,4297 4,4620
3,9424 3,9748
4,5835 4,6163
5,1592 5,1926
261 17:57
4,4296 4,4621
3,9423 3,9748
4,5835 4,6166
5,1591 5,1927
262 18:33
Definite connection error#======================
2023-7-17
# 1.EUR, 2.USD, 3.CHF, 4.GBP
Sell Price, Buy Price
1 18:59
4,4289 4,4616
3,9416 3,9743
4,5827 4,6159
5,1577 5,1915
2 19:00
4,4289 4,4616
3,9416 3,9747
4,5817 4,6155
5,1577 5,1915
3 19:01
4,4289 4,4616
3,9420 3,9747
4,5813 4,6146
5,1577 5,1915
4 19:02
4,4288 4,4616
3,9420 3,9747
4,5817 4,6151
5,1577 5,1917
5 19:03
4,4288 4,4614
3,9417 3,9747
4,5817 4,6149
5,1576 5,1913
6 19:04
4,4287 4,4615
3,9416 3,9748
4,5807 4,6145
5,1575 5,1914
7 19:05
4,4288 4,4615
3,9415 3,9742
4,5812 4,6145
5,1576 5,1914
8 19:06
4,4288 4,4615
3,9415 3,9742
4,5817 4,6150
5,1576 5,1914
9 19:07
4,4288 4,4614
3,9413 3,9742
4,5817 4,6149
5,1576 5,1913
10 19:08
4,4288 4,4614
3,9413 3,9740
4,5812 4,6144
5,1575 5,1908
11 19:09
4,4288 4,4614
3,9413 3,9742
4,5809 4,6140
5,1575 5,1908
12 19:10
4,4288 4,4614
3,9413 3,9742
4,5809 4,6140
5,1570 5,1907
13 19:11
4,4288 4,4614
3,9412 3,9739
4,5803 4,6139
5,1570 5,1907
14 19:12
4,4284 4,4609
3,9406 3,9734
4,5803 4,6133
5,1565 5,1901
15 19:13
4,4293 4,4615
3,9415 3,9738
4,5812 4,6140
5,1575 5,1908
16 19:14
4,4294 4,4616
3,9419 3,9741
4,5813 4,6141
5,1576 5,1909
17 19:15
4,4294 4,4616
3,9419 3,9741
4,5813 4,6141
5,1573 5,1906
18 19:16
4,4280 4,4626
3,9406 3,9749
4,5796 4,6153
5,1556 5,1916
19 19:17
4,4269 4,4630
3,9391 3,9748
4,5782 4,6150
5,1546 5,1919
20 19:18
4,4294 4,4616
3,9415 3,9740
4,5810 4,6141
5,1576 5,1909
21 19:19
4,4294 4,4616
3,9415 3,9736
4,5810 4,6141
5,1576 5,1909
22 19:20
4,4294 4,4616
3,9415 3,9736
4,5808 4,6136
5,1570 5,1903
23 19:21
4,4294 4,4616
3,9415 3,9736
4,5808 4,6136
5,1570 5,1903
24 19:22
4,4294 4,4616
3,9416 3,9740
4,5808 4,6136
5,1576 5,1909
25 19:23
4,4294 4,4616
3,9419 3,9741
4,5805 4,6135
5,1576 5,1909
26 19:24
4,4294 4,4616
3,9419 3,9741
4,5808 4,6136
5,1576 5,1909
27 19:25
4,4294 4,4616
3,9419 3,9741
4,5805 4,6136
5,1574 5,1907
28 19:26
4,4294 4,4616
3,9418 3,9743
4,5808 4,6136
5,1576 5,1909
29 19:27
4,4294 4,4616
3,9418 3,9743
4,5808 4,6136
5,1576 5,1909
30 19:28
4,4294 4,4616
3,9418 3,9743
4,5809 4,6137
5,1577 5,1910
31 19:29
4,4293 4,4615
3,9418 3,9743
4,5808 4,6136
5,1582 5,1915
32 19:30
4,4293 4,4615
3,9418 3,9743
4,5813 4,6141
5,1579 5,1912
33 19:31
4,4294 4,4616
3,9418 3,9743
4,5813 4,6141
5,1582 5,1915
34 19:32
4,4294 4,4616
3,9422 3,9743
4,5810 4,6141
5,1582 5,1915
35 19:33
4,4284 4,4611
3,9413 3,9743
4,5803 4,6135
5,1572 5,1910
36 19:34
4,4284 4,4609
3,9413 3,9741
4,5803 4,6133
5,1571 5,1907
37 19:35
4,4284 4,4611
3,9413 3,9743
4,5803 4,6135
5,1570 5,1903
38 19:36
4,4284 4,4609
3,9412 3,9737
4,5803 4,6133
5,1571 5,1906
39 19:37
4,4284 4,4611
3,9409 3,9739
4,5803 4,6139
5,1577 5,1914
40 19:38
4,4284 4,4611
3,9406 3,9736
4,5807 4,6145
5,1578 5,1916
41 19:39
4,4284 4,4611
3,9406 3,9734
4,5808 4,6141
5,1578 5,1916
42 19:40
4,4283 4,4609
3,9406 3,9732
4,5807 4,6139
5,1577 5,1914
43 19:41
4,4284 4,4609
3,9401 3,9730
4,5808 4,6139
5,1572 5,1908
44 19:42
4,4284 4,4609
3,9391 3,9716
4,5803 4,6133
5,1565 5,1901
45 19:43
4,4284 4,4609
3,9388 3,9714
4,5804 4,6139
5,1566 5,1902
46 19:44
4,4284 4,4611
3,9384 3,9713
4,5803 4,6135
5,1564 5,1897
47 19:45
4,4291 4,4614
3,9386 3,9713
4,5805 4,6139
5,1572 5,1907
48 19:46
4,4291 4,4616
3,9384 3,9712
4,5806 4,6137
5,1574 5,1910
49 19:47
4,4295 4,4618
3,9387 3,9711
4,5810 4,6143
5,1578 5,1912
50 19:48
4,4291 4,4616
3,9379 3,9704
4,5810 4,6140
5,1573 5,1908
51 19:49
4,4288 4,4614
3,9380 3,9707
4,5809 4,6140
5,1575 5,1908
52 19:50
4,4288 4,4614
3,9381 3,9710
4,5809 4,6144
5,1570 5,1907
53 19:51
4,4289 4,4614
3,9381 3,9710
4,5808 4,6138
5,1571 5,1907
54 19:52
4,4288 4,4616
3,9385 3,9716
4,5809 4,6142
5,1573 5,1910
55 19:53
4,4286 4,4611
3,9385 3,9714
4,5799 4,6135
5,1572 5,1905
56 19:54
4,4289 4,4611
3,9391 3,9715
4,5805 4,6135
5,1574 5,1907
57 19:55
4,4282 4,4608
3,9391 3,9717
4,5797 4,6129
5,1566 5,1902
58 19:56
4,4289 4,4611
3,9397 3,9720
4,5803 4,6131
5,1577 5,1910
59 19:57
4,4289 4,4611
3,9401 3,9725
4,5794 4,6122
5,1571 5,1904
60 19:58
4,4287 4,4612
3,9393 3,9718
4,5787 4,6117
5,1569 5,1905
61 19:59
4,4287 4,4613
3,9388 3,9718
4,5797 4,6129
5,1569 5,1906
62 20:00
4,4290 4,4614
3,9393 3,9718
4,5801 4,6136
5,1574 5,1908
63 20:01
4,4286 4,4608
3,9386 3,9711
4,5802 4,6130
5,1567 5,1900
64 20:02
4,4287 4,4610
3,9384 3,9710
4,5801 4,6129
5,1569 5,1903
65 20:03
4,4286 4,4608
3,9384 3,9710
4,5797 4,6128
5,1562 5,1895
66 20:04
4,4286 4,4608
3,9386 3,9711
4,5797 4,6128
5,1567 5,1900
67 20:05
4,4287 4,4610
3,9386 3,9709
4,5797 4,6130
5,1568 5,1901
68 20:06
4,4286 4,4608
3,9384 3,9710
4,5801 4,6129
5,1568 5,1901
69 20:07
4,4286 4,4608
3,9384 3,9706
4,5796 4,6124
5,1568 5,1901
70 20:08
4,4286 4,4608
3,9386 3,9709
4,5796 4,6124
5,1568 5,1901
71 20:09
4,4286 4,4608
3,9384 3,9710
4,5796 4,6124
5,1565 5,1898
72 20:10
4,4286 4,4608
3,9384 3,9710
4,5796 4,6124
5,1565 5,1898
73 20:11
4,4286 4,4608
3,9384 3,9710
4,5796 4,6128
5,1565 5,1898
74 20:12
4,4286 4,4608
3,9386 3,9709
4,5796 4,6128
5,1561 5,1894
75 20:13
4,4286 4,4608
3,9386 3,9709
4,5796 4,6128
5,1565 5,1898
76 20:14
4,4286 4,4608
3,9386 3,9709
4,5796 4,6128
5,1562 5,1895
77 20:15
4,4287 4,4610
3,9387 3,9711
4,5801 4,6129
5,1562 5,1895
78 20:16
4,4286 4,4608
3,9386 3,9709
4,5801 4,6129
5,1562 5,1895
79 20:17
4,4286 4,4608
3,9386 3,9709
4,5801 4,6129
5,1562 5,1895
80 20:18
4,4279 4,4604
3,9379 3,9704
4,5794 4,6129
5,1554 5,1890
81 20:19
4,4286 4,4608
3,9391 3,9717
4,5801 4,6129
5,1556 5,1889
82 20:20
4,4287 4,4610
3,9390 3,9713
4,5801 4,6129
5,1556 5,1889
83 20:21
4,4287 4,4610
3,9386 3,9713
4,5801 4,6129
5,1556 5,1889
84 20:22
4,4287 4,4610
3,9386 3,9713
4,5801 4,6129
5,1556 5,1889
85 20:23
4,4287 4,4610
3,9390 3,9713
4,5801 4,6129
5,1553 5,1886
86 20:24
4,4287 4,4610
3,9390 3,9713
4,5801 4,6129
5,1549 5,1882
87 20:25
4,4286 4,4608
3,9391 3,9713
4,5801 4,6133
5,1552 5,1885
88 20:26
4,4286 4,4608
3,9391 3,9713
4,5805 4,6133
5,1562 5,1895
89 20:27
4,4287 4,4610
3,9392 3,9717
4,5806 4,6134
5,1554 5,1887
90 20:28
4,4279 4,4606
3,9384 3,9714
4,5798 4,6131
5,1548 5,1886
91 20:29
4,4279 4,4604
3,9384 3,9712
4,5798 4,6129
5,1547 5,1882
92 20:30
4,4279 4,4606
3,9384 3,9714
4,5801 4,6135
5,1548 5,1886
93 20:31
4,4279 4,4606
3,9384 3,9714
4,5803 4,6136
5,1552 5,1892
94 20:32
4,4272 4,4605
3,9376 3,9709
4,5796 4,6133
5,1546 5,1888
95 20:33
4,4270 4,4601
3,9376 3,9706
4,5794 4,6131
5,1536 5,1879
96 20:34
4,4269 4,4599
3,9375 3,9704
4,5793 4,6129
5,1537 5,1879
97 20:35
4,4269 4,4599
3,9375 3,9704
4,5793 4,6129
5,1537 5,1879
98 20:36
4,4271 4,4600
3,9377 3,9705
4,5795 4,6130
5,1537 5,1878
99 20:37
4,4269 4,4596
3,9375 3,9705
4,5792 4,6124
5,1536 5,1874
100 20:38
4,4268 4,4596
3,9378 3,9706
4,5798 4,6131
5,1535 5,1874
101 20:39
4,4270 4,4598
3,9376 3,9703
4,5794 4,6132
5,1538 5,1878
102 20:40
4,4279 4,4606
3,9379 3,9710
4,5808 4,6141
5,1548 5,1886
103 20:41
4,4279 4,4606
3,9379 3,9706
4,5803 4,6140
5,1548 5,1886
104 20:42
4,4279 4,4606
3,9380 3,9710
4,5807 4,6139
5,1548 5,1886
105 20:43
4,4279 4,4606
3,9379 3,9706
4,5803 4,6139
5,1546 5,1886
106 20:44
4,4279 4,4606
3,9380 3,9710
4,5807 4,6139
5,1548 5,1886
107 20:45
4,4279 4,4606
3,9377 3,9703
4,5807 4,6139
5,1546 5,1879
108 20:46
4,4279 4,4606
3,9377 3,9707
4,5807 4,6139
5,1546 5,1879
109 20:47
4,4279 4,4606
3,9377 3,9707
4,5807 4,6139
5,1546 5,1879
110 20:48
4,4279 4,4606
3,9377 3,9707
4,5808 4,6143
5,1548 5,1886
111 20:49
4,4279 4,4606
3,9379 3,9706
4,5807 4,6139
5,1548 5,1886
112 20:50
4,4278 4,4606
3,9379 3,9710
4,5808 4,6141
5,1548 5,1886
113 20:51
4,4278 4,4606
3,9380 3,9708
4,5807 4,6141
5,1547 5,1886
114 20:52
4,4279 4,4606
3,9379 3,9706
4,5807 4,6139
5,1548 5,1886
115 20:53
4,4278 4,4606
3,9376 3,9707
4,5807 4,6141
5,1547 5,1886
116 20:54
4,4279 4,4606
3,9373 3,9702
4,5805 4,6140
5,1548 5,1886
117 20:55
4,4279 4,4606
3,9370 3,9700
4,5805 4,6140
5,1542 5,1880
118 20:56
4,4279 4,4606
3,9375 3,9702
4,5803 4,6136
5,1546 5,1879
119 20:57
4,4279 4,4606
3,9377 3,9707
4,5803 4,6136
5,1548 5,1886
120 20:58
4,4279 4,4606
3,9377 3,9703
4,5798 4,6131
5,1548 5,1886
121 20:59
4,4280 4,4611
3,9377 3,9710
4,5795 4,6136
5,1549 5,1884
122 21:00
4,4282 4,4614
3,9377 3,9711
4,5803 4,6140
5,1551 5,1894
123 21:01
4,4284 4,4613
3,9378 3,9710
4,5798 4,6132
5,1558 5,1899
124 21:02
4,4283 4,4613
3,9377 3,9706
4,5791 4,6130
5,1553 5,1895
125 21:03
4,4284 4,4612
3,9375 3,9703
4,5790 4,6127
5,1554 5,1893
126 21:04
4,4285 4,4612
3,9370 3,9701
4,5795 4,6128
5,1555 5,1893
127 21:05
4,4284 4,4612
3,9371 3,9699
4,5790 4,6129
5,1554 5,1893
128 21:06
4,4284 4,4612
3,9375 3,9703
4,5790 4,6129
5,1554 5,1893
129 21:07
4,4279 4,4610
3,9366 3,9700
4,5783 4,6125
5,1540 5,1883
130 21:08
4,4279 4,4608
3,9365 3,9694
4,5783 4,6123
5,1534 5,1875
131 21:09
4,4286 4,4612
3,9373 3,9699
4,5787 4,6123
5,1544 5,1881
132 21:10
4,4287 4,4614
3,9372 3,9699
4,5791 4,6129
5,1545 5,1883
133 21:11
4,4295 4,4618
3,9379 3,9706
4,5800 4,6128
5,1554 5,1888
134 21:12
4,4295 4,4618
3,9383 3,9706
4,5800 4,6128
5,1554 5,1888
135 21:13
4,4295 4,4618
3,9383 3,9710
4,5800 4,6128
5,1554 5,1888
136 21:14
4,4295 4,4618
3,9383 3,9706
4,5800 4,6128
5,1550 5,1883
137 21:15
4,4294 4,4616
3,9383 3,9706
4,5800 4,6128
5,1550 5,1883
138 21:16
4,4295 4,4618
3,9383 3,9706
4,5800 4,6128
5,1554 5,1888
139 21:17
4,4295 4,4618
3,9383 3,9706
4,5800 4,6128
5,1548 5,1882
140 21:18
4,4295 4,4618
3,9383 3,9706
4,5800 4,6128
5,1548 5,1882
141 21:19
4,4295 4,4618
3,9383 3,9706
4,5805 4,6134
5,1554 5,1888
142 21:20
4,4286 4,4612
3,9373 3,9703
4,5791 4,6125
5,1544 5,1881
143 21:21
4,4277 4,4608
3,9365 3,9695
4,5786 4,6126
5,1544 5,1888
144 21:22
4,4275 4,4604
3,9363 3,9695
4,5789 4,6124
5,1540 5,1881
145 21:23
4,4274 4,4602
3,9362 3,9693
4,5788 4,6122
5,1536 5,1875
146 21:24
4,4275 4,4602
3,9361 3,9688
4,5789 4,6122
5,1543 5,1881
147 21:25
4,4275 4,4602
3,9363 3,9689
4,5789 4,6122
5,1543 5,1881
148 21:26
4,4274 4,4602
3,9362 3,9689
4,5788 4,6122
5,1542 5,1881
149 21:27
4,4275 4,4602
3,9363 3,9689
4,5789 4,6122
5,1543 5,1881
150 21:28
4,4275 4,4602
3,9363 3,9693
4,5789 4,6122
5,1543 5,1881
151 21:29
4,4275 4,4602
3,9363 3,9693
4,5789 4,6122
5,1543 5,1881
152 21:30
4,4274 4,4602
3,9362 3,9693
4,5788 4,6122
5,1542 5,1881
153 21:31
4,4275 4,4604
3,9363 3,9695
4,5789 4,6124
5,1543 5,1883
154 21:32
4,4274 4,4604
3,9362 3,9695
4,5793 4,6129
5,1543 5,1885
155 21:33
4,4275 4,4604
3,9366 3,9698
4,5794 4,6129
5,1543 5,1883
156 21:34
4,4275 4,4604
3,9366 3,9698
4,5799 4,6134
5,1543 5,1883
157 21:35
4,4270 4,4598
3,9362 3,9693
4,5789 4,6127
5,1538 5,1878
158 21:36
4,4270 4,4598
3,9362 3,9693
4,5789 4,6127
5,1538 5,1878
159 21:37
4,4271 4,4600
3,9363 3,9695
4,5795 4,6130
5,1537 5,1878
160 21:38
4,4270 4,4600
3,9365 3,9694
4,5794 4,6130
5,1538 5,1880
161 21:39
4,4270 4,4600
3,9365 3,9694
4,5790 4,6131
5,1538 5,1880
162 21:40
4,4267 4,4596
3,9359 3,9691
4,5790 4,6124
5,1526 5,1867
163 21:41
4,4266 4,4595
3,9358 3,9690
4,5789 4,6123
5,1525 5,1866
164 21:42
4,4265 4,4594
3,9357 3,9689
4,5788 4,6122
5,1530 5,1871
165 21:43
4,4265 4,4594
3,9357 3,9689
4,5788 4,6122
5,1530 5,1871
166 21:44
4,4256 4,4594
3,9350 3,9690
4,5779 4,6123
5,1523 5,1873
167 21:45
4,4265 4,4594
3,9357 3,9689
4,5788 4,6122
5,1530 5,1871
168 21:46
4,4256 4,4592
3,9352 3,9689
4,5780 4,6123
5,1513 5,1864
169 21:47
4,4265 4,4594
3,9361 3,9689
4,5788 4,6122
5,1524 5,1865
170 21:48
4,4265 4,4594
3,9357 3,9689
4,5788 4,6122
5,1519 5,1859
171 21:49
4,4251 4,4584
3,9344 3,9680
4,5772 4,6112
5,1509 5,1855
172 21:50
4,4234 4,4569
3,9333 3,9671
4,5755 4,6098
5,1483 5,1831
173 21:51
4,4243 4,4578
3,9345 3,9679
4,5764 4,6106
5,1493 5,1840
174 21:52
4,4242 4,4576
3,9344 3,9677
4,5765 4,6105
5,1494 5,1840
175 21:53
4,4242 4,4576
3,9340 3,9677
4,5765 4,6105
5,1494 5,1840
176 21:54
4,4243 4,4578
3,9341 3,9679
4,5766 4,6107
5,1487 5,1834
177 21:55
4,4244 4,4579
3,9341 3,9678
4,5767 4,6108
5,1494 5,1835
178 21:56
4,4239 4,4577
3,9338 3,9677
4,5762 4,6106
5,1485 5,1835
179 21:57
4,4242 4,4577
3,9342 3,9677
4,5765 4,6106
5,1493 5,1835
180 21:58
4,4245 4,4580
3,9350 3,9684
4,5768 4,6109
5,1496 5,1844
181 21:59
4,4245 4,4580
3,9342 3,9679
4,5762 4,6104
5,1495 5,1842
182 22:00
4,4247 4,4583
3,9342 3,9680
4,5765 4,6107
5,1500 5,1842
183 22:01
4,4246 4,4582
3,9347 3,9686
4,5760 4,6106
5,1497 5,1846
184 22:02
4,4253 4,4588
3,9364 3,9698
4,5771 4,6112
5,1499 5,1847
185 22:03
Definite connection error