#======================
2023-9-27
# 1.EUR, 2.USD, 3.CHF, 4.GBP
Sell Price, Buy Price
1 08:28:20
4,5809 4,6131
4,3357 4,3679
4,7256 4,7584
5,2702 5,3034
2 08:29:21
4,5808 4,6130
4,3364 4,3686
4,7263 4,7591
5,2713 5,3045
3 08:30:21
4,5797 4,6119
4,3350 4,3672
4,7243 4,7571
5,2698 5,3030
4 08:31:21
4,5769 4,6091
4,3327 4,3649
4,7214 4,7542
5,2652 5,2984
5 08:32:21
4,5764 4,6086
4,3323 4,3645
4,7210 4,7538
5,2645 5,2977
6 08:33:21
4,5737 4,6059
4,3295 4,3617
4,7181 4,7509
5,2618 5,2950
7 08:34:21
4,5734 4,6056
4,3297 4,3619
4,7189 4,7517
5,2617 5,2949
8 08:35:20
4,5788 4,6110
4,3349 4,3671
4,7253 4,7581
5,2678 5,3010
9 08:36:20
4,5793 4,6115
4,3356 4,3678
4,7263 4,7591
5,2687 5,3019
10 08:37:20
4,5786 4,6108
4,3344 4,3666
4,7254 4,7582
5,2676 5,3008
11 08:38:21
4,5777 4,6099
4,3333 4,3655
4,7247 4,7575
5,2675 5,3007
12 08:39:21
4,5774 4,6096
4,3330 4,3652
4,7244 4,7572
5,2665 5,2997
13 08:40:21
4,5794 4,6116
4,3351 4,3673
4,7267 4,7595
5,2687 5,3019
14 08:41:21
4,5791 4,6113
4,3350 4,3672
4,7267 4,7595
5,2697 5,3029
15 08:42:20
4,5791 4,6113
4,3351 4,3673
4,7267 4,7595
5,2700 5,3032
16 08:43:20
4,5783 4,6105
4,3345 4,3667
4,7259 4,7587
5,2691 5,3023
17 08:44:21
4,5779 4,6101
4,3348 4,3670
4,7250 4,7578
5,2683 5,3015
18 08:45:21
4,5779 4,6101
4,3346 4,3668
4,7251 4,7579
5,2684 5,3016
19 08:46:21
4,5788 4,6110
4,3346 4,3668
4,7259 4,7587
5,2694 5,3026
20 08:47:20
4,5807 4,6129
4,3360 4,3682
4,7278 4,7606
5,2720 5,3052
21 08:48:20
4,5811 4,6133
4,3359 4,3681
4,7277 4,7605
5,2716 5,3048
22 08:49:21
4,5820 4,6142
4,3365 4,3687
4,7289 4,7617
5,2730 5,3062
23 08:50:21
4,5814 4,6136
4,3358 4,3680
4,7283 4,7611
5,2720 5,3052
24 08:51:21
4,5816 4,6138
4,3361 4,3683
4,7292 4,7620
5,2725 5,3057
25 08:52:21
4,5814 4,6136
4,3362 4,3684
4,7295 4,7623
5,2721 5,3053
26 08:53:20
4,5805 4,6127
4,3349 4,3671
4,7288 4,7616
5,2712 5,3044
27 08:54:20
4,5803 4,6125
4,3345 4,3667
4,7289 4,7617
5,2709 5,3041
28 08:55:21
4,5813 4,6135
4,3353 4,3675
4,7300 4,7628
5,2727 5,3059
29 08:56:21
4,5819 4,6141
4,3356 4,3678
4,7301 4,7629
5,2732 5,3064
30 08:57:21
4,5822 4,6144
4,3349 4,3671
4,7294 4,7622
5,2731 5,3063
31 08:58:20
4,5839 4,6161
4,3365 4,3687
4,7311 4,7639
5,2746 5,3078
32 08:59:20
4,5847 4,6169
4,3379 4,3701
4,7319 4,7647
5,2745 5,3077
33 09:00:21
4,5842 4,6164
4,3372 4,3694
4,7314 4,7642
5,2736 5,3068
34 09:01:21
4,5848 4,6170
4,3371 4,3693
4,7328 4,7656
5,2739 5,3071
35 09:02:21
4,5850 4,6172
4,3375 4,3697
4,7327 4,7655
5,2740 5,3072
36 09:03:21
4,5857 4,6179
4,3382 4,3704
4,7341 4,7669
5,2748 5,3080
37 09:04:28
4,5859 4,6181
4,3377 4,3699
4,7339 4,7667
5,2741 5,3073
38 09:05:20
4,5869 4,6191
4,3387 4,3709
4,7355 4,7683
5,2753 5,3085
39 09:07:20
4,5868 4,6190
4,3405 4,3727
4,7357 4,7685
5,2746 5,3078
40 09:08:20
4,5863 4,6185
4,3402 4,3724
4,7355 4,7683
5,2740 5,3072
41 09:09:20
4,5868 4,6190
4,3413 4,3735
4,7358 4,7686
5,2742 5,3074
42 09:10:20
4,5857 4,6179
4,3394 4,3716
4,7352 4,7680
5,2730 5,3062
43 09:11:23
4,5862 4,6184
4,3399 4,3721
4,7360 4,7688
5,2739 5,3071
44 09:12:21
4,5847 4,6169
4,3386 4,3708
4,7353 4,7681
5,2721 5,3053
45 09:13:21
4,5851 4,6173
4,3389 4,3711
4,7348 4,7676
5,2727 5,3059
46 09:14:21
4,5855 4,6177
4,3400 4,3722
4,7357 4,7685
5,2739 5,3071
47 09:15:22
4,5855 4,6177
4,3400 4,3722
4,7362 4,7690
5,2737 5,3069
48 09:16:21
4,5856 4,6178
4,3402 4,3724
4,7373 4,7701
5,2751 5,3083
49 09:17:21
4,5859 4,6181
4,3404 4,3726
4,7371 4,7699
5,2748 5,3080
50 09:18:21
4,5855 4,6177
4,3392 4,3714
4,7367 4,7695
5,2740 5,3072
51 09:19:20
4,5862 4,6184
4,3405 4,3727
4,7374 4,7702
5,2754 5,3086
52 09:20:20
4,5862 4,6184
4,3401 4,3723
4,7371 4,7699
5,2751 5,3083
53 09:21:21
4,5826 4,6148
4,3355 4,3677
4,7337 4,7665
5,2707 5,3039
54 09:22:21
4,5826 4,6148
4,3358 4,3680
4,7339 4,7667
5,2716 5,3048
55 09:23:21
4,5827 4,6149
4,3351 4,3673
4,7341 4,7669
5,2708 5,3040
56 09:24:21
4,5843 4,6165
4,3367 4,3689
4,7357 4,7685
5,2726 5,3058
57 09:25:20
4,5841 4,6163
4,3363 4,3685
4,7355 4,7683
5,2723 5,3055
58 09:26:20
4,5842 4,6164
4,3365 4,3687
4,7358 4,7686
5,2716 5,3048
59 09:27:21
4,5859 4,6181
4,3383 4,3705
4,7376 4,7704
5,2735 5,3067
60 09:28:21
4,5857 4,6179
4,3372 4,3694
4,7374 4,7702
5,2730 5,3062
61 09:29:22
4,5857 4,6179
4,3372 4,3694
4,7376 4,7704
5,2724 5,3056
62 09:30:21
4,5855 4,6177
4,3372 4,3694
4,7374 4,7702
5,2728 5,3060
63 09:31:21
4,5859 4,6181
4,3372 4,3694
4,7372 4,7700
5,2728 5,3060
64 09:32:20
4,5860 4,6182
4,3379 4,3701
4,7372 4,7700
5,2725 5,3057
65 09:33:20
4,5863 4,6185
4,3373 4,3695
4,7370 4,7698
5,2728 5,3060
66 09:34:20
4,5863 4,6185
4,3385 4,3707
4,7351 4,7679
5,2737 5,3069
67 09:35:21
4,5870 4,6192
4,3392 4,3714
4,7375 4,7703
5,2748 5,3080
68 09:36:21
4,5869 4,6191
4,3397 4,3719
4,7381 4,7709
5,2749 5,3081
69 09:37:21
4,5864 4,6186
4,3395 4,3717
4,7376 4,7704
5,2744 5,3076
70 09:38:20
4,5864 4,6186
4,3393 4,3715
4,7376 4,7704
5,2744 5,3076
71 09:39:20
4,5866 4,6188
4,3397 4,3719
4,7363 4,7691
5,2747 5,3079
72 09:40:21
4,5870 4,6192
4,3396 4,3718
4,7385 4,7713
5,2751 5,3083
73 09:41:21
4,5871 4,6193
4,3400 4,3722
4,7387 4,7715
5,2753 5,3085
74 09:42:21
4,5867 4,6189
4,3397 4,3719
4,7381 4,7709
5,2749 5,3081
75 09:43:20
4,5866 4,6188
4,3404 4,3726
4,7382 4,7710
5,2748 5,3080
76 09:44:20
4,5877 4,6199
4,3412 4,3734
4,7389 4,7717
5,2757 5,3089
77 09:45:21
4,5878 4,6200
4,3411 4,3733
4,7393 4,7721
5,2754 5,3086
78 09:46:21
4,5878 4,6200
4,3415 4,3737
4,7390 4,7718
5,2763 5,3095
79 09:47:21
4,5877 4,6199
4,3414 4,3736
4,7386 4,7714
5,2755 5,3087
80 09:48:20
4,5880 4,6202
4,3415 4,3737
4,7387 4,7715
5,2765 5,3097
81 09:49:21
4,5881 4,6203
4,3414 4,3736
4,7381 4,7709
5,2771 5,3103
82 09:50:21
4,5882 4,6204
4,3411 4,3733
4,7379 4,7707
5,2770 5,3102
83 09:51:21
4,5882 4,6204
4,3415 4,3737
4,7382 4,7710
5,2770 5,3102
84 09:52:21
4,5892 4,6214
4,3427 4,3749
4,7395 4,7723
5,2785 5,3117
85 09:53:20
4,5887 4,6209
4,3420 4,3742
4,7386 4,7714
5,2776 5,3108
86 09:54:21
4,5890 4,6212
4,3426 4,3748
4,7390 4,7718
5,2781 5,3113
87 09:55:21
4,5893 4,6215
4,3427 4,3749
4,7390 4,7718
5,2786 5,3118
88 09:56:21
4,5886 4,6208
4,3421 4,3743
4,7381 4,7709
5,2778 5,3110
89 09:57:20
4,5887 4,6209
4,3419 4,3741
4,7381 4,7709
5,2781 5,3113
90 09:58:20
4,5901 4,6223
4,3435 4,3757
4,7406 4,7734
5,2800 5,3132
91 09:59:28
4,5902 4,6224
4,3439 4,3761
4,7410 4,7738
5,2803 5,3135
92 10:00:21
4,5902 4,6224
4,3444 4,3766
4,7412 4,7740
5,2799 5,3131
93 10:01:22
4,5909 4,6231
4,3451 4,3773
4,7420 4,7748
5,2808 5,3140
94 10:02:21
4,5916 4,6238
4,3457 4,3779
4,7428 4,7756
5,2818 5,3150
95 10:03:21
4,5906 4,6228
4,3436 4,3758
4,7410 4,7738
5,2804 5,3136
96 10:04:21
4,5907 4,6229
4,3437 4,3759
4,7410 4,7738
5,2799 5,3131
97 10:05:21
4,5900 4,6222
4,3427 4,3749
4,7407 4,7735
5,2803 5,3135
98 10:06:21
4,5903 4,6225
4,3437 4,3759
4,7413 4,7741
5,2810 5,3142
99 10:07:21
4,5903 4,6225
4,3430 4,3752
4,7405 4,7733
5,2809 5,3141
100 10:08:21
4,5906 4,6228
4,3434 4,3756
4,7409 4,7737
5,2816 5,3148
101 10:09:21
4,5904 4,6226
4,3438 4,3760
4,7407 4,7735
5,2820 5,3152
102 10:10:21
4,5909 4,6231
4,3438 4,3760
4,7412 4,7740
5,2825 5,3157
103 10:11:20
4,5907 4,6229
4,3442 4,3764
4,7419 4,7747
5,2810 5,3142
104 10:12:20
4,5906 4,6228
4,3440 4,3762
4,7418 4,7746
5,2811 5,3143
105 10:13:21
4,5911 4,6233
4,3444 4,3766
4,7423 4,7751
5,2815 5,3147
106 10:14:21
4,5909 4,6231
4,3450 4,3772
4,7425 4,7753
5,2810 5,3142
107 10:15:21
4,5908 4,6230
4,3450 4,3772
4,7420 4,7748
5,2806 5,3138
108 10:16:21
4,5905 4,6227
4,3457 4,3779
4,7415 4,7743
5,2801 5,3133
109 10:17:21
4,5905 4,6227
4,3458 4,3780
4,7418 4,7746
5,2806 5,3138
110 10:18:21
4,5910 4,6232
4,3456 4,3778
4,7428 4,7756
5,2811 5,3143
111 10:19:21
4,5913 4,6235
4,3453 4,3775
4,7422 4,7750
5,2815 5,3147
112 10:20:21
4,5914 4,6236
4,3453 4,3775
4,7417 4,7745
5,2809 5,3141
113 10:21:21
4,5915 4,6237
4,3463 4,3785
4,7425 4,7753
5,2814 5,3146
114 10:22:20
4,5918 4,6240
4,3460 4,3782
4,7422 4,7750
5,2821 5,3153
115 10:23:20
4,5917 4,6239
4,3456 4,3778
4,7420 4,7748
5,2822 5,3154
116 10:24:21
4,5914 4,6236
4,3445 4,3767
4,7417 4,7745
5,2821 5,3153
117 10:25:21
4,5914 4,6236
4,3447 4,3769
4,7421 4,7749
5,2834 5,3166
118 10:26:21
4,5914 4,6236
4,3449 4,3771
4,7414 4,7742
5,2837 5,3169
119 10:27:21
4,5908 4,6230
4,3440 4,3762
4,7408 4,7736
5,2830 5,3162
120 10:28:21
4,5908 4,6230
4,3438 4,3760
4,7408 4,7736
5,2833 5,3165
121 10:29:21
4,5915 4,6237
4,3447 4,3769
4,7419 4,7747
5,2852 5,3184
122 10:30:43
4,5910 4,6232
4,3439 4,3761
4,7410 4,7738
5,2848 5,3180
123 10:31:24
4,5898 4,6220
4,3424 4,3746
4,7395 4,7723
5,2838 5,3170
124 10:32:21
4,5898 4,6220
4,3430 4,3752
4,7393 4,7721
5,2849 5,3181
125 10:33:21
4,5899 4,6221
4,3437 4,3759
4,7396 4,7724
5,2850 5,3182
126 10:34:21
4,5896 4,6218
4,3442 4,3764
4,7403 4,7731
5,2848 5,3180
127 10:35:21
4,5896 4,6218
4,3443 4,3765
4,7403 4,7731
5,2850 5,3182
128 10:36:20
4,5899 4,6221
4,3442 4,3764
4,7402 4,7730
5,2842 5,3174
129 10:37:20
4,5901 4,6223
4,3443 4,3765
4,7409 4,7737
5,2844 5,3176
130 10:38:20
4,5901 4,6223
4,3451 4,3773
4,7411 4,7739
5,2844 5,3176
131 10:39:21
4,5888 4,6210
4,3439 4,3761
4,7398 4,7726
5,2829 5,3161
132 10:40:21
4,5885 4,6207
4,3428 4,3750
4,7392 4,7720
5,2825 5,3157
133 10:41:21
4,5882 4,6204
4,3425 4,3747
4,7391 4,7719
5,2819 5,3151
134 10:42:21
4,5882 4,6204
4,3425 4,3747
4,7388 4,7716
5,2815 5,3147
135 10:43:20
4,5881 4,6203
4,3420 4,3742
4,7382 4,7710
5,2817 5,3149
136 10:44:20
4,5884 4,6206
4,3423 4,3745
4,7386 4,7714
5,2824 5,3156
137 10:45:20
4,5884 4,6206
4,3423 4,3745
4,7386 4,7714
5,2818 5,3150
138 10:46:21
4,5875 4,6197
4,3415 4,3737
4,7372 4,7700
5,2811 5,3143
139 10:47:21
4,5876 4,6198
4,3416 4,3738
4,7371 4,7699
5,2806 5,3138
140 10:48:21
4,5875 4,6197
4,3415 4,3737
4,7376 4,7704
5,2802 5,3134
141 10:49:21
4,5876 4,6198
4,3418 4,3740
4,7383 4,7711
5,2806 5,3138
142 10:50:21
4,5876 4,6198
4,3419 4,3741
4,7385 4,7713
5,2806 5,3138
143 10:51:21
4,5881 4,6205
4,3437 4,3759
4,7398 4,7726
5,2813 5,3145
144 10:52:21
4,5883 4,6207
4,3441 4,3763
4,7401 4,7729
5,2817 5,3149
145 10:53:21
4,5887 4,6211
4,3439 4,3761
4,7400 4,7728
5,2817 5,3149
146 10:54:21
4,5897 4,6221
4,3451 4,3773
4,7410 4,7738
5,2824 5,3156
147 10:55:22
4,5895 4,6219
4,3457 4,3779
4,7398 4,7726
5,2816 5,3148
148 10:56:21
4,5896 4,6218
4,3459 4,3781
4,7413 4,7741
5,2819 5,3151
149 10:57:21
4,5902 4,6224
4,3472 4,3794
4,7418 4,7746
5,2832 5,3164
150 10:58:21
4,5905 4,6227
4,3480 4,3802
4,7422 4,7750
5,2841 5,3173
151 10:59:27
4,5900 4,6222
4,3469 4,3791
4,7420 4,7748
5,2830 5,3162
152 11:00:20
4,5884 4,6206
4,3452 4,3774
4,7401 4,7729
5,2815 5,3147
153 11:01:28
4,5894 4,6216
4,3465 4,3787
4,7408 4,7736
5,2829 5,3161
154 11:02:21
4,5886 4,6208
4,3463 4,3785
4,7403 4,7731
5,2823 5,3155
155 11:03:21
4,5886 4,6208
4,3458 4,3780
4,7403 4,7731
5,2820 5,3152
156 11:04:22
4,5890 4,6212
4,3459 4,3781
4,7402 4,7730
5,2821 5,3153
157 11:05:21
4,5889 4,6211
4,3455 4,3777
4,7406 4,7734
5,2815 5,3147
158 11:06:21
4,5888 4,6210
4,3464 4,3786
4,7405 4,7734
5,2828 5,3160
159 11:07:20
4,5894 4,6216
4,3472 4,3794
4,7411 4,7740
5,2835 5,3167
160 11:08:28
4,5892 4,6214
4,3467 4,3789
4,7409 4,7738
5,2833 5,3165
161 11:09:20
4,5892 4,6214
4,3465 4,3787
4,7404 4,7733
5,2833 5,3165
162 11:10:20
4,5893 4,6215
4,3466 4,3788
4,7405 4,7734
5,2834 5,3166
163 11:11:20
4,5901 4,6223
4,3472 4,3794
4,7409 4,7737
5,2844 5,3176
164 11:12:20
4,5905 4,6227
4,3476 4,3798
4,7418 4,7746
5,2846 5,3178
165 11:13:21
4,5910 4,6232
4,3483 4,3805
4,7428 4,7756
5,2852 5,3184
166 11:14:21
4,5902 4,6224
4,3479 4,3801
4,7417 4,7745
5,2845 5,3177
167 11:15:21
4,5913 4,6235
4,3494 4,3816
4,7435 4,7763
5,2860 5,3192
168 11:16:21
4,5912 4,6234
4,3495 4,3817
4,7435 4,7763
5,2859 5,3191
169 11:17:21
4,5913 4,6235
4,3481 4,3803
4,7435 4,7763
5,2857 5,3189
170 11:18:21
4,5913 4,6235
4,3487 4,3809
4,7430 4,7758
5,2866 5,3198
171 11:19:21
4,5912 4,6234
4,3483 4,3805
4,7427 4,7755
5,2863 5,3195
172 11:20:21
4,5916 4,6238
4,3483 4,3805
4,7427 4,7755
5,2859 5,3191
173 11:21:22
4,5918 4,6240
4,3492 4,3814
4,7426 4,7754
5,2860 5,3192
174 11:23:20
4,5918 4,6240
4,3499 4,3821
4,7429 4,7757
5,2861 5,3193
175 11:24:20
4,5922 4,6244
4,3500 4,3822
4,7435 4,7763
5,2868 5,3200
176 11:25:21
4,5933 4,6255
4,3513 4,3835
4,7446 4,7774
5,2878 5,3210
177 11:26:21
4,5933 4,6255
4,3517 4,3839
4,7449 4,7777
5,2872 5,3204
178 11:27:21
4,5933 4,6255
4,3515 4,3837
4,7449 4,7777
5,2871 5,3203
179 11:28:20
4,5938 4,6260
4,3516 4,3838
4,7459 4,7787
5,2871 5,3203
180 11:29:20
4,5938 4,6260
4,3516 4,3838
4,7462 4,7790
5,2869 5,3201
181 11:30:20
4,5934 4,6256
4,3511 4,3833
4,7456 4,7784
5,2858 5,3190
182 11:31:20
4,5931 4,6253
4,3511 4,3833
4,7454 4,7782
5,2858 5,3190
183 11:32:21
4,5932 4,6254
4,3514 4,3836
4,7456 4,7784
5,2865 5,3197
184 11:33:21
4,5930 4,6252
4,3514 4,3836
4,7456 4,7784
5,2858 5,3190
185 11:34:21
4,5932 4,6254
4,3518 4,3840
4,7459 4,7787
5,2863 5,3195
186 11:35:20
4,5932 4,6254
4,3519 4,3841
4,7461 4,7789
5,2858 5,3190
187 11:36:20
4,5930 4,6252
4,3516 4,3838
4,7457 4,7785
5,2852 5,3184
188 11:37:20
4,5933 4,6255
4,3519 4,3841
4,7458 4,7786
5,2855 5,3187
189 11:38:20
4,5933 4,6255
4,3521 4,3843
4,7461 4,7789
5,2859 5,3191
190 11:39:21
4,5940 4,6262
4,3526 4,3848
4,7466 4,7794
5,2867 5,3199
191 11:40:21
4,5941 4,6263
4,3529 4,3851
4,7470 4,7798
5,2878 5,3210
192 11:41:21
4,5965 4,6287
4,3551 4,3873
4,7486 4,7814
5,2901 5,3233
193 11:42:20
4,5961 4,6283
4,3546 4,3868
4,7486 4,7814
5,2898 5,3230
194 11:43:20
4,5961 4,6283
4,3547 4,3869
4,7490 4,7818
5,2897 5,3229
195 11:44:21
4,5964 4,6286
4,3550 4,3872
4,7493 4,7821
5,2900 5,3232
196 11:45:21
4,5977 4,6299
4,3563 4,3885
4,7502 4,7830
5,2915 5,3247
197 11:46:21
4,5978 4,6300
4,3559 4,3881
4,7500 4,7828
5,2916 5,3248
198 11:47:21
4,5975 4,6297
4,3551 4,3873
4,7495 4,7823
5,2910 5,3242
199 11:48:21
4,5974 4,6296
4,3545 4,3867
4,7501 4,7829
5,2925 5,3257
200 11:49:20
4,5976 4,6298
4,3543 4,3865
4,7500 4,7828
5,2917 5,3249
201 11:50:20
4,5984 4,6306
4,3551 4,3873
4,7514 4,7842
5,2924 5,3256
202 11:51:21
4,5983 4,6305
4,3550 4,3872
4,7508 4,7836
5,2917 5,3249
203 11:52:21
4,5988 4,6310
4,3552 4,3874
4,7513 4,7841
5,2910 5,3242
204 11:53:21
4,5987 4,6309
4,3543 4,3865
4,7507 4,7835
5,2924 5,3256
205 11:54:21
4,5985 4,6307
4,3538 4,3860
4,7518 4,7846
5,2913 5,3245
206 11:55:21
4,5993 4,6315
4,3543 4,3865
4,7526 4,7854
5,2940 5,3272
207 11:56:21
4,5994 4,6316
4,3542 4,3864
4,7527 4,7855
5,2945 5,3277
208 11:57:21
4,5996 4,6318
4,3554 4,3876
4,7534 4,7862
5,2947 5,3279
209 11:58:20
4,5999 4,6321
4,3557 4,3879
4,7532 4,7860
5,2951 5,3283
210 11:59:20
4,5998 4,6320
4,3566 4,3888
4,7530 4,7858
5,2951 5,3283
211 12:00:20
4,5996 4,6318
4,3556 4,3878
4,7519 4,7847
5,2947 5,3279
212 12:01:21
4,5996 4,6318
4,3562 4,3884
4,7524 4,7852
5,2956 5,3288
213 12:02:21
4,5996 4,6318
4,3554 4,3876
4,7515 4,7843
5,2953 5,3285
214 12:03:21
4,5999 4,6321
4,3557 4,3879
4,7522 4,7850
5,2953 5,3285
215 12:04:21
4,6000 4,6322
4,3560 4,3882
4,7523 4,7851
5,2945 5,3277
216 12:05:20
4,6008 4,6330
4,3567 4,3889
4,7538 4,7866
5,2958 5,3290
217 12:06:20
4,6024 4,6346
4,3584 4,3906
4,7555 4,7883
5,2975 5,3307
218 12:07:20
4,6024 4,6346
4,3582 4,3904
4,7555 4,7883
5,2970 5,3302
219 12:08:21
4,6035 4,6357
4,3591 4,3913
4,7564 4,7892
5,2986 5,3318
220 12:09:21
4,6039 4,6361
4,3590 4,3912
4,7563 4,7891
5,2987 5,3319
221 12:10:21
4,6037 4,6359
4,3593 4,3915
4,7564 4,7892
5,2985 5,3317
222 12:11:21
4,6036 4,6358
4,3592 4,3914
4,7563 4,7891
5,2978 5,3310
223 12:12:20
4,6036 4,6358
4,3588 4,3910
4,7558 4,7886
5,2984 5,3316
224 12:13:20
4,6036 4,6358
4,3593 4,3915
4,7557 4,7885
5,2983 5,3315
225 12:14:21
4,6023 4,6345
4,3586 4,3908
4,7545 4,7873
5,2972 5,3304
226 12:15:21
4,6015 4,6337
4,3580 4,3902
4,7533 4,7861
5,2966 5,3298
227 12:16:21
4,6019 4,6341
4,3584 4,3906
4,7535 4,7863
5,2970 5,3302
228 12:17:21
4,6018 4,6340
4,3583 4,3905
4,7531 4,7859
5,2969 5,3301
229 12:18:20
4,6017 4,6339
4,3582 4,3904
4,7528 4,7856
5,2967 5,3299
230 12:19:20
4,6020 4,6342
4,3582 4,3904
4,7533 4,7861
5,2974 5,3306
231 12:20:21
4,6019 4,6341
4,3582 4,3904
4,7532 4,7860
5,2980 5,3312
232 12:21:21
4,6023 4,6345
4,3589 4,3911
4,7539 4,7867
5,2983 5,3315
233 12:22:21
4,6031 4,6353
4,3595 4,3917
4,7553 4,7881
5,2990 5,3322
234 12:23:21
4,6029 4,6351
4,3596 4,3918
4,7553 4,7881
5,2991 5,3323
235 12:24:20
4,6026 4,6348
4,3593 4,3915
4,7547 4,7875
5,2999 5,3331
236 12:25:20
4,6036 4,6358
4,3604 4,3926
4,7558 4,7886
5,3011 5,3343
237 12:26:20
4,6036 4,6358
4,3602 4,3924
4,7557 4,7885
5,3013 5,3345
238 12:27:21
4,6035 4,6357
4,3601 4,3923
4,7557 4,7885
5,3015 5,3347
239 12:28:21
4,6040 4,6362
4,3606 4,3928
4,7562 4,7890
5,3022 5,3354
240 12:29:21
4,6043 4,6365
4,3607 4,3929
4,7561 4,7889
5,3026 5,3358
241 12:30:20
4,6043 4,6365
4,3611 4,3933
4,7563 4,7891
5,3026 5,3358
242 12:31:20
4,6044 4,6366
4,3608 4,3930
4,7556 4,7884
5,3020 5,3352
243 12:32:20
4,6055 4,6377
4,3622 4,3944
4,7572 4,7900
5,3030 5,3362
244 12:33:21
4,6060 4,6382
4,3629 4,3951
4,7568 4,7896
5,3030 5,3362
245 12:34:21
4,6061 4,6383
4,3628 4,3950
4,7574 4,7902
5,3031 5,3363
246 12:35:21
4,6069 4,6391
4,3644 4,3966
4,7590 4,7918
5,3049 5,3381
247 12:36:21
4,6073 4,6395
4,3653 4,3975
4,7600 4,7928
5,3063 5,3395
248 12:37:20
4,6086 4,6408
4,3661 4,3983
4,7609 4,7937
5,3071 5,3403
249 12:38:20
4,6085 4,6407
4,3659 4,3981
4,7604 4,7932
5,3068 5,3400
250 12:39:20
4,6110 4,6432
4,3683 4,4005
4,7632 4,7960
5,3096 5,3428
251 12:40:21
4,6108 4,6430
4,3679 4,4001
4,7623 4,7951
5,3095 5,3427
252 12:41:21
4,6108 4,6430
4,3679 4,4001
4,7623 4,7951
5,3092 5,3424
253 12:42:21
4,6107 4,6429
4,3684 4,4006
4,7626 4,7954
5,3090 5,3422
254 12:43:20
4,6114 4,6436
4,3688 4,4010
4,7633 4,7961
5,3094 5,3426
255 12:44:20
4,6121 4,6443
4,3693 4,4015
4,7634 4,7962
5,3097 5,3429
256 12:45:21
4,6105 4,6427
4,3678 4,4000
4,7611 4,7939
5,3078 5,3410
257 12:46:20
4,6108 4,6430
4,3681 4,4003
4,7612 4,7940
5,3082 5,3414
258 12:47:20
4,6109 4,6431
4,3683 4,4005
4,7611 4,7939
5,3083 5,3415
259 12:48:21
4,6106 4,6428
4,3689 4,4011
4,7612 4,7940
5,3082 5,3414
260 12:49:21
4,6106 4,6428
4,3685 4,4007
4,7612 4,7940
5,3082 5,3414
261 12:50:21
4,6103 4,6425
4,3682 4,4004
4,7604 4,7932
5,3082 5,3414
262 12:51:21
4,6103 4,6425
4,3682 4,4004
4,7602 4,7930
5,3079 5,3411
263 12:52:21
4,6114 4,6436
4,3691 4,4013
4,7614 4,7942
5,3090 5,3422
264 12:53:20
4,6114 4,6436
4,3691 4,4013
4,7614 4,7942
5,3089 5,3421
265 12:54:20
4,6114 4,6436
4,3688 4,4010
4,7616 4,7944
5,3089 5,3421
266 12:55:20
4,6119 4,6441
4,3693 4,4015
4,7621 4,7949
5,3098 5,3430
267 12:56:21
4,6100 4,6422
4,3673 4,3995
4,7599 4,7927
5,3072 5,3404
268 12:57:21
4,6099 4,6421
4,3679 4,4001
4,7599 4,7927
5,3075 5,3407
269 12:58:21
4,6105 4,6427
4,3684 4,4006
4,7604 4,7932
5,3075 5,3407
270 12:59:21
4,6101 4,6423
4,3680 4,4002
4,7597 4,7925
5,3067 5,3399
271 13:00:21
4,6100 4,6422
4,3679 4,4001
4,7594 4,7922
5,3057 5,3389
272 13:01:20
4,6101 4,6423
4,3687 4,4009
4,7588 4,7916
5,3062 5,3394
273 13:02:20
4,6095 4,6417
4,3681 4,4003
4,7587 4,7915
5,3050 5,3382
274 13:03:21
4,6095 4,6417
4,3681 4,4003
4,7587 4,7915
5,3050 5,3382
275 13:04:21
4,6068 4,6390
4,3649 4,3971
4,7556 4,7884
5,3023 5,3355
276 13:05:21
4,6060 4,6382
4,3643 4,3965
4,7543 4,7871
5,3014 5,3346
277 13:06:21
4,6050 4,6372
4,3636 4,3958
4,7534 4,7862
5,3006 5,3338
278 13:07:21
4,6045 4,6367
4,3633 4,3955
4,7530 4,7858
5,3003 5,3335
279 13:08:20
4,6054 4,6376
4,3646 4,3968
4,7542 4,7870
5,3018 5,3350
280 13:09:20
4,6059 4,6381
4,3646 4,3968
4,7544 4,7872
5,3025 5,3357
281 13:10:20
4,6058 4,6380
4,3642 4,3964
4,7541 4,7869
5,3021 5,3353
282 13:11:21
4,6056 4,6378
4,3638 4,3960
4,7539 4,7867
5,3022 5,3354
283 13:12:21
4,6056 4,6378
4,3636 4,3958
4,7539 4,7867
5,3022 5,3354
284 13:13:21
4,6057 4,6379
4,3647 4,3969
4,7546 4,7874
5,3027 5,3359
285 13:14:20
4,6060 4,6382
4,3656 4,3978
4,7556 4,7884
5,3037 5,3369
286 13:15:20
4,6061 4,6383
4,3663 4,3985
4,7547 4,7875
5,3028 5,3360
287 13:16:21
4,6065 4,6387
4,3679 4,4001
4,7557 4,7885
5,3042 5,3374
288 13:17:21
4,6060 4,6382
4,3674 4,3996
4,7552 4,7880
5,3038 5,3370
289 13:18:21
4,6058 4,6380
4,3670 4,3992
4,7548 4,7876
5,3039 5,3371
290 13:19:21
4,6057 4,6379
4,3682 4,4004
4,7545 4,7873
5,3042 5,3374
291 13:20:21
4,6060 4,6382
4,3686 4,4008
4,7549 4,7877
5,3049 5,3381
292 13:21:20
4,6060 4,6382
4,3685 4,4007
4,7548 4,7876
5,3053 5,3385
293 13:22:20
4,6063 4,6385
4,3698 4,4020
4,7549 4,7877
5,3057 5,3389
294 13:24:20
4,6060 4,6382
4,3720 4,4042
4,7557 4,7885
5,3069 5,3401
295 13:25:21
4,6059 4,6381
4,3713 4,4035
4,7559 4,7887
5,3068 5,3400
296 13:26:21
4,6057 4,6379
4,3708 4,4030
4,7552 4,7880
5,3060 5,3392
297 13:27:21
4,6059 4,6381
4,3709 4,4031
4,7551 4,7879
5,3068 5,3400
298 13:28:21
4,6059 4,6381
4,3713 4,4035
4,7555 4,7883
5,3078 5,3410
299 13:29:20
4,6065 4,6387
4,3717 4,4039
4,7561 4,7889
5,3082 5,3414
300 13:30:20
4,6063 4,6385
4,3711 4,4033
4,7556 4,7884
5,3077 5,3409
301 13:31:20
4,6065 4,6387
4,3713 4,4035
4,7556 4,7884
5,3075 5,3407
302 13:32:20
4,6069 4,6391
4,3710 4,4032
4,7562 4,7890
5,3074 5,3406
303 13:33:21
4,6070 4,6392
4,3707 4,4029
4,7568 4,7896
5,3072 5,3404
304 13:34:21
4,6056 4,6378
4,3695 4,4017
4,7553 4,7881
5,3067 5,3399
305 13:35:21
4,6043 4,6365
4,3684 4,4006
4,7533 4,7861
5,3047 5,3379
306 13:36:20
4,6048 4,6370
4,3697 4,4019
4,7539 4,7867
5,3047 5,3379
307 13:37:20
4,6037 4,6359
4,3690 4,4012
4,7528 4,7856
5,3041 5,3373
308 13:38:21
4,6039 4,6361
4,3692 4,4014
4,7527 4,7855
5,3037 5,3369
309 13:39:21
4,6057 4,6379
4,3716 4,4038
4,7550 4,7878
5,3064 5,3396
310 13:40:21
4,6061 4,6383
4,3722 4,4044
4,7557 4,7885
5,3074 5,3406
311 13:41:21
4,6067 4,6389
4,3723 4,4045
4,7568 4,7896
5,3077 5,3409
312 13:42:20
4,6084 4,6406
4,3735 4,4057
4,7586 4,7914
5,3098 5,3430
313 13:43:20
4,6085 4,6407
4,3728 4,4050
4,7587 4,7915
5,3095 5,3427
314 13:44:21
4,6085 4,6407
4,3734 4,4056
4,7589 4,7917
5,3101 5,3433
315 13:45:21
4,6072 4,6394
4,3719 4,4041
4,7575 4,7903
5,3088 5,3420
316 13:46:21
4,6070 4,6392
4,3721 4,4043
4,7578 4,7906
5,3100 5,3432
317 13:47:21
4,6069 4,6391
4,3722 4,4044
4,7592 4,7920
5,3101 5,3433
318 13:48:21
4,6066 4,6388
4,3712 4,4034
4,7589 4,7917
5,3090 5,3422
319 13:49:21
4,6063 4,6385
4,3701 4,4023
4,7586 4,7914
5,3094 5,3426
320 13:50:20
4,6059 4,6381
4,3693 4,4015
4,7579 4,7907
5,3090 5,3422
321 13:51:20
4,6042 4,6364
4,3676 4,3998
4,7564 4,7892
5,3062 5,3394
322 13:52:21
4,6051 4,6373
4,3686 4,4008
4,7570 4,7898
5,3077 5,3409
323 13:53:21
4,6053 4,6375
4,3681 4,4003
4,7570 4,7898
5,3065 5,3397
324 13:54:21
4,6051 4,6373
4,3677 4,3999
4,7556 4,7884
5,3065 5,3397
325 13:55:20
4,6051 4,6373
4,3679 4,4001
4,7554 4,7882
5,3054 5,3386
326 13:56:20
4,6050 4,6372
4,3669 4,3991
4,7548 4,7876
5,3059 5,3391
327 13:57:20
4,6049 4,6371
4,3668 4,3990
4,7542 4,7870
5,3054 5,3386
328 13:58:21
4,6048 4,6370
4,3680 4,4002
4,7546 4,7874
5,3052 5,3384
329 13:59:21
4,6038 4,6360
4,3675 4,3997
4,7540 4,7868
5,3044 5,3376
330 14:00:21
4,6027 4,6349
4,3668 4,3990
4,7529 4,7857
5,3035 5,3367
331 14:01:20
4,6024 4,6346
4,3667 4,3989
4,7524 4,7852
5,3029 5,3361
332 14:02:21
4,6024 4,6346
4,3665 4,3987
4,7526 4,7854
5,3025 5,3357
333 14:03:20
4,6027 4,6349
4,3664 4,3986
4,7539 4,7867
5,3028 5,3360
334 14:04:20
4,6027 4,6349
4,3670 4,3992
4,7544 4,7872
5,3032 5,3364
335 14:05:21
4,6071 4,6393
4,3715 4,4037
4,7590 4,7918
5,3083 5,3415
336 14:06:21
4,6080 4,6402
4,3729 4,4051
4,7592 4,7920
5,3089 5,3421
337 14:07:21
4,6076 4,6398
4,3723 4,4045
4,7594 4,7922
5,3087 5,3419
338 14:08:21
4,6076 4,6398
4,3722 4,4044
4,7594 4,7922
5,3078 5,3410
339 14:09:21
4,6077 4,6399
4,3726 4,4048
4,7600 4,7928
5,3092 5,3424
340 14:10:20
4,6082 4,6404
4,3737 4,4059
4,7602 4,7930
5,3108 5,3440
341 14:11:20
4,6084 4,6406
4,3733 4,4055
4,7598 4,7926
5,3106 5,3438
342 14:12:21
4,6081 4,6403
4,3729 4,4051
4,7594 4,7922
5,3103 5,3435
343 14:13:21
4,6081 4,6403
4,3729 4,4051
4,7589 4,7917
5,3112 5,3444
344 14:14:21
4,6078 4,6400
4,3733 4,4055
4,7586 4,7914
5,3102 5,3434
345 14:15:20
4,6076 4,6398
4,3721 4,4043
4,7582 4,7910
5,3084 5,3416
346 14:16:20
4,6073 4,6395
4,3710 4,4032
4,7579 4,7907
5,3075 5,3407
347 14:17:20
4,6058 4,6380
4,3700 4,4022
4,7571 4,7899
5,3070 5,3402
348 14:18:21
4,6033 4,6355
4,3667 4,3989
4,7547 4,7875
5,3036 5,3368
349 14:19:21
4,6034 4,6356
4,3665 4,3987
4,7546 4,7874
5,3032 5,3364
350 14:20:21
4,6036 4,6358
4,3664 4,3986
4,7541 4,7869
5,3029 5,3361
351 14:21:21
4,6032 4,6354
4,3646 4,3968
4,7531 4,7859
5,3015 5,3347
352 14:22:21
4,6032 4,6354
4,3650 4,3972
4,7534 4,7862
5,3016 5,3348
353 14:23:20
4,6046 4,6368
4,3690 4,4012
4,7565 4,7893
5,3041 5,3373
354 14:24:21
4,6072 4,6394
4,3713 4,4035
4,7590 4,7918
5,3086 5,3418
355 14:25:21
4,6074 4,6396
4,3709 4,4031
4,7587 4,7915
5,3095 5,3427
356 14:26:21
4,6047 4,6369
4,3682 4,4004
4,7560 4,7888
5,3058 5,3390
357 14:27:21
4,6035 4,6357
4,3666 4,3988
4,7542 4,7870
5,3050 5,3382
358 14:28:20
4,6046 4,6368
4,3664 4,3986
4,7559 4,7887
5,3067 5,3399
359 14:29:20
4,6054 4,6376
4,3676 4,3998
4,7571 4,7899
5,3072 5,3404
360 14:30:20
4,6053 4,6375
4,3684 4,4006
4,7575 4,7903
5,3075 5,3407
361 14:31:21
4,6065 4,6387
4,3715 4,4037
4,7595 4,7923
5,3106 5,3438
362 14:32:21
4,6066 4,6388
4,3715 4,4037
4,7593 4,7921
5,3103 5,3435
363 14:33:21
4,6072 4,6394
4,3717 4,4039
4,7602 4,7930
5,3109 5,3441
364 14:34:20
4,6067 4,6389
4,3702 4,4024
4,7600 4,7928
5,3094 5,3426
365 14:35:20
4,6064 4,6386
4,3699 4,4021
4,7599 4,7927
5,3087 5,3419
366 14:36:20
4,6054 4,6376
4,3702 4,4024
4,7591 4,7919
5,3075 5,3407
367 14:37:21
4,6057 4,6379
4,3695 4,4017
4,7580 4,7908
5,3078 5,3410
368 14:38:21
4,6051 4,6373
4,3676 4,3998
4,7566 4,7894
5,3068 5,3400
369 14:39:21
4,6051 4,6373
4,3672 4,3994
4,7568 4,7896
5,3065 5,3397
370 14:40:21
4,6053 4,6375
4,3682 4,4004
4,7570 4,7898
5,3067 5,3399
371 14:41:21
4,6057 4,6379
4,3698 4,4020
4,7581 4,7909
5,3072 5,3404
372 14:42:21
4,6054 4,6376
4,3675 4,3997
4,7571 4,7899
5,3068 5,3400
373 14:43:21
4,6055 4,6377
4,3682 4,4004
4,7572 4,7900
5,3066 5,3398
374 14:44:20
4,6055 4,6377
4,3680 4,4002
4,7568 4,7896
5,3061 5,3393
375 14:45:21
4,6060 4,6382
4,3675 4,3997
4,7573 4,7901
5,3066 5,3398
376 14:46:20
4,6069 4,6391
4,3683 4,4005
4,7585 4,7913
5,3077 5,3409
377 14:47:20
4,6067 4,6389
4,3670 4,3992
4,7575 4,7903
5,3061 5,3393
378 14:48:21
4,6070 4,6392
4,3672 4,3994
4,7578 4,7906
5,3066 5,3398
379 14:49:21
4,6072 4,6394
4,3671 4,3993
4,7580 4,7908
5,3065 5,3397
380 14:50:21
4,6079 4,6401
4,3688 4,4010
4,7597 4,7925
5,3079 5,3411
381 14:51:21
4,6073 4,6395
4,3680 4,4002
4,7588 4,7916
5,3065 5,3397
382 14:52:21
4,6068 4,6390
4,3672 4,3994
4,7586 4,7914
5,3061 5,3393
383 14:53:21
4,6067 4,6389
4,3671 4,3993
4,7582 4,7910
5,3059 5,3391
384 14:54:22
4,6071 4,6393
4,3671 4,3993
4,7580 4,7908
5,3061 5,3393
385 14:55:21
4,6073 4,6395
4,3674 4,3996
4,7581 4,7909
5,3073 5,3405
386 14:56:21
4,6083 4,6405
4,3678 4,4000
4,7592 4,7920
5,3093 5,3425
387 14:57:21
4,6109 4,6431
4,3700 4,4022
4,7623 4,7951
5,3116 5,3448
388 14:58:21
4,6111 4,6433
4,3710 4,4032
4,7632 4,7960
5,3118 5,3450
389 14:59:21
4,6093 4,6415
4,3696 4,4018
4,7614 4,7942
5,3092 5,3424
390 15:00:20
4,6099 4,6421
4,3710 4,4032
4,7623 4,7951
5,3106 5,3438
391 15:01:20
4,6107 4,6429
4,3715 4,4037
4,7632 4,7960
5,3115 5,3447
392 15:02:21
4,6106 4,6428
4,3714 4,4036
4,7639 4,7967
5,3128 5,3460
393 15:03:21
4,6101 4,6423
4,3718 4,4040
4,7637 4,7965
5,3120 5,3452
394 15:04:20
4,6099 4,6421
4,3718 4,4040
4,7635 4,7963
5,3114 5,3446
395 15:05:20
4,6098 4,6420
4,3721 4,4043
4,7634 4,7962
5,3116 5,3448
396 15:06:21
4,6099 4,6421
4,3724 4,4046
4,7627 4,7955
5,3104 5,3436
397 15:07:21
4,6099 4,6421
4,3708 4,4030
4,7625 4,7953
5,3105 5,3437
398 15:08:21
4,6102 4,6424
4,3715 4,4037
4,7626 4,7954
5,3121 5,3453
399 15:09:21
4,6093 4,6415
4,3700 4,4022
4,7617 4,7945
5,3109 5,3441
400 15:10:41
4,6093 4,6415
4,3697 4,4019
4,7621 4,7949
5,3114 5,3446
401 15:11:21
4,6101 4,6423
4,3709 4,4031
4,7635 4,7963
5,3125 5,3457
402 15:12:21
4,6097 4,6419
4,3709 4,4031
4,7635 4,7963
5,3127 5,3459
403 15:13:21
4,6104 4,6426
4,3722 4,4044
4,7650 4,7978
5,3141 5,3473
404 15:14:20
4,6118 4,6440
4,3728 4,4050
4,7661 4,7989
5,3160 5,3492
405 15:15:21
4,6134 4,6456
4,3738 4,4060
4,7675 4,8003
5,3184 5,3516
406 15:16:21
4,6110 4,6432
4,3712 4,4034
4,7657 4,7985
5,3152 5,3484
407 15:17:21
4,6112 4,6434
4,3715 4,4037
4,7668 4,7996
5,3172 5,3504
408 15:18:21
4,6111 4,6433
4,3725 4,4047
4,7678 4,8006
5,3181 5,3513
409 15:19:20
4,6113 4,6435
4,3729 4,4051
4,7671 4,7999
5,3179 5,3511
410 15:20:20
4,6118 4,6440
4,3730 4,4052
4,7670 4,7998
5,3186 5,3518
411 15:21:21
4,6119 4,6441
4,3730 4,4052
4,7678 4,8006
5,3195 5,3527
412 15:22:21
4,6137 4,6459
4,3762 4,4084
4,7692 4,8020
5,3210 5,3542
413 15:23:21
4,6139 4,6461
4,3774 4,4096
4,7699 4,8027
5,3207 5,3539
414 15:24:21
4,6144 4,6466
4,3773 4,4095
4,7704 4,8032
5,3208 5,3540
415 15:25:21
4,6145 4,6467
4,3776 4,4098
4,7710 4,8038
5,3210 5,3542
416 15:26:21
4,6172 4,6494
4,3806 4,4128
4,7737 4,8063
5,3256 5,3588
417 15:27:21
4,6220 4,6542
4,3854 4,4176
4,7784 4,8063
5,3301 5,3633
418 15:28:21
4,6209 4,6531
4,3858 4,4180
4,7781 4,8063
5,3288 5,3620
419 15:29:39
4,6203 4,6525
4,3856 4,4178
4,7777 4,8063
5,3302 5,3634
420 15:30:20
4,6192 4,6514
4,3860 4,4182
4,7774 4,8102
5,3293 5,3625
421 15:31:20
4,6192 4,6514
4,3858 4,4180
4,7778 4,8106
5,3302 5,3634
422 15:32:21
4,6198 4,6520
4,3868 4,4190
4,7780 4,8108
5,3306 5,3638
423 15:33:21
4,6214 4,6536
4,3898 4,4220
4,7803 4,8131
5,3330 5,3662
424 15:34:21
4,6221 4,6543
4,3913 4,4235
4,7812 4,8140
5,3343 5,3675
425 15:35:21
4,6195 4,6517
4,3886 4,4208
4,7782 4,8110
5,3311 5,3643
426 15:36:21
4,6198 4,6520
4,3887 4,4209
4,7785 4,8113
5,3316 5,3648
427 15:37:20
4,6202 4,6524
4,3891 4,4213
4,7784 4,8112
5,3316 5,3648
428 15:38:20
4,6206 4,6528
4,3895 4,4217
4,7795 4,8123
5,3320 5,3652
429 15:39:21
4,6198 4,6520
4,3887 4,4209
4,7797 4,8125
5,3315 5,3647
430 15:40:21
4,6181 4,6503
4,3869 4,4191
4,7779 4,8107
5,3292 5,3624
431 15:41:21
4,6155 4,6477
4,3854 4,4176
4,7755 4,8083
5,3264 5,3596
432 15:42:21
4,6178 4,6500
4,3882 4,4204
4,7774 4,8102
5,3291 5,3623
433 15:43:21
4,6155 4,6477
4,3852 4,4174
4,7743 4,8071
5,3259 5,3591
434 15:44:20
4,6163 4,6485
4,3866 4,4188
4,7758 4,8086
5,3273 5,3605
435 15:45:20
4,6142 4,6464
4,3836 4,4158
4,7729 4,8057
5,3248 5,3580
436 15:46:20
4,6135 4,6457
4,3825 4,4147
4,7728 4,8056
5,3239 5,3571
437 15:47:20
4,6134 4,6456
4,3835 4,4157
4,7734 4,8062
5,3243 5,3575
438 15:48:21
4,6144 4,6466
4,3850 4,4172
4,7746 4,8074
5,3259 5,3591
439 15:49:21
4,6156 4,6478
4,3866 4,4188
4,7771 4,8099
5,3276 5,3608
440 15:50:21
4,6142 4,6464
4,3874 4,4196
4,7764 4,8092
5,3266 5,3598
441 15:51:21
4,6133 4,6455
4,3863 4,4185
4,7755 4,8083
5,3252 5,3584
442 15:52:21
4,6132 4,6454
4,3864 4,4186
4,7761 4,8089
5,3252 5,3584
443 15:53:20
4,6138 4,6460
4,3870 4,4192
4,7747 4,8075
5,3255 5,3587
444 15:54:20
4,6135 4,6457
4,3880 4,4202
4,7750 4,8078
5,3267 5,3599
445 15:55:20
4,6135 4,6457
4,3881 4,4203
4,7751 4,8079
5,3278 5,3610
446 15:56:20
4,6135 4,6457
4,3878 4,4200
4,7757 4,8085
5,3283 5,3615
447 15:57:21
4,6142 4,6464
4,3879 4,4201
4,7758 4,8086
5,3290 5,3622
448 15:58:21
4,6142 4,6464
4,3859 4,4181
4,7749 4,8077
5,3277 5,3609
449 15:59:21
4,6145 4,6467
4,3857 4,4179
4,7750 4,8078
5,3269 5,3601
450 16:00:20
4,6145 4,6467
4,3863 4,4185
4,7762 4,8090
5,3278 5,3610
451 16:01:20
4,6146 4,6468
4,3861 4,4183
4,7754 4,8082
5,3274 5,3606
452 16:02:21
4,6159 4,6481
4,3875 4,4197
4,7763 4,8091
5,3282 5,3614
453 16:03:21
4,6182 4,6504
4,3917 4,4239
4,7790 4,8118
5,3306 5,3638
454 16:04:21
4,6184 4,6506
4,3905 4,4227
4,7782 4,8110
5,3307 5,3639
455 16:05:21
4,6182 4,6504
4,3918 4,4240
4,7778 4,8106
5,3315 5,3647
456 16:06:20
4,6192 4,6514
4,3933 4,4255
4,7788 4,8116
5,3326 5,3658
457 16:07:20
4,6187 4,6509
4,3922 4,4244
4,7785 4,8113
5,3317 5,3649
458 16:08:21
4,6186 4,6508
4,3922 4,4244
4,7801 4,8129
5,3322 5,3654
459 16:09:21
4,6188 4,6510
4,3926 4,4248
4,7807 4,8135
5,3329 5,3661
460 16:10:21
4,6195 4,6517
4,3924 4,4246
4,7802 4,8130
5,3333 5,3665
461 16:11:21
4,6194 4,6516
4,3927 4,4249
4,7798 4,8126
5,3329 5,3661
462 16:12:21
4,6202 4,6524
4,3949 4,4271
4,7807 4,8135
5,3344 5,3676
463 16:13:20
4,6207 4,6529
4,3961 4,4283
4,7821 4,8149
5,3350 5,3682
464 16:14:20
4,6220 4,6542
4,3975 4,4297
4,7840 4,8168
5,3380 5,3712
465 16:15:21
4,6232 4,6554
4,3984 4,4306
4,7852 4,8180
5,3393 5,3725
466 16:16:21
4,6224 4,6546
4,3971 4,4293
4,7842 4,8170
5,3379 5,3711
467 16:17:21
4,6228 4,6550
4,3968 4,4290
4,7850 4,8178
5,3387 5,3719
468 16:18:21
4,6189 4,6511
4,3935 4,4257
4,7807 4,8135
5,3330 5,3662
469 16:19:21
4,6188 4,6510
4,3930 4,4252
4,7804 4,8132
5,3322 5,3654
470 16:20:20
4,6180 4,6502
4,3926 4,4248
4,7800 4,8128
5,3320 5,3652
471 16:21:21
4,6173 4,6495
4,3915 4,4237
4,7801 4,8129
5,3309 5,3641
472 16:22:21
4,6167 4,6489
4,3910 4,4232
4,7798 4,8126
5,3316 5,3648
473 16:23:21
4,6159 4,6481
4,3902 4,4224
4,7786 4,8114
5,3319 5,3651
474 16:24:21
4,6159 4,6481
4,3888 4,4210
4,7774 4,8102
5,3312 5,3644
475 16:25:20
4,6142 4,6464
4,3873 4,4195
4,7756 4,8084
5,3292 5,3624
476 16:26:20
4,6158 4,6480
4,3867 4,4189
4,7763 4,8091
5,3314 5,3646
477 16:27:21
4,6163 4,6485
4,3860 4,4182
4,7763 4,8091
5,3312 5,3644
478 16:28:21
4,6154 4,6476
4,3849 4,4171
4,7754 4,8082
5,3301 5,3633
479 16:29:21
4,6147 4,6469
4,3864 4,4186
4,7749 4,8077
5,3306 5,3638
480 16:30:20
4,6152 4,6474
4,3879 4,4201
4,7758 4,8086
5,3320 5,3652
481 16:31:20
4,6161 4,6483
4,3885 4,4207
4,7769 4,8097
5,3333 5,3665
482 16:32:20
4,6117 4,6439
4,3856 4,4178
4,7718 4,8046
5,3286 5,3618
483 16:33:21
4,6110 4,6432
4,3853 4,4175
4,7713 4,8041
5,3277 5,3609
484 16:34:20
4,6115 4,6437
4,3856 4,4178
4,7719 4,8047
5,3271 5,3603
485 16:35:21
4,6117 4,6439
4,3858 4,4180
4,7713 4,8041
5,3280 5,3612
486 16:36:21
4,6118 4,6440
4,3849 4,4171
4,7717 4,8045
5,3284 5,3616
487 16:37:21
4,6116 4,6438
4,3847 4,4169
4,7715 4,8043
5,3278 5,3610
488 16:38:21
4,6134 4,6456
4,3852 4,4174
4,7731 4,8059
5,3294 5,3626
489 16:39:20
4,6134 4,6456
4,3849 4,4171
4,7731 4,8059
5,3287 5,3619
490 16:40:20
4,6134 4,6456
4,3859 4,4181
4,7736 4,8064
5,3287 5,3619
491 16:41:21
4,6134 4,6456
4,3862 4,4184
4,7728 4,8056
5,3282 5,3614
492 16:42:21
4,6133 4,6455
4,3850 4,4172
4,7722 4,8050
5,3280 5,3612
493 16:43:21
4,6123 4,6445
4,3851 4,4173
4,7717 4,8045
5,3280 5,3612
494 16:44:21
4,6120 4,6442
4,3850 4,4172
4,7708 4,8036
5,3276 5,3608
495 16:45:21
4,6115 4,6437
4,3861 4,4183
4,7718 4,8046
5,3281 5,3613
496 16:46:21
4,6108 4,6430
4,3853 4,4175
4,7706 4,8034
5,3269 5,3601
497 16:47:21
4,6103 4,6425
4,3849 4,4171
4,7694 4,8022
5,3261 5,3593
498 16:48:21
4,6108 4,6430
4,3853 4,4175
4,7701 4,8029
5,3262 5,3594
499 16:49:20
4,6110 4,6432
4,3856 4,4178
4,7703 4,8031
5,3264 5,3596
500 16:50:20
4,6111 4,6433
4,3863 4,4185
4,7710 4,8038
5,3267 5,3599
501 16:51:21
4,6126 4,6448
4,3879 4,4201
4,7728 4,8056
5,3272 5,3604
502 16:52:21
4,6148 4,6470
4,3905 4,4227
4,7746 4,8074
5,3284 5,3616
503 16:53:21
4,6150 4,6472
4,3906 4,4228
4,7747 4,8075
5,3296 5,3628
504 16:54:20
4,6151 4,6473
4,3901 4,4223
4,7753 4,8081
5,3289 5,3621
505 16:55:20
4,6158 4,6480
4,3897 4,4219
4,7758 4,8086
5,3296 5,3628
506 16:56:21
4,6151 4,6473
4,3894 4,4216
4,7763 4,8091
5,3306 5,3638
507 16:57:21
4,6163 4,6485
4,3917 4,4239
4,7772 4,8100
5,3325 5,3657
508 16:58:21
4,6163 4,6485
4,3921 4,4243
4,7758 4,8086
5,3320 5,3652
509 16:59:21
4,6162 4,6484
4,3916 4,4238
4,7750 4,8078
5,3328 5,3660
510 17:00:21
4,6158 4,6480
4,3920 4,4242
4,7744 4,8072
5,3298 5,3630
511 17:01:20
4,6186 4,6508
4,3932 4,4254
4,7777 4,8105
5,3344 5,3676
512 17:02:20
4,6165 4,6487
4,3912 4,4234
4,7765 4,8093
5,3317 5,3649
513 17:03:20
4,6166 4,6488
4,3894 4,4216
4,7761 4,8089
5,3311 5,3643
514 17:04:21
4,6170 4,6492
4,3881 4,4203
4,7768 4,8096
5,3293 5,3625
515 17:05:21
4,6173 4,6495
4,3893 4,4215
4,7776 4,8104
5,3308 5,3640
516 17:06:21
4,6173 4,6495
4,3903 4,4225
4,7774 4,8102
5,3314 5,3646
517 17:07:21
4,6176 4,6498
4,3900 4,4222
4,7772 4,8100
5,3317 5,3649
518 17:08:20
4,6176 4,6498
4,3893 4,4215
4,7764 4,8092
5,3308 5,3640
519 17:09:20
4,6158 4,6480
4,3866 4,4188
4,7744 4,8072
5,3291 5,3623
520 17:10:20
4,6160 4,6482
4,3870 4,4192
4,7741 4,8069
5,3296 5,3628
521 17:11:21
4,6154 4,6476
4,3877 4,4199
4,7734 4,8062
5,3281 5,3613
522 17:12:21
4,6158 4,6480
4,3878 4,4200
4,7740 4,8068
5,3278 5,3610
523 17:13:20
4,6125 4,6447
4,3854 4,4176
4,7705 4,8033
5,3237 5,3569
524 17:14:21
4,6112 4,6434
4,3845 4,4167
4,7693 4,8021
5,3233 5,3565
525 17:15:20
4,6110 4,6432
4,3843 4,4165
4,7696 4,8024
5,3241 5,3573
526 17:16:20
4,6107 4,6429
4,3838 4,4160
4,7693 4,8021
5,3244 5,3576
527 17:17:21
4,6114 4,6436
4,3844 4,4166
4,7700 4,8028
5,3251 5,3583
528 17:18:21
4,6107 4,6429
4,3845 4,4167
4,7695 4,8023
5,3242 5,3574
529 17:19:21
4,6111 4,6433
4,3850 4,4172
4,7702 4,8030
5,3250 5,3582
530 17:20:20
4,6104 4,6426
4,3833 4,4155
4,7695 4,8023
5,3228 5,3560
531 17:21:20
4,6105 4,6427
4,3838 4,4160
4,7703 4,8031
5,3232 5,3564
532 17:22:20
4,6097 4,6419
4,3831 4,4153
4,7686 4,8014
5,3223 5,3555
533 17:23:21
4,6100 4,6422
4,3829 4,4151
4,7693 4,8021
5,3228 5,3560
534 17:24:21
4,6088 4,6410
4,3808 4,4130
4,7678 4,8006
5,3223 5,3555
535 17:25:21
4,6102 4,6424
4,3823 4,4145
4,7691 4,8019
5,3233 5,3565
536 17:26:21
4,6102 4,6424
4,3823 4,4145
4,7692 4,8020
5,3238 5,3570
537 17:27:21
4,6090 4,6412
4,3822 4,4144
4,7683 4,8011
5,3230 5,3562
538 17:28:20
4,6109 4,6431
4,3832 4,4154
4,7706 4,8034
5,3266 5,3598
539 17:29:20
4,6099 4,6421
4,3824 4,4146
4,7692 4,8020
5,3262 5,3594
540 17:30:21
4,6071 4,6393
4,3798 4,4120
4,7666 4,7994
5,3229 5,3561
541 17:31:21
4,6075 4,6397
4,3785 4,4111
4,7662 4,7990
5,3216 5,3548
542 17:32:21
4,6057 4,6379
4,3780 4,4102
4,7644 4,7972
5,3192 5,3524
543 17:33:20
4,6058 4,6380
4,3773 4,4095
4,7645 4,7973
5,3202 5,3534
544 17:34:20
4,6059 4,6381
4,3772 4,4094
4,7643 4,7971
5,3198 5,3530
545 17:35:21
4,6060 4,6382
4,3779 4,4101
4,7647 4,7975
5,3202 5,3534
546 17:36:21
4,6064 4,6386
4,3776 4,4098
4,7646 4,7974
5,3203 5,3535
547 17:37:21
4,6066 4,6388
4,3791 4,4113
4,7651 4,7979
5,3215 5,3547
548 17:38:21
4,6069 4,6391
4,3788 4,4110
4,7652 4,7980
5,3219 5,3551
549 17:39:20
4,6067 4,6389
4,3786 4,4108
4,7662 4,7990
5,3218 5,3550
550 17:40:20
4,6069 4,6391
4,3790 4,4112
4,7659 4,7987
5,3219 5,3551
551 17:41:20
4,6066 4,6388
4,3792 4,4114
4,7655 4,7983
5,3218 5,3550
552 17:42:21
4,6067 4,6389
4,3792 4,4115
4,7652 4,7980
5,3207 5,3539
553 17:43:21
4,6070 4,6392
4,3788 4,4110
4,7655 4,7983
5,3210 5,3542
554 17:44:20
4,6073 4,6395
4,3785 4,4108
4,7655 4,7983
5,3207 5,3539
555 17:45:20
4,6075 4,6397
4,3785 4,4107
4,7657 4,7985
5,3197 5,3529
556 17:46:21
4,6078 4,6400
4,3790 4,4113
4,7665 4,7993
5,3204 5,3536
557 17:47:21
4,6105 4,6430
4,3821 4,4145
4,7688 4,8018
5,3229 5,3563
558 17:48:21
4,6098 4,6420
4,3819 4,4141
4,7679 4,8007
5,3220 5,3552
559 17:49:21
4,6085 4,6411
4,3812 4,4137
4,7668 4,8000
5,3206 5,3542
560 17:50:21
4,6066 4,6388
4,3792 4,4114
4,7645 4,7973
5,3190 5,3522
561 17:51:20
4,6060 4,6382
4,3787 4,4109
4,7634 4,7962
5,3177 5,3509
562 17:52:21
4,6074 4,6402
4,3818 4,4144
4,7658 4,7991
5,3206 5,3544
563 17:53:20
4,6078 4,6400
4,3825 4,4147
4,7660 4,7988
5,3216 5,3548
564 17:54:20
4,6086 4,6408
4,3840 4,4162
4,7672 4,8000
5,3229 5,3561
565 17:55:21
4,6084 4,6406
4,3839 4,4161
4,7669 4,7997
5,3226 5,3558
566 17:56:21
4,6071 4,6393
4,3827 4,4149
4,7655 4,7983
5,3211 5,3543
567 17:57:21
4,6085 4,6407
4,3845 4,4167
4,7671 4,7999
5,3231 5,3563
568 17:58:20
4,6088 4,6410
4,3843 4,4165
4,7671 4,7999
5,3231 5,3563
569 17:59:21
4,6105 4,6427
4,3865 4,4187
4,7686 4,8014
5,3248 5,3580
570 18:00:20
4,6099 4,6433
4,3863 4,4200
4,7683 4,8024
5,3239 5,3586
571 18:01:20
4,6109 4,6450
4,3872 4,4219
4,7687 4,8039
5,3246 5,3594
572 18:02:21
4,6113 4,6447
4,3877 4,4218
4,7697 4,8037
5,3244 5,3585
573 18:03:21
4,6110 4,6445
4,3876 4,4214
4,7694 4,8035
5,3240 5,3586
574 18:04:21
4,6105 4,6437
4,3869 4,4204
4,7684 4,8026
5,3224 5,3567
575 18:05:21
4,6106 4,6439
4,3878 4,4217
4,7691 4,8033
5,3231 5,3574
576 18:06:20
4,6102 4,6430
4,3879 4,4214
4,7686 4,8024
5,3219 5,3551
577 18:07:20
4,6103 4,6434
4,3878 4,4216
4,7691 4,8028
5,3215 5,3556
578 18:08:21
4,6101 4,6431
4,3878 4,4215
4,7689 4,8025
5,3212 5,3552
579 18:09:21
4,6069 4,6403
4,3847 4,4188
4,7652 4,7993
5,3183 5,3528
580 18:10:21
4,6075 4,6406
4,3860 4,4194
4,7667 4,8004
5,3189 5,3529
581 18:11:21
4,6064 4,6410
4,3852 4,4202
4,7657 4,8010
5,3182 5,3543
582 18:12:20
4,6074 4,6405
4,3860 4,4197
4,7666 4,8003
5,3194 5,3535
583 18:13:21
4,6071 4,6403
4,3866 4,4201
4,7664 4,8007
5,3185 5,3528
584 18:14:21
4,6074 4,6405
4,3867 4,4205
4,7676 4,8013
5,3188 5,3529
585 18:15:21
4,6072 4,6404
4,3867 4,4202
4,7669 4,8011
5,3190 5,3529
586 18:16:21
4,6071 4,6403
4,3858 4,4197
4,7663 4,8002
5,3197 5,3540
587 18:17:20
4,6066 4,6400
4,3846 4,4185
4,7654 4,7999
5,3185 5,3530
588 18:18:21
4,6060 4,6397
4,3830 4,4169
4,7642 4,7985
5,3170 5,3518
589 18:19:21
4,6057 4,6394
4,3827 4,4170
4,7639 4,7982
5,3174 5,3523
590 18:20:21
4,6056 4,6391
4,3833 4,4171
4,7643 4,7988
5,3172 5,3519
591 18:21:21
4,6062 4,6396
4,3841 4,4182
4,7650 4,7995
5,3186 5,3526
592 18:22:21
4,6063 4,6397
4,3841 4,4181
4,7651 4,7994
5,3188 5,3537
593 18:23:20
4,6069 4,6403
4,3852 4,4193
4,7661 4,8002
5,3201 5,3543
594 18:24:20
4,6070 4,6402
4,3857 4,4196
4,7667 4,8005
5,3190 5,3533
595 18:25:20
4,6071 4,6403
4,3857 4,4192
4,7664 4,8006
5,3197 5,3539
596 18:26:21
4,6070 4,6402
4,3857 4,4196
4,7667 4,8005
5,3204 5,3544
597 18:27:21
4,6080 4,6409
4,3873 4,4209
4,7682 4,8016
5,3219 5,3556
598 20:15:21
4,6175 4,6507
4,4007 4,4342
4,7712 4,8054
5,3341 5,3683
599 20:16:21
4,6179 4,6508
4,4003 4,4337
4,7715 4,8051
5,3346 5,3685
600 20:17:20
4,6177 4,6507
4,4005 4,4342
4,7714 4,8050
5,3350 5,3691
601 20:18:20
4,6177 4,6507
4,4004 4,4340
4,7714 4,8050
5,3344 5,3685
602 20:19:21
4,6177 4,6508
4,4011 4,4349
4,7713 4,8049
5,3342 5,3684
603 20:20:21
4,6177 4,6508
4,4016 4,4350
4,7718 4,8054
5,3342 5,3684
604 20:21:21
4,6177 4,6508
4,4020 4,4354
4,7719 4,8060
5,3348 5,3690
605 20:22:21
4,6177 4,6508
4,4021 4,4358
4,7717 4,8059
5,3348 5,3690
606 20:23:21
4,6175 4,6507
4,4020 4,4355
4,7717 4,8060
5,3348 5,3691
607 20:24:21
4,6175 4,6507
4,4020 4,4355
4,7721 4,8059
5,3353 5,3695
608 20:25:20
4,6175 4,6507
4,4020 4,4359
4,7721 4,8059
5,3354 5,3697
609 20:26:20
4,6175 4,6507
4,4020 4,4355
4,7721 4,8059
5,3354 5,3697
610 20:27:20
4,6181 4,6508
4,4011 4,4345
4,7722 4,8054
5,3360 5,3697
611 20:28:21
4,6181 4,6508
4,4011 4,4345
4,7722 4,8054
5,3360 5,3697
612 20:29:21
4,6187 4,6509
4,4011 4,4338
4,7723 4,8051
5,3373 5,3705
613 20:30:21
4,6187 4,6509
4,4015 4,4337
4,7729 4,8057
5,3378 5,3710
614 20:31:20
4,6179 4,6509
4,3998 4,4331
4,7716 4,8052
5,3371 5,3712
615 20:32:20
4,6173 4,6499
4,3976 4,4309
4,7719 4,8051
5,3363 5,3699
616 20:33:21
4,6173 4,6500
4,3975 4,4306
4,7714 4,8047
5,3363 5,3700
617 20:34:21
4,6171 4,6499
4,3974 4,4309
4,7712 4,8046
5,3361 5,3699
618 20:35:21
4,6171 4,6499
4,3970 4,4305
4,7718 4,8057
5,3362 5,3701
619 20:36:21
4,6175 4,6500
4,3959 4,4291
4,7724 4,8057
5,3371 5,3705
620 20:37:21
4,6137 4,6476
4,3927 4,4273
4,7687 4,8032
5,3328 5,3679
621 20:38:20
4,6137 4,6476
4,3931 4,4277
4,7682 4,8027
5,3328 5,3679
622 20:39:20
4,6138 4,6476
4,3925 4,4269
4,7679 4,8028
5,3323 5,3673
623 20:40:20
4,6136 4,6475
4,3919 4,4264
4,7680 4,8026
5,3323 5,3672
624 20:41:21
4,6136 4,6475
4,3922 4,4264
4,7691 4,8036
5,3320 5,3671
625 20:42:21
4,6136 4,6475
4,3909 4,4255
4,7691 4,8036
5,3333 5,3684
626 20:43:21
4,6136 4,6475
4,3909 4,4251
4,7686 4,8031
5,3333 5,3684
627 20:44:21
4,6136 4,6475
4,3909 4,4252
4,7686 4,8031
5,3326 5,3677
628 20:45:21
4,6136 4,6476
4,3902 4,4245
4,7682 4,8031
5,3327 5,3679
629 20:46:21
4,6136 4,6474
4,3902 4,4242
4,7677 4,8025
5,3322 5,3671
630 20:47:20
4,6136 4,6474
4,3903 4,4248
4,7681 4,8025
5,3327 5,3677
631 20:48:20
4,6136 4,6474
4,3902 4,4246
4,7682 4,8030
5,3327 5,3677
632 20:49:20
4,6137 4,6476
4,3902 4,4248
4,7686 4,8032
5,3328 5,3679
633 20:50:20
4,6137 4,6476
4,3914 4,4257
4,7687 4,8032
5,3328 5,3679
634 20:51:21
4,6136 4,6476
4,3911 4,4258
4,7686 4,8032
5,3325 5,3677
635 20:52:21
4,6139 4,6478
4,3912 4,4258
4,7697 4,8044
5,3329 5,3677
636 20:53:21
4,6139 4,6478
4,3916 4,4258
4,7699 4,8048
5,3324 5,3675
637 20:54:21
4,6145 4,6484
4,3919 4,4264
4,7705 4,8050
5,3337 5,3688
638 20:55:21
4,6144 4,6482
4,3915 4,4256
4,7694 4,8042
5,3335 5,3685
639 20:56:21
4,6144 4,6484
4,3918 4,4264
4,7694 4,8046
5,3336 5,3688
640 20:57:21
4,6144 4,6484
4,3918 4,4260
4,7689 4,8041
5,3336 5,3688
641 20:58:21
4,6144 4,6484
4,3914 4,4256
4,7686 4,8037
5,3336 5,3688
642 20:59:21
4,6129 4,6469
4,3891 4,4237
4,7669 4,8015
5,3313 5,3666
643 21:00:21
4,6137 4,6476
4,3906 4,4252
4,7677 4,8022
5,3327 5,3671
644 21:01:20
4,6138 4,6475
4,3911 4,4251
4,7677 4,8025
5,3329 5,3678
645 21:02:20
4,6136 4,6476
4,3906 4,4252
4,7677 4,8028
5,3327 5,3679
646 21:03:21
4,6138 4,6477
4,3911 4,4253
4,7686 4,8033
5,3329 5,3680
647 21:04:21
4,6138 4,6477
4,3909 4,4254
4,7688 4,8033
5,3329 5,3680
648 21:05:21
4,6138 4,6477
4,3900 4,4245
4,7683 4,8028
5,3329 5,3680
649 21:06:20
4,6138 4,6476
4,3896 4,4241
4,7688 4,8032
5,3329 5,3679
650 21:07:20
4,6138 4,6477
4,3886 4,4232
4,7682 4,8032
5,3323 5,3674
651 21:08:20
4,6138 4,6476
4,3888 4,4229
4,7688 4,8032
5,3323 5,3673
652 21:09:21
4,6143 4,6478
4,3886 4,4224
4,7693 4,8034
5,3327 5,3667
653 21:10:21
4,6139 4,6477
4,3888 4,4229
4,7685 4,8030
5,3324 5,3674
654 21:11:21
4,6151 4,6480
4,3894 4,4226
4,7696 4,8036
5,3336 5,3677
655 21:12:21
4,6159 4,6499
4,3891 4,4238
4,7705 4,8051
5,3341 5,3693
656 21:13:20
4,6159 4,6499
4,3886 4,4228
4,7706 4,8057
5,3353 5,3705
657 21:14:20
4,6172 4,6504
4,3899 4,4234
4,7723 4,8061
5,3373 5,3712
658 21:15:21
4,6168 4,6505
4,3906 4,4246
4,7718 4,8062
5,3351 5,3700
659 21:16:21
4,6165 4,6503
4,3905 4,4246
4,7717 4,8062
5,3348 5,3698
660 21:17:21
4,6160 4,6498
4,3900 4,4240
4,7713 4,8056
5,3336 5,3686
661 21:18:21
4,6136 4,6476
4,3877 4,4220
4,7681 4,8027
5,3308 5,3660
662 21:19:21
4,6137 4,6474
4,3878 4,4221
4,7682 4,8025
5,3315 5,3658
663 21:20:20
4,6140 4,6475
4,3889 4,4226
4,7690 4,8031
5,3318 5,3662
664 21:21:20
4,6125 4,6480
4,3874 4,4230
4,7679 4,8045
5,3302 5,3665
665 21:22:21
4,6124 4,6478
4,3879 4,4234
4,7680 4,8045
5,3301 5,3669
666 21:23:21
4,6138 4,6475
4,3894 4,4234
4,7698 4,8041
5,3322 5,3670
667 21:24:21
4,6134 4,6474
4,3890 4,4235
4,7695 4,8042
5,3318 5,3670
668 21:25:21
4,6135 4,6473
4,3893 4,4234
4,7696 4,8045
5,3319 5,3669
669 21:26:21
4,6134 4,6474
4,3888 4,4235
4,7695 4,8046
5,3318 5,3670
670 21:27:20
4,6134 4,6471
4,3886 4,4226
4,7694 4,8037
5,3318 5,3667
671 21:28:20
4,6132 4,6470
4,3886 4,4227
4,7692 4,8036
5,3316 5,3666
672 21:29:21
4,6134 4,6470
4,3884 4,4223
4,7694 4,8036
5,3318 5,3666
673 21:30:21
4,6126 4,6466
4,3876 4,4219
4,7686 4,8033
5,3313 5,3661
674 21:31:21
4,6117 4,6456
4,3871 4,4216
4,7676 4,8021
5,3300 5,3649
675 21:32:21
4,6133 4,6474
4,3885 4,4233
4,7687 4,8039
5,3323 5,3676
676 21:33:21
4,6133 4,6476
4,3885 4,4235
4,7687 4,8041
5,3321 5,3672
677 21:34:21
4,6123 4,6482
4,3881 4,4242
4,7677 4,8047
5,3311 5,3685
678 21:35:21
4,6131 4,6475
4,3881 4,4232
4,7682 4,8037
5,3322 5,3679
679 21:36:21
4,6122 4,6485
4,3871 4,4239
4,7672 4,8047
5,3310 5,3689
680 21:37:20
4,6120 4,6482
4,3875 4,4242
4,7675 4,8044
5,3308 5,3686
681 21:38:21
4,6123 4,6486
4,3885 4,4254
4,7673 4,8048
5,3323 5,3695
682 21:39:20
4,6122 4,6485
4,3884 4,4253
4,7672 4,8047
5,3323 5,3702
683 21:40:20
4,6122 4,6485
4,3884 4,4253
4,7672 4,8047
5,3321 5,3702
684 21:41:21
4,6125 4,6488
4,3895 4,4263
4,7679 4,8049
5,3326 5,3705
685 21:42:20
4,6132 4,6474
4,3909 4,4256
4,7687 4,8035
5,3335 5,3689
686 21:43:20
4,6134 4,6475
4,3917 4,4264
4,7688 4,8040
5,3337 5,3690
687 21:44:21
4,6142 4,6484
4,3933 4,4277
4,7703 4,8054
5,3347 5,3702
688 21:45:21
4,6148 4,6488
4,3938 4,4281
4,7708 4,8054
5,3350 5,3702
689 21:46:21
4,6156 4,6495
4,3949 4,4291
4,7716 4,8067
5,3362 5,3712
690 21:47:21
4,6160 4,6495
4,3949 4,4291
4,7726 4,8067
5,3372 5,3712
691 21:48:21
4,6160 4,6494
4,3949 4,4289
4,7722 4,8067
5,3368 5,3713
692 21:49:21
4,6160 4,6503
4,3949 4,4299
4,7722 4,8075
5,3368 5,3723
693 21:50:21
4,6165 4,6511
4,3951 4,4303
4,7726 4,8078
5,3374 5,3733
694 21:51:21
4,6166 4,6504
4,3948 4,4289
4,7722 4,8066
5,3374 5,3724
695 21:52:21
4,6170 4,6508
4,3949 4,4291
4,7722 4,8071
5,3380 5,3727
696 21:53:21
4,6191 4,6530
4,3971 4,4316
4,7747 4,8097
5,3396 5,3747
697 21:54:21
4,6178 4,6509
4,3953 4,4291
4,7734 4,8071
5,3388 5,3723
698 21:55:20
4,6182 4,6509
4,3957 4,4287
4,7741 4,8075
5,3386 5,3722
699 21:56:20
4,6182 4,6508
4,3959 4,4288
4,7739 4,8075
5,3386 5,3722
700 21:57:21
4,6190 4,6532
4,3962 4,4310
4,7747 4,8095
5,3396 5,3752
701 21:58:21
4,6179 4,6514
4,3946 4,4288
4,7725 4,8069
5,3382 5,3728
702 21:59:20
4,6185 4,6513
4,3962 4,4293
4,7737 4,8071
5,3390 5,3728
703 22:00:20
4,6185 4,6513
4,3958 4,4293
4,7733 4,8072
5,3390 5,3729
704 22:01:21
4,6179 4,6514
4,3954 4,4294
4,7729 4,8071
5,3382 5,3728
705 22:02:20
4,6179 4,6513
4,3960 4,4300
4,7732 4,8075
5,3390 5,3735
706 22:03:20
4,6186 4,6529
4,3969 4,4315
4,7737 4,8091
5,3397 5,3752
707 22:04:21
4,6191 4,6535
4,3971 4,4321
4,7743 4,8093
5,3397 5,3753
708 22:05:21
4,6191 4,6536
4,3975 4,4322
4,7739 4,8093
5,3395 5,3753
709 22:06:21
4,6192 4,6538
4,3972 4,4324
4,7740 4,8097
5,3399 5,3758
710 22:07:21
4,6192 4,6538
4,3972 4,4324
4,7740 4,8097
5,3393 5,3752
711 22:08:21
4,6193 4,6539
4,3969 4,4321
4,7745 4,8097
5,3400 5,3753
712 22:09:21
4,6195 4,6542
4,3975 4,4328
4,7741 4,8099
5,3401 5,3760
713 22:10:21
4,6187 4,6546
4,3967 4,4332
4,7734 4,8105
5,3391 5,3766
714 22:11:20
4,6196 4,6543
4,3976 4,4329
4,7743 4,8102
5,3401 5,3761
715 22:12:20
4,6196 4,6543
4,3976 4,4329
4,7747 4,8101
5,3401 5,3761
716 22:13:21
4,6188 4,6552
4,3968 4,4338
4,7736 4,8107
5,3393 5,3767
717 22:14:20
4,6192 4,6551
4,3976 4,4341
4,7739 4,8110
5,3397 5,3771
718 22:15:20
4,6199 4,6545
4,3983 4,4335
4,7746 4,8104
5,3407 5,3766
719 22:16:20
4,6197 4,6545
4,3981 4,4335
4,7744 4,8104
5,3403 5,3765
720 22:17:21
4,6197 4,6545
4,3981 4,4331
4,7744 4,8104
5,3403 5,3765
721 22:18:21
4,6197 4,6545
4,3981 4,4331
4,7744 4,8104
5,3403 5,3765
722 22:19:21
4,6197 4,6545
4,3981 4,4331
4,7744 4,8104
5,3405 5,3766
723 22:20:24
4,6197 4,6546
4,3985 4,4336
4,7744 4,8105
5,3403 5,3766
