#======================
2023-7-5
# 1.EUR, 2.USD, 3.CHF, 4.GBP
Sell Price, Buy Price
1 13:01
4,4403 4,4726
4,0810 4,1132
4,5421 4,5749
5,1859 5,2191
2 13:02
4,4414 4,4737
4,0813 4,1135
4,5431 4,5759
5,1879 5,2211
3 13:03
4,4429 4,4752
4,0832 4,1154
4,5453 4,5781
5,1902 5,2234
4 13:04
4,4430 4,4753
4,0831 4,1153
4,5458 4,5786
5,1902 5,2234
5 13:05
4,4428 4,4751
4,0829 4,1151
4,5453 4,5781
5,1891 5,2223
6 13:06
4,4444 4,4765
4,0845 4,1167
4,5467 4,5795
5,1901 5,2234
7 13:07
4,4457 4,4778
4,0857 4,1179
4,5483 4,5811
5,1920 5,2253
8 13:08
4,4455 4,4776
4,0856 4,1178
4,5483 4,5811
5,1915 5,2248
9 13:09
4,4460 4,4781
4,0862 4,1184
4,5493 4,5821
5,1921 5,2254
10 13:10
4,4454 4,4775
4,0855 4,1177
4,5480 4,5808
5,1916 5,2249
11 13:11
4,4456 4,4777
4,0856 4,1178
4,5482 4,5810
5,1913 5,2246
12 13:12
4,4456 4,4777
4,0853 4,1175
4,5480 4,5808
5,1908 5,2241
13 13:13
4,4455 4,4776
4,0851 4,1173
4,5478 4,5806
5,1910 5,2243
14 13:14
4,4453 4,4774
4,0854 4,1176
4,5481 4,5809
5,1912 5,2245
15 13:15
4,4456 4,4777
4,0858 4,1180
4,5482 4,5810
5,1915 5,2248
16 13:16
4,4456 4,4777
4,0855 4,1177
4,5475 4,5803
5,1914 5,2246
17 13:17
4,4452 4,4773
4,0851 4,1173
4,5470 4,5798
5,1906 5,2238
18 13:18
4,4453 4,4774
4,0846 4,1168
4,5458 4,5786
5,1908 5,2240
19 13:19
4,4450 4,4771
4,0843 4,1165
4,5452 4,5780
5,1909 5,2241
20 13:20
4,4450 4,4771
4,0843 4,1165
4,5445 4,5773
5,1907 5,2239
21 13:21
4,4449 4,4770
4,0844 4,1166
4,5442 4,5771
5,1897 5,2229
22 13:22
4,4447 4,4768
4,0846 4,1168
4,5449 4,5778
5,1885 5,2217
23 13:23
4,4419 4,4740
4,0819 4,1141
4,5425 4,5754
5,1850 5,2182
24 13:24
4,4421 4,4742
4,0828 4,1150
4,5432 4,5761
5,1855 5,2187
25 13:25
4,4422 4,4743
4,0821 4,1143
4,5428 4,5757
5,1849 5,2181
26 13:26
4,4425 4,4748
4,0829 4,1151
4,5435 4,5763
5,1855 5,2187
27 13:27
4,4433 4,4756
4,0838 4,1160
4,5441 4,5769
5,1867 5,2199
28 13:28
4,4444 4,4767
4,0846 4,1168
4,5452 4,5780
5,1879 5,2211
29 13:29
4,4439 4,4762
4,0841 4,1163
4,5446 4,5774
5,1870 5,2202
30 13:30
4,4413 4,4736
4,0818 4,1140
4,5420 4,5748
5,1837 5,2169
31 13:31
4,4414 4,4736
4,0816 4,1138
4,5411 4,5740
5,1819 5,2151
32 13:32
4,4411 4,4733
4,0809 4,1131
4,5408 4,5737
5,1822 5,2154
33 13:33
4,4411 4,4733
4,0815 4,1137
4,5413 4,5742
5,1837 5,2169
34 13:34
4,4406 4,4728
4,0812 4,1134
4,5412 4,5741
5,1828 5,2160
35 13:35
4,4401 4,4723
4,0808 4,1130
4,5409 4,5738
5,1828 5,2160
36 13:36
4,4402 4,4724
4,0810 4,1132
4,5408 4,5736
5,1829 5,2161
37 13:37
4,4407 4,4729
4,0821 4,1143
4,5415 4,5743
5,1841 5,2173
38 13:38
4,4406 4,4728
4,0822 4,1144
4,5421 4,5749
5,1849 5,2181
39 13:39
4,4398 4,4720
4,0812 4,1134
4,5416 4,5744
5,1840 5,2172
40 13:40
4,4403 4,4725
4,0817 4,1139
4,5416 4,5744
5,1846 5,2178
41 13:41
4,4392 4,4714
4,0805 4,1127
4,5401 4,5729
5,1832 5,2164
42 13:42
4,4394 4,4716
4,0803 4,1125
4,5397 4,5725
5,1835 5,2167
43 13:43
4,4393 4,4715
4,0802 4,1124
4,5396 4,5724
5,1828 5,2160
44 13:44
4,4395 4,4717
4,0802 4,1124
4,5399 4,5727
5,1830 5,2162
45 13:45
4,4394 4,4716
4,0790 4,1112
4,5393 4,5721
5,1823 5,2155
46 13:46
4,4390 4,4712
4,0788 4,1110
4,5384 4,5712
5,1815 5,2147
47 13:47
4,4395 4,4717
4,0798 4,1120
4,5386 4,5714
5,1815 5,2147
48 13:48
4,4397 4,4719
4,0802 4,1124
4,5396 4,5724
5,1820 5,2152
49 13:49
4,4397 4,4719
4,0798 4,1120
4,5396 4,5724
5,1814 5,2146
50 13:50
4,4398 4,4720
4,0799 4,1121
4,5397 4,5725
5,1827 5,2159
51 13:51
4,4399 4,4721
4,0800 4,1122
4,5393 4,5721
5,1832 5,2164
52 13:52
4,4401 4,4723
4,0800 4,1122
4,5395 4,5723
5,1825 5,2157
53 13:53
4,4399 4,4721
4,0798 4,1120
4,5393 4,5721
5,1833 5,2165
54 13:54
4,4400 4,4722
4,0799 4,1121
4,5394 4,5722
5,1836 5,2168
55 13:55
4,4395 4,4717
4,0796 4,1118
4,5389 4,5717
5,1836 5,2168
56 13:56
4,4393 4,4715
4,0797 4,1119
4,5382 4,5710
5,1834 5,2166
57 13:57
4,4387 4,4709
4,0793 4,1115
4,5376 4,5704
5,1837 5,2169
58 13:58
4,4383 4,4705
4,0791 4,1113
4,5372 4,5700
5,1835 5,2167
59 13:59
4,4378 4,4700
4,0786 4,1108
4,5369 4,5697
5,1825 5,2157
60 14:00
4,4383 4,4705
4,0791 4,1113
4,5375 4,5703
5,1832 5,2164
61 14:01
4,4392 4,4714
4,0805 4,1127
4,5392 4,5720
5,1841 5,2174
62 14:02
4,4389 4,4711
4,0804 4,1126
4,5388 4,5716
5,1840 5,2173
63 14:03
4,4392 4,4714
4,0806 4,1128
4,5386 4,5714
5,1846 5,2179
64 14:04
4,4403 4,4725
4,0817 4,1139
4,5389 4,5717
5,1854 5,2187
65 14:05
4,4403 4,4725
4,0819 4,1141
4,5393 4,5721
5,1854 5,2187
66 14:06
4,4403 4,4725
4,0812 4,1134
4,5393 4,5721
5,1860 5,2193
67 14:07
4,4401 4,4723
4,0810 4,1132
4,5388 4,5716
5,1845 5,2178
68 14:08
4,4386 4,4708
4,0798 4,1120
4,5378 4,5706
5,1828 5,2161
69 14:09
4,4389 4,4711
4,0806 4,1128
4,5387 4,5715
5,1835 5,2168
70 14:10
4,4389 4,4711
4,0798 4,1120
4,5376 4,5704
5,1828 5,2161
71 14:11
4,4386 4,4707
4,0801 4,1123
4,5373 4,5702
5,1825 5,2158
72 14:12
4,4397 4,4718
4,0808 4,1130
4,5387 4,5716
5,1830 5,2163
73 14:13
4,4401 4,4722
4,0813 4,1135
4,5385 4,5714
5,1842 5,2175
74 14:14
4,4397 4,4718
4,0808 4,1130
4,5375 4,5704
5,1838 5,2171
75 14:15
4,4395 4,4716
4,0802 4,1124
4,5373 4,5702
5,1839 5,2172
76 14:16
4,4387 4,4709
4,0789 4,1111
4,5365 4,5694
5,1826 5,2159
77 14:17
4,4382 4,4704
4,0783 4,1105
4,5371 4,5700
5,1820 5,2153
78 14:18
4,4382 4,4704
4,0784 4,1106
4,5376 4,5705
5,1820 5,2153
79 14:19
4,4388 4,4710
4,0788 4,1110
4,5378 4,5707
5,1824 5,2157
80 14:20
4,4391 4,4713
4,0789 4,1111
4,5383 4,5712
5,1825 5,2158
81 14:21
4,4390 4,4712
4,0786 4,1108
4,5375 4,5703
5,1826 5,2159
82 14:22
4,4390 4,4712
4,0775 4,1097
4,5374 4,5702
5,1820 5,2153
83 14:23
4,4388 4,4710
4,0773 4,1095
4,5368 4,5696
5,1821 5,2154
84 14:24
4,4384 4,4706
4,0769 4,1091
4,5364 4,5692
5,1814 5,2147
85 14:25
4,4380 4,4702
4,0768 4,1090
4,5358 4,5686
5,1807 5,2140
86 14:26
4,4377 4,4699
4,0761 4,1083
4,5357 4,5685
5,1807 5,2139
87 14:27
4,4371 4,4693
4,0746 4,1068
4,5346 4,5674
5,1799 5,2131
88 14:28
4,4374 4,4696
4,0749 4,1071
4,5347 4,5675
5,1799 5,2131
89 14:29
4,4373 4,4695
4,0757 4,1079
4,5348 4,5676
5,1801 5,2133
90 14:30
4,4358 4,4680
4,0736 4,1058
4,5334 4,5662
5,1783 5,2115
91 14:31
4,4363 4,4685
4,0744 4,1066
4,5340 4,5668
5,1784 5,2116
92 14:32
4,4355 4,4677
4,0726 4,1048
4,5327 4,5655
5,1774 5,2106
93 14:33
4,4366 4,4688
4,0734 4,1056
4,5343 4,5671
5,1790 5,2122
94 14:34
4,4366 4,4688
4,0740 4,1062
4,5353 4,5681
5,1799 5,2131
95 14:35
4,4372 4,4694
4,0736 4,1058
4,5367 4,5695
5,1804 5,2136
96 14:36
4,4372 4,4694
4,0733 4,1055
4,5361 4,5690
5,1798 5,2130
97 14:37
4,4369 4,4691
4,0729 4,1051
4,5366 4,5695
5,1794 5,2126
98 14:38
4,4368 4,4690
4,0728 4,1050
4,5369 4,5698
5,1796 5,2128
99 14:39
4,4364 4,4686
4,0725 4,1047
4,5360 4,5689
5,1794 5,2126
100 14:40
4,4365 4,4687
4,0730 4,1052
4,5363 4,5692
5,1796 5,2128
101 14:41
4,4359 4,4680
4,0723 4,1045
4,5356 4,5684
5,1785 5,2117
102 14:42
4,4359 4,4680
4,0720 4,1042
4,5357 4,5685
5,1785 5,2117
103 14:43
4,4357 4,4678
4,0709 4,1031
4,5355 4,5683
5,1786 5,2118
104 14:44
4,4356 4,4677
4,0699 4,1021
4,5354 4,5682
5,1786 5,2118
105 14:45
4,4352 4,4673
4,0690 4,1012
4,5357 4,5685
5,1793 5,2125
106 14:46
4,4334 4,4656
4,0675 4,0997
4,5336 4,5665
5,1778 5,2110
107 14:47
4,4345 4,4667
4,0685 4,1007
4,5341 4,5670
5,1799 5,2131
108 14:48
4,4341 4,4663
4,0684 4,1006
4,5336 4,5665
5,1797 5,2129
109 14:49
4,4351 4,4673
4,0696 4,1018
4,5347 4,5676
5,1804 5,2136
110 14:50
4,4332 4,4654
4,0675 4,0997
4,5324 4,5653
5,1786 5,2118
111 14:51
4,4315 4,4637
4,0655 4,0977
4,5307 4,5635
5,1755 5,2087
112 14:52
4,4327 4,4649
4,0657 4,0979
4,5311 4,5639
5,1764 5,2096
113 14:53
4,4324 4,4646
4,0668 4,0990
4,5322 4,5650
5,1766 5,2098
114 14:54
4,4318 4,4640
4,0664 4,0986
4,5324 4,5652
5,1762 5,2094
115 14:55
4,4324 4,4646
4,0660 4,0982
4,5327 4,5655
5,1763 5,2095
116 14:56
4,4322 4,4643
4,0671 4,0993
4,5331 4,5660
5,1763 5,2095
117 14:57
4,4326 4,4647
4,0684 4,1006
4,5333 4,5662
5,1768 5,2100
118 14:58
4,4320 4,4641
4,0675 4,0997
4,5326 4,5655
5,1758 5,2090
119 14:59
4,4325 4,4646
4,0680 4,1002
4,5332 4,5661
5,1760 5,2092
120 15:00
4,4330 4,4651
4,0684 4,1006
4,5334 4,5663
5,1763 5,2095
121 15:01
4,4338 4,4660
4,0690 4,1012
4,5339 4,5667
5,1774 5,2106
122 15:02
4,4340 4,4662
4,0686 4,1008
4,5338 4,5666
5,1772 5,2104
123 15:03
4,4356 4,4678
4,0697 4,1019
4,5354 4,5682
5,1791 5,2123
124 15:04
4,4359 4,4681
4,0705 4,1027
4,5357 4,5685
5,1794 5,2126
125 15:05
4,4355 4,4677
4,0702 4,1024
4,5353 4,5681
5,1790 5,2122
126 15:06
4,4357 4,4679
4,0709 4,1031
4,5362 4,5690
5,1798 5,2130
127 15:07
4,4360 4,4682
4,0714 4,1036
4,5372 4,5700
5,1805 5,2137
128 15:08
4,4353 4,4675
4,0702 4,1024
4,5360 4,5688
5,1805 5,2137
129 15:09
4,4353 4,4675
4,0705 4,1027
4,5363 4,5691
5,1806 5,2138
130 15:10
4,4347 4,4669
4,0698 4,1020
4,5359 4,5687
5,1796 5,2128
131 15:11
4,4344 4,4666
4,0690 4,1012
4,5358 4,5687
5,1798 5,2130
132 15:12
4,4343 4,4665
4,0687 4,1009
4,5359 4,5688
5,1795 5,2127
133 15:13
4,4342 4,4664
4,0682 4,1004
4,5363 4,5692
5,1796 5,2128
134 15:14
4,4350 4,4672
4,0693 4,1015
4,5373 4,5702
5,1808 5,2140
135 15:15
4,4346 4,4668
4,0690 4,1012
4,5372 4,5701
5,1804 5,2136
136 15:16
4,4346 4,4668
4,0693 4,1015
4,5376 4,5704
5,1806 5,2138
137 15:17
4,4346 4,4668
4,0689 4,1011
4,5376 4,5704
5,1803 5,2135
138 15:18
4,4354 4,4676
4,0691 4,1013
4,5389 4,5717
5,1812 5,2144
139 15:19
4,4373 4,4695
4,0712 4,1034
4,5409 4,5737
5,1838 5,2170
140 15:20
4,4370 4,4692
4,0713 4,1035
4,5408 4,5736
5,1834 5,2166
141 15:21
4,4367 4,4689
4,0707 4,1029
4,5403 4,5732
5,1839 5,2172
142 15:22
4,4364 4,4686
4,0700 4,1022
4,5395 4,5724
5,1833 5,2166
143 15:23
4,4366 4,4688
4,0699 4,1021
4,5400 4,5729
5,1838 5,2171
144 15:24
4,4357 4,4679
4,0686 4,1008
4,5397 4,5726
5,1843 5,2176
#======================
2023-7-5
# 1.EUR, 2.USD, 3.CHF, 4.GBP
Sell Price, Buy Price
1 16:20
4,4370 4,4691
4,0747 4,1069
4,5424 4,5752
5,1883 5,2215
2 16:21
4,4370 4,4691
4,0742 4,1064
4,5424 4,5753
5,1879 5,2212
3 16:22
4,4369 4,4690
4,0754 4,1076
4,5423 4,5752
5,1878 5,2211
4 16:23
4,4367 4,4688
4,0750 4,1072
4,5421 4,5750
5,1875 5,2208
5 16:24
4,4385 4,4706
4,0778 4,1100
4,5437 4,5766
5,1903 5,2236
6 16:25
4,4385 4,4706
4,0780 4,1102
4,5437 4,5766
5,1903 5,2236
7 16:26
4,4392 4,4714
4,0788 4,1110
4,5444 4,5773
5,1909 5,2240
8 16:27
4,4381 4,4703
4,0783 4,1105
4,5435 4,5764
5,1896 5,2227
9 16:28
4,4380 4,4702
4,0788 4,1110
4,5434 4,5763
5,1895 5,2226
10 16:29
4,4380 4,4702
4,0790 4,1112
4,5433 4,5762
5,1895 5,2226
11 16:30
4,4380 4,4702
4,0783 4,1105
4,5434 4,5763
5,1904 5,2235
12 16:31
4,4380 4,4702
4,0779 4,1101
4,5432 4,5760
5,1898 5,2229
13 16:32
4,4383 4,4705
4,0793 4,1115
4,5435 4,5763
5,1895 5,2226
14 16:33
4,4382 4,4704
4,0788 4,1110
4,5430 4,5758
5,1894 5,2225
15 16:34
4,4378 4,4700
4,0786 4,1108
4,5423 4,5751
5,1892 5,2223
16 16:35
4,4380 4,4702
4,0779 4,1101
4,5423 4,5751
5,1885 5,2216
17 16:36
4,4381 4,4704
4,0784 4,1106
4,5418 4,5746
5,1878 5,2209
18 16:37
4,4379 4,4702
4,0783 4,1105
4,5420 4,5748
5,1871 5,2202
19 16:38
4,4378 4,4701
4,0791 4,1113
4,5420 4,5748
5,1875 5,2206
20 16:39
4,4377 4,4700
4,0790 4,1112
4,5418 4,5746
5,1874 5,2205
21 16:40
4,4377 4,4700
4,0789 4,1111
4,5419 4,5747
5,1881 5,2212
22 16:41
4,4375 4,4697
4,0791 4,1113
4,5415 4,5744
5,1874 5,2205
23 16:42
4,4385 4,4707
4,0821 4,1143
4,5426 4,5755
5,1894 5,2225
24 16:43
4,4379 4,4701
4,0812 4,1134
4,5419 4,5748
5,1885 5,2216
25 16:44
4,4384 4,4706
4,0819 4,1141
4,5425 4,5754
5,1891 5,2222
26 16:45
4,4384 4,4706
4,0813 4,1135
4,5427 4,5756
5,1893 5,2224
27 16:46
4,4376 4,4698
4,0813 4,1135
4,5428 4,5757
5,1897 5,2228
28 16:47
4,4370 4,4692
4,0809 4,1131
4,5426 4,5755
5,1892 5,2223
29 16:48
4,4374 4,4696
4,0813 4,1135
4,5428 4,5757
5,1893 5,2224
30 16:49
4,4370 4,4692
4,0817 4,1139
4,5427 4,5756
5,1895 5,2226
31 16:50
4,4382 4,4704
4,0833 4,1155
4,5441 4,5770
5,1916 5,2247
32 16:51
4,4393 4,4715
4,0835 4,1157
4,5451 4,5780
5,1943 5,2274
33 16:52
4,4404 4,4726
4,0848 4,1170
4,5461 4,5790
5,1952 5,2283
34 16:53
4,4413 4,4735
4,0852 4,1174
4,5470 4,5799
5,1982 5,2313
35 16:54
4,4416 4,4738
4,0854 4,1176
4,5474 4,5803
5,1976 5,2307
36 16:55
4,4417 4,4739
4,0860 4,1182
4,5475 4,5804
5,1980 5,2311
37 16:56
4,4424 4,4746
4,0855 4,1177
4,5491 4,5820
5,1995 5,2326
38 16:57
4,4420 4,4742
4,0850 4,1172
4,5494 4,5823
5,1992 5,2323
39 16:58
4,4420 4,4742
4,0846 4,1168
4,5506 4,5835
5,1990 5,2321
40 16:59
4,4423 4,4745
4,0847 4,1169
4,5507 4,5836
5,1988 5,2319
41 17:00
4,4422 4,4744
4,0846 4,1168
4,5510 4,5839
5,1980 5,2311
42 17:01
4,4424 4,4746
4,0847 4,1169
4,5508 4,5837
5,1973 5,2304
43 17:02
4,4433 4,4755
4,0854 4,1176
4,5521 4,5850
5,1976 5,2307
44 17:03
4,4441 4,4763
4,0866 4,1188
4,5530 4,5859
5,1990 5,2321
45 17:04
4,4435 4,4757
4,0858 4,1180
4,5523 4,5852
5,1986 5,2317
46 17:05
4,4436 4,4758
4,0870 4,1192
4,5529 4,5858
5,1992 5,2323
47 17:06
4,4437 4,4759
4,0873 4,1195
4,5535 4,5864
5,1989 5,2320
48 17:07
4,4442 4,4764
4,0879 4,1201
4,5535 4,5864
5,1997 5,2328
49 17:08
4,4444 4,4766
4,0877 4,1199
4,5535 4,5864
5,1993 5,2324
50 17:09
4,4445 4,4767
4,0876 4,1198
4,5538 4,5867
5,1991 5,2322
51 17:10
4,4443 4,4765
4,0876 4,1198
4,5532 4,5861
5,1984 5,2315
52 17:11
4,4443 4,4765
4,0875 4,1197
4,5532 4,5861
5,1992 5,2323
53 17:12
4,4436 4,4758
4,0868 4,1190
4,5525 4,5854
5,1988 5,2319
54 17:13
4,4436 4,4758
4,0870 4,1192
4,5529 4,5858
5,1991 5,2322
55 17:14
4,4437 4,4759
4,0867 4,1189
4,5525 4,5854
5,1988 5,2319
56 17:15
4,4438 4,4760
4,0861 4,1183
4,5529 4,5858
5,1993 5,2324
57 17:16
4,4438 4,4760
4,0861 4,1183
4,5527 4,5856
5,1993 5,2324
58 17:17
4,4446 4,4768
4,0868 4,1190
4,5535 4,5864
5,1999 5,2330
59 17:18
4,4445 4,4767
4,0865 4,1187
4,5538 4,5867
5,1992 5,2323
60 17:19
4,4439 4,4761
4,0858 4,1180
4,5538 4,5867
5,1989 5,2320
61 17:20
4,4442 4,4764
4,0854 4,1176
4,5535 4,5864
5,1991 5,2322
62 17:21
4,4443 4,4765
4,0857 4,1179
4,5536 4,5865
5,1992 5,2323
63 17:22
4,4443 4,4765
4,0857 4,1179
4,5534 4,5863
5,1995 5,2326
64 17:23
4,4443 4,4765
4,0858 4,1180
4,5532 4,5861
5,1996 5,2327
65 17:24
4,4446 4,4768
4,0863 4,1185
4,5534 4,5863
5,1996 5,2327
66 17:25
4,4446 4,4768
4,0856 4,1178
4,5534 4,5863
5,1996 5,2327
67 17:26
4,4442 4,4764
4,0858 4,1180
4,5528 4,5857
5,2000 5,2331
68 17:27
4,4434 4,4756
4,0851 4,1173
4,5522 4,5851
5,1991 5,2322
69 17:28
4,4438 4,4760
4,0857 4,1179
4,5527 4,5856
5,1996 5,2327
70 17:29
4,4433 4,4755
4,0854 4,1176
4,5522 4,5851
5,1991 5,2322
71 17:30
4,4433 4,4755
4,0856 4,1178
4,5519 4,5848
5,1993 5,2324
72 17:31
4,4442 4,4764
4,0867 4,1189
4,5531 4,5860
5,2008 5,2339
73 17:32
4,4444 4,4766
4,0866 4,1188
4,5529 4,5858
5,2007 5,2338
74 17:33
4,4445 4,4767
4,0869 4,1191
4,5529 4,5858
5,2007 5,2338
75 17:34
4,4446 4,4768
4,0866 4,1188
4,5535 4,5864
5,2015 5,2346
76 17:35
4,4435 4,4757
4,0849 4,1171
4,5524 4,5853
5,2005 5,2336
77 17:36
4,4435 4,4757
4,0855 4,1177
4,5524 4,5853
5,2005 5,2336
78 17:37
4,4437 4,4759
4,0857 4,1179
4,5524 4,5853
5,2007 5,2338
79 17:38
4,4434 4,4756
4,0859 4,1181
4,5523 4,5852
5,2001 5,2332
80 17:39
4,4437 4,4759
4,0867 4,1189
4,5525 4,5854
5,2004 5,2335
81 17:40
4,4436 4,4758
4,0864 4,1186
4,5527 4,5856
5,2003 5,2334
82 17:41
4,4439 4,4761
4,0873 4,1195
4,5532 4,5861
5,2009 5,2340
83 17:42
4,4440 4,4762
4,0877 4,1199
4,5533 4,5862
5,2011 5,2342
84 17:43
4,4438 4,4760
4,0883 4,1205
4,5536 4,5865
5,2008 5,2339
85 17:44
4,4435 4,4757
4,0886 4,1208
4,5533 4,5862
5,2008 5,2339
86 17:45
4,4436 4,4758
4,0889 4,1211
4,5534 4,5863
5,2010 5,2341
87 17:46
4,4436 4,4758
4,0883 4,1205
4,5533 4,5862
5,2011 5,2342
88 17:47
4,4432 4,4754
4,0884 4,1206
4,5530 4,5859
5,2006 5,2337
89 17:48
4,4433 4,4755
4,0887 4,1209
4,5531 4,5860
5,2008 5,2339
90 17:49
4,4431 4,4753
4,0886 4,1208
4,5529 4,5858
5,2006 5,2337
91 17:50
4,4438 4,4760
4,0894 4,1216
4,5535 4,5864
5,2017 5,2348
92 17:51
4,4440 4,4762
4,0894 4,1216
4,5538 4,5867
5,2016 5,2347
93 17:52
4,4439 4,4761
4,0894 4,1216
4,5539 4,5868
5,2012 5,2343
94 17:53
4,4441 4,4763
4,0891 4,1213
4,5539 4,5868
5,2011 5,2342
95 17:54
4,4441 4,4763
4,0888 4,1210
4,5539 4,5868
5,2003 5,2334
96 17:55
4,4441 4,4763
4,0893 4,1215
4,5539 4,5868
5,2000 5,2331
97 17:56
4,4443 4,4765
4,0893 4,1215
4,5541 4,5870
5,1998 5,2329
98 17:57
4,4439 4,4761
4,0890 4,1212
4,5537 4,5866
5,1997 5,2328
99 17:58
4,4442 4,4764
4,0879 4,1201
4,5540 4,5869
5,1997 5,2328
100 17:59
4,4440 4,4762
4,0883 4,1205
4,5538 4,5867
5,1995 5,2326
101 18:00
4,4436 4,4758
4,0882 4,1210
4,5529 4,5858
5,1991 5,2322
102 18:01
4,4437 4,4762
4,0886 4,1216
4,5531 4,5867
5,1992 5,2324
103 18:02
4,4437 4,4762
4,0891 4,1218
4,5535 4,5867
5,1992 5,2324
104 18:03
4,4430 4,4753
4,0881 4,1206
4,5527 4,5856
5,1983 5,2314
105 18:04
4,4430 4,4753
4,0884 4,1213
4,5528 4,5862
5,1986 5,2317
106 18:05
4,4430 4,4753
4,0892 4,1217
4,5532 4,5861
5,1990 5,2322
107 18:06
4,4428 4,4750
4,0895 4,1217
4,5534 4,5863
5,1985 5,2316
108 18:07
4,4429 4,4751
4,0896 4,1223
4,5536 4,5865
5,1983 5,2314
109 18:08
4,4428 4,4750
4,0898 4,1220
4,5533 4,5863
5,1987 5,2318
110 18:09
4,4428 4,4750
4,0895 4,1217
4,5533 4,5862
5,1994 5,2325
111 18:10
4,4428 4,4750
4,0888 4,1213
4,5535 4,5864
5,1993 5,2324
112 18:11
4,4429 4,4759
4,0888 4,1223
4,5532 4,5873
5,1996 5,2335
113 18:12
4,4434 4,4760
4,0899 4,1227
4,5543 4,5875
5,2011 5,2342
114 18:13
4,4438 4,4760
4,0903 4,1228
4,5546 4,5875
5,2018 5,2349
115 18:14
4,4438 4,4760
4,0903 4,1231
4,5545 4,5874
5,2018 5,2349
116 18:15
4,4430 4,4757
4,0895 4,1223
4,5537 4,5870
5,2008 5,2344
117 18:16
4,4430 4,4757
4,0891 4,1223
4,5532 4,5865
5,2007 5,2338
118 18:17
4,4430 4,4756
4,0893 4,1224
4,5538 4,5875
5,2009 5,2345
119 18:18
4,4430 4,4756
4,0897 4,1228
4,5542 4,5875
5,2013 5,2344
120 18:19
4,4434 4,4756
4,0900 4,1227
4,5542 4,5873
5,2013 5,2344
121 18:20
4,4433 4,4755
4,0903 4,1225
4,5543 4,5873
5,2011 5,2342
122 18:21
4,4434 4,4757
4,0900 4,1228
4,5541 4,5871
5,2013 5,2345
123 18:22
4,4434 4,4757
4,0899 4,1224
4,5531 4,5860
5,2013 5,2345
124 18:23
4,4437 4,4760
4,0898 4,1223
4,5535 4,5865
5,2016 5,2348
125 18:24
4,4434 4,4756
4,0896 4,1220
4,5532 4,5861
5,2013 5,2344
126 18:25
4,4435 4,4757
4,0891 4,1215
4,5533 4,5862
5,2014 5,2345
127 18:26
4,4434 4,4756
4,0900 4,1222
4,5531 4,5860
5,2015 5,2346
128 18:27
4,4435 4,4757
4,0894 4,1217
4,5532 4,5861
5,2026 5,2357
129 18:28
4,4432 4,4754
4,0891 4,1213
4,5531 4,5860
5,2022 5,2353
130 18:29
4,4418 4,4743
4,0877 4,1208
4,5516 4,5852
5,2016 5,2347
131 18:30
4,4417 4,4743
4,0876 4,1208
4,5516 4,5848
5,2017 5,2348
132 18:31
4,4416 4,4742
4,0879 4,1207
4,5514 4,5849
5,2015 5,2346
133 18:32
4,4422 4,4747
4,0884 4,1215
4,5520 4,5852
5,2017 5,2351
134 18:33
4,4429 4,4756
4,0895 4,1224
4,5526 4,5859
5,2024 5,2361
135 18:34
4,4434 4,4758
4,0895 4,1225
4,5532 4,5863
5,2025 5,2358
136 18:35
4,4437 4,4764
4,0894 4,1226
4,5535 4,5867
5,2029 5,2365
137 18:36
4,4436 4,4760
4,0890 4,1220
4,5534 4,5865
5,2025 5,2356
138 18:37
4,4446 4,4771
4,0902 4,1232
4,5545 4,5875
5,2037 5,2368
139 18:38
4,4434 4,4756
4,0896 4,1222
4,5529 4,5858
5,2019 5,2350
140 18:39
4,4435 4,4757
4,0898 4,1223
4,5529 4,5858
5,2020 5,2351
141 18:40
4,4438 4,4760
4,0895 4,1223
4,5528 4,5860
5,2023 5,2354
142 18:41
4,4435 4,4757
4,0901 4,1223
4,5528 4,5857
5,2020 5,2351
143 18:42
4,4438 4,4760
4,0900 4,1223
4,5526 4,5855
5,2023 5,2354
144 18:43
4,4433 4,4755
4,0896 4,1218
4,5521 4,5850
5,2017 5,2348
145 18:44
4,4439 4,4765
4,0900 4,1232
4,5529 4,5861
5,2029 5,2360
146 18:45
4,4439 4,4765
4,0900 4,1232
4,5529 4,5861
5,2025 5,2356
147 18:46
4,4441 4,4766
4,0902 4,1233
4,5533 4,5865
5,2026 5,2359
148 18:47
4,4439 4,4765
4,0896 4,1228
4,5529 4,5861
5,2019 5,2354
149 18:48
4,4441 4,4766
4,0894 4,1225
4,5534 4,5865
5,2027 5,2361
150 18:49
4,4441 4,4766
4,0898 4,1225
4,5534 4,5865
5,2027 5,2361
151 18:50
4,4441 4,4766
4,0898 4,1225
4,5534 4,5865
5,2033 5,2367
152 18:51
4,4439 4,4765
4,0900 4,1232
4,5528 4,5865
5,2031 5,2366
153 18:52
4,4439 4,4765
4,0900 4,1228
4,5537 4,5870
5,2031 5,2366
154 18:53
4,4446 4,4768
4,0910 4,1235
4,5544 4,5873
5,2043 5,2374
155 18:54
4,4450 4,4772
4,0919 4,1241
4,5548 4,5877
5,2045 5,2376
156 18:55
4,4450 4,4772
4,0919 4,1241
4,5544 4,5873
5,2044 5,2375
157 18:56
4,4450 4,4772
4,0919 4,1241
4,5548 4,5877
5,2043 5,2374
158 18:57
4,4440 4,4762
4,0908 4,1232
4,5538 4,5867
5,2027 5,2358
159 18:58
4,4437 4,4759
4,0910 4,1232
4,5539 4,5868
5,2028 5,2359
160 18:59
4,4448 4,4770
4,0921 4,1244
4,5551 4,5880
5,2035 5,2366
161 19:00
4,4449 4,4771
4,0918 4,1244
4,5552 4,5881
5,2037 5,2368
162 19:01
4,4453 4,4775
4,0927 4,1249
4,5556 4,5885
5,2041 5,2372
163 19:02
4,4453 4,4775
4,0924 4,1247
4,5556 4,5885
5,2041 5,2372
164 19:03
4,4453 4,4775
4,0925 4,1247
4,5556 4,5885
5,2041 5,2372
165 19:04
4,4453 4,4775
4,0931 4,1254
4,5556 4,5885
5,2041 5,2372
166 19:05
4,4453 4,4775
4,0927 4,1250
4,5556 4,5885
5,2040 5,2371
167 19:06
4,4454 4,4776
4,0926 4,1248
4,5560 4,5889
5,2040 5,2371
168 19:07
4,4453 4,4775
4,0917 4,1239
4,5560 4,5889
5,2035 5,2366
169 19:08
4,4450 4,4772
4,0920 4,1244
4,5558 4,5887
5,2035 5,2366
170 19:09
4,4451 4,4773
4,0920 4,1244
4,5558 4,5887
5,2032 5,2363
171 19:10
4,4451 4,4773
4,0919 4,1241
4,5560 4,5889
5,2032 5,2363
172 19:11
4,4451 4,4773
4,0918 4,1241
4,5561 4,5890
5,2032 5,2363
173 19:12
4,4451 4,4773
4,0915 4,1237
4,5563 4,5892
5,2032 5,2363
174 19:13
4,4451 4,4773
4,0917 4,1239
4,5563 4,5892
5,2032 5,2363
175 19:14
4,4451 4,4773
4,0916 4,1238
4,5563 4,5892
5,2032 5,2363
176 19:15
4,4451 4,4773
4,0918 4,1241
4,5568 4,5897
5,2032 5,2363
177 19:16
4,4450 4,4772
4,0914 4,1237
4,5563 4,5892
5,2038 5,2369
178 19:17
4,4451 4,4773
4,0916 4,1238
4,5563 4,5892
5,2039 5,2370
179 19:18
4,4451 4,4773
4,0916 4,1238
4,5568 4,5897
5,2039 5,2370
180 19:19
4,4451 4,4773
4,0918 4,1241
4,5568 4,5897
5,2044 5,2375
181 19:20
4,4450 4,4772
4,0918 4,1241
4,5568 4,5897
5,2038 5,2369
182 19:21
4,4451 4,4773
4,0915 4,1237
4,5568 4,5897
5,2039 5,2370
183 19:22
4,4451 4,4773
4,0915 4,1237
4,5568 4,5897
5,2038 5,2369
184 19:23
4,4451 4,4773
4,0914 4,1237
4,5563 4,5892
5,2038 5,2369
185 19:24
4,4451 4,4773
4,0913 4,1235
4,5563 4,5892
5,2041 5,2372
186 19:25
4,4451 4,4773
4,0914 4,1237
4,5563 4,5892
5,2038 5,2369
187 19:26
4,4451 4,4773
4,0914 4,1237
4,5568 4,5897
5,2044 5,2375
188 19:27
4,4451 4,4773
4,0919 4,1241
4,5568 4,5897
5,2044 5,2375
189 19:28
4,4451 4,4773
4,0924 4,1248
4,5572 4,5901
5,2047 5,2378
190 19:29
4,4451 4,4773
4,0926 4,1249
4,5575 4,5904
5,2051 5,2382
191 19:30
4,4451 4,4773
4,0924 4,1248
4,5572 4,5901
5,2051 5,2382
192 19:31
4,4451 4,4773
4,0927 4,1249
4,5575 4,5904
5,2050 5,2381
193 19:32
4,4452 4,4774
4,0924 4,1246
4,5573 4,5902
5,2052 5,2383
194 19:33
4,4452 4,4774
4,0924 4,1246
4,5573 4,5902
5,2052 5,2383
195 19:34
4,4452 4,4774
4,0926 4,1248
4,5573 4,5902
5,2052 5,2383
196 19:35
4,4451 4,4773
4,0927 4,1249
4,5575 4,5904
5,2045 5,2376
197 19:36
4,4451 4,4773
4,0927 4,1249
4,5575 4,5904
5,2044 5,2375
198 19:37
4,4451 4,4773
4,0924 4,1248
4,5573 4,5902
5,2044 5,2375
199 19:38
4,4451 4,4773
4,0926 4,1249
4,5573 4,5902
5,2045 5,2376
200 19:39
4,4451 4,4773
4,0927 4,1249
4,5575 4,5904
5,2044 5,2375
201 19:40
4,4451 4,4773
4,0929 4,1252
4,5575 4,5904
5,2044 5,2375
202 19:41
4,4451 4,4773
4,0931 4,1253
4,5577 4,5906
5,2044 5,2375
203 19:42
4,4451 4,4773
4,0930 4,1252
4,5575 4,5904
5,2041 5,2372
204 19:43
4,4452 4,4774
4,0932 4,1254
4,5576 4,5905
5,2046 5,2377
205 19:44
4,4453 4,4775
4,0931 4,1254
4,5577 4,5906
5,2044 5,2375
206 19:45
4,4451 4,4773
4,0929 4,1251
4,5575 4,5904
5,2039 5,2370
207 19:46
4,4450 4,4772
4,0927 4,1249
4,5572 4,5901
5,2044 5,2375
208 19:47
4,4451 4,4773
4,0929 4,1251
4,5573 4,5902
5,2045 5,2376
209 19:48
4,4451 4,4773
4,0930 4,1252
4,5576 4,5905
5,2044 5,2375
210 19:49
4,4451 4,4773
4,0927 4,1249
4,5575 4,5904
5,2045 5,2376
211 19:50
4,4451 4,4773
4,0927 4,1249
4,5573 4,5902
5,2044 5,2375
212 19:51
4,4451 4,4773
4,0927 4,1249
4,5573 4,5902
5,2045 5,2376
213 19:52
4,4451 4,4773
4,0929 4,1252
4,5572 4,5901
5,2041 5,2372
214 19:53
4,4451 4,4773
4,0927 4,1249
4,5572 4,5901
5,2040 5,2371
215 19:54
4,4451 4,4773
4,0927 4,1249
4,5573 4,5902
5,2039 5,2370
216 19:55
4,4451 4,4773
4,0927 4,1249
4,5573 4,5902
5,2039 5,2370
217 19:56
4,4452 4,4774
4,0928 4,1250
4,5574 4,5903
5,2040 5,2371
218 19:57
4,4452 4,4774
4,0932 4,1254
4,5574 4,5903
5,2034 5,2365
219 19:58
4,4454 4,4776
4,0931 4,1253
4,5571 4,5900
5,2036 5,2367
220 19:59
4,4455 4,4777
4,0932 4,1254
4,5572 4,5901
5,2037 5,2368
221 20:00
4,4440 4,4775
4,0911 4,1251
4,5557 4,5903
5,2019 5,2364
222 20:01
4,4427 4,4766
4,0900 4,1240
4,5544 4,5890
5,2004 5,2351
223 20:02
4,4430 4,4761
4,0891 4,1223
4,5546 4,5883
5,2007 5,2348
224 20:03
4,4429 4,4759
4,0892 4,1227
4,5546 4,5887
5,2008 5,2348
225 20:04
4,4431 4,4760
4,0888 4,1222
4,5547 4,5882
5,2010 5,2342
226 20:05
4,4432 4,4758
4,0891 4,1220
4,5548 4,5877
5,2010 5,2341
227 20:06
4,4432 4,4759
4,0893 4,1225
4,5544 4,5882
5,2010 5,2343
228 20:07
4,4432 4,4759
4,0901 4,1234
4,5544 4,5878
5,2003 5,2340
229 20:08
4,4433 4,4760
4,0902 4,1231
4,5545 4,5879
5,2010 5,2341
230 20:09
4,4439 4,4765
4,0896 4,1228
4,5551 4,5884
5,2013 5,2348
231 20:10
4,4439 4,4765
4,0898 4,1229
4,5547 4,5884
5,2013 5,2348
232 20:11
4,4439 4,4765
4,0900 4,1232
4,5548 4,5880
5,2013 5,2348
233 20:12
4,4444 4,4771
4,0908 4,1237
4,5551 4,5888
5,2023 5,2354
234 20:13
4,4444 4,4771
4,0908 4,1241
4,5551 4,5884
5,2019 5,2355
235 20:14
4,4444 4,4771
4,0912 4,1241
4,5551 4,5884
5,2019 5,2355
236 20:15
4,4444 4,4771
4,0916 4,1245
4,5551 4,5884
5,2025 5,2361
237 20:16
4,4444 4,4770
4,0920 4,1248
4,5553 4,5885
5,2019 5,2354
238 20:17
4,4444 4,4771
4,0927 4,1255
4,5551 4,5884
5,2019 5,2355
239 20:18
4,4446 4,4771
4,0925 4,1256
4,5553 4,5884
5,2021 5,2355
240 20:19
4,4444 4,4771
4,0933 4,1264
4,5551 4,5884
5,2017 5,2354
241 20:20
4,4444 4,4770
4,0934 4,1264
4,5551 4,5884
5,2017 5,2348
242 20:21
4,4444 4,4773
4,0935 4,1268
4,5547 4,5887
5,2011 5,2350
243 20:22
4,4445 4,4772
4,0939 4,1272
4,5552 4,5886
5,2006 5,2343
244 20:23
4,4443 4,4771
4,0941 4,1271
4,5546 4,5885
5,2006 5,2344
245 20:24
4,4442 4,4772
4,0937 4,1271
4,5551 4,5887
5,2005 5,2345
246 20:25
4,4444 4,4773
4,0939 4,1272
4,5556 4,5892
5,2013 5,2351
247 20:26
4,4442 4,4771
4,0932 4,1266
4,5554 4,5889
5,2009 5,2348
248 20:27
4,4442 4,4770
4,0937 4,1267
4,5556 4,5890
5,2011 5,2349
249 20:28
4,4442 4,4771
4,0933 4,1264
4,5554 4,5889
5,2009 5,2348
250 20:29
4,4444 4,4771
4,0931 4,1260
4,5556 4,5889
5,2017 5,2348
251 20:30
4,4444 4,4771
4,0937 4,1268
4,5556 4,5889
5,2011 5,2348
252 20:31
4,4442 4,4770
4,0938 4,1271
4,5555 4,5894
5,2017 5,2348
253 20:32
4,4442 4,4771
4,0940 4,1272
4,5559 4,5899
5,2009 5,2348
254 20:33
4,4444 4,4771
4,0942 4,1274
4,5565 4,5898
5,2013 5,2349
255 20:34
4,4442 4,4771
4,0944 4,1279
4,5564 4,5904
5,2009 5,2348
256 20:35
4,4442 4,4771
4,0947 4,1281
4,5559 4,5895
5,2009 5,2348
257 20:36
4,4442 4,4771
4,0948 4,1279
4,5559 4,5895
5,2009 5,2348
258 20:37
4,4442 4,4771
4,0940 4,1274
4,5559 4,5895
5,2009 5,2348
259 20:38
4,4442 4,4771
4,0940 4,1274
4,5559 4,5895
5,2009 5,2348
260 20:39
4,4440 4,4771
4,0938 4,1274
4,5552 4,5890
5,2007 5,2348
261 20:40
4,4440 4,4771
4,0942 4,1278
4,5552 4,5890
5,2007 5,2348
262 20:41
4,4441 4,4771
4,0943 4,1279
4,5555 4,5891
5,2010 5,2350
263 20:42
4,4442 4,4771
4,0944 4,1275
4,5554 4,5889
5,2015 5,2348
264 20:43
4,4442 4,4771
4,0944 4,1275
4,5554 4,5891
5,2015 5,2348
265 20:44
4,4442 4,4771
4,0936 4,1270
4,5554 4,5889
5,2009 5,2348
266 20:45
4,4442 4,4771
4,0931 4,1263
4,5558 4,5894
5,2009 5,2348
267 20:46
4,4442 4,4771
4,0933 4,1264
4,5554 4,5889
5,2015 5,2354
268 20:47
4,4442 4,4771
4,0929 4,1264
4,5554 4,5889
5,2015 5,2354
269 20:48
4,4442 4,4771
4,0929 4,1264
4,5554 4,5889
5,2015 5,2352
270 20:49
4,4442 4,4771
4,0929 4,1264
4,5554 4,5889
5,2015 5,2354
271 20:50
4,4442 4,4771
4,0926 4,1259
4,5554 4,5889
5,2015 5,2348
272 20:51
4,4425 4,4786
4,0913 4,1273
4,5537 4,5905
5,1996 5,2372
273 20:52
4,4424 4,4786
4,0917 4,1282
4,5536 4,5905
5,1996 5,2374
274 20:53
4,4424 4,4784
4,0914 4,1273
4,5536 4,5903
5,1995 5,2370
275 20:54
4,4424 4,4786
4,0913 4,1277
4,5531 4,5900
5,1995 5,2366
276 20:55
4,4424 4,4786
4,0914 4,1279
4,5532 4,5905
5,1996 5,2374
277 20:56
4,4425 4,4780
4,0917 4,1276
4,5542 4,5904
5,1995 5,2364
278 20:57
4,4423 4,4779
4,0917 4,1272
4,5544 4,5911
5,1994 5,2359
279 20:58
4,4442 4,4771
4,0937 4,1268
4,5555 4,5894
5,2009 5,2344
280 20:59
4,4451 4,4773
4,0941 4,1269
4,5554 4,5887
5,2015 5,2346
281 21:00
4,4450 4,4772
4,0948 4,1270
4,5558 4,5887
5,2019 5,2350
282 21:01
4,4450 4,4772
4,0950 4,1274
4,5558 4,5887
5,2022 5,2353
283 21:02
4,4450 4,4772
4,0949 4,1271
4,5553 4,5882
5,2025 5,2356
284 21:03
4,4453 4,4775
4,0951 4,1273
4,5567 4,5896
5,2022 5,2353
285 21:04
4,4452 4,4774
4,0952 4,1274
4,5566 4,5895
5,2027 5,2358
286 21:05
4,4454 4,4776
4,0951 4,1273
4,5571 4,5900
5,2030 5,2361
287 21:06
4,4453 4,4775
4,0950 4,1272
4,5570 4,5899
5,2032 5,2363
288 21:07
4,4455 4,4777
4,0956 4,1278
4,5568 4,5897
5,2032 5,2363
289 21:08
4,4454 4,4776
4,0949 4,1271
4,5569 4,5898
5,2033 5,2364
290 21:09
4,4454 4,4776
4,0952 4,1274
4,5569 4,5898
5,2033 5,2364
291 21:10
4,4451 4,4773
4,0948 4,1270
4,5566 4,5895
5,2030 5,2361
292 21:11
4,4451 4,4773
4,0948 4,1270
4,5563 4,5892
5,2028 5,2359
293 21:12
4,4450 4,4772
4,0943 4,1268
4,5562 4,5891
5,2025 5,2356
294 21:13
4,4449 4,4771
4,0945 4,1268
4,5561 4,5890
5,2024 5,2355
295 21:14
4,4449 4,4771
4,0941 4,1268
4,5561 4,5890
5,2027 5,2358
296 21:15
4,4450 4,4772
4,0945 4,1267
4,5562 4,5891
5,2029 5,2360
297 21:16
4,4449 4,4771
4,0939 4,1267
4,5561 4,5890
5,2024 5,2355
298 21:17
4,4449 4,4771
4,0939 4,1267
4,5561 4,5890
5,2029 5,2360
299 21:18
4,4450 4,4772
4,0943 4,1267
4,5563 4,5892
5,2026 5,2357
300 21:19
4,4451 4,4773
4,0943 4,1267
4,5563 4,5892
5,2026 5,2357
301 21:20
4,4450 4,4772
4,0946 4,1271
4,5562 4,5891
5,2025 5,2356
302 21:21
4,4449 4,4771
4,0948 4,1271
4,5561 4,5890
5,2023 5,2354
303 21:22
4,4448 4,4770
4,0942 4,1270
4,5556 4,5889
5,2023 5,2354
304 21:23
4,4448 4,4770
4,0946 4,1274
4,5556 4,5885
5,2026 5,2357
305 21:24
4,4448 4,4770
4,0946 4,1270
4,5556 4,5885
5,2023 5,2354
306 21:25
4,4448 4,4770
4,0942 4,1270
4,5556 4,5885
5,2026 5,2357
307 21:26
4,4448 4,4770
4,0946 4,1270
4,5556 4,5885
5,2023 5,2354
308 21:27
4,4448 4,4770
4,0946 4,1270
4,5556 4,5885
5,2023 5,2354
309 21:28
4,4445 4,4786
4,0942 4,1284
4,5553 4,5905
5,2020 5,2372
310 21:29
4,4448 4,4771
4,0946 4,1271
4,5560 4,5889
5,2024 5,2355
311 21:30
4,4448 4,4771
4,0946 4,1271
4,5560 4,5889
5,2019 5,2350
312 21:31
4,4449 4,4773
4,0943 4,1273
4,5563 4,5895
5,2020 5,2351
313 21:32
4,4449 4,4774
4,0943 4,1274
4,5561 4,5892
5,2022 5,2353
314 21:33
4,4448 4,4772
4,0943 4,1272
4,5563 4,5897
5,2023 5,2354
315 21:34
4,4448 4,4772
4,0939 4,1265
4,5565 4,5896
5,2023 5,2356
316 21:35
4,4448 4,4772
4,0939 4,1265
4,5562 4,5892
5,2029 5,2362
317 21:36
4,4448 4,4772
4,0940 4,1269
4,5562 4,5892
5,2030 5,2361
318 21:37
4,4449 4,4774
4,0940 4,1267
4,5561 4,5892
5,2033 5,2364
319 21:38
4,4448 4,4772
4,0935 4,1265
4,5556 4,5887
5,2029 5,2362
320 21:39
4,4448 4,4770
4,0935 4,1263
4,5556 4,5885
5,2030 5,2361
321 21:40
4,4448 4,4770
4,0935 4,1259
4,5556 4,5885
5,2029 5,2360
322 21:41
4,4445 4,4784
4,0931 4,1275
4,5553 4,5899
5,2032 5,2376
323 21:42
4,4444 4,4784
4,0931 4,1275
4,5553 4,5899
5,2032 5,2384
324 21:43
4,4443 4,4776
4,0934 4,1269
4,5551 4,5891
5,2030 5,2374
325 21:44
4,4444 4,4776
4,0932 4,1269
4,5553 4,5891
5,2032 5,2374
326 21:45
4,4444 4,4776
4,0936 4,1271
4,5553 4,5891
5,2032 5,2374
327 21:46
4,4444 4,4776
4,0934 4,1269
4,5553 4,5891
5,2036 5,2373
328 21:47
4,4444 4,4776
4,0931 4,1265
4,5553 4,5891
5,2032 5,2374
329 21:48
4,4444 4,4776
4,0936 4,1269
4,5556 4,5896
5,2038 5,2380
330 21:49
4,4444 4,4776
4,0932 4,1269
4,5558 4,5896
5,2038 5,2380
331 21:50
4,4445 4,4784
4,0931 4,1275
4,5556 4,5903
5,2038 5,2390
332 21:51
4,4444 4,4784
4,0932 4,1277
4,5552 4,5903
5,2037 5,2388
333 21:52
4,4448 4,4770
4,0935 4,1259
4,5556 4,5885
5,2041 5,2372
334 21:53
4,4448 4,4770
4,0935 4,1259
4,5556 4,5885
5,2041 5,2372
335 21:54
4,4448 4,4770
4,0935 4,1259
4,5556 4,5885
5,2036 5,2367
336 21:55
4,4448 4,4770
4,0943 4,1268
4,5556 4,5889
5,2040 5,2371
337 21:56
4,4448 4,4770
4,0935 4,1263
4,5556 4,5889
5,2039 5,2370
338 21:57
4,4448 4,4770
4,0939 4,1263
4,5560 4,5889
5,2038 5,2369
339 21:58
4,4449 4,4773
4,0936 4,1266
4,5558 4,5888
5,2041 5,2372
340 21:59
4,4454 4,4784
4,0944 4,1276
4,5562 4,5899
5,2050 5,2384
341 22:00
4,4450 4,4772
4,0940 4,1268
4,5557 4,5886
5,2037 5,2368
342 22:01
4,4451 4,4774
4,0942 4,1271
4,5559 4,5888
5,2039 5,2371
343 22:02
4,4451 4,4774
4,0945 4,1274
4,5558 4,5887
5,2039 5,2371
344 22:03
4,4452 4,4779
4,0946 4,1275
4,5559 4,5892
5,2040 5,2376
345 22:04
4,4487 4,4817
4,0978 4,1314
4,5597 4,5933
5,2082 5,2422
346 22:05
4,4496 4,4826
4,0988 4,1323
4,5611 4,5947
5,2093 5,2433
347 22:06
4,4497 4,4827
4,0987 4,1319
4,5611 4,5948
5,2094 5,2434
348 22:07
4,4499 4,4830
4,0989 4,1322
4,5608 4,5946
5,2100 5,2435
349 22:08
4,4499 4,4829
4,0989 4,1321
4,5608 4,5945
5,2102 5,2442
350 22:09
4,4499 4,4828
4,0989 4,1320
4,5608 4,5944
5,2100 5,2439
351 22:10
4,4499 4,4828
4,0985 4,1319
4,5606 4,5943
5,2100 5,2439
352 22:11
4,4498 4,4828
4,0986 4,1321
4,5607 4,5944
5,2101 5,2441
353 22:12
4,4498 4,4829
4,0984 4,1316
4,5603 4,5945
5,2099 5,2440
354 22:13
4,4498 4,4828
4,0986 4,1321
4,5603 4,5944
5,2107 5,2447
355 22:14
4,4498 4,4828
4,0986 4,1321
4,5608 4,5948
5,2107 5,2447
356 22:15
4,4498 4,4828
4,0986 4,1320
4,5607 4,5948
5,2107 5,2447
357 22:16
4,4496 4,4824
4,0990 4,1320
4,5611 4,5945
5,2111 5,2443
358 22:17
4,4498 4,4825
4,0988 4,1321
4,5607 4,5945
5,2105 5,2442
359 22:18
4,4498 4,4825
4,0988 4,1321
4,5611 4,5944
5,2105 5,2442
360 22:19
4,4499 4,4830
4,0993 4,1326
4,5612 4,5949
5,2106 5,2447
361 22:20
4,4500 4,4828
4,0992 4,1324
4,5615 4,5949
5,2109 5,2446
362 22:21
4,4502 4,4829
4,0996 4,1325
4,5615 4,5948
5,2111 5,2447
363 22:22
4,4502 4,4829
4,0996 4,1325
4,5615 4,5948
5,2111 5,2447
364 22:23
4,4500 4,4828
4,0994 4,1328
4,5615 4,5949
5,2109 5,2446
365 22:24
4,4500 4,4828
4,0990 4,1324
4,5609 4,5944
5,2109 5,2446
366 22:25
4,4499 4,4830
4,0989 4,1326
4,5612 4,5949
5,2106 5,2447
367 22:26
4,4500 4,4828
4,0986 4,1320
4,5609 4,5948
5,2103 5,2440
368 22:27
4,4500 4,4828
4,0986 4,1320
4,5609 4,5946
5,2103 5,2440
369 22:28
4,4500 4,4828
4,0990 4,1320
4,5609 4,5944
5,2103 5,2440
370 22:29
4,4499 4,4830
4,0985 4,1321
4,5604 4,5945
5,2100 5,2441
371 22:30
4,4499 4,4832
4,0985 4,1323
4,5608 4,5948
5,2101 5,2445
372 22:31
4,4497 4,4831
4,0987 4,1323
4,5606 4,5947
5,2099 5,2444
373 22:32
4,4498 4,4833
4,0987 4,1327
4,5607 4,5949
5,2100 5,2446
374 22:33
4,4491 4,4836
4,0982 4,1331
4,5599 4,5956
5,2097 5,2450
375 22:34
4,4495 4,4823
4,0986 4,1316
4,5604 4,5943
5,2103 5,2434
376 22:35
Definite connection error