#======================
2023-4-4
# 1.EUR, 2.USD, 3.CHF, 4.GBP
Sell Price, Buy Price
1 13:09
4,6571 4,6894
4,2659 4,2981
4,6742 4,7072
5,3342 5,3676
2 13:10
4,6566 4,6889
4,2654 4,2976
4,6741 4,7071
5,3327 5,3661
3 13:11
4,6565 4,6888
4,2653 4,2975
4,6744 4,7073
5,3329 5,3663
4 13:12
4,6565 4,6888
4,2657 4,2979
4,6747 4,7076
5,3320 5,3654
5 13:13
4,6568 4,6891
4,2671 4,2993
4,6737 4,7066
5,3339 5,3673
6 13:14
4,6569 4,6892
4,2677 4,2999
4,6727 4,7056
5,3360 5,3694
7 13:15
4,6572 4,6895
4,2689 4,3011
4,6731 4,7060
5,3353 5,3687
8 13:16
4,6572 4,6895
4,2685 4,3007
4,6735 4,7064
5,3347 5,3681
9 13:17
4,6572 4,6895
4,2699 4,3021
4,6738 4,7067
5,3362 5,3696
10 13:18
4,6574 4,6897
4,2703 4,3025
4,6733 4,7062
5,3362 5,3696
11 13:19
4,6574 4,6897
4,2700 4,3022
4,6737 4,7066
5,3358 5,3692
12 13:20
4,6574 4,6897
4,2705 4,3027
4,6742 4,7071
5,3358 5,3692
13 13:21
4,6566 4,6889
4,2697 4,3019
4,6734 4,7063
5,3346 5,3679
14 13:22
4,6568 4,6891
4,2707 4,3029
4,6730 4,7059
5,3354 5,3687
15 13:23
4,6568 4,6891
4,2705 4,3027
4,6733 4,7062
5,3354 5,3687
16 13:24
4,6568 4,6891
4,2707 4,3029
4,6733 4,7062
5,3348 5,3681
17 13:25
4,6568 4,6891
4,2701 4,3023
4,6730 4,7059
5,3354 5,3687
18 13:26
4,6562 4,6885
4,2697 4,3019
4,6726 4,7055
5,3356 5,3690
19 13:27
4,6561 4,6884
4,2702 4,3024
4,6726 4,7055
5,3359 5,3693
20 13:28
4,6557 4,6880
4,2697 4,3019
4,6726 4,7055
5,3348 5,3682
21 13:29
4,6555 4,6878
4,2691 4,3013
4,6723 4,7052
5,3352 5,3686
22 13:30
4,6558 4,6881
4,2686 4,3008
4,6739 4,7068
5,3352 5,3686
23 13:31
4,6557 4,6880
4,2685 4,3007
4,6728 4,7057
5,3345 5,3678
24 13:32
4,6559 4,6882
4,2697 4,3019
4,6736 4,7065
5,3351 5,3684
25 13:33
4,6552 4,6875
4,2686 4,3008
4,6724 4,7053
5,3339 5,3672
26 13:34
4,6556 4,6879
4,2686 4,3008
4,6726 4,7055
5,3347 5,3680
27 13:35
4,6548 4,6871
4,2679 4,3001
4,6712 4,7041
5,3338 5,3671
28 13:36
4,6544 4,6867
4,2665 4,2987
4,6702 4,7031
5,3329 5,3663
29 13:37
4,6540 4,6863
4,2663 4,2985
4,6693 4,7022
5,3329 5,3663
30 13:38
4,6543 4,6866
4,2658 4,2980
4,6703 4,7032
5,3340 5,3674
31 13:39
4,6542 4,6865
4,2661 4,2983
4,6705 4,7034
5,3334 5,3668
32 13:40
4,6546 4,6869
4,2663 4,2985
4,6711 4,7040
5,3335 5,3669
33 13:41
4,6547 4,6870
4,2666 4,2988
4,6724 4,7053
5,3335 5,3668
34 13:42
4,6547 4,6870
4,2666 4,2988
4,6721 4,7050
5,3333 5,3666
35 13:43
4,6547 4,6870
4,2667 4,2989
4,6725 4,7054
5,3333 5,3666
36 13:44
4,6547 4,6870
4,2670 4,2992
4,6722 4,7051
5,3330 5,3663
37 13:45
4,6548 4,6871
4,2667 4,2989
4,6720 4,7049
5,3331 5,3664
38 13:46
4,6548 4,6871
4,2667 4,2989
4,6713 4,7042
5,3331 5,3664
39 13:47
4,6548 4,6871
4,2667 4,2989
4,6711 4,7040
5,3316 5,3649
40 13:48
4,6548 4,6871
4,2675 4,2997
4,6716 4,7045
5,3316 5,3649
41 13:49
4,6542 4,6865
4,2666 4,2988
4,6712 4,7041
5,3309 5,3642
42 13:50
4,6541 4,6864
4,2668 4,2990
4,6712 4,7041
5,3302 5,3635
43 13:51
4,6541 4,6864
4,2670 4,2992
4,6710 4,7040
5,3321 5,3654
44 13:52
4,6541 4,6864
4,2676 4,2998
4,6714 4,7044
5,3326 5,3659
45 13:53
4,6541 4,6864
4,2676 4,2998
4,6715 4,7045
5,3323 5,3656
46 13:54
4,6540 4,6863
4,2671 4,2993
4,6709 4,7039
5,3322 5,3655
47 13:55
4,6533 4,6856
4,2663 4,2985
4,6718 4,7048
5,3318 5,3651
48 13:56
4,6536 4,6859
4,2665 4,2987
4,6719 4,7048
5,3321 5,3654
49 13:57
4,6528 4,6851
4,2666 4,2988
4,6718 4,7047
5,3309 5,3642
50 13:58
4,6529 4,6852
4,2675 4,2997
4,6718 4,7047
5,3310 5,3643
51 13:59
4,6533 4,6856
4,2680 4,3002
4,6716 4,7045
5,3314 5,3647
52 14:00
4,6532 4,6855
4,2695 4,3017
4,6730 4,7059
5,3319 5,3652
53 14:01
4,6532 4,6855
4,2694 4,3016
4,6735 4,7064
5,3319 5,3652
54 14:02
4,6532 4,6855
4,2692 4,3014
4,6726 4,7055
5,3317 5,3650
55 14:03
4,6532 4,6855
4,2686 4,3008
4,6726 4,7055
5,3310 5,3643
56 14:04
4,6532 4,6855
4,2688 4,3010
4,6732 4,7061
5,3310 5,3643
57 14:05
4,6539 4,6862
4,2692 4,3014
4,6744 4,7073
5,3321 5,3654
58 14:06
4,6541 4,6864
4,2692 4,3014
4,6749 4,7079
5,3336 5,3670
59 14:07
4,6540 4,6863
4,2692 4,3014
4,6746 4,7076
5,3318 5,3652
60 14:08
4,6541 4,6864
4,2692 4,3014
4,6748 4,7078
5,3327 5,3661
61 14:09
4,6540 4,6863
4,2687 4,3009
4,6746 4,7076
5,3316 5,3650
62 14:10
4,6541 4,6864
4,2690 4,3012
4,6748 4,7078
5,3318 5,3652
63 14:11
4,6541 4,6864
4,2688 4,3010
4,6751 4,7080
5,3320 5,3653
64 14:12
4,6541 4,6864
4,2690 4,3012
4,6755 4,7084
5,3314 5,3647
65 14:13
4,6541 4,6864
4,2696 4,3018
4,6756 4,7085
5,3311 5,3644
66 14:14
4,6543 4,6866
4,2699 4,3021
4,6760 4,7089
5,3310 5,3643
67 14:15
4,6540 4,6863
4,2679 4,3001
4,6755 4,7084
5,3302 5,3635
68 14:16
4,6542 4,6866
4,2683 4,3005
4,6760 4,7090
5,3308 5,3642
69 14:17
4,6541 4,6865
4,2688 4,3010
4,6759 4,7089
5,3315 5,3649
70 14:18
4,6542 4,6866
4,2689 4,3011
4,6758 4,7088
5,3312 5,3646
71 14:19
4,6545 4,6869
4,2692 4,3014
4,6761 4,7091
5,3304 5,3638
72 14:20
4,6548 4,6872
4,2697 4,3019
4,6765 4,7095
5,3307 5,3641
73 14:21
4,6541 4,6864
4,2676 4,2998
4,6752 4,7082
5,3296 5,3629
74 14:22
4,6539 4,6862
4,2671 4,2993
4,6751 4,7081
5,3288 5,3621
75 14:23
4,6542 4,6865
4,2675 4,2997
4,6758 4,7088
5,3297 5,3630
76 14:24
4,6544 4,6867
4,2671 4,2993
4,6760 4,7090
5,3295 5,3628
77 14:25
4,6544 4,6867
4,2663 4,2985
4,6755 4,7085
5,3305 5,3638
78 14:26
4,6545 4,6868
4,2672 4,2994
4,6767 4,7096
5,3316 5,3649
79 14:27
4,6548 4,6871
4,2683 4,3005
4,6756 4,7085
5,3307 5,3640
80 14:28
4,6544 4,6867
4,2681 4,3003
4,6752 4,7081
5,3305 5,3638
81 14:29
4,6538 4,6861
4,2677 4,2999
4,6740 4,7069
5,3298 5,3631
82 14:30
4,6537 4,6860
4,2682 4,3004
4,6739 4,7068
5,3297 5,3630
83 14:31
4,6541 4,6863
4,2683 4,3005
4,6745 4,7074
5,3298 5,3631
84 14:32
4,6545 4,6867
4,2689 4,3011
4,6759 4,7088
5,3316 5,3649
85 14:33
4,6544 4,6866
4,2688 4,3010
4,6739 4,7068
5,3290 5,3623
86 14:34
4,6547 4,6869
4,2693 4,3015
4,6742 4,7071
5,3290 5,3623
87 14:35
4,6544 4,6866
4,2690 4,3012
4,6744 4,7073
5,3293 5,3626
88 14:36
4,6544 4,6867
4,2691 4,3013
4,6742 4,7071
5,3290 5,3623
89 14:37
4,6545 4,6868
4,2689 4,3011
4,6743 4,7072
5,3281 5,3614
90 14:38
4,6544 4,6867
4,2692 4,3014
4,6750 4,7079
5,3293 5,3626
91 14:39
4,6546 4,6869
4,2708 4,3030
4,6749 4,7078
5,3302 5,3635
92 14:40
4,6548 4,6871
4,2706 4,3028
4,6753 4,7082
5,3304 5,3637
93 14:41
4,6542 4,6865
4,2697 4,3019
4,6740 4,7069
5,3291 5,3624
94 14:42
4,6540 4,6863
4,2693 4,3015
4,6728 4,7057
5,3294 5,3627
95 14:43
4,6541 4,6864
4,2688 4,3010
4,6720 4,7049
5,3289 5,3622
96 14:44
4,6538 4,6861
4,2678 4,3000
4,6734 4,7063
5,3293 5,3626
97 14:45
4,6536 4,6859
4,2682 4,3004
4,6736 4,7065
5,3297 5,3630
98 14:46
4,6536 4,6859
4,2689 4,3011
4,6741 4,7070
5,3290 5,3624
99 14:47
4,6539 4,6862
4,2698 4,3020
4,6751 4,7080
5,3306 5,3640
100 14:48
4,6533 4,6856
4,2706 4,3028
4,6749 4,7078
5,3305 5,3639
101 14:49
4,6532 4,6855
4,2723 4,3045
4,6758 4,7087
5,3319 5,3653
102 14:50
4,6529 4,6852
4,2718 4,3040
4,6751 4,7080
5,3307 5,3641
103 14:51
4,6527 4,6850
4,2712 4,3034
4,6750 4,7079
5,3301 5,3635
104 14:52
4,6527 4,6850
4,2712 4,3034
4,6748 4,7077
5,3302 5,3636
105 14:53
4,6524 4,6847
4,2710 4,3032
4,6746 4,7075
5,3298 5,3632
106 14:54
4,6522 4,6845
4,2717 4,3039
4,6748 4,7077
5,3299 5,3633
107 14:55
4,6521 4,6844
4,2717 4,3039
4,6748 4,7077
5,3307 5,3641
108 14:56
4,6529 4,6852
4,2728 4,3050
4,6753 4,7082
5,3313 5,3646
109 14:57
4,6530 4,6853
4,2729 4,3051
4,6753 4,7082
5,3314 5,3647
110 14:58
4,6523 4,6846
4,2721 4,3043
4,6749 4,7078
5,3303 5,3636
111 14:59
4,6524 4,6847
4,2710 4,3032
4,6750 4,7079
5,3289 5,3622
112 15:00
4,6520 4,6843
4,2708 4,3030
4,6753 4,7082
5,3293 5,3626
113 15:01
4,6521 4,6844
4,2696 4,3018
4,6761 4,7090
5,3295 5,3628
114 15:02
4,6522 4,6845
4,2702 4,3024
4,6762 4,7091
5,3294 5,3627
115 15:03
4,6521 4,6844
4,2687 4,3009
4,6757 4,7086
5,3286 5,3619
116 15:04
4,6515 4,6838
4,2696 4,3018
4,6750 4,7079
5,3285 5,3618
117 15:05
4,6509 4,6832
4,2688 4,3010
4,6747 4,7076
5,3278 5,3611
118 15:06
4,6509 4,6832
4,2682 4,3004
4,6755 4,7085
5,3278 5,3611
119 15:07
4,6509 4,6832
4,2690 4,3012
4,6753 4,7083
5,3283 5,3616
120 15:08
4,6513 4,6836
4,2700 4,3022
4,6757 4,7087
5,3291 5,3624
121 15:09
4,6512 4,6835
4,2709 4,3031
4,6756 4,7086
5,3300 5,3633
122 15:10
4,6511 4,6834
4,2698 4,3020
4,6755 4,7085
5,3295 5,3628
123 15:11
4,6512 4,6835
4,2697 4,3019
4,6757 4,7086
5,3303 5,3636
124 15:12
4,6521 4,6844
4,2701 4,3023
4,6769 4,7098
5,3305 5,3638
125 15:13
4,6525 4,6848
4,2702 4,3024
4,6776 4,7105
5,3308 5,3641
126 15:14
4,6527 4,6850
4,2709 4,3031
4,6784 4,7113
5,3302 5,3635
127 15:15
4,6526 4,6849
4,2706 4,3028
4,6781 4,7110
5,3306 5,3639
128 15:16
4,6527 4,6850
4,2703 4,3025
4,6787 4,7116
5,3304 5,3637
129 15:17
4,6528 4,6851
4,2702 4,3024
4,6787 4,7116
5,3303 5,3636
130 15:18
4,6529 4,6852
4,2708 4,3030
4,6788 4,7117
5,3306 5,3639
131 15:19
4,6530 4,6853
4,2705 4,3027
4,6787 4,7116
5,3311 5,3644
132 15:20
4,6532 4,6855
4,2699 4,3021
4,6786 4,7115
5,3311 5,3644
133 15:21
4,6541 4,6864
4,2712 4,3034
4,6795 4,7125
5,3320 5,3654
134 15:22
4,6541 4,6864
4,2713 4,3035
4,6797 4,7127
5,3320 5,3654
135 15:23
4,6532 4,6855
4,2707 4,3029
4,6790 4,7120
5,3319 5,3653
136 15:24
4,6532 4,6855
4,2697 4,3019
4,6790 4,7120
5,3319 5,3653
137 15:25
4,6530 4,6853
4,2691 4,3013
4,6793 4,7123
5,3304 5,3638
138 15:26
4,6529 4,6852
4,2689 4,3011
4,6788 4,7117
5,3301 5,3635
139 15:27
4,6534 4,6857
4,2687 4,3009
4,6793 4,7122
5,3303 5,3637
140 15:28
4,6543 4,6866
4,2696 4,3018
4,6803 4,7132
5,3305 5,3639
141 15:29
4,6544 4,6867
4,2695 4,3017
4,6802 4,7131
5,3305 5,3639
142 15:30
4,6548 4,6871
4,2702 4,3024
4,6802 4,7131
5,3309 5,3643
143 15:31
4,6551 4,6874
4,2703 4,3025
4,6801 4,7130
5,3319 5,3652
144 15:32
4,6555 4,6878
4,2701 4,3023
4,6810 4,7139
5,3324 5,3657
145 15:33
4,6550 4,6873
4,2698 4,3020
4,6801 4,7130
5,3309 5,3642
146 15:34
4,6552 4,6875
4,2696 4,3018
4,6798 4,7127
5,3314 5,3647
147 15:35
4,6549 4,6872
4,2699 4,3021
4,6790 4,7119
5,3318 5,3651
148 15:36
4,6548 4,6871
4,2694 4,3016
4,6774 4,7103
5,3307 5,3641
149 15:37
4,6549 4,6872
4,2687 4,3009
4,6761 4,7090
5,3324 5,3658
150 15:38
4,6553 4,6876
4,2689 4,3011
4,6770 4,7099
5,3325 5,3659
151 15:39
4,6554 4,6877
4,2702 4,3024
4,6780 4,7109
5,3332 5,3666
152 15:40
4,6553 4,6876
4,2699 4,3021
4,6785 4,7114
5,3328 5,3662
153 15:41
4,6551 4,6874
4,2697 4,3019
4,6781 4,7110
5,3322 5,3656
154 15:42
4,6550 4,6873
4,2694 4,3016
4,6786 4,7115
5,3318 5,3652
155 15:43
4,6546 4,6869
4,2689 4,3011
4,6787 4,7116
5,3320 5,3654
156 15:44
4,6551 4,6874
4,2703 4,3025
4,6792 4,7121
5,3329 5,3663
157 15:45
4,6556 4,6879
4,2701 4,3023
4,6800 4,7129
5,3337 5,3671
158 15:46
4,6548 4,6871
4,2690 4,3012
4,6793 4,7122
5,3330 5,3663
159 15:47
4,6546 4,6869
4,2675 4,2997
4,6791 4,7120
5,3335 5,3668
160 15:48
4,6547 4,6870
4,2675 4,2997
4,6801 4,7130
5,3327 5,3660
161 15:49
4,6549 4,6872
4,2672 4,2994
4,6808 4,7137
5,3329 5,3662
162 15:50
4,6552 4,6875
4,2679 4,3001
4,6816 4,7145
5,3336 5,3669
163 15:51
4,6548 4,6871
4,2665 4,2987
4,6803 4,7132
5,3332 5,3665
164 15:52
4,6556 4,6879
4,2672 4,2994
4,6803 4,7132
5,3328 5,3661
165 15:53
4,6560 4,6883
4,2678 4,3000
4,6808 4,7137
5,3321 5,3654
166 15:54
4,6572 4,6895
4,2677 4,2999
4,6825 4,7154
5,3332 5,3665
167 15:55
4,6569 4,6892
4,2686 4,3008
4,6826 4,7155
5,3330 5,3663
168 15:56
4,6568 4,6891
4,2689 4,3011
4,6827 4,7157
5,3324 5,3657
169 15:57
4,6581 4,6904
4,2705 4,3027
4,6841 4,7171
5,3335 5,3668
170 15:58
4,6583 4,6906
4,2713 4,3035
4,6847 4,7177
5,3344 5,3677
171 15:59
4,6569 4,6892
4,2706 4,3028
4,6830 4,7160
5,3323 5,3656
172 16:00
4,6569 4,6892
4,2706 4,3028
4,6821 4,7151
5,3322 5,3655
173 16:01
4,6555 4,6878
4,2597 4,2919
4,6829 4,7158
5,3282 5,3616
174 16:02
4,6560 4,6883
4,2612 4,2934
4,6825 4,7154
5,3287 5,3621
175 16:03
4,6560 4,6883
4,2621 4,2943
4,6805 4,7134
5,3272 5,3606
176 16:04
4,6564 4,6887
4,2637 4,2959
4,6794 4,7123
5,3289 5,3623
177 16:05
4,6563 4,6886
4,2620 4,2942
4,6781 4,7110
5,3297 5,3631
178 16:06
4,6575 4,6898
4,2610 4,2932
4,6800 4,7129
5,3314 5,3647
179 16:07
4,6574 4,6897
4,2610 4,2932
4,6794 4,7123
5,3310 5,3643
180 16:08
4,6573 4,6896
4,2600 4,2922
4,6802 4,7131
5,3307 5,3640
181 16:09
4,6586 4,6909
4,2592 4,2914
4,6820 4,7149
5,3307 5,3640
182 16:10
4,6585 4,6908
4,2579 4,2901
4,6793 4,7122
5,3287 5,3620
183 16:11
4,6585 4,6908
4,2585 4,2907
4,6796 4,7126
5,3285 5,3618
184 16:12
4,6591 4,6914
4,2602 4,2924
4,6805 4,7135
5,3279 5,3612
185 16:13
4,6590 4,6913
4,2587 4,2909
4,6799 4,7129
5,3275 5,3608
186 16:14
4,6596 4,6919
4,2599 4,2921
4,6810 4,7140
5,3279 5,3612
187 16:15
4,6581 4,6904
4,2564 4,2886
4,6787 4,7117
5,3274 5,3607
188 16:16
4,6578 4,6901
4,2564 4,2886
4,6799 4,7128
5,3263 5,3596
189 16:17
4,6581 4,6904
4,2559 4,2881
4,6799 4,7128
5,3253 5,3586
190 16:18
4,6577 4,6900
4,2553 4,2875
4,6799 4,7128
5,3254 5,3587
191 16:19
4,6579 4,6902
4,2522 4,2844
4,6797 4,7126
5,3251 5,3584
192 16:20
4,6585 4,6908
4,2548 4,2870
4,6798 4,7127
5,3243 5,3576
193 16:21
4,6591 4,6914
4,2553 4,2875
4,6808 4,7137
5,3242 5,3576
194 16:22
4,6598 4,6921
4,2548 4,2870
4,6825 4,7154
5,3251 5,3585
195 16:27
4,6604 4,6927
4,2559 4,2881
4,6835 4,7164
5,3224 5,3558
196 16:28
4,6602 4,6925
4,2555 4,2877
4,6831 4,7160
5,3215 5,3549
197 16:29
4,6601 4,6924
4,2541 4,2863
4,6830 4,7159
5,3205 5,3539
198 16:30
4,6598 4,6921
4,2527 4,2849
4,6829 4,7158
5,3224 5,3558
199 16:31
4,6599 4,6922
4,2531 4,2853
4,6825 4,7154
5,3230 5,3564
200 16:32
4,6589 4,6912
4,2513 4,2835
4,6811 4,7140
5,3216 5,3550
201 16:33
4,6590 4,6913
4,2508 4,2830
4,6801 4,7130
5,3218 5,3552
202 16:34
4,6593 4,6916
4,2495 4,2817
4,6791 4,7120
5,3209 5,3543
203 16:35
4,6601 4,6924
4,2506 4,2828
4,6799 4,7128
5,3227 5,3561
204 16:36
4,6603 4,6926
4,2505 4,2827
4,6801 4,7130
5,3230 5,3563
205 16:37
4,6604 4,6927
4,2520 4,2842
4,6806 4,7135
5,3227 5,3560
206 16:38
4,6604 4,6927
4,2516 4,2838
4,6811 4,7140
5,3224 5,3557
207 16:39
4,6604 4,6927
4,2526 4,2848
4,6821 4,7150
5,3227 5,3560
208 16:40
4,6602 4,6925
4,2530 4,2852
4,6824 4,7153
5,3219 5,3552
209 16:41
4,6599 4,6922
4,2533 4,2855
4,6824 4,7154
5,3206 5,3539
210 16:42
4,6599 4,6922
4,2519 4,2841
4,6817 4,7147
5,3203 5,3536
211 16:43
4,6596 4,6919
4,2518 4,2840
4,6815 4,7145
5,3200 5,3533
212 16:44
4,6599 4,6922
4,2523 4,2845
4,6819 4,7149
5,3203 5,3536
213 16:45
4,6598 4,6921
4,2521 4,2843
4,6814 4,7144
5,3211 5,3544
214 16:46
4,6597 4,6920
4,2520 4,2842
4,6809 4,7139
5,3210 5,3543
215 16:47
4,6600 4,6923
4,2505 4,2827
4,6810 4,7140
5,3204 5,3537
216 16:48
4,6604 4,6927
4,2511 4,2833
4,6806 4,7136
5,3212 5,3545
217 16:49
4,6605 4,6928
4,2512 4,2834
4,6803 4,7133
5,3213 5,3546
218 16:50
4,6604 4,6927
4,2507 4,2829
4,6793 4,7123
5,3208 5,3541
219 16:51
4,6600 4,6923
4,2491 4,2813
4,6792 4,7122
5,3195 5,3528
220 16:52
4,6600 4,6923
4,2480 4,2802
4,6784 4,7114
5,3185 5,3518
221 16:53
4,6602 4,6925
4,2499 4,2821
4,6801 4,7131
5,3197 5,3530
222 16:54
4,6604 4,6927
4,2481 4,2803
4,6802 4,7132
5,3190 5,3523
223 16:55
4,6604 4,6927
4,2484 4,2806
4,6813 4,7143
5,3209 5,3542
224 16:56
4,6619 4,6942
4,2493 4,2815
4,6828 4,7158
5,3232 5,3565
225 16:57
4,6621 4,6944
4,2488 4,2810
4,6833 4,7163
5,3225 5,3558
226 16:58
4,6625 4,6948
4,2491 4,2813
4,6839 4,7169
5,3230 5,3563
227 16:59
4,6627 4,6950
4,2501 4,2823
4,6841 4,7171
5,3229 5,3562
228 17:00
4,6619 4,6942
4,2491 4,2813
4,6825 4,7155
5,3208 5,3541
229 17:01
4,6631 4,6954
4,2502 4,2824
4,6840 4,7170
5,3215 5,3548
230 17:02
4,6638 4,6961
4,2512 4,2834
4,6854 4,7184
5,3226 5,3559
231 17:03
4,6639 4,6962
4,2525 4,2847
4,6859 4,7189
5,3231 5,3564
232 17:04
4,6646 4,6969
4,2528 4,2850
4,6855 4,7185
5,3245 5,3578
233 17:05
4,6638 4,6961
4,2538 4,2860
4,6845 4,7175
5,3236 5,3569
234 17:06
4,6637 4,6960
4,2541 4,2863
4,6854 4,7184
5,3231 5,3564
235 17:07
4,6638 4,6961
4,2540 4,2862
4,6853 4,7183
5,3224 5,3557
236 17:08
4,6639 4,6962
4,2543 4,2865
4,6860 4,7190
5,3228 5,3561
237 17:09
4,6636 4,6959
4,2527 4,2849
4,6857 4,7187
5,3212 5,3545
238 17:10
4,6636 4,6959
4,2530 4,2852
4,6849 4,7179
5,3200 5,3533
239 17:11
4,6634 4,6957
4,2527 4,2849
4,6848 4,7178
5,3201 5,3534
240 17:12
4,6629 4,6952
4,2520 4,2842
4,6845 4,7175
5,3196 5,3529
241 17:13
4,6630 4,6953
4,2526 4,2848
4,6851 4,7181
5,3201 5,3534
242 17:14
4,6631 4,6954
4,2522 4,2844
4,6847 4,7177
5,3209 5,3542
243 17:15
4,6639 4,6962
4,2523 4,2845
4,6855 4,7185
5,3218 5,3551
244 17:16
4,6638 4,6961
4,2513 4,2835
4,6862 4,7192
5,3211 5,3544
245 17:17
4,6633 4,6956
4,2520 4,2842
4,6867 4,7197
5,3203 5,3536
246 17:18
4,6633 4,6956
4,2540 4,2862
4,6866 4,7196
5,3206 5,3539
247 17:19
4,6635 4,6958
4,2549 4,2871
4,6875 4,7205
5,3216 5,3549
248 17:20
4,6637 4,6960
4,2547 4,2869
4,6873 4,7203
5,3217 5,3550
249 17:21
4,6634 4,6957
4,2546 4,2868
4,6859 4,7189
5,3203 5,3536
250 17:22
4,6627 4,6950
4,2530 4,2852
4,6852 4,7182
5,3194 5,3527
251 17:23
4,6627 4,6950
4,2529 4,2851
4,6852 4,7182
5,3198 5,3531
252 17:24
4,6635 4,6958
4,2545 4,2867
4,6866 4,7196
5,3214 5,3547
253 17:25
4,6629 4,6952
4,2545 4,2867
4,6860 4,7190
5,3210 5,3543
254 17:26
4,6633 4,6956
4,2555 4,2877
4,6867 4,7197
5,3221 5,3554
255 17:27
4,6633 4,6956
4,2551 4,2873
4,6878 4,7208
5,3206 5,3539
256 17:28
4,6631 4,6954
4,2555 4,2877
4,6885 4,7215
5,3200 5,3533
257 17:29
4,6627 4,6950
4,2552 4,2874
4,6889 4,7219
5,3193 5,3526
258 17:30
4,6634 4,6957
4,2559 4,2881
4,6885 4,7215
5,3197 5,3530
259 17:31
4,6632 4,6955
4,2566 4,2888
4,6886 4,7216
5,3192 5,3525
260 17:32
4,6638 4,6961
4,2573 4,2895
4,6901 4,7231
5,3197 5,3530
261 17:33
4,6629 4,6952
4,2557 4,2879
4,6888 4,7218
5,3195 5,3528
262 17:34
4,6628 4,6951
4,2554 4,2876
4,6882 4,7212
5,3200 5,3533
263 17:35
4,6628 4,6951
4,2562 4,2884
4,6887 4,7217
5,3203 5,3536
264 17:36
4,6628 4,6951
4,2564 4,2886
4,6887 4,7217
5,3212 5,3545
265 17:37
4,6627 4,6950
4,2555 4,2877
4,6886 4,7216
5,3202 5,3535
266 17:38
4,6627 4,6950
4,2561 4,2883
4,6881 4,7211
5,3202 5,3535
267 17:39
4,6628 4,6951
4,2562 4,2884
4,6887 4,7217
5,3203 5,3536
268 17:40
4,6633 4,6956
4,2570 4,2892
4,6894 4,7224
5,3206 5,3539
269 17:41
4,6632 4,6955
4,2564 4,2886
4,6900 4,7230
5,3202 5,3535
270 17:42
4,6632 4,6955
4,2572 4,2894
4,6905 4,7235
5,3214 5,3547
271 17:43
4,6633 4,6956
4,2567 4,2889
4,6901 4,7231
5,3212 5,3545
272 17:44
4,6633 4,6956
4,2569 4,2891
4,6906 4,7236
5,3206 5,3539
273 17:45
4,6632 4,6955
4,2560 4,2882
4,6905 4,7235
5,3214 5,3547
274 17:46
4,6630 4,6953
4,2560 4,2882
4,6903 4,7233
5,3214 5,3547
275 17:47
4,6630 4,6953
4,2552 4,2874
4,6898 4,7228
5,3214 5,3547
276 17:48
4,6625 4,6948
4,2548 4,2870
4,6900 4,7230
5,3212 5,3545
277 17:49
4,6625 4,6948
4,2551 4,2873
4,6906 4,7236
5,3227 5,3560
278 17:50
4,6616 4,6939
4,2538 4,2860
4,6903 4,7233
5,3222 5,3555
279 17:51
4,6618 4,6941
4,2545 4,2867
4,6910 4,7240
5,3222 5,3555
280 17:52
4,6619 4,6942
4,2544 4,2866
4,6913 4,7243
5,3223 5,3556
281 17:53
4,6626 4,6949
4,2554 4,2876
4,6929 4,7259
5,3222 5,3555
282 17:54
4,6624 4,6947
4,2562 4,2884
4,6928 4,7258
5,3223 5,3556
283 17:55
4,6625 4,6948
4,2575 4,2897
4,6927 4,7257
5,3221 5,3554
284 17:56
4,6625 4,6948
4,2573 4,2895
4,6922 4,7252
5,3227 5,3560
285 17:57
4,6623 4,6946
4,2571 4,2893
4,6920 4,7250
5,3234 5,3567
286 17:58
4,6624 4,6947
4,2572 4,2894
4,6930 4,7260
5,3232 5,3565
287 17:59
4,6629 4,6952
4,2572 4,2894
4,6931 4,7261
5,3237 5,3570
288 18:00
4,6630 4,6953
4,2576 4,2898
4,6937 4,7267
5,3249 5,3582
289 18:01
4,6629 4,6952
4,2573 4,2896
4,6932 4,7265
5,3243 5,3576
290 18:02
4,6628 4,6951
4,2572 4,2898
4,6939 4,7269
5,3242 5,3575
291 18:03
4,6627 4,6952
4,2566 4,2892
4,6935 4,7266
5,3243 5,3576
292 18:04
4,6629 4,6952
4,2565 4,2891
4,6940 4,7270
5,3242 5,3575
293 18:05
4,6629 4,6952
4,2577 4,2900
4,6947 4,7277
5,3242 5,3575
294 18:06
4,6630 4,6953
4,2585 4,2912
4,6955 4,7285
5,3244 5,3577
295 18:07
4,6629 4,6954
4,2583 4,2909
4,6957 4,7288
5,3242 5,3575
296 18:08
4,6629 4,6955
4,2583 4,2914
4,6959 4,7291
5,3244 5,3580
297 18:09
4,6632 4,6956
4,2596 4,2922
4,6976 4,7306
5,3234 5,3567
298 18:10
4,6629 4,6955
4,2595 4,2922
4,6978 4,7314
5,3231 5,3566
299 18:11
4,6629 4,6953
4,2595 4,2920
4,6982 4,7312
5,3231 5,3565
300 18:12
4,6629 4,6955
4,2583 4,2910
4,6987 4,7319
5,3237 5,3572
301 18:13
4,6631 4,6955
4,2586 4,2915
4,6989 4,7319
5,3246 5,3579
302 18:14
4,6631 4,6956
4,2585 4,2915
4,7000 4,7330
5,3241 5,3574
303 18:15
4,6633 4,6956
4,2579 4,2903
4,7001 4,7331
5,3242 5,3575
304 18:16
4,6633 4,6956
4,2588 4,2911
4,7012 4,7345
5,3223 5,3556
305 18:17
4,6632 4,6955
4,2590 4,2918
4,7010 4,7340
5,3223 5,3556
306 18:18
4,6633 4,6956
4,2592 4,2918
4,7007 4,7339
5,3235 5,3568
307 18:19
4,6623 4,6973
4,2581 4,2933
4,7006 4,7367
5,3224 5,3587
308 18:20
4,6625 4,6973
4,2582 4,2934
4,7012 4,7367
5,3226 5,3588
309 18:21
4,6629 4,6971
4,2587 4,2932
4,7020 4,7372
5,3226 5,3580
310 18:22
4,6628 4,6974
4,2581 4,2927
4,7019 4,7371
5,3231 5,3589
311 18:23
4,6632 4,6955
4,2588 4,2915
4,7020 4,7350
5,3242 5,3575
312 18:24
4,6633 4,6956
4,2584 4,2907
4,7017 4,7350
5,3236 5,3569
313 18:25
4,6627 4,6972
4,2574 4,2921
4,7006 4,7357
5,3230 5,3588
314 18:26
4,6633 4,6956
4,2580 4,2903
4,7015 4,7345
5,3236 5,3569
315 18:27
4,6633 4,6956
4,2580 4,2903
4,7015 4,7345
5,3229 5,3562
316 18:28
4,6610 4,6933
4,2565 4,2890
4,6992 4,7322
5,3207 5,3540
317 18:29
4,6606 4,6931
4,2558 4,2888
4,6984 4,7320
5,3207 5,3541
318 18:30
4,6608 4,6931
4,2560 4,2884
4,6981 4,7315
5,3202 5,3535
319 18:31
4,6605 4,6928
4,2554 4,2882
4,6978 4,7308
5,3202 5,3535
320 18:32
4,6602 4,6925
4,2557 4,2881
4,6970 4,7300
5,3197 5,3530
321 18:33
4,6603 4,6926
4,2561 4,2884
4,6970 4,7300
5,3201 5,3534
322 18:34
4,6604 4,6927
4,2570 4,2892
4,6967 4,7297
5,3203 5,3536
323 18:35
4,6603 4,6926
4,2569 4,2896
4,6976 4,7306
5,3202 5,3535
324 18:36
4,6605 4,6928
4,2570 4,2892
4,6978 4,7308
5,3210 5,3543
325 18:37
4,6606 4,6929
4,2572 4,2894
4,6973 4,7303
5,3216 5,3549
326 18:38
4,6606 4,6929
4,2574 4,2897
4,6984 4,7314
5,3218 5,3551
327 18:39
4,6606 4,6929
4,2565 4,2889
4,6981 4,7311
5,3218 5,3551
328 18:40
4,6605 4,6928
4,2561 4,2885
4,6974 4,7307
5,3210 5,3543
329 18:41
4,6605 4,6928
4,2556 4,2881
4,6978 4,7308
5,3210 5,3543
330 18:42
4,6606 4,6929
4,2556 4,2879
4,6975 4,7306
5,3211 5,3544
331 18:43
4,6605 4,6928
4,2559 4,2882
4,6977 4,7307
5,3210 5,3543
332 18:44
4,6606 4,6929
4,2567 4,2890
4,6976 4,7306
5,3217 5,3550
333 18:45
4,6607 4,6930
4,2565 4,2889
4,6980 4,7310
5,3219 5,3552
334 18:46
4,6602 4,6925
4,2561 4,2886
4,6971 4,7301
5,3211 5,3544
335 18:47
4,6602 4,6925
4,2560 4,2886
4,6975 4,7305
5,3213 5,3546
336 18:48
4,6602 4,6925
4,2561 4,2886
4,6969 4,7299
5,3209 5,3542
337 18:49
4,6602 4,6925
4,2560 4,2886
4,6970 4,7300
5,3213 5,3546
338 18:50
4,6602 4,6925
4,2568 4,2895
4,6975 4,7305
5,3213 5,3546
339 18:51
4,6603 4,6926
4,2565 4,2892
4,6976 4,7306
5,3214 5,3547
340 18:52
4,6603 4,6926
4,2565 4,2891
4,6980 4,7310
5,3220 5,3553
341 18:53
4,6603 4,6926
4,2571 4,2899
4,6980 4,7310
5,3220 5,3553
342 18:54
4,6603 4,6926
4,2576 4,2903
4,6980 4,7310
5,3220 5,3553
343 18:55
4,6603 4,6926
4,2576 4,2903
4,6977 4,7310
5,3220 5,3553
344 18:56
4,6603 4,6926
4,2576 4,2902
4,6980 4,7310
5,3220 5,3553
345 18:57
4,6603 4,6926
4,2576 4,2903
4,6977 4,7310
5,3220 5,3553
346 18:58
4,6603 4,6926
4,2572 4,2899
4,6972 4,7305
5,3222 5,3555
347 18:59
4,6610 4,6933
4,2576 4,2901
4,6979 4,7309
5,3228 5,3561
348 19:00
4,6610 4,6933
4,2576 4,2901
4,6977 4,7307
5,3222 5,3555
349 19:01
4,6611 4,6934
4,2584 4,2911
4,6979 4,7309
5,3226 5,3559
350 19:02
4,6611 4,6934
4,2582 4,2906
4,6978 4,7308
5,3223 5,3556
351 19:03
4,6611 4,6934
4,2583 4,2912
4,6979 4,7311
5,3223 5,3556
352 19:04
4,6611 4,6934
4,2576 4,2899
4,6983 4,7313
5,3221 5,3554
353 19:05
4,6610 4,6935
4,2570 4,2900
4,6979 4,7310
5,3224 5,3558
354 19:06
4,6612 4,6935
4,2573 4,2900
4,6975 4,7305
5,3218 5,3551
355 19:07
4,6612 4,6935
4,2569 4,2896
4,6976 4,7308
5,3218 5,3551
356 19:08
4,6611 4,6934
4,2575 4,2900
4,6972 4,7302
5,3217 5,3550
357 19:09
4,6611 4,6934
4,2575 4,2903
4,6981 4,7311
5,3223 5,3556
358 19:10
4,6612 4,6935
4,2577 4,2900
4,6984 4,7314
5,3230 5,3563
359 19:11
4,6613 4,6936
4,2582 4,2907
4,6990 4,7320
5,3227 5,3560
360 19:12
4,6613 4,6936
4,2581 4,2907
4,6990 4,7320
5,3228 5,3561
361 19:13
4,6613 4,6936
4,2582 4,2905
4,6986 4,7316
5,3226 5,3559
362 19:14
4,6614 4,6937
4,2578 4,2900
4,6986 4,7316
5,3229 5,3562
363 19:15
4,6614 4,6937
4,2577 4,2905
4,6986 4,7316
5,3230 5,3563
364 19:16
4,6611 4,6935
4,2567 4,2896
4,6974 4,7308
5,3229 5,3562
365 19:17
4,6601 4,6924
4,2559 4,2886
4,6964 4,7294
5,3217 5,3550
366 19:18
4,6601 4,6924
4,2559 4,2886
4,6965 4,7295
5,3218 5,3551
367 19:19
4,6601 4,6924
4,2555 4,2882
4,6960 4,7290
5,3217 5,3550
368 19:20
4,6586 4,6955
4,2540 4,2906
4,6946 4,7321
5,3201 5,3586
369 19:21
4,6601 4,6924
4,2554 4,2876
4,6967 4,7297
5,3217 5,3550
370 19:22
4,6601 4,6924
4,2555 4,2882
4,6964 4,7294
5,3211 5,3544
371 19:23
4,6601 4,6924
4,2551 4,2874
4,6968 4,7298
5,3211 5,3544
372 19:24
4,6601 4,6924
4,2555 4,2882
4,6964 4,7294
5,3211 5,3544
373 19:25
4,6601 4,6924
4,2561 4,2885
4,6965 4,7297
5,3217 5,3550
374 19:26
4,6601 4,6924
4,2563 4,2890
4,6968 4,7298
5,3217 5,3550
375 19:27
4,6601 4,6924
4,2559 4,2886
4,6965 4,7297
5,3217 5,3550
376 19:28
4,6601 4,6924
4,2559 4,2886
4,6966 4,7297
5,3211 5,3544
377 19:29
4,6601 4,6924
4,2559 4,2886
4,6968 4,7298
5,3209 5,3542
378 19:30
4,6601 4,6924
4,2562 4,2886
4,6968 4,7298
5,3211 5,3544
379 19:31
4,6601 4,6924
4,2555 4,2882
4,6965 4,7297
5,3205 5,3538
380 19:32
4,6601 4,6924
4,2555 4,2882
4,6964 4,7294
5,3205 5,3538
381 19:33
4,6602 4,6925
4,2552 4,2879
4,6967 4,7298
5,3200 5,3533
382 19:34
4,6602 4,6925
4,2552 4,2879
4,6965 4,7295
5,3200 5,3533
383 19:35
4,6602 4,6925
4,2552 4,2879
4,6969 4,7299
5,3200 5,3533
384 19:36
4,6603 4,6926
4,2557 4,2880
4,6975 4,7305
5,3207 5,3540
385 19:37
4,6603 4,6926
4,2557 4,2884
4,6975 4,7305
5,3207 5,3540
386 19:38
4,6603 4,6926
4,2556 4,2878
4,6975 4,7305
5,3206 5,3539
387 19:39
4,6605 4,6928
4,2566 4,2888
4,6979 4,7309
5,3204 5,3537
388 19:40
4,6606 4,6929
4,2563 4,2889
4,6980 4,7312
5,3205 5,3538
389 19:41
4,6606 4,6929
4,2563 4,2890
4,6979 4,7311
5,3205 5,3538
390 19:42
4,6605 4,6928
4,2563 4,2890
4,6983 4,7313
5,3204 5,3537
391 19:43
4,6605 4,6928
4,2558 4,2886
4,6984 4,7316
5,3205 5,3538
392 19:44
4,6605 4,6930
4,2561 4,2891
4,6989 4,7320
5,3202 5,3535
393 19:45
4,6607 4,6931
4,2564 4,2889
4,6985 4,7320
5,3200 5,3533
394 19:46
4,6604 4,6935
4,2565 4,2899
4,6983 4,7324
5,3204 5,3543
395 19:47
4,6605 4,6935
4,2565 4,2896
4,6983 4,7324
5,3198 5,3538
396 19:48
4,6605 4,6930
4,2565 4,2891
4,6979 4,7310
5,3200 5,3534
397 19:49
4,6605 4,6930
4,2565 4,2891
4,6979 4,7310
5,3200 5,3534
398 19:50
4,6601 4,6947
4,2558 4,2903
4,6969 4,7326
5,3200 5,3558
399 19:51
4,6605 4,6932
4,2561 4,2893
4,6974 4,7307
5,3200 5,3536
400 19:52
4,6605 4,6932
4,2559 4,2890
4,6974 4,7307
5,3194 5,3530
401 19:53
4,6606 4,6932
4,2566 4,2893
4,6965 4,7302
5,3199 5,3534
402 19:54
4,6600 4,6938
4,2560 4,2898
4,6958 4,7302
5,3192 5,3541
403 19:55
4,6602 4,6937
4,2566 4,2904
4,6967 4,7308
5,3202 5,3541
404 19:56
4,6600 4,6938
4,2560 4,2902
4,6958 4,7302
5,3198 5,3541
405 19:57
4,6602 4,6937
4,2564 4,2903
4,6962 4,7303
5,3201 5,3546
406 19:58
4,6603 4,6937
4,2559 4,2897
4,6967 4,7306
5,3202 5,3546
407 19:59
4,6606 4,6932
4,2562 4,2892
4,6965 4,7301
5,3205 5,3540
408 20:00
4,6613 4,6936
4,2570 4,2896
4,6971 4,7301
5,3207 5,3540
409 20:01
4,6614 4,6937
4,2571 4,2897
4,6968 4,7298
5,3221 5,3554
410 20:02
4,6607 4,6944
4,2559 4,2897
4,6961 4,7309
5,3208 5,3556
411 20:03
4,6623 4,6947
4,2578 4,2903
4,6981 4,7311
5,3230 5,3563
412 20:04
4,6623 4,6949
4,2582 4,2909
4,6986 4,7318
5,3231 5,3567
413 20:05
4,6622 4,6945
4,2586 4,2913
4,6985 4,7315
5,3238 5,3571
414 20:06
4,6622 4,6945
4,2586 4,2913
4,6989 4,7319
5,3241 5,3574
415 20:07
4,6621 4,6946
4,2588 4,2918
4,6995 4,7326
5,3245 5,3578
416 20:08
4,6616 4,6952
4,2586 4,2922
4,6988 4,7330
5,3242 5,3588
417 20:09
4,6615 4,6953
4,2583 4,2924
4,6987 4,7331
5,3233 5,3582
418 20:10
4,6615 4,6951
4,2577 4,2917
4,6992 4,7334
5,3228 5,3576
419 20:11
4,6614 4,6953
4,2574 4,2916
4,6993 4,7338
5,3234 5,3584
420 20:12
4,6614 4,6953
4,2570 4,2912
4,6993 4,7338
5,3234 5,3578
421 20:13
4,6599 4,6967
4,2556 4,2925
4,6976 4,7350
5,3209 5,3592
422 20:14
4,6622 4,6945
4,2586 4,2913
4,6998 4,7328
5,3244 5,3577
423 20:15
4,6622 4,6945
4,2586 4,2909
4,6999 4,7329
5,3244 5,3577
424 20:16
4,6622 4,6946
4,2581 4,2910
4,6999 4,7333
5,3240 5,3578
425 20:17
4,6620 4,6943
4,2580 4,2906
4,7002 4,7332
5,3240 5,3573
426 20:18
4,6619 4,6942
4,2579 4,2901
4,7001 4,7331
5,3238 5,3571
427 20:19
4,6618 4,6941
4,2578 4,2900
4,7000 4,7330
5,3237 5,3570
428 20:20
4,6619 4,6946
4,2578 4,2910
4,7002 4,7340
5,3239 5,3576
429 20:21
4,6617 4,6942
4,2576 4,2902
4,7000 4,7336
5,3240 5,3573
430 20:22
4,6616 4,6941
4,2575 4,2905
4,7004 4,7334
5,3245 5,3578
431 20:23
4,6618 4,6941
4,2574 4,2900
4,7004 4,7334
5,3243 5,3576
432 20:24
4,6618 4,6941
4,2574 4,2900
4,7001 4,7331
5,3240 5,3573
433 20:25
4,6619 4,6942
4,2579 4,2901
4,7008 4,7338
5,3244 5,3577
434 20:26
4,6619 4,6942
4,2575 4,2897
4,7005 4,7335
5,3238 5,3571
435 20:27
4,6619 4,6942
4,2571 4,2897
4,7005 4,7335
5,3235 5,3568
436 20:28
4,6618 4,6941
4,2570 4,2896
4,7002 4,7332
5,3227 5,3560
437 20:29
4,6618 4,6941
4,2571 4,2898
4,6991 4,7321
5,3229 5,3562
438 20:30
4,6619 4,6942
4,2575 4,2902
4,6991 4,7321
5,3232 5,3565
439 20:31
4,6619 4,6942
4,2579 4,2906
4,6993 4,7324
5,3232 5,3565
440 20:32
4,6619 4,6942
4,2574 4,2902
4,6992 4,7322
5,3232 5,3565
441 20:33
4,6619 4,6942
4,2574 4,2902
4,6987 4,7317
5,3232 5,3565
442 20:34
4,6619 4,6942
4,2570 4,2898
4,6987 4,7317
5,3232 5,3565
443 20:35
4,6619 4,6942
4,2570 4,2898
4,6987 4,7317
5,3232 5,3565
444 20:36
4,6607 4,6958
4,2555 4,2909
4,6972 4,7329
5,3220 5,3577
445 20:37
4,6619 4,6942
4,2562 4,2890
4,6983 4,7315
5,3226 5,3559
446 20:38
4,6619 4,6942
4,2564 4,2891
4,6983 4,7315
5,3226 5,3559
447 20:39
4,6619 4,6942
4,2562 4,2886
4,6977 4,7307
5,3226 5,3559
448 20:40
4,6619 4,6942
4,2567 4,2894
4,6982 4,7312
5,3232 5,3565
449 20:41
4,6619 4,6942
4,2567 4,2892
4,6987 4,7317
5,3229 5,3562
450 20:42
4,6619 4,6942
4,2566 4,2894
4,6987 4,7317
5,3226 5,3559
451 20:43
4,6619 4,6942
4,2563 4,2890
4,6984 4,7317
5,3226 5,3559
452 20:44
4,6619 4,6942
4,2563 4,2892
4,6984 4,7317
5,3226 5,3559
453 20:45
4,6619 4,6942
4,2563 4,2888
4,6982 4,7312
5,3226 5,3559
454 20:46
4,6619 4,6942
4,2563 4,2892
4,6984 4,7317
5,3226 5,3559
455 20:47
4,6619 4,6942
4,2563 4,2892
4,6987 4,7317
5,3226 5,3559
456 20:48
4,6606 4,6955
4,2551 4,2899
4,6970 4,7330
5,3207 5,3569
457 20:49
4,6606 4,6955
4,2547 4,2899
4,6971 4,7326
5,3206 5,3567
458 20:50
4,6605 4,6954
4,2546 4,2894
4,6968 4,7324
5,3206 5,3568
459 20:51
4,6605 4,6954
4,2546 4,2894
4,6970 4,7325
5,3205 5,3566
460 20:52
4,6605 4,6954
4,2549 4,2897
4,6964 4,7324
5,3205 5,3560
461 20:53
4,6603 4,6952
4,2544 4,2892
4,6968 4,7323
5,3197 5,3558
462 20:54
4,6605 4,6954
4,2546 4,2898
4,6970 4,7325
5,3199 5,3560
463 20:55
4,6607 4,6955
4,2547 4,2898
4,6965 4,7319
5,3207 5,3567
464 20:56
4,6605 4,6954
4,2546 4,2898
4,6964 4,7324
5,3211 5,3566
465 20:57
4,6605 4,6954
4,2550 4,2899
4,6965 4,7320
5,3205 5,3566
466 20:58
4,6615 4,6946
4,2552 4,2887
4,6970 4,7307
5,3214 5,3559
467 20:59
4,6619 4,6942
4,2558 4,2883
4,6972 4,7302
5,3220 5,3553
468 21:00
4,6619 4,6942
4,2556 4,2883
4,6981 4,7311
5,3219 5,3552
469 21:01
4,6619 4,6942
4,2556 4,2883
4,6974 4,7307
5,3214 5,3547
470 21:02
4,6619 4,6942
4,2555 4,2882
4,6972 4,7302
5,3207 5,3540
471 21:03
4,6619 4,6942
4,2552 4,2875
4,6967 4,7297
5,3207 5,3540
472 21:04
4,6619 4,6942
4,2544 4,2871
4,6967 4,7297
5,3206 5,3539
473 21:05
4,6619 4,6942
4,2548 4,2871
4,6963 4,7293
5,3208 5,3541
474 21:06
4,6605 4,6954
4,2534 4,2886
4,6951 4,7306
5,3193 5,3554
475 21:07
4,6605 4,6954
4,2534 4,2886
4,6947 4,7306
5,3193 5,3554
476 21:08
4,6607 4,6955
4,2536 4,2887
4,6947 4,7306
5,3193 5,3554
477 21:09
4,6606 4,6955
4,2535 4,2883
4,6946 4,7306
5,3194 5,3555
478 21:10
4,6605 4,6954
4,2534 4,2882
4,6944 4,7300
5,3193 5,3554
479 21:11
4,6605 4,6954
4,2534 4,2886
4,6946 4,7301
5,3199 5,3554
480 21:12
4,6618 4,6944
4,2554 4,2881
4,6962 4,7298
5,3217 5,3550
481 21:13
4,6612 4,6950
4,2543 4,2881
4,6960 4,7304
5,3208 5,3556
482 21:14
4,6618 4,6944
4,2550 4,2881
4,6962 4,7298
5,3213 5,3549
483 21:15
4,6618 4,6944
4,2546 4,2877
4,6968 4,7299
5,3213 5,3549
484 21:16
4,6618 4,6944
4,2550 4,2881
4,6967 4,7301
5,3207 5,3543
485 21:17
4,6619 4,6942
4,2552 4,2879
4,6968 4,7298
5,3201 5,3534
486 21:18
4,6619 4,6942
4,2560 4,2887
4,6967 4,7297
5,3210 5,3543
487 21:19
4,6619 4,6942
4,2559 4,2885
4,6967 4,7297
5,3207 5,3540
488 21:20
4,6618 4,6941
4,2558 4,2886
4,6967 4,7297
5,3207 5,3540
489 21:21
4,6618 4,6941
4,2555 4,2881
4,6965 4,7295
5,3213 5,3546
490 21:22
4,6618 4,6941
4,2555 4,2881
4,6962 4,7292
5,3207 5,3540
491 21:23
4,6618 4,6941
4,2558 4,2886
4,6969 4,7302
5,3213 5,3546
492 21:24
4,6616 4,6942
4,2556 4,2887
4,6965 4,7301
5,3210 5,3545
493 21:25
4,6618 4,6941
4,2559 4,2881
4,6970 4,7301
5,3207 5,3540
494 21:26
4,6618 4,6941
4,2555 4,2881
4,6970 4,7301
5,3207 5,3540
495 21:27
4,6616 4,6942
4,2555 4,2885
4,6969 4,7301
5,3204 5,3539
496 21:28
4,6618 4,6941
4,2559 4,2881
4,6972 4,7302
5,3207 5,3540
497 21:29
4,6618 4,6941
4,2559 4,2883
4,6976 4,7306
5,3207 5,3540
498 21:30
4,6616 4,6943
4,2556 4,2888
4,6967 4,7304
5,3205 5,3542
499 21:31
4,6617 4,6942
4,2557 4,2887
4,6968 4,7303
5,3212 5,3547
500 21:32
4,6618 4,6941
4,2559 4,2885
4,6967 4,7297
5,3213 5,3546
501 21:33
4,6618 4,6941
4,2562 4,2888
4,6967 4,7297
5,3214 5,3547
502 21:34
4,6618 4,6941
4,2559 4,2885
4,6965 4,7296
5,3213 5,3546
503 21:35
4,6618 4,6941
4,2551 4,2877
4,6962 4,7292
5,3207 5,3540
504 21:36
4,6618 4,6941
4,2551 4,2873
4,6962 4,7292
5,3213 5,3546
505 21:37
4,6605 4,6952
4,2534 4,2884
4,6951 4,7304
5,3193 5,3552
506 21:38
4,6605 4,6952
4,2538 4,2888
4,6951 4,7308
5,3193 5,3552
507 21:39
4,6607 4,6955
4,2540 4,2887
4,6951 4,7309
5,3195 5,3555
508 21:40
4,6618 4,6941
4,2547 4,2873
4,6962 4,7292
5,3207 5,3540
509 21:41
4,6616 4,6941
4,2544 4,2874
4,6962 4,7293
5,3206 5,3540
510 21:42
4,6616 4,6941
4,2544 4,2874
4,6962 4,7297
5,3206 5,3540
511 21:43
4,6616 4,6941
4,2544 4,2874
4,6962 4,7297
5,3206 5,3540
512 21:44
4,6616 4,6943
4,2544 4,2876
4,6962 4,7299
5,3199 5,3536
513 21:45
4,6616 4,6943
4,2548 4,2876
4,6966 4,7299
5,3199 5,3536
514 21:46
4,6618 4,6941
4,2552 4,2875
4,6964 4,7294
5,3201 5,3534
515 21:47
4,6618 4,6941
4,2551 4,2873
4,6962 4,7292
5,3207 5,3540
516 21:48
4,6618 4,6941
4,2551 4,2873
4,6957 4,7287
5,3204 5,3537
517 21:49
4,6618 4,6941
4,2551 4,2873
4,6957 4,7287
5,3207 5,3540
518 21:50
4,6608 4,6931
4,2538 4,2864
4,6949 4,7282
5,3195 5,3528
519 21:51
4,6608 4,6931
4,2538 4,2860
4,6947 4,7277
5,3195 5,3528
520 21:52
4,6608 4,6931
4,2534 4,2860
4,6944 4,7276
5,3195 5,3528
521 21:53
4,6586 4,6955
4,2513 4,2879
4,6923 4,7302
5,3166 5,3550
522 21:54
4,6580 4,6951
4,2507 4,2879
4,6915 4,7297
5,3158 5,3545
523 21:55
4,6586 4,6954
4,2509 4,2877
4,6921 4,7299
5,3165 5,3547
524 21:56
4,6601 4,6954
4,2524 4,2875
4,6940 4,7300
5,3183 5,3549
525 21:57
4,6601 4,6954
4,2524 4,2875
4,6937 4,7296
5,3183 5,3549
526 21:58
4,6601 4,6952
4,2524 4,2873
4,6937 4,7294
5,3183 5,3541
527 21:59
4,6608 4,6931
4,2530 4,2856
4,6943 4,7273
5,3187 5,3520
528 22:00
4,6608 4,6931
4,2530 4,2856
4,6943 4,7273
5,3189 5,3522
529 22:01
4,6608 4,6931
4,2534 4,2856
4,6947 4,7277
5,3195 5,3528
530 22:02
4,6607 4,6933
4,2532 4,2859
4,6946 4,7278
5,3195 5,3531
531 22:03
4,6605 4,6932
4,2538 4,2866
4,6946 4,7279
5,3200 5,3536
532 22:04
4,6608 4,6931
4,2542 4,2864
4,6947 4,7277
5,3195 5,3528
533 22:05
4,6608 4,6931
4,2538 4,2860
4,6947 4,7277
5,3195 5,3528
534 22:06
4,6598 4,6943
4,2528 4,2872
4,6933 4,7289
5,3185 5,3542
535 22:07
4,6605 4,6928
4,2532 4,2857
4,6939 4,7269
5,3195 5,3529
536 22:08
4,6605 4,6928
4,2532 4,2857
4,6942 4,7273
5,3201 5,3534
537 22:09
4,6597 4,6940
4,2523 4,2865
4,6932 4,7286
5,3191 5,3545
538 22:10
4,6598 4,6939
4,2520 4,2864
4,6934 4,7281
5,3192 5,3538
539 22:11
4,6598 4,6939
4,2520 4,2864
4,6934 4,7281
5,3186 5,3538
540 22:12
4,6578 4,6956
4,2501 4,2875
4,6912 4,7296
5,3161 5,3557
541 22:13
4,6578 4,6955
4,2503 4,2876
4,6914 4,7297
5,3162 5,3555
542 22:14
4,6578 4,6955
4,2503 4,2880
4,6914 4,7297
5,3162 5,3558
543 22:15
4,6577 4,6959
4,2500 4,2878
4,6911 4,7299
5,3160 5,3560
544 22:16
4,6578 4,6959
4,2503 4,2880
4,6914 4,7301
5,3163 5,3561
545 22:17
4,6578 4,6955
4,2503 4,2880
4,6914 4,7297
5,3162 5,3555
546 22:18
4,6584 4,6962
4,2507 4,2882
4,6919 4,7308
5,3167 5,3562
547 22:19
4,6578 4,6959
4,2501 4,2880
4,6913 4,7305
5,3163 5,3557
548 22:20
4,6578 4,6955
4,2499 4,2876
4,6913 4,7301
5,3162 5,3549
549 22:21
4,6605 4,6929
4,2526 4,2851
4,6940 4,7275
5,3188 5,3521
550 22:22
4,6605 4,6929
4,2526 4,2855
4,6940 4,7275
5,3185 5,3518
551 22:23
4,6605 4,6929
4,2530 4,2859
4,6945 4,7280
5,3191 5,3524
552 22:24
4,6605 4,6929
4,2530 4,2859
4,6945 4,7280
5,3195 5,3528
553 22:25
4,6605 4,6928
4,2530 4,2858
4,6945 4,7279
5,3198 5,3531
554 22:26
4,6607 4,6930
4,2528 4,2856
4,6946 4,7276
5,3194 5,3527
555 22:27
4,6607 4,6930
4,2532 4,2856
4,6946 4,7276
5,3194 5,3527
556 22:28
4,6607 4,6930
4,2528 4,2856
4,6946 4,7276
5,3194 5,3527
557 22:29
4,6608 4,6931
4,2533 4,2857
4,6947 4,7277
5,3202 5,3535
558 22:30
4,6608 4,6931
4,2533 4,2861
4,6952 4,7282
5,3202 5,3535
559 22:31
4,6605 4,6934
4,2530 4,2860
4,6940 4,7280
5,3198 5,3538
560 22:32
4,6606 4,6936
4,2527 4,2862
4,6935 4,7271
5,3200 5,3540
561 22:33
4,6605 4,6934
4,2530 4,2864
4,6935 4,7275
5,3202 5,3538
562 22:34
4,6606 4,6936
4,2527 4,2862
4,6935 4,7271
5,3204 5,3539
563 22:35
4,6606 4,6936
4,2527 4,2858
4,6935 4,7271
5,3200 5,3540
564 22:36
4,6606 4,6936
4,2527 4,2858
4,6935 4,7271
5,3200 5,3540
565 22:37
4,6606 4,6936
4,2527 4,2858
4,6935 4,7271
5,3200 5,3540
566 22:38
4,6608 4,6931
4,2533 4,2857
4,6943 4,7273
5,3208 5,3541
567 22:39
4,6607 4,6933
4,2532 4,2863
4,6942 4,7279
5,3206 5,3541
568 22:40
4,6607 4,6933
4,2536 4,2863
4,6946 4,7278
5,3206 5,3541
569 22:41
4,6607 4,6932
4,2532 4,2858
4,6942 4,7278
5,3208 5,3542
570 22:42
4,6608 4,6932
4,2533 4,2862
4,6947 4,7277
5,3207 5,3540
571 22:43
4,6608 4,6932
4,2533 4,2862
4,6943 4,7278
5,3207 5,3540
572 22:44
4,6604 4,6935
4,2529 4,2865
4,6945 4,7282
5,3198 5,3539
573 22:45
4,6604 4,6935
4,2529 4,2861
4,6945 4,7282
5,3204 5,3545
574 22:46
4,6604 4,6935
4,2529 4,2861
4,6945 4,7282
5,3204 5,3545
575 22:47
4,6603 4,6934
4,2528 4,2860
4,6939 4,7276
5,3203 5,3544
576 22:48
4,6606 4,6933
4,2531 4,2863
4,6941 4,7279
5,3207 5,3543
577 22:49
4,6604 4,6935
4,2533 4,2865
4,6939 4,7281
5,3204 5,3545
578 22:50
4,6604 4,6935
4,2531 4,2866
4,6941 4,7282
5,3204 5,3545
579 22:51
4,6592 4,6950
4,2522 4,2883
4,6927 4,7296
5,3190 5,3562
580 22:52
4,6603 4,6941
4,2527 4,2869
4,6938 4,7287
5,3201 5,3550
581 22:53
4,6605 4,6937
4,2529 4,2865
4,6939 4,7281
5,3205 5,3547
582 22:54
4,6606 4,6935
4,2531 4,2865
4,6941 4,7281
5,3206 5,3545
583 22:55
4,6602 4,6941
4,2528 4,2870
4,6937 4,7287
5,3201 5,3553
584 22:56
4,6605 4,6943
4,2525 4,2863
4,6935 4,7284
5,3198 5,3547
585 22:57
4,6603 4,6941
4,2524 4,2864
4,6933 4,7282
5,3190 5,3546
586 22:58
4,6602 4,6941
4,2524 4,2866
4,6928 4,7282
5,3190 5,3546
587 22:59
4,6600 4,6942
4,2522 4,2875
4,6926 4,7283
5,3186 5,3546
588 23:00
4,6600 4,6939
4,2523 4,2892
4,6887 4,7347
5,3177 5,3585
589 23:01
4,6600 4,6939
4,2522 4,2892
4,6888 4,7349
5,3176 5,3583
590 23:02
4,6600 4,6939
4,2526 4,2884
4,6907 4,7347
5,3187 5,3580
591 23:03
4,6600 4,6939
4,2526 4,2884
4,6917 4,7348
5,3187 5,3580
592 23:04
4,6600 4,6939
4,2526 4,2888
4,6916 4,7348
5,3187 5,3580
593 23:05
4,6600 4,6939
4,2526 4,2884
4,6917 4,7352
5,3188 5,3580
594 23:06
4,6600 4,6939
4,2526 4,2876
4,6897 4,7313
5,3187 5,3568
595 23:07
4,6600 4,6939
4,2526 4,2876
4,6908 4,7329
5,3187 5,3574
596 23:08
4,6586 4,6989
4,2514 4,2923
4,6898 4,7379
5,3179 5,3622
597 23:09
4,6586 4,6985
4,2514 4,2919
4,6898 4,7375
5,3184 5,3619
598 23:10
4,6586 4,6989
4,2514 4,2923
4,6898 4,7379
5,3186 5,3624
599 23:11
4,6586 4,6989
4,2514 4,2931
4,6898 4,7385
5,3186 5,3633
600 23:12
4,6587 4,6993
4,2513 4,2939
4,6893 4,7399
5,3199 5,3647
601 23:13
4,6586 4,6988
4,2512 4,2928
4,6915 4,7383
5,3196 5,3634
602 23:14
4,6586 4,6988
4,2512 4,2928
4,6896 4,7386
5,3191 5,3633
603 23:15
4,6585 4,6988
4,2513 4,2930
4,6896 4,7382
5,3190 5,3633
604 23:16
4,6586 4,6988
4,2512 4,2928
4,6897 4,7382
5,3196 5,3634
605 23:17
4,6586 4,6988
4,2512 4,2928
4,6911 4,7357
5,3191 5,3633
606 23:18
4,6586 4,6988
4,2512 4,2928
4,6912 4,7353
5,3191 5,3633
607 23:19
4,6586 4,6988
4,2512 4,2928
4,6897 4,7382
5,3191 5,3633
608 23:20
4,6587 4,6989
4,2514 4,2929
4,6897 4,7381
5,3192 5,3634
609 23:21
4,6586 4,6988
4,2512 4,2928
4,6897 4,7382
5,3191 5,3633
610 23:22
4,6586 4,6988
4,2512 4,2928
4,6897 4,7382
5,3191 5,3633
611 23:23
4,6584 4,6986
4,2510 4,2922
4,6895 4,7380
5,3189 5,3631
612 23:24
4,6585 4,6986
4,2513 4,2924
4,6906 4,7356
5,3189 5,3626
613 23:25
4,6585 4,6986
4,2513 4,2924
4,6906 4,7356
5,3189 5,3626
614 23:26
4,6585 4,6986
4,2513 4,2924
4,6906 4,7356
5,3189 5,3626
615 23:27
4,6585 4,6986
4,2513 4,2920
4,6907 4,7352
5,3184 5,3625
616 23:28
4,6586 4,6986
4,2512 4,2918
4,6893 4,7380
5,3185 5,3625
617 23:29
4,6586 4,6986
4,2512 4,2918
4,6893 4,7380
5,3185 5,3625
618 23:30
4,6587 4,6987
4,2511 4,2917
4,6903 4,7352
5,3186 5,3626
619 23:31
4,6586 4,6986
4,2508 4,2914
4,6906 4,7350
5,3184 5,3620
620 23:32
4,6586 4,6986
4,2508 4,2914
4,6912 4,7347
5,3180 5,3624
621 23:33
4,6584 4,6985
4,2508 4,2915
4,6910 4,7346
5,3182 5,3619
622 23:34
4,6584 4,6985
4,2508 4,2915
4,6914 4,7346
5,3182 5,3619
623 23:35
4,6584 4,6985
4,2512 4,2915
4,6906 4,7347
5,3182 5,3619
624 23:36
4,6586 4,6987
4,2514 4,2921
4,6916 4,7348
5,3186 5,3627
625 23:37
4,6584 4,6985
4,2512 4,2919
4,6914 4,7346
5,3183 5,3624
626 23:38
4,6585 4,6985
4,2511 4,2925
4,6919 4,7345
5,3184 5,3629
627 23:39
4,6585 4,6985
4,2511 4,2925
4,6914 4,7344
5,3190 5,3630
628 23:40
4,6585 4,6985
4,2511 4,2917
4,6914 4,7344
5,3184 5,3624
629 23:41
4,6585 4,6985
4,2511 4,2917
4,6914 4,7344
5,3184 5,3624
630 23:42
4,6585 4,6985
4,2511 4,2913
4,6914 4,7344
5,3183 5,3619
631 23:43
4,6585 4,6985
4,2511 4,2913
4,6914 4,7344
5,3183 5,3619
632 23:44
4,6582 4,6981
4,2509 4,2911
4,6912 4,7342
5,3175 5,3615
633 23:45
4,6580 4,6991
4,2504 4,2920
4,6896 4,7352
5,3182 5,3626
