#======================
2023-8-11
# 1.EUR, 2.USD, 3.CHF, 4.GBP
Sell Price, Buy Price
1 10:55
4,4350 4,4674
4,0311 4,0634
4,5966 4,6297
5,1250 5,1585
2 10:56
4,4357 4,4681
4,0328 4,0651
4,5987 4,6318
5,1263 5,1598
3 10:57
4,4365 4,4689
4,0330 4,0653
4,6001 4,6332
5,1273 5,1608
4 10:58
4,4362 4,4686
4,0329 4,0652
4,5995 4,6326
5,1270 5,1605
5 10:59
4,4362 4,4686
4,0331 4,0654
4,5997 4,6328
5,1272 5,1607
6 11:00
4,4402 4,4726
4,0368 4,0691
4,6044 4,6375
5,1322 5,1657
7 11:01
4,4384 4,4708
4,0349 4,0672
4,6040 4,6371
5,1307 5,1642
8 11:02
4,4380 4,4704
4,0348 4,0671
4,6035 4,6366
5,1305 5,1640
9 11:03
4,4386 4,4710
4,0358 4,0681
4,6046 4,6377
5,1312 5,1647
10 11:04
4,4380 4,4704
4,0351 4,0674
4,6033 4,6364
5,1301 5,1636
11 11:05
4,4372 4,4696
4,0344 4,0667
4,6018 4,6349
5,1291 5,1626
12 11:06
4,4362 4,4686
4,0328 4,0651
4,6012 4,6343
5,1279 5,1614
13 11:07
4,4359 4,4683
4,0327 4,0650
4,6016 4,6347
5,1281 5,1616
14 11:08
4,4350 4,4674
4,0324 4,0647
4,6007 4,6338
5,1282 5,1617
15 11:09
4,4360 4,4684
4,0331 4,0654
4,6022 4,6353
5,1288 5,1623
16 11:10
4,4359 4,4683
4,0336 4,0659
4,6019 4,6350
5,1288 5,1623
17 11:11
4,4362 4,4686
4,0343 4,0666
4,6023 4,6355
5,1300 5,1635
18 11:12
4,4366 4,4690
4,0342 4,0665
4,6028 4,6360
5,1309 5,1644
19 11:13
4,4368 4,4692
4,0348 4,0671
4,6030 4,6362
5,1312 5,1647
20 11:14
4,4369 4,4693
4,0347 4,0670
4,6031 4,6363
5,1310 5,1645
21 11:15
4,4370 4,4694
4,0346 4,0669
4,6035 4,6367
5,1311 5,1646
22 11:16
4,4375 4,4699
4,0358 4,0681
4,6040 4,6371
5,1321 5,1656
23 11:17
4,4371 4,4695
4,0349 4,0672
4,6033 4,6364
5,1319 5,1654
24 11:18
4,4365 4,4689
4,0347 4,0670
4,6025 4,6356
5,1308 5,1643
25 11:19
4,4364 4,4688
4,0350 4,0673
4,6026 4,6357
5,1308 5,1643
26 11:20
4,4365 4,4689
4,0356 4,0679
4,6027 4,6358
5,1312 5,1647
27 11:21
4,4359 4,4683
4,0358 4,0681
4,6021 4,6352
5,1305 5,1640
28 11:22
4,4362 4,4686
4,0359 4,0682
4,6026 4,6357
5,1311 5,1646
29 11:23
4,4361 4,4685
4,0360 4,0683
4,6023 4,6354
5,1316 5,1651
30 11:24
4,4351 4,4675
4,0349 4,0672
4,6015 4,6346
5,1307 5,1642
31 11:25
4,4350 4,4674
4,0348 4,0671
4,6012 4,6343
5,1312 5,1647
32 11:26
4,4351 4,4675
4,0358 4,0681
4,6015 4,6346
5,1313 5,1648
33 11:27
4,4357 4,4681
4,0362 4,0685
4,6021 4,6352
5,1317 5,1652
34 11:28
4,4361 4,4685
4,0373 4,0696
4,6025 4,6356
5,1330 5,1665
35 11:29
4,4362 4,4686
4,0381 4,0704
4,6031 4,6362
5,1329 5,1664
36 11:30
4,4355 4,4679
4,0373 4,0696
4,6019 4,6350
5,1324 5,1659
37 11:31
4,4339 4,4663
4,0347 4,0670
4,5998 4,6329
5,1315 5,1650
38 11:32
4,4328 4,4652
4,0334 4,0657
4,5989 4,6320
5,1293 5,1628
39 11:33
4,4300 4,4624
4,0312 4,0635
4,5966 4,6297
5,1263 5,1598
40 11:34
4,4290 4,4614
4,0308 4,0631
4,5952 4,6283
5,1251 5,1586
41 11:35
4,4333 4,4657
4,0350 4,0673
4,5998 4,6329
5,1307 5,1642
42 11:36
4,4330 4,4654
4,0355 4,0678
4,6003 4,6334
5,1307 5,1642
43 11:37
4,4328 4,4652
4,0356 4,0679
4,6001 4,6332
5,1305 5,1640
44 11:38
4,4327 4,4651
4,0353 4,0676
4,6000 4,6331
5,1283 5,1618
45 11:39
4,4329 4,4653
4,0360 4,0683
4,6006 4,6337
5,1291 5,1626
46 11:40
4,4329 4,4653
4,0360 4,0683
4,6006 4,6337
5,1294 5,1629
47 11:41
4,4324 4,4648
4,0357 4,0680
4,6011 4,6342
5,1294 5,1629
48 11:42
4,4323 4,4647
4,0351 4,0674
4,5998 4,6329
5,1293 5,1628
49 11:43
4,4323 4,4647
4,0360 4,0683
4,5999 4,6330
5,1302 5,1637
50 11:44
4,4323 4,4647
4,0362 4,0685
4,5994 4,6325
5,1302 5,1637
51 11:45
4,4303 4,4627
4,0340 4,0663
4,5980 4,6311
5,1278 5,1613
52 11:46
4,4297 4,4621
4,0335 4,0658
4,5968 4,6299
5,1269 5,1603
53 11:47
4,4298 4,4622
4,0343 4,0666
4,5974 4,6305
5,1266 5,1600
54 11:48
4,4291 4,4615
4,0341 4,0664
4,5977 4,6308
5,1262 5,1596
55 11:49
4,4290 4,4614
4,0339 4,0662
4,5976 4,6307
5,1251 5,1585
56 11:50
4,4291 4,4615
4,0335 4,0658
4,5971 4,6302
5,1250 5,1584
57 11:51
4,4298 4,4622
4,0337 4,0660
4,5976 4,6307
5,1257 5,1592
58 11:52
4,4301 4,4625
4,0351 4,0674
4,5989 4,6320
5,1263 5,1598
59 11:53
4,4303 4,4627
4,0355 4,0678
4,5999 4,6330
5,1267 5,1602
60 11:54
4,4306 4,4630
4,0361 4,0684
4,6007 4,6338
5,1273 5,1608
61 11:55
4,4308 4,4632
4,0359 4,0682
4,6008 4,6339
5,1276 5,1611
62 11:56
4,4308 4,4632
4,0359 4,0682
4,6009 4,6340
5,1276 5,1611
63 11:57
4,4306 4,4630
4,0358 4,0681
4,6007 4,6338
5,1273 5,1608
64 11:58
4,4301 4,4625
4,0357 4,0680
4,6006 4,6337
5,1270 5,1605
65 11:59
4,4298 4,4622
4,0350 4,0673
4,6003 4,6334
5,1264 5,1599
66 12:00
4,4299 4,4623
4,0353 4,0676
4,6006 4,6337
5,1266 5,1601
67 12:01
4,4293 4,4617
4,0346 4,0669
4,6000 4,6331
5,1252 5,1587
68 12:02
4,4285 4,4609
4,0339 4,0662
4,5990 4,6321
5,1244 5,1579
69 12:03
4,4284 4,4608
4,0336 4,0659
4,5984 4,6315
5,1246 5,1581
70 12:04
4,4270 4,4594
4,0319 4,0642
4,5959 4,6290
5,1226 5,1561
71 12:05
4,4278 4,4602
4,0323 4,0646
4,5965 4,6296
5,1232 5,1567
72 12:06
4,4275 4,4599
4,0320 4,0643
4,5965 4,6296
5,1224 5,1560
73 12:07
4,4274 4,4598
4,0316 4,0639
4,5961 4,6292
5,1230 5,1566
74 12:08
4,4271 4,4595
4,0309 4,0632
4,5961 4,6292
5,1226 5,1562
75 12:09
4,4293 4,4617
4,0330 4,0653
4,5989 4,6320
5,1251 5,1587
76 12:10
4,4297 4,4621
4,0333 4,0656
4,5993 4,6324
5,1257 5,1593
77 12:11
4,4292 4,4616
4,0321 4,0644
4,5992 4,6323
5,1250 5,1586
78 12:12
4,4292 4,4616
4,0319 4,0642
4,5987 4,6318
5,1247 5,1583
79 12:13
4,4292 4,4616
4,0319 4,0642
4,5982 4,6313
5,1241 5,1576
80 12:14
4,4292 4,4616
4,0313 4,0636
4,5982 4,6313
5,1236 5,1571
81 12:15
4,4293 4,4617
4,0314 4,0637
4,5981 4,6312
5,1234 5,1569
82 12:16
4,4314 4,4638
4,0333 4,0656
4,5996 4,6327
5,1262 5,1597
83 12:17
4,4314 4,4638
4,0332 4,0655
4,5996 4,6327
5,1265 5,1600
84 12:18
4,4318 4,4642
4,0335 4,0658
4,6000 4,6331
5,1263 5,1598
85 12:19
4,4322 4,4646
4,0337 4,0660
4,6008 4,6339
5,1274 5,1609
86 12:20
4,4317 4,4641
4,0333 4,0656
4,6004 4,6335
5,1272 5,1607
87 12:21
4,4323 4,4647
4,0331 4,0654
4,6015 4,6346
5,1278 5,1613
88 12:22
4,4323 4,4647
4,0329 4,0652
4,6017 4,6348
5,1278 5,1613
89 12:23
4,4323 4,4647
4,0331 4,0654
4,6017 4,6348
5,1278 5,1613
90 12:24
4,4317 4,4641
4,0323 4,0646
4,6008 4,6339
5,1271 5,1606
91 12:25
4,4313 4,4637
4,0317 4,0640
4,6003 4,6334
5,1269 5,1604
92 12:26
4,4309 4,4633
4,0312 4,0635
4,5998 4,6330
5,1266 5,1601
93 12:27
4,4309 4,4633
4,0311 4,0634
4,6004 4,6336
5,1271 5,1606
94 12:29
4,4310 4,4634
4,0309 4,0632
4,6009 4,6341
5,1277 5,1612
95 12:30
4,4308 4,4632
4,0308 4,0631
4,6008 4,6340
5,1270 5,1605
96 12:31
4,4309 4,4633
4,0307 4,0630
4,6012 4,6343
5,1274 5,1609
97 12:32
4,4311 4,4635
4,0305 4,0628
4,6012 4,6343
5,1275 5,1610
98 12:33
4,4311 4,4635
4,0304 4,0627
4,6017 4,6348
5,1277 5,1612
99 12:34
4,4309 4,4633
4,0301 4,0624
4,6009 4,6340
5,1273 5,1608
100 12:35
4,4318 4,4642
4,0315 4,0638
4,6024 4,6355
5,1281 5,1616
101 12:36
4,4330 4,4654
4,0326 4,0649
4,6036 4,6367
5,1293 5,1629
102 12:37
4,4330 4,4654
4,0325 4,0648
4,6037 4,6368
5,1285 5,1621
103 12:38
4,4329 4,4653
4,0325 4,0648
4,6032 4,6363
5,1287 5,1623
104 12:39
4,4333 4,4657
4,0329 4,0652
4,6042 4,6373
5,1289 5,1625
105 12:40
4,4334 4,4658
4,0327 4,0650
4,6045 4,6376
5,1286 5,1622
106 12:41
4,4359 4,4683
4,0345 4,0668
4,6072 4,6403
5,1315 5,1650
107 12:42
4,4327 4,4651
4,0319 4,0642
4,6039 4,6370
5,1281 5,1616
108 12:43
4,4336 4,4660
4,0333 4,0656
4,6052 4,6383
5,1299 5,1634
109 12:44
4,4336 4,4660
4,0326 4,0649
4,6050 4,6381
5,1292 5,1627
110 12:45
4,4336 4,4660
4,0326 4,0649
4,6045 4,6376
5,1287 5,1622
111 12:46
4,4335 4,4659
4,0325 4,0648
4,6042 4,6373
5,1283 5,1618
112 12:47
4,4336 4,4660
4,0324 4,0647
4,6042 4,6373
5,1286 5,1621
113 12:48
4,4334 4,4658
4,0322 4,0645
4,6040 4,6371
5,1284 5,1619
114 12:49
4,4332 4,4656
4,0319 4,0642
4,6039 4,6370
5,1283 5,1618
115 12:50
4,4321 4,4645
4,0308 4,0631
4,6027 4,6358
5,1284 5,1619
116 12:51
4,4322 4,4646
4,0306 4,0629
4,6028 4,6359
5,1290 5,1625
117 12:52
4,4328 4,4652
4,0315 4,0638
4,6029 4,6360
5,1292 5,1627
118 12:53
4,4335 4,4659
4,0324 4,0647
4,6042 4,6373
5,1307 5,1642
119 12:54
4,4334 4,4658
4,0322 4,0645
4,6040 4,6371
5,1297 5,1632
120 12:55
4,4334 4,4658
4,0324 4,0647
4,6040 4,6371
5,1297 5,1632
121 12:56
4,4334 4,4658
4,0326 4,0649
4,6043 4,6374
5,1304 5,1640
122 12:57
4,4330 4,4654
4,0322 4,0645
4,6039 4,6370
5,1306 5,1642
123 12:58
4,4331 4,4655
4,0332 4,0655
4,6042 4,6373
5,1307 5,1643
124 12:59
4,4335 4,4659
4,0329 4,0652
4,6042 4,6373
5,1309 5,1645
125 13:00
4,4337 4,4661
4,0329 4,0652
4,6044 4,6375
5,1317 5,1653
126 13:01
4,4337 4,4661
4,0330 4,0653
4,6043 4,6374
5,1327 5,1662
127 13:02
4,4331 4,4655
4,0325 4,0648
4,6038 4,6369
5,1321 5,1656
128 13:03
4,4334 4,4658
4,0327 4,0650
4,6040 4,6371
5,1332 5,1667
129 13:04
4,4329 4,4653
4,0325 4,0648
4,6038 4,6369
5,1327 5,1662
130 13:05
4,4322 4,4646
4,0321 4,0644
4,6033 4,6364
5,1325 5,1660
131 13:06
4,4323 4,4647
4,0320 4,0643
4,6031 4,6362
5,1320 5,1655
132 13:07
4,4320 4,4644
4,0311 4,0634
4,6028 4,6359
5,1322 5,1657
133 13:08
4,4315 4,4639
4,0303 4,0626
4,6030 4,6361
5,1313 5,1648
134 13:09
4,4311 4,4635
4,0303 4,0626
4,6028 4,6359
5,1309 5,1644
135 13:10
4,4336 4,4660
4,0332 4,0655
4,6055 4,6386
5,1340 5,1675
136 13:11
4,4334 4,4658
4,0333 4,0656
4,6050 4,6381
5,1335 5,1670
137 13:12
4,4340 4,4664
4,0339 4,0662
4,6057 4,6388
5,1346 5,1681
138 13:13
4,4353 4,4677
4,0350 4,0673
4,6069 4,6400
5,1364 5,1699
139 13:14
4,4343 4,4667
4,0338 4,0661
4,6059 4,6390
5,1361 5,1696
140 13:15
4,4334 4,4658
4,0331 4,0654
4,6057 4,6388
5,1348 5,1683
141 13:16
4,4333 4,4657
4,0331 4,0654
4,6047 4,6378
5,1341 5,1676
142 13:17
4,4328 4,4652
4,0329 4,0652
4,6043 4,6374
5,1343 5,1678
143 13:18
4,4309 4,4633
4,0312 4,0635
4,6025 4,6356
5,1326 5,1661
144 13:19
4,4294 4,4618
4,0291 4,0614
4,6008 4,6339
5,1304 5,1639
145 13:20
4,4273 4,4597
4,0269 4,0592
4,5987 4,6318
5,1274 5,1609
146 13:21
4,4267 4,4591
4,0260 4,0583
4,5976 4,6307
5,1263 5,1598
147 13:22
4,4245 4,4569
4,0243 4,0566
4,5952 4,6283
5,1243 5,1578
148 13:23
4,4245 4,4569
4,0242 4,0565
4,5956 4,6287
5,1248 5,1583
149 13:24
4,4257 4,4581
4,0252 4,0575
4,5970 4,6301
5,1254 5,1589
150 13:25
4,4257 4,4581
4,0257 4,0580
4,5963 4,6294
5,1255 5,1590
151 13:26
4,4243 4,4567
4,0247 4,0570
4,5955 4,6286
5,1242 5,1577
152 13:27
4,4240 4,4564
4,0244 4,0567
4,5955 4,6286
5,1241 5,1576
153 13:28
4,4234 4,4558
4,0239 4,0562
4,5951 4,6282
5,1229 5,1564
154 13:29
4,4229 4,4553
4,0230 4,0553
4,5943 4,6274
5,1229 5,1564
155 13:30
4,4244 4,4568
4,0243 4,0566
4,5958 4,6289
5,1246 5,1581
156 13:31
4,4240 4,4564
4,0244 4,0567
4,5952 4,6283
5,1248 5,1582
157 13:32
4,4238 4,4562
4,0239 4,0562
4,5948 4,6279
5,1242 5,1576
158 13:33
4,4239 4,4563
4,0234 4,0557
4,5949 4,6280
5,1248 5,1582
159 13:34
4,4235 4,4559
4,0227 4,0550
4,5940 4,6271
5,1240 5,1574
160 13:35
4,4237 4,4561
4,0229 4,0552
4,5944 4,6275
5,1244 5,1578
161 13:36
4,4243 4,4567
4,0236 4,0559
4,5951 4,6282
5,1251 5,1586
162 13:37
4,4239 4,4563
4,0230 4,0553
4,5944 4,6275
5,1249 5,1584
163 13:38
4,4238 4,4562
4,0227 4,0550
4,5943 4,6274
5,1244 5,1579
164 13:39
4,4240 4,4564
4,0231 4,0554
4,5945 4,6276
5,1247 5,1582
165 13:40
4,4239 4,4563
4,0226 4,0549
4,5946 4,6277
5,1246 5,1581
166 13:41
4,4238 4,4562
4,0230 4,0553
4,5951 4,6283
5,1249 5,1584
167 13:42
4,4210 4,4534
4,0200 4,0523
4,5930 4,6262
5,1207 5,1542
168 13:43
4,4186 4,4510
4,0169 4,0492
4,5902 4,6234
5,1173 5,1508
169 13:44
4,4159 4,4483
4,0136 4,0459
4,5875 4,6207
5,1144 5,1479
170 13:45
4,4194 4,4518
4,0172 4,0495
4,5913 4,6245
5,1182 5,1517
171 13:46
4,4188 4,4512
4,0170 4,0493
4,5908 4,6239
5,1182 5,1517
172 13:47
4,4188 4,4512
4,0178 4,0501
4,5908 4,6239
5,1183 5,1518
173 13:48
4,4188 4,4512
4,0176 4,0499
4,5910 4,6241
5,1181 5,1516
174 13:49
4,4186 4,4510
4,0169 4,0492
4,5906 4,6237
5,1179 5,1514
175 13:50
4,4186 4,4510
4,0169 4,0492
4,5918 4,6249
5,1179 5,1514
176 13:51
4,4186 4,4510
4,0175 4,0498
4,5907 4,6238
5,1182 5,1516
177 13:52
4,4186 4,4510
4,0175 4,0498
4,5915 4,6246
5,1185 5,1519
178 13:53
4,4189 4,4513
4,0179 4,0502
4,5921 4,6252
5,1193 5,1527
179 13:54
4,4188 4,4512
4,0173 4,0496
4,5929 4,6260
5,1186 5,1520
180 13:55
4,4187 4,4511
4,0176 4,0499
4,5926 4,6257
5,1184 5,1518
181 13:56
4,4185 4,4509
4,0170 4,0493
4,5932 4,6264
5,1186 5,1521
182 13:57
4,4185 4,4509
4,0174 4,0497
4,5935 4,6267
5,1186 5,1521
183 13:58
4,4184 4,4508
4,0169 4,0492
4,5927 4,6259
5,1186 5,1521
184 13:59
4,4183 4,4507
4,0180 4,0503
4,5926 4,6258
5,1190 5,1525
185 14:00
4,4185 4,4509
4,0176 4,0499
4,5928 4,6260
5,1190 5,1525
186 14:01
4,4194 4,4518
4,0182 4,0505
4,5944 4,6275
5,1202 5,1537
187 14:02
4,4195 4,4519
4,0173 4,0496
4,5941 4,6272
5,1199 5,1534
188 14:03
4,4193 4,4517
4,0166 4,0489
4,5943 4,6274
5,1193 5,1528
189 14:04
4,4191 4,4515
4,0163 4,0486
4,5945 4,6276
5,1186 5,1521
190 14:05
4,4194 4,4518
4,0167 4,0490
4,5950 4,6281
5,1188 5,1523
191 14:06
4,4184 4,4508
4,0160 4,0483
4,5942 4,6272
5,1174 5,1508
192 14:07
4,4183 4,4507
4,0156 4,0479
4,5941 4,6271
5,1175 5,1509
193 14:08
4,4182 4,4506
4,0155 4,0478
4,5935 4,6265
5,1165 5,1499
194 14:09
4,4180 4,4504
4,0151 4,0474
4,5931 4,6261
5,1163 5,1497
195 14:10
4,4182 4,4506
4,0149 4,0472
4,5930 4,6260
5,1159 5,1493
196 14:11
4,4175 4,4499
4,0149 4,0472
4,5921 4,6252
5,1155 5,1490
197 14:12
4,4174 4,4498
4,0149 4,0472
4,5926 4,6257
5,1156 5,1491
198 14:13
4,4157 4,4481
4,0135 4,0458
4,5918 4,6249
5,1136 5,1471
199 14:14
4,4165 4,4489
4,0147 4,0470
4,5928 4,6259
5,1146 5,1481
200 14:15
4,4171 4,4495
4,0158 4,0481
4,5941 4,6272
5,1152 5,1487
201 14:16
4,4169 4,4493
4,0159 4,0482
4,5924 4,6254
5,1153 5,1487
202 14:17
4,4162 4,4486
4,0153 4,0476
4,5914 4,6244
5,1142 5,1476
203 14:18
4,4159 4,4483
4,0154 4,0477
4,5911 4,6241
5,1136 5,1470
204 14:19
4,4138 4,4462
4,0133 4,0456
4,5891 4,6221
5,1111 5,1445
205 14:20
4,4132 4,4456
4,0133 4,0456
4,5890 4,6220
5,1102 5,1436
206 14:21
4,4122 4,4446
4,0113 4,0436
4,5874 4,6206
5,1090 5,1425
207 14:22
4,4119 4,4443
4,0112 4,0435
4,5883 4,6215
5,1087 5,1422
208 14:23
4,4119 4,4443
4,0114 4,0437
4,5883 4,6215
5,1084 5,1419
209 14:24
4,4122 4,4446
4,0111 4,0434
4,5884 4,6216
5,1085 5,1420
210 14:25
4,4109 4,4433
4,0094 4,0417
4,5868 4,6200
5,1067 5,1402
211 14:26
4,4092 4,4416
4,0071 4,0394
4,5848 4,6182
5,1032 5,1367
212 14:27
4,4110 4,4434
4,0091 4,0414
4,5873 4,6207
5,1052 5,1387
213 14:28
4,4115 4,4439
4,0096 4,0419
4,5878 4,6212
5,1059 5,1394
214 14:29
4,4103 4,4427
4,0090 4,0413
4,5861 4,6195
5,1050 5,1385
215 14:30
4,4118 4,4446
4,0097 4,0425
4,5886 4,6229
5,1067 5,1411
216 14:31
4,4123 4,4452
4,0154 4,0483
4,5888 4,6223
5,1091 5,1430
217 14:32
4,4131 4,4458
4,0166 4,0493
4,5882 4,6214
5,1102 5,1440
218 14:33
4,4130 4,4455
4,0165 4,0491
4,5879 4,6209
5,1081 5,1416
219 14:34
4,4133 4,4459
4,0193 4,0516
4,5897 4,6229
5,1083 5,1418
220 14:35
4,4151 4,4475
4,0213 4,0536
4,5915 4,6245
5,1093 5,1428
221 14:36
4,4144 4,4468
4,0210 4,0533
4,5905 4,6237
5,1083 5,1418
222 14:37
4,4139 4,4463
4,0200 4,0523
4,5894 4,6226
5,1077 5,1412
223 14:38
4,4142 4,4466
4,0201 4,0524
4,5898 4,6230
5,1072 5,1407
224 14:39
4,4141 4,4465
4,0198 4,0521
4,5892 4,6224
5,1076 5,1411
225 14:40
4,4142 4,4466
4,0221 4,0544
4,5902 4,6234
5,1092 5,1427
226 14:41
4,4152 4,4476
4,0217 4,0540
4,5915 4,6245
5,1089 5,1424
227 14:42
4,4168 4,4492
4,0226 4,0549
4,5923 4,6253
5,1094 5,1429
228 14:43
4,4165 4,4489
4,0224 4,0547
4,5925 4,6255
5,1092 5,1427
229 14:44
4,4163 4,4487
4,0220 4,0543
4,5930 4,6260
5,1102 5,1437
230 14:45
4,4147 4,4471
4,0200 4,0523
4,5913 4,6243
5,1082 5,1417
231 14:46
4,4151 4,4475
4,0217 4,0540
4,5919 4,6251
5,1083 5,1418
232 14:47
4,4153 4,4477
4,0233 4,0556
4,5919 4,6251
5,1094 5,1429
233 14:48
4,4154 4,4478
4,0242 4,0565
4,5906 4,6238
5,1105 5,1440
234 14:49
4,4177 4,4501
4,0272 4,0595
4,5926 4,6258
5,1114 5,1449
235 14:50
4,4181 4,4505
4,0277 4,0600
4,5931 4,6263
5,1123 5,1458
236 14:51
4,4180 4,4504
4,0283 4,0606
4,5930 4,6262
5,1136 5,1470
237 14:52
4,4180 4,4504
4,0281 4,0604
4,5925 4,6257
5,1127 5,1461
238 14:53
4,4178 4,4502
4,0266 4,0589
4,5915 4,6247
5,1127 5,1461
239 14:54
4,4180 4,4504
4,0274 4,0597
4,5913 4,6245
5,1127 5,1461
240 14:55
4,4175 4,4499
4,0264 4,0587
4,5917 4,6249
5,1122 5,1456
241 14:56
4,4171 4,4495
4,0266 4,0589
4,5920 4,6250
5,1129 5,1464
242 14:57
4,4181 4,4505
4,0285 4,0608
4,5931 4,6261
5,1136 5,1471
243 14:58
4,4215 4,4539
4,0314 4,0637
4,5972 4,6302
5,1169 5,1504
244 14:59
4,4206 4,4530
4,0307 4,0630
4,5962 4,6292
5,1159 5,1494
245 15:00
4,4203 4,4527
4,0306 4,0629
4,5960 4,6290
5,1157 5,1492
246 15:01
4,4210 4,4534
4,0312 4,0635
4,5963 4,6294
5,1161 5,1496
247 15:02
4,4200 4,4524
4,0294 4,0617
4,5945 4,6276
5,1146 5,1481
248 15:03
4,4189 4,4513
4,0260 4,0583
4,5940 4,6271
5,1144 5,1479
249 15:04
4,4192 4,4516
4,0254 4,0577
4,5946 4,6277
5,1152 5,1487
250 15:05
4,4158 4,4482
4,0223 4,0546
4,5913 4,6244
5,1122 5,1457
251 15:06
4,4200 4,4524
4,0255 4,0578
4,5953 4,6285
5,1164 5,1498
252 15:07
4,4162 4,4486
4,0226 4,0549
4,5913 4,6245
5,1127 5,1461
253 15:08
4,4176 4,4500
4,0243 4,0566
4,5928 4,6260
5,1148 5,1482
254 15:09
4,4184 4,4508
4,0252 4,0575
4,5936 4,6268
5,1155 5,1489
255 15:10
4,4188 4,4512
4,0252 4,0575
4,5937 4,6269
5,1150 5,1484
256 15:11
4,4187 4,4511
4,0262 4,0585
4,5936 4,6266
5,1153 5,1488
257 15:12
4,4184 4,4508
4,0259 4,0582
4,5932 4,6262
5,1143 5,1478
258 15:13
4,4179 4,4503
4,0254 4,0577
4,5923 4,6253
5,1138 5,1473
259 15:14
4,4178 4,4502
4,0259 4,0582
4,5928 4,6258
5,1133 5,1468
260 15:15
4,4175 4,4499
4,0262 4,0585
4,5925 4,6255
5,1139 5,1474
261 15:16
4,4170 4,4494
4,0267 4,0590
4,5919 4,6251
5,1143 5,1478
262 15:17
4,4170 4,4494
4,0276 4,0599
4,5919 4,6251
5,1146 5,1481
263 15:18
4,4206 4,4530
4,0328 4,0651
4,5962 4,6294
5,1186 5,1521
264 15:19
4,4192 4,4516
4,0296 4,0619
4,5939 4,6271
5,1165 5,1500
265 15:20
4,4185 4,4509
4,0282 4,0605
4,5935 4,6267
5,1163 5,1498
266 15:21
4,4178 4,4502
4,0261 4,0584
4,5928 4,6258
5,1155 5,1490
267 15:22
4,4193 4,4517
4,0288 4,0611
4,5942 4,6272
5,1166 5,1501
268 15:23
4,4197 4,4521
4,0290 4,0613
4,5944 4,6274
5,1171 5,1506
269 15:24
4,4218 4,4542
4,0309 4,0632
4,5959 4,6289
5,1199 5,1534
270 15:25
4,4233 4,4557
4,0326 4,0649
4,5974 4,6304
5,1210 5,1545
271 15:26
4,4232 4,4556
4,0326 4,0649
4,5971 4,6302
5,1206 5,1541
272 15:27
4,4229 4,4553
4,0335 4,0658
4,5972 4,6303
5,1208 5,1543
273 15:28
4,4225 4,4549
4,0335 4,0658
4,5965 4,6296
5,1203 5,1538
274 15:29
4,4224 4,4548
4,0340 4,0663
4,5965 4,6296
5,1202 5,1537
275 15:30
4,4223 4,4547
4,0332 4,0655
4,5963 4,6294
5,1204 5,1539
276 15:31
4,4243 4,4567
4,0357 4,0680
4,5970 4,6301
5,1224 5,1559
277 15:32
4,4274 4,4598
4,0386 4,0709
4,6012 4,6343
5,1260 5,1595
278 15:33
4,4285 4,4609
4,0379 4,0702
4,6023 4,6354
5,1270 5,1605
279 15:34
4,4279 4,4603
4,0380 4,0703
4,6020 4,6351
5,1272 5,1607
280 15:35
4,4282 4,4606
4,0383 4,0706
4,6020 4,6351
5,1278 5,1613
281 15:36
4,4243 4,4567
4,0350 4,0673
4,5978 4,6310
5,1230 5,1565
282 15:37
4,4207 4,4531
4,0313 4,0636
4,5933 4,6265
5,1193 5,1528
283 15:38
4,4240 4,4564
4,0326 4,0649
4,5962 4,6294
5,1235 5,1570
284 15:39
4,4238 4,4562
4,0336 4,0659
4,5958 4,6290
5,1238 5,1573
285 15:40
4,4234 4,4558
4,0333 4,0656
4,5952 4,6284
5,1235 5,1570
286 15:41
4,4235 4,4559
4,0344 4,0667
4,5955 4,6287
5,1235 5,1570
287 15:42
4,4261 4,4585
4,0370 4,0693
4,5983 4,6315
5,1269 5,1604
288 15:43
4,4280 4,4604
4,0384 4,0707
4,5998 4,6330
5,1288 5,1623
289 15:44
4,4262 4,4586
4,0374 4,0697
4,5983 4,6315
5,1269 5,1604
290 15:45
4,4250 4,4574
4,0358 4,0681
4,5976 4,6308
5,1259 5,1594
291 15:46
4,4252 4,4576
4,0360 4,0683
4,5975 4,6306
5,1261 5,1596
292 15:47
4,4271 4,4595
4,0390 4,0713
4,6003 4,6334
5,1289 5,1624
293 15:48
4,4254 4,4578
4,0366 4,0689
4,5981 4,6312
5,1279 5,1614
294 15:49
4,4246 4,4570
4,0362 4,0685
4,5973 4,6304
5,1273 5,1608
295 15:50
4,4245 4,4569
4,0367 4,0690
4,5970 4,6301
5,1271 5,1606
296 15:51
4,4251 4,4575
4,0383 4,0706
4,5990 4,6320
5,1278 5,1613
297 15:52
4,4255 4,4579
4,0392 4,0715
4,6002 4,6332
5,1283 5,1618
298 15:53
4,4251 4,4575
4,0385 4,0708
4,5997 4,6327
5,1293 5,1628
299 15:54
4,4256 4,4580
4,0386 4,0709
4,6005 4,6335
5,1308 5,1643
300 15:55
4,4248 4,4572
4,0375 4,0698
4,5999 4,6329
5,1313 5,1648
301 15:56
4,4244 4,4568
4,0364 4,0687
4,5996 4,6326
5,1297 5,1631
302 15:57
4,4243 4,4567
4,0365 4,0688
4,5999 4,6329
5,1305 5,1639
303 15:58
4,4239 4,4563
4,0359 4,0682
4,5990 4,6320
5,1306 5,1640
304 15:59
4,4235 4,4559
4,0354 4,0677
4,5985 4,6315
5,1291 5,1625
305 16:00
4,4223 4,4547
4,0339 4,0662
4,5977 4,6307
5,1283 5,1617
306 16:01
4,4210 4,4534
4,0305 4,0628
4,5974 4,6304
5,1270 5,1604
307 16:02
4,4205 4,4529
4,0310 4,0633
4,5969 4,6299
5,1266 5,1600
308 16:03
4,4195 4,4519
4,0281 4,0605
4,5958 4,6288
5,1252 5,1586
309 16:04
4,4191 4,4515
4,0288 4,0611
4,5960 4,6290
5,1251 5,1585
310 16:05
4,4192 4,4516
4,0284 4,0607
4,5953 4,6283
5,1246 5,1580
311 16:06
4,4183 4,4507
4,0273 4,0596
4,5940 4,6271
5,1237 5,1573
312 16:07
4,4187 4,4511
4,0295 4,0618
4,5946 4,6277
5,1241 5,1577
313 16:08
4,4178 4,4502
4,0284 4,0607
4,5940 4,6271
5,1224 5,1560
314 16:09
4,4164 4,4488
4,0275 4,0598
4,5923 4,6254
5,1204 5,1540
315 16:10
4,4161 4,4485
4,0274 4,0597
4,5912 4,6243
5,1197 5,1533
316 16:11
4,4173 4,4497
4,0301 4,0624
4,5925 4,6256
5,1216 5,1551
317 16:12
4,4172 4,4496
4,0296 4,0619
4,5929 4,6260
5,1222 5,1557
318 16:13
4,4170 4,4494
4,0297 4,0620
4,5933 4,6264
5,1214 5,1549
319 16:14
4,4170 4,4494
4,0296 4,0619
4,5939 4,6270
5,1216 5,1551
320 16:15
4,4174 4,4498
4,0293 4,0616
4,5940 4,6271
5,1226 5,1561
321 16:16
4,4178 4,4502
4,0271 4,0594
4,5951 4,6281
5,1229 5,1563
322 16:17
4,4181 4,4505
4,0269 4,0592
4,5958 4,6288
5,1231 5,1565
323 16:18
4,4186 4,4510
4,0273 4,0596
4,5963 4,6293
5,1236 5,1570
324 16:19
4,4200 4,4524
4,0301 4,0624
4,5988 4,6318
5,1253 5,1587
325 16:20
4,4196 4,4520
4,0292 4,0615
4,5985 4,6315
5,1249 5,1583
326 16:21
4,4185 4,4510
4,0267 4,0590
4,5963 4,6293
5,1235 5,1570
327 16:22
4,4183 4,4508
4,0258 4,0581
4,5955 4,6285
5,1228 5,1563
328 16:23
4,4185 4,4510
4,0259 4,0582
4,5953 4,6283
5,1223 5,1558
329 16:24
4,4176 4,4501
4,0240 4,0563
4,5938 4,6268
5,1213 5,1548
330 16:25
4,4174 4,4499
4,0231 4,0554
4,5927 4,6257
5,1204 5,1539
331 16:26
4,4173 4,4497
4,0246 4,0569
4,5931 4,6261
5,1203 5,1537
332 16:27
4,4173 4,4497
4,0240 4,0563
4,5933 4,6263
5,1200 5,1534
333 16:28
4,4171 4,4495
4,0237 4,0560
4,5933 4,6263
5,1203 5,1537
334 16:29
4,4172 4,4496
4,0234 4,0557
4,5934 4,6264
5,1210 5,1544
335 16:30
4,4145 4,4469
4,0217 4,0540
4,5906 4,6236
5,1184 5,1518
336 16:31
4,4131 4,4455
4,0198 4,0521
4,5895 4,6226
5,1173 5,1508
337 16:32
4,4158 4,4482
4,0224 4,0547
4,5928 4,6259
5,1207 5,1542
338 16:33
4,4170 4,4494
4,0238 4,0561
4,5941 4,6272
5,1218 5,1553
339 16:34
4,4163 4,4487
4,0238 4,0561
4,5931 4,6262
5,1205 5,1540
340 16:35
4,4168 4,4492
4,0256 4,0579
4,5934 4,6265
5,1221 5,1556
341 16:36
4,4164 4,4488
4,0263 4,0586
4,5935 4,6267
5,1219 5,1554
342 16:37
4,4157 4,4481
4,0246 4,0569
4,5923 4,6255
5,1212 5,1547
343 16:38
4,4156 4,4480
4,0239 4,0562
4,5922 4,6254
5,1207 5,1542
344 16:39
4,4147 4,4471
4,0222 4,0545
4,5923 4,6255
5,1199 5,1534
345 16:40
4,4141 4,4465
4,0215 4,0538
4,5916 4,6248
5,1199 5,1534
346 16:41
4,4142 4,4466
4,0203 4,0526
4,5913 4,6244
5,1199 5,1534
347 16:42
4,4143 4,4467
4,0213 4,0536
4,5914 4,6245
5,1198 5,1533
348 16:43
4,4142 4,4466
4,0201 4,0524
4,5917 4,6248
5,1196 5,1531
349 16:44
4,4145 4,4469
4,0205 4,0528
4,5927 4,6258
5,1188 5,1523
350 16:45
4,4144 4,4468
4,0204 4,0527
4,5931 4,6262
5,1187 5,1522
351 16:46
4,4142 4,4466
4,0201 4,0524
4,5912 4,6243
5,1187 5,1522
352 16:47
4,4149 4,4473
4,0209 4,0532
4,5916 4,6247
5,1190 5,1525
353 16:48
4,4150 4,4474
4,0206 4,0529
4,5921 4,6252
5,1196 5,1531
354 16:49
4,4150 4,4474
4,0208 4,0531
4,5933 4,6264
5,1191 5,1526
355 16:50
4,4150 4,4474
4,0203 4,0526
4,5929 4,6260
5,1188 5,1523
356 16:51
4,4154 4,4478
4,0221 4,0544
4,5951 4,6282
5,1189 5,1524
357 16:52
4,4155 4,4479
4,0231 4,0554
4,5948 4,6279
5,1202 5,1537
358 16:53
4,4154 4,4478
4,0231 4,0554
4,5939 4,6270
5,1195 5,1530
359 16:54
4,4154 4,4478
4,0225 4,0548
4,5938 4,6269
5,1192 5,1527
360 16:55
4,4159 4,4483
4,0235 4,0558
4,5947 4,6278
5,1195 5,1530
361 16:56
4,4157 4,4481
4,0242 4,0565
4,5952 4,6283
5,1198 5,1533
362 16:57
4,4146 4,4470
4,0237 4,0560
4,5936 4,6267
5,1189 5,1524
363 16:58
4,4139 4,4463
4,0224 4,0547
4,5932 4,6263
5,1170 5,1505
364 16:59
4,4143 4,4467
4,0229 4,0552
4,5943 4,6274
5,1182 5,1517
365 17:00
4,4155 4,4479
4,0242 4,0565
4,5952 4,6283
5,1193 5,1528
366 17:01
4,4142 4,4466
4,0233 4,0556
4,5940 4,6271
5,1186 5,1521
367 17:02
4,4151 4,4475
4,0229 4,0552
4,5946 4,6277
5,1194 5,1529
368 17:03
4,4149 4,4473
4,0225 4,0548
4,5946 4,6277
5,1186 5,1521
369 17:04
4,4152 4,4476
4,0232 4,0555
4,5945 4,6276
5,1190 5,1525
370 17:05
4,4155 4,4479
4,0235 4,0558
4,5948 4,6279
5,1195 5,1530
371 17:06
4,4146 4,4470
4,0236 4,0559
4,5941 4,6272
5,1180 5,1515
372 17:07
4,4160 4,4484
4,0255 4,0578
4,5960 4,6291
5,1199 5,1534
373 17:08
4,4165 4,4489
4,0264 4,0587
4,5973 4,6304
5,1207 5,1542
374 17:09
4,4166 4,4490
4,0272 4,0595
4,5976 4,6307
5,1215 5,1550
375 17:10
4,4167 4,4491
4,0273 4,0596
4,5972 4,6303
5,1219 5,1554
376 17:11
4,4164 4,4488
4,0286 4,0609
4,5965 4,6296
5,1219 5,1554
377 17:12
4,4171 4,4495
4,0292 4,0615
4,5972 4,6303
5,1228 5,1563
378 17:13
4,4175 4,4499
4,0293 4,0616
4,5978 4,6309
5,1235 5,1570
379 17:14
4,4166 4,4490
4,0284 4,0607
4,5967 4,6298
5,1221 5,1556
380 17:15
4,4170 4,4494
4,0296 4,0619
4,5970 4,6301
5,1229 5,1564
381 17:16
4,4172 4,4496
4,0298 4,0621
4,5968 4,6299
5,1231 5,1566
382 17:17
4,4180 4,4504
4,0305 4,0628
4,5972 4,6303
5,1241 5,1576
383 17:18
4,4183 4,4507
4,0311 4,0634
4,5979 4,6310
5,1241 5,1576
384 17:19
4,4178 4,4502
4,0302 4,0625
4,5969 4,6300
5,1244 5,1579
385 17:20
4,4173 4,4497
4,0294 4,0617
4,5964 4,6295
5,1223 5,1558
386 17:21
4,4171 4,4495
4,0290 4,0613
4,5964 4,6295
5,1221 5,1556
387 17:22
4,4170 4,4494
4,0294 4,0617
4,5966 4,6297
5,1223 5,1558
388 17:23
4,4171 4,4495
4,0290 4,0613
4,5963 4,6294
5,1224 5,1559
389 17:24
4,4171 4,4495
4,0294 4,0617
4,5966 4,6297
5,1221 5,1556
390 17:25
4,4172 4,4496
4,0298 4,0621
4,5966 4,6297
5,1224 5,1559
391 17:26
4,4171 4,4495
4,0299 4,0622
4,5965 4,6296
5,1218 5,1553
392 17:27
4,4168 4,4492
4,0287 4,0610
4,5959 4,6290
5,1214 5,1549
393 17:28
4,4167 4,4491
4,0295 4,0618
4,5960 4,6291
5,1216 5,1551
394 17:29
4,4167 4,4491
4,0300 4,0623
4,5966 4,6297
5,1220 5,1555
395 17:30
4,4167 4,4491
4,0301 4,0624
4,5962 4,6293
5,1219 5,1554
396 17:31
4,4166 4,4490
4,0304 4,0627
4,5962 4,6293
5,1221 5,1556
397 17:32
4,4162 4,4486
4,0304 4,0627
4,5960 4,6291
5,1215 5,1550
398 17:33
4,4161 4,4485
4,0304 4,0627
4,5958 4,6289
5,1213 5,1548
399 17:34
4,4161 4,4485
4,0301 4,0624
4,5959 4,6290
5,1212 5,1547
400 17:35
4,4161 4,4485
4,0302 4,0625
4,5958 4,6289
5,1209 5,1544
401 17:36
4,4160 4,4484
4,0298 4,0621
4,5953 4,6284
5,1208 5,1543
402 17:37
4,4160 4,4484
4,0294 4,0617
4,5954 4,6285
5,1214 5,1549
403 17:38
4,4159 4,4483
4,0292 4,0615
4,5960 4,6291
5,1214 5,1549
404 17:39
4,4158 4,4482
4,0300 4,0623
4,5956 4,6287
5,1208 5,1543
405 17:40
4,4159 4,4483
4,0308 4,0631
4,5956 4,6287
5,1207 5,1542
406 17:41
4,4158 4,4482
4,0304 4,0627
4,5953 4,6284
5,1203 5,1538
407 17:42
4,4157 4,4481
4,0304 4,0627
4,5954 4,6285
5,1195 5,1530
408 17:43
4,4157 4,4481
4,0307 4,0630
4,5955 4,6286
5,1192 5,1527
409 17:44
4,4156 4,4480
4,0307 4,0630
4,5956 4,6287
5,1190 5,1525
410 17:45
4,4153 4,4477
4,0310 4,0633
4,5955 4,6286
5,1188 5,1523
411 17:46
4,4148 4,4472
4,0304 4,0627
4,5953 4,6284
5,1177 5,1512
412 17:47
4,4148 4,4472
4,0308 4,0631
4,5960 4,6291
5,1180 5,1515
413 17:48
4,4149 4,4473
4,0309 4,0632
4,5963 4,6294
5,1178 5,1513
414 17:49
4,4153 4,4477
4,0312 4,0635
4,5965 4,6296
5,1183 5,1518
415 17:50
4,4154 4,4478
4,0313 4,0636
4,5966 4,6297
5,1180 5,1515
416 17:51
4,4157 4,4481
4,0312 4,0635
4,5966 4,6297
5,1183 5,1518
417 17:52
4,4159 4,4483
4,0314 4,0637
4,5971 4,6302
5,1193 5,1528
418 17:53
4,4155 4,4479
4,0308 4,0631
4,5965 4,6296
5,1187 5,1522
419 17:54
4,4154 4,4478
4,0309 4,0632
4,5963 4,6294
5,1186 5,1521
420 17:55
4,4153 4,4477
4,0301 4,0624
4,5962 4,6293
5,1188 5,1523
421 17:56
4,4156 4,4480
4,0306 4,0629
4,5975 4,6306
5,1186 5,1521
422 17:57
4,4155 4,4479
4,0301 4,0624
4,5970 4,6301
5,1182 5,1517
423 17:58
4,4154 4,4478
4,0300 4,0623
4,5972 4,6303
5,1187 5,1522
424 17:59
4,4157 4,4481
4,0303 4,0626
4,5975 4,6306
5,1193 5,1528
425 18:00
4,4163 4,4492
4,0305 4,0634
4,5978 4,6314
5,1195 5,1538
426 18:01
4,4161 4,4486
4,0296 4,0621
4,5970 4,6307
5,1200 5,1535
427 18:02
4,4160 4,4484
4,0297 4,0625
4,5971 4,6307
5,1193 5,1528
428 18:03
4,4164 4,4488
4,0299 4,0628
4,5975 4,6307
5,1204 5,1539
429 18:04
4,4164 4,4489
4,0297 4,0625
4,5970 4,6306
5,1202 5,1537
430 18:05
4,4166 4,4493
4,0298 4,0626
4,5967 4,6304
5,1205 5,1540
431 18:06
4,4151 4,4475
4,0277 4,0604
4,5957 4,6291
5,1183 5,1518
432 18:07
4,4149 4,4476
4,0273 4,0604
4,5954 4,6292
5,1187 5,1524
433 18:08
4,4146 4,4473
4,0275 4,0607
4,5946 4,6280
5,1183 5,1521
434 18:09
4,4141 4,4469
4,0274 4,0607
4,5941 4,6280
5,1172 5,1512
435 18:10
4,4142 4,4469
4,0271 4,0602
4,5946 4,6279
5,1177 5,1512
436 18:11
4,4122 4,4449
4,0253 4,0581
4,5920 4,6259
5,1149 5,1486
437 18:12
4,4121 4,4445
4,0250 4,0577
4,5919 4,6250
5,1154 5,1489
438 18:13
4,4124 4,4454
4,0252 4,0585
4,5923 4,6260
5,1157 5,1498
439 18:14
4,4133 4,4457
4,0257 4,0584
4,5928 4,6259
5,1168 5,1503
440 18:15
4,4137 4,4461
4,0257 4,0585
4,5936 4,6267
5,1166 5,1501
441 18:16
4,4130 4,4459
4,0249 4,0582
4,5929 4,6265
5,1163 5,1503
442 18:17
4,4124 4,4456
4,0249 4,0581
4,5918 4,6261
5,1152 5,1495
443 18:18
4,4121 4,4453
4,0241 4,0574
4,5915 4,6254
5,1147 5,1487
444 18:19
4,4123 4,4448
4,0239 4,0568
4,5913 4,6248
5,1150 5,1485
445 18:20
4,4121 4,4446
4,0242 4,0568
4,5909 4,6246
5,1141 5,1476
446 18:21
4,4114 4,4442
4,0236 4,0568
4,5903 4,6238
5,1145 5,1480
447 18:22
4,4110 4,4441
4,0232 4,0566
4,5899 4,6241
5,1141 5,1482
448 18:23
4,4098 4,4423
4,0223 4,0552
4,5886 4,6218
5,1125 5,1460
449 18:24
4,4083 4,4409
4,0215 4,0544
4,5872 4,6204
5,1116 5,1451
450 18:25
4,4088 4,4413
4,0215 4,0545
4,5876 4,6212
5,1116 5,1452
451 18:26
4,4088 4,4412
4,0223 4,0546
4,5880 4,6211
5,1115 5,1450
452 18:27
4,4081 4,4412
4,0227 4,0559
4,5878 4,6216
5,1108 5,1449
453 18:28
4,4089 4,4426
4,0226 4,0567
4,5882 4,6226
5,1117 5,1460
454 18:29
4,4088 4,4425
4,0225 4,0566
4,5875 4,6224
5,1115 5,1464
455 18:30
4,4083 4,4425
4,0218 4,0563
4,5876 4,6225
5,1111 5,1467
456 18:31
4,4086 4,4426
4,0221 4,0560
4,5879 4,6226
5,1114 5,1467
457 18:32
4,4085 4,4428
4,0220 4,0566
4,5883 4,6233
5,1113 5,1469
458 18:33
4,4084 4,4427
4,0223 4,0569
4,5882 4,6232
5,1112 5,1468
459 18:34
4,4082 4,4427
4,0217 4,0565
4,5878 4,6231
5,1110 5,1468
460 18:35
4,4083 4,4428
4,0218 4,0566
4,5879 4,6232
5,1117 5,1469
461 18:36
4,4090 4,4425
4,0227 4,0566
4,5887 4,6234
5,1125 5,1465
462 18:37
4,4091 4,4424
4,0239 4,0576
4,5889 4,6233
5,1126 5,1470
463 18:38
4,4093 4,4424
4,0245 4,0581
4,5896 4,6238
5,1128 5,1464
464 18:39
4,4087 4,4423
4,0240 4,0579
4,5891 4,6235
5,1122 5,1463
465 18:40
4,4087 4,4425
4,0240 4,0581
4,5888 4,6235
5,1121 5,1472
466 18:41
4,4088 4,4425
4,0241 4,0581
4,5890 4,6234
5,1115 5,1464
467 18:42
4,4086 4,4424
4,0243 4,0584
4,5889 4,6235
5,1127 5,1471
468 18:43
4,4078 4,4433
4,0234 4,0591
4,5879 4,6242
5,1117 5,1487
469 18:44
4,4086 4,4424
4,0247 4,0589
4,5893 4,6238
5,1133 5,1477
470 18:45
4,4086 4,4424
4,0247 4,0585
4,5893 4,6238
5,1127 5,1477
471 18:46
4,4086 4,4421
4,0246 4,0583
4,5893 4,6235
5,1127 5,1473
472 18:47
4,4085 4,4421
4,0250 4,0590
4,5892 4,6235
5,1132 5,1480
473 18:48
4,4087 4,4421
4,0256 4,0590
4,5894 4,6239
5,1134 5,1480
474 18:49
4,4089 4,4420
4,0259 4,0590
4,5900 4,6237
5,1135 5,1477
475 18:50
4,4090 4,4420
4,0257 4,0592
4,5902 4,6239
5,1137 5,1479
476 18:51
4,4092 4,4419
4,0259 4,0591
4,5904 4,6238
5,1139 5,1477
477 18:52
4,4091 4,4419
4,0256 4,0588
4,5898 4,6233
5,1138 5,1477
478 18:53
4,4094 4,4418
4,0261 4,0586
4,5901 4,6232
5,1141 5,1476
479 18:54
4,4094 4,4418
4,0261 4,0586
4,5901 4,6232
5,1141 5,1476
480 18:55
4,4095 4,4419
4,0265 4,0590
4,5907 4,6238
5,1147 5,1482
481 18:56
4,4096 4,4420
4,0268 4,0592
4,5908 4,6239
5,1143 5,1478
482 18:57
4,4092 4,4416
4,0261 4,0587
4,5903 4,6234
5,1138 5,1473
483 18:58
4,4099 4,4423
4,0278 4,0602
4,5912 4,6243
5,1147 5,1482
484 18:59
4,4107 4,4431
4,0292 4,0615
4,5915 4,6246
5,1162 5,1497
485 19:00
4,4111 4,4435
4,0296 4,0619
4,5923 4,6254
5,1168 5,1503
486 19:01
4,4111 4,4435
4,0296 4,0619
4,5923 4,6254
5,1172 5,1507
487 19:02
4,4110 4,4434
4,0295 4,0618
4,5918 4,6249
5,1171 5,1506
488 19:03
4,4110 4,4434
4,0289 4,0615
4,5923 4,6254
5,1168 5,1503
489 19:04
4,4110 4,4434
4,0295 4,0622
4,5924 4,6257
5,1168 5,1503
490 19:05
4,4110 4,4434
4,0295 4,0622
4,5932 4,6263
5,1171 5,1506
491 19:06
4,4112 4,4436
4,0297 4,0624
4,5931 4,6264
5,1174 5,1509
492 19:07
4,4112 4,4436
4,0297 4,0625
4,5934 4,6265
5,1172 5,1507
493 19:08
4,4113 4,4437
4,0294 4,0621
4,5931 4,6262
5,1175 5,1510
494 19:09
4,4113 4,4437
4,0290 4,0617
4,5925 4,6256
5,1170 5,1505
495 19:10
4,4112 4,4436
4,0292 4,0617
4,5924 4,6255
5,1173 5,1508
496 19:11
4,4112 4,4436
4,0290 4,0618
4,5926 4,6258
5,1174 5,1509
497 19:12
4,4113 4,4438
4,0286 4,0612
4,5926 4,6258
5,1174 5,1509
498 19:13
4,4113 4,4438
4,0289 4,0615
4,5920 4,6253
5,1171 5,1506
499 19:14
4,4113 4,4437
4,0287 4,0614
4,5921 4,6252
5,1175 5,1510
500 19:15
4,4113 4,4437
4,0287 4,0615
4,5921 4,6252
5,1174 5,1509
501 19:16
4,4110 4,4438
4,0284 4,0616
4,5919 4,6258
5,1173 5,1511
502 19:17
4,4113 4,4437
4,0287 4,0615
4,5921 4,6256
5,1175 5,1510
503 19:18
4,4113 4,4437
4,0286 4,0613
4,5921 4,6256
5,1174 5,1509
504 19:19
4,4113 4,4437
4,0284 4,0611
4,5926 4,6257
5,1175 5,1510
505 19:20
4,4113 4,4438
4,0286 4,0614
4,5926 4,6258
5,1174 5,1509
506 19:21
4,4113 4,4437
4,0286 4,0611
4,5926 4,6261
5,1175 5,1510
507 19:22
4,4115 4,4439
4,0289 4,0613
4,5932 4,6263
5,1176 5,1511
508 19:23
4,4117 4,4446
4,0292 4,0621
4,5935 4,6273
5,1178 5,1519
509 19:24
4,4115 4,4439
4,0284 4,0613
4,5938 4,6269
5,1177 5,1512
510 19:25
4,4117 4,4441
4,0286 4,0615
4,5936 4,6267
5,1181 5,1517
511 19:26
4,4116 4,4441
4,0289 4,0615
4,5938 4,6269
5,1184 5,1519
512 19:27
4,4118 4,4442
4,0282 4,0608
4,5941 4,6272
5,1187 5,1522
513 19:28
4,4119 4,4447
4,0274 4,0606
4,5943 4,6283
5,1188 5,1527
514 19:29
4,4123 4,4452
4,0273 4,0607
4,5945 4,6286
5,1191 5,1527
515 19:30
4,4122 4,4448
4,0277 4,0607
4,5950 4,6283
5,1185 5,1522
516 19:31
4,4123 4,4450
4,0283 4,0614
4,5951 4,6285
5,1192 5,1529
517 19:32
4,4120 4,4448
4,0285 4,0614
4,5948 4,6283
5,1200 5,1535
518 19:33
4,4120 4,4453
4,0280 4,0617
4,5948 4,6288
5,1200 5,1545
519 19:34
4,4122 4,4452
4,0284 4,0618
4,5950 4,6287
5,1204 5,1545
520 19:35
4,4123 4,4454
4,0287 4,0622
4,5951 4,6289
5,1204 5,1546
521 19:36
4,4123 4,4456
4,0292 4,0624
4,5951 4,6290
5,1205 5,1549
522 19:37
4,4125 4,4450
4,0293 4,0623
4,5953 4,6285
5,1203 5,1538
523 19:38
4,4125 4,4450
4,0293 4,0623
4,5953 4,6285
5,1194 5,1529
524 19:39
4,4126 4,4451
4,0309 4,0635
4,5954 4,6286
5,1201 5,1536
525 19:40
4,4122 4,4448
4,0299 4,0629
4,5950 4,6283
5,1193 5,1528
526 19:41
4,4123 4,4449
4,0296 4,0626
4,5951 4,6284
5,1194 5,1529
527 19:42
4,4121 4,4449
4,0298 4,0629
4,5949 4,6284
5,1198 5,1536
528 19:43
4,4122 4,4450
4,0310 4,0642
4,5951 4,6289
5,1197 5,1536
529 19:44
4,4123 4,4449
4,0311 4,0641
4,5951 4,6284
5,1200 5,1536
530 19:45
4,4122 4,4452
4,0310 4,0644
4,5955 4,6292
5,1198 5,1540
531 19:46
4,4122 4,4448
4,0310 4,0640
4,5956 4,6288
5,1193 5,1529
532 19:47
4,4126 4,4451
4,0312 4,0641
4,5958 4,6289
5,1195 5,1530
533 19:48
4,4124 4,4450
4,0319 4,0649
4,5958 4,6290
5,1187 5,1524
534 19:49
4,4125 4,4450
4,0319 4,0649
4,5953 4,6285
5,1183 5,1518
535 19:50
4,4126 4,4451
4,0316 4,0646
4,5954 4,6286
5,1186 5,1521
536 19:51
4,4123 4,4449
4,0313 4,0640
4,5957 4,6289
5,1188 5,1524
537 19:52
4,4123 4,4448
4,0311 4,0639
4,5951 4,6285
5,1180 5,1515
538 19:53
4,4126 4,4450
4,0312 4,0641
4,5958 4,6289
5,1184 5,1519
539 19:54
4,4126 4,4450
4,0312 4,0641
4,5959 4,6290
5,1190 5,1525
540 19:55
4,4125 4,4449
4,0312 4,0637
4,5957 4,6288
5,1183 5,1518
541 19:56
4,4121 4,4447
4,0316 4,0646
4,5953 4,6286
5,1179 5,1517
542 19:57
4,4126 4,4450
4,0316 4,0645
4,5959 4,6290
5,1184 5,1519
543 19:58
4,4126 4,4451
4,0316 4,0646
4,5958 4,6289
5,1185 5,1520
544 19:59
4,4128 4,4453
4,0318 4,0648
4,5961 4,6293
5,1191 5,1528
545 20:00
4,4122 4,4460
4,0309 4,0650
4,5951 4,6301
5,1186 5,1536
546 20:01
4,4135 4,4475
4,0317 4,0660
4,5964 4,6312
5,1208 5,1554
547 20:02
4,4136 4,4475
4,0322 4,0660
4,5963 4,6314
5,1207 5,1558
548 20:03
4,4136 4,4475
4,0317 4,0656
4,5960 4,6306
5,1213 5,1564
549 20:04
4,4136 4,4475
4,0320 4,0659
4,5958 4,6305
5,1213 5,1561
550 20:05
4,4136 4,4475
4,0318 4,0659
4,5960 4,6306
5,1213 5,1564
551 20:06
4,4136 4,4475
4,0318 4,0660
4,5960 4,6306
5,1213 5,1564
552 20:07
4,4136 4,4475
4,0311 4,0652
4,5960 4,6306
5,1213 5,1564
553 20:08
4,4134 4,4474
4,0316 4,0659
4,5963 4,6311
5,1211 5,1564
554 20:09
4,4134 4,4474
4,0320 4,0663
4,5963 4,6311
5,1211 5,1564
555 20:10
4,4134 4,4474
4,0320 4,0663
4,5961 4,6311
5,1211 5,1564
556 20:11
4,4134 4,4474
4,0320 4,0663
4,5959 4,6311
5,1211 5,1564
557 20:12
4,4135 4,4476
4,0327 4,0668
4,5962 4,6311
5,1212 5,1566
558 20:13
4,4135 4,4475
4,0325 4,0665
4,5973 4,6320
5,1214 5,1566
559 20:14
4,4134 4,4477
4,0324 4,0670
4,5977 4,6327
5,1211 5,1567
560 20:15
4,4135 4,4475
4,0321 4,0664
4,5979 4,6331
5,1214 5,1566
561 20:16
4,4134 4,4474
4,0320 4,0659
4,5982 4,6329
5,1211 5,1564
562 20:17
4,4134 4,4474
4,0320 4,0663
4,5977 4,6324
5,1211 5,1564
563 20:18
4,4134 4,4474
4,0313 4,0656
4,5982 4,6334
5,1211 5,1564
564 20:19
4,4128 4,4465
4,0306 4,0647
4,5974 4,6323
5,1204 5,1554
565 20:20
4,4126 4,4465
4,0304 4,0647
4,5978 4,6324
5,1204 5,1554
566 20:21
4,4127 4,4466
4,0306 4,0648
4,5984 4,6330
5,1202 5,1553
567 20:22
4,4125 4,4465
4,0308 4,0647
4,5982 4,6330
5,1201 5,1554
568 20:23
4,4125 4,4465
4,0301 4,0645
4,5982 4,6330
5,1201 5,1554
569 20:24
4,4127 4,4466
4,0301 4,0644
4,5978 4,6329
5,1203 5,1555
570 20:25
4,4125 4,4465
4,0304 4,0647
4,5978 4,6330
5,1205 5,1555
571 20:26
4,4125 4,4468
4,0299 4,0642
4,5981 4,6336
5,1201 5,1557
572 20:27
4,4123 4,4467
4,0295 4,0642
4,5980 4,6331
5,1199 5,1556
573 20:28
4,4124 4,4465
4,0302 4,0646
4,5985 4,6336
5,1198 5,1553
574 20:29
4,4124 4,4467
4,0300 4,0645
4,5986 4,6336
5,1200 5,1556
575 20:30
4,4124 4,4462
4,0300 4,0641
4,5984 4,6331
5,1201 5,1551
576 20:31
4,4127 4,4464
4,0299 4,0639
4,5989 4,6333
5,1202 5,1551
577 20:32
4,4127 4,4470
4,0295 4,0641
4,5988 4,6341
5,1203 5,1559
578 20:33
4,4127 4,4468
4,0295 4,0639
4,5993 4,6347
5,1203 5,1557
579 20:34
4,4127 4,4468
4,0299 4,0643
4,5992 4,6341
5,1203 5,1557
580 20:35
4,4127 4,4468
4,0299 4,0643
4,5989 4,6341
5,1203 5,1557
581 20:36
4,4127 4,4466
4,0301 4,0644
4,5992 4,6340
5,1203 5,1555
582 20:37
4,4116 4,4470
4,0290 4,0646
4,5978 4,6340
5,1192 5,1560
583 20:38
4,4127 4,4468
4,0299 4,0643
4,5989 4,6337
5,1203 5,1557
584 20:39
4,4126 4,4466
4,0298 4,0641
4,5989 4,6340
5,1202 5,1555
585 20:40
4,4126 4,4466
4,0294 4,0637
4,5988 4,6335
5,1202 5,1555
586 20:41
4,4126 4,4466
4,0295 4,0635
4,5983 4,6334
5,1202 5,1555
587 20:42
4,4126 4,4468
4,0294 4,0639
4,5988 4,6337
5,1202 5,1557
588 20:43
4,4126 4,4466
4,0294 4,0637
4,5988 4,6335
5,1202 5,1555
589 20:44
4,4126 4,4466
4,0298 4,0637
4,5984 4,6336
5,1203 5,1555
590 20:45
4,4126 4,4466
4,0298 4,0641
4,5984 4,6336
5,1196 5,1549
591 20:46
4,4126 4,4466
4,0294 4,0637
4,5988 4,6336
5,1197 5,1549
592 20:47
4,4127 4,4468
4,0294 4,0635
4,5989 4,6337
5,1197 5,1551
593 20:48
4,4126 4,4464
4,0291 4,0633
4,5988 4,6333
5,1202 5,1552
594 20:49
4,4126 4,4466
4,0291 4,0635
4,5988 4,6335
5,1196 5,1549
595 20:50
4,4127 4,4466
4,0294 4,0633
4,5987 4,6334
5,1197 5,1549
596 20:51
4,4126 4,4464
4,0295 4,0637
4,5984 4,6334
5,1196 5,1547
597 20:52
4,4127 4,4466
4,0295 4,0637
4,5983 4,6334
5,1197 5,1549
598 20:53
4,4127 4,4466
4,0294 4,0633
4,5983 4,6332
5,1197 5,1549
599 20:54
4,4116 4,4472
4,0282 4,0640
4,5972 4,6341
5,1185 5,1556
600 20:55
4,4123 4,4470
4,0287 4,0636
4,5979 4,6338
5,1193 5,1553
601 20:56
4,4122 4,4468
4,0290 4,0639
4,5979 4,6334
5,1198 5,1558
602 20:57
4,4124 4,4465
4,0292 4,0636
4,5986 4,6334
5,1200 5,1554
603 20:58
4,4126 4,4464
4,0294 4,0635
4,5988 4,6333
5,1196 5,1547
604 20:59
4,4118 4,4451
4,0286 4,0621
4,5974 4,6314
5,1187 5,1531
605 21:00
4,4116 4,4451
4,0280 4,0619
4,5971 4,6314
5,1183 5,1530
606 21:01
4,4116 4,4451
4,0289 4,0627
4,5968 4,6310
5,1183 5,1530
607 21:02
4,4116 4,4451
4,0289 4,0627
4,5962 4,6305
5,1184 5,1526
608 21:03
4,4115 4,4450
4,0288 4,0624
4,5962 4,6304
5,1180 5,1523
609 21:04
4,4106 4,4456
4,0277 4,0629
4,5953 4,6311
5,1174 5,1538
610 21:05
4,4114 4,4451
4,0287 4,0627
4,5961 4,6305
5,1181 5,1530
611 21:06
4,4113 4,4449
4,0286 4,0625
4,5960 4,6303
5,1182 5,1530
612 21:07
4,4114 4,4451
4,0287 4,0627
4,5961 4,6305
5,1181 5,1530
613 21:08
4,4114 4,4455
4,0291 4,0635
4,5961 4,6309
5,1188 5,1536
614 21:09
4,4114 4,4455
4,0294 4,0638
4,5961 4,6309
5,1188 5,1542
615 21:10
4,4114 4,4457
4,0297 4,0640
4,5960 4,6315
5,1185 5,1543
616 21:11
4,4114 4,4457
4,0298 4,0640
4,5962 4,6315
5,1188 5,1544
617 21:12
4,4113 4,4455
4,0297 4,0642
4,5960 4,6309
5,1187 5,1542
618 21:13
4,4113 4,4455
4,0301 4,0642
4,5960 4,6309
5,1181 5,1536
619 21:14
4,4113 4,4455
4,0301 4,0646
4,5960 4,6309
5,1187 5,1542
620 21:15
4,4112 4,4456
4,0296 4,0639
4,5959 4,6310
5,1180 5,1537
621 21:16
4,4112 4,4454
4,0296 4,0641
4,5955 4,6309
5,1186 5,1535
622 21:17
4,4113 4,4456
4,0301 4,0643
4,5960 4,6310
5,1181 5,1537
623 21:18
4,4134 4,4477
4,0316 4,0662
4,5976 4,6331
5,1211 5,1567
624 21:19
4,4134 4,4476
4,0316 4,0661
4,5977 4,6327
5,1212 5,1568
625 21:20
4,4136 4,4477
4,0318 4,0662
4,5979 4,6327
5,1209 5,1567
626 21:21
4,4119 4,4489
4,0306 4,0677
4,5961 4,6340
5,1194 5,1581
627 21:22
4,4119 4,4489
4,0310 4,0681
4,5961 4,6340
5,1194 5,1581
628 21:23
4,4122 4,4488
4,0313 4,0680
4,5970 4,6344
5,1193 5,1575
629 21:24
4,4122 4,4491
4,0316 4,0682
4,5973 4,6350
5,1190 5,1577
630 21:25
4,4122 4,4491
4,0309 4,0679
4,5974 4,6356
5,1196 5,1583
631 21:26
4,4137 4,4480
4,0323 4,0665
4,5989 4,6345
5,1215 5,1571
632 21:27
4,4137 4,4480
4,0319 4,0665
4,5993 4,6344
5,1215 5,1571
633 21:28
4,4123 4,4491
4,0306 4,0675
4,5981 4,6357
5,1199 5,1585
634 21:29
4,4123 4,4492
4,0306 4,0676
4,5979 4,6356
5,1199 5,1585
635 21:30
4,4143 4,4487
4,0321 4,0668
4,6006 4,6361
5,1225 5,1578
636 21:31
4,4146 4,4487
4,0320 4,0664
4,6003 4,6356
5,1225 5,1579
637 21:32
4,4133 4,4506
4,0307 4,0680
4,5990 4,6372
5,1209 5,1600
638 21:33
4,4143 4,4484
4,0317 4,0661
4,6000 4,6351
5,1222 5,1576
639 21:34
4,4143 4,4484
4,0317 4,0661
4,6001 4,6349
5,1228 5,1582
640 21:35
4,4141 4,4483
4,0315 4,0660
4,5999 4,6349
5,1220 5,1576
641 21:36
4,4141 4,4483
4,0315 4,0660
4,5999 4,6349
5,1226 5,1582
642 21:37
4,4126 4,4498
4,0303 4,0675
4,5983 4,6364
5,1209 5,1599
643 21:38
4,4130 4,4495
4,0309 4,0675
4,5986 4,6359
5,1218 5,1600
644 21:39
4,4141 4,4483
4,0319 4,0662
4,5995 4,6349
5,1226 5,1582
645 21:40
4,4128 4,4499
4,0311 4,0679
4,5979 4,6364
5,1210 5,1598
646 21:41
4,4126 4,4505
4,0304 4,0683
4,5977 4,6366
5,1208 5,1606
647 21:42
4,4126 4,4498
4,0305 4,0678
4,5978 4,6359
5,1209 5,1599
648 21:43
4,4128 4,4494
4,0307 4,0674
4,5980 4,6355
5,1211 5,1595
649 21:44
4,4140 4,4482
4,0318 4,0663
4,5993 4,6346
5,1224 5,1579
650 21:45
4,4140 4,4482
4,0318 4,0663
4,5993 4,6342
5,1224 5,1579
651 21:46
4,4125 4,4510
4,0303 4,0688
4,5977 4,6371
5,1206 5,1611
652 21:47
4,4126 4,4498
4,0305 4,0678
4,5979 4,6363
5,1209 5,1599
653 21:48
4,4127 4,4496
4,0302 4,0672
4,5979 4,6361
5,1209 5,1595
654 21:49
4,4138 4,4484
4,0312 4,0661
4,5996 4,6350
5,1223 5,1583
655 21:50
4,4138 4,4484
4,0312 4,0661
4,5992 4,6350
5,1222 5,1581
656 21:51
4,4139 4,4484
4,0317 4,0665
4,5986 4,6339
5,1226 5,1581
657 21:52
4,4139 4,4481
4,0318 4,0660
4,5992 4,6341
5,1223 5,1578
658 21:53
4,4125 4,4506
4,0300 4,0677
4,5972 4,6364
5,1212 5,1614
659 21:54
4,4142 4,4491
4,0316 4,0668
4,5989 4,6350
5,1232 5,1595
660 21:55
4,4141 4,4484
4,0317 4,0660
4,5989 4,6339
5,1230 5,1581
661 21:56
4,4142 4,4485
4,0320 4,0662
4,5995 4,6345
5,1225 5,1582
662 21:57
4,4142 4,4485
4,0320 4,0664
4,5990 4,6340
5,1225 5,1582
663 21:58
4,4142 4,4485
4,0320 4,0662
4,5990 4,6340
5,1231 5,1587
664 21:59
4,4142 4,4485
4,0316 4,0662
4,5990 4,6340
5,1236 5,1590
665 22:00
4,4143 4,4491
4,0322 4,0671
4,6000 4,6354
5,1242 5,1605
666 22:01
4,4126 4,4474
4,0309 4,0656
4,5984 4,6340
5,1227 5,1589
667 22:02
4,4128 4,4475
4,0307 4,0657
4,5979 4,6334
5,1227 5,1588
668 22:03
4,4135 4,4479
4,0317 4,0664
4,5988 4,6340
5,1237 5,1595
669 22:04
4,4135 4,4480
4,0317 4,0665
4,5986 4,6339
5,1235 5,1594
670 22:05
4,4134 4,4478
4,0316 4,0663
4,5987 4,6339
5,1236 5,1594
671 22:06
4,4134 4,4479
4,0316 4,0664
4,5986 4,6344
5,1234 5,1593
672 22:07
4,4133 4,4481
4,0315 4,0666
4,5985 4,6346
5,1235 5,1597
673 22:08
4,4134 4,4481
4,0316 4,0666
4,5986 4,6346
5,1234 5,1595
674 22:09
4,4133 4,4481
4,0315 4,0666
4,5985 4,6346
5,1234 5,1597
675 22:10
4,4132 4,4478
4,0314 4,0663
4,5985 4,6339
5,1226 5,1593
676 22:11
4,4121 4,4489
4,0304 4,0673
4,5974 4,6350
5,1214 5,1599
677 22:12
4,4132 4,4478
4,0314 4,0663
4,5985 4,6339
5,1228 5,1588
678 22:13
4,4132 4,4479
4,0314 4,0664
4,5983 4,6338
5,1226 5,1587
679 22:14
4,4132 4,4479
4,0314 4,0660
4,5983 4,6338
5,1227 5,1593
680 22:15
4,4131 4,4481
4,0313 4,0666
4,5984 4,6346
5,1233 5,1597
681 22:16
4,4134 4,4485
4,0316 4,0666
4,5986 4,6346
5,1235 5,1601
682 22:17
4,4133 4,4484
4,0315 4,0669
4,5976 4,6336
5,1233 5,1598
683 22:18
4,4132 4,4485
4,0314 4,0666
4,5975 4,6335
5,1233 5,1601
684 22:19
4,4132 4,4485
4,0318 4,0670
4,5975 4,6335
5,1233 5,1601
685 22:20
4,4132 4,4485
4,0314 4,0670
4,5974 4,6335
5,1232 5,1601
686 22:21
4,4131 4,4485
4,0314 4,0670
4,5984 4,6346
5,1236 5,1605
687 22:22
4,4132 4,4485
4,0314 4,0670
4,5988 4,6349
5,1233 5,1601
688 22:23
4,4131 4,4483
4,0311 4,0665
4,5984 4,6344
5,1239 5,1605
689 22:24
4,4125 4,4476
4,0304 4,0658
4,5977 4,6341
5,1230 5,1595
690 22:25
4,4123 4,4475
4,0302 4,0657
4,5971 4,6331
5,1224 5,1589
691 22:26
4,4123 4,4475
4,0302 4,0657
4,5971 4,6331
5,1222 5,1589
692 22:27
4,4122 4,4478
4,0299 4,0657
4,5970 4,6334
5,1222 5,1594
693 22:28
4,4124 4,4478
4,0303 4,0657
4,5972 4,6334
5,1224 5,1593
694 22:29
4,4121 4,4473
4,0302 4,0652
4,5969 4,6329
5,1220 5,1587
695 22:30
4,4118 4,4475
4,0298 4,0656
4,5969 4,6335
5,1217 5,1588
696 22:31
4,4120 4,4474
4,0297 4,0653
4,5963 4,6329
5,1219 5,1588
697 22:32
4,4119 4,4479
4,0296 4,0658
4,5967 4,6335
5,1219 5,1595
698 22:33
4,4124 4,4482
4,0304 4,0660
4,5972 4,6338
5,1224 5,1597
699 22:34
4,4116 4,4492
4,0296 4,0670
4,5963 4,6349
5,1213 5,1610
700 22:35
4,4122 4,4491
4,0298 4,0668
4,5969 4,6347
5,1220 5,1607
701 22:36
4,4122 4,4491
4,0301 4,0667
4,5963 4,6344
5,1221 5,1603
702 22:37
4,4122 4,4491
4,0302 4,0668
4,5964 4,6346
5,1220 5,1607
703 22:38
4,4114 4,4494
4,0291 4,0671
4,5956 4,6345
5,1205 5,1606
704 22:39
4,4120 4,4492
4,0300 4,0669
4,5969 4,6349
5,1218 5,1609
705 22:40
4,4123 4,4494
4,0298 4,0669
4,5970 4,6354
5,1215 5,1606
706 22:41
4,4123 4,4494
4,0299 4,0667
4,5970 4,6354
5,1215 5,1610
707 22:42
4,4123 4,4494
4,0298 4,0669
4,5970 4,6350
5,1215 5,1610
708 22:43
4,4122 4,4490
4,0298 4,0663
4,5975 4,6357
5,1216 5,1607
709 22:44
4,4122 4,4490
4,0294 4,0663
4,5980 4,6356
5,1216 5,1602
710 22:45
4,4120 4,4490
4,0292 4,0663
4,5981 4,6365
5,1214 5,1596
711 22:46
4,4122 4,4490
4,0294 4,0663
4,5974 4,6353
5,1204 5,1593
712 22:47
4,4122 4,4490
4,0294 4,0663
4,5975 4,6351
5,1204 5,1590
713 22:48
4,4122 4,4491
4,0298 4,0664
4,5958 4,6341
5,1203 5,1589
714 22:49
4,4123 4,4492
4,0299 4,0665
4,5970 4,6348
5,1209 5,1596
715 22:50
4,4149 4,4496
4,0325 4,0674
4,5996 4,6351
5,1241 5,1601
716 22:51
4,4147 4,4498
4,0320 4,0675
4,5990 4,6354
5,1238 5,1604
717 22:52
4,4148 4,4497
4,0321 4,0672
4,5991 4,6353
5,1233 5,1603
718 22:53
4,4156 4,4529
4,0328 4,0701
4,6000 4,6386
5,1242 5,1639
719 22:54
4,4123 4,4515
4,0299 4,0690
4,5965 4,6372
5,1208 5,1622
720 22:55
4,4122 4,4516
4,0299 4,0691
4,5970 4,6378
5,1206 5,1620
721 22:56
4,4125 4,4513
4,0301 4,0689
4,5973 4,6375
5,1208 5,1619
722 22:57
4,4121 4,4517
4,0298 4,0696
4,5973 4,6388
5,1212 5,1628
723 22:58
4,4123 4,4515
4,0293 4,0701
4,5981 4,6387
5,1202 5,1621
724 22:59
4,4122 4,4518
4,0290 4,0703
4,5866 4,6513
5,1102 5,1647
725 23:00
4,3824 4,4767
3,9992 4,1006
4,5681 4,6603
5,0653 5,1959
726 23:01
4,3824 4,4767
3,9992 4,1006
4,5681 4,6603
5,0653 5,1959
727 23:02
4,3824 4,4767
3,9992 4,1006
4,5681 4,6603
5,0653 5,1959
728 23:03
4,3824 4,4767
3,9992 4,1006
4,5681 4,6603
5,0653 5,1959
729 23:04
4,3824 4,4767
3,9992 4,1006
4,5681 4,6603
5,0653 5,1959
730 23:05
4,3824 4,4767
3,9992 4,1006
4,5681 4,6603
5,0653 5,1959
731 23:06
4,3824 4,4767
3,9992 4,1006
4,5681 4,6603
5,0653 5,1959
732 23:07
4,3824 4,4767
3,9992 4,1006
4,5681 4,6603
5,0653 5,1959
733 23:08
4,3824 4,4767
3,9992 4,1006
4,5681 4,6603
5,0653 5,1959
734 23:09
4,3824 4,4767
3,9992 4,1006
4,5681 4,6603
5,0653 5,1959
735 23:10
4,3824 4,4767
3,9992 4,1006
4,5681 4,6603
5,0653 5,1959
736 23:11
4,3824 4,4767
3,9992 4,1006
4,5681 4,6603
5,0653 5,1959
737 23:12
4,3824 4,4767
3,9992 4,1006
4,5681 4,6603
5,0653 5,1959
738 23:13
4,3824 4,4767
3,9992 4,1006
4,5681 4,6603
5,0653 5,1959
739 23:14
4,3824 4,4767
3,9992 4,1006
4,5681 4,6603
5,0653 5,1959
740 23:15
4,3824 4,4767
3,9992 4,1006
4,5681 4,6603
5,0653 5,1959
741 23:16
4,3824 4,4767
3,9992 4,1006
4,5681 4,6603
5,0653 5,1959
742 23:17
4,3824 4,4767
3,9992 4,1006
4,5681 4,6603
5,0653 5,1959
743 23:18
4,3824 4,4767
3,9992 4,1006
4,5681 4,6603
5,0653 5,1959
744 23:19
4,3824 4,4767
3,9992 4,1006
4,5681 4,6603
5,0653 5,1959
745 23:20
4,3824 4,4767
3,9992 4,1006
4,5681 4,6603
5,0653 5,1959
746 23:21
4,3824 4,4767
3,9992 4,1006
4,5681 4,6603
5,0653 5,1959
747 23:22
4,3824 4,4767
3,9992 4,1006
4,5681 4,6603
5,0653 5,1959
748 23:23
4,3824 4,4767
3,9992 4,1006
4,5681 4,6603
5,0653 5,1959
749 23:24
4,3824 4,4767
3,9992 4,1006
4,5681 4,6603
5,0653 5,1959
750 23:25
4,3824 4,4767
3,9992 4,1006
4,5681 4,6603
5,0653 5,1959
751 23:26
4,3824 4,4767
3,9992 4,1006
4,5681 4,6603
5,0653 5,1959
752 23:27
4,3824 4,4767
3,9992 4,1006
4,5681 4,6603
5,0653 5,1959
753 23:28
4,3824 4,4767
3,9992 4,1006
4,5681 4,6603
5,0653 5,1959
754 23:29
4,3824 4,4767
3,9992 4,1006
4,5681 4,6603
5,0653 5,1959
755 23:30
4,3824 4,4767
3,9992 4,1006
4,5681 4,6603
5,0653 5,1959
756 23:31
4,3824 4,4767
3,9992 4,1006
4,5681 4,6603
5,0653 5,1959
757 23:32
4,3824 4,4767
3,9992 4,1006
4,5681 4,6603
5,0653 5,1959
758 23:33
4,3824 4,4767
3,9992 4,1006
4,5681 4,6603
5,0653 5,1959
759 23:34
4,3824 4,4767
3,9992 4,1006
4,5681 4,6603
5,0653 5,1959
760 23:35
4,3824 4,4767
3,9992 4,1006
4,5681 4,6603
5,0653 5,1959
761 23:36
4,3824 4,4767
3,9992 4,1006
4,5681 4,6603
5,0653 5,1959
762 23:37
4,3824 4,4767
3,9992 4,1006
4,5681 4,6603
5,0653 5,1959
763 23:38
4,3824 4,4767
3,9992 4,1006
4,5681 4,6603
5,0653 5,1959
764 23:39
4,3824 4,4767
3,9992 4,1006
4,5681 4,6603
5,0653 5,1959
765 23:40
4,3824 4,4767
3,9992 4,1006
4,5681 4,6603
5,0653 5,1959
766 23:41
4,3824 4,4767
3,9992 4,1006
4,5681 4,6603
5,0653 5,1959
767 23:42
4,3824 4,4767
3,9992 4,1006
4,5681 4,6603
5,0653 5,1959
768 23:43
4,3824 4,4767
3,9992 4,1006
4,5681 4,6603
5,0653 5,1959
769 23:44
4,3824 4,4767
3,9992 4,1006
4,5681 4,6603
5,0653 5,1959
770 23:45
4,3824 4,4767
3,9992 4,1006
4,5681 4,6603
5,0653 5,1959
771 23:46
4,3824 4,4767
3,9992 4,1006
4,5681 4,6603
5,0653 5,1959
772 23:47
4,3824 4,4767
3,9992 4,1006
4,5681 4,6603
5,0653 5,1959
773 23:48
4,3824 4,4767
3,9992 4,1006
4,5681 4,6603
5,0653 5,1959
774 23:49
4,3824 4,4767
3,9992 4,1006
4,5681 4,6603
5,0653 5,1959
775 23:50
4,3824 4,4767
3,9992 4,1006
4,5681 4,6603
5,0653 5,1959
776 23:51
4,3824 4,4767
3,9992 4,1006
4,5681 4,6603
5,0653 5,1959
777 23:52
4,3824 4,4767
3,9992 4,1006
4,5681 4,6603
5,0653 5,1959
778 23:53
4,3824 4,4767
3,9992 4,1006
4,5681 4,6603
5,0653 5,1959
779 23:54
4,3824 4,4767
3,9992 4,1006
4,5681 4,6603
5,0653 5,1959
780 23:55
4,3824 4,4767
3,9992 4,1006
4,5681 4,6603
5,0653 5,1959
781 23:56
4,3824 4,4767
3,9992 4,1006
4,5681 4,6603
5,0653 5,1959
782 23:57
4,3824 4,4767
3,9992 4,1006
4,5681 4,6603
5,0653 5,1959
783 23:58
4,3824 4,4767
3,9992 4,1006
4,5681 4,6603
5,0653 5,1959
784 23:59
4,3824 4,4767
3,9992 4,1006
4,5681 4,6603
5,0653 5,1959
