#======================
2023-5-19
# 1.EUR, 2.USD, 3.CHF, 4.GBP
Sell Price, Buy Price
1 09:27
4,5247 4,5570
4,1981 4,2303
4,6479 4,6810
5,2118 5,2452
2 09:28
4,5254 4,5577
4,1983 4,2305
4,6493 4,6824
5,2126 5,2460
3 09:29
4,5244 4,5567
4,1976 4,2298
4,6485 4,6816
5,2117 5,2451
4 09:30
4,5246 4,5569
4,1980 4,2302
4,6483 4,6814
5,2122 5,2456
5 09:31
4,5247 4,5570
4,1983 4,2305
4,6485 4,6814
5,2114 5,2448
6 09:32
4,5249 4,5572
4,1983 4,2305
4,6480 4,6809
5,2114 5,2448
7 09:33
4,5249 4,5572
4,1985 4,2307
4,6480 4,6809
5,2114 5,2448
8 09:34
4,5247 4,5570
4,1985 4,2307
4,6478 4,6807
5,2109 5,2443
9 09:35
4,5241 4,5564
4,1977 4,2299
4,6478 4,6807
5,2104 5,2438
10 09:36
4,5235 4,5558
4,1964 4,2286
4,6474 4,6805
5,2107 5,2441
11 09:37
4,5237 4,5560
4,1962 4,2284
4,6476 4,6807
5,2109 5,2443
12 09:38
4,5243 4,5566
4,1969 4,2291
4,6486 4,6817
5,2119 5,2453
13 09:39
4,5246 4,5569
4,1972 4,2294
4,6489 4,6820
5,2122 5,2456
14 09:40
4,5249 4,5572
4,1979 4,2301
4,6494 4,6825
5,2122 5,2456
15 09:41
4,5253 4,5576
4,1988 4,2310
4,6499 4,6830
5,2130 5,2464
16 09:42
4,5257 4,5580
4,1998 4,2320
4,6506 4,6837
5,2142 5,2476
17 09:43
4,5265 4,5588
4,2009 4,2331
4,6514 4,6845
5,2150 5,2484
18 09:44
4,5261 4,5584
4,2001 4,2323
4,6514 4,6845
5,2148 5,2482
19 09:45
4,5263 4,5586
4,2005 4,2327
4,6519 4,6850
5,2156 5,2490
20 09:46
4,5264 4,5587
4,2000 4,2322
4,6518 4,6848
5,2164 5,2498
21 09:47
4,5263 4,5586
4,2001 4,2323
4,6514 4,6844
5,2170 5,2504
22 09:48
4,5262 4,5585
4,1989 4,2311
4,6508 4,6838
5,2166 5,2500
23 09:49
4,5251 4,5574
4,1979 4,2301
4,6488 4,6818
5,2149 5,2483
24 09:50
4,5246 4,5569
4,1974 4,2296
4,6478 4,6808
5,2128 5,2462
25 09:51
4,5242 4,5565
4,1978 4,2300
4,6480 4,6809
5,2111 5,2445
26 09:52
4,5242 4,5565
4,1972 4,2294
4,6484 4,6813
5,2106 5,2440
27 09:53
4,5241 4,5564
4,1971 4,2293
4,6479 4,6808
5,2103 5,2437
28 09:54
4,5238 4,5561
4,1963 4,2285
4,6478 4,6807
5,2104 5,2438
29 09:55
4,5231 4,5554
4,1948 4,2270
4,6468 4,6797
5,2090 5,2424
30 09:56
4,5233 4,5556
4,1960 4,2282
4,6475 4,6804
5,2080 5,2414
31 09:57
4,5234 4,5557
4,1961 4,2283
4,6476 4,6805
5,2078 5,2412
32 09:58
4,5233 4,5556
4,1958 4,2280
4,6475 4,6804
5,2086 5,2420
33 09:59
4,5232 4,5555
4,1965 4,2287
4,6474 4,6803
5,2095 5,2429
34 10:00
4,5231 4,5554
4,1970 4,2292
4,6473 4,6802
5,2099 5,2433
35 10:01
4,5238 4,5561
4,1986 4,2308
4,6478 4,6809
5,2098 5,2432
36 10:02
4,5237 4,5560
4,1987 4,2309
4,6469 4,6800
5,2097 5,2431
37 10:03
4,5241 4,5564
4,1991 4,2313
4,6473 4,6804
5,2095 5,2429
38 10:04
4,5246 4,5569
4,1993 4,2315
4,6478 4,6809
5,2098 5,2432
39 10:05
4,5243 4,5566
4,1989 4,2311
4,6475 4,6806
5,2104 5,2438
40 10:06
4,5252 4,5575
4,1999 4,2321
4,6484 4,6814
5,2108 5,2442
41 10:07
4,5253 4,5576
4,1998 4,2320
4,6485 4,6815
5,2106 5,2440
42 10:08
4,5253 4,5576
4,2006 4,2328
4,6485 4,6815
5,2109 5,2443
43 10:09
4,5251 4,5574
4,2002 4,2324
4,6483 4,6813
5,2104 5,2438
44 10:10
4,5255 4,5578
4,2004 4,2326
4,6487 4,6817
5,2109 5,2443
45 10:11
4,5254 4,5577
4,2009 4,2331
4,6491 4,6822
5,2107 5,2441
46 10:12
4,5258 4,5581
4,2016 4,2338
4,6500 4,6831
5,2115 5,2449
47 10:13
4,5262 4,5585
4,2009 4,2331
4,6499 4,6830
5,2120 5,2454
48 10:14
4,5257 4,5580
4,2000 4,2322
4,6494 4,6825
5,2108 5,2442
49 10:15
4,5256 4,5579
4,1995 4,2317
4,6490 4,6821
5,2113 5,2447
50 10:16
4,5254 4,5577
4,1995 4,2317
4,6493 4,6823
5,2111 5,2445
51 10:17
4,5259 4,5582
4,2000 4,2322
4,6494 4,6824
5,2111 5,2445
52 10:18
4,5253 4,5576
4,1992 4,2314
4,6485 4,6815
5,2098 5,2432
53 10:19
4,5251 4,5574
4,1984 4,2306
4,6483 4,6813
5,2093 5,2427
54 10:20
4,5248 4,5571
4,1982 4,2304
4,6475 4,6805
5,2089 5,2423
55 10:21
4,5247 4,5570
4,1985 4,2307
4,6480 4,6809
5,2093 5,2427
56 10:22
4,5245 4,5568
4,1979 4,2301
4,6485 4,6814
5,2088 5,2422
57 10:23
4,5251 4,5574
4,1990 4,2312
4,6489 4,6818
5,2098 5,2432
58 10:24
4,5253 4,5576
4,1992 4,2314
4,6486 4,6815
5,2100 5,2434
59 10:25
4,5247 4,5570
4,1984 4,2306
4,6479 4,6808
5,2090 5,2424
60 10:26
4,5245 4,5568
4,1977 4,2299
4,6478 4,6808
5,2086 5,2420
61 10:27
4,5243 4,5566
4,1969 4,2291
4,6475 4,6805
5,2080 5,2414
62 10:28
4,5245 4,5568
4,1965 4,2287
4,6474 4,6804
5,2085 5,2419
63 10:29
4,5247 4,5570
4,1971 4,2293
4,6474 4,6804
5,2090 5,2424
64 10:30
4,5244 4,5567
4,1968 4,2290
4,6471 4,6801
5,2087 5,2421
65 10:31
4,5231 4,5554
4,1954 4,2276
4,6462 4,6792
5,2057 5,2391
66 10:32
4,5233 4,5556
4,1942 4,2264
4,6460 4,6790
5,2054 5,2388
67 10:33
4,5227 4,5550
4,1934 4,2256
4,6455 4,6785
5,2057 5,2391
68 10:34
4,5226 4,5549
4,1926 4,2248
4,6452 4,6782
5,2051 5,2385
69 10:35
4,5229 4,5552
4,1929 4,2251
4,6456 4,6786
5,2058 5,2392
70 10:36
4,5230 4,5553
4,1928 4,2250
4,6457 4,6788
5,2056 5,2390
71 10:37
4,5229 4,5552
4,1937 4,2259
4,6456 4,6787
5,2055 5,2389
72 10:38
4,5225 4,5548
4,1919 4,2241
4,6449 4,6780
5,2044 5,2378
73 10:39
4,5225 4,5548
4,1911 4,2233
4,6447 4,6778
5,2056 5,2390
74 10:40
4,5234 4,5557
4,1912 4,2234
4,6446 4,6777
5,2063 5,2397
75 10:41
4,5234 4,5557
4,1922 4,2244
4,6447 4,6777
5,2069 5,2403
76 10:42
4,5235 4,5558
4,1925 4,2247
4,6443 4,6773
5,2077 5,2411
77 10:43
4,5235 4,5558
4,1925 4,2247
4,6445 4,6775
5,2070 5,2404
78 10:44
4,5235 4,5558
4,1925 4,2247
4,6443 4,6773
5,2070 5,2404
79 10:45
4,5235 4,5558
4,1921 4,2243
4,6443 4,6773
5,2062 5,2396
80 10:46
4,5231 4,5554
4,1911 4,2233
4,6436 4,6766
5,2060 5,2394
81 10:47
4,5223 4,5546
4,1906 4,2228
4,6424 4,6754
5,2045 5,2379
82 10:48
4,5215 4,5538
4,1900 4,2222
4,6408 4,6738
5,2036 5,2370
83 10:49
4,5214 4,5537
4,1899 4,2221
4,6416 4,6746
5,2032 5,2366
84 10:50
4,5214 4,5537
4,1901 4,2223
4,6414 4,6744
5,2031 5,2365
85 10:51
4,5215 4,5538
4,1902 4,2224
4,6417 4,6747
5,2029 5,2363
86 10:52
4,5216 4,5539
4,1905 4,2227
4,6409 4,6739
5,2034 5,2368
87 10:53
4,5191 4,5514
4,1890 4,2212
4,6388 4,6718
5,2007 5,2341
88 10:54
4,5179 4,5502
4,1881 4,2203
4,6369 4,6699
5,1994 5,2328
89 10:55
4,5179 4,5502
4,1883 4,2205
4,6366 4,6696
5,1995 5,2329
90 10:56
4,5175 4,5498
4,1873 4,2195
4,6362 4,6692
5,1987 5,2321
91 10:57
4,5178 4,5501
4,1878 4,2200
4,6367 4,6697
5,1996 5,2330
92 10:58
4,5195 4,5518
4,1895 4,2217
4,6385 4,6715
5,2019 5,2353
93 10:59
4,5194 4,5517
4,1892 4,2214
4,6381 4,6711
5,2012 5,2346
94 11:00
4,5187 4,5510
4,1886 4,2208
4,6380 4,6710
5,2005 5,2339
95 11:01
4,5193 4,5516
4,1893 4,2215
4,6383 4,6712
5,2018 5,2352
96 11:02
4,5203 4,5526
4,1895 4,2217
4,6396 4,6725
5,2031 5,2365
97 11:03
4,5219 4,5542
4,1908 4,2230
4,6401 4,6730
5,2046 5,2380
98 11:04
4,5216 4,5539
4,1903 4,2225
4,6398 4,6727
5,2046 5,2380
99 11:05
4,5215 4,5538
4,1894 4,2216
4,6392 4,6721
5,2045 5,2379
100 11:06
4,5211 4,5534
4,1889 4,2211
4,6385 4,6715
5,2043 5,2377
101 11:07
4,5210 4,5533
4,1892 4,2214
4,6386 4,6716
5,2036 5,2370
102 11:08
4,5207 4,5530
4,1885 4,2207
4,6385 4,6715
5,2036 5,2370
103 11:09
4,5209 4,5532
4,1887 4,2209
4,6387 4,6717
5,2032 5,2366
104 11:10
4,5208 4,5531
4,1880 4,2202
4,6381 4,6711
5,2028 5,2362
105 11:11
4,5205 4,5528
4,1876 4,2198
4,6375 4,6706
5,2030 5,2364
106 11:12
4,5201 4,5524
4,1878 4,2200
4,6374 4,6705
5,2025 5,2359
107 11:13
4,5198 4,5521
4,1877 4,2199
4,6371 4,6702
5,2023 5,2357
108 11:14
4,5198 4,5521
4,1881 4,2203
4,6366 4,6697
5,2019 5,2353
109 11:15
4,5197 4,5520
4,1886 4,2208
4,6370 4,6701
5,2024 5,2358
110 11:16
4,5195 4,5518
4,1888 4,2210
4,6364 4,6693
5,2025 5,2359
111 11:17
4,5193 4,5516
4,1876 4,2198
4,6360 4,6689
5,2020 5,2354
112 11:18
4,5194 4,5517
4,1871 4,2193
4,6356 4,6685
5,2021 5,2355
113 11:19
4,5195 4,5518
4,1876 4,2198
4,6357 4,6686
5,2034 5,2368
114 11:20
4,5179 4,5502
4,1865 4,2187
4,6343 4,6672
5,2015 5,2349
115 11:21
4,5180 4,5503
4,1872 4,2194
4,6344 4,6673
5,2016 5,2350
116 11:22
4,5183 4,5506
4,1876 4,2198
4,6345 4,6674
5,2023 5,2357
117 11:23
4,5181 4,5504
4,1875 4,2197
4,6345 4,6674
5,2020 5,2354
118 11:24
4,5185 4,5508
4,1882 4,2204
4,6347 4,6676
5,2028 5,2362
119 11:25
4,5186 4,5509
4,1881 4,2203
4,6348 4,6677
5,2023 5,2357
120 11:26
4,5186 4,5509
4,1882 4,2205
4,6345 4,6675
5,2026 5,2359
121 11:27
4,5186 4,5509
4,1880 4,2203
4,6344 4,6674
5,2026 5,2359
122 11:28
4,5184 4,5507
4,1877 4,2200
4,6340 4,6670
5,2023 5,2356
123 11:29
4,5185 4,5508
4,1874 4,2197
4,6339 4,6669
5,2022 5,2355
124 11:30
4,5186 4,5509
4,1882 4,2205
4,6345 4,6675
5,2026 5,2359
125 11:31
4,5189 4,5512
4,1879 4,2202
4,6344 4,6674
5,2026 5,2360
126 11:32
4,5188 4,5511
4,1878 4,2201
4,6349 4,6679
5,2031 5,2365
127 11:33
4,5188 4,5511
4,1878 4,2201
4,6348 4,6678
5,2034 5,2368
128 11:34
4,5187 4,5510
4,1873 4,2196
4,6345 4,6675
5,2036 5,2370
129 11:35
4,5183 4,5506
4,1856 4,2179
4,6344 4,6674
5,2038 5,2372
130 11:36
4,5186 4,5509
4,1853 4,2176
4,6335 4,6665
5,2029 5,2363
131 11:37
4,5176 4,5499
4,1822 4,2145
4,6327 4,6657
5,2017 5,2351
132 11:38
4,5166 4,5489
4,1808 4,2131
4,6320 4,6650
5,2009 5,2343
133 11:39
4,5152 4,5475
4,1814 4,2137
4,6312 4,6642
5,1999 5,2333
134 11:40
4,5154 4,5477
4,1821 4,2144
4,6316 4,6646
5,1998 5,2332
135 11:41
4,5154 4,5477
4,1825 4,2148
4,6318 4,6648
5,2000 5,2335
136 11:42
4,5150 4,5473
4,1822 4,2145
4,6317 4,6647
5,1996 5,2331
137 11:43
4,5151 4,5474
4,1823 4,2146
4,6318 4,6648
5,1997 5,2332
138 11:44
4,5139 4,5462
4,1808 4,2131
4,6308 4,6638
5,1983 5,2318
139 11:45
4,5139 4,5462
4,1808 4,2131
4,6311 4,6641
5,1986 5,2321
140 11:46
4,5131 4,5454
4,1798 4,2121
4,6305 4,6635
5,1973 5,2307
141 11:47
4,5103 4,5426
4,1772 4,2095
4,6271 4,6601
5,1938 5,2272
142 11:48
4,5106 4,5429
4,1777 4,2100
4,6279 4,6609
5,1945 5,2279
143 11:49
4,5101 4,5424
4,1772 4,2095
4,6272 4,6602
5,1946 5,2280
144 11:50
4,5100 4,5423
4,1766 4,2089
4,6271 4,6601
5,1945 5,2279
145 11:51
4,5091 4,5414
4,1746 4,2069
4,6259 4,6589
5,1925 5,2258
146 11:52
4,5083 4,5406
4,1734 4,2057
4,6248 4,6578
5,1910 5,2243
147 11:53
4,5081 4,5404
4,1742 4,2065
4,6248 4,6578
5,1920 5,2253
148 11:54
4,5074 4,5397
4,1736 4,2059
4,6240 4,6570
5,1910 5,2243
149 11:55
4,5068 4,5391
4,1724 4,2047
4,6233 4,6563
5,1902 5,2235
150 11:56
4,5063 4,5386
4,1720 4,2043
4,6228 4,6558
5,1887 5,2221
151 11:57
4,5063 4,5386
4,1712 4,2035
4,6228 4,6558
5,1885 5,2219
152 11:58
4,5064 4,5387
4,1719 4,2042
4,6229 4,6559
5,1889 5,2223
153 11:59
4,5066 4,5389
4,1724 4,2047
4,6236 4,6566
5,1894 5,2228
154 12:00
4,5079 4,5402
4,1733 4,2056
4,6242 4,6572
5,1906 5,2240
155 12:01
4,5090 4,5413
4,1753 4,2076
4,6256 4,6586
5,1923 5,2257
156 12:02
4,5109 4,5432
4,1776 4,2099
4,6294 4,6624
5,1952 5,2286
157 12:03
4,5121 4,5444
4,1787 4,2110
4,6305 4,6635
5,1961 5,2295
158 12:04
4,5119 4,5442
4,1785 4,2108
4,6312 4,6642
5,1961 5,2295
159 12:05
4,5111 4,5434
4,1780 4,2103
4,6303 4,6633
5,1949 5,2283
160 12:06
4,5108 4,5431
4,1777 4,2100
4,6303 4,6633
5,1945 5,2279
161 12:07
4,5108 4,5431
4,1781 4,2104
4,6305 4,6635
5,1948 5,2282
162 12:08
4,5108 4,5431
4,1783 4,2106
4,6305 4,6635
5,1945 5,2279
163 12:09
4,5110 4,5433
4,1788 4,2111
4,6307 4,6637
5,1941 5,2275
164 12:10
4,5104 4,5427
4,1777 4,2100
4,6303 4,6633
5,1938 5,2272
165 12:11
4,5103 4,5426
4,1776 4,2099
4,6297 4,6627
5,1945 5,2279
166 12:12
4,5099 4,5422
4,1778 4,2101
4,6298 4,6628
5,1944 5,2278
167 12:13
4,5103 4,5426
4,1780 4,2103
4,6309 4,6639
5,1952 5,2286
168 12:14
4,5107 4,5430
4,1784 4,2107
4,6311 4,6641
5,1953 5,2287
169 12:15
4,5115 4,5438
4,1789 4,2112
4,6319 4,6649
5,1966 5,2300
170 12:16
4,5114 4,5437
4,1786 4,2109
4,6316 4,6646
5,1965 5,2299
171 12:17
4,5116 4,5439
4,1792 4,2115
4,6320 4,6650
5,1970 5,2304
172 12:18
4,5130 4,5453
4,1816 4,2139
4,6337 4,6667
5,1991 5,2325
173 12:19
4,5128 4,5451
4,1817 4,2140
4,6333 4,6663
5,1984 5,2318
174 12:20
4,5128 4,5451
4,1815 4,2138
4,6328 4,6658
5,1983 5,2317
175 12:21
4,5124 4,5447
4,1809 4,2132
4,6331 4,6661
5,1979 5,2313
176 12:22
4,5121 4,5444
4,1800 4,2123
4,6325 4,6655
5,1978 5,2312
177 12:23
4,5117 4,5440
4,1799 4,2122
4,6324 4,6654
5,1982 5,2316
178 12:24
4,5124 4,5447
4,1809 4,2132
4,6330 4,6660
5,1997 5,2331
179 12:25
4,5123 4,5446
4,1806 4,2129
4,6325 4,6655
5,1994 5,2328
180 12:26
4,5114 4,5437
4,1792 4,2115
4,6314 4,6644
5,1982 5,2316
181 12:27
4,5117 4,5440
4,1791 4,2114
4,6312 4,6642
5,1989 5,2323
182 12:28
4,5114 4,5437
4,1786 4,2109
4,6304 4,6634
5,1988 5,2322
183 12:29
4,5110 4,5433
4,1777 4,2100
4,6293 4,6623
5,1984 5,2318
184 12:30
4,5110 4,5433
4,1779 4,2102
4,6288 4,6618
5,1978 5,2312
185 12:31
4,5108 4,5431
4,1783 4,2106
4,6288 4,6618
5,1978 5,2312
186 12:32
4,5104 4,5427
4,1783 4,2106
4,6289 4,6619
5,1977 5,2311
187 12:33
4,5111 4,5434
4,1799 4,2122
4,6301 4,6631
5,1993 5,2327
188 12:34
4,5110 4,5433
4,1796 4,2119
4,6302 4,6632
5,1996 5,2330
189 12:35
4,5110 4,5433
4,1800 4,2123
4,6305 4,6635
5,1993 5,2327
190 12:36
4,5107 4,5430
4,1794 4,2117
4,6297 4,6627
5,1987 5,2321
191 12:37
4,5111 4,5434
4,1801 4,2124
4,6303 4,6633
5,1988 5,2322
192 12:38
4,5110 4,5433
4,1798 4,2121
4,6302 4,6632
5,1984 5,2318
193 12:39
4,5109 4,5432
4,1797 4,2120
4,6308 4,6638
5,1988 5,2322
194 12:40
4,5110 4,5433
4,1794 4,2117
4,6305 4,6635
5,1993 5,2327
195 12:41
4,5101 4,5424
4,1776 4,2099
4,6295 4,6626
5,1985 5,2319
196 12:42
4,5099 4,5422
4,1776 4,2099
4,6301 4,6632
5,1980 5,2314
197 12:43
4,5101 4,5424
4,1786 4,2109
4,6305 4,6636
5,1976 5,2310
198 12:44
4,5097 4,5420
4,1782 4,2105
4,6299 4,6630
5,1981 5,2315
199 12:45
4,5097 4,5420
4,1778 4,2101
4,6296 4,6627
5,1984 5,2318
200 12:46
4,5095 4,5418
4,1773 4,2096
4,6294 4,6624
5,1978 5,2312
201 12:47
4,5093 4,5416
4,1775 4,2098
4,6294 4,6624
5,1977 5,2311
202 12:48
4,5092 4,5415
4,1774 4,2097
4,6292 4,6622
5,1978 5,2312
203 12:49
4,5092 4,5415
4,1778 4,2101
4,6291 4,6621
5,1981 5,2315
204 12:50
4,5093 4,5416
4,1779 4,2102
4,6292 4,6622
5,1986 5,2320
205 12:51
4,5095 4,5418
4,1773 4,2096
4,6294 4,6624
5,1987 5,2321
206 12:52
4,5104 4,5427
4,1785 4,2108
4,6306 4,6636
5,1998 5,2332
207 12:53
4,5106 4,5429
4,1792 4,2115
4,6308 4,6638
5,1995 5,2329
208 12:54
4,5107 4,5430
4,1790 4,2113
4,6309 4,6639
5,1990 5,2324
209 12:55
4,5108 4,5431
4,1792 4,2115
4,6310 4,6640
5,1993 5,2327
210 12:56
4,5109 4,5432
4,1790 4,2113
4,6308 4,6638
5,1989 5,2323
211 12:57
4,5115 4,5438
4,1801 4,2124
4,6317 4,6647
5,1992 5,2326
212 12:58
4,5114 4,5437
4,1798 4,2121
4,6314 4,6644
5,1983 5,2317
213 12:59
4,5115 4,5438
4,1801 4,2124
4,6315 4,6645
5,1986 5,2320
214 13:00
4,5114 4,5437
4,1794 4,2117
4,6313 4,6643
5,1975 5,2309
215 13:01
4,5122 4,5445
4,1798 4,2121
4,6317 4,6647
5,1991 5,2325
216 13:02
4,5129 4,5452
4,1810 4,2133
4,6324 4,6654
5,1991 5,2325
217 13:03
4,5127 4,5450
4,1804 4,2127
4,6313 4,6643
5,1991 5,2325
218 13:04
4,5132 4,5455
4,1817 4,2140
4,6324 4,6654
5,2003 5,2337
219 13:05
4,5127 4,5450
4,1802 4,2125
4,6308 4,6638
5,1997 5,2331
220 13:06
4,5127 4,5450
4,1794 4,2117
4,6305 4,6635
5,2000 5,2334
221 13:07
4,5127 4,5450
4,1796 4,2119
4,6308 4,6638
5,1988 5,2322
222 13:08
4,5128 4,5451
4,1801 4,2124
4,6309 4,6639
5,1992 5,2326
223 13:09
4,5121 4,5444
4,1795 4,2118
4,6302 4,6632
5,1978 5,2312
224 13:10
4,5120 4,5443
4,1796 4,2119
4,6309 4,6639
5,1977 5,2311
225 13:11
4,5120 4,5443
4,1796 4,2119
4,6310 4,6640
5,1977 5,2311
226 13:12
4,5120 4,5443
4,1800 4,2123
4,6310 4,6640
5,1977 5,2311
227 13:13
4,5117 4,5440
4,1799 4,2122
4,6309 4,6639
5,1976 5,2310
228 13:14
4,5114 4,5437
4,1798 4,2121
4,6315 4,6645
5,1973 5,2307
229 13:15
4,5108 4,5431
4,1787 4,2110
4,6303 4,6633
5,1969 5,2303
230 13:16
4,5106 4,5429
4,1785 4,2108
4,6301 4,6631
5,1974 5,2308
231 13:17
4,5109 4,5432
4,1791 4,2114
4,6308 4,6638
5,1971 5,2305
232 13:18
4,5107 4,5430
4,1790 4,2113
4,6302 4,6632
5,1962 5,2296
233 13:19
4,5108 4,5431
4,1792 4,2115
4,6304 4,6634
5,1969 5,2303
234 13:20
4,5107 4,5430
4,1788 4,2111
4,6294 4,6624
5,1968 5,2302
235 13:21
4,5097 4,5420
4,1774 4,2097
4,6277 4,6607
5,1950 5,2284
236 13:22
4,5091 4,5414
4,1765 4,2088
4,6268 4,6598
5,1939 5,2273
237 13:23
4,5093 4,5416
4,1769 4,2092
4,6268 4,6598
5,1943 5,2277
238 13:24
4,5081 4,5404
4,1752 4,2075
4,6256 4,6586
5,1929 5,2263
239 13:25
4,5080 4,5403
4,1757 4,2080
4,6264 4,6594
5,1928 5,2262
240 13:26
4,5078 4,5401
4,1755 4,2078
4,6257 4,6587
5,1926 5,2260
241 13:27
4,5076 4,5399
4,1751 4,2074
4,6257 4,6587
5,1922 5,2256
242 13:28
4,5074 4,5397
4,1749 4,2072
4,6253 4,6583
5,1924 5,2258
243 13:29
4,5077 4,5400
4,1752 4,2075
4,6254 4,6584
5,1931 5,2265
244 13:30
4,5072 4,5395
4,1749 4,2072
4,6254 4,6584
5,1934 5,2268
245 13:31
4,5071 4,5394
4,1743 4,2066
4,6250 4,6580
5,1935 5,2269
246 13:32
4,5058 4,5381
4,1725 4,2048
4,6235 4,6565
5,1925 5,2259
247 13:33
4,5053 4,5376
4,1722 4,2045
4,6232 4,6562
5,1918 5,2252
248 13:34
4,5051 4,5374
4,1724 4,2047
4,6230 4,6560
5,1916 5,2250
249 13:35
4,5052 4,5375
4,1723 4,2046
4,6230 4,6560
5,1920 5,2254
250 13:36
4,5046 4,5369
4,1714 4,2037
4,6225 4,6555
5,1910 5,2244
251 13:37
4,5046 4,5369
4,1717 4,2040
4,6231 4,6561
5,1908 5,2242
252 13:38
4,5047 4,5370
4,1718 4,2041
4,6230 4,6560
5,1908 5,2242
253 13:39
4,5019 4,5342
4,1685 4,2008
4,6215 4,6524
5,1875 5,2209
254 13:40
4,5003 4,5326
4,1676 4,1999
4,6215 4,6515
5,1857 5,2191
255 13:41
4,5001 4,5324
4,1670 4,1993
4,6215 4,6515
5,1844 5,2178
256 13:42
4,5001 4,5324
4,1662 4,1985
4,6215 4,6508
5,1840 5,2174
257 13:43
4,4993 4,5316
4,1649 4,1972
4,6215 4,6491
5,1837 5,2171
258 13:44
4,4995 4,5318
4,1656 4,1979
4,6215 4,6509
5,1846 5,2180
259 13:45
4,4995 4,5318
4,1655 4,1978
4,6215 4,6498
5,1839 5,2173
260 13:46
4,4994 4,5317
4,1654 4,1977
4,6215 4,6494
5,1835 5,2169
261 13:47
4,4993 4,5316
4,1657 4,1980
4,6215 4,6495
5,1837 5,2171
262 13:48
4,5014 4,5337
4,1681 4,2004
4,6215 4,6523
5,1865 5,2199
263 13:49
4,5012 4,5335
4,1674 4,1997
4,6215 4,6517
5,1853 5,2187
264 13:50
4,5015 4,5338
4,1683 4,2006
4,6215 4,6523
5,1857 5,2191
265 13:51
4,5029 4,5352
4,1692 4,2015
4,6215 4,6537
5,1869 5,2203
266 13:52
4,5027 4,5350
4,1692 4,2015
4,6215 4,6542
5,1868 5,2202
267 13:53
4,5047 4,5370
4,1708 4,2031
4,6232 4,6562
5,1887 5,2221
268 13:54
4,5047 4,5370
4,1703 4,2026
4,6230 4,6560
5,1887 5,2221
269 13:55
4,5047 4,5370
4,1701 4,2024
4,6233 4,6563
5,1893 5,2227
270 13:56
4,5049 4,5372
4,1697 4,2020
4,6232 4,6562
5,1890 5,2224
271 13:57
4,5048 4,5371
4,1694 4,2017
4,6231 4,6561
5,1889 5,2223
272 13:58
4,5048 4,5371
4,1690 4,2013
4,6233 4,6563
5,1888 5,2222
273 13:59
4,5045 4,5368
4,1676 4,1999
4,6231 4,6561
5,1884 5,2218
274 14:00
4,5040 4,5363
4,1669 4,1992
4,6233 4,6563
5,1878 5,2212
275 14:01
4,5039 4,5362
4,1672 4,1995
4,6232 4,6562
5,1877 5,2211
276 14:02
4,5033 4,5356
4,1657 4,1980
4,6228 4,6558
5,1871 5,2205
277 14:03
4,5035 4,5358
4,1665 4,1988
4,6232 4,6562
5,1867 5,2201
278 14:04
4,5034 4,5357
4,1664 4,1987
4,6234 4,6564
5,1875 5,2209
279 14:05
4,5028 4,5351
4,1658 4,1981
4,6225 4,6555
5,1871 5,2205
280 14:06
4,5029 4,5352
4,1661 4,1984
4,6225 4,6555
5,1876 5,2210
281 14:07
4,5027 4,5350
4,1651 4,1974
4,6223 4,6553
5,1875 5,2209
282 14:08
4,5025 4,5348
4,1659 4,1982
4,6232 4,6562
5,1880 5,2214
283 14:09
4,5023 4,5346
4,1658 4,1981
4,6237 4,6567
5,1873 5,2207
284 14:10
4,5027 4,5350
4,1659 4,1982
4,6232 4,6562
5,1878 5,2212
285 14:11
4,5021 4,5344
4,1658 4,1981
4,6219 4,6549
5,1879 5,2213
286 14:12
4,5020 4,5343
4,1655 4,1978
4,6215 4,6535
5,1870 5,2204
287 14:13
4,5018 4,5341
4,1657 4,1980
4,6215 4,6526
5,1871 5,2205
288 14:14
4,5016 4,5339
4,1647 4,1970
4,6215 4,6521
5,1857 5,2191
289 14:15
4,5014 4,5337
4,1649 4,1972
4,6215 4,6522
5,1861 5,2195
290 14:16
4,5021 4,5344
4,1659 4,1982
4,6215 4,6534
5,1878 5,2212
291 14:17
4,5013 4,5336
4,1654 4,1977
4,6215 4,6526
5,1870 5,2204
292 14:18
4,5001 4,5324
4,1637 4,1960
4,6215 4,6513
5,1852 5,2186
293 14:19
4,5004 4,5327
4,1642 4,1965
4,6215 4,6522
5,1844 5,2178
294 14:20
4,5008 4,5331
4,1646 4,1969
4,6215 4,6523
5,1848 5,2182
295 14:21
4,5008 4,5332
4,1648 4,1971
4,6215 4,6524
5,1846 5,2180
296 14:22
4,5008 4,5332
4,1633 4,1956
4,6215 4,6512
5,1841 5,2175
297 14:23
4,5007 4,5331
4,1630 4,1953
4,6215 4,6523
5,1839 5,2173
298 14:24
4,5007 4,5331
4,1624 4,1947
4,6215 4,6513
5,1835 5,2169
299 14:25
4,5004 4,5328
4,1618 4,1941
4,6215 4,6508
5,1830 5,2164
300 14:26
4,5001 4,5324
4,1610 4,1933
4,6215 4,6508
5,1828 5,2162
301 14:27
4,4990 4,5313
4,1600 4,1923
4,6215 4,6503
5,1814 5,2148
302 14:28
4,4976 4,5299
4,1593 4,1916
4,6215 4,6478
5,1800 5,2134
303 14:29
4,4977 4,5300
4,1594 4,1917
4,6215 4,6484
5,1800 5,2134
304 14:30
4,4979 4,5302
4,1594 4,1917
4,6215 4,6481
5,1800 5,2134
305 14:31
4,4979 4,5302
4,1586 4,1909
4,6215 4,6472
5,1800 5,2134
306 14:32
4,4982 4,5305
4,1592 4,1915
4,6215 4,6479
5,1809 5,2143
307 14:33
4,4981 4,5304
4,1590 4,1913
4,6215 4,6479
5,1812 5,2146
308 14:34
4,4974 4,5297
4,1570 4,1893
4,6215 4,6466
5,1830 5,2164
309 14:35
4,4976 4,5299
4,1573 4,1896
4,6215 4,6469
5,1826 5,2160
310 14:36
4,4975 4,5298
4,1561 4,1884
4,6215 4,6470
5,1837 5,2171
311 14:37
4,4977 4,5300
4,1561 4,1884
4,6215 4,6479
5,1842 5,2176
312 14:38
4,4981 4,5304
4,1572 4,1895
4,6215 4,6481
5,1850 5,2184
313 14:39
4,4983 4,5306
4,1584 4,1907
4,6215 4,6488
5,1846 5,2180
314 14:40
4,4982 4,5305
4,1585 4,1908
4,6215 4,6484
5,1849 5,2183
315 14:41
4,4985 4,5308
4,1591 4,1914
4,6215 4,6485
5,1840 5,2174
316 14:42
4,4987 4,5310
4,1595 4,1918
4,6215 4,6485
5,1845 5,2179
317 14:43
4,4990 4,5313
4,1610 4,1933
4,6215 4,6484
5,1843 5,2177
318 14:44
4,4992 4,5315
4,1615 4,1938
4,6215 4,6485
5,1844 5,2178
319 14:45
4,4992 4,5315
4,1617 4,1940
4,6215 4,6485
5,1842 5,2176
320 14:46
4,5006 4,5329
4,1626 4,1949
4,6215 4,6509
5,1861 5,2195
321 14:47
4,5008 4,5331
4,1624 4,1947
4,6215 4,6511
5,1860 5,2194
322 14:48
4,5011 4,5334
4,1629 4,1952
4,6215 4,6511
5,1868 5,2202
323 14:49
4,5017 4,5340
4,1648 4,1971
4,6215 4,6515
5,1878 5,2212
324 14:50
4,5031 4,5354
4,1653 4,1976
4,6215 4,6525
5,1888 5,2222
325 14:51
4,5034 4,5357
4,1654 4,1977
4,6215 4,6528
5,1887 5,2221
326 14:52
4,5034 4,5357
4,1656 4,1979
4,6215 4,6526
5,1884 5,2218
327 14:53
4,5045 4,5368
4,1668 4,1991
4,6215 4,6527
5,1903 5,2237
328 14:54
4,5043 4,5366
4,1672 4,1995
4,6215 4,6528
5,1885 5,2219
329 14:55
4,5042 4,5365
4,1677 4,2000
4,6215 4,6526
5,1889 5,2223
330 14:56
4,5040 4,5363
4,1679 4,2002
4,6215 4,6525
5,1891 5,2225
331 14:57
4,5037 4,5360
4,1677 4,2000
4,6215 4,6532
5,1896 5,2230
332 14:58
4,5037 4,5360
4,1676 4,1999
4,6215 4,6529
5,1903 5,2237
333 14:59
4,5042 4,5365
4,1681 4,2004
4,6215 4,6534
5,1912 5,2246
334 15:00
4,5044 4,5367
4,1686 4,2009
4,6215 4,6540
5,1920 5,2254
335 15:01
4,5054 4,5377
4,1700 4,2023
4,6219 4,6549
5,1929 5,2263
336 15:02
4,5071 4,5394
4,1717 4,2040
4,6238 4,6568
5,1948 5,2282
337 15:03
4,5076 4,5399
4,1718 4,2041
4,6239 4,6569
5,1950 5,2284
338 15:04
4,5075 4,5398
4,1706 4,2029
4,6240 4,6570
5,1943 5,2277
339 15:05
4,5078 4,5401
4,1710 4,2033
4,6250 4,6580
5,1946 5,2280
340 15:06
4,5081 4,5404
4,1720 4,2043
4,6242 4,6572
5,1947 5,2281
341 15:07
4,5086 4,5409
4,1722 4,2045
4,6240 4,6570
5,1950 5,2284
342 15:08
4,5090 4,5413
4,1735 4,2058
4,6246 4,6576
5,1961 5,2295
343 15:09
4,5094 4,5417
4,1741 4,2064
4,6255 4,6585
5,1965 5,2299
344 15:10
4,5114 4,5437
4,1759 4,2082
4,6282 4,6612
5,1985 5,2319
345 15:11
4,5115 4,5438
4,1766 4,2089
4,6281 4,6611
5,1983 5,2317
346 15:12
4,5124 4,5447
4,1780 4,2103
4,6290 4,6620
5,1997 5,2331
347 15:13
4,5129 4,5452
4,1794 4,2117
4,6296 4,6626
5,1997 5,2331
348 15:14
4,5135 4,5458
4,1800 4,2123
4,6299 4,6629
5,2010 5,2344
349 15:15
4,5140 4,5463
4,1810 4,2133
4,6309 4,6639
5,2019 5,2353
350 15:16
4,5146 4,5469
4,1824 4,2147
4,6315 4,6645
5,2031 5,2365
351 15:17
4,5144 4,5467
4,1818 4,2141
4,6320 4,6650
5,2032 5,2366
352 15:18
4,5148 4,5471
4,1822 4,2145
4,6325 4,6655
5,2036 5,2370
353 15:19
4,5150 4,5473
4,1822 4,2145
4,6310 4,6640
5,2033 5,2367
354 15:20
4,5148 4,5471
4,1818 4,2141
4,6306 4,6636
5,2031 5,2365
355 15:21
4,5153 4,5476
4,1814 4,2137
4,6313 4,6643
5,2035 5,2369
356 15:22
4,5154 4,5477
4,1829 4,2152
4,6319 4,6649
5,2047 5,2381
357 15:23
4,5152 4,5475
4,1824 4,2147
4,6319 4,6649
5,2049 5,2383
358 15:24
4,5154 4,5477
4,1822 4,2145
4,6321 4,6651
5,2043 5,2377
359 15:25
4,5159 4,5482
4,1828 4,2151
4,6341 4,6671
5,2048 5,2382
360 15:26
4,5171 4,5494
4,1845 4,2168
4,6365 4,6695
5,2063 5,2397
361 15:27
4,5171 4,5494
4,1835 4,2158
4,6363 4,6693
5,2054 5,2388
362 15:28
4,5179 4,5502
4,1846 4,2169
4,6375 4,6705
5,2060 5,2394
363 15:29
4,5188 4,5511
4,1859 4,2182
4,6389 4,6719
5,2071 5,2405
364 15:30
4,5189 4,5512
4,1862 4,2185
4,6392 4,6722
5,2075 5,2409
365 15:31
4,5191 4,5514
4,1864 4,2187
4,6395 4,6725
5,2086 5,2420
366 15:32
4,5192 4,5515
4,1866 4,2189
4,6391 4,6721
5,2090 5,2424
367 15:33
4,5189 4,5512
4,1858 4,2181
4,6391 4,6721
5,2090 5,2424
368 15:34
4,5191 4,5514
4,1861 4,2184
4,6392 4,6722
5,2097 5,2431
369 15:35
4,5190 4,5513
4,1859 4,2182
4,6389 4,6719
5,2099 5,2433
370 15:36
4,5191 4,5514
4,1863 4,2186
4,6388 4,6718
5,2098 5,2432
371 15:37
4,5193 4,5516
4,1865 4,2188
4,6395 4,6725
5,2100 5,2434
372 15:38
4,5193 4,5516
4,1863 4,2186
4,6395 4,6725
5,2106 5,2440
373 15:39
4,5194 4,5517
4,1860 4,2183
4,6392 4,6722
5,2115 5,2449
374 15:40
4,5194 4,5517
4,1862 4,2185
4,6393 4,6723
5,2105 5,2439
375 15:41
4,5203 4,5526
4,1880 4,2203
4,6400 4,6730
5,2115 5,2449
376 15:42
4,5207 4,5530
4,1886 4,2209
4,6404 4,6734
5,2123 5,2457
377 15:43
4,5207 4,5530
4,1884 4,2207
4,6409 4,6739
5,2126 5,2460
378 15:44
4,5207 4,5530
4,1884 4,2207
4,6412 4,6742
5,2122 5,2456
379 15:45
4,5207 4,5530
4,1881 4,2204
4,6409 4,6739
5,2128 5,2462
380 15:46
4,5208 4,5531
4,1883 4,2206
4,6420 4,6750
5,2130 5,2464
381 15:47
4,5209 4,5532
4,1886 4,2209
4,6425 4,6755
5,2125 5,2459
382 15:48
4,5210 4,5533
4,1891 4,2214
4,6434 4,6764
5,2126 5,2460
383 15:49
4,5215 4,5538
4,1901 4,2224
4,6441 4,6771
5,2130 5,2464
