#======================
2023-9-1
# 1.EUR, 2.USD, 3.CHF, 4.GBP
Sell Price, Buy Price
1 07:34:21
4,4530 4,4885
4,1058 4,1412
4,6451 4,6814
5,2046 5,2410
2 07:35:21
4,4529 4,4880
4,1057 4,1407
4,6446 4,6810
5,2039 5,2405
3 07:36:20
4,4527 4,4877
4,1055 4,1404
4,6444 4,6807
5,2036 5,2401
4 07:37:21
4,4527 4,4877
4,1055 4,1404
4,6450 4,6808
5,2036 5,2401
5 07:38:21
4,4527 4,4877
4,1048 4,1393
4,6444 4,6807
5,2036 5,2401
6 07:39:21
4,4527 4,4877
4,1052 4,1402
4,6444 4,6807
5,2036 5,2401
7 07:40:20
4,4531 4,4878
4,1054 4,1401
4,6448 4,6808
5,2041 5,2403
8 07:41:20
4,4531 4,4880
4,1059 4,1407
4,6448 4,6810
5,2041 5,2405
9 07:42:21
4,4529 4,4879
4,1057 4,1406
4,6446 4,6809
5,2039 5,2404
10 07:43:21
4,4529 4,4879
4,1057 4,1406
4,6446 4,6809
5,2039 5,2404
11 07:44:20
4,4530 4,4880
4,1054 4,1403
4,6453 4,6811
5,2040 5,2405
12 07:45:20
4,4530 4,4880
4,1054 4,1403
4,6453 4,6811
5,2040 5,2405
13 07:46:20
4,4529 4,4879
4,1054 4,1404
4,6446 4,6809
5,2045 5,2410
14 07:47:21
4,4530 4,4882
4,1054 4,1405
4,6447 4,6812
5,2046 5,2413
15 07:48:21
4,4530 4,4882
4,1054 4,1405
4,6447 4,6812
5,2046 5,2413
16 07:49:21
4,4530 4,4882
4,1066 4,1413
4,6447 4,6812
5,2046 5,2407
17 07:50:20
4,4530 4,4882
4,1066 4,1417
4,6453 4,6813
5,2046 5,2407
18 07:51:21
4,4530 4,4882
4,1066 4,1417
4,6453 4,6813
5,2046 5,2407
19 07:52:21
4,4530 4,4882
4,1062 4,1413
4,6453 4,6813
5,2046 5,2407
20 07:53:21
4,4530 4,4882
4,1062 4,1409
4,6453 4,6813
5,2040 5,2408
21 07:54:20
4,4530 4,4882
4,1054 4,1405
4,6458 4,6818
5,2041 5,2405
22 07:55:21
4,4530 4,4882
4,1054 4,1405
4,6458 4,6818
5,2040 5,2407
23 07:56:21
4,4532 4,4883
4,1056 4,1406
4,6458 4,6817
5,2042 5,2408
24 07:57:20
4,4532 4,4883
4,1056 4,1406
4,6458 4,6817
5,2042 5,2408
25 07:58:20
4,4532 4,4883
4,1056 4,1406
4,6468 4,6827
5,2042 5,2408
26 07:59:21
4,4532 4,4883
4,1060 4,1406
4,6468 4,6827
5,2036 5,2402
27 08:00:21
4,4531 4,4881
4,1060 4,1406
4,6473 4,6828
5,2036 5,2401
28 08:01:21
4,4531 4,4855
4,1058 4,1381
4,6471 4,6802
5,2035 5,2370
29 08:02:20
4,4529 4,4853
4,1070 4,1393
4,6469 4,6800
5,2032 5,2367
30 08:03:27
4,4529 4,4853
4,1070 4,1393
4,6469 4,6800
5,2020 5,2355
31 08:04:22
4,4529 4,4853
4,1062 4,1385
4,6472 4,6803
5,2020 5,2355
32 08:05:21
4,4528 4,4852
4,1074 4,1397
4,6465 4,6796
5,2019 5,2354
33 08:06:21
4,4528 4,4852
4,1078 4,1401
4,6465 4,6796
5,2019 5,2354
34 08:07:20
4,4528 4,4852
4,1078 4,1401
4,6465 4,6796
5,2019 5,2354
35 08:08:20
4,4524 4,4848
4,1075 4,1398
4,6465 4,6796
5,2014 5,2349
36 08:09:21
4,4525 4,4849
4,1073 4,1396
4,6468 4,6799
5,2015 5,2350
37 08:10:21
4,4527 4,4851
4,1069 4,1392
4,6470 4,6801
5,2017 5,2352
38 08:11:21
4,4527 4,4851
4,1071 4,1394
4,6470 4,6801
5,2023 5,2358
39 08:12:21
4,4530 4,4854
4,1074 4,1397
4,6473 4,6804
5,2027 5,2362
40 08:13:20
4,4530 4,4854
4,1074 4,1397
4,6473 4,6804
5,2027 5,2362
41 08:14:20
4,4530 4,4854
4,1074 4,1397
4,6474 4,6805
5,2032 5,2367
42 08:15:21
4,4530 4,4854
4,1074 4,1397
4,6476 4,6807
5,2033 5,2368
43 08:16:21
4,4530 4,4854
4,1074 4,1397
4,6476 4,6807
5,2038 5,2373
44 08:17:21
4,4531 4,4855
4,1075 4,1398
4,6475 4,6806
5,2040 5,2375
45 08:18:20
4,4529 4,4853
4,1085 4,1408
4,6473 4,6804
5,2038 5,2373
46 08:19:20
4,4530 4,4854
4,1086 4,1409
4,6476 4,6807
5,2039 5,2374
47 08:20:21
4,4533 4,4857
4,1090 4,1413
4,6484 4,6815
5,2042 5,2377
48 08:21:21
4,4533 4,4857
4,1090 4,1413
4,6486 4,6817
5,2049 5,2384
49 08:22:21
4,4533 4,4857
4,1096 4,1419
4,6486 4,6817
5,2047 5,2382
50 08:23:20
4,4533 4,4857
4,1103 4,1426
4,6486 4,6817
5,2036 5,2371
51 08:24:21
4,4533 4,4857
4,1113 4,1436
4,6479 4,6810
5,2037 5,2372
52 08:25:21
4,4533 4,4857
4,1113 4,1436
4,6479 4,6810
5,2030 5,2365
53 08:26:21
4,4533 4,4857
4,1111 4,1434
4,6475 4,6806
5,2037 5,2372
54 08:27:21
4,4533 4,4857
4,1111 4,1434
4,6474 4,6805
5,2037 5,2372
55 08:28:20
4,4548 4,4872
4,1125 4,1448
4,6490 4,6821
5,2046 5,2381
56 08:29:21
4,4548 4,4872
4,1129 4,1452
4,6490 4,6821
5,2046 5,2381
57 08:30:21
4,4548 4,4872
4,1133 4,1456
4,6495 4,6826
5,2039 5,2374
58 08:31:21
4,4548 4,4872
4,1135 4,1458
4,6505 4,6836
5,2030 5,2365
59 08:32:20
4,4525 4,4849
4,1113 4,1436
4,6480 4,6811
5,2012 5,2347
60 08:33:21
4,4536 4,4860
4,1124 4,1447
4,6493 4,6824
5,2025 5,2360
61 08:34:21
4,4539 4,4863
4,1115 4,1438
4,6500 4,6831
5,2029 5,2364
62 08:35:21
4,4537 4,4861
4,1109 4,1432
4,6498 4,6829
5,2014 5,2349
63 08:36:20
4,4534 4,4858
4,1106 4,1429
4,6495 4,6826
5,2009 5,2344
64 08:37:20
4,4534 4,4858
4,1104 4,1427
4,6495 4,6826
5,2004 5,2339
65 08:38:21
4,4534 4,4858
4,1100 4,1423
4,6497 4,6828
5,2008 5,2343
66 08:39:21
4,4534 4,4858
4,1100 4,1423
4,6500 4,6831
5,2010 5,2345
67 08:40:21
4,4534 4,4858
4,1099 4,1422
4,6500 4,6831
5,2017 5,2352
68 08:41:20
4,4534 4,4858
4,1099 4,1422
4,6500 4,6831
5,2016 5,2351
69 08:42:21
4,4551 4,4875
4,1118 4,1441
4,6532 4,6863
5,2033 5,2368
70 08:43:21
4,4551 4,4875
4,1116 4,1439
4,6532 4,6863
5,2033 5,2368
71 08:44:21
4,4550 4,4874
4,1111 4,1434
4,6531 4,6862
5,2035 5,2370
72 08:45:20
4,4553 4,4877
4,1114 4,1437
4,6534 4,6865
5,2039 5,2374
73 08:46:20
4,4553 4,4877
4,1114 4,1437
4,6549 4,6880
5,2039 5,2374
74 08:47:21
4,4553 4,4877
4,1110 4,1433
4,6547 4,6878
5,2039 5,2374
75 08:48:21
4,4554 4,4878
4,1108 4,1431
4,6550 4,6881
5,2031 5,2366
76 08:49:21
4,4551 4,4875
4,1105 4,1428
4,6547 4,6878
5,2028 5,2363
77 08:50:21
4,4551 4,4875
4,1101 4,1424
4,6547 4,6878
5,2024 5,2359
78 08:51:20
4,4551 4,4875
4,1098 4,1421
4,6547 4,6878
5,2025 5,2360
79 08:52:20
4,4555 4,4879
4,1105 4,1428
4,6551 4,6882
5,2028 5,2363
80 08:53:21
4,4555 4,4879
4,1097 4,1420
4,6542 4,6873
5,2029 5,2364
81 08:54:21
4,4555 4,4879
4,1097 4,1420
4,6542 4,6873
5,2024 5,2359
82 08:55:20
4,4555 4,4879
4,1101 4,1424
4,6546 4,6877
5,2024 5,2359
83 08:56:20
4,4567 4,4891
4,1112 4,1435
4,6554 4,6885
5,2027 5,2362
84 08:57:21
4,4567 4,4891
4,1097 4,1420
4,6554 4,6885
5,2031 5,2366
85 08:58:21
4,4567 4,4891
4,1085 4,1408
4,6554 4,6885
5,2024 5,2359
86 08:59:20
4,4573 4,4897
4,1095 4,1418
4,6540 4,6871
5,2031 5,2366
87 09:01:20
4,4573 4,4897
4,1080 4,1403
4,6540 4,6871
5,2044 5,2379
88 09:02:22
4,4573 4,4897
4,1076 4,1399
4,6540 4,6871
5,2044 5,2379
89 09:03:20
4,4573 4,4897
4,1076 4,1399
4,6548 4,6879
5,2053 5,2388
90 09:04:21
4,4559 4,4883
4,1063 4,1386
4,6533 4,6864
5,2040 5,2375
91 09:05:21
4,4552 4,4876
4,1066 4,1389
4,6528 4,6859
5,2031 5,2366
92 09:06:21
4,4554 4,4878
4,1068 4,1391
4,6543 4,6875
5,2033 5,2368
93 09:07:21
4,4554 4,4878
4,1081 4,1404
4,6544 4,6876
5,2034 5,2369
94 09:08:20
4,4554 4,4878
4,1074 4,1397
4,6544 4,6876
5,2034 5,2369
95 09:09:20
4,4559 4,4883
4,1078 4,1401
4,6534 4,6866
5,2039 5,2374
96 09:10:21
4,4558 4,4882
4,1078 4,1401
4,6536 4,6868
5,2039 5,2374
97 09:11:21
4,4558 4,4882
4,1072 4,1395
4,6545 4,6876
5,2039 5,2374
98 09:12:21
4,4557 4,4881
4,1071 4,1394
4,6544 4,6875
5,2037 5,2372
99 09:13:20
4,4557 4,4881
4,1071 4,1394
4,6544 4,6875
5,2059 5,2394
100 09:14:21
4,4558 4,4882
4,1072 4,1395
4,6545 4,6876
5,2060 5,2395
101 09:15:21
4,4558 4,4882
4,1078 4,1401
4,6540 4,6871
5,2060 5,2395
102 09:16:21
4,4558 4,4882
4,1083 4,1406
4,6539 4,6871
5,2060 5,2395
103 09:17:20
4,4558 4,4882
4,1087 4,1410
4,6542 4,6874
5,2094 5,2429
104 09:18:20
4,4558 4,4882
4,1087 4,1410
4,6547 4,6879
5,2094 5,2429
105 09:19:21
4,4559 4,4883
4,1088 4,1411
4,6550 4,6882
5,2095 5,2430
106 09:20:21
4,4554 4,4878
4,1071 4,1394
4,6549 4,6881
5,2089 5,2424
107 09:21:21
4,4556 4,4880
4,1072 4,1395
4,6551 4,6883
5,2085 5,2420
108 09:22:20
4,4556 4,4880
4,1071 4,1394
4,6549 4,6881
5,2081 5,2416
109 09:23:20
4,4556 4,4880
4,1073 4,1396
4,6549 4,6881
5,2085 5,2420
110 09:24:21
4,4556 4,4880
4,1068 4,1391
4,6549 4,6881
5,2084 5,2419
111 09:25:21
4,4543 4,4867
4,1048 4,1371
4,6533 4,6865
5,2066 5,2401
112 09:26:21
4,4539 4,4863
4,1045 4,1368
4,6533 4,6864
5,2062 5,2397
113 09:27:20
4,4538 4,4862
4,1046 4,1369
4,6532 4,6863
5,2061 5,2396
114 09:28:21
4,4538 4,4862
4,1046 4,1369
4,6524 4,6855
5,2061 5,2396
115 09:29:21
4,4538 4,4862
4,1040 4,1363
4,6517 4,6848
5,2061 5,2396
116 09:30:21
4,4533 4,4857
4,1035 4,1358
4,6517 4,6848
5,2055 5,2390
117 09:31:20
4,4533 4,4857
4,1027 4,1350
4,6512 4,6844
5,2054 5,2389
118 09:32:20
4,4533 4,4857
4,1024 4,1347
4,6512 4,6844
5,2052 5,2387
119 09:33:21
4,4512 4,4836
4,1005 4,1328
4,6491 4,6823
5,2029 5,2364
120 09:34:21
4,4512 4,4836
4,1005 4,1328
4,6491 4,6823
5,2031 5,2366
121 09:35:21
4,4510 4,4834
4,0997 4,1320
4,6489 4,6821
5,2028 5,2363
122 09:36:20
4,4510 4,4834
4,0997 4,1320
4,6502 4,6832
5,2031 5,2366
123 09:37:20
4,4510 4,4834
4,0990 4,1313
4,6502 4,6832
5,2034 5,2369
124 09:38:20
4,4510 4,4834
4,0990 4,1313
4,6500 4,6830
5,2034 5,2369
125 09:39:21
4,4514 4,4838
4,0997 4,1320
4,6503 4,6833
5,2038 5,2373
126 09:40:21
4,4514 4,4838
4,0997 4,1320
4,6503 4,6833
5,2038 5,2373
127 09:41:20
4,4516 4,4840
4,0999 4,1322
4,6505 4,6835
5,2043 5,2378
128 09:42:21
4,4532 4,4856
4,1010 4,1333
4,6522 4,6852
5,2063 5,2398
129 09:43:20
4,4532 4,4856
4,1009 4,1332
4,6522 4,6852
5,2063 5,2398
130 09:44:21
4,4530 4,4854
4,1008 4,1331
4,6521 4,6851
5,2061 5,2396
131 09:45:21
4,4533 4,4857
4,1011 4,1334
4,6524 4,6854
5,2064 5,2399
132 09:46:21
4,4532 4,4855
4,1010 4,1333
4,6523 4,6854
5,2064 5,2398
133 09:47:20
4,4532 4,4855
4,1010 4,1333
4,6523 4,6854
5,2061 5,2395
134 09:48:20
4,4532 4,4855
4,1016 4,1339
4,6523 4,6854
5,2061 5,2395
135 09:49:21
4,4532 4,4855
4,1016 4,1339
4,6517 4,6848
5,2067 5,2401
136 09:50:21
4,4533 4,4856
4,1023 4,1346
4,6517 4,6848
5,2069 5,2403
137 09:51:21
4,4536 4,4861
4,1023 4,1347
4,6517 4,6848
5,2068 5,2404
138 09:52:21
4,4536 4,4861
4,1017 4,1341
4,6517 4,6848
5,2071 5,2407
139 09:53:20
4,4541 4,4866
4,1022 4,1346
4,6515 4,6846
5,2077 5,2413
140 09:54:20
4,4540 4,4865
4,1021 4,1345
4,6514 4,6845
5,2077 5,2413
141 09:55:21
4,4537 4,4862
4,1018 4,1342
4,6516 4,6847
5,2072 5,2408
142 09:56:21
4,4537 4,4862
4,1024 4,1348
4,6519 4,6852
5,2069 5,2405
143 09:57:21
4,4537 4,4862
4,1024 4,1348
4,6519 4,6852
5,2072 5,2408
144 09:58:20
4,4537 4,4862
4,1024 4,1348
4,6519 4,6852
5,2072 5,2408
145 09:59:20
4,4541 4,4866
4,1028 4,1352
4,6524 4,6857
5,2077 5,2413
146 10:00:21
4,4540 4,4865
4,1027 4,1351
4,6523 4,6856
5,2076 5,2412
147 10:01:21
4,4540 4,4865
4,1027 4,1351
4,6523 4,6856
5,2076 5,2412
148 10:02:21
4,4539 4,4864
4,1039 4,1363
4,6517 4,6850
5,2075 5,2411
149 10:03:21
4,4539 4,4864
4,1039 4,1363
4,6517 4,6850
5,2066 5,2402
150 10:04:20
4,4539 4,4864
4,1045 4,1369
4,6517 4,6850
5,2066 5,2402
151 10:05:20
4,4539 4,4864
4,1045 4,1369
4,6517 4,6850
5,2066 5,2402
152 10:06:21
4,4539 4,4864
4,1044 4,1368
4,6517 4,6850
5,2072 5,2408
153 10:07:21
4,4539 4,4864
4,1037 4,1361
4,6522 4,6855
5,2072 5,2408
154 10:08:21
4,4539 4,4864
4,1037 4,1361
4,6526 4,6859
5,2072 5,2408
155 10:09:21
4,4520 4,4845
4,1020 4,1344
4,6508 4,6841
5,2050 5,2386
156 10:10:21
4,4521 4,4846
4,1009 4,1333
4,6508 4,6841
5,2054 5,2390
157 10:11:21
4,4520 4,4845
4,1008 4,1332
4,6505 4,6838
5,2053 5,2389
158 10:12:20
4,4520 4,4845
4,1010 4,1334
4,6505 4,6838
5,2053 5,2389
159 10:13:21
4,4520 4,4845
4,1010 4,1334
4,6505 4,6838
5,2053 5,2389
160 10:14:21
4,4520 4,4845
4,1010 4,1334
4,6505 4,6838
5,2053 5,2389
161 10:15:21
4,4520 4,4845
4,1010 4,1334
4,6505 4,6838
5,2053 5,2389
162 10:16:20
4,4529 4,4854
4,1024 4,1348
4,6514 4,6847
5,2061 5,2397
163 10:17:20
4,4532 4,4857
4,1029 4,1353
4,6517 4,6850
5,2061 5,2397
164 10:18:21
4,4529 4,4854
4,1026 4,1350
4,6512 4,6845
5,2063 5,2399
165 10:19:21
4,4539 4,4864
4,1035 4,1359
4,6522 4,6855
5,2072 5,2408
166 10:20:21
4,4533 4,4858
4,1030 4,1354
4,6516 4,6849
5,2065 5,2401
167 10:21:20
4,4533 4,4858
4,1030 4,1354
4,6521 4,6855
5,2060 5,2396
168 10:22:21
4,4543 4,4868
4,1039 4,1363
4,6519 4,6853
5,2073 5,2409
169 10:23:21
4,4534 4,4859
4,1035 4,1359
4,6510 4,6844
5,2062 5,2398
170 10:24:21
4,4534 4,4859
4,1036 4,1360
4,6510 4,6844
5,2062 5,2398
171 10:25:20
4,4534 4,4859
4,1036 4,1360
4,6510 4,6844
5,2066 5,2402
172 10:26:20
4,4534 4,4859
4,1042 4,1366
4,6510 4,6844
5,2066 5,2402
173 10:27:21
4,4541 4,4866
4,1049 4,1373
4,6517 4,6851
5,2075 5,2411
174 10:28:21
4,4538 4,4863
4,1055 4,1379
4,6516 4,6850
5,2071 5,2407
175 10:29:21
4,4543 4,4868
4,1060 4,1384
4,6521 4,6855
5,2077 5,2413
176 10:30:20
4,4544 4,4869
4,1051 4,1375
4,6523 4,6857
5,2078 5,2414
177 10:31:21
4,4551 4,4876
4,1060 4,1384
4,6520 4,6854
5,2089 5,2425
178 10:32:21
4,4552 4,4877
4,1062 4,1386
4,6524 4,6858
5,2087 5,2423
179 10:33:21
4,4552 4,4877
4,1057 4,1381
4,6521 4,6855
5,2085 5,2421
180 10:34:21
4,4552 4,4877
4,1061 4,1385
4,6528 4,6862
5,2087 5,2423
181 10:35:20
4,4552 4,4877
4,1051 4,1375
4,6528 4,6862
5,2087 5,2423
182 10:36:20
4,4557 4,4882
4,1052 4,1376
4,6531 4,6865
5,2093 5,2429
183 10:37:21
4,4558 4,4883
4,1057 4,1381
4,6532 4,6866
5,2094 5,2430
184 10:38:21
4,4560 4,4885
4,1058 4,1382
4,6534 4,6868
5,2097 5,2433
185 10:39:21
4,4560 4,4885
4,1058 4,1382
4,6531 4,6865
5,2097 5,2433
186 10:40:20
4,4571 4,4896
4,1069 4,1393
4,6541 4,6875
5,2113 5,2449
187 10:41:20
4,4571 4,4896
4,1069 4,1393
4,6539 4,6873
5,2113 5,2449
188 10:42:20
4,4570 4,4895
4,1068 4,1392
4,6535 4,6869
5,2111 5,2447
189 10:43:21
4,4570 4,4895
4,1068 4,1392
4,6537 4,6871
5,2111 5,2447
190 10:44:21
4,4563 4,4888
4,1069 4,1393
4,6523 4,6857
5,2103 5,2439
191 10:45:20
4,4563 4,4888
4,1070 4,1394
4,6517 4,6851
5,2103 5,2439
192 10:46:20
4,4563 4,4888
4,1070 4,1394
4,6517 4,6851
5,2103 5,2439
193 10:47:21
4,4563 4,4888
4,1070 4,1394
4,6517 4,6851
5,2103 5,2439
194 10:48:21
4,4563 4,4888
4,1070 4,1394
4,6522 4,6856
5,2103 5,2439
195 10:49:21
4,4563 4,4888
4,1070 4,1394
4,6522 4,6856
5,2093 5,2429
196 10:50:20
4,4577 4,4902
4,1084 4,1408
4,6535 4,6869
5,2110 5,2446
197 10:51:20
4,4577 4,4902
4,1084 4,1408
4,6537 4,6871
5,2110 5,2446
198 10:52:21
4,4585 4,4910
4,1095 4,1419
4,6546 4,6880
5,2120 5,2456
199 10:53:21
4,4586 4,4911
4,1096 4,1420
4,6547 4,6881
5,2121 5,2457
200 10:54:21
4,4587 4,4912
4,1101 4,1425
4,6548 4,6882
5,2125 5,2461
201 10:55:22
4,4586 4,4911
4,1100 4,1424
4,6549 4,6883
5,2124 5,2460
202 10:56:23
4,4584 4,4909
4,1098 4,1422
4,6550 4,6884
5,2119 5,2455
203 10:57:20
4,4585 4,4910
4,1098 4,1422
4,6550 4,6884
5,2119 5,2455
204 10:58:20
4,4584 4,4909
4,1098 4,1422
4,6550 4,6884
5,2119 5,2455
205 10:59:21
4,4573 4,4898
4,1089 4,1413
4,6538 4,6872
5,2105 5,2441
206 11:00:21
4,4577 4,4902
4,1093 4,1417
4,6545 4,6879
5,2113 5,2449
207 11:01:21
4,4580 4,4905
4,1096 4,1420
4,6548 4,6882
5,2119 5,2455
208 11:02:21
4,4579 4,4904
4,1093 4,1417
4,6540 4,6874
5,2116 5,2452
209 11:03:20
4,4585 4,4910
4,1097 4,1421
4,6546 4,6880
5,2117 5,2453
210 11:04:20
4,4580 4,4905
4,1092 4,1416
4,6538 4,6872
5,2114 5,2450
211 11:05:21
4,4582 4,4907
4,1085 4,1409
4,6540 4,6874
5,2113 5,2449
212 11:06:21
4,4581 4,4906
4,1087 4,1411
4,6539 4,6873
5,2118 5,2454
213 11:07:21
4,4579 4,4904
4,1085 4,1409
4,6540 4,6874
5,2119 5,2455
214 11:08:21
4,4579 4,4904
4,1084 4,1408
4,6540 4,6874
5,2119 5,2455
215 11:09:21
4,4580 4,4905
4,1083 4,1407
4,6538 4,6872
5,2121 5,2457
216 11:10:20
4,4580 4,4905
4,1083 4,1407
4,6538 4,6872
5,2117 5,2453
217 11:11:21
4,4580 4,4905
4,1083 4,1407
4,6543 4,6877
5,2117 5,2453
218 11:12:21
4,4580 4,4905
4,1083 4,1407
4,6543 4,6877
5,2117 5,2453
219 11:13:21
4,4578 4,4903
4,1086 4,1410
4,6541 4,6875
5,2115 5,2451
220 11:14:21
4,4570 4,4895
4,1079 4,1403
4,6533 4,6867
5,2105 5,2441
221 11:15:20
4,4557 4,4882
4,1069 4,1393
4,6519 4,6853
5,2093 5,2429
222 11:16:21
4,4557 4,4882
4,1069 4,1393
4,6519 4,6853
5,2093 5,2429
223 11:17:21
4,4562 4,4887
4,1074 4,1398
4,6524 4,6858
5,2099 5,2435
224 11:18:21
4,4572 4,4897
4,1083 4,1407
4,6535 4,6869
5,2110 5,2446
225 11:19:21
4,4576 4,4901
4,1077 4,1401
4,6539 4,6873
5,2116 5,2452
226 11:20:21
4,4576 4,4901
4,1075 4,1399
4,6539 4,6873
5,2118 5,2454
227 11:21:20
4,4576 4,4901
4,1075 4,1399
4,6532 4,6866
5,2118 5,2454
228 11:22:21
4,4581 4,4906
4,1080 4,1404
4,6537 4,6871
5,2124 5,2460
229 11:23:21
4,4584 4,4909
4,1082 4,1406
4,6542 4,6876
5,2128 5,2464
230 11:24:21
4,4584 4,4909
4,1082 4,1406
4,6542 4,6876
5,2128 5,2464
231 11:25:21
4,4584 4,4909
4,1081 4,1405
4,6542 4,6876
5,2128 5,2464
232 11:26:21
4,4586 4,4911
4,1073 4,1397
4,6544 4,6878
5,2127 5,2463
233 11:27:21
4,4585 4,4910
4,1072 4,1396
4,6536 4,6870
5,2126 5,2462
234 11:28:20
4,4585 4,4910
4,1072 4,1396
4,6536 4,6870
5,2126 5,2462
235 11:29:20
4,4586 4,4911
4,1073 4,1397
4,6543 4,6877
5,2130 5,2466
236 11:30:21
4,4584 4,4909
4,1071 4,1395
4,6541 4,6875
5,2128 5,2464
237 11:31:21
4,4584 4,4909
4,1073 4,1397
4,6541 4,6875
5,2128 5,2464
238 11:32:21
4,4577 4,4902
4,1067 4,1391
4,6533 4,6867
5,2120 5,2456
239 11:33:21
4,4577 4,4902
4,1067 4,1391
4,6533 4,6867
5,2120 5,2456
240 11:34:20
4,4578 4,4903
4,1067 4,1391
4,6534 4,6868
5,2118 5,2454
241 11:35:20
4,4578 4,4903
4,1067 4,1391
4,6534 4,6868
5,2121 5,2457
242 11:36:21
4,4578 4,4903
4,1067 4,1391
4,6541 4,6875
5,2121 5,2457
243 11:37:22
4,4577 4,4902
4,1067 4,1391
4,6540 4,6874
5,2120 5,2456
244 11:38:21
4,4578 4,4903
4,1067 4,1391
4,6541 4,6875
5,2121 5,2457
245 11:39:21
4,4577 4,4902
4,1067 4,1391
4,6540 4,6874
5,2120 5,2456
246 11:40:22
4,4577 4,4902
4,1068 4,1392
4,6540 4,6874
5,2120 5,2456
247 11:41:22
4,4578 4,4903
4,1075 4,1399
4,6541 4,6875
5,2124 5,2460
248 11:42:21
4,4591 4,4916
4,1087 4,1411
4,6555 4,6889
5,2139 5,2475
249 11:43:22
4,4580 4,4905
4,1077 4,1401
4,6543 4,6877
5,2126 5,2462
250 11:44:21
4,4580 4,4905
4,1084 4,1408
4,6543 4,6877
5,2138 5,2474
251 11:45:21
4,4580 4,4905
4,1084 4,1408
4,6538 4,6872
5,2138 5,2474
252 11:46:21
4,4578 4,4903
4,1088 4,1412
4,6541 4,6875
5,2136 5,2472
253 11:47:21
4,4578 4,4903
4,1085 4,1409
4,6538 4,6872
5,2136 5,2472
254 11:48:20
4,4566 4,4891
4,1073 4,1397
4,6520 4,6854
5,2120 5,2456
255 11:49:20
4,4566 4,4891
4,1070 4,1394
4,6521 4,6855
5,2122 5,2458
256 11:50:21
4,4566 4,4891
4,1070 4,1394
4,6519 4,6853
5,2122 5,2458
257 11:51:21
4,4567 4,4892
4,1071 4,1395
4,6520 4,6854
5,2123 5,2459
258 11:52:21
4,4566 4,4891
4,1070 4,1394
4,6516 4,6850
5,2122 5,2458
259 11:53:20
4,4566 4,4891
4,1070 4,1394
4,6515 4,6849
5,2122 5,2458
260 11:54:22
4,4564 4,4889
4,1062 4,1386
4,6512 4,6846
5,2120 5,2456
261 11:55:23
4,4557 4,4882
4,1056 4,1380
4,6504 4,6838
5,2112 5,2448
262 11:56:20
4,4557 4,4882
4,1056 4,1380
4,6504 4,6838
5,2112 5,2448
263 11:57:21
4,4557 4,4882
4,1061 4,1385
4,6504 4,6838
5,2112 5,2448
264 11:58:21
4,4557 4,4882
4,1065 4,1389
4,6504 4,6838
5,2093 5,2429
265 11:59:21
4,4557 4,4882
4,1063 4,1387
4,6509 4,6843
5,2093 5,2429
266 12:00:20
4,4569 4,4894
4,1076 4,1400
4,6522 4,6856
5,2110 5,2446
267 12:01:20
4,4568 4,4893
4,1075 4,1399
4,6520 4,6854
5,2109 5,2445
268 12:02:21
4,4570 4,4895
4,1101 4,1425
4,6547 4,6881
5,2111 5,2447
269 12:03:21
4,4570 4,4895
4,1086 4,1410
4,6547 4,6881
5,2117 5,2453
270 12:04:20
4,4570 4,4895
4,1090 4,1414
4,6547 4,6881
5,2117 5,2453
271 12:05:20
4,4570 4,4895
4,1094 4,1418
4,6542 4,6876
5,2123 5,2459
272 12:06:21
4,4570 4,4895
4,1092 4,1416
4,6542 4,6876
5,2123 5,2459
273 12:07:21
4,4570 4,4895
4,1092 4,1416
4,6542 4,6876
5,2121 5,2457
274 12:08:21
4,4570 4,4895
4,1092 4,1416
4,6550 4,6884
5,2121 5,2457
275 12:09:20
4,4570 4,4895
4,1092 4,1416
4,6549 4,6883
5,2121 5,2457
276 12:10:20
4,4570 4,4895
4,1092 4,1416
4,6547 4,6881
5,2111 5,2447
277 12:11:21
4,4569 4,4894
4,1091 4,1415
4,6546 4,6880
5,2110 5,2446
278 12:12:20
4,4569 4,4894
4,1093 4,1417
4,6546 4,6880
5,2113 5,2449
279 12:13:20
4,4569 4,4894
4,1090 4,1414
4,6546 4,6880
5,2110 5,2446
280 12:14:21
4,4569 4,4894
4,1090 4,1414
4,6544 4,6878
5,2110 5,2446
281 12:15:21
4,4572 4,4897
4,1083 4,1407
4,6547 4,6881
5,2114 5,2450
282 12:16:20
4,4572 4,4897
4,1085 4,1409
4,6547 4,6881
5,2114 5,2450
283 12:17:21
4,4570 4,4895
4,1085 4,1409
4,6545 4,6879
5,2111 5,2447
284 12:18:20
4,4570 4,4895
4,1085 4,1409
4,6552 4,6886
5,2111 5,2447
285 12:19:21
4,4570 4,4895
4,1085 4,1409
4,6550 4,6884
5,2111 5,2447
286 12:20:21
4,4571 4,4896
4,1086 4,1410
4,6551 4,6885
5,2113 5,2449
287 12:21:21
4,4571 4,4896
4,1091 4,1415
4,6551 4,6885
5,2113 5,2449
288 12:22:20
4,4568 4,4893
4,1089 4,1413
4,6548 4,6882
5,2112 5,2448
289 12:23:21
4,4553 4,4878
4,1079 4,1403
4,6547 4,6881
5,2092 5,2428
290 12:24:21
4,4560 4,4885
4,1089 4,1413
4,6554 4,6888
5,2100 5,2436
291 12:25:21
4,4560 4,4885
4,1089 4,1413
4,6559 4,6893
5,2100 5,2436
292 12:26:21
4,4552 4,4877
4,1082 4,1406
4,6550 4,6884
5,2091 5,2427
293 12:27:20
4,4548 4,4873
4,1078 4,1402
4,6546 4,6880
5,2092 5,2428
294 12:28:20
4,4540 4,4865
4,1067 4,1391
4,6543 4,6877
5,2082 5,2418
295 12:29:21
4,4533 4,4858
4,1062 4,1386
4,6537 4,6871
5,2074 5,2410
296 12:30:21
4,4533 4,4858
4,1064 4,1388
4,6537 4,6871
5,2077 5,2413
297 12:31:21
4,4546 4,4871
4,1078 4,1402
4,6549 4,6883
5,2093 5,2429
298 12:32:21
4,4544 4,4869
4,1074 4,1398
4,6547 4,6881
5,2090 5,2426
299 12:33:20
4,4544 4,4869
4,1076 4,1400
4,6547 4,6881
5,2093 5,2429
300 12:34:21
4,4544 4,4869
4,1076 4,1400
4,6554 4,6888
5,2106 5,2442
301 12:35:21
4,4544 4,4869
4,1070 4,1394
4,6550 4,6884
5,2102 5,2438
302 12:36:21
4,4532 4,4857
4,1050 4,1374
4,6538 4,6872
5,2088 5,2424
303 12:37:21
4,4532 4,4857
4,1055 4,1379
4,6534 4,6868
5,2088 5,2424
304 12:38:20
4,4532 4,4857
4,1052 4,1376
4,6534 4,6868
5,2083 5,2419
305 12:39:20
4,4546 4,4871
4,1068 4,1392
4,6549 4,6883
5,2099 5,2435
306 12:40:21
4,4546 4,4871
4,1076 4,1400
4,6549 4,6883
5,2099 5,2435
307 12:41:21
4,4547 4,4872
4,1077 4,1401
4,6550 4,6884
5,2100 5,2436
308 12:42:21
4,4549 4,4874
4,1079 4,1403
4,6552 4,6886
5,2102 5,2438
309 12:43:21
4,4549 4,4874
4,1075 4,1399
4,6552 4,6886
5,2092 5,2428
310 12:44:20
4,4548 4,4873
4,1074 4,1398
4,6551 4,6885
5,2095 5,2431
311 12:45:21
4,4544 4,4869
4,1070 4,1394
4,6540 4,6874
5,2090 5,2426
312 12:46:21
4,4544 4,4869
4,1070 4,1394
4,6542 4,6876
5,2090 5,2426
313 12:47:21
4,4541 4,4866
4,1056 4,1380
4,6541 4,6875
5,2090 5,2426
314 12:48:20
4,4542 4,4867
4,1057 4,1381
4,6539 4,6873
5,2087 5,2423
315 12:49:20
4,4541 4,4866
4,1063 4,1387
4,6538 4,6872
5,2086 5,2422
316 12:50:21
4,4541 4,4866
4,1058 4,1382
4,6534 4,6868
5,2087 5,2423
317 12:51:21
4,4541 4,4866
4,1063 4,1387
4,6536 4,6870
5,2086 5,2422
318 12:52:21
4,4540 4,4865
4,1065 4,1389
4,6535 4,6869
5,2086 5,2422
319 12:53:20
4,4540 4,4865
4,1055 4,1379
4,6533 4,6867
5,2087 5,2423
320 12:54:20
4,4541 4,4866
4,1058 4,1382
4,6533 4,6867
5,2086 5,2422
321 12:55:21
4,4541 4,4866
4,1058 4,1382
4,6533 4,6867
5,2092 5,2428
322 12:56:21
4,4541 4,4866
4,1063 4,1387
4,6529 4,6863
5,2092 5,2428
323 12:57:21
4,4541 4,4866
4,1063 4,1387
4,6529 4,6863
5,2095 5,2431
324 12:58:20
4,4541 4,4866
4,1065 4,1389
4,6519 4,6853
5,2095 5,2431
325 12:59:20
4,4541 4,4866
4,1065 4,1389
4,6519 4,6853
5,2095 5,2431
326 13:00:21
4,4541 4,4866
4,1065 4,1389
4,6519 4,6853
5,2095 5,2431
327 13:01:21
4,4537 4,4862
4,1077 4,1401
4,6520 4,6854
5,2092 5,2428
328 13:02:20
4,4538 4,4863
4,1076 4,1400
4,6521 4,6855
5,2093 5,2429
329 13:03:20
4,4535 4,4860
4,1071 4,1395
4,6530 4,6864
5,2089 5,2425
330 13:04:21
4,4534 4,4859
4,1067 4,1391
4,6529 4,6863
5,2088 5,2424
331 13:05:21
4,4530 4,4855
4,1065 4,1389
4,6527 4,6861
5,2083 5,2419
332 13:06:21
4,4530 4,4855
4,1061 4,1385
4,6527 4,6861
5,2083 5,2419
333 13:07:20
4,4530 4,4855
4,1061 4,1385
4,6523 4,6857
5,2083 5,2419
334 13:08:20
4,4530 4,4855
4,1067 4,1391
4,6523 4,6857
5,2086 5,2422
335 13:09:21
4,4530 4,4855
4,1067 4,1391
4,6525 4,6859
5,2086 5,2422
336 13:10:21
4,4532 4,4857
4,1067 4,1391
4,6525 4,6859
5,2088 5,2424
337 13:11:20
4,4533 4,4858
4,1068 4,1392
4,6526 4,6860
5,2090 5,2426
338 13:12:20
4,4533 4,4858
4,1075 4,1399
4,6526 4,6860
5,2090 5,2426
339 13:13:21
4,4533 4,4858
4,1075 4,1399
4,6528 4,6862
5,2090 5,2426
340 13:14:21
4,4533 4,4858
4,1068 4,1392
4,6531 4,6865
5,2096 5,2432
341 13:15:20
4,4534 4,4859
4,1069 4,1393
4,6532 4,6866
5,2097 5,2433
342 13:16:20
4,4534 4,4859
4,1069 4,1393
4,6532 4,6866
5,2103 5,2439
343 13:17:21
4,4536 4,4861
4,1071 4,1395
4,6534 4,6868
5,2105 5,2441
344 13:18:21
4,4536 4,4861
4,1059 4,1383
4,6531 4,6865
5,2105 5,2441
345 13:19:21
4,4532 4,4857
4,1057 4,1381
4,6527 4,6861
5,2100 5,2436
346 13:20:21
4,4532 4,4857
4,1057 4,1381
4,6524 4,6858
5,2103 5,2439
347 13:21:20
4,4532 4,4857
4,1057 4,1381
4,6524 4,6858
5,2094 5,2430
348 13:22:21
4,4529 4,4854
4,1049 4,1373
4,6521 4,6855
5,2081 5,2417
349 13:23:21
4,4529 4,4854
4,1049 4,1373
4,6521 4,6855
5,2081 5,2417
350 13:24:21
4,4527 4,4852
4,1044 4,1368
4,6520 4,6854
5,2080 5,2416
351 13:34:22
4,4517 4,4842
4,1035 4,1359
4,6508 4,6842
5,2086 5,2422
352 13:35:22
4,4511 4,4836
4,1030 4,1354
4,6502 4,6836
5,2082 5,2418
353 13:36:22
4,4513 4,4838
4,1044 4,1368
4,6504 4,6838
5,2081 5,2417
354 13:37:21
4,4513 4,4838
4,1044 4,1368
4,6505 4,6839
5,2085 5,2421
355 13:38:22
4,4512 4,4837
4,1050 4,1374
4,6501 4,6835
5,2083 5,2419
356 13:39:21
4,4512 4,4837
4,1056 4,1380
4,6501 4,6835
5,2083 5,2419
357 13:40:21
4,4510 4,4835
4,1056 4,1380
4,6499 4,6833
5,2081 5,2417
358 13:41:21
4,4510 4,4835
4,1052 4,1376
4,6499 4,6833
5,2081 5,2417
359 13:42:20
4,4510 4,4835
4,1048 4,1372
4,6499 4,6833
5,2066 5,2402
360 13:43:20
4,4510 4,4835
4,1048 4,1372
4,6482 4,6816
5,2066 5,2402
Connection error x5
361 18:29:21
4,4495 4,4827
4,1257 4,1594
4,6574 4,6915
5,1948 5,2291
362 18:30:21
4,4493 4,4827
4,1255 4,1594
4,6572 4,6915
5,1940 5,2285
363 18:31:21
4,4493 4,4827
4,1251 4,1590
4,6572 4,6915
5,1944 5,2290
364 18:32:21
4,4497 4,4827
4,1259 4,1590
4,6576 4,6915
5,1950 5,2291
365 18:33:20
4,4494 4,4829
4,1252 4,1588
4,6569 4,6918
5,1954 5,2301
366 18:34:20
4,4496 4,4830
4,1257 4,1595
4,6575 4,6918
5,1954 5,2300
367 18:35:21
4,4496 4,4827
4,1263 4,1598
4,6575 4,6915
5,1956 5,2299
368 18:36:21
4,4493 4,4828
4,1259 4,1599
4,6572 4,6916
5,1947 5,2294
369 18:37:21
4,4496 4,4828
4,1269 4,1606
4,6575 4,6916
5,1948 5,2292
370 18:38:21
4,4495 4,4828
4,1272 4,1606
4,6574 4,6916
5,1949 5,2294
371 18:39:21
4,4494 4,4827
4,1271 4,1609
4,6573 4,6915
5,1948 5,2293
372 18:40:20
4,4495 4,4829
4,1272 4,1607
4,6568 4,6916
5,1947 5,2294
373 18:41:20
4,4494 4,4829
4,1268 4,1604
4,6558 4,6902
5,1947 5,2287
374 18:42:20
4,4494 4,4827
4,1271 4,1605
4,6563 4,6905
5,1948 5,2293
375 18:43:21
4,4495 4,4828
4,1272 4,1606
4,6565 4,6912
5,1949 5,2294
376 18:44:21
4,4496 4,4827
4,1273 4,1605
4,6565 4,6905
5,1956 5,2299
377 18:45:21
4,4499 4,4829
4,1272 4,1607
4,6564 4,6907
5,1959 5,2300
378 18:46:20
4,4498 4,4827
4,1271 4,1601
4,6567 4,6905
5,1963 5,2299
379 18:47:20
4,4500 4,4828
4,1273 4,1606
4,6569 4,6906
5,1963 5,2299
380 18:48:21
4,4498 4,4827
4,1271 4,1601
4,6567 4,6905
5,1965 5,2304
381 18:49:21
4,4494 4,4827
4,1265 4,1602
4,6563 4,6905
5,1959 5,2297
382 18:50:21
4,4495 4,4827
4,1265 4,1602
4,6565 4,6910
5,1959 5,2297
383 18:51:21
4,4497 4,4827
4,1263 4,1598
4,6570 4,6905
5,1961 5,2303
384 18:52:20
4,4497 4,4826
4,1259 4,1593
4,6567 4,6910
5,1963 5,2304
385 18:53:20
4,4498 4,4828
4,1260 4,1591
4,6566 4,6910
5,1964 5,2305
386 18:54:20
4,4497 4,4826
4,1259 4,1593
4,6567 4,6910
5,1969 5,2309
387 18:55:21
4,4493 4,4826
4,1253 4,1589
4,6567 4,6909
5,1965 5,2310
388 18:56:21
4,4492 4,4827
4,1254 4,1590
4,6566 4,6910
5,1964 5,2311
389 18:57:21
4,4495 4,4828
4,1257 4,1595
4,6570 4,6917
5,1967 5,2312
390 18:58:21
4,4495 4,4827
4,1257 4,1594
4,6574 4,6915
5,1971 5,2315
391 18:59:21
4,4490 4,4826
4,1256 4,1593
4,6569 4,6914
5,1966 5,2315
392 19:00:20
4,4490 4,4826
4,1252 4,1593
4,6569 4,6914
5,1966 5,2315
393 19:01:20
4,4492 4,4827
4,1258 4,1594
4,6571 4,6915
5,1976 5,2323
394 19:02:21
4,4490 4,4828
4,1255 4,1597
4,6569 4,6916
5,1978 5,2323
395 19:03:21
4,4490 4,4828
4,1252 4,1595
4,6569 4,6916
5,1978 5,2328
396 19:04:21
4,4490 4,4827
4,1261 4,1598
4,6567 4,6915
5,1972 5,2322
397 19:05:21
4,4492 4,4828
4,1254 4,1595
4,6571 4,6916
5,1980 5,2322
398 19:06:21
4,4491 4,4824
4,1253 4,1587
4,6570 4,6912
5,1987 5,2326
399 19:07:21
4,4491 4,4823
4,1245 4,1581
4,6570 4,6911
5,1979 5,2323
400 19:08:20
4,4491 4,4820
4,1246 4,1580
4,6570 4,6908
5,1987 5,2328
401 19:09:21
4,4492 4,4820
4,1247 4,1576
4,6571 4,6908
5,1987 5,2326
402 19:10:20
4,4491 4,4818
4,1246 4,1578
4,6570 4,6906
5,1986 5,2324
403 19:11:21
4,4491 4,4823
4,1245 4,1581
4,6570 4,6911
5,1986 5,2329
404 19:12:21
4,4489 4,4825
4,1239 4,1579
4,6573 4,6918
5,1983 5,2332
405 19:13:21
4,4489 4,4824
4,1245 4,1584
4,6573 4,6917
5,1983 5,2331
406 19:14:21
4,4494 4,4819
4,1249 4,1580
4,6578 4,6912
5,1989 5,2325
407 19:15:20
4,4495 4,4820
4,1253 4,1580
4,6578 4,6912
5,1993 5,2329
408 19:16:20
4,4494 4,4819
4,1252 4,1582
4,6578 4,6912
5,1989 5,2325
409 19:17:21
4,4494 4,4820
4,1252 4,1583
4,6583 4,6918
5,1994 5,2330
410 19:18:21
4,4483 4,4831
4,1246 4,1597
4,6570 4,6928
5,1982 5,2338
411 19:19:21
4,4481 4,4829
4,1237 4,1588
4,6573 4,6931
5,1973 5,2336
412 19:20:21
4,4495 4,4821
4,1252 4,1580
4,6588 4,6922
5,1990 5,2327
413 19:21:21
4,4492 4,4823
4,1246 4,1582
4,6586 4,6926
5,1987 5,2329
414 19:22:20
4,4489 4,4820
4,1240 4,1576
4,6582 4,6922
5,1984 5,2327
415 19:23:21
4,4489 4,4815
4,1240 4,1571
4,6582 4,6917
5,1989 5,2328
416 19:24:21
4,4490 4,4815
4,1241 4,1567
4,6579 4,6917
5,1991 5,2327
417 19:25:21
4,4489 4,4822
4,1241 4,1578
4,6583 4,6925
5,1990 5,2334
418 19:26:21
4,4489 4,4818
4,1240 4,1570
4,6582 4,6920
5,1990 5,2330
419 19:27:21
4,4488 4,4818
4,1235 4,1570
4,6581 4,6920
5,1988 5,2329
420 19:28:21
4,4490 4,4822
4,1235 4,1570
4,6582 4,6924
5,1985 5,2328
421 19:29:20
4,4489 4,4820
4,1236 4,1572
4,6583 4,6924
5,1984 5,2326
422 19:30:20
4,4490 4,4824
4,1241 4,1576
4,6582 4,6926
5,1985 5,2330
423 19:31:20
4,4487 4,4816
4,1234 4,1568
4,6576 4,6919
5,1981 5,2321
424 19:32:21
4,4488 4,4817
4,1235 4,1569
4,6577 4,6920
5,1976 5,2322
425 19:33:21
4,4491 4,4819
4,1238 4,1571
4,6574 4,6916
5,1980 5,2319
426 19:34:21
4,4489 4,4826
4,1237 4,1578
4,6574 4,6925
5,1985 5,2334
427 19:35:21
4,4487 4,4824
4,1235 4,1576
4,6572 4,6923
5,1981 5,2331
428 19:36:21
4,4488 4,4825
4,1236 4,1576
4,6576 4,6924
5,1983 5,2334
429 19:37:21
4,4491 4,4827
4,1237 4,1577
4,6583 4,6929
5,1985 5,2334
430 19:38:21
4,4489 4,4825
4,1235 4,1575
4,6581 4,6927
5,1983 5,2332
431 19:39:20
4,4491 4,4821
4,1238 4,1573
4,6584 4,6925
5,1986 5,2327
432 19:40:20
4,4491 4,4821
4,1238 4,1573
4,6583 4,6927
5,1992 5,2333
433 19:42:20
4,4490 4,4821
4,1241 4,1574
4,6583 4,6929
5,1991 5,2334
434 19:43:21
4,4490 4,4819
4,1241 4,1572
4,6584 4,6927
5,1985 5,2325
435 19:44:21
4,4491 4,4819
4,1242 4,1575
4,6584 4,6921
5,1986 5,2325
436 19:45:21
4,4488 4,4817
4,1239 4,1573
4,6581 4,6919
5,1982 5,2322
437 19:46:21
4,4488 4,4818
4,1239 4,1574
4,6580 4,6920
5,1989 5,2330
438 19:47:21
4,4489 4,4818
4,1244 4,1578
4,6582 4,6920
5,1990 5,2330
439 19:48:21
4,4490 4,4821
4,1246 4,1581
4,6584 4,6925
5,1991 5,2333
440 19:49:21
4,4490 4,4821
4,1245 4,1581
4,6584 4,6929
5,1998 5,2341
441 19:50:21
4,4488 4,4823
4,1244 4,1583
4,6582 4,6931
5,1995 5,2342
442 19:51:21
4,4486 4,4819
4,1245 4,1579
4,6581 4,6922
5,1993 5,2337
443 19:52:20
4,4484 4,4821
4,1235 4,1577
4,6578 4,6925
5,1983 5,2333
444 19:53:20
4,4489 4,4825
4,1243 4,1583
4,6581 4,6927
5,1988 5,2344
445 19:54:21
4,4488 4,4820
4,1243 4,1580
4,6580 4,6922
5,1987 5,2331
446 19:55:21
4,4489 4,4819
4,1244 4,1579
4,6582 4,6921
5,1988 5,2330
447 19:56:21
4,4488 4,4819
4,1243 4,1579
4,6582 4,6927
5,1989 5,2332
448 19:57:21
4,4488 4,4820
4,1243 4,1580
4,6580 4,6926
5,1987 5,2331
449 19:58:20
4,4479 4,4804
4,1235 4,1563
4,6576 4,6910
5,1977 5,2313
450 19:59:20
4,4482 4,4809
4,1237 4,1569
4,6580 4,6916
5,1988 5,2326
451 20:00:21
4,4478 4,4808
4,1241 4,1576
4,6575 4,6913
5,1983 5,2324
452 20:01:21
4,4477 4,4808
4,1244 4,1580
4,6577 4,6916
5,1976 5,2318
453 20:02:21
4,4478 4,4810
4,1245 4,1582
4,6585 4,6925
5,1977 5,2320
454 20:03:21
4,4478 4,4810
4,1243 4,1577
4,6586 4,6927
5,1983 5,2320
455 20:04:21
4,4478 4,4809
4,1245 4,1577
4,6582 4,6927
5,1977 5,2319
456 20:05:21
4,4480 4,4810
4,1247 4,1582
4,6588 4,6927
5,1979 5,2320
457 20:06:20
4,4480 4,4810
4,1243 4,1574
4,6584 4,6927
5,1979 5,2320
458 20:07:20
4,4480 4,4810
4,1247 4,1580
4,6588 4,6927
5,1977 5,2313
459 20:08:21
4,4480 4,4809
4,1247 4,1581
4,6588 4,6926
5,1978 5,2314
460 20:09:21
4,4480 4,4809
4,1243 4,1577
4,6588 4,6926
5,1977 5,2313
461 20:10:21
4,4482 4,4810
4,1245 4,1578
4,6590 4,6927
5,1975 5,2313
462 20:11:21
4,4482 4,4809
4,1245 4,1577
4,6590 4,6926
5,1975 5,2313
463 20:12:21
4,4482 4,4809
4,1250 4,1581
4,6588 4,6926
5,1975 5,2313
464 20:13:21
4,4481 4,4809
4,1248 4,1581
4,6589 4,6926
5,1972 5,2312
465 20:14:21
4,4481 4,4808
4,1248 4,1576
4,6585 4,6926
5,1974 5,2312
466 20:15:20
4,4482 4,4809
4,1249 4,1577
4,6590 4,6926
5,1982 5,2320
467 20:16:20
4,4482 4,4809
4,1249 4,1581
4,6590 4,6926
5,1981 5,2319
468 20:17:21
4,4482 4,4809
4,1253 4,1581
4,6590 4,6926
5,1981 5,2319
469 20:18:21
4,4482 4,4810
4,1253 4,1582
4,6590 4,6927
5,1981 5,2320
470 20:19:21
4,4482 4,4810
4,1249 4,1582
4,6590 4,6927
5,1981 5,2320
471 20:20:21
4,4482 4,4808
4,1249 4,1576
4,6590 4,6929
5,1981 5,2318
472 20:21:21
4,4482 4,4808
4,1249 4,1580
4,6594 4,6928
5,1981 5,2318
473 20:22:21
4,4473 4,4817
4,1244 4,1591
4,6584 4,6938
5,1969 5,2327
474 20:23:20
4,4473 4,4817
4,1247 4,1591
4,6589 4,6943
5,1977 5,2328
475 20:24:20
4,4473 4,4817
4,1243 4,1591
4,6589 4,6943
5,1977 5,2328
476 20:25:20
4,4473 4,4817
4,1247 4,1591
4,6594 4,6948
5,1977 5,2332
477 20:26:21
4,4482 4,4808
4,1260 4,1591
4,6607 4,6943
5,1981 5,2318
478 20:27:21
4,4482 4,4808
4,1266 4,1595
4,6609 4,6944
5,1987 5,2324
479 20:28:21
4,4482 4,4808
4,1268 4,1599
4,6609 4,6944
5,1987 5,2324
480 20:29:21
4,4480 4,4807
4,1266 4,1598
4,6607 4,6943
5,1979 5,2317
481 20:30:21
4,4482 4,4808
4,1272 4,1599
4,6603 4,6943
5,1986 5,2322
482 20:31:20
4,4480 4,4807
4,1270 4,1602
4,6607 4,6943
5,1985 5,2323
483 20:32:20
4,4482 4,4808
4,1272 4,1603
4,6609 4,6944
5,1987 5,2323
484 20:33:20
4,4482 4,4808
4,1272 4,1603
4,6609 4,6944
5,1981 5,2318
485 20:34:21
4,4482 4,4808
4,1272 4,1599
4,6609 4,6944
5,1984 5,2320
486 20:35:21
4,4482 4,4808
4,1272 4,1599
4,6609 4,6944
5,1981 5,2318
487 20:36:21
4,4482 4,4808
4,1272 4,1603
4,6609 4,6944
5,1984 5,2320
488 20:37:21
4,4482 4,4808
4,1268 4,1598
4,6609 4,6944
5,1982 5,2318
489 20:38:21
4,4483 4,4808
4,1274 4,1599
4,6610 4,6944
5,1985 5,2321
490 20:39:20
4,4473 4,4817
4,1262 4,1610
4,6599 4,6953
5,1971 5,2328
491 20:40:21
4,4475 4,4814
4,1265 4,1609
4,6603 4,6952
5,1973 5,2325
492 20:41:20
4,4482 4,4808
4,1280 4,1607
4,6609 4,6944
5,1984 5,2320
493 20:42:20
4,4482 4,4807
4,1272 4,1598
4,6604 4,6938
5,1987 5,2323
494 20:43:21
4,4482 4,4807
4,1272 4,1598
4,6604 4,6938
5,1984 5,2320
495 20:44:21
4,4482 4,4807
4,1268 4,1598
4,6600 4,6938
5,1987 5,2323
496 20:45:21
4,4482 4,4807
4,1272 4,1598
4,6600 4,6934
5,1987 5,2323
497 20:46:21
4,4482 4,4807
4,1268 4,1598
4,6604 4,6938
5,1986 5,2322
498 20:47:21
4,4482 4,4807
4,1268 4,1594
4,6602 4,6938
5,1987 5,2323
499 20:48:21
4,4482 4,4808
4,1268 4,1599
4,6599 4,6934
5,1987 5,2324
500 20:49:20
4,4480 4,4807
4,1270 4,1598
4,6597 4,6933
5,1985 5,2321
501 20:50:20
4,4482 4,4808
4,1272 4,1603
4,6599 4,6933
5,1987 5,2324
502 20:51:21
4,4480 4,4807
4,1266 4,1594
4,6597 4,6933
5,1985 5,2323
503 20:52:21
4,4480 4,4807
4,1260 4,1591
4,6599 4,6934
5,1987 5,2324
504 20:53:21
4,4482 4,4807
4,1264 4,1594
4,6600 4,6938
5,1987 5,2323
505 20:54:21
4,4482 4,4807
4,1264 4,1594
4,6604 4,6938
5,1990 5,2326
506 20:55:21
4,4482 4,4808
4,1268 4,1595
4,6604 4,6939
5,1990 5,2326
507 20:56:21
4,4482 4,4808
4,1264 4,1595
4,6604 4,6939
5,1993 5,2330
508 20:57:21
4,4472 4,4817
4,1256 4,1605
4,6595 4,6950
5,1982 5,2340
509 20:58:20
4,4482 4,4808
4,1264 4,1594
4,6604 4,6939
5,1999 5,2335
510 20:59:20
4,4476 4,4802
4,1259 4,1590
4,6598 4,6933
5,1992 5,2328
511 21:00:20
4,4476 4,4802
4,1259 4,1590
4,6603 4,6938
5,1994 5,2330
512 21:01:21
4,4474 4,4799
4,1258 4,1586
4,6596 4,6930
5,1996 5,2332
513 21:02:21
4,4474 4,4799
4,1258 4,1586
4,6597 4,6931
5,1996 5,2332
514 21:03:21
4,4465 4,4811
4,1245 4,1594
4,6587 4,6942
5,1985 5,2345
515 21:04:21
4,4465 4,4810
4,1249 4,1594
4,6583 4,6938
5,1987 5,2346
516 21:05:20
4,4475 4,4800
4,1254 4,1584
4,6592 4,6926
5,1997 5,2333
517 21:06:20
4,4475 4,4800
4,1258 4,1588
4,6593 4,6932
5,1997 5,2333
518 21:07:20
4,4475 4,4800
4,1258 4,1588
4,6597 4,6931
5,1997 5,2333
519 21:08:20
4,4475 4,4800
4,1254 4,1584
4,6592 4,6926
5,1997 5,2333
520 21:09:21
4,4475 4,4800
4,1258 4,1584
4,6592 4,6926
5,1997 5,2333
521 21:10:21
4,4475 4,4800
4,1262 4,1589
4,6592 4,6926
5,1997 5,2333
522 21:11:21
4,4475 4,4800
4,1262 4,1592
4,6592 4,6926
5,1997 5,2333
523 21:12:21
4,4468 4,4811
4,1256 4,1603
4,6591 4,6944
5,1990 5,2347
524 21:13:21
4,4475 4,4800
4,1262 4,1593
4,6593 4,6932
5,2001 5,2337
525 21:14:21
4,4475 4,4800
4,1265 4,1591
4,6592 4,6930
5,1997 5,2333
526 21:15:20
4,4475 4,4800
4,1270 4,1597
4,6593 4,6932
5,2000 5,2336
527 21:16:20
4,4475 4,4800
4,1266 4,1595
4,6592 4,6930
5,2003 5,2339
528 21:17:20
4,4475 4,4800
4,1269 4,1597
4,6593 4,6928
5,2003 5,2339
529 21:18:20
4,4469 4,4811
4,1263 4,1609
4,6580 4,6933
5,1997 5,2351
530 21:19:20
4,4475 4,4800
4,1269 4,1599
4,6583 4,6922
5,2003 5,2339
531 21:20:20
4,4475 4,4800
4,1273 4,1599
4,6583 4,6918
5,2003 5,2339
532 21:21:21
4,4475 4,4800
4,1274 4,1603
4,6582 4,6920
5,2003 5,2339
533 21:22:21
4,4475 4,4800
4,1274 4,1599
4,6587 4,6921
5,2003 5,2339
534 21:23:21
4,4475 4,4800
4,1274 4,1599
4,6587 4,6921
5,1997 5,2333
535 21:24:21
4,4476 4,4801
4,1278 4,1608
4,6588 4,6922
5,1999 5,2335
536 21:25:20
4,4476 4,4802
4,1278 4,1609
4,6593 4,6928
5,1998 5,2334
537 21:26:20
4,4476 4,4802
4,1278 4,1609
4,6592 4,6932
5,2001 5,2337
538 21:27:21
4,4476 4,4802
4,1278 4,1609
4,6592 4,6932
5,2001 5,2337
539 21:28:21
4,4476 4,4802
4,1282 4,1609
4,6592 4,6932
5,2001 5,2337
540 21:29:21
4,4469 4,4810
4,1276 4,1617
4,6587 4,6942
5,1997 5,2345
541 21:30:21
4,4476 4,4802
4,1280 4,1608
4,6593 4,6928
5,2003 5,2339
542 21:31:21
4,4476 4,4802
4,1278 4,1605
4,6593 4,6928
5,2001 5,2337
543 21:32:20
4,4476 4,4802
4,1278 4,1609
4,6592 4,6932
5,2002 5,2338
544 21:33:20
4,4476 4,4802
4,1278 4,1609
4,6593 4,6928
5,2003 5,2339
545 21:34:20
4,4476 4,4802
4,1282 4,1609
4,6593 4,6928
5,2001 5,2337
546 21:35:21
4,4476 4,4802
4,1278 4,1608
4,6594 4,6932
5,2004 5,2340
547 21:36:21
4,4476 4,4802
4,1282 4,1613
4,6592 4,6932
5,2001 5,2337
548 21:37:21
4,4476 4,4802
4,1284 4,1612
4,6592 4,6932
5,1998 5,2334
549 21:38:21
4,4476 4,4802
4,1282 4,1613
4,6593 4,6928
5,1998 5,2334
550 21:39:21
4,4476 4,4801
4,1282 4,1612
4,6594 4,6933
5,2005 5,2341
551 21:40:20
4,4476 4,4801
4,1282 4,1612
4,6593 4,6927
5,2005 5,2341
552 21:41:20
4,4476 4,4801
4,1282 4,1612
4,6589 4,6928
5,1999 5,2335
553 21:42:21
4,4476 4,4801
4,1282 4,1612
4,6589 4,6928
5,1999 5,2335
554 21:43:21
4,4476 4,4801
4,1282 4,1612
4,6589 4,6928
5,1995 5,2331
555 21:44:21
4,4476 4,4801
4,1282 4,1612
4,6593 4,6927
5,1996 5,2332
556 21:45:21
4,4477 4,4802
4,1284 4,1613
4,6594 4,6928
5,1999 5,2335
557 21:46:21
4,4476 4,4801
4,1286 4,1613
4,6593 4,6927
5,1999 5,2335
558 21:47:20
4,4476 4,4801
4,1286 4,1613
4,6589 4,6928
5,1999 5,2335
559 21:48:20
4,4477 4,4802
4,1286 4,1612
4,6593 4,6927
5,2001 5,2337
560 21:49:20
4,4477 4,4802
4,1283 4,1611
4,6589 4,6923
5,1999 5,2335
561 21:50:21
4,4477 4,4802
4,1284 4,1609
4,6589 4,6923
5,2000 5,2336
562 21:51:21
4,4477 4,4802
4,1284 4,1613
4,6589 4,6923
5,1994 5,2330
563 21:52:21
4,4477 4,4802
4,1284 4,1613
4,6589 4,6923
5,1993 5,2329
564 21:53:21
4,4481 4,4816
4,1286 4,1626
4,6594 4,6938
5,2000 5,2347
565 21:54:21
4,4481 4,4816
4,1286 4,1624
4,6594 4,6938
5,2000 5,2347
566 21:55:20
4,4484 4,4822
4,1292 4,1630
4,6597 4,6944
5,2001 5,2351
567 21:56:20
4,4476 4,4829
4,1286 4,1639
4,6588 4,6952
5,1993 5,2361
568 21:57:21
4,4481 4,4823
4,1289 4,1631
4,6594 4,6945
5,1997 5,2353
569 21:58:21
4,4477 4,4831
4,1281 4,1635
4,6589 4,6954
5,1987 5,2358
570 21:59:21
4,4487 4,4823
4,1287 4,1627
4,6600 4,6945
5,2004 5,2352
571 22:00:21
4,4489 4,4822
4,1286 4,1624
4,6599 4,6946
5,2003 5,2348
572 22:01:20
4,4494 4,4823
4,1287 4,1621
4,6607 4,6945
5,2014 5,2354
573 22:02:20
4,4489 4,4823
4,1282 4,1621
4,6600 4,6944
5,2001 5,2348
574 22:03:21
4,4491 4,4829
4,1283 4,1625
4,6603 4,6951
5,2004 5,2355
575 22:04:21
4,4490 4,4829
4,1284 4,1627
4,6604 4,6953
5,2009 5,2355
576 22:05:21
4,4490 4,4829
4,1284 4,1627
4,6604 4,6953
5,2007 5,2356
577 22:06:21
4,4488 4,4829
4,1282 4,1627
4,6602 4,6953
5,2007 5,2361
578 22:07:21
4,4488 4,4829
4,1282 4,1627
4,6602 4,6953
5,2007 5,2361
579 22:08:21
4,4488 4,4829
4,1282 4,1627
4,6602 4,6953
5,2007 5,2361
580 22:09:20
4,4488 4,4829
4,1282 4,1627
4,6602 4,6953
5,2007 5,2361
581 22:10:20
4,4486 4,4831
4,1280 4,1625
4,6600 4,6955
5,2005 5,2364
582 22:11:21
4,4485 4,4830
4,1279 4,1628
4,6599 4,6954
5,2004 5,2363
583 22:12:21
4,4486 4,4827
4,1279 4,1621
4,6599 4,6949
5,2005 5,2360
584 22:13:21
4,4486 4,4827
4,1279 4,1621
4,6599 4,6949
5,2005 5,2360
585 22:14:21
4,4486 4,4828
4,1275 4,1621
4,6599 4,6950
5,2004 5,2359
586 22:15:20
4,4482 4,4827
4,1277 4,1622
4,6595 4,6949
5,2001 5,2360
587 22:16:20
4,4483 4,4829
4,1272 4,1622
4,6595 4,6951
5,2000 5,2360
588 22:17:20
4,4482 4,4828
4,1271 4,1621
4,6600 4,6955
5,1992 5,2352
589 22:18:20
4,4481 4,4829
4,1270 4,1622
4,6593 4,6955
5,1992 5,2355
590 22:19:20
4,4481 4,4829
4,1274 4,1622
4,6593 4,6951
5,1992 5,2355
591 22:20:21
4,4480 4,4826
4,1269 4,1619
4,6593 4,6948
5,1990 5,2350
592 22:21:21
4,4480 4,4826
4,1273 4,1620
4,6593 4,6950
5,1990 5,2350
593 22:22:21
4,4480 4,4826
4,1269 4,1619
4,6593 4,6950
5,1996 5,2356
594 22:23:21
4,4482 4,4828
4,1271 4,1621
4,6600 4,6955
5,2000 5,2359
595 22:24:21
4,4475 4,4834
4,1271 4,1624
4,6592 4,6962
5,1993 5,2368
596 22:25:20
4,4483 4,4830
4,1273 4,1623
4,6602 4,6959
5,2002 5,2363
597 22:26:20
4,4483 4,4830
4,1273 4,1623
4,6602 4,6963
5,2002 5,2363
598 22:27:21
4,4477 4,4835
4,1267 4,1628
4,6593 4,6967
5,1993 5,2367
599 22:28:21
4,4475 4,4835
4,1265 4,1628
4,6592 4,6963
5,1985 5,2362
600 22:29:21
4,4477 4,4835
4,1267 4,1628
4,6594 4,6963
5,1987 5,2361
601 22:30:21
4,4480 4,4833
4,1270 4,1626
4,6588 4,6957
5,1992 5,2361
602 22:31:20
4,4474 4,4837
4,1268 4,1630
4,6591 4,6965
5,1990 5,2370
603 22:32:20
4,4474 4,4837
4,1268 4,1630
4,6592 4,6971
5,1996 5,2376
604 22:33:20
4,4474 4,4837
4,1268 4,1634
4,6592 4,6971
5,1996 5,2370
605 22:34:20
4,4474 4,4833
4,1272 4,1630
4,6592 4,6967
5,1996 5,2366
606 22:35:21
4,4474 4,4833
4,1272 4,1634
4,6592 4,6967
5,1996 5,2366
607 22:36:21
4,4474 4,4833
4,1272 4,1634
4,6596 4,6966
5,1991 5,2366
608 22:37:21
4,4470 4,4843
4,1269 4,1644
4,6593 4,6982
5,1987 5,2384
609 22:38:21
4,4474 4,4829
4,1276 4,1630
4,6596 4,6966
5,1997 5,2367
610 22:39:21
4,4475 4,4831
4,1277 4,1636
4,6596 4,6968
5,1996 5,2368
611 22:40:21
4,4474 4,4829
4,1276 4,1630
4,6596 4,6966
5,1997 5,2362
612 22:41:21
4,4475 4,4831
4,1273 4,1632
4,6597 4,6968
5,1996 5,2364
613 22:42:21
4,4474 4,4833
4,1272 4,1634
4,6596 4,6970
5,1996 5,2372
614 22:43:21
4,4474 4,4829
4,1277 4,1632
4,6586 4,6956
5,1997 5,2368
615 22:44:21
4,4474 4,4829
4,1276 4,1634
4,6586 4,6956
5,2003 5,2367
Connection error x5
616 23:22:21
4,4172 4,5091
4,0707 4,1955
4,6379 4,7109
5,1679 5,2697
617 23:23:21
4,4172 4,5091
4,0707 4,1955
4,6379 4,7109
5,1679 5,2697
618 23:24:21
4,4172 4,5091
4,0707 4,1955
4,6379 4,7109
5,1679 5,2697
619 23:25:21
4,4172 4,5091
4,0707 4,1955
4,6379 4,7109
5,1679 5,2697
620 23:26:21
4,4172 4,5091
4,0707 4,1955
4,6379 4,7109
5,1679 5,2697
621 23:27:21
4,4172 4,5091
4,0707 4,1955
4,6379 4,7109
5,1679 5,2697
622 23:28:21
4,4172 4,5091
4,0707 4,1955
4,6379 4,7109
5,1679 5,2697
623 23:29:21
4,4172 4,5091
4,0707 4,1955
4,6379 4,7109
5,1679 5,2697
624 23:30:21
4,4172 4,5091
4,0707 4,1955
4,6379 4,7109
5,1679 5,2697
625 23:31:21
4,4172 4,5091
4,0707 4,1955
4,6379 4,7109
5,1679 5,2697
626 23:32:21
4,4172 4,5091
4,0707 4,1955
4,6379 4,7109
5,1679 5,2697
627 23:33:21
4,4172 4,5091
4,0707 4,1955
4,6379 4,7109
5,1679 5,2697
628 23:34:22
4,4172 4,5091
4,0707 4,1955
4,6379 4,7109
5,1679 5,2697
629 23:35:21
4,4172 4,5091
4,0707 4,1955
4,6379 4,7109
5,1679 5,2697
630 23:36:22
4,4172 4,5091
4,0707 4,1955
4,6379 4,7109
5,1679 5,2697
631 23:37:21
4,4172 4,5091
4,0707 4,1955
4,6379 4,7109
5,1679 5,2697
632 23:38:21
4,4172 4,5091
4,0707 4,1955
4,6379 4,7109
5,1679 5,2697
633 23:39:21
4,4172 4,5091
4,0707 4,1955
4,6379 4,7109
5,1679 5,2697
634 23:40:21
4,4172 4,5091
4,0707 4,1955
4,6379 4,7109
5,1679 5,2697
635 23:41:21
4,4172 4,5091
4,0707 4,1955
4,6379 4,7109
5,1679 5,2697
636 23:42:21
4,4172 4,5091
4,0707 4,1955
4,6379 4,7109
5,1679 5,2697
637 23:43:21
4,4172 4,5091
4,0707 4,1955
4,6379 4,7109
5,1679 5,2697
638 23:44:21
4,4172 4,5091
4,0707 4,1955
4,6379 4,7109
5,1679 5,2697
639 23:45:21
4,4172 4,5091
4,0707 4,1955
4,6379 4,7109
5,1679 5,2697
640 23:46:21
4,4172 4,5091
4,0707 4,1955
4,6379 4,7109
5,1679 5,2697
641 23:47:21
4,4172 4,5091
4,0707 4,1955
4,6379 4,7109
5,1679 5,2697
642 23:48:22
4,4172 4,5091
4,0707 4,1955
4,6379 4,7109
5,1679 5,2697
643 23:49:21
4,4172 4,5091
4,0707 4,1955
4,6379 4,7109
5,1679 5,2697
644 23:50:21
4,4172 4,5091
4,0707 4,1955
4,6379 4,7109
5,1679 5,2697
645 23:51:21
4,4172 4,5091
4,0707 4,1955
4,6379 4,7109
5,1679 5,2697
646 23:52:21
4,4172 4,5091
4,0707 4,1955
4,6379 4,7109
5,1679 5,2697
647 23:53:22
4,4172 4,5091
4,0707 4,1955
4,6379 4,7109
5,1679 5,2697
648 23:54:21
4,4172 4,5091
4,0707 4,1955
4,6379 4,7109
5,1679 5,2697
649 23:55:21
4,4172 4,5091
4,0707 4,1955
4,6379 4,7109
5,1679 5,2697
650 23:56:21
4,4172 4,5091
4,0707 4,1955
4,6379 4,7109
5,1679 5,2697
651 23:57:21
4,4172 4,5091
4,0707 4,1955
4,6379 4,7109
5,1679 5,2697
652 23:58:21
4,4172 4,5091
4,0707 4,1955
4,6379 4,7109
5,1679 5,2697
653 23:59:21
4,4172 4,5091
4,0707 4,1955
4,6379 4,7109
5,1679 5,2697
654 00:00:21
4,4181 4,5097
4,0712 4,1957
4,6395 4,7119
5,1687 5,2701
