#======================
2023-5-15
# 1.EUR, 2.USD, 3.CHF, 4.GBP
Sell Price, Buy Price
1 09:26
4,4934 4,5255
4,1338 4,1659
4,6108 4,6435
5,1610 5,1942
2 09:27
4,4933 4,5254
4,1332 4,1653
4,6105 4,6432
5,1611 5,1943
3 09:28
4,4936 4,5257
4,1333 4,1654
4,6106 4,6433
5,1612 5,1944
4 09:29
4,4937 4,5258
4,1330 4,1651
4,6100 4,6427
5,1613 5,1945
5 09:30
4,4935 4,5256
4,1325 4,1646
4,6093 4,6420
5,1607 5,1939
6 09:31
4,4930 4,5252
4,1305 4,1626
4,6083 4,6411
5,1606 5,1938
7 09:32
4,4939 4,5261
4,1321 4,1642
4,6092 4,6420
5,1622 5,1954
8 09:33
4,4939 4,5261
4,1323 4,1644
4,6092 4,6420
5,1623 5,1955
9 09:34
4,4944 4,5266
4,1333 4,1654
4,6097 4,6425
5,1631 5,1963
10 09:35
4,4942 4,5264
4,1333 4,1654
4,6092 4,6420
5,1628 5,1960
11 09:36
4,4943 4,5265
4,1329 4,1650
4,6082 4,6410
5,1630 5,1962
12 09:37
4,4941 4,5263
4,1319 4,1640
4,6075 4,6403
5,1613 5,1945
13 09:38
4,4941 4,5263
4,1317 4,1638
4,6073 4,6401
5,1622 5,1954
14 09:39
4,4929 4,5251
4,1310 4,1631
4,6062 4,6390
5,1607 5,1939
15 09:40
4,4932 4,5254
4,1309 4,1630
4,6073 4,6401
5,1613 5,1945
16 09:41
4,4933 4,5255
4,1306 4,1627
4,6075 4,6403
5,1612 5,1944
17 09:42
4,4929 4,5251
4,1305 4,1626
4,6079 4,6407
5,1608 5,1940
18 09:43
4,4937 4,5259
4,1317 4,1638
4,6076 4,6404
5,1617 5,1949
19 09:44
4,4938 4,5260
4,1315 4,1636
4,6077 4,6405
5,1618 5,1950
20 09:45
4,4936 4,5258
4,1313 4,1634
4,6080 4,6408
5,1621 5,1953
21 09:46
4,4939 4,5261
4,1317 4,1638
4,6078 4,6407
5,1634 5,1966
22 09:47
4,4938 4,5260
4,1317 4,1638
4,6084 4,6413
5,1624 5,1956
23 09:48
4,4940 4,5262
4,1324 4,1645
4,6088 4,6417
5,1629 5,1961
24 09:49
4,4940 4,5262
4,1326 4,1647
4,6088 4,6417
5,1629 5,1961
25 09:50
4,4943 4,5265
4,1325 4,1646
4,6089 4,6418
5,1625 5,1957
26 09:51
4,4950 4,5272
4,1329 4,1650
4,6099 4,6427
5,1632 5,1964
27 09:52
4,4954 4,5276
4,1337 4,1658
4,6103 4,6431
5,1637 5,1969
28 09:53
4,4949 4,5271
4,1338 4,1659
4,6100 4,6428
5,1631 5,1963
29 09:54
4,4950 4,5272
4,1335 4,1656
4,6101 4,6429
5,1626 5,1958
30 09:55
4,4950 4,5272
4,1333 4,1654
4,6099 4,6427
5,1627 5,1959
31 09:56
4,4946 4,5268
4,1328 4,1649
4,6097 4,6426
5,1624 5,1956
32 09:57
4,4948 4,5270
4,1328 4,1649
4,6099 4,6428
5,1624 5,1956
33 09:58
4,4948 4,5270
4,1322 4,1643
4,6092 4,6421
5,1612 5,1944
34 09:59
4,4949 4,5271
4,1330 4,1651
4,6100 4,6429
5,1619 5,1951
35 10:00
Definite connection error#======================
2023-5-15
# 1.EUR, 2.USD, 3.CHF, 4.GBP
Sell Price, Buy Price
1 10:04
4,4953 4,5275
4,1342 4,1663
4,6106 4,6434
5,1620 5,1952
2 10:05
4,4949 4,5271
4,1336 4,1657
4,6102 4,6430
5,1619 5,1951
3 10:06
4,4945 4,5267
4,1334 4,1655
4,6098 4,6426
5,1614 5,1946
4 10:07
4,4943 4,5265
4,1319 4,1640
4,6089 4,6417
5,1609 5,1941
5 10:08
4,4942 4,5264
4,1318 4,1639
4,6088 4,6416
5,1602 5,1934
6 10:09
4,4941 4,5263
4,1314 4,1635
4,6087 4,6415
5,1595 5,1927
7 10:10
4,4951 4,5273
4,1328 4,1649
4,6100 4,6428
5,1612 5,1944
8 10:11
4,4945 4,5267
4,1327 4,1648
4,6098 4,6426
5,1611 5,1944
9 10:12
4,4949 4,5271
4,1321 4,1642
4,6098 4,6426
5,1610 5,1943
10 10:13
4,4947 4,5269
4,1313 4,1634
4,6096 4,6424
5,1605 5,1938
11 10:14
4,4941 4,5263
4,1312 4,1633
4,6085 4,6413
5,1595 5,1928
12 10:15
4,4942 4,5264
4,1307 4,1628
4,6086 4,6414
5,1596 5,1929
13 10:16
4,4934 4,5256
4,1303 4,1624
4,6075 4,6403
5,1589 5,1921
14 10:17
4,4922 4,5244
4,1294 4,1615
4,6065 4,6393
5,1573 5,1905
15 10:18
4,4916 4,5238
4,1287 4,1608
4,6060 4,6388
5,1572 5,1904
16 10:19
4,4925 4,5247
4,1289 4,1610
4,6068 4,6396
5,1577 5,1909
17 10:20
4,4926 4,5248
4,1290 4,1611
4,6074 4,6402
5,1584 5,1916
18 10:21
4,4937 4,5259
4,1308 4,1629
4,6093 4,6421
5,1602 5,1935
19 10:22
4,4943 4,5265
4,1313 4,1634
4,6101 4,6429
5,1609 5,1942
20 10:23
4,4945 4,5267
4,1321 4,1642
4,6103 4,6431
5,1614 5,1947
21 10:24
4,4947 4,5269
4,1321 4,1642
4,6105 4,6433
5,1620 5,1953
22 10:25
4,4944 4,5266
4,1328 4,1649
4,6104 4,6432
5,1622 5,1955
23 10:26
4,4955 4,5277
4,1336 4,1657
4,6116 4,6444
5,1626 5,1958
24 10:27
4,4947 4,5269
4,1327 4,1648
4,6107 4,6435
5,1620 5,1952
25 10:28
4,4942 4,5264
4,1324 4,1645
4,6102 4,6430
5,1614 5,1946
26 10:29
4,4940 4,5262
4,1318 4,1639
4,6098 4,6426
5,1611 5,1943
27 10:30
4,4941 4,5263
4,1321 4,1642
4,6096 4,6424
5,1615 5,1947
28 10:31
4,4941 4,5263
4,1313 4,1634
4,6094 4,6422
5,1618 5,1950
29 10:32
4,4952 4,5274
4,1327 4,1648
4,6108 4,6436
5,1635 5,1967
30 10:33
4,4950 4,5272
4,1324 4,1645
4,6103 4,6431
5,1632 5,1964
31 10:34
4,4950 4,5272
4,1326 4,1647
4,6106 4,6434
5,1632 5,1964
32 10:35
4,4950 4,5272
4,1327 4,1648
4,6110 4,6438
5,1634 5,1966
33 10:36
4,4951 4,5273
4,1332 4,1653
4,6109 4,6438
5,1639 5,1971
34 10:37
4,4950 4,5272
4,1328 4,1649
4,6108 4,6437
5,1635 5,1967
35 10:38
4,4949 4,5271
4,1327 4,1648
4,6104 4,6433
5,1625 5,1957
36 10:39
4,4958 4,5280
4,1327 4,1648
4,6109 4,6438
5,1632 5,1964
37 10:40
4,4957 4,5279
4,1328 4,1649
4,6106 4,6435
5,1637 5,1969
38 10:41
4,4958 4,5280
4,1329 4,1650
4,6109 4,6437
5,1638 5,1970
39 10:42
4,4958 4,5280
4,1331 4,1652
4,6107 4,6435
5,1641 5,1973
40 10:43
4,4958 4,5280
4,1335 4,1656
4,6107 4,6435
5,1641 5,1973
41 10:44
4,4959 4,5281
4,1336 4,1657
4,6108 4,6436
5,1642 5,1974
42 10:45
4,4960 4,5282
4,1340 4,1661
4,6114 4,6442
5,1646 5,1978
43 10:46
4,4955 4,5277
4,1332 4,1653
4,6104 4,6432
5,1641 5,1973
44 10:47
4,4959 4,5281
4,1339 4,1660
4,6108 4,6436
5,1642 5,1974
45 10:48
4,4960 4,5282
4,1344 4,1665
4,6099 4,6427
5,1643 5,1975
46 10:49
4,4959 4,5281
4,1343 4,1664
4,6098 4,6426
5,1642 5,1974
47 10:50
4,4956 4,5278
4,1345 4,1666
4,6095 4,6423
5,1642 5,1974
48 10:51
4,4954 4,5276
4,1345 4,1666
4,6093 4,6421
5,1645 5,1977
49 10:52
4,4945 4,5267
4,1338 4,1659
4,6089 4,6417
5,1635 5,1967
50 10:53
4,4946 4,5268
4,1339 4,1660
4,6094 4,6422
5,1636 5,1968
51 10:54
4,4945 4,5267
4,1340 4,1661
4,6089 4,6417
5,1641 5,1973
52 10:55
4,4942 4,5264
4,1343 4,1664
4,6088 4,6416
5,1641 5,1973
53 10:56
4,4940 4,5262
4,1341 4,1662
4,6088 4,6416
5,1641 5,1973
54 10:57
4,4935 4,5257
4,1342 4,1663
4,6088 4,6416
5,1648 5,1980
55 10:58
4,4920 4,5242
4,1336 4,1657
4,6075 4,6403
5,1630 5,1962
56 10:59
4,4907 4,5229
4,1315 4,1636
4,6059 4,6387
5,1618 5,1950
57 11:00
4,4893 4,5215
4,1302 4,1623
4,6045 4,6373
5,1611 5,1943
58 11:01
4,4895 4,5217
4,1311 4,1632
4,6052 4,6380
5,1613 5,1945
59 11:02
4,4892 4,5214
4,1310 4,1631
4,6046 4,6374
5,1618 5,1950
60 11:03
4,4895 4,5217
4,1307 4,1628
4,6040 4,6368
5,1616 5,1948
61 11:04
4,4893 4,5215
4,1306 4,1627
4,6036 4,6364
5,1614 5,1946
62 11:05
4,4888 4,5210
4,1309 4,1630
4,6035 4,6363
5,1614 5,1946
63 11:06
4,4889 4,5211
4,1313 4,1634
4,6036 4,6364
5,1613 5,1946
64 11:07
4,4893 4,5215
4,1321 4,1642
4,6045 4,6373
5,1615 5,1948
65 11:08
4,4890 4,5212
4,1326 4,1647
4,6047 4,6375
5,1612 5,1945
66 11:09
4,4885 4,5207
4,1323 4,1644
4,6044 4,6372
5,1605 5,1938
67 11:10
4,4884 4,5206
4,1324 4,1645
4,6045 4,6373
5,1604 5,1937
68 11:11
4,4880 4,5202
4,1330 4,1651
4,6049 4,6377
5,1608 5,1941
69 11:12
4,4892 4,5214
4,1347 4,1668
4,6065 4,6393
5,1625 5,1958
70 11:13
4,4899 4,5221
4,1353 4,1674
4,6072 4,6400
5,1630 5,1963
71 11:14
4,4899 4,5221
4,1355 4,1676
4,6075 4,6403
5,1633 5,1966
72 11:15
4,4899 4,5221
4,1349 4,1670
4,6071 4,6399
5,1630 5,1963
73 11:16
4,4893 4,5215
4,1340 4,1661
4,6066 4,6394
5,1624 5,1956
74 11:17
4,4875 4,5197
4,1321 4,1642
4,6055 4,6383
5,1605 5,1937
75 11:18
4,4873 4,5195
4,1314 4,1635
4,6058 4,6386
5,1609 5,1941
76 11:19
4,4876 4,5198
4,1315 4,1636
4,6051 4,6379
5,1615 5,1947
77 11:20
4,4878 4,5200
4,1322 4,1643
4,6044 4,6372
5,1618 5,1950
78 11:21
4,4888 4,5210
4,1330 4,1651
4,6066 4,6394
5,1626 5,1958
79 11:22
4,4898 4,5220
4,1343 4,1664
4,6086 4,6414
5,1641 5,1973
80 11:23
4,4906 4,5228
4,1356 4,1677
4,6090 4,6418
5,1649 5,1981
81 11:24
4,4908 4,5230
4,1356 4,1677
4,6089 4,6417
5,1649 5,1981
82 11:25
4,4909 4,5231
4,1361 4,1682
4,6110 4,6438
5,1648 5,1980
83 11:26
4,4914 4,5236
4,1361 4,1682
4,6119 4,6447
5,1650 5,1982
84 11:27
4,4915 4,5237
4,1360 4,1681
4,6122 4,6450
5,1651 5,1983
85 11:28
4,4918 4,5240
4,1361 4,1682
4,6128 4,6456
5,1652 5,1984
86 11:29
4,4918 4,5240
4,1359 4,1680
4,6123 4,6451
5,1655 5,1987
87 11:30
4,4930 4,5252
4,1370 4,1691
4,6133 4,6461
5,1666 5,1998
88 11:31
4,4913 4,5235
4,1351 4,1672
4,6113 4,6441
5,1643 5,1975
89 11:32
4,4912 4,5234
4,1348 4,1669
4,6109 4,6437
5,1648 5,1980
90 11:33
4,4912 4,5234
4,1346 4,1667
4,6107 4,6435
5,1645 5,1977
91 11:34
4,4904 4,5226
4,1337 4,1658
4,6092 4,6420
5,1632 5,1964
92 11:35
4,4909 4,5231
4,1338 4,1659
4,6099 4,6427
5,1642 5,1974
93 11:36
4,4907 4,5229
4,1332 4,1653
4,6088 4,6416
5,1636 5,1968
94 11:37
4,4906 4,5228
4,1329 4,1650
4,6087 4,6415
5,1632 5,1964
95 11:38
4,4905 4,5227
4,1330 4,1651
4,6079 4,6407
5,1628 5,1960
96 11:39
4,4909 4,5231
4,1334 4,1655
4,6080 4,6408
5,1642 5,1974
97 11:40
4,4906 4,5228
4,1329 4,1650
4,6077 4,6405
5,1638 5,1970
98 11:41
4,4910 4,5232
4,1331 4,1652
4,6079 4,6407
5,1633 5,1965
99 11:42
4,4907 4,5229
4,1326 4,1647
4,6074 4,6402
5,1630 5,1962
100 11:43
4,4910 4,5232
4,1325 4,1646
4,6079 4,6407
5,1637 5,1969
101 11:44
4,4915 4,5237
4,1333 4,1654
4,6082 4,6410
5,1638 5,1970
102 11:45
4,4917 4,5239
4,1332 4,1653
4,6079 4,6407
5,1642 5,1974
103 11:46
4,4916 4,5238
4,1332 4,1653
4,6076 4,6404
5,1640 5,1972
104 11:47
4,4917 4,5239
4,1335 4,1656
4,6079 4,6407
5,1645 5,1977
105 11:48
4,4915 4,5237
4,1333 4,1654
4,6079 4,6407
5,1645 5,1977
106 11:49
4,4915 4,5237
4,1332 4,1653
4,6079 4,6407
5,1645 5,1977
107 11:50
4,4916 4,5238
4,1336 4,1657
4,6083 4,6411
5,1638 5,1970
108 11:51
4,4923 4,5245
4,1337 4,1658
4,6085 4,6413
5,1649 5,1981
109 11:52
4,4932 4,5254
4,1345 4,1666
4,6094 4,6422
5,1665 5,1997
110 11:53
4,4932 4,5254
4,1345 4,1666
4,6097 4,6425
5,1665 5,1997
111 11:54
4,4933 4,5255
4,1343 4,1664
4,6100 4,6428
5,1671 5,2003
112 11:55
4,4933 4,5255
4,1337 4,1658
4,6100 4,6428
5,1675 5,2007
113 11:56
4,4929 4,5251
4,1335 4,1656
4,6101 4,6429
5,1679 5,2011
114 11:57
4,4929 4,5251
4,1335 4,1656
4,6101 4,6429
5,1682 5,2014
115 11:58
4,4930 4,5252
4,1336 4,1657
4,6099 4,6427
5,1686 5,2018
116 11:59
4,4933 4,5255
4,1335 4,1656
4,6093 4,6421
5,1690 5,2022
117 12:00
4,4934 4,5256
4,1336 4,1657
4,6092 4,6420
5,1679 5,2011
118 12:01
4,4934 4,5256
4,1338 4,1659
4,6092 4,6420
5,1676 5,2008
119 12:02
4,4932 4,5254
4,1332 4,1653
4,6085 4,6413
5,1665 5,1997
120 12:03
4,4918 4,5240
4,1317 4,1638
4,6071 4,6399
5,1646 5,1978
121 12:04
4,4917 4,5239
4,1316 4,1637
4,6070 4,6398
5,1639 5,1971
122 12:05
4,4917 4,5239
4,1314 4,1635
4,6070 4,6398
5,1639 5,1971
123 12:06
4,4917 4,5239
4,1318 4,1639
4,6074 4,6402
5,1639 5,1971
124 12:07
4,4917 4,5239
4,1320 4,1641
4,6074 4,6402
5,1639 5,1971
125 12:08
4,4912 4,5234
4,1315 4,1636
4,6064 4,6392
5,1627 5,1959
126 12:09
4,4908 4,5230
4,1310 4,1631
4,6051 4,6379
5,1628 5,1960
127 12:10
4,4907 4,5229
4,1307 4,1628
4,6045 4,6373
5,1618 5,1950
128 12:11
4,4909 4,5231
4,1309 4,1630
4,6047 4,6375
5,1621 5,1953
129 12:12
4,4907 4,5229
4,1305 4,1626
4,6045 4,6373
5,1621 5,1953
130 12:13
4,4908 4,5230
4,1302 4,1623
4,6039 4,6367
5,1632 5,1964
131 12:14
4,4902 4,5224
4,1297 4,1618
4,6033 4,6361
5,1625 5,1957
132 12:15
4,4905 4,5227
4,1301 4,1622
4,6036 4,6364
5,1628 5,1960
133 12:16
4,4899 4,5221
4,1302 4,1623
4,6037 4,6365
5,1626 5,1958
134 12:17
4,4903 4,5225
4,1309 4,1630
4,6041 4,6369
5,1637 5,1969
135 12:18
4,4902 4,5224
4,1304 4,1625
4,6033 4,6361
5,1631 5,1963
136 12:19
4,4902 4,5224
4,1308 4,1629
4,6033 4,6361
5,1630 5,1962
137 12:20
4,4903 4,5225
4,1309 4,1630
4,6034 4,6362
5,1626 5,1958
138 12:21
4,4904 4,5226
4,1315 4,1636
4,6037 4,6365
5,1632 5,1964
139 12:22
4,4900 4,5222
4,1312 4,1633
4,6038 4,6366
5,1630 5,1962
140 12:23
4,4897 4,5219
4,1306 4,1627
4,6035 4,6363
5,1624 5,1956
141 12:24
4,4895 4,5217
4,1296 4,1617
4,6028 4,6356
5,1628 5,1960
142 12:25
4,4891 4,5213
4,1290 4,1611
4,6024 4,6352
5,1618 5,1950
143 12:26
4,4898 4,5220
4,1297 4,1618
4,6036 4,6364
5,1626 5,1958
144 12:27
4,4894 4,5216
4,1290 4,1611
4,6032 4,6360
5,1618 5,1950
145 12:28
4,4890 4,5212
4,1282 4,1603
4,6033 4,6361
5,1608 5,1940
146 12:29
4,4891 4,5213
4,1280 4,1601
4,6035 4,6363
5,1617 5,1949
147 12:30
4,4891 4,5213
4,1279 4,1600
4,6038 4,6366
5,1618 5,1950
148 12:31
4,4893 4,5215
4,1283 4,1604
4,6049 4,6377
5,1623 5,1955
149 12:32
4,4895 4,5217
4,1285 4,1606
4,6054 4,6382
5,1629 5,1961
150 12:33
4,4894 4,5216
4,1282 4,1603
4,6051 4,6379
5,1627 5,1959
151 12:34
4,4894 4,5216
4,1282 4,1603
4,6039 4,6367
5,1621 5,1953
152 12:35
4,4892 4,5214
4,1280 4,1601
4,6044 4,6372
5,1622 5,1954
153 12:36
4,4892 4,5214
4,1276 4,1597
4,6046 4,6374
5,1624 5,1956
154 12:37
4,4891 4,5213
4,1281 4,1602
4,6045 4,6373
5,1630 5,1962
155 12:38
4,4892 4,5214
4,1278 4,1599
4,6046 4,6374
5,1625 5,1957
156 12:39
4,4890 4,5212
4,1276 4,1597
4,6044 4,6372
5,1629 5,1961
157 12:40
4,4891 4,5213
4,1279 4,1600
4,6048 4,6376
5,1636 5,1968
158 12:41
4,4889 4,5211
4,1277 4,1598
4,6043 4,6371
5,1636 5,1968
159 12:42
4,4888 4,5210
4,1276 4,1597
4,6040 4,6368
5,1632 5,1964
160 12:43
4,4888 4,5210
4,1274 4,1595
4,6042 4,6370
5,1629 5,1961
161 12:44
4,4876 4,5198
4,1262 4,1583
4,6030 4,6358
5,1618 5,1950
162 12:45
4,4874 4,5196
4,1260 4,1581
4,6030 4,6358
5,1622 5,1954
163 12:46
4,4870 4,5192
4,1252 4,1573
4,6028 4,6356
5,1614 5,1946
164 12:47
4,4870 4,5192
4,1250 4,1571
4,6026 4,6354
5,1615 5,1947
165 12:48
4,4870 4,5192
4,1252 4,1573
4,6026 4,6354
5,1612 5,1944
166 12:49
4,4870 4,5192
4,1248 4,1569
4,6021 4,6349
5,1609 5,1941
167 12:50
4,4872 4,5194
4,1252 4,1573
4,6019 4,6347
5,1614 5,1946
168 12:51
4,4872 4,5194
4,1250 4,1571
4,6019 4,6347
5,1614 5,1946
169 12:52
4,4872 4,5194
4,1252 4,1573
4,6021 4,6349
5,1614 5,1946
170 12:53
4,4875 4,5197
4,1259 4,1580
4,6026 4,6354
5,1614 5,1946
171 12:54
4,4872 4,5194
4,1256 4,1577
4,6026 4,6354
5,1611 5,1943
172 12:55
4,4870 4,5192
4,1252 4,1573
4,6021 4,6349
5,1610 5,1942
173 12:56
4,4873 4,5195
4,1251 4,1572
4,6024 4,6352
5,1617 5,1949
174 12:57
4,4876 4,5198
4,1250 4,1571
4,6027 4,6355
5,1612 5,1944
175 12:58
4,4878 4,5200
4,1250 4,1571
4,6034 4,6362
5,1614 5,1946
176 12:59
4,4878 4,5200
4,1248 4,1569
4,6029 4,6357
5,1621 5,1953
177 13:00
4,4876 4,5198
4,1250 4,1571
4,6030 4,6358
5,1618 5,1950
178 13:01
4,4877 4,5199
4,1253 4,1574
4,6036 4,6364
5,1619 5,1951
179 13:02
4,4878 4,5200
4,1258 4,1579
4,6034 4,6362
5,1627 5,1959
180 13:03
4,4880 4,5202
4,1263 4,1584
4,6034 4,6362
5,1632 5,1964
181 13:04
4,4885 4,5207
4,1268 4,1589
4,6041 4,6369
5,1638 5,1970
182 13:05
4,4887 4,5209
4,1266 4,1587
4,6041 4,6369
5,1640 5,1972
183 13:06
4,4888 4,5210
4,1270 4,1591
4,6044 4,6372
5,1647 5,1979
184 13:07
4,4887 4,5209
4,1270 4,1591
4,6046 4,6374
5,1646 5,1978
185 13:08
4,4888 4,5210
4,1271 4,1592
4,6047 4,6375
5,1647 5,1979
186 13:09
4,4888 4,5210
4,1272 4,1593
4,6049 4,6377
5,1644 5,1976
187 13:10
4,4899 4,5221
4,1284 4,1605
4,6063 4,6391
5,1653 5,1985
188 13:11
4,4906 4,5228
4,1291 4,1612
4,6065 4,6393
5,1662 5,1994
189 13:12
4,4908 4,5230
4,1294 4,1615
4,6067 4,6395
5,1664 5,1996
190 13:13
4,4909 4,5231
4,1294 4,1615
4,6076 4,6404
5,1662 5,1994
191 13:14
4,4909 4,5231
4,1294 4,1615
4,6076 4,6404
5,1662 5,1994
192 13:15
4,4908 4,5230
4,1293 4,1614
4,6074 4,6402
5,1664 5,1996
193 13:16
4,4909 4,5231
4,1292 4,1613
4,6080 4,6408
5,1671 5,2003
194 13:17
4,4908 4,5230
4,1289 4,1610
4,6082 4,6410
5,1671 5,2003
195 13:18
4,4911 4,5233
4,1294 4,1615
4,6078 4,6406
5,1674 5,2006
196 13:19
4,4913 4,5235
4,1293 4,1614
4,6075 4,6403
5,1676 5,2008
197 13:20
4,4906 4,5228
4,1287 4,1608
4,6068 4,6396
5,1668 5,2000
198 13:21
4,4904 4,5226
4,1281 4,1602
4,6066 4,6394
5,1671 5,2003
199 13:22
4,4903 4,5225
4,1275 4,1596
4,6065 4,6393
5,1683 5,2015
200 13:23
4,4902 4,5224
4,1278 4,1599
4,6063 4,6391
5,1679 5,2011
201 13:24
4,4905 4,5227
4,1282 4,1603
4,6067 4,6395
5,1676 5,2008
202 13:25
4,4907 4,5229
4,1286 4,1607
4,6066 4,6394
5,1677 5,2009
203 13:26
4,4906 4,5228
4,1287 4,1608
4,6063 4,6391
5,1674 5,2006
204 13:27
4,4905 4,5227
4,1280 4,1601
4,6062 4,6390
5,1661 5,1993
205 13:28
4,4907 4,5229
4,1280 4,1601
4,6062 4,6390
5,1663 5,1995
206 13:29
4,4906 4,5228
4,1279 4,1600
4,6061 4,6389
5,1661 5,1993
207 13:30
4,4905 4,5227
4,1280 4,1601
4,6056 4,6384
5,1661 5,1993
208 13:31
4,4907 4,5229
4,1280 4,1601
4,6057 4,6385
5,1663 5,1995
209 13:32
4,4907 4,5229
4,1276 4,1597
4,6057 4,6385
5,1657 5,1989
210 13:33
4,4907 4,5229
4,1290 4,1611
4,6061 4,6389
5,1663 5,1995
211 13:34
4,4909 4,5231
4,1288 4,1609
4,6068 4,6396
5,1665 5,1997
212 13:35
4,4909 4,5231
4,1288 4,1609
4,6068 4,6396
5,1659 5,1991
213 13:36
4,4909 4,5231
4,1290 4,1611
4,6068 4,6396
5,1653 5,1985
214 13:37
4,4909 4,5231
4,1286 4,1607
4,6066 4,6394
5,1656 5,1988
215 13:38
4,4910 4,5232
4,1295 4,1616
4,6065 4,6393
5,1663 5,1995
216 13:39
4,4913 4,5235
4,1294 4,1615
4,6076 4,6404
5,1664 5,1996
217 13:40
4,4915 4,5237
4,1295 4,1616
4,6082 4,6410
5,1663 5,1995
218 13:41
4,4915 4,5237
4,1297 4,1618
4,6079 4,6407
5,1666 5,1998
219 13:42
4,4913 4,5235
4,1288 4,1609
4,6077 4,6405
5,1655 5,1987
220 13:43
4,4913 4,5235
4,1290 4,1611
4,6075 4,6403
5,1657 5,1989
221 13:44
4,4907 4,5229
4,1282 4,1603
4,6066 4,6394
5,1645 5,1977
222 13:45
4,4907 4,5229
4,1278 4,1599
4,6064 4,6392
5,1642 5,1974
223 13:46
4,4907 4,5229
4,1275 4,1596
4,6066 4,6394
5,1645 5,1977
224 13:47
4,4907 4,5229
4,1278 4,1599
4,6069 4,6397
5,1645 5,1977
225 13:48
4,4907 4,5229
4,1276 4,1597
4,6082 4,6410
5,1660 5,1992
226 13:49
4,4897 4,5219
4,1264 4,1585
4,6073 4,6401
5,1646 5,1978
227 13:50
4,4904 4,5226
4,1274 4,1595
4,6080 4,6408
5,1654 5,1986
228 13:51
4,4903 4,5225
4,1275 4,1596
4,6081 4,6409
5,1658 5,1990
229 13:52
4,4901 4,5223
4,1271 4,1592
4,6080 4,6408
5,1659 5,1991
230 13:53
4,4901 4,5223
4,1269 4,1590
4,6082 4,6410
5,1659 5,1991
231 13:54
4,4902 4,5224
4,1272 4,1593
4,6083 4,6411
5,1663 5,1995
232 13:55
4,4899 4,5221
4,1271 4,1592
4,6068 4,6396
5,1651 5,1983
233 13:56
4,4897 4,5219
4,1273 4,1594
4,6073 4,6401
5,1658 5,1990
234 13:57
4,4897 4,5219
4,1281 4,1602
4,6068 4,6396
5,1669 5,2001
235 13:58
4,4899 4,5221
4,1281 4,1602
4,6068 4,6396
5,1671 5,2003
236 13:59
4,4890 4,5212
4,1272 4,1593
4,6054 4,6382
5,1658 5,1990
237 14:00
4,4887 4,5209
4,1260 4,1581
4,6048 4,6376
5,1653 5,1985
238 14:01
4,4890 4,5212
4,1261 4,1582
4,6061 4,6389
5,1646 5,1978
239 14:02
4,4892 4,5214
4,1268 4,1589
4,6053 4,6381
5,1657 5,1989
240 14:03
4,4891 4,5213
4,1266 4,1587
4,6050 4,6378
5,1657 5,1989
241 14:04
4,4893 4,5215
4,1269 4,1590
4,6057 4,6385
5,1662 5,1994
242 14:05
4,4899 4,5221
4,1275 4,1596
4,6063 4,6391
5,1669 5,2001
243 14:06
4,4900 4,5222
4,1276 4,1597
4,6062 4,6390
5,1673 5,2005
244 14:07
4,4904 4,5226
4,1279 4,1600
4,6068 4,6396
5,1674 5,2006
245 14:08
4,4904 4,5226
4,1281 4,1602
4,6068 4,6396
5,1678 5,2010
246 14:09
4,4908 4,5230
4,1283 4,1604
4,6070 4,6398
5,1685 5,2017
247 14:10
4,4907 4,5229
4,1284 4,1605
4,6066 4,6394
5,1677 5,2009
248 14:11
4,4905 4,5227
4,1284 4,1605
4,6074 4,6402
5,1683 5,2015
249 14:12
4,4906 4,5228
4,1285 4,1606
4,6080 4,6408
5,1679 5,2011
250 14:13
4,4905 4,5227
4,1286 4,1607
4,6078 4,6406
5,1676 5,2008
251 14:14
4,4901 4,5223
4,1284 4,1605
4,6075 4,6403
5,1668 5,2000
252 14:15
4,4904 4,5226
4,1289 4,1610
4,6073 4,6401
5,1671 5,2003
253 14:16
4,4905 4,5227
4,1282 4,1603
4,6074 4,6402
5,1666 5,1998
254 14:17
4,4905 4,5227
4,1280 4,1601
4,6070 4,6398
5,1664 5,1996
255 14:18
4,4911 4,5233
4,1288 4,1609
4,6078 4,6406
5,1668 5,2000
256 14:19
4,4914 4,5236
4,1294 4,1615
4,6081 4,6409
5,1671 5,2003
257 14:20
4,4916 4,5238
4,1298 4,1619
4,6078 4,6406
5,1674 5,2006
258 14:21
4,4914 4,5236
4,1298 4,1619
4,6081 4,6409
5,1683 5,2015
259 14:22
4,4914 4,5236
4,1289 4,1610
4,6074 4,6402
5,1674 5,2006
260 14:23
4,4915 4,5237
4,1293 4,1614
4,6079 4,6407
5,1675 5,2007
261 14:24
4,4915 4,5237
4,1292 4,1613
4,6078 4,6406
5,1672 5,2004
262 14:25
4,4921 4,5243
4,1297 4,1618
4,6083 4,6411
5,1685 5,2017
263 14:26
4,4925 4,5247
4,1299 4,1620
4,6085 4,6413
5,1691 5,2023
264 14:27
4,4926 4,5248
4,1302 4,1623
4,6086 4,6414
5,1688 5,2020
265 14:28
4,4927 4,5249
4,1303 4,1624
4,6087 4,6415
5,1677 5,2009
266 14:29
4,4926 4,5248
4,1300 4,1621
4,6091 4,6419
5,1679 5,2011
267 14:30
4,4915 4,5237
4,1289 4,1610
4,6076 4,6404
5,1662 5,1994
268 14:31
4,4928 4,5250
4,1259 4,1580
4,6108 4,6436
5,1669 5,2001
269 14:32
4,4925 4,5247
4,1267 4,1588
4,6088 4,6416
5,1669 5,2001
270 14:33
4,4922 4,5244
4,1268 4,1589
4,6087 4,6415
5,1678 5,2010
271 14:34
4,4923 4,5245
4,1276 4,1597
4,6090 4,6418
5,1675 5,2007
272 14:35
4,4921 4,5243
4,1272 4,1593
4,6088 4,6416
5,1685 5,2017
273 14:36
4,4919 4,5241
4,1261 4,1582
4,6091 4,6419
5,1689 5,2021
274 14:37
4,4916 4,5238
4,1272 4,1593
4,6085 4,6413
5,1693 5,2025
275 14:38
4,4911 4,5233
4,1276 4,1597
4,6087 4,6415
5,1686 5,2018
276 14:39
4,4910 4,5232
4,1277 4,1598
4,6082 4,6410
5,1688 5,2020
277 14:40
4,4906 4,5228
4,1274 4,1595
4,6080 4,6408
5,1689 5,2021
278 14:41
4,4903 4,5225
4,1279 4,1600
4,6084 4,6412
5,1682 5,2014
279 14:42
4,4903 4,5225
4,1282 4,1603
4,6088 4,6416
5,1682 5,2014
280 14:43
4,4905 4,5227
4,1286 4,1607
4,6090 4,6418
5,1690 5,2022
281 14:44
4,4899 4,5221
4,1277 4,1598
4,6082 4,6410
5,1684 5,2016
282 14:45
4,4900 4,5222
4,1276 4,1597
4,6086 4,6414
5,1679 5,2011
283 14:46
4,4890 4,5212
4,1261 4,1582
4,6078 4,6406
5,1665 5,1997
284 14:47
4,4887 4,5209
4,1264 4,1585
4,6065 4,6393
5,1664 5,1996
285 14:48
4,4878 4,5200
4,1258 4,1579
4,6055 4,6383
5,1659 5,1991
286 14:49
4,4879 4,5201
4,1264 4,1585
4,6054 4,6382
5,1655 5,1987
287 14:50
4,4881 4,5203
4,1266 4,1587
4,6049 4,6377
5,1660 5,1992
288 14:51
4,4890 4,5212
4,1267 4,1588
4,6061 4,6389
5,1670 5,2002
289 14:52
4,4891 4,5213
4,1266 4,1587
4,6057 4,6385
5,1671 5,2003
290 14:53
4,4892 4,5214
4,1268 4,1589
4,6051 4,6379
5,1664 5,1996
291 14:54
4,4890 4,5212
4,1261 4,1582
4,6051 4,6379
5,1664 5,1996
292 14:55
4,4897 4,5219
4,1266 4,1587
4,6059 4,6387
5,1673 5,2005
293 14:56
4,4896 4,5218
4,1261 4,1582
4,6058 4,6386
5,1658 5,1990
294 14:57
4,4899 4,5221
4,1262 4,1583
4,6058 4,6386
5,1654 5,1986
295 14:58
4,4900 4,5222
4,1262 4,1583
4,6059 4,6387
5,1650 5,1982
296 14:59
4,4908 4,5230
4,1274 4,1595
4,6067 4,6395
5,1658 5,1990
297 15:00
4,4907 4,5229
4,1275 4,1596
4,6062 4,6390
5,1654 5,1986
298 15:01
4,4908 4,5230
4,1279 4,1600
4,6063 4,6391
5,1651 5,1983
299 15:02
4,4906 4,5228
4,1281 4,1602
4,6058 4,6386
5,1650 5,1982
300 15:03
4,4904 4,5226
4,1285 4,1606
4,6061 4,6389
5,1660 5,1992
301 15:04
4,4908 4,5230
4,1291 4,1612
4,6067 4,6395
5,1664 5,1996
302 15:05
4,4914 4,5236
4,1296 4,1617
4,6074 4,6402
5,1677 5,2009
303 15:06
4,4918 4,5240
4,1292 4,1613
4,6071 4,6399
5,1673 5,2005
304 15:07
4,4919 4,5241
4,1291 4,1612
4,6076 4,6404
5,1674 5,2006
305 15:08
4,4917 4,5239
4,1295 4,1616
4,6076 4,6404
5,1677 5,2009
306 15:09
4,4917 4,5239
4,1291 4,1612
4,6070 4,6398
5,1674 5,2006
307 15:10
4,4910 4,5232
4,1285 4,1606
4,6065 4,6393
5,1663 5,1995
308 15:11
4,4904 4,5226
4,1281 4,1602
4,6059 4,6387
5,1651 5,1983
309 15:12
4,4904 4,5226
4,1274 4,1595
4,6061 4,6389
5,1645 5,1977
310 15:13
4,4900 4,5222
4,1270 4,1591
4,6057 4,6385
5,1643 5,1975
311 15:14
4,4898 4,5220
4,1266 4,1587
4,6050 4,6378
5,1649 5,1981
312 15:15
4,4899 4,5221
4,1273 4,1594
4,6051 4,6379
5,1649 5,1981
313 15:16
4,4898 4,5220
4,1274 4,1595
4,6057 4,6385
5,1655 5,1987
314 15:17
4,4895 4,5217
4,1273 4,1594
4,6064 4,6392
5,1652 5,1984
315 15:18
4,4894 4,5216
4,1270 4,1591
4,6065 4,6393
5,1648 5,1980
316 15:19
4,4893 4,5215
4,1269 4,1590
4,6059 4,6387
5,1650 5,1982
317 15:20
4,4893 4,5215
4,1269 4,1590
4,6062 4,6390
5,1650 5,1982
318 15:21
4,4889 4,5211
4,1266 4,1587
4,6062 4,6390
5,1645 5,1977
319 15:22
4,4889 4,5211
4,1262 4,1583
4,6060 4,6388
5,1642 5,1974
320 15:23
4,4887 4,5209
4,1254 4,1575
4,6062 4,6390
5,1643 5,1975
321 15:24
4,4884 4,5206
4,1246 4,1567
4,6057 4,6385
5,1636 5,1968
322 15:25
4,4890 4,5212
4,1253 4,1574
4,6063 4,6391
5,1646 5,1978
323 15:26
4,4891 4,5213
4,1252 4,1573
4,6064 4,6392
5,1644 5,1976
324 15:27
4,4894 4,5216
4,1257 4,1578
4,6067 4,6395
5,1650 5,1982
325 15:28
4,4893 4,5215
4,1258 4,1579
4,6061 4,6389
5,1650 5,1982
326 15:29
4,4894 4,5216
4,1259 4,1580
4,6063 4,6391
5,1645 5,1977
327 15:30
4,4892 4,5214
4,1261 4,1582
4,6063 4,6391
5,1646 5,1978
328 15:31
4,4896 4,5218
4,1272 4,1593
4,6074 4,6402
5,1651 5,1983
329 15:32
4,4896 4,5218
4,1272 4,1593
4,6074 4,6402
5,1652 5,1984
330 15:33
4,4889 4,5211
4,1266 4,1587
4,6069 4,6397
5,1646 5,1978
331 15:34
4,4890 4,5212
4,1267 4,1588
4,6075 4,6403
5,1650 5,1982
332 15:35
4,4894 4,5216
4,1284 4,1605
4,6079 4,6407
5,1654 5,1986
333 15:36
4,4898 4,5220
4,1276 4,1597
4,6079 4,6407
5,1659 5,1991
334 15:37
4,4901 4,5223
4,1284 4,1605
4,6082 4,6410
5,1669 5,2001
335 15:38
4,4903 4,5225
4,1281 4,1602
4,6079 4,6407
5,1658 5,1990
336 15:39
4,4905 4,5227
4,1282 4,1603
4,6074 4,6402
5,1658 5,1990
337 15:40
4,4904 4,5226
4,1280 4,1601
4,6070 4,6398
5,1660 5,1992
338 15:41
4,4912 4,5234
4,1287 4,1608
4,6081 4,6409
5,1669 5,2001
339 15:42
4,4912 4,5234
4,1283 4,1604
4,6083 4,6411
5,1675 5,2007
340 15:43
4,4912 4,5234
4,1287 4,1608
4,6076 4,6404
5,1672 5,2004
341 15:44
4,4912 4,5234
4,1285 4,1606
4,6076 4,6404
5,1674 5,2006
342 15:45
4,4912 4,5234
4,1281 4,1602
4,6074 4,6402
5,1672 5,2004
343 15:46
4,4916 4,5238
4,1283 4,1604
4,6083 4,6411
5,1673 5,2005
344 15:47
4,4912 4,5234
4,1279 4,1600
4,6079 4,6407
5,1667 5,1999
345 15:48
4,4908 4,5230
4,1266 4,1587
4,6077 4,6405
5,1664 5,1996
346 15:49
4,4909 4,5231
4,1269 4,1590
4,6085 4,6413
5,1665 5,1997
347 15:50
4,4904 4,5226
4,1268 4,1589
4,6074 4,6402
5,1659 5,1991
348 15:51
4,4907 4,5229
4,1277 4,1598
4,6076 4,6404
5,1663 5,1995
349 15:52
4,4906 4,5228
4,1278 4,1599
4,6077 4,6405
5,1668 5,2000
350 15:53
4,4902 4,5224
4,1276 4,1597
4,6075 4,6403
5,1669 5,2001
351 15:54
4,4897 4,5219
4,1267 4,1588
4,6066 4,6394
5,1669 5,2001
352 15:55
4,4894 4,5216
4,1267 4,1588
4,6067 4,6395
5,1666 5,1998
353 15:56
4,4900 4,5222
4,1270 4,1591
4,6068 4,6396
5,1682 5,2014
354 15:57
4,4897 4,5219
4,1264 4,1585
4,6066 4,6394
5,1681 5,2013
355 15:58
4,4894 4,5216
4,1255 4,1576
4,6060 4,6388
5,1678 5,2010
356 15:59
4,4894 4,5216
4,1261 4,1582
4,6079 4,6407
5,1681 5,2013
357 16:00
4,4894 4,5216
4,1263 4,1584
4,6084 4,6412
5,1681 5,2013
358 16:01
4,4895 4,5217
4,1258 4,1579
4,6087 4,6415
5,1685 5,2017
359 16:02
4,4894 4,5216
4,1261 4,1582
4,6087 4,6415
5,1687 5,2019
360 16:03
4,4893 4,5215
4,1260 4,1581
4,6085 4,6413
5,1686 5,2018
361 16:04
4,4888 4,5210
4,1261 4,1582
4,6078 4,6406
5,1680 5,2012
362 16:05
4,4889 4,5211
4,1262 4,1583
4,6083 4,6411
5,1681 5,2013
363 16:06
4,4889 4,5212
4,1254 4,1575
4,6091 4,6419
5,1684 5,2016
364 16:07
4,4888 4,5211
4,1263 4,1584
4,6097 4,6425
5,1675 5,2007
365 16:08
4,4890 4,5213
4,1265 4,1586
4,6106 4,6434
5,1676 5,2008
366 16:09
4,4892 4,5215
4,1270 4,1591
4,6110 4,6438
5,1678 5,2010
367 16:10
4,4892 4,5215
4,1270 4,1591
4,6113 4,6441
5,1666 5,1998
368 16:11
4,4895 4,5217
4,1279 4,1600
4,6113 4,6441
5,1670 5,2002
369 16:12
4,4894 4,5216
4,1272 4,1593
4,6112 4,6440
5,1663 5,1995
370 16:13
4,4894 4,5216
4,1270 4,1591
4,6110 4,6438
5,1663 5,1995
371 16:14
4,4895 4,5217
4,1273 4,1594
4,6104 4,6432
5,1664 5,1996
372 16:15
