#======================
2023-5-30
# 1.EUR, 2.USD, 3.CHF, 4.GBP
Sell Price, Buy Price
1 08:57
4,5015 4,5337
4,2087 4,2409
4,6492 4,6821
5,1986 5,2319
2 08:58
4,5011 4,5333
4,2083 4,2405
4,6488 4,6817
5,1983 5,2316
3 08:59
4,5011 4,5333
4,2083 4,2405
4,6488 4,6817
5,1983 5,2316
4 09:00
4,5009 4,5331
4,2081 4,2403
4,6486 4,6815
5,1980 5,2313
5 09:01
4,5015 4,5337
4,2107 4,2428
4,6524 4,6853
5,2019 5,2351
6 09:02
4,5015 4,5337
4,2097 4,2418
4,6524 4,6853
5,2019 5,2351
7 09:03
4,5020 4,5342
4,2104 4,2425
4,6534 4,6863
5,2033 5,2365
8 09:04
4,5020 4,5342
4,2122 4,2443
4,6534 4,6863
5,2033 5,2365
9 09:05
4,5038 4,5360
4,2139 4,2460
4,6552 4,6881
5,2055 5,2387
10 09:06
4,5038 4,5360
4,2141 4,2462
4,6552 4,6881
5,2054 5,2386
11 09:07
4,5038 4,5360
4,2141 4,2462
4,6543 4,6872
5,2060 5,2392
12 09:08
4,5034 4,5356
4,2137 4,2458
4,6538 4,6867
5,2053 5,2385
13 09:09
4,5048 4,5370
4,2150 4,2471
4,6523 4,6852
5,2069 5,2401
14 09:10
4,5048 4,5370
4,2154 4,2475
4,6514 4,6843
5,2069 5,2401
15 09:11
4,5048 4,5370
4,2154 4,2475
4,6514 4,6843
5,2063 5,2395
16 09:12
4,5054 4,5376
4,2155 4,2476
4,6520 4,6849
5,2064 5,2396
17 09:13
4,5058 4,5380
4,2159 4,2480
4,6510 4,6839
5,2069 5,2401
18 09:14
4,5027 4,5349
4,2130 4,2451
4,6478 4,6807
5,2033 5,2365
19 09:15
4,5041 4,5363
4,2149 4,2470
4,6507 4,6836
5,2049 5,2381
20 09:16
4,5044 4,5366
4,2152 4,2473
4,6513 4,6842
5,2052 5,2384
21 09:17
4,5045 4,5367
4,2143 4,2464
4,6514 4,6843
5,2053 5,2385
22 09:18
4,5045 4,5367
4,2143 4,2464
4,6514 4,6843
5,2053 5,2385
23 09:19
4,5019 4,5341
4,2119 4,2440
4,6487 4,6816
5,2038 5,2370
24 09:20
4,5020 4,5342
4,2122 4,2443
4,6487 4,6816
5,2038 5,2370
25 09:21
4,5018 4,5340
4,2126 4,2447
4,6486 4,6813
5,2036 5,2368
26 09:22
4,5012 4,5334
4,2122 4,2443
4,6470 4,6797
5,2042 5,2374
27 09:23
4,5011 4,5333
4,2131 4,2452
4,6469 4,6796
5,2041 5,2373
28 09:24
4,5010 4,5332
4,2130 4,2451
4,6460 4,6787
5,2055 5,2387
29 09:25
4,5009 4,5331
4,2129 4,2450
4,6458 4,6785
5,2065 5,2397
30 09:26
4,5006 4,5328
4,2150 4,2471
4,6441 4,6770
5,2061 5,2393
31 09:27
4,5006 4,5328
4,2162 4,2483
4,6436 4,6765
5,2061 5,2393
32 09:28
4,5005 4,5327
4,2163 4,2484
4,6435 4,6764
5,2073 5,2405
33 09:29
4,5005 4,5327
4,2163 4,2484
4,6435 4,6764
5,2072 5,2404
34 09:30
4,5005 4,5327
4,2149 4,2470
4,6424 4,6753
5,2072 5,2404
35 09:31
4,5005 4,5327
4,2143 4,2464
4,6424 4,6753
5,2072 5,2404
36 09:32
4,5005 4,5327
4,2161 4,2482
4,6424 4,6753
5,2072 5,2404
37 09:33
4,5020 4,5342
4,2175 4,2496
4,6440 4,6769
5,2080 5,2412
38 09:34
4,5020 4,5342
4,2173 4,2494
4,6440 4,6769
5,2084 5,2416
39 09:35
4,5017 4,5339
4,2168 4,2489
4,6423 4,6752
5,2080 5,2412
40 09:36
4,5017 4,5339
4,2168 4,2489
4,6422 4,6753
5,2074 5,2406
41 09:37
4,5017 4,5339
4,2155 4,2476
4,6422 4,6753
5,2074 5,2406
42 09:38
4,5017 4,5339
4,2155 4,2476
4,6422 4,6753
5,2074 5,2406
43 09:39
4,4990 4,5312
4,2123 4,2444
4,6395 4,6726
5,2043 5,2375
44 09:40
4,5004 4,5326
4,2142 4,2463
4,6409 4,6740
5,2054 5,2386
45 09:41
4,5004 4,5326
4,2142 4,2463
4,6410 4,6739
5,2056 5,2388
46 09:42
4,5004 4,5326
4,2142 4,2463
4,6446 4,6775
5,2050 5,2382
47 09:43
4,5000 4,5322
4,2139 4,2460
4,6447 4,6776
5,2051 5,2383
48 09:44
4,5000 4,5322
4,2125 4,2446
4,6442 4,6771
5,2051 5,2383
49 09:45
4,4983 4,5305
4,2106 4,2427
4,6424 4,6753
5,2025 5,2357
50 09:46
4,4984 4,5306
4,2104 4,2425
4,6425 4,6754
5,2024 5,2356
51 09:47
4,4986 4,5308
4,2106 4,2427
4,6416 4,6745
5,2025 5,2357
52 09:48
4,4987 4,5309
4,2107 4,2428
4,6417 4,6746
5,2027 5,2359
53 09:49
4,4987 4,5309
4,2117 4,2438
4,6417 4,6746
5,2027 5,2359
54 09:50
4,4987 4,5309
4,2113 4,2434
4,6417 4,6746
5,2027 5,2359
55 09:51
4,4987 4,5309
4,2107 4,2428
4,6417 4,6746
5,2030 5,2362
56 09:52
4,5012 4,5334
4,2130 4,2451
4,6427 4,6756
5,2058 5,2390
57 09:53
4,5011 4,5333
4,2131 4,2452
4,6427 4,6756
5,2058 5,2390
58 09:54
4,5011 4,5333
4,2131 4,2452
4,6437 4,6766
5,2055 5,2387
59 09:55
4,5017 4,5339
4,2137 4,2458
4,6443 4,6772
5,2062 5,2394
60 09:56
4,5017 4,5339
4,2123 4,2444
4,6456 4,6785
5,2058 5,2391
61 09:57
4,5015 4,5337
4,2119 4,2440
4,6454 4,6783
5,2053 5,2386
62 09:58
4,4997 4,5319
4,2102 4,2423
4,6435 4,6764
5,2026 5,2359
63 09:59
4,4997 4,5319
4,2094 4,2415
4,6435 4,6764
5,2026 5,2359
64 10:00
4,4997 4,5319
4,2094 4,2415
4,6435 4,6764
5,2026 5,2359
65 10:01
4,4997 4,5319
4,2086 4,2407
4,6432 4,6761
5,2026 5,2359
66 10:02
4,4997 4,5319
4,2092 4,2413
4,6432 4,6761
5,2035 5,2368
67 10:03
4,4997 4,5319
4,2090 4,2411
4,6432 4,6761
5,2035 5,2368
68 10:04
4,5005 4,5327
4,2098 4,2419
4,6440 4,6769
5,2044 5,2377
69 10:05
4,4999 4,5321
4,2088 4,2409
4,6434 4,6763
5,2037 5,2370
70 10:06
4,4999 4,5321
4,2092 4,2413
4,6434 4,6763
5,2038 5,2370
71 10:07
4,5000 4,5322
4,2089 4,2410
4,6435 4,6764
5,2039 5,2371
72 10:08
4,5003 4,5325
4,2084 4,2405
4,6445 4,6774
5,2043 5,2375
73 10:09
4,4996 4,5318
4,2078 4,2399
4,6435 4,6764
5,2032 5,2364
74 10:10
4,5006 4,5328
4,2093 4,2414
4,6446 4,6775
5,2043 5,2375
75 10:11
4,5016 4,5338
4,2108 4,2429
4,6456 4,6784
5,2055 5,2387
76 10:12
4,5017 4,5339
4,2109 4,2430
4,6460 4,6788
5,2056 5,2388
77 10:13
4,5017 4,5339
4,2115 4,2436
4,6464 4,6792
5,2065 5,2397
78 10:14
4,5016 4,5338
4,2112 4,2433
4,6463 4,6791
5,2063 5,2395
79 10:15
4,5014 4,5336
4,2104 4,2425
4,6461 4,6789
5,2061 5,2393
80 10:16
4,5017 4,5339
4,2105 4,2426
4,6462 4,6790
5,2065 5,2397
81 10:17
4,5019 4,5341
4,2105 4,2426
4,6469 4,6797
5,2067 5,2399
82 10:18
4,5023 4,5345
4,2109 4,2430
4,6471 4,6799
5,2060 5,2392
83 10:19
4,5022 4,5344
4,2098 4,2419
4,6470 4,6798
5,2056 5,2388
84 10:20
4,5019 4,5341
4,2095 4,2416
4,6467 4,6795
5,2058 5,2390
85 10:21
4,5019 4,5341
4,2097 4,2418
4,6474 4,6803
5,2055 5,2387
86 10:22
4,5016 4,5338
4,2094 4,2415
4,6466 4,6795
5,2052 5,2384
87 10:23
4,5015 4,5337
4,2093 4,2414
4,6465 4,6794
5,2051 5,2383
88 10:24
4,5013 4,5335
4,2088 4,2409
4,6463 4,6792
5,2048 5,2380
89 10:25
4,5010 4,5332
4,2085 4,2406
4,6462 4,6791
5,2042 5,2374
90 10:26
4,5010 4,5332
4,2085 4,2406
4,6462 4,6791
5,2033 5,2365
91 10:27
4,5010 4,5332
4,2069 4,2390
4,6462 4,6791
5,2033 5,2365
92 10:28
4,5016 4,5338
4,2075 4,2396
4,6454 4,6783
5,2040 5,2372
93 10:29
4,5041 4,5363
4,2098 4,2419
4,6489 4,6818
5,2061 5,2393
94 10:30
4,5026 4,5348
4,2084 4,2405
4,6467 4,6796
5,2055 5,2387
95 10:31
4,5026 4,5348
4,2084 4,2405
4,6474 4,6802
5,2051 5,2383
96 10:32
4,5026 4,5348
4,2086 4,2407
4,6471 4,6799
5,2051 5,2383
97 10:33
4,5068 4,5390
4,2127 4,2448
4,6513 4,6841
5,2097 5,2429
98 10:34
4,5070 4,5392
4,2127 4,2448
4,6507 4,6835
5,2102 5,2434
99 10:35
4,5070 4,5392
4,2125 4,2446
4,6517 4,6845
5,2102 5,2434
100 10:36
4,5069 4,5391
4,2126 4,2447
4,6516 4,6844
5,2098 5,2430
101 10:37
4,5062 4,5384
4,2120 4,2441
4,6507 4,6835
5,2087 5,2419
102 10:38
4,5063 4,5385
4,2117 4,2438
4,6509 4,6837
5,2088 5,2420
103 10:39
4,5060 4,5382
4,2108 4,2429
4,6506 4,6834
5,2082 5,2414
104 10:40
4,5062 4,5384
4,2110 4,2431
4,6508 4,6836
5,2081 5,2413
105 10:41
4,5060 4,5382
4,2108 4,2429
4,6507 4,6836
5,2078 5,2410
106 10:42
4,5060 4,5382
4,2108 4,2429
4,6506 4,6835
5,2078 5,2410
107 10:43
4,5064 4,5386
4,2112 4,2433
4,6508 4,6837
5,2080 5,2412
108 10:44
4,5072 4,5394
4,2119 4,2440
4,6521 4,6850
5,2101 5,2433
109 10:45
4,5066 4,5388
4,2102 4,2423
4,6515 4,6844
5,2088 5,2420
110 10:46
4,5066 4,5388
4,2096 4,2417
4,6515 4,6843
5,2091 5,2423
111 10:47
4,5066 4,5388
4,2090 4,2411
4,6520 4,6848
5,2097 5,2429
112 10:48
4,5066 4,5388
4,2094 4,2415
4,6520 4,6848
5,2106 5,2438
113 10:49
4,5057 4,5379
4,2077 4,2398
4,6510 4,6838
5,2096 5,2428
114 10:50
4,5057 4,5379
4,2077 4,2398
4,6510 4,6838
5,2105 5,2437
115 10:51
4,5057 4,5379
4,2087 4,2408
4,6510 4,6838
5,2105 5,2437
116 10:52
4,5057 4,5379
4,2087 4,2408
4,6510 4,6838
5,2105 5,2437
117 10:53
4,5048 4,5370
4,2079 4,2400
4,6504 4,6832
5,2094 5,2426
118 10:54
4,5047 4,5369
4,2086 4,2407
4,6503 4,6831
5,2093 5,2425
119 10:55
4,5047 4,5369
4,2086 4,2407
4,6500 4,6828
5,2093 5,2425
120 10:56
4,5038 4,5360
4,2083 4,2404
4,6493 4,6822
5,2095 5,2427
121 10:57
4,5039 4,5361
4,2082 4,2403
4,6494 4,6823
5,2093 5,2425
122 10:58
4,5039 4,5361
4,2082 4,2403
4,6494 4,6823
5,2093 5,2425
123 10:59
4,5045 4,5367
4,2076 4,2397
4,6501 4,6830
5,2102 5,2434
124 11:00
4,5045 4,5367
4,2076 4,2397
4,6505 4,6834
5,2100 5,2432
125 11:01
4,5045 4,5367
4,2083 4,2404
4,6507 4,6836
5,2106 5,2438
126 11:02
4,5045 4,5367
4,2089 4,2410
4,6505 4,6834
5,2106 5,2438
127 11:03
4,5046 4,5368
4,2089 4,2410
4,6506 4,6835
5,2108 5,2440
128 11:04
4,5062 4,5384
4,2104 4,2425
4,6523 4,6852
5,2114 5,2446
129 11:05
4,5062 4,5384
4,2100 4,2421
4,6517 4,6846
5,2114 5,2446
130 11:06
4,5062 4,5384
4,2100 4,2421
4,6519 4,6848
5,2114 5,2446
131 11:07
4,5058 4,5380
4,2104 4,2425
4,6512 4,6841
5,2124 5,2456
132 11:08
4,5064 4,5386
4,2121 4,2442
4,6520 4,6849
5,2134 5,2466
133 11:09
4,5064 4,5386
4,2116 4,2437
4,6515 4,6844
5,2134 5,2466
134 11:10
4,5064 4,5386
4,2114 4,2435
4,6515 4,6844
5,2134 5,2466
135 11:11
4,5071 4,5393
4,2132 4,2453
4,6523 4,6851
5,2140 5,2472
136 11:12
4,5071 4,5393
4,2124 4,2445
4,6523 4,6851
5,2142 5,2474
137 11:13
4,5087 4,5409
4,2139 4,2460
4,6541 4,6869
5,2170 5,2502
138 11:14
4,5087 4,5409
4,2141 4,2462
4,6544 4,6872
5,2170 5,2502
139 11:15
4,5101 4,5423
4,2150 4,2471
4,6558 4,6886
5,2174 5,2506
140 11:16
4,5102 4,5424
4,2147 4,2468
4,6559 4,6887
5,2175 5,2507
141 11:17
4,5099 4,5421
4,2140 4,2461
4,6556 4,6884
5,2178 5,2510
142 11:18
4,5099 4,5421
4,2134 4,2455
4,6554 4,6882
5,2190 5,2522
143 11:19
4,5099 4,5421
4,2134 4,2455
4,6561 4,6889
5,2190 5,2522
144 11:20
4,5099 4,5421
4,2117 4,2438
4,6561 4,6889
5,2211 5,2543
145 11:21
4,5103 4,5425
4,2120 4,2441
4,6568 4,6896
5,2222 5,2554
146 11:22
4,5100 4,5422
4,2118 4,2439
4,6565 4,6893
5,2219 5,2551
147 11:23
4,5100 4,5422
4,2118 4,2439
4,6567 4,6895
5,2215 5,2547
148 11:24
4,5098 4,5420
4,2100 4,2421
4,6565 4,6893
5,2213 5,2545
149 11:25
4,5100 4,5422
4,2094 4,2415
4,6567 4,6895
5,2215 5,2547
150 11:26
4,5101 4,5423
4,2095 4,2416
4,6573 4,6901
5,2217 5,2549
151 11:27
4,5108 4,5430
4,2101 4,2422
4,6590 4,6918
5,2234 5,2566
152 11:28
4,5108 4,5430
4,2101 4,2422
4,6580 4,6908
5,2237 5,2569
153 11:29
4,5108 4,5430
4,2097 4,2418
4,6580 4,6908
5,2237 5,2569
154 11:30
4,5139 4,5461
4,2124 4,2445
4,6612 4,6940
5,2279 5,2611
155 11:31
4,5131 4,5453
4,2117 4,2438
4,6618 4,6946
5,2294 5,2626
156 11:32
4,5134 4,5456
4,2119 4,2440
4,6623 4,6951
5,2313 5,2645
157 11:33
4,5134 4,5456
4,2112 4,2433
4,6604 4,6932
5,2303 5,2635
158 11:34
4,5126 4,5448
4,2102 4,2423
4,6591 4,6919
5,2294 5,2626
159 11:35
4,5126 4,5448
4,2108 4,2429
4,6589 4,6917
5,2294 5,2626
160 11:36
4,5123 4,5445
4,2107 4,2428
4,6586 4,6914
5,2272 5,2604
161 11:37
4,5123 4,5445
4,2103 4,2424
4,6610 4,6938
5,2269 5,2601
162 11:38
4,5128 4,5450
4,2104 4,2425
4,6615 4,6943
5,2269 5,2601
163 11:39
4,5128 4,5450
4,2108 4,2429
4,6613 4,6941
5,2266 5,2598
164 11:40
4,5128 4,5450
4,2108 4,2429
4,6613 4,6941
5,2266 5,2598
165 11:41
4,5116 4,5438
4,2087 4,2408
4,6600 4,6928
5,2252 5,2584
166 11:42
4,5114 4,5436
4,2083 4,2404
4,6601 4,6929
5,2247 5,2579
167 11:43
4,5115 4,5437
4,2084 4,2405
4,6602 4,6930
5,2248 5,2580
168 11:44
4,5101 4,5423
4,2075 4,2396
4,6587 4,6915
5,2235 5,2567
169 11:45
4,5093 4,5415
4,2068 4,2389
4,6577 4,6905
5,2235 5,2567
170 11:46
4,5093 4,5415
4,2068 4,2389
4,6577 4,6906
5,2222 5,2554
171 11:47
4,5093 4,5415
4,2060 4,2381
4,6581 4,6910
5,2232 5,2564
172 11:48
4,5093 4,5415
4,2060 4,2381
4,6580 4,6909
5,2222 5,2554
173 11:49
4,5118 4,5440
4,2083 4,2404
4,6607 4,6936
5,2253 5,2585
174 11:50
4,5118 4,5440
4,2077 4,2398
4,6605 4,6934
5,2253 5,2585
175 11:51
4,5106 4,5428
4,2068 4,2389
4,6592 4,6920
5,2253 5,2585
176 11:52
4,5108 4,5430
4,2078 4,2399
4,6602 4,6930
5,2255 5,2587
177 11:53
4,5108 4,5430
4,2078 4,2399
4,6602 4,6930
5,2267 5,2599
178 11:54
4,5122 4,5444
4,2091 4,2412
4,6623 4,6951
5,2280 5,2612
179 11:55
4,5122 4,5444
4,2091 4,2412
4,6626 4,6954
5,2274 5,2606
180 11:56
4,5122 4,5444
4,2081 4,2402
4,6623 4,6951
5,2275 5,2607
181 11:57
4,5116 4,5438
4,2075 4,2396
4,6617 4,6945
5,2272 5,2604
182 11:58
4,5116 4,5438
4,2075 4,2396
4,6617 4,6945
5,2272 5,2604
183 11:59
4,5131 4,5453
4,2089 4,2410
4,6623 4,6951
5,2300 5,2632
184 12:00
4,5128 4,5450
4,2086 4,2407
4,6624 4,6952
5,2296 5,2628
185 12:01
4,5124 4,5446
4,2083 4,2404
4,6628 4,6956
5,2292 5,2624
186 12:02
4,5125 4,5447
4,2084 4,2405
4,6629 4,6957
5,2287 5,2619
187 12:03
4,5125 4,5447
4,2084 4,2405
4,6629 4,6957
5,2285 5,2617
188 12:04
4,5126 4,5448
4,2047 4,2368
4,6630 4,6958
5,2288 5,2620
189 12:05
4,5126 4,5448
4,2047 4,2368
4,6632 4,6960
5,2285 5,2617
190 12:06
4,5133 4,5455
4,2062 4,2383
4,6640 4,6968
5,2287 5,2619
191 12:07
4,5133 4,5455
4,2062 4,2383
4,6637 4,6965
5,2281 5,2613
192 12:08
4,5132 4,5454
4,2072 4,2393
4,6636 4,6964
5,2276 5,2608
193 12:09
4,5125 4,5447
4,2064 4,2385
4,6629 4,6957
5,2262 5,2594
194 12:10
4,5124 4,5446
4,2069 4,2390
4,6628 4,6956
5,2263 5,2595
195 12:11
4,5120 4,5442
4,2059 4,2380
4,6624 4,6952
5,2258 5,2591
196 12:12
4,5120 4,5442
4,2061 4,2382
4,6624 4,6952
5,2259 5,2592
197 12:13
4,5121 4,5443
4,2068 4,2389
4,6621 4,6949
5,2255 5,2588
198 12:14
4,5121 4,5443
4,2056 4,2377
4,6620 4,6948
5,2254 5,2587
199 12:15
4,5120 4,5442
4,2044 4,2365
4,6627 4,6955
5,2253 5,2586
200 12:16
4,5114 4,5436
4,2038 4,2359
4,6620 4,6948
5,2247 5,2579
201 12:17
4,5113 4,5435
4,2037 4,2358
4,6620 4,6948
5,2246 5,2578
202 12:18
4,5113 4,5435
4,2029 4,2350
4,6624 4,6952
5,2246 5,2578
203 12:19
4,5110 4,5432
4,2026 4,2347
4,6618 4,6946
5,2242 5,2574
204 12:20
4,5113 4,5435
4,2043 4,2364
4,6619 4,6947
5,2249 5,2581
205 12:21
4,5109 4,5431
4,2033 4,2354
4,6615 4,6943
5,2241 5,2573
206 12:22
4,5104 4,5426
4,2031 4,2352
4,6610 4,6938
5,2235 5,2567
207 12:23
4,5104 4,5426
4,2031 4,2352
4,6615 4,6943
5,2235 5,2567
208 12:24
4,5104 4,5426
4,2039 4,2360
4,6610 4,6938
5,2235 5,2567
209 12:25
4,5105 4,5427
4,2035 4,2356
4,6611 4,6939
5,2236 5,2568
210 12:26
4,5105 4,5427
4,2035 4,2356
4,6611 4,6939
5,2236 5,2568
211 12:27
4,5105 4,5427
4,2028 4,2349
4,6601 4,6929
5,2236 5,2568
212 12:28
4,5105 4,5427
4,2028 4,2349
4,6601 4,6929
5,2236 5,2568
213 12:29
4,5105 4,5427
4,2028 4,2349
4,6590 4,6918
5,2254 5,2586
214 12:30
4,5109 4,5431
4,2051 4,2372
4,6591 4,6919
5,2262 5,2594
215 12:31
4,5109 4,5431
4,2043 4,2364
4,6591 4,6919
5,2256 5,2588
216 12:32
4,5109 4,5431
4,2043 4,2364
4,6591 4,6919
5,2256 5,2588
217 12:33
4,5120 4,5442
4,2045 4,2366
4,6617 4,6945
5,2266 5,2598
218 12:34
4,5119 4,5441
4,2027 4,2348
4,6611 4,6939
5,2253 5,2585
219 12:35
4,5119 4,5441
4,2031 4,2352
4,6611 4,6939
5,2253 5,2585
220 12:36
4,5119 4,5441
4,2031 4,2352
4,6611 4,6939
5,2259 5,2591
221 12:37
4,5119 4,5441
4,2035 4,2356
4,6611 4,6939
5,2258 5,2590
222 12:38
4,5106 4,5428
4,2023 4,2344
4,6597 4,6925
5,2244 5,2576
223 12:39
4,5118 4,5440
4,2034 4,2355
4,6610 4,6938
5,2257 5,2589
224 12:40
4,5118 4,5440
4,2036 4,2357
4,6610 4,6938
5,2257 5,2589
225 12:41
4,5119 4,5441
4,2035 4,2356
4,6601 4,6929
5,2255 5,2587
226 12:42
4,5118 4,5440
4,2034 4,2355
4,6605 4,6933
5,2254 5,2586
227 12:43
4,5110 4,5432
4,2022 4,2343
4,6597 4,6925
5,2234 5,2566
228 12:44
4,5109 4,5431
4,2021 4,2342
4,6591 4,6919
5,2235 5,2567
229 12:45
4,5100 4,5422
4,2011 4,2332
4,6581 4,6909
5,2228 5,2560
230 12:46
4,5100 4,5422
4,2011 4,2332
4,6581 4,6909
5,2227 5,2559
231 12:47
4,5097 4,5419
4,2010 4,2331
4,6588 4,6916
5,2227 5,2559
232 12:48
4,5097 4,5419
4,2012 4,2333
4,6588 4,6916
5,2227 5,2559
233 12:49
4,5097 4,5419
4,2010 4,2331
4,6589 4,6917
5,2227 5,2559
234 12:50
4,5082 4,5404
4,1996 4,2317
4,6572 4,6900
5,2210 5,2542
235 12:51
4,5075 4,5396
4,1989 4,2310
4,6565 4,6893
5,2200 5,2532
236 12:52
4,5066 4,5387
4,1981 4,2302
4,6556 4,6884
5,2200 5,2532
237 12:53
4,5066 4,5387
4,1981 4,2302
4,6556 4,6884
5,2200 5,2532
238 12:54
4,5059 4,5380
4,1989 4,2310
4,6549 4,6877
5,2192 5,2524
239 12:55
4,5059 4,5380
4,1991 4,2312
4,6549 4,6877
5,2195 5,2527
240 12:56
4,5058 4,5380
4,1992 4,2313
4,6548 4,6876
5,2194 5,2526
241 12:57
4,5057 4,5379
4,1989 4,2310
4,6533 4,6861
5,2195 5,2527
242 12:58
4,5047 4,5369
4,1976 4,2297
4,6515 4,6843
5,2185 5,2517
243 12:59
4,5036 4,5358
4,1967 4,2288
4,6503 4,6831
5,2177 5,2509
244 13:00
4,5041 4,5363
4,1966 4,2287
4,6508 4,6836
5,2183 5,2515
245 13:01
4,5041 4,5363
4,1958 4,2279
4,6506 4,6834
5,2182 5,2514
246 13:02
4,5041 4,5363
4,1956 4,2277
4,6508 4,6836
5,2182 5,2514
247 13:03
4,5037 4,5359
4,1951 4,2272
4,6504 4,6832
5,2178 5,2510
248 13:04
4,5038 4,5360
4,1951 4,2272
4,6505 4,6833
5,2175 5,2507
249 13:05
4,5038 4,5360
4,1951 4,2272
4,6503 4,6831
5,2171 5,2503
250 13:06
4,5038 4,5360
4,1957 4,2278
4,6502 4,6831
5,2170 5,2503
251 13:07
4,5045 4,5367
4,1966 4,2287
4,6509 4,6838
5,2178 5,2511
252 13:08
4,5046 4,5368
4,1953 4,2274
4,6510 4,6839
5,2179 5,2512
253 13:09
4,5047 4,5369
4,1954 4,2275
4,6507 4,6836
5,2162 5,2495
254 13:10
4,5047 4,5369
4,1954 4,2275
4,6504 4,6833
5,2162 5,2495
255 13:11
4,5047 4,5369
4,1968 4,2289
4,6507 4,6835
5,2163 5,2495
256 13:12
4,5063 4,5385
4,1983 4,2304
4,6524 4,6852
5,2185 5,2517
257 13:13
4,5063 4,5385
4,1979 4,2300
4,6524 4,6852
5,2183 5,2515
258 13:14
4,5063 4,5385
4,1973 4,2294
4,6524 4,6852
5,2185 5,2517
259 13:15
4,5055 4,5377
4,1965 4,2286
4,6513 4,6841
5,2176 5,2508
260 13:16
4,5057 4,5380
4,1964 4,2285
4,6514 4,6842
5,2176 5,2508
261 13:17
4,5058 4,5381
4,1965 4,2286
4,6508 4,6836
5,2177 5,2509
262 13:18
4,5073 4,5396
4,1981 4,2302
4,6526 4,6854
5,2196 5,2528
263 13:19
4,5073 4,5396
4,1981 4,2302
4,6526 4,6854
5,2196 5,2528
264 13:20
4,5073 4,5396
4,1985 4,2306
4,6528 4,6856
5,2200 5,2532
265 13:21
4,5077 4,5398
4,1992 4,2313
4,6535 4,6864
5,2204 5,2536
266 13:22
4,5080 4,5401
4,1996 4,2317
4,6536 4,6865
5,2207 5,2539
267 13:23
4,5083 4,5404
4,1999 4,2320
4,6536 4,6865
5,2211 5,2543
268 13:24
4,5083 4,5404
4,2003 4,2324
4,6534 4,6863
5,2211 5,2543
269 13:25
4,5083 4,5404
4,2003 4,2324
4,6534 4,6863
5,2205 5,2537
270 13:26
4,5104 4,5426
4,2027 4,2348
4,6554 4,6882
5,2230 5,2562
271 13:27
4,5104 4,5426
4,2027 4,2348
4,6554 4,6882
5,2230 5,2562
272 13:28
4,5105 4,5427
4,2024 4,2345
4,6555 4,6883
5,2230 5,2562
273 13:29
4,5106 4,5428
4,2025 4,2346
4,6556 4,6884
5,2231 5,2563
274 13:30
4,5107 4,5429
4,2026 4,2347
4,6550 4,6878
5,2225 5,2557
275 13:31
4,5107 4,5428
4,2026 4,2347
4,6550 4,6878
5,2226 5,2558
276 13:32
4,5107 4,5428
4,2026 4,2347
4,6550 4,6878
5,2230 5,2562
277 13:33
4,5101 4,5422
4,2020 4,2341
4,6551 4,6879
5,2229 5,2561
278 13:34
4,5103 4,5424
4,2010 4,2331
4,6553 4,6881
5,2230 5,2562
279 13:35
4,5104 4,5425
4,2011 4,2332
4,6547 4,6875
5,2226 5,2558
280 13:36
4,5105 4,5426
4,2012 4,2333
4,6543 4,6871
5,2234 5,2566
281 13:37
4,5105 4,5426
4,2010 4,2331
4,6543 4,6871
5,2233 5,2565
282 13:38
4,5108 4,5429
4,2013 4,2334
4,6544 4,6872
5,2237 5,2569
283 13:39
4,5105 4,5426
4,2010 4,2331
4,6541 4,6869
5,2230 5,2562
284 13:40
4,5105 4,5426
4,1996 4,2317
4,6526 4,6854
5,2230 5,2562
285 13:41
4,5085 4,5406
4,1976 4,2297
4,6506 4,6834
5,2208 5,2540
286 13:42
4,5086 4,5407
4,1977 4,2298
4,6507 4,6835
5,2220 5,2552
287 13:43
4,5079 4,5400
4,1966 4,2287
4,6519 4,6847
5,2212 5,2544
288 13:44
4,5079 4,5400
4,1966 4,2287
4,6516 4,6844
5,2212 5,2544
289 13:45
4,5076 4,5397
4,1981 4,2302
4,6512 4,6840
5,2202 5,2534
290 13:46
4,5073 4,5394
4,1980 4,2301
4,6509 4,6839
5,2200 5,2532
291 13:47
4,5078 4,5399
4,1985 4,2306
4,6509 4,6839
5,2206 5,2538
292 13:48
4,5081 4,5402
4,1988 4,2309
4,6517 4,6847
5,2211 5,2543
293 13:49
4,5087 4,5408
4,1993 4,2314
4,6519 4,6849
5,2215 5,2547
294 13:50
4,5087 4,5408
4,1991 4,2312
4,6524 4,6854
5,2215 5,2547
295 13:51
4,5081 4,5402
4,1986 4,2307
4,6518 4,6846
5,2209 5,2541
296 13:52
4,5086 4,5407
4,1988 4,2309
4,6524 4,6852
5,2214 5,2546
297 13:53
4,5086 4,5407
4,1992 4,2313
4,6524 4,6852
5,2214 5,2546
298 13:54
4,5086 4,5407
4,1992 4,2313
4,6526 4,6854
5,2226 5,2558
299 13:55
4,5064 4,5385
4,1966 4,2287
4,6503 4,6831
5,2201 5,2533
300 13:56
4,5064 4,5386
4,1962 4,2283
4,6503 4,6831
5,2204 5,2536
301 13:57
4,5063 4,5385
4,1967 4,2288
4,6490 4,6818
5,2200 5,2532
302 13:58
4,5064 4,5386
4,1968 4,2289
4,6491 4,6819
5,2201 5,2533
303 13:59
4,5064 4,5386
4,1968 4,2289
4,6491 4,6819
5,2186 5,2518
304 14:00
4,5060 4,5382
4,1937 4,2258
4,6487 4,6815
5,2180 5,2512
305 14:01
4,5058 4,5380
4,1945 4,2266
4,6485 4,6813
5,2182 5,2514
306 14:02
4,5052 4,5374
4,1939 4,2260
4,6484 4,6812
5,2181 5,2513
307 14:03
4,5055 4,5377
4,1942 4,2263
4,6487 4,6815
5,2185 5,2517
308 14:04
4,5068 4,5390
4,1946 4,2267
4,6503 4,6831
5,2200 5,2532
309 14:05
4,5062 4,5384
4,1946 4,2267
4,6494 4,6822
5,2193 5,2525
310 14:06
4,5062 4,5384
4,1946 4,2267
4,6494 4,6822
5,2189 5,2521
311 14:07
4,5070 4,5392
4,1954 4,2275
4,6507 4,6835
5,2205 5,2537
312 14:08
4,5072 4,5394
4,1950 4,2271
4,6504 4,6832
5,2207 5,2539
313 14:09
4,5067 4,5389
4,1933 4,2254
4,6499 4,6827
5,2211 5,2543
314 14:10
4,5063 4,5385
4,1939 4,2260
4,6505 4,6833
5,2201 5,2533
315 14:11
4,5060 4,5382
4,1939 4,2260
4,6503 4,6833
5,2206 5,2538
316 14:12
4,5061 4,5383
4,1940 4,2261
4,6502 4,6832
5,2211 5,2543
317 14:13
4,5059 4,5381
4,1938 4,2259
4,6499 4,6829
5,2210 5,2542
318 14:14
4,5057 4,5379
4,1932 4,2253
4,6497 4,6827
5,2208 5,2540
319 14:15
4,5051 4,5373
4,1926 4,2247
4,6486 4,6816
5,2203 5,2535
320 14:16
4,5051 4,5373
4,1926 4,2247
4,6487 4,6815
5,2210 5,2542
321 14:17
4,5051 4,5373
4,1926 4,2247
4,6487 4,6815
5,2210 5,2542
322 14:18
4,5051 4,5373
4,1944 4,2265
4,6483 4,6811
5,2210 5,2542
323 14:19
4,5050 4,5372
4,1941 4,2262
4,6486 4,6814
5,2209 5,2541
324 14:20
4,5049 4,5371
4,1936 4,2257
4,6485 4,6813
5,2208 5,2540
325 14:21
4,5049 4,5370
4,1946 4,2267
4,6484 4,6814
5,2208 5,2540
326 14:22
4,5046 4,5367
4,1949 4,2270
4,6481 4,6811
5,2202 5,2534
327 14:23
4,5047 4,5368
4,1954 4,2275
4,6463 4,6793
5,2206 5,2538
328 14:24
4,5045 4,5366
4,1952 4,2273
4,6463 4,6793
5,2200 5,2532
329 14:25
4,5053 4,5374
4,1962 4,2283
4,6472 4,6802
5,2209 5,2541
330 14:26
4,5052 4,5374
4,1961 4,2282
4,6469 4,6797
5,2208 5,2540
331 14:27
4,5051 4,5373
4,1966 4,2287
4,6468 4,6796
5,2207 5,2539
332 14:28
4,5056 4,5378
4,1970 4,2291
4,6473 4,6801
5,2213 5,2545
333 14:29
Definite connection error