#======================
2023-9-26
# 1.EUR, 2.USD, 3.CHF, 4.GBP
Sell Price, Buy Price
1 07:06:21
4,5954 4,6298
4,3393 4,3736
4,7551 4,7903
5,2986 5,3344
2 07:07:20
4,5954 4,6298
4,3393 4,3736
4,7551 4,7903
5,2986 5,3344
3 07:08:20
4,5954 4,6298
4,3393 4,3740
4,7546 4,7898
5,2986 5,3344
4 07:09:21
4,5954 4,6298
4,3393 4,3736
4,7541 4,7893
5,2980 5,3338
5 07:10:21
4,5954 4,6298
4,3393 4,3740
4,7541 4,7893
5,2980 5,3338
6 07:11:21
4,5954 4,6298
4,3393 4,3736
4,7541 4,7893
5,2980 5,3336
7 07:12:21
4,5954 4,6298
4,3393 4,3740
4,7546 4,7898
5,2980 5,3338
8 07:13:21
4,5954 4,6298
4,3393 4,3740
4,7541 4,7893
5,2980 5,3338
9 07:14:20
4,5954 4,6298
4,3397 4,3744
4,7537 4,7884
5,2980 5,3338
10 07:15:20
4,5954 4,6298
4,3397 4,3740
4,7542 4,7889
5,2980 5,3338
11 07:16:21
4,5954 4,6298
4,3397 4,3744
4,7536 4,7888
5,2980 5,3338
12 07:17:21
4,5954 4,6298
4,3397 4,3740
4,7536 4,7888
5,2980 5,3338
13 07:18:21
4,5954 4,6298
4,3397 4,3744
4,7536 4,7888
5,2980 5,3338
14 07:19:21
4,5954 4,6298
4,3401 4,3747
4,7541 4,7893
5,2986 5,3344
15 07:20:20
4,5954 4,6297
4,3409 4,3751
4,7543 4,7894
5,2988 5,3344
16 07:21:21
4,5954 4,6297
4,3415 4,3760
4,7543 4,7894
5,2988 5,3345
17 07:22:21
4,5955 4,6299
4,3418 4,3760
4,7542 4,7894
5,2989 5,3340
18 07:23:21
4,5954 4,6297
4,3419 4,3760
4,7543 4,7894
5,2988 5,3338
19 07:24:21
4,5955 4,6299
4,3423 4,3770
4,7544 4,7895
5,2989 5,3340
20 07:25:21
4,5955 4,6299
4,3427 4,3770
4,7552 4,7904
5,2989 5,3344
21 07:26:20
4,5954 4,6299
4,3423 4,3766
4,7548 4,7901
5,2988 5,3340
22 07:27:20
4,5954 4,6299
4,3422 4,3770
4,7548 4,7901
5,2988 5,3340
23 07:28:21
4,5954 4,6299
4,3423 4,3766
4,7548 4,7901
5,2982 5,3340
24 07:29:21
4,5954 4,6299
4,3419 4,3766
4,7553 4,7906
5,2982 5,3340
25 07:30:21
4,5947 4,6308
4,3412 4,3771
4,7546 4,7915
5,2974 5,3351
26 07:31:20
4,5956 4,6306
4,3423 4,3775
4,7553 4,7911
5,2983 5,3347
27 07:32:21
4,5953 4,6297
4,3421 4,3764
4,7550 4,7902
5,2981 5,3332
28 07:33:21
4,5956 4,6300
4,3419 4,3765
4,7548 4,7900
5,2984 5,3341
29 07:34:21
4,5955 4,6304
4,3420 4,3767
4,7549 4,7906
5,2984 5,3341
30 07:35:21
4,5954 4,6302
4,3409 4,3759
4,7546 4,7902
5,2981 5,3344
31 07:36:20
4,5953 4,6303
4,3400 4,3753
4,7545 4,7903
5,2979 5,3343
32 07:37:20
4,5955 4,6299
4,3406 4,3753
4,7547 4,7899
5,2981 5,3339
33 07:38:21
4,5951 4,6296
4,3404 4,3751
4,7540 4,7893
5,2979 5,3338
34 07:39:23
4,5943 4,6293
4,3394 4,3746
4,7530 4,7888
5,2968 5,3332
35 07:40:21
4,5949 4,6294
4,3409 4,3757
4,7543 4,7896
5,2983 5,3342
36 07:41:20
4,5948 4,6292
4,3399 4,3745
4,7541 4,7892
5,2981 5,3332
37 07:42:20
4,5942 4,6292
4,3397 4,3745
4,7535 4,7892
5,2973 5,3337
38 07:43:21
4,5947 4,6291
4,3407 4,3754
4,7540 4,7891
5,2978 5,3336
39 07:44:21
4,5945 4,6289
4,3409 4,3752
4,7538 4,7889
5,2976 5,3334
40 07:45:21
4,5938 4,6289
4,3398 4,3752
4,7526 4,7884
5,2969 5,3335
41 07:46:21
4,5947 4,6291
4,3407 4,3754
4,7535 4,7886
5,2978 5,3336
42 07:47:28
4,5944 4,6287
4,3400 4,3742
4,7532 4,7882
5,2975 5,3327
43 07:48:32
4,5939 4,6288
4,3391 4,3743
4,7527 4,7883
5,2964 5,3328
44 07:49:20
4,5945 4,6288
4,3401 4,3743
4,7533 4,7883
5,2972 5,3329
45 07:50:21
4,5946 4,6290
4,3406 4,3753
4,7534 4,7885
5,2971 5,3323
46 07:51:20
4,5942 4,6286
4,3406 4,3749
4,7530 4,7881
5,2961 5,3319
47 07:52:21
4,5945 4,6289
4,3409 4,3752
4,7533 4,7884
5,2965 5,3316
48 07:53:21
4,5939 4,6289
4,3395 4,3748
4,7522 4,7879
5,2958 5,3323
49 07:54:21
4,5946 4,6288
4,3406 4,3751
4,7534 4,7883
5,2965 5,3317
50 07:55:21
4,5941 4,6301
4,3404 4,3762
4,7528 4,7896
5,2959 5,3329
51 07:56:20
4,5941 4,6293
4,3396 4,3746
4,7528 4,7888
5,2954 5,3321
52 19:26:21
4,5887 4,6209
4,3396 4,3722
4,7469 4,7797
5,2850 5,3182
53 19:27:21
4,5887 4,6209
4,3397 4,3721
4,7469 4,7797
5,2850 5,3182
54 19:28:21
4,5876 4,6227
4,3386 4,3739
4,7458 4,7815
5,2836 5,3202
55 19:29:20
4,5875 4,6226
4,3385 4,3742
4,7457 4,7814
5,2836 5,3200
56 19:30:20
4,5875 4,6226
4,3385 4,3738
4,7457 4,7814
5,2836 5,3195
57 19:31:21
4,5884 4,6206
4,3395 4,3721
4,7465 4,7793
5,2843 5,3175
58 19:32:21
4,5874 4,6215
4,3384 4,3731
4,7456 4,7803
5,2831 5,3183
59 19:33:21
4,5874 4,6212
4,3393 4,3738
4,7456 4,7800
5,2829 5,3179
60 19:34:20
4,5878 4,6200
4,3398 4,3725
4,7460 4,7788
5,2833 5,3165
61 19:35:20
4,5877 4,6199
4,3397 4,3724
4,7459 4,7787
5,2839 5,3171
62 19:36:21
4,5877 4,6199
4,3401 4,3728
4,7460 4,7788
5,2832 5,3164
63 19:37:21
4,5869 4,6207
4,3388 4,3732
4,7451 4,7795
5,2825 5,3174
64 19:38:21
4,5869 4,6207
4,3392 4,3736
4,7451 4,7796
5,2825 5,3168
65 19:39:21
4,5868 4,6208
4,3387 4,3733
4,7450 4,7797
5,2816 5,3168
66 19:40:20
4,5869 4,6208
4,3388 4,3733
4,7449 4,7795
5,2817 5,3168
67 19:41:20
4,5876 4,6198
4,3405 4,3732
4,7458 4,7786
5,2825 5,3157
68 19:42:21
4,5876 4,6198
4,3413 4,3736
4,7458 4,7786
5,2831 5,3163
69 19:43:21
4,5878 4,6200
4,3411 4,3738
4,7460 4,7788
5,2828 5,3160
70 19:44:21
4,5876 4,6199
4,3406 4,3732
4,7457 4,7785
5,2825 5,3158
71 19:45:21
4,5876 4,6199
4,3407 4,3736
4,7453 4,7782
5,2827 5,3159
72 19:46:21
4,5874 4,6198
4,3406 4,3737
4,7452 4,7781
5,2830 5,3163
73 19:47:21
4,5876 4,6199
4,3410 4,3740
4,7452 4,7780
5,2831 5,3163
74 19:48:21
4,5876 4,6198
4,3407 4,3735
4,7452 4,7780
5,2831 5,3163
75 19:49:20
4,5876 4,6198
4,3411 4,3735
4,7452 4,7780
5,2831 5,3163
76 19:50:20
4,5874 4,6198
4,3410 4,3737
4,7452 4,7781
5,2824 5,3157
77 19:51:20
4,5876 4,6199
4,3406 4,3736
4,7448 4,7781
5,2825 5,3158
78 19:53:20
4,5878 4,6204
4,3405 4,3734
4,7450 4,7782
5,2829 5,3164
79 19:54:20
4,5877 4,6201
4,3400 4,3731
4,7444 4,7774
5,2822 5,3154
80 19:55:20
4,5877 4,6201
4,3400 4,3727
4,7444 4,7774
5,2824 5,3156
81 19:56:21
4,5878 4,6201
4,3399 4,3725
4,7445 4,7774
5,2821 5,3153
82 19:57:21
4,5878 4,6201
4,3395 4,3725
4,7445 4,7774
5,2827 5,3159
83 19:58:21
4,5883 4,6205
4,3403 4,3726
4,7450 4,7778
5,2827 5,3159
84 19:59:21
4,5884 4,6206
4,3399 4,3721
4,7451 4,7779
5,2828 5,3160
85 20:00:21
4,5885 4,6207
4,3405 4,3729
4,7457 4,7785
5,2835 5,3167
86 20:01:21
4,5876 4,6212
4,3394 4,3736
4,7448 4,7790
5,2827 5,3174
87 20:02:21
4,5874 4,6214
4,3397 4,3743
4,7452 4,7793
5,2825 5,3170
88 20:03:21
4,5883 4,6205
4,3406 4,3734
4,7455 4,7783
5,2828 5,3160
89 20:04:20
4,5884 4,6206
4,3407 4,3733
4,7455 4,7783
5,2832 5,3164
90 20:05:20
4,5874 4,6212
4,3397 4,3741
4,7446 4,7790
5,2823 5,3173
91 20:06:20
4,5874 4,6216
4,3400 4,3748
4,7446 4,7794
5,2824 5,3177
92 20:07:21
4,5893 4,6222
4,3423 4,3758
4,7465 4,7800
5,2843 5,3178
93 20:08:21
4,5892 4,6223
4,3422 4,3759
4,7464 4,7801
5,2836 5,3178
94 20:09:21
4,5892 4,6225
4,3422 4,3761
4,7464 4,7803
5,2837 5,3181
95 20:10:21
4,5891 4,6225
4,3421 4,3761
4,7463 4,7803
5,2838 5,3183
96 20:11:21
4,5893 4,6226
4,3423 4,3762
4,7465 4,7804
5,2838 5,3182
97 20:12:21
4,5893 4,6224
4,3426 4,3764
4,7465 4,7802
5,2839 5,3180
98 20:13:21
4,5891 4,6223
4,3430 4,3765
4,7463 4,7801
5,2837 5,3179
99 20:14:21
4,5891 4,6224
4,3428 4,3768
4,7463 4,7802
5,2837 5,3180
100 20:15:21
4,5892 4,6225
4,3429 4,3767
4,7463 4,7807
5,2837 5,3181
101 20:16:21
4,5892 4,6225
4,3429 4,3769
4,7469 4,7808
5,2837 5,3181
102 20:17:21
4,5898 4,6232
4,3436 4,3773
4,7474 4,7817
5,2846 5,3191
103 20:18:21
4,5896 4,6225
4,3433 4,3769
4,7473 4,7808
5,2841 5,3181
104 20:19:20
4,5894 4,6224
4,3433 4,3770
4,7471 4,7807
5,2841 5,3182
105 20:20:20
4,5894 4,6225
4,3431 4,3769
4,7471 4,7808
5,2839 5,3181
106 20:21:20
4,5900 4,6224
4,3451 4,3782
4,7479 4,7808
5,2847 5,3181
107 20:22:20
4,5902 4,6225
4,3451 4,3777
4,7479 4,7807
5,2855 5,3187
108 20:23:20
4,5907 4,6236
4,3447 4,3783
4,7485 4,7820
5,2861 5,3200
109 20:24:21
4,5901 4,6233
4,3443 4,3781
4,7469 4,7807
5,2855 5,3198
110 20:25:21
4,5899 4,6231
4,3437 4,3775
4,7473 4,7814
5,2847 5,3189
111 20:26:21
4,5899 4,6232
4,3444 4,3784
4,7472 4,7811
5,2845 5,3189
112 20:27:21
4,5899 4,6232
4,3448 4,3784
4,7472 4,7811
5,2846 5,3183
113 20:28:21
4,5901 4,6234
4,3451 4,3786
4,7474 4,7813
5,2847 5,3185
114 20:29:21
4,5900 4,6235
4,3446 4,3787
4,7473 4,7814
5,2846 5,3192
115 20:30:21
4,5901 4,6234
4,3451 4,3786
4,7474 4,7813
5,2847 5,3191
116 20:31:20
4,5900 4,6233
4,3449 4,3786
4,7473 4,7812
5,2853 5,3196
117 20:32:20
4,5900 4,6233
4,3442 4,3777
4,7473 4,7812
5,2846 5,3190
118 20:33:21
4,5898 4,6232
4,3440 4,3780
4,7471 4,7811
5,2846 5,3191
119 20:34:21
4,5898 4,6232
4,3444 4,3784
4,7471 4,7811
5,2846 5,3191
120 20:35:21
4,5900 4,6232
4,3451 4,3786
4,7473 4,7811
5,2848 5,3191
121 20:36:21
4,5900 4,6233
4,3449 4,3789
4,7473 4,7812
5,2846 5,3190
122 20:37:21
4,5898 4,6232
4,3449 4,3790
4,7471 4,7811
5,2845 5,3187
123 20:38:20
4,5898 4,6232
4,3449 4,3790
4,7471 4,7811
5,2846 5,3185
124 20:39:20
4,5900 4,6233
4,3453 4,3789
4,7468 4,7807
5,2846 5,3184
125 20:40:21
4,5900 4,6233
4,3453 4,3789
4,7473 4,7812
5,2846 5,3190
126 20:41:21
4,5889 4,6247
4,3445 4,3808
4,7462 4,7827
5,2835 5,3208
127 20:42:21
4,5891 4,6246
4,3445 4,3801
4,7462 4,7824
5,2837 5,3206
128 20:43:21
4,5891 4,6246
4,3441 4,3801
4,7462 4,7824
5,2837 5,3206
129 20:44:20
4,5891 4,6246
4,3441 4,3797
4,7462 4,7824
5,2837 5,3206
130 20:45:21
4,5890 4,6246
4,3437 4,3798
4,7463 4,7826
5,2836 5,3202
131 20:46:20
4,5891 4,6246
4,3437 4,3798
4,7462 4,7824
5,2835 5,3200
132 20:47:21
4,5890 4,6246
4,3436 4,3796
4,7463 4,7826
5,2836 5,3200
133 20:48:21
4,5898 4,6232
4,3449 4,3786
4,7471 4,7811
5,2846 5,3191
134 20:49:21
4,5897 4,6233
4,3448 4,3786
4,7471 4,7812
5,2844 5,3189
135 20:50:21
4,5898 4,6232
4,3445 4,3786
4,7471 4,7811
5,2846 5,3191
136 20:51:21
4,5890 4,6245
4,3428 4,3789
4,7457 4,7824
5,2834 5,3204
137 20:52:20
4,5898 4,6232
4,3436 4,3776
4,7466 4,7806
5,2846 5,3185
138 20:53:20
4,5898 4,6232
4,3440 4,3780
4,7466 4,7806
5,2840 5,3185
139 20:54:21
4,5898 4,6232
4,3445 4,3782
4,7467 4,7812
5,2840 5,3184
140 20:55:21
4,5890 4,6246
4,3432 4,3794
4,7463 4,7826
5,2830 5,3200
141 20:56:21
4,5898 4,6232
4,3440 4,3780
4,7471 4,7811
5,2840 5,3185
142 20:57:21
4,5901 4,6236
4,3447 4,3788
4,7474 4,7815
5,2841 5,3187
143 20:58:20
4,5901 4,6235
4,3443 4,3779
4,7474 4,7814
5,2843 5,3188
144 20:59:20
4,5908 4,6244
4,3446 4,3789
4,7481 4,7823
5,2850 5,3198
145 21:00:20
4,5914 4,6245
4,3448 4,3785
4,7482 4,7819
5,2851 5,3192
146 21:01:21
4,5914 4,6245
4,3450 4,3784
4,7477 4,7814
5,2850 5,3188
147 21:02:21
4,5914 4,6245
4,3447 4,3780
4,7472 4,7813
5,2845 5,3186
148 21:03:21
4,5911 4,6244
4,3447 4,3783
4,7474 4,7813
5,2840 5,3184
149 21:04:21
4,5913 4,6244
4,3446 4,3779
4,7476 4,7813
5,2850 5,3191
150 21:05:21
4,5914 4,6245
4,3447 4,3780
4,7477 4,7814
5,2851 5,3192
151 21:06:21
4,5913 4,6243
4,3442 4,3778
4,7471 4,7807
5,2850 5,3190
152 21:07:20
4,5914 4,6245
4,3439 4,3776
4,7467 4,7804
5,2845 5,3186
153 21:08:20
4,5905 4,6243
4,3430 4,3774
4,7458 4,7802
5,2848 5,3197
154 21:09:20
4,5904 4,6237
4,3429 4,3764
4,7457 4,7796
5,2845 5,3188
155 21:10:21
4,5902 4,6232
4,3424 4,3757
4,7455 4,7791
5,2842 5,3178
156 21:11:21
4,5890 4,6245
4,3407 4,3767
4,7443 4,7804
5,2823 5,3192
157 21:12:21
4,5889 4,6244
4,3402 4,3762
4,7447 4,7808
5,2822 5,3191
158 21:13:21
4,5887 4,6243
4,3406 4,3763
4,7445 4,7808
5,2820 5,3190
159 21:14:21
4,5896 4,6230
4,3414 4,3751
4,7454 4,7794
5,2831 5,3175
160 21:15:21
4,5896 4,6230
4,3414 4,3755
4,7454 4,7794
5,2831 5,3170
161 21:16:21
4,5896 4,6230
4,3418 4,3755
4,7454 4,7794
5,2831 5,3176
162 21:17:21
4,5882 4,6247
4,3403 4,3769
4,7438 4,7810
5,2810 5,3189
163 21:18:21
4,5882 4,6246
4,3409 4,3774
4,7445 4,7816
5,2814 5,3194
164 21:19:21
4,5882 4,6246
4,3409 4,3778
4,7450 4,7821
5,2814 5,3194
165 21:20:20
4,5882 4,6246
4,3409 4,3778
4,7450 4,7821
5,2811 5,3190
166 21:21:20
4,5882 4,6246
4,3409 4,3778
4,7445 4,7816
5,2808 5,3188
167 21:22:21
4,5876 4,6250
4,3407 4,3781
4,7434 4,7815
5,2808 5,3193
168 21:23:21
4,5882 4,6247
4,3411 4,3781
4,7438 4,7810
5,2813 5,3187
169 21:24:21
4,5881 4,6245
4,3420 4,3785
4,7439 4,7810
5,2813 5,3193
170 21:25:21
4,5899 4,6233
4,3438 4,3775
4,7457 4,7797
5,2834 5,3173
171 21:26:21
4,5899 4,6233
4,3441 4,3781
4,7462 4,7802
5,2835 5,3180
172 21:27:20
4,5883 4,6247
4,3426 4,3794
4,7440 4,7814
5,2823 5,3196
173 21:28:21
4,5883 4,6250
4,3425 4,3797
4,7440 4,7818
5,2817 5,3198
174 21:29:20
4,5882 4,6250
4,3421 4,3793
4,7440 4,7815
5,2814 5,3198
175 21:30:21
4,5884 4,6251
4,3421 4,3789
4,7436 4,7811
5,2816 5,3193
176 21:31:21
4,5882 4,6250
4,3413 4,3786
4,7430 4,7807
5,2816 5,3195
177 21:32:21
4,5882 4,6250
4,3417 4,3786
4,7429 4,7805
5,2814 5,3198
178 21:33:20
4,5883 4,6250
4,3412 4,3780
4,7425 4,7799
5,2809 5,3192
179 21:34:20
4,5882 4,6250
4,3409 4,3782
4,7426 4,7801
5,2808 5,3192
180 21:35:21
4,5884 4,6248
4,3411 4,3780
4,7427 4,7803
5,2811 5,3189
181 21:36:21
4,5887 4,6248
4,3412 4,3778
4,7429 4,7802
5,2806 5,3182
182 21:37:21
4,5886 4,6246
4,3413 4,3778
4,7430 4,7797
5,2807 5,3181
183 21:38:21
4,5886 4,6246
4,3413 4,3778
4,7430 4,7797
5,2807 5,3181
184 21:39:21
4,5898 4,6233
4,3418 4,3756
4,7436 4,7777
5,2819 5,3165
185 21:40:20
4,5897 4,6232
4,3417 4,3759
4,7435 4,7776
5,2818 5,3164
186 21:41:20
4,5897 4,6232
4,3417 4,3759
4,7434 4,7780
5,2818 5,3164
187 21:42:21
4,5878 4,6248
4,3401 4,3776
4,7420 4,7798
5,2798 5,3185
188 21:43:21
4,5896 4,6232
4,3418 4,3761
4,7439 4,7781
5,2819 5,3166
189 21:44:21
4,5897 4,6232
4,3413 4,3755
4,7434 4,7780
5,2819 5,3164
190 21:45:21
4,5894 4,6230
4,3412 4,3751
4,7437 4,7779
5,2817 5,3158
191 21:46:20
4,5899 4,6234
4,3419 4,3761
4,7442 4,7783
5,2821 5,3167
192 21:47:20
4,5899 4,6234
4,3423 4,3765
4,7442 4,7783
5,2821 5,3168
193 21:48:21
4,5888 4,6247
4,3413 4,3773
4,7425 4,7791
5,2815 5,3182
194 21:49:21
4,5886 4,6246
4,3413 4,3778
4,7430 4,7797
5,2813 5,3185
195 21:50:21
4,5883 4,6245
4,3413 4,3779
4,7422 4,7795
5,2810 5,3186
196 21:51:21
4,5900 4,6235
4,3428 4,3770
4,7443 4,7784
5,2822 5,3168
197 21:52:21
4,5900 4,6235
4,3428 4,3766
4,7443 4,7784
5,2822 5,3168
198 21:53:21
4,5886 4,6246
4,3417 4,3778
4,7430 4,7797
5,2807 5,3181
Connection error x5
