#======================
2023-6-1
# 1.EUR, 2.USD, 3.CHF, 4.GBP
Sell Price, Buy Price
1 09:24
4,5115 4,5439
4,2273 4,2596
4,6425 4,6755
5,2515 5,2849
2 09:25
4,5093 4,5417
4,2242 4,2565
4,6381 4,6711
5,2487 5,2821
3 09:26
4,5092 4,5416
4,2239 4,2562
4,6380 4,6710
5,2489 5,2823
4 09:27
4,5094 4,5418
4,2239 4,2562
4,6377 4,6707
5,2489 5,2823
5 09:28
4,5094 4,5418
4,2241 4,2564
4,6366 4,6696
5,2489 5,2823
6 09:32
4,5113 4,5437
4,2265 4,2588
4,6413 4,6743
5,2508 5,2842
7 09:33
4,5145 4,5469
4,2303 4,2626
4,6446 4,6776
5,2567 5,2901
8 09:34
4,5144 4,5468
4,2309 4,2632
4,6447 4,6777
5,2563 5,2897
9 09:35
4,5144 4,5468
4,2316 4,2639
4,6454 4,6784
5,2572 5,2906
10 09:36
4,5141 4,5465
4,2305 4,2628
4,6451 4,6780
5,2559 5,2893
11 09:51
4,5127 4,5451
4,2312 4,2635
4,6427 4,6757
5,2543 5,2877
12 09:52
4,5132 4,5456
4,2317 4,2640
4,6430 4,6760
5,2536 5,2870
13 09:53
4,5132 4,5456
4,2317 4,2640
4,6430 4,6760
5,2536 5,2870
14 09:54
4,5129 4,5453
4,2322 4,2645
4,6427 4,6757
5,2548 5,2882
15 09:55
4,5124 4,5448
4,2309 4,2632
4,6422 4,6752
5,2533 5,2867
16 09:56
4,5125 4,5449
4,2318 4,2641
4,6436 4,6766
5,2528 5,2862
17 09:57
4,5125 4,5449
4,2310 4,2633
4,6435 4,6765
5,2525 5,2859
18 09:58
4,5112 4,5436
4,2291 4,2614
4,6421 4,6751
5,2498 5,2832
19 09:59
4,5113 4,5437
4,2293 4,2616
4,6420 4,6750
5,2493 5,2827
20 10:00
4,5113 4,5437
4,2293 4,2616
4,6416 4,6746
5,2493 5,2827
21 10:01
4,5117 4,5441
4,2287 4,2610
4,6420 4,6750
5,2497 5,2831
22 10:02
4,5116 4,5440
4,2286 4,2609
4,6416 4,6746
5,2496 5,2830
23 10:03
4,5116 4,5440
4,2298 4,2621
4,6420 4,6750
5,2490 5,2824
24 10:04
4,5126 4,5450
4,2313 4,2636
4,6436 4,6766
5,2508 5,2842
25 10:05
4,5107 4,5431
4,2295 4,2618
4,6421 4,6751
5,2486 5,2820
26 10:06
4,5113 4,5436
4,2292 4,2615
4,6426 4,6756
5,2487 5,2821
27 10:07
4,5123 4,5446
4,2301 4,2624
4,6436 4,6766
5,2503 5,2837
28 10:08
4,5119 4,5442
4,2297 4,2620
4,6432 4,6762
5,2495 5,2829
29 10:09
4,5111 4,5434
4,2290 4,2613
4,6422 4,6752
5,2492 5,2826
30 10:10
4,5111 4,5434
4,2294 4,2617
4,6422 4,6752
5,2495 5,2829
31 10:11
4,5119 4,5442
4,2301 4,2624
4,6433 4,6763
5,2511 5,2845
32 10:12
4,5131 4,5454
4,2291 4,2614
4,6445 4,6775
5,2525 5,2859
33 10:13
4,5133 4,5456
4,2295 4,2618
4,6437 4,6767
5,2561 5,2895
34 10:14
4,5133 4,5456
4,2295 4,2618
4,6435 4,6765
5,2554 5,2888
35 10:15
4,5134 4,5457
4,2296 4,2619
4,6436 4,6766
5,2559 5,2893
36 10:16
4,5135 4,5458
4,2304 4,2627
4,6437 4,6766
5,2560 5,2894
37 10:17
4,5124 4,5447
4,2280 4,2603
4,6423 4,6752
5,2541 5,2875
38 10:18
4,5120 4,5443
4,2276 4,2599
4,6419 4,6748
5,2527 5,2861
39 10:19
4,5126 4,5449
4,2282 4,2605
4,6425 4,6754
5,2534 5,2868
40 10:20
4,5123 4,5446
4,2271 4,2594
4,6413 4,6742
5,2531 5,2865
41 10:21
4,5125 4,5448
4,2273 4,2596
4,6415 4,6745
5,2533 5,2867
42 10:22
4,5132 4,5455
4,2286 4,2609
4,6422 4,6752
5,2535 5,2869
43 10:23
4,5138 4,5461
4,2293 4,2616
4,6419 4,6749
5,2539 5,2873
44 10:24
4,5140 4,5463
4,2295 4,2618
4,6420 4,6750
5,2535 5,2869
45 10:25
4,5132 4,5455
4,2280 4,2603
4,6408 4,6738
5,2525 5,2859
46 10:26
4,5135 4,5458
4,2279 4,2602
4,6411 4,6741
5,2530 5,2864
47 10:27
4,5137 4,5460
4,2280 4,2603
4,6415 4,6745
5,2541 5,2875
48 10:28
4,5141 4,5464
4,2286 4,2609
4,6422 4,6752
5,2543 5,2877
49 10:29
4,5144 4,5467
4,2289 4,2612
4,6417 4,6747
5,2552 5,2886
50 10:30
4,5145 4,5468
4,2290 4,2613
4,6418 4,6748
5,2550 5,2884
51 10:31
4,5137 4,5460
4,2286 4,2609
4,6420 4,6750
5,2541 5,2875
52 10:32
4,5134 4,5457
4,2278 4,2601
4,6417 4,6747
5,2553 5,2887
53 10:33
4,5133 4,5456
4,2277 4,2600
4,6406 4,6736
5,2576 5,2910
54 10:34
4,5133 4,5456
4,2279 4,2602
4,6406 4,6736
5,2576 5,2910
55 10:35
4,5133 4,5456
4,2281 4,2604
4,6406 4,6736
5,2570 5,2904
56 10:36
4,5123 4,5446
4,2279 4,2602
4,6398 4,6728
5,2556 5,2890
57 10:37
4,5124 4,5447
4,2270 4,2593
4,6399 4,6729
5,2556 5,2890
58 10:38
4,5123 4,5446
4,2265 4,2588
4,6398 4,6728
5,2558 5,2892
59 10:39
4,5113 4,5436
4,2260 4,2583
4,6388 4,6718
5,2547 5,2881
60 10:40
4,5114 4,5437
4,2261 4,2584
4,6389 4,6719
5,2542 5,2876
61 10:41
4,5114 4,5437
4,2253 4,2576
4,6387 4,6717
5,2542 5,2876
62 10:42
4,5111 4,5434
4,2248 4,2571
4,6384 4,6714
5,2535 5,2869
63 10:43
4,5111 4,5434
4,2248 4,2571
4,6381 4,6711
5,2529 5,2863
64 10:44
4,5110 4,5433
4,2241 4,2564
4,6375 4,6705
5,2528 5,2862
65 10:45
4,5113 4,5436
4,2242 4,2565
4,6374 4,6704
5,2525 5,2859
66 10:46
4,5113 4,5436
4,2238 4,2561
4,6374 4,6704
5,2525 5,2859
67 10:47
4,5108 4,5431
4,2229 4,2552
4,6371 4,6701
5,2523 5,2857
68 10:48
4,5105 4,5428
4,2227 4,2550
4,6373 4,6703
5,2519 5,2853
69 10:49
4,5106 4,5429
4,2228 4,2551
4,6374 4,6704
5,2505 5,2839
70 10:50
4,5106 4,5429
4,2232 4,2555
4,6371 4,6701
5,2505 5,2839
71 10:51
4,5106 4,5429
4,2230 4,2553
4,6373 4,6702
5,2505 5,2839
72 10:52
4,5106 4,5429
4,2226 4,2549
4,6372 4,6701
5,2499 5,2833
73 10:53
4,5106 4,5429
4,2222 4,2545
4,6372 4,6701
5,2499 5,2833
74 10:54
4,5120 4,5443
4,2235 4,2558
4,6387 4,6716
5,2515 5,2849
75 10:55
4,5125 4,5448
4,2232 4,2555
4,6390 4,6719
5,2521 5,2855
76 10:56
4,5126 4,5449
4,2230 4,2553
4,6392 4,6722
5,2522 5,2856
77 10:57
4,5131 4,5454
4,2235 4,2558
4,6392 4,6722
5,2530 5,2864
78 10:58
4,5130 4,5453
4,2234 4,2557
4,6395 4,6725
5,2526 5,2860
79 10:59
4,5131 4,5454
4,2235 4,2558
4,6399 4,6729
5,2527 5,2861
80 11:00
4,5139 4,5462
4,2245 4,2568
4,6405 4,6735
5,2531 5,2865
81 11:01
4,5141 4,5464
4,2251 4,2574
4,6399 4,6728
5,2540 5,2874
82 11:02
4,5133 4,5456
4,2243 4,2566
4,6400 4,6729
5,2530 5,2864
83 11:03
4,5125 4,5448
4,2232 4,2555
4,6392 4,6721
5,2512 5,2846
84 11:04
4,5128 4,5451
4,2222 4,2545
4,6380 4,6709
5,2521 5,2855
85 11:05
4,5141 4,5464
4,2232 4,2555
4,6393 4,6722
5,2530 5,2864
86 11:06
4,5141 4,5464
4,2233 4,2556
4,6394 4,6724
5,2531 5,2864
87 11:07
4,5141 4,5464
4,2233 4,2556
4,6395 4,6725
5,2538 5,2871
88 11:08
4,5141 4,5464
4,2229 4,2552
4,6395 4,6725
5,2534 5,2867
89 11:09
4,5138 4,5461
4,2230 4,2553
4,6385 4,6715
5,2528 5,2861
90 11:10
4,5138 4,5461
4,2222 4,2545
4,6385 4,6715
5,2528 5,2861
91 11:11
4,5140 4,5463
4,2226 4,2549
4,6387 4,6717
5,2532 5,2866
92 11:12
4,5139 4,5462
4,2235 4,2558
4,6386 4,6716
5,2528 5,2862
93 11:13
4,5150 4,5473
4,2245 4,2568
4,6402 4,6732
5,2535 5,2869
94 11:14
4,5173 4,5496
4,2258 4,2581
4,6421 4,6751
5,2561 5,2895
95 11:15
4,5174 4,5497
4,2256 4,2579
4,6422 4,6752
5,2563 5,2897
96 11:16
4,5174 4,5497
4,2257 4,2580
4,6420 4,6750
5,2563 5,2897
97 11:17
4,5174 4,5497
4,2257 4,2580
4,6420 4,6750
5,2563 5,2897
98 11:18
4,5168 4,5491
4,2238 4,2561
4,6416 4,6746
5,2540 5,2874
99 11:19
4,5168 4,5491
4,2240 4,2563
4,6421 4,6751
5,2540 5,2874
100 11:20
4,5163 4,5486
4,2243 4,2566
4,6418 4,6748
5,2540 5,2874
101 11:21
4,5160 4,5484
4,2247 4,2570
4,6411 4,6741
5,2533 5,2866
102 11:22
4,5160 4,5484
4,2247 4,2570
4,6408 4,6738
5,2542 5,2875
103 11:23
4,5176 4,5500
4,2258 4,2581
4,6425 4,6755
5,2556 5,2889
104 11:24
4,5177 4,5501
4,2259 4,2582
4,6433 4,6763
5,2553 5,2886
105 11:25
4,5189 4,5513
4,2272 4,2595
4,6452 4,6782
5,2563 5,2896
106 11:26
4,5205 4,5528
4,2285 4,2608
4,6478 4,6808
5,2580 5,2914
107 11:27
4,5199 4,5522
4,2289 4,2612
4,6472 4,6802
5,2583 5,2917
108 11:28
4,5199 4,5522
4,2285 4,2608
4,6472 4,6802
5,2585 5,2919
109 11:29
4,5201 4,5524
4,2283 4,2606
4,6464 4,6794
5,2588 5,2922
110 11:30
4,5200 4,5523
4,2280 4,2603
4,6463 4,6793
5,2580 5,2914
111 11:31
4,5171 4,5494
4,2253 4,2576
4,6433 4,6763
5,2547 5,2881
112 11:32
4,5206 4,5529
4,2283 4,2606
4,6469 4,6799
5,2586 5,2920
113 11:33
4,5226 4,5549
4,2306 4,2629
4,6489 4,6819
5,2604 5,2938
114 11:34
4,5224 4,5547
4,2302 4,2625
4,6487 4,6817
5,2602 5,2936
115 11:35
4,5221 4,5544
4,2299 4,2622
4,6482 4,6812
5,2605 5,2939
116 11:36
4,5224 4,5547
4,2294 4,2617
4,6488 4,6818
5,2612 5,2946
117 11:37
4,5224 4,5547
4,2292 4,2615
4,6488 4,6818
5,2608 5,2942
118 11:38
4,5214 4,5537
4,2285 4,2608
4,6480 4,6810
5,2600 5,2934
119 11:39
4,5207 4,5530
4,2284 4,2607
4,6476 4,6806
5,2589 5,2923
120 11:40
4,5206 4,5529
4,2277 4,2600
4,6476 4,6806
5,2572 5,2906
121 11:41
4,5205 4,5529
4,2275 4,2598
4,6474 4,6804
5,2572 5,2906
122 11:42
4,5236 4,5560
4,2305 4,2628
4,6505 4,6835
5,2611 5,2945
123 11:43
4,5236 4,5560
4,2301 4,2624
4,6505 4,6835
5,2614 5,2948
124 11:44
4,5236 4,5560
4,2305 4,2628
4,6505 4,6835
5,2614 5,2948
125 11:45
4,5242 4,5566
4,2304 4,2627
4,6507 4,6837
5,2618 5,2952
126 11:46
4,5251 4,5575
4,2303 4,2626
4,6517 4,6847
5,2630 5,2963
127 11:47
4,5250 4,5574
4,2304 4,2627
4,6515 4,6845
5,2628 5,2961
128 11:48
4,5266 4,5590
4,2319 4,2642
4,6532 4,6862
5,2644 5,2977
129 11:49
4,5266 4,5590
4,2317 4,2640
4,6532 4,6862
5,2647 5,2980
130 11:50
4,5266 4,5590
4,2313 4,2636
4,6533 4,6863
5,2653 5,2986
131 11:51
4,5266 4,5590
4,2311 4,2634
4,6537 4,6867
5,2665 5,2999
132 11:52
4,5246 4,5570
4,2292 4,2615
4,6516 4,6846
5,2639 5,2973
133 11:53
4,5217 4,5541
4,2265 4,2588
4,6470 4,6800
5,2604 5,2938
134 11:54
4,5253 4,5577
4,2299 4,2622
4,6515 4,6845
5,2652 5,2986
135 11:55
4,5250 4,5574
4,2274 4,2597
4,6508 4,6838
5,2649 5,2983
136 11:56
4,5263 4,5586
4,2274 4,2597
4,6521 4,6851
5,2649 5,2983
137 11:57
4,5264 4,5587
4,2274 4,2597
4,6521 4,6851
5,2651 5,2985
138 11:58
4,5264 4,5587
4,2284 4,2607
4,6521 4,6851
5,2648 5,2982
139 11:59
4,5262 4,5585
4,2262 4,2585
4,6520 4,6850
5,2646 5,2980
140 12:00
4,5262 4,5585
4,2266 4,2589
4,6517 4,6847
5,2646 5,2980
141 12:01
4,5262 4,5585
4,2267 4,2590
4,6520 4,6850
5,2650 5,2984
142 12:02
4,5268 4,5591
4,2270 4,2593
4,6526 4,6856
5,2663 5,2997
143 12:03
4,5280 4,5603
4,2283 4,2606
4,6538 4,6868
5,2677 5,3011
144 12:04
4,5279 4,5602
4,2290 4,2613
4,6544 4,6874
5,2681 5,3015
145 12:05
4,5279 4,5602
4,2298 4,2621
4,6542 4,6872
5,2682 5,3016
146 12:06
4,5279 4,5603
4,2297 4,2620
4,6550 4,6880
5,2695 5,3029
147 12:07
4,5280 4,5604
4,2302 4,2625
4,6551 4,6881
5,2702 5,3036
148 12:08
4,5286 4,5610
4,2308 4,2631
4,6557 4,6887
5,2722 5,3056
149 12:09
4,5293 4,5617
4,2314 4,2637
4,6565 4,6895
5,2727 5,3061
150 12:10
4,5290 4,5614
4,2311 4,2634
4,6561 4,6891
5,2726 5,3060
151 12:11
4,5290 4,5613
4,2314 4,2637
4,6565 4,6895
5,2716 5,3050
152 12:12
4,5288 4,5611
4,2311 4,2634
4,6563 4,6893
5,2713 5,3047
153 12:13
4,5287 4,5610
4,2312 4,2635
4,6557 4,6887
5,2719 5,3053
154 12:14
4,5282 4,5605
4,2305 4,2628
4,6552 4,6882
5,2712 5,3046
155 12:15
4,5281 4,5604
4,2308 4,2631
4,6546 4,6876
5,2711 5,3045
156 12:16
4,5283 4,5606
4,2310 4,2633
4,6548 4,6878
5,2711 5,3045
157 12:17
4,5281 4,5604
4,2308 4,2631
4,6546 4,6876
5,2705 5,3039
158 12:18
4,5282 4,5605
4,2309 4,2632
4,6540 4,6870
5,2710 5,3044
159 12:19
4,5286 4,5609
4,2313 4,2636
4,6547 4,6877
5,2714 5,3048
160 12:20
4,5285 4,5608
4,2312 4,2635
4,6551 4,6881
5,2720 5,3054
161 12:21
4,5280 4,5603
4,2279 4,2602
4,6536 4,6866
5,2713 5,3047
162 12:22
4,5280 4,5603
4,2277 4,2600
4,6538 4,6868
5,2704 5,3038
163 12:23
4,5273 4,5596
4,2273 4,2596
4,6524 4,6854
5,2696 5,3030
164 12:24
4,5264 4,5587
4,2264 4,2587
4,6514 4,6844
5,2686 5,3020
165 12:25
4,5265 4,5588
4,2271 4,2594
4,6515 4,6845
5,2687 5,3021
166 12:26
4,5277 4,5601
4,2299 4,2622
4,6531 4,6861
5,2702 5,3036
167 12:27
4,5275 4,5599
4,2307 4,2630
4,6534 4,6864
5,2702 5,3036
168 12:28
4,5277 4,5601
4,2309 4,2632
4,6543 4,6873
5,2699 5,3033
169 12:29
4,5278 4,5602
4,2310 4,2633
4,6542 4,6872
5,2694 5,3028
170 12:30
4,5279 4,5603
4,2311 4,2634
4,6548 4,6878
5,2695 5,3029
171 12:31
4,5281 4,5604
4,2286 4,2609
4,6544 4,6874
5,2696 5,3030
172 12:32
4,5287 4,5610
4,2298 4,2621
4,6553 4,6883
5,2707 5,3041
173 12:33
4,5285 4,5608
4,2292 4,2615
4,6553 4,6883
5,2698 5,3032
174 12:34
4,5284 4,5607
4,2285 4,2608
4,6549 4,6879
5,2693 5,3027
175 12:35
4,5283 4,5606
4,2292 4,2615
4,6547 4,6877
5,2692 5,3026
176 12:36
4,5283 4,5606
4,2290 4,2613
4,6544 4,6874
5,2690 5,3023
177 12:37
4,5284 4,5607
4,2279 4,2602
4,6542 4,6872
5,2691 5,3024
178 12:38
4,5286 4,5609
4,2283 4,2606
4,6544 4,6874
5,2697 5,3030
179 12:39
4,5275 4,5598
4,2273 4,2596
4,6538 4,6868
5,2693 5,3026
180 12:40
4,5269 4,5592
4,2273 4,2596
4,6534 4,6864
5,2683 5,3016
181 12:41
4,5261 4,5584
4,2258 4,2581
4,6521 4,6851
5,2670 5,3004
182 12:42
4,5264 4,5587
4,2260 4,2583
4,6529 4,6859
5,2673 5,3007
183 12:43
4,5264 4,5587
4,2256 4,2579
4,6526 4,6856
5,2670 5,3004
184 12:44
4,5264 4,5587
4,2248 4,2571
4,6524 4,6854
5,2670 5,3004
185 12:45
4,5264 4,5587
4,2256 4,2579
4,6529 4,6859
5,2676 5,3010
186 12:46
4,5265 4,5588
4,2254 4,2577
4,6526 4,6856
5,2691 5,3025
187 12:47
4,5267 4,5590
4,2251 4,2574
4,6527 4,6857
5,2685 5,3019
188 12:48
4,5267 4,5590
4,2251 4,2574
4,6529 4,6859
5,2689 5,3023
189 12:49
4,5252 4,5575
4,2247 4,2570
4,6523 4,6853
5,2681 5,3015
190 12:50
4,5252 4,5575
4,2253 4,2576
4,6526 4,6856
5,2687 5,3021
191 12:51
4,5252 4,5575
4,2245 4,2568
4,6519 4,6849
5,2687 5,3021
192 12:52
4,5253 4,5576
4,2248 4,2571
4,6522 4,6852
5,2682 5,3016
193 12:53
4,5249 4,5572
4,2250 4,2573
4,6518 4,6848
5,2677 5,3011
194 12:54
4,5253 4,5576
4,2254 4,2577
4,6518 4,6848
5,2682 5,3016
195 12:55
4,5254 4,5577
4,2263 4,2586
4,6523 4,6853
5,2690 5,3024
196 12:56
4,5254 4,5577
4,2265 4,2588
4,6523 4,6853
5,2696 5,3030
197 12:57
4,5252 4,5575
4,2263 4,2586
4,6519 4,6849
5,2697 5,3031
198 12:58
4,5251 4,5574
4,2262 4,2585
4,6520 4,6850
5,2714 5,3048
199 12:59
4,5251 4,5574
4,2264 4,2587
4,6525 4,6855
5,2698 5,3032
200 13:00
4,5249 4,5572
4,2254 4,2577
4,6523 4,6853
5,2694 5,3028
201 13:01
4,5250 4,5574
4,2248 4,2571
4,6520 4,6850
5,2708 5,3041
202 13:02
4,5248 4,5572
4,2246 4,2569
4,6518 4,6848
5,2709 5,3042
203 13:03
4,5249 4,5573
4,2247 4,2570
4,6519 4,6849
5,2707 5,3040
204 13:04
4,5248 4,5572
4,2240 4,2563
4,6513 4,6843
5,2706 5,3039
205 13:05
4,5246 4,5570
4,2243 4,2566
4,6511 4,6841
5,2713 5,3046
206 13:06
4,5247 4,5570
4,2244 4,2567
4,6511 4,6840
5,2709 5,3043
207 13:07
4,5251 4,5574
4,2248 4,2571
4,6515 4,6844
5,2713 5,3047
208 13:08
4,5267 4,5590
4,2263 4,2586
4,6532 4,6861
5,2733 5,3067
209 13:09
4,5276 4,5599
4,2265 4,2588
4,6541 4,6870
5,2737 5,3071
210 13:10
4,5269 4,5592
4,2257 4,2580
4,6532 4,6861
5,2726 5,3060
211 13:11
4,5261 4,5585
4,2249 4,2572
4,6527 4,6857
5,2720 5,3054
212 13:12
4,5259 4,5583
4,2245 4,2568
4,6522 4,6852
5,2715 5,3049
213 13:13
4,5246 4,5570
4,2232 4,2555
4,6504 4,6834
5,2727 5,3061
214 13:14
4,5243 4,5567
4,2230 4,2553
4,6508 4,6838
5,2727 5,3061
215 13:15
4,5243 4,5567
4,2236 4,2559
4,6520 4,6850
5,2727 5,3061
216 13:16
4,5253 4,5576
4,2238 4,2561
4,6530 4,6860
5,2739 5,3072
217 13:17
4,5257 4,5580
4,2246 4,2569
4,6541 4,6871
5,2738 5,3071
218 13:18
4,5258 4,5581
4,2245 4,2568
4,6544 4,6874
5,2732 5,3065
219 13:19
4,5260 4,5583
4,2247 4,2570
4,6544 4,6874
5,2740 5,3073
220 13:20
4,5260 4,5583
4,2249 4,2572
4,6544 4,6874
5,2744 5,3077
221 13:21
4,5238 4,5561
4,2236 4,2559
4,6521 4,6851
5,2717 5,3051
222 13:22
4,5237 4,5560
4,2233 4,2556
4,6520 4,6850
5,2719 5,3053
223 13:23
4,5236 4,5559
4,2232 4,2555
4,6519 4,6849
5,2718 5,3052
224 13:24
4,5236 4,5559
4,2232 4,2555
4,6519 4,6849
5,2718 5,3052
225 13:25
4,5226 4,5549
4,2225 4,2548
4,6509 4,6839
5,2703 5,3037
226 13:26
4,5226 4,5549
4,2225 4,2548
4,6514 4,6844
5,2703 5,3037
227 13:27
4,5215 4,5538
4,2217 4,2540
4,6502 4,6832
5,2693 5,3027
228 13:28
4,5214 4,5537
4,2216 4,2539
4,6501 4,6831
5,2680 5,3014
229 13:29
4,5209 4,5532
4,2213 4,2536
4,6496 4,6826
5,2693 5,3027
230 13:30
4,5211 4,5534
4,2217 4,2540
4,6498 4,6828
5,2692 5,3026
231 13:31
4,5211 4,5534
4,2213 4,2536
4,6494 4,6824
5,2692 5,3026
232 13:32
4,5211 4,5534
4,2213 4,2536
4,6494 4,6824
5,2692 5,3026
233 13:33
4,5216 4,5539
4,2213 4,2536
4,6489 4,6819
5,2706 5,3040
234 13:34
4,5241 4,5564
4,2237 4,2560
4,6510 4,6840
5,2723 5,3057
235 13:35
4,5243 4,5566
4,2231 4,2554
4,6512 4,6842
5,2726 5,3060
236 13:36
4,5244 4,5567
4,2228 4,2551
4,6518 4,6847
5,2715 5,3049
237 13:37
4,5245 4,5568
4,2233 4,2556
4,6519 4,6848
5,2709 5,3043
238 13:38
4,5247 4,5570
4,2242 4,2565
4,6531 4,6860
5,2715 5,3049
239 13:39
4,5247 4,5570
4,2241 4,2564
4,6531 4,6860
5,2728 5,3062
240 13:40
4,5251 4,5574
4,2244 4,2567
4,6535 4,6864
5,2735 5,3069
241 13:41
4,5250 4,5573
4,2243 4,2566
4,6529 4,6859
5,2734 5,3068
242 13:42
4,5249 4,5572
4,2240 4,2563
4,6526 4,6856
5,2733 5,3067
243 13:43
4,5248 4,5571
4,2239 4,2562
4,6527 4,6857
5,2729 5,3063
244 13:44
4,5249 4,5572
4,2236 4,2559
4,6523 4,6853
5,2730 5,3064
245 13:45
4,5248 4,5571
4,2235 4,2558
4,6522 4,6852
5,2725 5,3059
246 13:46
4,5248 4,5571
4,2241 4,2564
4,6522 4,6851
5,2728 5,3062
247 13:47
4,5248 4,5571
4,2236 4,2559
4,6522 4,6851
5,2728 5,3062
248 13:48
4,5265 4,5588
4,2249 4,2572
4,6540 4,6869
5,2748 5,3082
249 13:49
4,5269 4,5592
4,2255 4,2578
4,6544 4,6873
5,2756 5,3090
250 13:50
4,5271 4,5594
4,2263 4,2586
4,6546 4,6875
5,2762 5,3096
251 13:51
4,5278 4,5601
4,2277 4,2600
4,6553 4,6882
5,2770 5,3104
252 13:52
4,5280 4,5603
4,2279 4,2602
4,6560 4,6889
5,2781 5,3115
253 13:53
4,5284 4,5607
4,2291 4,2614
4,6564 4,6893
5,2780 5,3114
254 13:54
4,5284 4,5607
4,2293 4,2616
4,6564 4,6893
5,2780 5,3114
255 13:55
4,5284 4,5607
4,2293 4,2616
4,6569 4,6898
5,2777 5,3111
256 13:56
4,5284 4,5607
4,2293 4,2616
4,6571 4,6900
5,2777 5,3111
257 13:57
4,5284 4,5607
4,2293 4,2616
4,6576 4,6905
5,2777 5,3111
258 13:58
4,5258 4,5581
4,2269 4,2592
4,6547 4,6876
5,2764 5,3098
259 13:59
4,5255 4,5578
4,2268 4,2591
4,6546 4,6875
5,2761 5,3095
260 14:00
4,5246 4,5569
4,2259 4,2582
4,6532 4,6861
5,2753 5,3087
261 14:01
4,5246 4,5569
4,2260 4,2583
4,6533 4,6864
5,2751 5,3085
262 14:02
4,5245 4,5568
4,2260 4,2583
4,6532 4,6863
5,2743 5,3077
263 14:03
4,5243 4,5566
4,2266 4,2589
4,6509 4,6840
5,2741 5,3075
264 14:04
4,5247 4,5570
4,2272 4,2595
4,6503 4,6834
5,2749 5,3083
265 14:05
4,5245 4,5568
4,2270 4,2593
4,6501 4,6832
5,2734 5,3068
266 14:06
4,5237 4,5560
4,2265 4,2588
4,6481 4,6811
5,2725 5,3059
267 14:22
4,5276 4,5599
4,2365 4,2688
4,6503 4,6833
5,2795 5,3129
268 14:23
4,5278 4,5601
4,2363 4,2686
4,6495 4,6825
5,2791 5,3125
269 14:24
4,5278 4,5601
4,2365 4,2688
4,6495 4,6825
5,2791 5,3125
270 14:25
4,5256 4,5579
4,2344 4,2667
4,6477 4,6807
5,2769 5,3103
271 14:26
4,5253 4,5576
4,2314 4,2637
4,6471 4,6801
5,2759 5,3093
272 14:27
4,5252 4,5575
4,2307 4,2630
4,6475 4,6805
5,2755 5,3089
273 14:28
4,5251 4,5574
4,2306 4,2629
4,6471 4,6801
5,2751 5,3085
274 14:29
4,5245 4,5568
4,2302 4,2625
4,6460 4,6790
5,2744 5,3078
275 14:30
4,5245 4,5568
4,2312 4,2635
4,6468 4,6798
5,2744 5,3078
276 14:31
4,5263 4,5586
4,2306 4,2629
4,6502 4,6833
5,2768 5,3102
277 14:32
4,5263 4,5586
4,2277 4,2600
4,6502 4,6833
5,2761 5,3095
278 14:33
4,5252 4,5575
4,2265 4,2588
4,6490 4,6820
5,2736 5,3070
279 14:34
4,5250 4,5573
4,2275 4,2598
4,6490 4,6820
5,2737 5,3071
280 14:35
4,5254 4,5577
4,2289 4,2612
4,6486 4,6816
5,2742 5,3076
281 14:36
4,5255 4,5578
4,2290 4,2613
4,6487 4,6817
5,2743 5,3077
282 14:37
4,5256 4,5579
4,2291 4,2614
4,6486 4,6816
5,2744 5,3078
283 14:38
4,5252 4,5575
4,2283 4,2606
4,6477 4,6807
5,2761 5,3095
284 14:39
4,5249 4,5572
4,2278 4,2601
4,6474 4,6804
5,2751 5,3085
285 14:40
4,5249 4,5572
4,2278 4,2601
4,6472 4,6802
5,2751 5,3085
286 14:41
4,5240 4,5563
4,2289 4,2612
4,6461 4,6791
5,2760 5,3094
287 14:42
4,5239 4,5562
4,2289 4,2612
4,6476 4,6806
5,2761 5,3095
288 14:43
4,5232 4,5555
4,2282 4,2605
4,6461 4,6791
5,2753 5,3087
289 14:44
4,5232 4,5555
4,2278 4,2601
4,6466 4,6796
5,2753 5,3087
290 14:45
4,5230 4,5553
4,2264 4,2587
4,6469 4,6799
5,2751 5,3085
291 14:46
4,5230 4,5553
4,2264 4,2587
4,6470 4,6800
5,2751 5,3085
292 14:47
4,5240 4,5563
4,2274 4,2597
4,6485 4,6815
5,2763 5,3097
293 14:48
4,5240 4,5563
4,2252 4,2575
4,6485 4,6815
5,2759 5,3093
294 14:49
4,5242 4,5565
4,2258 4,2581
4,6487 4,6817
5,2762 5,3096
295 14:50
4,5243 4,5566
4,2257 4,2580
4,6488 4,6818
5,2753 5,3087
296 14:51
4,5251 4,5574
4,2264 4,2587
4,6500 4,6830
5,2766 5,3100
297 14:52
4,5256 4,5579
4,2259 4,2582
4,6505 4,6835
5,2772 5,3106
298 14:53
4,5261 4,5584
4,2266 4,2589
4,6510 4,6840
5,2781 5,3115
299 14:54
4,5261 4,5584
4,2265 4,2588
4,6510 4,6840
5,2781 5,3115
300 14:55
4,5262 4,5585
4,2263 4,2586
4,6511 4,6841
5,2785 5,3119
301 14:56
4,5244 4,5567
4,2250 4,2573
4,6494 4,6823
5,2767 5,3101
302 14:57
4,5233 4,5556
4,2234 4,2557
4,6480 4,6809
5,2754 5,3088
303 14:58
4,5244 4,5567
4,2242 4,2565
4,6494 4,6823
5,2767 5,3101
304 14:59
4,5249 4,5572
4,2250 4,2573
4,6501 4,6830
5,2776 5,3110
305 15:00
4,5249 4,5572
4,2256 4,2579
4,6501 4,6830
5,2782 5,3116
306 15:01
4,5248 4,5572
4,2256 4,2579
4,6500 4,6831
5,2785 5,3119
307 15:02
4,5248 4,5572
4,2256 4,2579
4,6493 4,6824
5,2786 5,3120
308 15:03
4,5241 4,5565
4,2246 4,2569
4,6481 4,6812
5,2773 5,3107
309 15:04
4,5245 4,5569
4,2249 4,2572
4,6485 4,6816
5,2778 5,3112
310 15:05
4,5250 4,5574
4,2248 4,2571
4,6491 4,6822
5,2788 5,3122
311 15:06
4,5255 4,5578
4,2244 4,2567
4,6495 4,6826
5,2792 5,3126
312 15:07
4,5254 4,5577
4,2245 4,2568
4,6498 4,6829
5,2789 5,3123
313 15:08
4,5250 4,5573
4,2245 4,2568
4,6494 4,6825
5,2783 5,3117
314 15:09
4,5240 4,5563
4,2238 4,2561
4,6462 4,6793
5,2772 5,3106
315 15:10
4,5250 4,5573
4,2251 4,2574
4,6470 4,6801
5,2789 5,3123
316 15:11
4,5249 4,5574
4,2257 4,2580
4,6466 4,6797
5,2790 5,3123
317 15:12
4,5260 4,5585
4,2271 4,2594
4,6470 4,6801
5,2803 5,3136
318 15:13
4,5259 4,5584
4,2288 4,2611
4,6471 4,6802
5,2796 5,3129
319 15:14
4,5259 4,5584
4,2281 4,2604
4,6476 4,6807
5,2790 5,3123
320 15:15
4,5259 4,5584
4,2280 4,2603
4,6474 4,6805
5,2784 5,3117
321 15:16
4,5235 4,5558
4,2247 4,2570
4,6450 4,6780
5,2757 5,3090
322 15:17
4,5234 4,5557
4,2242 4,2565
4,6449 4,6779
5,2757 5,3090
323 15:18
4,5234 4,5557
4,2262 4,2585
4,6444 4,6774
5,2756 5,3089
324 15:19
4,5234 4,5557
4,2256 4,2579
4,6437 4,6767
5,2756 5,3089
325 15:20
4,5234 4,5557
4,2256 4,2579
4,6437 4,6767
5,2756 5,3089
326 15:21
4,5235 4,5558
4,2257 4,2580
4,6426 4,6756
5,2760 5,3094
327 15:22
4,5232 4,5555
4,2254 4,2577
4,6428 4,6758
5,2756 5,3090
328 15:23
4,5229 4,5552
4,2253 4,2576
4,6425 4,6755
5,2753 5,3087
329 15:24
4,5228 4,5551
4,2250 4,2573
4,6429 4,6759
5,2742 5,3076
330 15:25
4,5225 4,5548
4,2242 4,2565
4,6425 4,6755
5,2739 5,3073
331 15:26
4,5226 4,5549
4,2227 4,2550
4,6422 4,6753
5,2737 5,3071
332 15:27
4,5214 4,5537
4,2216 4,2539
4,6421 4,6752
5,2722 5,3056
333 15:28
4,5223 4,5546
4,2226 4,2549
4,6431 4,6762
5,2733 5,3067
334 15:29
4,5224 4,5547
4,2221 4,2544
4,6427 4,6758
5,2735 5,3069
335 15:30
4,5224 4,5547
4,2221 4,2544
4,6431 4,6762
5,2728 5,3062
336 15:51
Definite connection error