#======================
2023-9-12
# 1.EUR, 2.USD, 3.CHF, 4.GBP
Sell Price, Buy Price
1 00:01:21
4,6152 4,6650
4,2917 4,3410
4,8181 4,8703
5,3736 5,4274
2 00:02:21
4,6152 4,6650
4,2917 4,3414
4,8182 4,8705
5,3739 5,4280
3 00:03:22
4,6152 4,6650
4,2921 4,3414
4,8182 4,8705
5,3745 5,4280
4 00:04:20
4,6152 4,6650
4,2921 4,3414
4,8187 4,8710
5,3745 5,4280
5 00:05:20
4,6152 4,6650
4,2921 4,3414
4,8187 4,8710
5,3749 5,4280
6 00:06:21
4,6152 4,6650
4,2921 4,3414
4,8187 4,8710
5,3752 5,4273
7 00:07:21
4,6152 4,6650
4,2921 4,3414
4,8187 4,8710
5,3746 5,4274
8 00:08:21
4,6152 4,6650
4,2921 4,3414
4,8191 4,8709
5,3752 5,4273
9 08:25:21
4,6238 4,6574
4,3057 4,3400
4,8316 4,8660
5,3901 5,4245
10 08:26:21
4,6232 4,6553
4,3056 4,3384
4,8307 4,8640
5,3887 5,4220
11 08:27:21
4,6235 4,6559
4,3057 4,3385
4,8315 4,8646
5,3885 5,4221
12 08:28:21
4,6237 4,6558
4,3061 4,3386
4,8317 4,8645
5,3884 5,4217
13 08:29:20
4,6228 4,6555
4,3052 4,3386
4,8307 4,8641
5,3869 5,4210
14 08:30:20
4,6229 4,6555
4,3045 4,3378
4,8303 4,8642
5,3877 5,4216
15 08:31:22
4,6242 4,6575
4,3065 4,3401
4,8318 4,8663
5,3880 5,4227
16 08:32:21
4,6240 4,6567
4,3063 4,3397
4,8325 4,8659
5,3873 5,4211
17 08:33:21
4,6205 4,6533
4,3031 4,3362
4,8287 4,8623
5,3815 5,4154
18 08:34:20
4,6206 4,6545
4,3027 4,3373
4,8289 4,8637
5,3827 5,4181
19 08:35:20
4,6214 4,6546
4,3035 4,3370
4,8292 4,8636
5,3847 5,4193
20 08:36:21
4,6210 4,6540
4,3042 4,3376
4,8299 4,8636
5,3840 5,4183
21 08:37:21
4,6210 4,6540
4,3043 4,3380
4,8300 4,8640
5,3850 5,4191
22 08:38:21
4,6207 4,6537
4,3036 4,3373
4,8301 4,8638
5,3845 5,4188
23 08:39:20
4,6191 4,6524
4,3022 4,3358
4,8284 4,8624
5,3829 5,4175
24 08:40:20
4,6189 4,6536
4,3012 4,3361
4,8278 4,8633
5,3819 5,4182
25 08:41:21
4,6195 4,6528
4,3009 4,3349
4,8284 4,8625
5,3827 5,4173
26 08:42:21
4,6205 4,6533
4,3017 4,3353
4,8292 4,8628
5,3836 5,4177
27 08:43:21
4,6194 4,6518
4,3013 4,3344
4,8291 4,8623
5,3824 5,4160
28 08:44:20
4,6189 4,6510
4,3016 4,3340
4,8292 4,8620
5,3819 5,4152
29 08:45:20
4,6220 4,6554
4,3052 4,3389
4,8324 4,8671
5,3866 5,4215
30 08:46:21
4,6239 4,6575
4,3078 4,3417
4,8349 4,8698
5,3900 5,4250
31 08:47:21
4,6244 4,6588
4,3078 4,3428
4,8355 4,8712
5,3913 5,4273
32 08:48:21
4,6260 4,6595
4,3098 4,3440
4,8377 4,8720
5,3927 5,4276
33 08:49:21
4,6261 4,6595
4,3099 4,3436
4,8376 4,8719
5,3934 5,4282
34 08:50:27
4,6259 4,6590
4,3097 4,3435
4,8376 4,8715
5,3933 5,4277
35 08:51:32
4,6256 4,6586
4,3090 4,3427
4,8370 4,8708
5,3933 5,4277
36 08:52:24
4,6257 4,6587
4,3091 4,3424
4,8371 4,8709
5,3928 5,4271
37 08:53:21
4,6256 4,6586
4,3090 4,3427
4,8372 4,8709
5,3931 5,4274
38 08:54:21
4,6250 4,6580
4,3085 4,3422
4,8359 4,8697
5,3933 5,4276
39 08:55:21
4,6250 4,6579
4,3089 4,3422
4,8366 4,8702
5,3941 5,4283
40 08:56:21
4,6251 4,6581
4,3094 4,3431
4,8368 4,8708
5,3954 5,4296
41 08:57:21
4,6250 4,6580
4,3089 4,3426
4,8371 4,8708
5,3945 5,4288
42 08:58:20
4,6248 4,6579
4,3087 4,3422
4,8364 4,8703
5,3939 5,4281
43 08:59:20
4,6286 4,6613
4,3119 4,3450
4,8405 4,8740
5,3991 5,4326
44 09:00:21
4,6283 4,6609
4,3116 4,3449
4,8400 4,8733
5,3985 5,4323
45 09:01:21
4,6290 4,6630
4,3119 4,3462
4,8425 4,8772
5,3988 5,4336
46 09:02:21
4,6310 4,6649
4,3141 4,3481
4,8454 4,8800
5,3998 5,4351
47 09:03:21
4,6320 4,6656
4,3155 4,3492
4,8462 4,8810
5,4019 5,4366
48 09:04:20
4,6323 4,6658
4,3153 4,3492
4,8468 4,8814
5,4032 5,4380
49 09:05:20
4,6331 4,6661
4,3170 4,3504
4,8475 4,8813
5,4035 5,4378
50 09:06:21
4,6318 4,6649
4,3153 4,3485
4,8457 4,8795
5,4019 5,4356
51 09:07:21
4,6314 4,6641
4,3152 4,3481
4,8453 4,8791
5,4001 5,4340
52 09:08:21
4,6305 4,6627
4,3141 4,3464
4,8450 4,8778
5,3994 5,4327
53 09:09:21
4,6302 4,6635
4,3138 4,3476
4,8440 4,8780
5,3995 5,4341
54 09:10:21
4,6312 4,6638
4,3160 4,3488
4,8462 4,8794
5,4003 5,4341
55 09:11:21
4,6323 4,6654
4,3178 4,3514
4,8480 4,8817
5,4022 5,4366
56 09:12:20
4,6305 4,6641
4,3161 4,3502
4,8461 4,8804
5,4001 5,4349
57 09:13:20
4,6325 4,6647
4,3187 4,3511
4,8481 4,8809
5,3997 5,4330
58 09:14:21
4,6313 4,6640
4,3181 4,3513
4,8472 4,8806
5,3988 5,4327
59 09:15:21
4,6303 4,6635
4,3176 4,3512
4,8468 4,8807
5,3983 5,4322
60 09:16:21
4,6316 4,6640
4,3176 4,3502
4,8495 4,8827
5,4002 5,4335
61 09:17:21
4,6321 4,6645
4,3177 4,3503
4,8488 4,8823
5,3999 5,4334
62 09:18:20
4,6352 4,6681
4,3204 4,3535
4,8521 4,8857
5,4042 5,4383
63 09:19:20
4,6362 4,6684
4,3215 4,3538
4,8534 4,8862
5,4062 5,4395
64 09:20:20
4,6363 4,6685
4,3216 4,3537
4,8535 4,8863
5,4066 5,4399
65 09:21:21
4,6353 4,6677
4,3210 4,3535
4,8527 4,8856
5,4057 5,4391
66 09:22:21
4,6359 4,6682
4,3214 4,3543
4,8531 4,8860
5,4058 5,4391
67 09:23:21
4,6360 4,6683
4,3215 4,3540
4,8529 4,8862
5,4059 5,4392
68 09:24:21
4,6364 4,6692
4,3224 4,3557
4,8537 4,8875
5,4062 5,4402
69 09:25:20
4,6393 4,6722
4,3255 4,3589
4,8571 4,8907
5,4088 5,4429
70 09:26:20
4,6388 4,6715
4,3249 4,3582
4,8572 4,8905
5,4083 5,4421
71 09:27:21
4,6390 4,6712
4,3249 4,3577
4,8569 4,8901
5,4086 5,4419
72 09:28:21
4,6395 4,6724
4,3257 4,3591
4,8574 4,8915
5,4098 5,4432
73 09:29:21
4,6386 4,6717
4,3245 4,3581
4,8570 4,8912
5,4094 5,4430
74 09:30:20
4,6397 4,6719
4,3247 4,3574
4,8581 4,8909
5,4100 5,4433
75 09:31:20
4,6453 4,6786
4,3306 4,3641
4,8645 4,8950
5,4165 5,4505
76 09:32:21
4,6459 4,6795
4,3308 4,3641
4,8652 4,8950
5,4159 5,4508
77 09:33:21
4,6542 4,6884
4,3395 4,3737
4,8739 4,8950
5,4249 5,4607
78 09:34:21
4,6549 4,6886
4,3396 4,3737
4,8740 4,8950
5,4259 5,4609
79 09:35:21
4,6590 4,6912
4,3440 4,3761
4,8789 4,8950
5,4306 5,4639
80 09:36:21
4,6591 4,6915
4,3444 4,3773
4,8787 4,8950
5,4315 5,4648
81 09:37:20
4,6585 4,6907
4,3437 4,3761
4,8767 4,8950
5,4301 5,4634
82 09:38:20
4,6577 4,6899
4,3431 4,3754
4,8756 4,8950
5,4290 5,4623
83 09:39:21
4,6575 4,6897
4,3430 4,3751
4,8751 4,8950
5,4282 5,4615
84 09:40:21
4,6552 4,6884
4,3415 4,3748
4,8729 4,8950
5,4262 5,4599
85 09:41:21
4,6535 4,6857
4,3401 4,3722
4,8714 4,8950
5,4242 5,4575
86 09:42:21
4,6523 4,6846
4,3389 4,3713
4,8703 4,8950
5,4227 5,4560
87 09:43:20
4,6522 4,6848
4,3388 4,3715
4,8703 4,8950
5,4232 5,4565
88 09:45:20
4,6526 4,6852
4,3392 4,3724
4,8707 4,8950
5,4206 5,4543
89 09:46:20
4,6531 4,6861
4,3400 4,3731
4,8718 4,8950
5,4199 5,4542
90 09:47:21
4,6593 4,6938
4,3453 4,3798
4,8782 4,8950
5,4284 5,4636
91 09:48:21
4,6612 4,6947
4,3484 4,3820
4,8806 4,8950
5,4310 5,4657
92 09:49:21
4,6605 4,6939
4,3481 4,3816
4,8805 4,8950
5,4304 5,4643
93 09:50:20
4,6629 4,6965
4,3508 4,3845
4,8837 4,8950
5,4337 5,4685
94 09:51:20
4,6632 4,6967
4,3506 4,3846
4,8837 4,8950
5,4340 5,4684
95 09:52:20
4,6631 4,6962
4,3505 4,3837
4,8826 4,8950
5,4339 5,4682
96 09:53:21
4,6658 4,7000
4,3540 4,3886
4,8871 4,8950
5,4367 5,4722
97 09:54:21
4,6745 4,7068
4,3625 4,3953
4,8960 4,8950
5,4467 5,4800
98 09:55:21
4,6696 4,7044
4,3579 4,3927
4,8915 4,8950
5,4421 5,4780
99 09:56:21
4,6660 4,6996
4,3545 4,3882
4,8878 4,8950
5,4379 5,4730
100 09:57:20
4,6688 4,7030
4,3580 4,3922
4,8908 4,8950
5,4421 5,4777
101 09:58:20
4,6669 4,7005
4,3551 4,3889
4,8884 4,8950
5,4401 5,4749
102 09:59:21
4,6665 4,7007
4,3545 4,3892
4,8884 4,8950
5,4406 5,4757
103 10:00:21
4,6683 4,7013
4,3570 4,3905
4,8907 4,8950
5,4434 5,4776
104 10:01:21
4,6670 4,7011
4,3557 4,3898
4,8877 4,8950
5,4396 5,4753
105 10:02:21
4,6707 4,7049
4,3592 4,3939
4,8930 4,8950
5,4443 5,4799
106 10:03:21
4,6685 4,7019
4,3568 4,3907
4,8910 4,8950
5,4410 5,4757
107 10:04:21
4,6689 4,7020
4,3572 4,3904
4,8912 4,8950
5,4408 5,4746
108 10:05:20
4,6705 4,7040
4,3583 4,3919
4,8919 4,8950
5,4420 5,4767
109 10:06:21
4,6714 4,7045
4,3595 4,3931
4,8933 4,8950
5,4430 5,4773
110 10:07:21
4,6710 4,7038
4,3588 4,3918
4,8926 4,8950
5,4421 5,4760
111 10:08:21
4,6709 4,7036
4,3587 4,3919
4,8929 4,8950
5,4419 5,4757
112 10:09:20
4,6689 4,7017
4,3572 4,3901
4,8898 4,8950
5,4403 5,4743
113 10:10:21
4,6674 4,7002
4,3554 4,3883
4,8872 4,8950
5,4377 5,4716
114 10:11:21
4,6679 4,7005
4,3548 4,3877
4,8870 4,8950
5,4383 5,4721
115 10:12:20
4,6665 4,6993
4,3528 4,3858
4,8865 4,8950
5,4373 5,4709
116 10:13:20
4,6658 4,6979
4,3527 4,3851
4,8860 4,8950
5,4357 5,4691
117 10:14:21
4,6629 4,6961
4,3491 4,3829
4,8812 4,8950
5,4311 5,4656
118 10:15:21
4,6629 4,6961
4,3495 4,3833
4,8822 4,8950
5,4299 5,4645
119 10:16:21
4,6665 4,7001
4,3537 4,3875
4,8857 4,8950
5,4344 5,4692
120 10:17:20
4,6690 4,7021
4,3557 4,3893
4,8889 4,8950
5,4372 5,4714
121 10:18:20
4,6687 4,7019
4,3554 4,3887
4,8891 4,8950
5,4382 5,4726
122 10:19:21
4,6684 4,7021
4,3551 4,3889
4,8881 4,8950
5,4370 5,4720
123 10:20:21
4,6679 4,7015
4,3550 4,3891
4,8883 4,8950
5,4372 5,4722
124 10:21:21
4,6667 4,7010
4,3546 4,3889
4,8874 4,8950
5,4360 5,4713
125 10:22:21
4,6671 4,6996
4,3550 4,3881
4,8884 4,8950
5,4368 5,4704
126 10:23:20
4,6662 4,6993
4,3535 4,3871
4,8869 4,8950
5,4362 5,4707
127 10:24:21
4,6638 4,6970
4,3508 4,3841
4,8850 4,8950
5,4343 5,4687
128 10:25:21
4,6645 4,6976
4,3509 4,3846
4,8857 4,8950
5,4343 5,4686
129 10:26:21
4,6646 4,6975
4,3503 4,3838
4,8852 4,8950
5,4345 5,4687
130 10:27:21
4,6642 4,6974
4,3499 4,3837
4,8846 4,8950
5,4339 5,4684
131 10:28:21
4,6615 4,6947
4,3477 4,3815
4,8813 4,8950
5,4308 5,4654
132 10:29:20
4,6585 4,6919
4,3452 4,3789
4,8777 4,8950
5,4273 5,4621
133 10:30:21
4,6589 4,6919
4,3453 4,3789
4,8781 4,8950
5,4283 5,4626
134 10:31:21
4,6598 4,6928
4,3467 4,3799
4,8793 4,8950
5,4302 5,4645
135 10:32:21
4,6596 4,6927
4,3461 4,3797
4,8790 4,8950
5,4299 5,4642
136 10:33:20
4,6578 4,6910
4,3440 4,3774
4,8766 4,8950
5,4272 5,4614
137 10:34:20
4,6613 4,6935
4,3475 4,3800
4,8798 4,8950
5,4306 5,4639
138 10:35:21
4,6596 4,6929
4,3460 4,3794
4,8781 4,8950
5,4286 5,4625
139 10:36:21
4,6596 4,6929
4,3459 4,3794
4,8780 4,8950
5,4294 5,4640
140 10:37:21
4,6604 4,6947
4,3468 4,3816
4,8788 4,8950
5,4301 5,4660
141 10:38:21
4,6629 4,6962
4,3486 4,3825
4,8814 4,8950
5,4332 5,4674
142 10:39:20
4,6635 4,6965
4,3494 4,3827
4,8823 4,8950
5,4336 5,4678
143 10:40:20
4,6644 4,6978
4,3505 4,3841
4,8833 4,8950
5,4340 5,4689
144 17:10:21
4,6533 4,6860
4,3393 4,3726
4,8632 4,8965
5,4143 5,4481
145 17:11:21
4,6534 4,6861
4,3390 4,3719
4,8633 4,8966
5,4144 5,4482
146 17:12:21
4,6534 4,6864
4,3394 4,3730
4,8633 4,8969
5,4146 5,4487
147 17:13:21
4,6534 4,6863
4,3394 4,3729
4,8633 4,8968
5,4152 5,4491
148 17:14:21
4,6545 4,6874
4,3408 4,3739
4,8638 4,8978
5,4158 5,4496
149 17:15:21
4,6526 4,6858
4,3395 4,3729
4,8627 4,8966
5,4135 5,4473
150 17:16:20
4,6534 4,6863
4,3398 4,3733
4,8642 4,8978
5,4144 5,4484
151 17:17:21
4,6543 4,6867
4,3402 4,3732
4,8653 4,8984
5,4156 5,4490
152 17:18:21
4,6545 4,6871
4,3405 4,3738
4,8655 4,8987
5,4162 5,4494
153 17:19:21
4,6546 4,6874
4,3405 4,3739
4,8652 4,8991
5,4156 5,4493
154 17:20:21
4,6555 4,6881
4,3402 4,3734
4,8658 4,8993
5,4165 5,4501
Connection error x5
155 18:33:21
4,6434 4,6773
4,3264 4,3605
4,8548 4,8894
5,4054 5,4401
156 18:34:21
4,6433 4,6772
4,3271 4,3616
4,8552 4,8898
5,4052 5,4398
157 18:35:20
4,6433 4,6774
4,3275 4,3622
4,8552 4,8900
5,4052 5,4406
158 18:36:20
4,6433 4,6773
4,3275 4,3617
4,8554 4,8901
5,4054 5,4406
159 18:37:20
4,6433 4,6773
4,3279 4,3625
4,8554 4,8901
5,4054 5,4407
160 18:38:21
4,6434 4,6774
4,3284 4,3630
4,8554 4,8906
5,4048 5,4400
161 18:39:21
4,6435 4,6776
4,3285 4,3632
4,8559 4,8907
5,4052 5,4403
162 18:40:21
4,6435 4,6775
4,3285 4,3631
4,8561 4,8908
5,4056 5,4402
163 18:41:20
4,6435 4,6775
4,3281 4,3627
4,8555 4,8907
5,4050 5,4403
164 18:42:20
4,6435 4,6775
4,3293 4,3635
4,8566 4,8915
5,4052 5,4402
165 18:43:20
4,6426 4,6794
4,3286 4,3657
4,8556 4,8932
5,4046 5,4431
166 18:44:21
4,6437 4,6776
4,3291 4,3636
4,8567 4,8918
5,4057 5,4409
167 18:45:21
4,6437 4,6778
4,3291 4,3638
4,8567 4,8920
5,4058 5,4411
168 18:46:21
4,6440 4,6779
4,3294 4,3639
4,8570 4,8921
5,4060 5,4412
169 18:47:21
4,6440 4,6779
4,3292 4,3634
4,8570 4,8920
5,4068 5,4419
170 18:48:20
4,6436 4,6778
4,3290 4,3634
4,8572 4,8921
5,4064 5,4419
171 18:49:20
4,6433 4,6771
4,3287 4,3631
4,8563 4,8913
5,4060 5,4410
172 18:50:21
4,6434 4,6769
4,3288 4,3629
4,8563 4,8905
5,4060 5,4406
173 18:51:21
4,6435 4,6768
4,3293 4,3632
4,8564 4,8904
5,4061 5,4399
174 18:52:21
4,6435 4,6768
4,3292 4,3628
4,8564 4,8904
5,4072 5,4412
175 18:53:20
4,6433 4,6766
4,3296 4,3635
4,8562 4,8902
5,4065 5,4409
176 18:54:20
4,6433 4,6766
4,3300 4,3635
4,8563 4,8907
5,4059 5,4404
177 18:55:21
4,6433 4,6765
4,3296 4,3635
4,8564 4,8903
5,4061 5,4404
178 18:56:21
4,6433 4,6765
4,3300 4,3638
4,8564 4,8903
5,4061 5,4404
179 18:57:21
4,6431 4,6766
4,3290 4,3631
4,8560 4,8903
5,4050 5,4396
180 18:58:20
4,6433 4,6765
4,3295 4,3633
4,8564 4,8903
5,4061 5,4404
181 18:59:21
4,6439 4,6769
4,3301 4,3633
4,8570 4,8907
5,4061 5,4402
182 19:00:21
4,6439 4,6773
4,3301 4,3641
4,8570 4,8911
5,4066 5,4412
183 19:01:21
4,6444 4,6774
4,3302 4,3638
4,8570 4,8906
5,4067 5,4408
184 19:02:21
4,6444 4,6774
4,3302 4,3634
4,8570 4,8907
5,4065 5,4407
185 19:03:21
4,6445 4,6772
4,3297 4,3627
4,8571 4,8900
5,4065 5,4401
186 19:04:21
4,6443 4,6772
4,3293 4,3628
4,8562 4,8898
5,4059 5,4398
187 19:05:20
4,6442 4,6770
4,3292 4,3626
4,8563 4,8898
5,4058 5,4397
188 19:06:21
4,6443 4,6772
4,3297 4,3632
4,8562 4,8898
5,4057 5,4397
189 19:07:21
4,6433 4,6761
4,3292 4,3627
4,8554 4,8893
5,4048 5,4387
190 19:08:21
4,6436 4,6758
4,3296 4,3619
4,8558 4,8889
5,4050 5,4382
191 19:09:20
4,6428 4,6759
4,3283 4,3619
4,8548 4,8885
5,4041 5,4382
192 19:10:20
4,6428 4,6757
4,3283 4,3618
4,8548 4,8883
5,4040 5,4380
193 19:11:21
4,6427 4,6757
4,3275 4,3608
4,8542 4,8878
5,4041 5,4382
194 19:12:21
4,6428 4,6759
4,3275 4,3612
4,8543 4,8880
5,4040 5,4382
195 19:13:21
4,6428 4,6759
4,3275 4,3612
4,8538 4,8875
5,4040 5,4382
196 19:14:20
4,6428 4,6759
4,3275 4,3612
4,8538 4,8875
5,4040 5,4382
197 19:15:20
4,6428 4,6759
4,3275 4,3612
4,8532 4,8874
5,4040 5,4382
198 19:16:20
4,6428 4,6759
4,3271 4,3607
4,8531 4,8869
5,4040 5,4382
199 19:17:20
4,6428 4,6759
4,3271 4,3604
4,8531 4,8869
5,4040 5,4382
200 19:18:20
4,6428 4,6759
4,3273 4,3607
4,8531 4,8869
5,4040 5,4382
201 19:19:20
4,6428 4,6759
4,3271 4,3608
4,8531 4,8869
5,4040 5,4382
202 19:20:21
4,6400 4,6738
4,3240 4,3584
4,8504 4,8849
5,4014 5,4359
203 19:21:21
4,6399 4,6740
4,3235 4,3581
4,8501 4,8849
5,4006 5,4360
204 19:22:21
4,6398 4,6736
4,3236 4,3579
4,8502 4,8847
5,4006 5,4356
205 19:23:21
4,6392 4,6738
4,3226 4,3577
4,8496 4,8849
5,3999 5,4359
206 19:24:21
4,6393 4,6739
4,3219 4,3570
4,8492 4,8845
5,4000 5,4360
207 19:25:20
4,6393 4,6734
4,3213 4,3559
4,8490 4,8838
5,4001 5,4354
208 19:26:20
4,6394 4,6736
4,3220 4,3567
4,8493 4,8842
5,4001 5,4356
209 19:27:21
4,6397 4,6738
4,3221 4,3567
4,8494 4,8842
5,3999 5,4352
210 19:28:21
4,6392 4,6728
4,3217 4,3559
4,8490 4,8832
5,3993 5,4341
211 19:29:21
4,6397 4,6736
4,3225 4,3568
4,8499 4,8845
5,3999 5,4350
212 19:30:20
4,6404 4,6744
4,3229 4,3574
4,8508 4,8855
5,4007 5,4360
213 19:31:20
4,6404 4,6747
4,3227 4,3575
4,8506 4,8857
5,4012 5,4368
214 19:32:21
4,6401 4,6741
4,3229 4,3575
4,8505 4,8852
5,4004 5,4356
215 19:33:21
4,6400 4,6738
4,3233 4,3574
4,8504 4,8849
5,4002 5,4352
216 19:34:21
4,6402 4,6743
4,3234 4,3580
4,8505 4,8854
5,4011 5,4364
217 19:35:21
4,6411 4,6752
4,3240 4,3585
4,8514 4,8862
5,4022 5,4375
218 19:36:21
4,6409 4,6748
4,3233 4,3578
4,8513 4,8858
5,4025 5,4370
219 19:37:21
4,6402 4,6742
4,3230 4,3572
4,8512 4,8859
5,4017 5,4369
220 19:38:21
4,6404 4,6743
4,3232 4,3573
4,8506 4,8852
5,4019 5,4370
221 19:39:21
4,6405 4,6740
4,3229 4,3570
4,8508 4,8849
5,4014 5,4361
222 19:40:21
4,6404 4,6738
4,3232 4,3572
4,8508 4,8849
5,4021 5,4360
223 19:41:21
4,6404 4,6738
4,3232 4,3572
4,8508 4,8849
5,4021 5,4366
224 19:42:20
4,6404 4,6738
4,3240 4,3580
4,8508 4,8853
5,4021 5,4366
225 19:43:20
4,6404 4,6737
4,3240 4,3579
4,8511 4,8851
5,4012 5,4356
226 19:44:21
4,6395 4,6733
4,3233 4,3576
4,8504 4,8849
5,4003 5,4353
227 19:45:21
4,6400 4,6733
4,3239 4,3575
4,8507 4,8847
5,4008 5,4353
228 19:46:21
4,6399 4,6733
4,3235 4,3575
4,8508 4,8849
5,4008 5,4353
229 19:47:20
4,6390 4,6734
4,3224 4,3573
4,8499 4,8850
5,3992 5,4349
230 19:48:20
4,6389 4,6733
4,3223 4,3568
4,8498 4,8849
5,3989 5,4347
231 19:49:21
4,6397 4,6731
4,3231 4,3570
4,8506 4,8847
5,4000 5,4345
232 19:50:21
4,6399 4,6729
4,3224 4,3560
4,8507 4,8841
5,4001 5,4347
233 19:51:21
4,6399 4,6727
4,3223 4,3557
4,8503 4,8838
5,4002 5,4341
234 19:52:21
4,6400 4,6727
4,3227 4,3561
4,8503 4,8842
5,4007 5,4339
235 19:53:21
4,6399 4,6727
4,3228 4,3563
4,8502 4,8836
5,4004 5,4341
236 19:54:20
4,6399 4,6727
4,3232 4,3567
4,8502 4,8836
5,4002 5,4341
237 19:55:20
4,6399 4,6728
4,3240 4,3571
4,8506 4,8842
5,4006 5,4346
238 19:56:21
4,6399 4,6727
4,3240 4,3575
4,8508 4,8843
5,4008 5,4346
239 19:57:21
4,6401 4,6728
4,3248 4,3582
4,8513 4,8847
5,4008 5,4346
240 19:58:21
4,6398 4,6727
4,3247 4,3582
4,8506 4,8846
5,4000 5,4339
241 19:59:21
4,6405 4,6728
4,3252 4,3582
4,8514 4,8843
5,4008 5,4341
242 20:00:20
4,6404 4,6726
4,3257 4,3583
4,8507 4,8835
5,4008 5,4340
243 20:01:20
4,6393 4,6727
4,3246 4,3586
4,8496 4,8836
5,3994 5,4340
244 20:02:21
4,6394 4,6727
4,3251 4,3590
4,8488 4,8831
5,4000 5,4339
245 20:03:21
4,6393 4,6727
4,3246 4,3586
4,8487 4,8831
5,4000 5,4346
246 20:04:21
4,6393 4,6727
4,3242 4,3582
4,8491 4,8831
5,4000 5,4346
247 20:05:21
4,6398 4,6728
4,3245 4,3579
4,8496 4,8832
5,4001 5,4342
248 20:06:21
4,6399 4,6728
4,3244 4,3579
4,8496 4,8832
5,4000 5,4340
249 20:07:21
4,6398 4,6726
4,3239 4,3573
4,8496 4,8830
5,4001 5,4340
250 20:08:21
4,6398 4,6726
4,3243 4,3577
4,8501 4,8835
5,4007 5,4345
251 20:09:20
4,6398 4,6726
4,3243 4,3577
4,8501 4,8835
5,4007 5,4346
252 20:10:20
4,6398 4,6728
4,3239 4,3575
4,8496 4,8832
5,4006 5,4340
253 20:11:20
4,6398 4,6724
4,3243 4,3575
4,8497 4,8832
5,4007 5,4344
254 20:12:20
4,6398 4,6726
4,3243 4,3577
4,8496 4,8830
5,4015 5,4351
255 20:13:21
4,6398 4,6726
4,3239 4,3573
4,8496 4,8830
5,4013 5,4351
256 20:14:21
4,6398 4,6726
4,3239 4,3573
4,8496 4,8830
5,4013 5,4351
257 20:15:21
4,6389 4,6726
4,3238 4,3580
4,8492 4,8835
5,4002 5,4351
258 20:16:21
4,6399 4,6726
4,3248 4,3581
4,8502 4,8835
5,4014 5,4351
259 20:17:20
4,6399 4,6726
4,3244 4,3577
4,8502 4,8835
5,4014 5,4351
260 20:18:20
4,6389 4,6726
4,3234 4,3573
4,8492 4,8835
5,4008 5,4357
261 20:19:21
4,6394 4,6721
4,3239 4,3568
4,8496 4,8830
5,4014 5,4351
262 20:20:21
4,6394 4,6721
4,3239 4,3572
4,8502 4,8835
5,4014 5,4351
263 20:21:21
4,6384 4,6720
4,3225 4,3567
4,8497 4,8839
5,4003 5,4351
264 20:22:20
4,6384 4,6720
4,3230 4,3571
4,8497 4,8840
5,4002 5,4344
265 20:23:20
4,6393 4,6720
4,3233 4,3567
4,8505 4,8839
5,4010 5,4350
266 20:24:21
4,6392 4,6714
4,3231 4,3558
4,8500 4,8828
5,4008 5,4340
267 20:25:21
4,6391 4,6713
4,3229 4,3551
4,8499 4,8827
5,4008 5,4340
268 20:26:21
4,6387 4,6709
4,3217 4,3546
4,8495 4,8823
5,4003 5,4335
269 20:27:21
4,6387 4,6713
4,3221 4,3554
4,8495 4,8827
5,4005 5,4337
270 20:28:20
4,6387 4,6719
4,3221 4,3558
4,8495 4,8833
5,4001 5,4344
271 20:29:21
4,6387 4,6719
4,3212 4,3550
4,8486 4,8829
5,4001 5,4344
272 20:30:21
4,6387 4,6720
4,3212 4,3551
4,8485 4,8824
5,3993 5,4338
273 20:31:21
4,6387 4,6720
4,3209 4,3548
4,8490 4,8829
5,3999 5,4343
274 20:32:20
4,6378 4,6721
4,3199 4,3547
4,8479 4,8829
5,3982 5,4339
275 20:33:21
4,6383 4,6721
4,3212 4,3556
4,8486 4,8831
5,3995 5,4345
276 20:34:21
4,6385 4,6719
4,3218 4,3554
4,8488 4,8828
5,3991 5,4337
277 20:35:21
4,6387 4,6711
4,3217 4,3548
4,8490 4,8820
5,4000 5,4334
278 20:36:21
4,6386 4,6708
4,3213 4,3536
4,8487 4,8815
5,3991 5,4323
279 20:37:20
4,6387 4,6709
4,3216 4,3540
4,8494 4,8822
5,3999 5,4331
280 20:38:21
4,6386 4,6708
4,3213 4,3540
4,8494 4,8822
5,3998 5,4330
281 20:39:21
4,6383 4,6707
4,3209 4,3536
4,8491 4,8821
5,3997 5,4330
282 20:40:21
4,6382 4,6708
4,3208 4,3541
4,8491 4,8822
5,3994 5,4330
283 20:41:20
4,6383 4,6710
4,3213 4,3542
4,8491 4,8824
5,3995 5,4332
284 20:42:20
4,6367 4,6702
4,3197 4,3537
4,8474 4,8815
5,3976 5,4323
285 20:43:20
4,6368 4,6701
4,3198 4,3532
4,8475 4,8814
5,3977 5,4321
286 20:44:21
4,6368 4,6701
4,3199 4,3534
4,8475 4,8814
5,3977 5,4322
287 20:45:21
4,6368 4,6701
4,3194 4,3528
4,8469 4,8813
5,3977 5,4322
288 20:46:21
4,6368 4,6701
4,3190 4,3529
4,8475 4,8814
5,3983 5,4327
289 20:47:20
4,6358 4,6693
4,3185 4,3526
4,8464 4,8811
5,3966 5,4313
290 20:48:20
4,6352 4,6690
4,3177 4,3520
4,8464 4,8809
5,3966 5,4317
291 20:49:21
4,6358 4,6693
4,3189 4,3530
4,8466 4,8810
5,3966 5,4313
292 20:50:21
4,6358 4,6693
4,3193 4,3534
4,8468 4,8810
5,3966 5,4313
293 20:51:21
4,6358 4,6694
4,3193 4,3535
4,8465 4,8808
5,3966 5,4308
294 20:52:21
4,6358 4,6694
4,3193 4,3531
4,8465 4,8808
5,3967 5,4308
295 20:53:21
4,6372 4,6705
4,3206 4,3545
4,8479 4,8818
5,3981 5,4325
296 20:54:21
4,6372 4,6705
4,3206 4,3541
4,8478 4,8818
5,3976 5,4319
297 20:55:20
4,6374 4,6707
4,3204 4,3543
4,8476 4,8821
5,3978 5,4323
298 20:56:20
4,6365 4,6687
4,3196 4,3520
4,8467 4,8795
5,3968 5,4300
299 20:57:20
4,6363 4,6686
4,3189 4,3515
4,8465 4,8794
5,3965 5,4298
300 20:58:21
4,6355 4,6682
4,3181 4,3511
4,8456 4,8789
5,3956 5,4293
301 20:59:21
4,6342 4,6674
4,3170 4,3508
4,8448 4,8786
5,3934 5,4278
302 21:00:21
4,6348 4,6676
4,3180 4,3514
4,8454 4,8788
5,3949 5,4288
303 21:01:21
4,6341 4,6674
4,3173 4,3508
4,8447 4,8786
5,3933 5,4278
304 21:02:20
4,6343 4,6676
4,3171 4,3510
4,8449 4,8788
5,3939 5,4279
305 21:03:20
4,6336 4,6668
4,3167 4,3500
4,8442 4,8780
5,3929 5,4272
306 21:04:21
4,6338 4,6669
4,3169 4,3503
4,8442 4,8780
5,3936 5,4279
307 21:05:21
4,6338 4,6671
4,3170 4,3504
4,8442 4,8782
5,3935 5,4273
308 21:06:21
4,6338 4,6671
4,3171 4,3506
4,8442 4,8782
5,3936 5,4281
309 21:07:21
4,6336 4,6673
4,3160 4,3502
4,8440 4,8784
5,3934 5,4283
310 21:08:21
4,6337 4,6668
4,3174 4,3507
4,8441 4,8779
5,3940 5,4282
311 21:09:21
4,6337 4,6664
4,3170 4,3503
4,8441 4,8775
5,3940 5,4278
312 21:10:20
4,6336 4,6662
4,3169 4,3501
4,8442 4,8775
5,3941 5,4278
313 21:11:21
4,6337 4,6662
4,3170 4,3497
4,8437 4,8768
5,3941 5,4276
314 21:12:21
4,6337 4,6662
4,3170 4,3497
4,8437 4,8773
5,3941 5,4276
315 21:13:21
4,6336 4,6662
4,3169 4,3501
4,8442 4,8775
5,3941 5,4278
316 21:14:21
4,6337 4,6662
4,3169 4,3501
4,8441 4,8773
5,3940 5,4276
317 21:15:20
4,6336 4,6662
4,3169 4,3501
4,8442 4,8775
5,3941 5,4278
318 21:16:20
4,6337 4,6663
4,3174 4,3506
4,8443 4,8776
5,3942 5,4278
319 21:17:21
4,6337 4,6665
4,3174 4,3508
4,8443 4,8778
5,3942 5,4280
320 21:18:21
4,6340 4,6672
4,3172 4,3510
4,8446 4,8784
5,3946 5,4289
321 21:19:21
4,6342 4,6678
4,3178 4,3520
4,8448 4,8790
5,3949 5,4296
322 21:20:21
4,6342 4,6678
4,3178 4,3516
4,8448 4,8790
5,3947 5,4295
323 21:21:20
4,6340 4,6682
4,3176 4,3520
4,8447 4,8796
5,3946 5,4301
324 21:22:21
4,6340 4,6683
4,3176 4,3524
4,8445 4,8795
5,3944 5,4300
325 21:23:20
4,6341 4,6683
4,3177 4,3525
4,8448 4,8797
5,3947 5,4302
326 21:24:20
4,6344 4,6679
4,3180 4,3521
4,8450 4,8791
5,3949 5,4295
327 21:25:21
4,6344 4,6679
4,3180 4,3521
4,8450 4,8791
5,3949 5,4295
328 21:26:21
4,6339 4,6686
4,3176 4,3525
4,8440 4,8799
5,3944 5,4305
329 21:27:20
4,6339 4,6688
4,3176 4,3525
4,8444 4,8800
5,3943 5,4305
330 21:28:20
4,6339 4,6686
4,3175 4,3524
4,8444 4,8798
5,3943 5,4303
331 21:29:20
4,6341 4,6684
4,3177 4,3522
4,8442 4,8791
5,3945 5,4301
332 21:30:20
4,6341 4,6683
4,3177 4,3525
4,8442 4,8790
5,3954 5,4309
333 21:31:21
4,6342 4,6682
4,3178 4,3524
4,8444 4,8795
5,3954 5,4306
334 21:32:21
4,6342 4,6682
4,3186 4,3528
4,8447 4,8796
5,3960 5,4312
335 21:33:21
4,6346 4,6690
4,3187 4,3536
4,8453 4,8804
5,3966 5,4323
336 21:34:21
4,6351 4,6690
4,3190 4,3534
4,8456 4,8802
5,3977 5,4328
337 21:35:21
4,6351 4,6689
4,3192 4,3535
4,8456 4,8803
5,3977 5,4327
338 21:36:20
4,6342 4,6697
4,3181 4,3541
4,8443 4,8810
5,3965 5,4336
339 21:37:20
4,6351 4,6689
4,3196 4,3539
4,8458 4,8803
5,3977 5,4327
340 21:38:21
4,6351 4,6689
4,3195 4,3535
4,8458 4,8803
5,3977 5,4327
341 21:39:21
4,6351 4,6689
4,3192 4,3535
4,8458 4,8803
5,3977 5,4327
342 21:40:21
4,6338 4,6696
4,3183 4,3541
4,8445 4,8810
5,3963 5,4336
343 21:41:21
4,6351 4,6687
4,3199 4,3538
4,8458 4,8801
5,3982 5,4324
344 21:42:21
4,6351 4,6687
4,3199 4,3537
4,8458 4,8801
5,3983 5,4331
345 21:43:21
4,6351 4,6687
4,3200 4,3541
4,8458 4,8801
5,3983 5,4331
346 21:44:21
4,6351 4,6689
4,3200 4,3543
4,8458 4,8803
5,3983 5,4333
347 21:45:21
4,6353 4,6690
4,3200 4,3542
4,8458 4,8802
5,3985 5,4334
348 21:46:20
4,6340 4,6696
4,3189 4,3545
4,8447 4,8810
5,3971 5,4342
349 21:47:20
4,6340 4,6696
4,3189 4,3549
4,8445 4,8809
5,3972 5,4343
350 21:48:20
4,6342 4,6698
4,3187 4,3548
4,8449 4,8812
5,3979 5,4349
351 21:49:20
4,6342 4,6699
4,3185 4,3547
4,8447 4,8811
5,3972 5,4345
352 21:50:21
4,6342 4,6699
4,3185 4,3547
4,8451 4,8816
5,3972 5,4345
353 21:51:21
4,6352 4,6690
4,3197 4,3536
4,8458 4,8804
5,3997 5,4341
354 21:52:21
4,6351 4,6691
4,3192 4,3537
4,8457 4,8809
5,3990 5,4343
355 21:53:21
4,6338 4,6702
4,3183 4,3551
4,8449 4,8822
5,3975 5,4356
356 21:54:21
4,6353 4,6692
4,3196 4,3540
4,8463 4,8809
5,3992 5,4343
357 21:55:20
4,6350 4,6695
4,3193 4,3540
4,8460 4,8813
5,3987 5,4345
358 21:56:20
4,6350 4,6695
4,3193 4,3543
4,8460 4,8812
5,3994 5,4353
359 21:57:21
4,6338 4,6702
4,3183 4,3551
4,8449 4,8821
5,3981 5,4361
360 21:58:21
4,6348 4,6694
4,3197 4,3548
4,8460 4,8813
5,3992 5,4352
361 21:59:21
4,6342 4,6704
4,3190 4,3552
4,8453 4,8823
5,3985 5,4363
362 22:00:20
4,6353 4,6692
4,3200 4,3542
4,8463 4,8809
5,3998 5,4349
363 22:01:20
4,6352 4,6690
4,3201 4,3540
4,8464 4,8809
5,3997 5,4347
364 22:02:21
4,6352 4,6690
4,3201 4,3544
4,8459 4,8806
5,3997 5,4347
365 22:03:20
4,6352 4,6690
4,3201 4,3540
4,8459 4,8804
5,3997 5,4347
366 22:04:21
4,6352 4,6694
4,3201 4,3544
4,8459 4,8808
5,3998 5,4353
367 22:05:21
4,6356 4,6697
4,3203 4,3549
4,8463 4,8810
5,4008 5,4361
368 22:06:20
4,6351 4,6703
4,3199 4,3556
4,8454 4,8816
5,3994 5,4362
369 22:07:20
4,6352 4,6705
4,3200 4,3553
4,8458 4,8819
5,3997 5,4364
Connection error x5
370 23:57:03
4,6354 4,6830
4,3070 4,3549
4,8340 4,8843
5,3819 5,4369
371 23:57:40
4,6354 4,6830
4,3070 4,3549
4,8340 4,8843
5,3819 5,4369
372 23:59:00
4,6354 4,6830
4,3074 4,3549
4,8345 4,8838
5,3809 5,4369
373 00:00:23
4,6353 4,6829
4,3075 4,3556
4,8327 4,8842
5,3797 5,4398
374 00:01:22
4,6353 4,6819
4,3076 4,3542
4,8342 4,8826
5,3862 5,4350
