#======================
2023-6-22
# 1.EUR, 2.USD, 3.CHF, 4.GBP
Sell Price, Buy Price
1 12:42
4,4126 4,4449
4,0102 4,0425
4,4886 4,5216
5,1283 5,1617
2 12:43
4,4126 4,4449
4,0100 4,0423
4,4886 4,5216
5,1279 5,1613
3 12:44
4,4125 4,4448
4,0099 4,0422
4,4885 4,5215
5,1282 5,1616
4 12:45
4,4125 4,4448
4,0099 4,0422
4,4880 4,5210
5,1276 5,1610
5 12:46
4,4125 4,4448
4,0101 4,0424
4,4882 4,5212
5,1273 5,1607
6 12:47
4,4125 4,4448
4,0101 4,0424
4,4878 4,5208
5,1276 5,1610
7 12:48
4,4126 4,4449
4,0104 4,0427
4,4879 4,5209
5,1278 5,1612
8 12:49
4,4118 4,4441
4,0095 4,0418
4,4873 4,5203
5,1270 5,1604
9 12:50
4,4119 4,4442
4,0098 4,0421
4,4867 4,5197
5,1290 5,1624
10 12:51
4,4118 4,4442
4,0086 4,0409
4,4870 4,5200
5,1310 5,1644
11 12:52
4,4118 4,4442
4,0082 4,0405
4,4866 4,5196
5,1292 5,1626
12 12:53
4,4128 4,4452
4,0093 4,0416
4,4881 4,5211
5,1300 5,1634
13 12:54
4,4128 4,4452
4,0089 4,0412
4,4881 4,5211
5,1306 5,1640
14 12:55
4,4127 4,4451
4,0088 4,0411
4,4882 4,5212
5,1302 5,1636
15 12:56
4,4125 4,4448
4,0088 4,0411
4,4878 4,5208
5,1291 5,1626
16 12:57
4,4125 4,4448
4,0085 4,0408
4,4880 4,5210
5,1291 5,1626
17 12:58
4,4124 4,4447
4,0091 4,0414
4,4886 4,5216
5,1278 5,1613
18 12:59
4,4123 4,4446
4,0094 4,0417
4,4885 4,5215
5,1282 5,1617
19 13:00
4,4123 4,4446
4,0092 4,0415
4,4890 4,5220
5,1292 5,1627
20 13:01
4,4123 4,4446
4,0094 4,0417
4,4888 4,5218
5,1430 5,1764
21 13:02
4,4114 4,4437
4,0082 4,0405
4,4867 4,5197
5,1302 5,1636
22 13:03
4,4111 4,4434
4,0075 4,0398
4,4868 4,5198
5,1350 5,1684
23 13:04
4,4107 4,4430
4,0070 4,0393
4,4873 4,5203
5,1345 5,1679
24 13:05
4,4093 4,4416
4,0074 4,0397
4,4863 4,5193
5,1307 5,1641
25 13:06
4,4090 4,4414
4,0065 4,0388
4,4854 4,5185
5,1272 5,1607
26 13:07
4,4092 4,4416
4,0053 4,0376
4,4862 4,5193
5,1267 5,1602
27 13:08
4,4093 4,4417
4,0057 4,0380
4,4853 4,5184
5,1268 5,1603
28 13:09
4,4092 4,4416
4,0060 4,0383
4,4856 4,5187
5,1249 5,1584
29 13:10
4,4093 4,4417
4,0058 4,0381
4,4858 4,5189
5,1227 5,1562
30 13:11
4,4097 4,4420
4,0081 4,0404
4,4872 4,5202
5,1099 5,1435
31 13:12
4,4091 4,4414
4,0061 4,0384
4,4853 4,5183
5,1127 5,1463
32 13:13
4,4104 4,4427
4,0076 4,0399
4,4863 4,5193
5,1137 5,1473
33 13:14
4,4097 4,4420
4,0065 4,0388
4,4859 4,5189
5,1181 5,1517
34 13:15
4,4103 4,4426
4,0077 4,0400
4,4884 4,5214
5,1184 5,1520
35 13:16
4,4109 4,4433
4,0088 4,0411
4,4902 4,5232
5,1198 5,1532
36 13:17
4,4123 4,4447
4,0101 4,0424
4,4922 4,5252
5,1202 5,1536
37 13:18
4,4113 4,4437
4,0085 4,0408
4,4916 4,5246
5,1193 5,1527
38 13:19
4,4118 4,4442
4,0093 4,0416
4,4912 4,5242
5,1203 5,1537
39 13:20
4,4116 4,4440
4,0063 4,0386
4,4900 4,5230
5,1220 5,1554
40 13:21
4,4115 4,4439
4,0063 4,0386
4,4891 4,5221
5,1233 5,1567
41 13:22
4,4116 4,4440
4,0069 4,0392
4,4893 4,5223
5,1266 5,1600
42 13:23
4,4116 4,4440
4,0078 4,0401
4,4895 4,5225
5,1272 5,1606
43 13:24
4,4118 4,4442
4,0080 4,0403
4,4896 4,5226
5,1297 5,1631
44 13:25
4,4115 4,4439
4,0083 4,0406
4,4895 4,5225
5,1300 5,1634
45 13:26
4,4119 4,4443
4,0088 4,0411
4,4895 4,5225
5,1279 5,1613
46 13:27
4,4116 4,4440
4,0089 4,0412
4,4894 4,5224
5,1269 5,1603
47 13:28
4,4117 4,4441
4,0097 4,0420
4,4890 4,5220
5,1264 5,1598
48 13:29
4,4115 4,4439
4,0096 4,0419
4,4888 4,5218
5,1273 5,1607
49 13:30
4,4114 4,4438
4,0098 4,0421
4,4885 4,5215
5,1270 5,1604
50 13:31
4,4114 4,4438
4,0106 4,0429
4,4874 4,5204
5,1282 5,1616
51 13:32
4,4114 4,4438
4,0104 4,0427
4,4869 4,5199
5,1294 5,1628
52 13:33
4,4114 4,4438
4,0107 4,0430
4,4873 4,5203
5,1309 5,1643
53 13:34
4,4112 4,4436
4,0113 4,0436
4,4865 4,5195
5,1328 5,1662
54 13:35
4,4116 4,4440
4,0119 4,0442
4,4864 4,5194
5,1358 5,1692
55 13:36
4,4119 4,4443
4,0121 4,0444
4,4873 4,5203
5,1359 5,1693
56 13:37
4,4121 4,4445
4,0129 4,0452
4,4872 4,5202
5,1353 5,1687
57 13:38
4,4115 4,4439
4,0123 4,0446
4,4865 4,5195
5,1301 5,1635
58 13:39
4,4110 4,4434
4,0129 4,0452
4,4863 4,5193
5,1271 5,1605
59 13:40
4,4109 4,4433
4,0131 4,0454
4,4862 4,5192
5,1294 5,1628
60 13:41
4,4101 4,4425
4,0116 4,0439
4,4854 4,5184
5,1306 5,1640
61 13:42
4,4098 4,4422
4,0117 4,0440
4,4855 4,5185
5,1312 5,1646
62 13:43
4,4097 4,4421
4,0107 4,0430
4,4849 4,5179
5,1313 5,1647
63 13:44
4,4090 4,4414
4,0106 4,0429
4,4847 4,5177
5,1305 5,1639
64 13:45
4,4079 4,4403
4,0094 4,0417
4,4838 4,5168
5,1319 5,1653
65 13:46
4,4073 4,4397
4,0087 4,0410
4,4828 4,5158
5,1297 5,1631
66 13:47
4,4067 4,4391
4,0083 4,0406
4,4823 4,5153
5,1287 5,1621
67 13:48
4,4064 4,4388
4,0084 4,0407
4,4819 4,5149
5,1281 5,1615
68 13:49
4,4042 4,4366
4,0062 4,0385
4,4793 4,5123
5,1258 5,1592
69 13:50
4,4036 4,4360
4,0059 4,0382
4,4793 4,5123
5,1257 5,1591
70 13:51
4,4043 4,4367
4,0071 4,0394
4,4795 4,5125
5,1244 5,1578
71 13:52
4,4043 4,4367
4,0072 4,0395
4,4797 4,5127
5,1253 5,1587
72 13:53
4,4037 4,4361
4,0067 4,0390
4,4793 4,5123
5,1255 5,1589
73 13:54
4,4034 4,4358
4,0064 4,0387
4,4792 4,5122
5,1249 5,1583
74 13:55
4,4021 4,4345
4,0052 4,0375
4,4786 4,5116
5,1230 5,1564
75 13:56
4,4021 4,4344
4,0056 4,0379
4,4787 4,5117
5,1225 5,1559
76 13:57
4,4034 4,4357
4,0070 4,0393
4,4797 4,5127
5,1222 5,1556
77 13:58
4,4069 4,4392
4,0098 4,0421
4,4830 4,5160
5,1256 5,1590
78 13:59
4,4074 4,4397
4,0104 4,0427
4,4844 4,5174
5,1268 5,1602
79 14:00
4,4071 4,4394
4,0098 4,0421
4,4841 4,5171
5,1262 5,1596
80 14:01
4,4072 4,4396
4,0095 4,0418
4,4839 4,5170
5,1260 5,1594
81 14:02
4,4093 4,4417
4,0109 4,0432
4,4863 4,5194
5,1281 5,1615
82 14:03
4,4093 4,4417
4,0118 4,0441
4,4866 4,5197
5,1258 5,1592
83 14:04
4,4088 4,4412
4,0115 4,0438
4,4865 4,5196
5,1243 5,1577
84 14:05
4,4070 4,4394
4,0101 4,0424
4,4848 4,5179
5,1201 5,1535
85 14:06
4,4067 4,4391
4,0094 4,0417
4,4846 4,5176
5,1194 5,1528
86 14:07
4,4068 4,4392
4,0108 4,0431
4,4844 4,5174
5,1207 5,1541
87 14:08
4,4066 4,4390
4,0106 4,0429
4,4843 4,5173
5,1205 5,1539
88 14:09
4,4067 4,4391
4,0109 4,0432
4,4844 4,5174
5,1209 5,1543
89 14:10
4,4072 4,4396
4,0119 4,0442
4,4847 4,5177
5,1209 5,1543
90 14:11
4,4077 4,4401
4,0109 4,0432
4,4848 4,5178
5,1240 5,1574
91 14:12
4,4080 4,4404
4,0119 4,0442
4,4844 4,5174
5,1248 5,1582
92 14:13
4,4081 4,4405
4,0118 4,0441
4,4851 4,5181
5,1266 5,1600
93 14:14
4,4081 4,4405
4,0116 4,0439
4,4861 4,5191
5,1273 5,1607
94 14:15
4,4083 4,4407
4,0114 4,0437
4,4860 4,5190
5,1276 5,1610
95 14:16
4,4083 4,4407
4,0118 4,0441
4,4860 4,5190
5,1277 5,1610
96 14:17
4,4084 4,4408
4,0120 4,0443
4,4861 4,5191
5,1287 5,1620
97 14:18
4,4082 4,4406
4,0113 4,0436
4,4856 4,5186
5,1302 5,1635
98 14:19
4,4081 4,4405
4,0116 4,0439
4,4856 4,5186
5,1308 5,1641
99 14:20
4,4084 4,4408
4,0122 4,0445
4,4859 4,5189
5,1306 5,1639
100 14:21
4,4084 4,4408
4,0119 4,0442
4,4859 4,5189
5,1293 5,1626
101 14:22
4,4085 4,4409
4,0122 4,0445
4,4855 4,5185
5,1282 5,1615
102 14:23
4,4085 4,4409
4,0114 4,0437
4,4856 4,5186
5,1279 5,1612
103 14:24
4,4085 4,4409
4,0114 4,0437
4,4858 4,5188
5,1266 5,1599
104 14:25
4,4084 4,4408
4,0113 4,0436
4,4859 4,5189
5,1260 5,1593
105 14:26
4,4068 4,4392
4,0095 4,0418
4,4848 4,5178
5,1237 5,1571
106 14:27
4,4066 4,4390
4,0088 4,0411
4,4852 4,5182
5,1244 5,1578
107 14:28
4,4067 4,4391
4,0085 4,0408
4,4846 4,5176
5,1240 5,1574
108 14:29
4,4069 4,4393
4,0083 4,0406
4,4853 4,5183
5,1237 5,1571
109 14:30
4,4074 4,4398
4,0091 4,0414
4,4855 4,5185
5,1244 5,1578
110 14:31
4,4078 4,4402
4,0080 4,0403
4,4865 4,5195
5,1236 5,1570
111 14:32
4,4077 4,4401
4,0088 4,0411
4,4871 4,5201
5,1233 5,1567
112 14:33
4,4076 4,4400
4,0082 4,0405
4,4864 4,5194
5,1239 5,1573
113 14:34
4,4075 4,4399
4,0076 4,0399
4,4857 4,5187
5,1240 5,1574
114 14:35
4,4077 4,4401
4,0078 4,0401
4,4860 4,5190
5,1255 5,1589
115 14:36
4,4078 4,4402
4,0080 4,0403
4,4871 4,5201
5,1253 5,1586
116 14:37
4,4074 4,4398
4,0082 4,0405
4,4863 4,5193
5,1241 5,1574
117 14:38
4,4085 4,4409
4,0111 4,0434
4,4874 4,5204
5,1267 5,1600
118 14:39
4,4068 4,4392
4,0097 4,0420
4,4847 4,5177
5,1252 5,1585
119 14:40
4,4068 4,4392
4,0086 4,0409
4,4854 4,5184
5,1227 5,1560
120 14:41
4,4061 4,4385
4,0076 4,0399
4,4843 4,5173
5,1212 5,1545
121 14:42
4,4060 4,4384
4,0077 4,0400
4,4836 4,5166
5,1202 5,1535
122 14:43
4,4058 4,4382
4,0086 4,0409
4,4833 4,5163
5,1205 5,1538
123 14:44
4,4059 4,4383
4,0103 4,0426
4,4829 4,5159
5,1204 5,1537
124 14:45
4,4063 4,4387
4,0116 4,0439
4,4824 4,5154
5,1204 5,1537
125 14:46
4,4070 4,4393
4,0127 4,0450
4,4828 4,5158
5,1221 5,1556
126 14:47
4,4068 4,4391
4,0118 4,0441
4,4828 4,5158
5,1221 5,1556
127 14:48
4,4069 4,4392
4,0119 4,0442
4,4829 4,5159
5,1216 5,1551
128 14:49
4,4070 4,4393
4,0120 4,0443
4,4826 4,5156
5,1194 5,1529
129 14:50
4,4052 4,4375
4,0104 4,0427
4,4803 4,5133
5,1165 5,1500
130 14:51
4,4045 4,4369
4,0094 4,0417
4,4795 4,5125
5,1152 5,1485
131 14:52
4,4029 4,4353
4,0080 4,0403
4,4776 4,5106
5,1136 5,1469
132 14:53
4,4030 4,4354
4,0080 4,0403
4,4779 4,5109
5,1148 5,1481
133 14:54
4,4034 4,4358
4,0086 4,0409
4,4781 4,5111
5,1143 5,1476
134 14:55
4,4042 4,4366
4,0090 4,0413
4,4791 4,5121
5,1146 5,1479
135 14:56
4,4043 4,4366
4,0093 4,0416
4,4793 4,5123
5,1136 5,1470
136 14:57
4,4042 4,4365
4,0092 4,0415
4,4788 4,5118
5,1139 5,1473
137 14:58
4,4046 4,4369
4,0101 4,0424
4,4792 4,5122
5,1146 5,1480
138 14:59
4,4042 4,4365
4,0091 4,0414
4,4786 4,5116
5,1156 5,1490
139 15:00
4,4041 4,4364
4,0100 4,0423
4,4773 4,5103
5,1154 5,1488
140 15:01
4,4041 4,4364
4,0094 4,0417
4,4767 4,5097
5,1164 5,1497
141 15:02
4,4044 4,4367
4,0102 4,0425
4,4776 4,5106
5,1166 5,1499
142 15:03
4,4056 4,4379
4,0116 4,0439
4,4784 4,5114
5,1182 5,1515
143 15:04
4,4068 4,4391
4,0129 4,0452
4,4791 4,5121
5,1195 5,1528
144 15:05
4,4069 4,4392
4,0126 4,0449
4,4792 4,5122
5,1182 5,1515
145 15:06
4,4070 4,4394
4,0132 4,0455
4,4797 4,5127
5,1166 5,1499
146 15:07
4,4069 4,4393
4,0134 4,0457
4,4797 4,5127
5,1160 5,1493
147 15:08
4,4072 4,4396
4,0146 4,0469
4,4797 4,5127
5,1155 5,1488
148 15:09
4,4085 4,4409
4,0169 4,0492
4,4812 4,5142
5,1178 5,1511
149 15:10
4,4103 4,4427
4,0191 4,0514
4,4826 4,5156
5,1202 5,1535
150 15:11
4,4119 4,4443
4,0206 4,0529
4,4844 4,5174
5,1228 5,1561
151 15:12
4,4129 4,4453
4,0215 4,0538
4,4877 4,5207
5,1252 5,1585
152 15:13
4,4134 4,4458
4,0227 4,0550
4,4892 4,5222
5,1270 5,1603
153 15:14
4,4131 4,4455
4,0226 4,0549
4,4891 4,5221
5,1273 5,1606
154 15:15
4,4132 4,4456
4,0229 4,0552
4,4883 4,5213
5,1274 5,1607
155 15:16
4,4128 4,4452
4,0227 4,0550
4,4880 4,5211
5,1268 5,1601
156 15:17
4,4140 4,4464
4,0231 4,0554
4,4897 4,5228
5,1294 5,1627
157 15:18
4,4104 4,4428
4,0190 4,0513
4,4856 4,5187
5,1247 5,1580
158 15:19
4,4110 4,4434
4,0192 4,0515
4,4858 4,5189
5,1260 5,1593
159 15:20
4,4115 4,4439
4,0198 4,0521
4,4871 4,5202
5,1271 5,1604
160 15:21
4,4116 4,4440
4,0194 4,0517
4,4876 4,5206
5,1276 5,1610
161 15:22
4,4099 4,4423
4,0167 4,0490
4,4856 4,5186
5,1254 5,1588
162 15:23
4,4101 4,4425
4,0174 4,0497
4,4856 4,5186
5,1261 5,1595
163 15:24
4,4094 4,4418
4,0178 4,0501
4,4847 4,5177
5,1251 5,1585
164 15:25
4,4094 4,4418
4,0174 4,0497
4,4849 4,5179
5,1244 5,1578
165 15:26
4,4104 4,4428
4,0181 4,0504
4,4863 4,5193
5,1249 5,1584
166 15:27
4,4122 4,4446
4,0198 4,0521
4,4873 4,5203
5,1265 5,1600
167 15:28
4,4100 4,4424
4,0176 4,0499
4,4857 4,5187
5,1241 5,1576
168 15:29
4,4102 4,4426
4,0179 4,0502
4,4850 4,5180
5,1241 5,1576
169 15:30
4,4120 4,4444
4,0187 4,0510
4,4871 4,5201
5,1256 5,1591
170 15:31
4,4120 4,4444
4,0194 4,0517
4,4868 4,5198
5,1257 5,1591
171 15:32
4,4120 4,4444
4,0186 4,0509
4,4868 4,5198
5,1259 5,1593
172 15:33
4,4124 4,4448
4,0192 4,0515
4,4875 4,5205
5,1259 5,1593
173 15:34
4,4124 4,4448
4,0188 4,0511
4,4881 4,5211
5,1252 5,1586
174 15:35
4,4130 4,4454
4,0192 4,0515
4,4901 4,5231
5,1260 5,1594
175 15:36
4,4130 4,4454
4,0195 4,0518
4,4889 4,5220
5,1256 5,1590
176 15:37
4,4149 4,4473
4,0209 4,0532
4,4922 4,5253
5,1282 5,1616
177 15:38
4,4156 4,4480
4,0214 4,0537
4,4936 4,5267
5,1289 5,1623
178 15:39
4,4158 4,4482
4,0221 4,0544
4,4947 4,5278
5,1283 5,1617
179 15:40
4,4152 4,4476
4,0216 4,0539
4,4941 4,5272
5,1280 5,1614
180 15:41
4,4150 4,4474
4,0207 4,0530
4,4931 4,5261
5,1256 5,1589
181 15:42
4,4150 4,4474
4,0214 4,0537
4,4924 4,5254
5,1253 5,1586
182 15:43
4,4149 4,4473
4,0213 4,0536
4,4925 4,5255
5,1255 5,1588
183 15:44
4,4150 4,4474
4,0223 4,0546
4,4926 4,5256
5,1265 5,1598
184 15:45
4,4149 4,4473
4,0213 4,0536
4,4934 4,5264
5,1254 5,1587
185 15:46
4,4147 4,4471
4,0204 4,0527
4,4934 4,5265
5,1262 5,1596
186 15:47
4,4145 4,4469
4,0197 4,0520
4,4932 4,5263
5,1256 5,1590
187 15:48
4,4145 4,4469
4,0193 4,0516
4,4934 4,5265
5,1265 5,1599
188 15:49
4,4145 4,4469
4,0193 4,0516
4,4932 4,5263
5,1277 5,1611
189 15:50
4,4132 4,4456
4,0186 4,0509
4,4916 4,5247
5,1269 5,1603
190 15:51
4,4130 4,4453
4,0179 4,0502
4,4911 4,5241
5,1266 5,1600
191 15:52
4,4130 4,4453
4,0181 4,0504
4,4910 4,5240
5,1268 5,1602
192 15:53
4,4152 4,4475
4,0207 4,0530
4,4931 4,5261
5,1302 5,1636
193 15:54
4,4151 4,4474
4,0204 4,0527
4,4930 4,5260
5,1305 5,1639
194 15:55
4,4153 4,4476
4,0198 4,0521
4,4930 4,5260
5,1305 5,1639
195 15:56
4,4150 4,4474
4,0197 4,0520
4,4911 4,5241
5,1304 5,1638
196 15:57
4,4147 4,4471
4,0192 4,0515
4,4911 4,5241
5,1312 5,1646
197 15:58
4,4147 4,4471
4,0189 4,0512
4,4908 4,5238
5,1321 5,1655
198 15:59
4,4147 4,4471
4,0190 4,0513
4,4909 4,5239
5,1326 5,1660
199 16:00
4,4154 4,4478
4,0206 4,0529
4,4918 4,5248
5,1337 5,1671
200 16:01
4,4152 4,4476
4,0212 4,0535
4,4938 4,5268
5,1325 5,1659
201 16:02
4,4153 4,4477
4,0202 4,0525
4,4925 4,5255
5,1312 5,1646
202 16:03
4,4154 4,4478
4,0208 4,0531
4,4923 4,5253
5,1314 5,1648
203 16:04
4,4159 4,4483
4,0210 4,0533
4,4926 4,5256
5,1327 5,1661
204 16:05
4,4158 4,4482
4,0210 4,0533
4,4922 4,5252
5,1334 5,1668
205 16:06
4,4157 4,4481
4,0213 4,0536
4,4922 4,5252
5,1333 5,1667
206 16:07
4,4157 4,4481
4,0213 4,0536
4,4912 4,5242
5,1323 5,1657
207 16:08
4,4157 4,4481
4,0209 4,0532
4,4913 4,5243
5,1324 5,1658
208 16:09
4,4154 4,4478
4,0203 4,0526
4,4908 4,5238
5,1317 5,1651
209 16:10
4,4151 4,4475
4,0200 4,0523
4,4902 4,5232
5,1308 5,1642
210 16:11
4,4151 4,4475
4,0196 4,0519
4,4906 4,5237
5,1310 5,1645
211 16:12
4,4150 4,4474
4,0194 4,0517
4,4908 4,5239
5,1312 5,1647
212 16:13
4,4129 4,4453
4,0160 4,0483
4,4892 4,5223
5,1288 5,1623
213 16:14
4,4107 4,4431
4,0134 4,0457
4,4866 4,5197
5,1255 5,1590
214 16:15
4,4106 4,4430
4,0140 4,0463
4,4864 4,5195
5,1263 5,1598
215 16:16
4,4097 4,4421
4,0136 4,0459
4,4853 4,5184
5,1251 5,1585
216 16:17
4,4102 4,4426
4,0146 4,0469
4,4858 4,5189
5,1257 5,1591
217 16:18
4,4118 4,4442
4,0162 4,0485
4,4869 4,5200
5,1284 5,1618
218 16:19
4,4118 4,4442
4,0162 4,0485
4,4869 4,5200
5,1278 5,1612
219 16:20
4,4121 4,4445
4,0165 4,0488
4,4873 4,5204
5,1285 5,1619
220 16:21
4,4124 4,4448
4,0181 4,0504
4,4879 4,5209
5,1279 5,1613
221 16:22
4,4124 4,4448
4,0179 4,0502
4,4884 4,5214
5,1282 5,1616
222 16:23
4,4122 4,4446
4,0168 4,0491
4,4882 4,5212
5,1280 5,1614
223 16:24
4,4123 4,4447
4,0169 4,0492
4,4883 4,5213
5,1276 5,1610
224 16:25
4,4122 4,4446
4,0170 4,0493
4,4875 4,5205
5,1274 5,1608
225 16:26
4,4121 4,4445
4,0178 4,0501
4,4874 4,5204
5,1276 5,1610
226 16:27
4,4121 4,4445
4,0188 4,0511
4,4874 4,5204
5,1282 5,1616
227 16:28
4,4122 4,4446
4,0185 4,0508
4,4875 4,5205
5,1278 5,1612
228 16:29
4,4121 4,4445
4,0186 4,0509
4,4876 4,5206
5,1276 5,1610
229 16:30
4,4121 4,4445
4,0189 4,0512
4,4881 4,5211
5,1279 5,1613
230 16:31
4,4122 4,4446
4,0201 4,0524
4,4881 4,5213
5,1268 5,1602
231 16:32
4,4121 4,4445
4,0202 4,0525
4,4885 4,5217
5,1270 5,1604
232 16:33
4,4123 4,4447
4,0209 4,0532
4,4891 4,5223
5,1272 5,1606
233 16:34
4,4122 4,4446
4,0212 4,0535
4,4892 4,5224
5,1271 5,1605
234 16:35
4,4124 4,4448
4,0223 4,0546
4,4895 4,5227
5,1277 5,1611
235 16:36
4,4125 4,4449
4,0231 4,0554
4,4894 4,5224
5,1275 5,1609
236 16:37
4,4132 4,4456
4,0232 4,0555
4,4905 4,5235
5,1294 5,1628
237 16:38
4,4133 4,4457
4,0230 4,0553
4,4907 4,5237
5,1296 5,1630
238 16:39
4,4133 4,4457
4,0231 4,0554
4,4902 4,5232
5,1299 5,1633
239 16:40
4,4132 4,4456
4,0229 4,0552
4,4903 4,5233
5,1295 5,1629
240 16:41
4,4135 4,4459
4,0239 4,0562
4,4897 4,5227
5,1298 5,1631
241 16:42
4,4133 4,4457
4,0233 4,0556
4,4895 4,5225
5,1308 5,1641
242 16:43
4,4131 4,4455
4,0239 4,0562
4,4895 4,5225
5,1306 5,1639
243 16:44
4,4127 4,4451
4,0235 4,0558
4,4880 4,5210
5,1314 5,1647
244 16:45
4,4121 4,4445
4,0221 4,0544
4,4879 4,5209
5,1309 5,1642
245 16:46
4,4121 4,4445
4,0219 4,0542
4,4881 4,5211
5,1306 5,1639
246 16:47
4,4120 4,4444
4,0216 4,0539
4,4868 4,5198
5,1295 5,1628
247 16:48
4,4121 4,4445
4,0228 4,0551
4,4867 4,5197
5,1300 5,1633
248 16:49
4,4120 4,4444
4,0229 4,0552
4,4866 4,5196
5,1302 5,1635
249 16:50
4,4125 4,4449
4,0226 4,0549
4,4862 4,5192
5,1303 5,1636
250 16:51
4,4125 4,4449
4,0242 4,0565
4,4860 4,5190
5,1299 5,1632
251 16:52
4,4127 4,4451
4,0241 4,0564
4,4862 4,5192
5,1316 5,1649
252 16:53
4,4125 4,4449
4,0241 4,0564
4,4865 4,5195
5,1332 5,1665
253 16:54
4,4125 4,4449
4,0248 4,0571
4,4869 4,5199
5,1331 5,1664
254 16:55
4,4126 4,4450
4,0254 4,0577
4,4883 4,5213
5,1338 5,1671
255 16:56
4,4126 4,4450
4,0252 4,0575
4,4883 4,5213
5,1338 5,1671
256 16:57
4,4127 4,4451
4,0239 4,0562
4,4875 4,5205
5,1324 5,1657
257 16:58
4,4126 4,4450
4,0245 4,0568
4,4870 4,5200
5,1330 5,1663
258 16:59
4,4125 4,4449
4,0252 4,0575
4,4873 4,5203
5,1338 5,1671
259 17:00
4,4131 4,4455
4,0266 4,0589
4,4886 4,5216
5,1353 5,1686
260 17:01
4,4130 4,4454
4,0269 4,0592
4,4890 4,5220
5,1349 5,1682
261 17:02
4,4129 4,4453
4,0268 4,0591
4,4891 4,5221
5,1345 5,1678
262 17:03
4,4107 4,4431
4,0252 4,0575
4,4875 4,5205
5,1316 5,1649
263 17:04
4,4095 4,4419
4,0241 4,0564
4,4866 4,5196
5,1312 5,1645
264 17:05
4,4106 4,4430
4,0244 4,0567
4,4882 4,5212
5,1323 5,1656
265 17:06
4,4108 4,4432
4,0238 4,0561
4,4883 4,5213
5,1323 5,1656
266 17:07
4,4105 4,4429
4,0232 4,0555
4,4878 4,5208
5,1323 5,1656
267 17:08
4,4104 4,4428
4,0230 4,0553
4,4874 4,5204
5,1321 5,1654
268 17:09
4,4104 4,4428
4,0227 4,0550
4,4868 4,5198
5,1319 5,1652
269 17:10
4,4106 4,4430
4,0242 4,0565
4,4877 4,5207
5,1327 5,1660
270 17:11
4,4105 4,4429
4,0244 4,0567
4,4875 4,5205
5,1329 5,1662
271 17:12
4,4108 4,4432
4,0239 4,0562
4,4881 4,5211
5,1339 5,1672
272 17:13
4,4107 4,4431
4,0235 4,0558
4,4885 4,5215
5,1331 5,1664
273 17:14
4,4106 4,4430
4,0225 4,0548
4,4884 4,5214
5,1330 5,1663
274 17:15
4,4105 4,4429
4,0217 4,0540
4,4879 4,5209
5,1323 5,1656
275 17:16
4,4110 4,4434
4,0229 4,0552
4,4885 4,5215
5,1331 5,1664
276 17:17
4,4111 4,4435
4,0232 4,0555
4,4889 4,5219
5,1335 5,1668
277 17:18
4,4117 4,4441
4,0242 4,0565
4,4895 4,5225
5,1343 5,1676
278 17:19
4,4118 4,4442
4,0252 4,0575
4,4898 4,5228
5,1343 5,1676
279 17:20
4,4117 4,4441
4,0254 4,0577
4,4902 4,5232
5,1337 5,1670
280 17:21
4,4118 4,4442
4,0255 4,0578
4,4907 4,5237
5,1336 5,1669
281 17:22
4,4117 4,4441
4,0254 4,0577
4,4906 4,5236
5,1334 5,1667
282 17:23
4,4117 4,4441
4,0254 4,0577
4,4912 4,5242
5,1337 5,1670
283 17:24
4,4116 4,4440
4,0255 4,0578
4,4912 4,5242
5,1328 5,1661
284 17:25
4,4117 4,4441
4,0252 4,0575
4,4912 4,5242
5,1330 5,1663
285 17:26
4,4117 4,4441
4,0253 4,0576
4,4911 4,5241
5,1322 5,1655
286 17:27
4,4117 4,4441
4,0257 4,0580
4,4911 4,5241
5,1322 5,1655
287 17:28
4,4118 4,4442
4,0263 4,0586
4,4912 4,5242
5,1328 5,1661
288 17:29
4,4149 4,4473
4,0303 4,0626
4,4943 4,5273
5,1379 5,1712
289 17:30
4,4149 4,4473
4,0303 4,0626
4,4943 4,5273
5,1379 5,1712
290 17:31
4,4153 4,4477
4,0308 4,0631
4,4946 4,5276
5,1364 5,1697
291 17:32
4,4151 4,4475
4,0301 4,0624
4,4945 4,5275
5,1367 5,1700
292 17:33
4,4149 4,4473
4,0297 4,0620
4,4943 4,5273
5,1368 5,1701
293 17:34
4,4147 4,4471
4,0293 4,0616
4,4941 4,5271
5,1368 5,1701
294 17:35
4,4146 4,4470
4,0296 4,0619
4,4934 4,5264
5,1364 5,1697
295 17:36
4,4147 4,4471
4,0287 4,0610
4,4932 4,5262
5,1370 5,1703
296 17:37
4,4146 4,4470
4,0284 4,0607
4,4931 4,5261
5,1371 5,1704
297 17:38
4,4131 4,4455
4,0265 4,0588
4,4919 4,5249
5,1348 5,1681
298 17:39
4,4133 4,4457
4,0270 4,0593
4,4918 4,5248
5,1352 5,1685
299 17:40
4,4133 4,4457
4,0268 4,0591
4,4918 4,5248
5,1346 5,1679
300 17:41
4,4126 4,4450
4,0264 4,0587
4,4911 4,5241
5,1336 5,1669
301 17:42
4,4132 4,4456
4,0263 4,0586
4,4926 4,5256
5,1356 5,1689
302 17:43
4,4132 4,4456
4,0260 4,0583
4,4931 4,5261
5,1368 5,1701
303 17:44
4,4132 4,4456
4,0258 4,0581
4,4940 4,5270
5,1364 5,1697
304 17:45
4,4132 4,4456
4,0260 4,0583
4,4940 4,5270
5,1362 5,1695
305 17:46
4,4131 4,4455
4,0257 4,0580
4,4937 4,5267
5,1365 5,1698
306 17:47
4,4130 4,4454
4,0252 4,0575
4,4935 4,5265
5,1369 5,1702
307 17:48
4,4130 4,4454
4,0247 4,0570
4,4938 4,5268
5,1369 5,1702
308 17:49
4,4135 4,4459
4,0262 4,0585
4,4943 4,5273
5,1379 5,1712
309 17:50
4,4138 4,4462
4,0267 4,0590
4,4946 4,5276
5,1376 5,1709
310 17:51
4,4137 4,4461
4,0276 4,0599
4,4943 4,5273
5,1376 5,1709
311 17:52
4,4137 4,4461
4,0270 4,0593
4,4940 4,5270
5,1372 5,1705
312 17:53
4,4137 4,4461
4,0279 4,0602
4,4940 4,5270
5,1378 5,1711
313 17:54
4,4137 4,4461
4,0281 4,0604
4,4931 4,5261
5,1379 5,1712
314 17:55
4,4138 4,4462
4,0282 4,0605
4,4929 4,5259
5,1375 5,1708
315 17:56
4,4141 4,4465
4,0286 4,0609
4,4928 4,5258
5,1382 5,1715
316 17:57
4,4146 4,4470
4,0295 4,0618
4,4936 4,5266
5,1393 5,1726
317 17:58
4,4147 4,4471
4,0298 4,0621
4,4935 4,5265
5,1408 5,1741
318 17:59
4,4149 4,4473
4,0303 4,0626
4,4939 4,5269
5,1419 5,1752
319 18:00
4,4142 4,4466
4,0299 4,0624
4,4936 4,5266
5,1410 5,1743
320 18:01
4,4140 4,4464
4,0301 4,0630
4,4939 4,5269
5,1415 5,1748
321 18:02
4,4141 4,4465
4,0311 4,0635
4,4940 4,5270
5,1415 5,1748
322 18:03
4,4140 4,4464
4,0306 4,0634
4,4934 4,5264
5,1408 5,1741
323 18:04
4,4138 4,4462
4,0303 4,0628
4,4928 4,5262
5,1400 5,1733
324 18:05
4,4138 4,4462
4,0294 4,0622
4,4928 4,5258
5,1402 5,1735
325 18:06
4,4138 4,4462
4,0297 4,0625
4,4919 4,5249
5,1401 5,1734
326 18:07
4,4138 4,4462
4,0293 4,0617
4,4929 4,5261
5,1394 5,1727
327 18:08
4,4138 4,4462
4,0293 4,0617
4,4929 4,5262
5,1394 5,1727
328 18:09
4,4137 4,4461
4,0293 4,0619
4,4929 4,5259
5,1387 5,1720
329 18:10
4,4136 4,4460
4,0290 4,0619
4,4926 4,5256
5,1386 5,1719
330 18:11
4,4136 4,4460
4,0287 4,0614
4,4918 4,5250
5,1386 5,1719
331 18:12
4,4136 4,4460
4,0280 4,0607
4,4924 4,5254
5,1386 5,1719
332 18:13
4,4136 4,4460
4,0283 4,0606
4,4928 4,5258
5,1392 5,1725
333 18:14
4,4136 4,4460
4,0283 4,0612
4,4926 4,5256
5,1387 5,1720
334 18:15
4,4136 4,4460
4,0289 4,0615
4,4924 4,5255
5,1380 5,1713
335 18:16
4,4136 4,4460
4,0299 4,0624
4,4926 4,5256
5,1382 5,1715
336 18:17
4,4136 4,4460
4,0294 4,0623
4,4926 4,5260
5,1383 5,1716
337 18:18
4,4135 4,4461
4,0291 4,0621
4,4926 4,5257
5,1377 5,1710
338 18:19
4,4135 4,4461
4,0287 4,0613
4,4922 4,5255
5,1369 5,1703
339 18:20
4,4135 4,4459
4,0297 4,0622
4,4920 4,5250
5,1361 5,1694
340 18:21
4,4136 4,4460
4,0295 4,0618
4,4918 4,5250
5,1356 5,1689
341 18:22
4,4135 4,4460
4,0285 4,0614
4,4916 4,5251
5,1361 5,1695
342 18:23
4,4135 4,4460
4,0282 4,0612
4,4915 4,5245
5,1356 5,1689
343 18:24
4,4134 4,4461
4,0277 4,0608
4,4915 4,5252
5,1360 5,1694
344 18:25
4,4136 4,4461
4,0278 4,0607
4,4917 4,5252
5,1356 5,1689
345 18:26
4,4136 4,4461
4,0279 4,0609
4,4925 4,5255
5,1359 5,1692
346 18:27
4,4134 4,4460
4,0285 4,0614
4,4920 4,5252
5,1354 5,1689
347 18:28
4,4134 4,4460
4,0286 4,0616
4,4925 4,5256
5,1360 5,1695
348 18:29
4,4134 4,4460
4,0286 4,0616
4,4921 4,5252
5,1360 5,1695
349 18:30
4,4122 4,4448
4,0274 4,0601
4,4909 4,5240
5,1344 5,1677
350 18:31
4,4118 4,4444
4,0278 4,0604
4,4909 4,5244
5,1343 5,1677
351 18:32
4,4117 4,4443
4,0278 4,0607
4,4908 4,5239
5,1342 5,1676
352 18:33
4,4117 4,4443
4,0274 4,0604
4,4906 4,5239
5,1342 5,1676
353 18:34
4,4117 4,4443
4,0267 4,0597
4,4908 4,5241
5,1336 5,1670
354 18:35
4,4117 4,4443
4,0263 4,0593
4,4906 4,5239
5,1336 5,1670
355 18:36
4,4119 4,4444
4,0263 4,0592
4,4908 4,5238
5,1330 5,1663
356 18:37
4,4117 4,4443
4,0263 4,0593
4,4908 4,5239
5,1330 5,1664
357 18:38
4,4110 4,4448
4,0259 4,0600
4,4899 4,5243
5,1320 5,1669
358 18:39
4,4118 4,4442
4,0272 4,0596
4,4908 4,5238
5,1330 5,1663
359 18:40
4,4117 4,4443
4,0273 4,0600
4,4912 4,5246
5,1330 5,1664
360 18:41
4,4117 4,4443
4,0267 4,0597
4,4913 4,5244
5,1330 5,1664
361 18:42
4,4112 4,4439
4,0260 4,0591
4,4905 4,5237
5,1322 5,1658
362 18:43
4,4118 4,4442
4,0268 4,0593
4,4912 4,5242
5,1328 5,1661
363 18:44
4,4117 4,4442
4,0269 4,0595
4,4911 4,5245
5,1325 5,1658
364 18:45
4,4112 4,4436
4,0261 4,0590
4,4906 4,5236
5,1313 5,1646
365 18:46
4,4112 4,4436
4,0261 4,0586
4,4906 4,5236
5,1310 5,1643
366 18:47
4,4113 4,4437
4,0259 4,0583
4,4906 4,5236
5,1307 5,1640
367 18:48
4,4112 4,4436
4,0257 4,0582
4,4902 4,5232
5,1304 5,1637
368 18:49
4,4113 4,4438
4,0258 4,0584
4,4897 4,5227
5,1305 5,1638
369 18:50
4,4113 4,4438
4,0257 4,0586
4,4895 4,5228
5,1305 5,1638
370 18:51
4,4113 4,4438
4,0262 4,0588
4,4893 4,5223
5,1305 5,1638
371 18:52
4,4114 4,4439
4,0266 4,0591
4,4892 4,5223
5,1312 5,1645
372 18:53
4,4113 4,4437
4,0267 4,0590
4,4890 4,5220
5,1312 5,1645
373 18:54
4,4114 4,4438
4,0268 4,0592
4,4894 4,5224
5,1312 5,1645
374 18:55
4,4113 4,4438
4,0266 4,0592
4,4892 4,5222
5,1311 5,1644
375 18:56
4,4114 4,4439
4,0262 4,0591
4,4889 4,5219
5,1312 5,1645
376 18:57
4,4110 4,4434
4,0260 4,0588
4,4885 4,5215
5,1307 5,1640
377 18:58
4,4108 4,4432
4,0259 4,0585
4,4886 4,5217
5,1299 5,1632
378 18:59
4,4109 4,4433
4,0258 4,0587
4,4885 4,5215
5,1301 5,1634
379 19:00
4,4115 4,4439
4,0268 4,0591
4,4891 4,5221
5,1308 5,1641
380 19:01
4,4116 4,4440
4,0268 4,0592
4,4888 4,5218
5,1308 5,1641
381 19:02
4,4115 4,4439
4,0269 4,0594
4,4886 4,5216
5,1311 5,1644
382 19:03
4,4115 4,4439
4,0272 4,0595
4,4886 4,5216
5,1307 5,1640
383 19:04
4,4115 4,4439
4,0279 4,0604
4,4890 4,5220
5,1314 5,1647
384 19:05
4,4116 4,4440
4,0280 4,0603
4,4887 4,5217
5,1315 5,1648
385 19:06
4,4114 4,4438
4,0275 4,0602
4,4890 4,5220
5,1313 5,1646
386 19:07
4,4115 4,4439
4,0268 4,0596
4,4890 4,5220
5,1307 5,1640
387 19:08
4,4115 4,4439
4,0270 4,0595
4,4890 4,5220
5,1301 5,1634
388 19:09
4,4115 4,4439
4,0267 4,0596
4,4891 4,5221
5,1302 5,1635
389 19:10
4,4115 4,4439
4,0276 4,0604
4,4890 4,5220
5,1307 5,1640
390 19:11
4,4115 4,4439
4,0276 4,0600
4,4895 4,5225
5,1307 5,1640
391 19:12
4,4115 4,4439
4,0283 4,0609
4,4895 4,5225
5,1304 5,1637
392 19:13
4,4084 4,4408
4,0248 4,0573
4,4864 4,5194
5,1266 5,1599
393 19:14
4,4084 4,4408
4,0246 4,0570
4,4863 4,5193
5,1262 5,1595
394 19:15
4,4082 4,4406
4,0244 4,0567
4,4864 4,5194
5,1258 5,1591
395 19:16
4,4073 4,4397
4,0238 4,0561
4,4857 4,5187
5,1250 5,1583
396 19:17
4,4072 4,4396
4,0235 4,0558
4,4856 4,5186
5,1249 5,1582
397 19:18
4,4072 4,4396
4,0239 4,0563
4,4856 4,5186
5,1253 5,1586
398 19:19
4,4071 4,4395
4,0236 4,0561
4,4855 4,5185
5,1245 5,1578
399 19:20
4,4070 4,4394
4,0231 4,0554
4,4855 4,5185
5,1244 5,1577
400 19:21
4,4068 4,4392
4,0226 4,0549
4,4852 4,5182
5,1243 5,1576
401 19:22
4,4069 4,4393
4,0230 4,0553
4,4853 4,5183
5,1245 5,1578
402 19:23
4,4069 4,4393
4,0228 4,0551
4,4848 4,5178
5,1248 5,1581
403 19:24
4,4069 4,4393
4,0228 4,0551
4,4853 4,5183
5,1255 5,1588
404 19:25
4,4069 4,4393
4,0227 4,0550
4,4853 4,5183
5,1255 5,1588
405 19:26
4,4069 4,4393
4,0228 4,0551
4,4854 4,5184
5,1254 5,1587
406 19:27
4,4069 4,4393
4,0228 4,0551
4,4853 4,5183
5,1255 5,1588
407 19:28
4,4069 4,4393
4,0227 4,0550
4,4852 4,5182
5,1249 5,1582
408 19:29
4,4069 4,4393
4,0231 4,0554
4,4854 4,5184
5,1249 5,1582
409 19:30
4,4069 4,4393
4,0232 4,0555
4,4855 4,5185
5,1248 5,1581
410 19:31
4,4069 4,4393
4,0228 4,0552
4,4857 4,5187
5,1254 5,1587
411 19:32
4,4068 4,4392
4,0229 4,0552
4,4861 4,5191
5,1251 5,1584
412 19:33
4,4068 4,4392
4,0231 4,0554
4,4861 4,5191
5,1249 5,1582
413 19:34
4,4068 4,4392
4,0235 4,0558
4,4861 4,5191
5,1253 5,1586
414 19:35
4,4067 4,4398
4,0228 4,0562
4,4860 4,5196
5,1251 5,1592
415 19:36
4,4067 4,4397
4,0228 4,0562
4,4862 4,5197
5,1253 5,1592
416 19:37
4,4068 4,4400
4,0229 4,0564
4,4863 4,5200
5,1242 5,1577
417 19:38
4,4068 4,4401
4,0231 4,0564
4,4861 4,5199
5,1242 5,1584
418 19:39
4,4070 4,4394
4,0230 4,0557
4,4863 4,5193
5,1243 5,1576
419 19:40
4,4068 4,4392
4,0227 4,0550
4,4861 4,5191
5,1237 5,1570
420 19:41
4,4067 4,4391
4,0225 4,0548
4,4860 4,5190
5,1234 5,1567
421 19:42
4,4067 4,4391
4,0227 4,0551
4,4860 4,5190
5,1234 5,1567
422 19:43
4,4067 4,4391
4,0225 4,0548
4,4856 4,5186
5,1234 5,1567
423 19:44
4,4067 4,4391
4,0223 4,0547
4,4855 4,5185
5,1232 5,1565
424 19:45
4,4068 4,4392
4,0221 4,0544
4,4851 4,5181
5,1228 5,1561
425 19:46
4,4068 4,4392
4,0220 4,0543
4,4840 4,5170
5,1241 5,1574
426 19:47
4,4068 4,4392
4,0216 4,0539
4,4842 4,5172
5,1246 5,1579
427 19:48
4,4067 4,4391
4,0215 4,0538
4,4838 4,5168
5,1246 5,1579
428 19:49
4,4069 4,4393
4,0221 4,0545
4,4834 4,5164
5,1242 5,1575
429 19:50
4,4069 4,4393
4,0223 4,0546
4,4835 4,5165
5,1242 5,1575
430 19:51
4,4069 4,4402
4,0217 4,0550
4,4834 4,5172
5,1243 5,1579
431 19:52
4,4069 4,4402
4,0221 4,0554
4,4830 4,5168
5,1243 5,1579
432 19:53
4,4069 4,4402
4,0221 4,0554
4,4834 4,5172
5,1243 5,1585
433 19:54
4,4069 4,4402
4,0221 4,0554
4,4839 4,5178
5,1243 5,1579
434 19:55
4,4068 4,4392
4,0217 4,0541
4,4838 4,5168
5,1235 5,1568
435 19:56
4,4069 4,4393
4,0215 4,0538
4,4839 4,5169
5,1242 5,1575
436 19:57
4,4069 4,4393
4,0215 4,0538
4,4839 4,5169
5,1242 5,1575
437 19:58
4,4024 4,4351
4,0173 4,0500
4,4802 4,5134
5,1193 5,1530
438 19:59
4,4061 4,4386
4,0211 4,0537
4,4844 4,5174
5,1244 5,1577
439 20:00
4,4057 4,4381
4,0203 4,0530
4,4840 4,5170
5,1245 5,1579
440 20:01
4,4053 4,4378
4,0192 4,0521
4,4836 4,5167
5,1241 5,1574
441 20:02
4,4052 4,4380
4,0191 4,0520
4,4837 4,5170
5,1243 5,1579
442 20:03
4,4047 4,4375
4,0192 4,0524
4,4832 4,5165
5,1238 5,1573
443 20:04
4,4048 4,4374
4,0191 4,0518
4,4833 4,5164
5,1236 5,1571
444 20:05
4,4049 4,4375
4,0193 4,0523
4,4834 4,5165
5,1240 5,1573
445 20:06
4,4049 4,4376
4,0189 4,0517
4,4832 4,5164
5,1243 5,1577
446 20:07
4,4049 4,4376
4,0188 4,0519
4,4832 4,5164
5,1237 5,1573
447 20:08
4,4049 4,4375
4,0190 4,0518
4,4834 4,5165
5,1243 5,1578
448 20:09
4,4055 4,4381
4,0194 4,0521
4,4840 4,5171
5,1244 5,1579
449 20:10
4,4062 4,4388
4,0204 4,0535
4,4844 4,5178
5,1255 5,1588
450 20:11
4,4063 4,4388
4,0209 4,0539
4,4847 4,5182
5,1259 5,1592
451 20:12
4,4063 4,4388
4,0212 4,0541
4,4850 4,5180
5,1262 5,1595
452 20:13
4,4064 4,4389
4,0217 4,0546
4,4854 4,5185
5,1266 5,1599
453 20:14
4,4064 4,4389
4,0217 4,0543
4,4852 4,5182
5,1263 5,1596
454 20:15
4,4063 4,4388
4,0212 4,0541
4,4851 4,5181
5,1262 5,1595
455 20:16
4,4063 4,4388
4,0212 4,0541
4,4847 4,5180
5,1262 5,1595
456 20:17
4,4061 4,4387
4,0211 4,0538
4,4846 4,5177
5,1257 5,1592
457 20:18
4,4063 4,4388
4,0212 4,0541
4,4849 4,5182
5,1259 5,1592
458 20:19
4,4062 4,4388
4,0213 4,0543
4,4847 4,5179
5,1260 5,1594
459 20:20
4,4064 4,4389
4,0213 4,0543
4,4847 4,5177
5,1260 5,1594
460 20:21
4,4068 4,4394
4,0217 4,0548
4,4854 4,5189
5,1267 5,1601
461 20:22
4,4068 4,4396
4,0218 4,0549
4,4854 4,5191
5,1267 5,1603
462 20:23
4,4068 4,4396
4,0218 4,0550
4,4858 4,5191
5,1265 5,1598
463 20:24
4,4070 4,4397
4,0222 4,0549
4,4854 4,5186
5,1261 5,1596
464 20:25
4,4068 4,4396
4,0218 4,0550
4,4854 4,5187
5,1261 5,1597
465 20:26
4,4070 4,4397
4,0222 4,0549
4,4858 4,5190
5,1259 5,1592
466 20:27
4,4064 4,4391
4,0214 4,0542
4,4852 4,5184
5,1252 5,1585
467 20:28
4,4064 4,4391
4,0211 4,0541
4,4852 4,5184
5,1252 5,1585
468 20:29
4,4064 4,4391
4,0213 4,0541
4,4848 4,5184
5,1255 5,1591
469 20:30
4,4065 4,4393
4,0214 4,0543
4,4853 4,5187
5,1258 5,1594
470 20:31
4,4069 4,4396
4,0218 4,0550
4,4853 4,5189
5,1260 5,1596
471 20:32
4,4069 4,4396
4,0222 4,0550
4,4857 4,5189
5,1264 5,1597
472 20:33
4,4069 4,4396
4,0225 4,0554
4,4856 4,5186
5,1266 5,1601
473 20:34
4,4069 4,4396
4,0225 4,0556
4,4857 4,5189
5,1266 5,1602
474 20:35
4,4069 4,4396
4,0222 4,0550
4,4857 4,5189
5,1266 5,1601
475 20:36
4,4069 4,4396
4,0218 4,0549
4,4857 4,5189
5,1273 5,1609
476 20:37
4,4069 4,4396
4,0222 4,0550
4,4857 4,5189
5,1272 5,1607
477 20:38
4,4069 4,4396
4,0218 4,0550
4,4862 4,5194
5,1272 5,1607
478 20:39
4,4069 4,4396
4,0214 4,0545
4,4857 4,5189
5,1272 5,1607
479 20:40
4,4069 4,4396
4,0214 4,0545
4,4857 4,5189
5,1276 5,1609
480 20:41
4,4063 4,4402
4,0213 4,0551
4,4851 4,5195
5,1264 5,1615
481 20:42
4,4069 4,4396
4,0222 4,0550
4,4857 4,5189
5,1272 5,1607
482 20:43
4,4069 4,4396
4,0220 4,0549
4,4858 4,5195
5,1272 5,1607
483 20:44
4,4069 4,4396
4,0225 4,0552
4,4857 4,5189
5,1272 5,1608
484 20:45
4,4069 4,4396
4,0225 4,0556
4,4862 4,5194
5,1272 5,1607
485 20:46
4,4069 4,4396
4,0225 4,0556
4,4857 4,5189
5,1272 5,1607
486 20:47
4,4069 4,4396
4,0228 4,0559
4,4857 4,5189
5,1272 5,1607
487 20:48
4,4069 4,4396
4,0232 4,0563
4,4857 4,5189
5,1278 5,1613
488 20:49
4,4069 4,4396
4,0227 4,0557
4,4857 4,5189
5,1272 5,1607
489 20:50
4,4069 4,4396
4,0229 4,0561
4,4857 4,5191
5,1272 5,1607
490 20:51
4,4069 4,4395
4,0229 4,0560
4,4859 4,5194
5,1276 5,1609
491 20:52
4,4069 4,4395
4,0227 4,0557
4,4859 4,5190
5,1280 5,1614
492 20:53
4,4069 4,4395
4,0229 4,0556
4,4864 4,5195
5,1280 5,1614
493 20:54
4,4069 4,4396
4,0225 4,0552
4,4862 4,5194
5,1278 5,1613
494 20:55
4,4069 4,4396
4,0223 4,0552
4,4862 4,5194
5,1278 5,1613
495 20:56
4,4069 4,4396
4,0222 4,0550
4,4862 4,5194
5,1278 5,1614
496 20:57
4,4071 4,4397
4,0225 4,0551
4,4866 4,5201
5,1281 5,1616
497 20:58
4,4069 4,4396
4,0214 4,0541
4,4866 4,5198
5,1283 5,1619
498 20:59
4,4068 4,4395
4,0213 4,0540
4,4861 4,5193
5,1281 5,1614
499 21:00
4,4071 4,4397
4,0210 4,0540
4,4864 4,5194
5,1287 5,1622
500 21:01
4,4071 4,4397
4,0209 4,0536
4,4866 4,5197
5,1287 5,1622
501 21:02
4,4072 4,4399
4,0206 4,0538
4,4869 4,5201
5,1288 5,1624
502 21:03
4,4071 4,4397
4,0205 4,0532
4,4870 4,5201
5,1289 5,1623
503 21:04
4,4071 4,4397
4,0206 4,0536
4,4870 4,5203
5,1287 5,1622
504 21:05
4,4072 4,4396
4,0203 4,0530
4,4869 4,5199
5,1287 5,1620
505 21:06
4,4072 4,4398
4,0207 4,0537
4,4871 4,5201
5,1290 5,1624
506 21:07
4,4073 4,4397
4,0212 4,0536
4,4870 4,5200
5,1292 5,1625
507 21:08
4,4072 4,4396
4,0212 4,0538
4,4871 4,5203
5,1294 5,1627
508 21:09
4,4070 4,4396
4,0209 4,0539
4,4869 4,5200
5,1290 5,1623
509 21:10
4,4070 4,4396
4,0209 4,0539
4,4869 4,5200
5,1292 5,1627
510 21:11
4,4071 4,4395
4,0210 4,0533
4,4873 4,5203
5,1287 5,1620
511 21:12
4,4072 4,4397
4,0210 4,0536
4,4874 4,5204
5,1287 5,1620
512 21:13
4,4072 4,4396
4,0210 4,0537
4,4874 4,5204
5,1287 5,1620
513 21:14
4,4072 4,4396
4,0211 4,0537
4,4879 4,5209
5,1290 5,1623
514 21:15
4,4071 4,4395
4,0210 4,0538
4,4883 4,5213
5,1293 5,1626
515 21:16
4,4071 4,4395
4,0214 4,0538
4,4878 4,5208
5,1293 5,1626
516 21:17
4,4072 4,4396
4,0214 4,0542
4,4883 4,5213
5,1293 5,1626
517 21:18
4,4068 4,4394
4,0210 4,0537
4,4888 4,5220
5,1289 5,1624
518 21:19
4,4068 4,4394
4,0211 4,0541
4,4889 4,5223
5,1291 5,1625
519 21:20
4,4067 4,4393
4,0209 4,0536
4,4894 4,5229
5,1288 5,1623
520 21:21
4,4066 4,4393
4,0209 4,0538
4,4891 4,5227
5,1287 5,1623
521 21:22
4,4065 4,4392
4,0211 4,0539
4,4890 4,5222
5,1286 5,1622
522 21:23
4,4065 4,4392
4,0210 4,0541
4,4894 4,5226
5,1292 5,1626
523 21:24
4,4058 4,4402
4,0208 4,0555
4,4888 4,5238
5,1284 5,1639
524 21:25
4,4058 4,4402
4,0208 4,0555
4,4884 4,5234
5,1284 5,1633
525 21:26
4,4065 4,4392
4,0214 4,0545
4,4894 4,5226
5,1291 5,1626
526 21:27
4,4065 4,4392
4,0214 4,0545
4,4895 4,5228
5,1292 5,1628
527 21:28
4,4065 4,4392
4,0214 4,0545
4,4899 4,5235
5,1291 5,1626
528 21:29
4,4065 4,4392
4,0214 4,0541
4,4913 4,5245
5,1289 5,1622
529 21:30
4,4059 4,4403
4,0210 4,0554
4,4907 4,5257
5,1286 5,1636
530 21:31
4,4058 4,4402
4,0212 4,0555
4,4903 4,5252
5,1284 5,1639
531 21:32
4,4062 4,4391
4,0211 4,0544
4,4905 4,5239
5,1288 5,1625
532 21:33
4,4063 4,4388
4,0216 4,0542
4,4906 4,5236
5,1289 5,1622
533 21:34
4,4063 4,4388
4,0216 4,0542
4,4918 4,5248
5,1289 5,1622
534 21:35
4,4061 4,4389
4,0214 4,0547
4,4913 4,5247
5,1287 5,1624
535 21:36
4,4061 4,4392
4,0215 4,0549
4,4919 4,5250
5,1286 5,1627
536 21:37
4,4059 4,4391
4,0210 4,0544
4,4913 4,5250
5,1286 5,1622
537 21:38
4,4060 4,4392
4,0207 4,0543
4,4919 4,5256
5,1287 5,1629
538 21:39
4,4060 4,4392
4,0207 4,0539
4,4914 4,5251
5,1286 5,1627
539 21:40
4,4059 4,4391
4,0203 4,0535
4,4909 4,5246
5,1280 5,1622
540 21:41
4,4060 4,4392
4,0203 4,0538
4,4910 4,5247
5,1287 5,1623
541 21:42
4,4060 4,4392
4,0204 4,0536
4,4914 4,5251
5,1287 5,1623
542 21:43
4,4059 4,4391
4,0203 4,0539
4,4909 4,5246
5,1286 5,1628
543 21:44
4,4065 4,4392
4,0207 4,0539
4,4908 4,5240
5,1292 5,1628
544 21:45
4,4065 4,4392
4,0211 4,0539
4,4915 4,5246
5,1295 5,1628
545 21:46
4,4065 4,4392
4,0211 4,0539
4,4913 4,5245
5,1292 5,1628
546 21:47
4,4065 4,4392
4,0211 4,0539
4,4913 4,5245
5,1295 5,1628
547 21:48
4,4065 4,4392
4,0210 4,0541
4,4913 4,5245
5,1292 5,1628
548 21:49
4,4065 4,4392
4,0210 4,0541
4,4913 4,5245
5,1295 5,1628
549 21:50
4,4063 4,4391
4,0210 4,0542
4,4913 4,5246
5,1290 5,1627
550 21:51
4,4063 4,4391
4,0214 4,0542
4,4913 4,5246
5,1290 5,1627
551 21:52
4,4063 4,4391
4,0214 4,0546
4,4913 4,5245
5,1290 5,1627
552 21:53
4,4063 4,4391
4,0214 4,0542
4,4917 4,5250
5,1290 5,1627
553 21:54
4,4065 4,4392
4,0214 4,0541
4,4917 4,5249
5,1292 5,1628
554 21:55
4,4058 4,4397
4,0205 4,0547
4,4910 4,5254
5,1282 5,1633
555 21:56
4,4057 4,4395
4,0208 4,0546
4,4920 4,5259
5,1284 5,1632
556 21:57
4,4065 4,4392
4,0214 4,0541
4,4930 4,5263
5,1292 5,1628
557 21:58
4,4064 4,4392
4,0213 4,0542
4,4928 4,5261
5,1290 5,1623
558 21:59
4,4065 4,4390
4,0211 4,0537
4,4923 4,5257
5,1288 5,1621
559 22:00
4,4065 4,4391
4,0207 4,0534
4,4927 4,5259
5,1286 5,1621
560 22:01
4,4067 4,4392
4,0213 4,0539
4,4924 4,5254
5,1288 5,1622
561 22:02
4,4067 4,4392
4,0216 4,0546
4,4924 4,5254
5,1288 5,1622
562 22:03
4,4067 4,4392
4,0216 4,0546
4,4924 4,5254
5,1288 5,1622
563 22:04
4,4067 4,4392
4,0220 4,0546
4,4924 4,5254
5,1288 5,1622
564 22:05
4,4067 4,4392
4,0216 4,0546
4,4924 4,5254
5,1288 5,1622
565 22:06
4,4065 4,4391
4,0219 4,0549
4,4924 4,5256
5,1293 5,1627
566 22:07
4,4065 4,4391
4,0218 4,0549
4,4927 4,5259
5,1292 5,1627
567 22:08
4,4052 4,4402
4,0206 4,0559
4,4910 4,5270
5,1278 5,1640
568 22:09
4,4063 4,4393
4,0216 4,0547
4,4921 4,5257
5,1290 5,1629
569 22:10
4,4064 4,4393
4,0217 4,0547
4,4921 4,5255
5,1291 5,1629
570 22:11
4,4063 4,4393
4,0214 4,0548
4,4922 4,5257
5,1290 5,1629
571 22:12
4,4062 4,4392
4,0213 4,0547
4,4921 4,5256
5,1290 5,1628
572 22:13
4,4062 4,4392
4,0213 4,0547
4,4921 4,5256
5,1289 5,1628
573 22:14
4,4051 4,4403
4,0203 4,0557
4,4910 4,5267
5,1276 5,1641
574 22:15
4,4053 4,4404
4,0203 4,0556
4,4906 4,5263
5,1278 5,1642
575 22:16
4,4062 4,4393
4,0211 4,0546
4,4914 4,5254
5,1287 5,1628
576 22:17
4,4051 4,4403
4,0202 4,0555
4,4910 4,5267
5,1275 5,1643
577 22:18
4,4051 4,4403
4,0203 4,0557
4,4904 4,5266
5,1276 5,1641
578 22:19
4,4062 4,4393
4,0211 4,0546
4,4924 4,5263
5,1287 5,1628
579 22:20
4,4062 4,4393
4,0211 4,0544
4,4932 4,5264
5,1287 5,1628
580 22:21
4,4062 4,4393
4,0211 4,0546
4,4924 4,5260
5,1293 5,1628
581 22:22
4,4062 4,4393
4,0211 4,0546
4,4923 4,5255
5,1293 5,1634
582 22:23
4,4061 4,4393
4,0212 4,0548
4,4923 4,5261
5,1294 5,1636
583 22:24
4,4064 4,4390
4,0217 4,0544
4,4928 4,5259
5,1298 5,1632
584 22:25
4,4055 4,4382
4,0213 4,0541
4,4912 4,5249
5,1289 5,1622
585 22:26
4,4057 4,4383
4,0214 4,0541
4,4920 4,5251
5,1290 5,1624
586 22:27
4,4054 4,4382
4,0213 4,0545
4,4913 4,5246
5,1285 5,1622
587 22:28
4,4058 4,4384
4,0219 4,0546
4,4917 4,5248
5,1293 5,1626
588 22:29
4,4056 4,4382
4,0215 4,0545
4,4915 4,5246
5,1293 5,1628
589 22:30
4,4057 4,4383
4,0215 4,0542
4,4911 4,5245
5,1293 5,1626
590 22:31
4,4058 4,4385
4,0215 4,0542
4,4915 4,5247
5,1292 5,1625
591 22:32
4,4057 4,4384
4,0214 4,0541
4,4914 4,5246
5,1294 5,1630
592 22:33
4,4057 4,4383
4,0216 4,0542
4,4911 4,5242
5,1292 5,1625
593 22:34
4,4057 4,4384
4,0210 4,0541
4,4909 4,5241
5,1292 5,1625
594 22:35
4,4056 4,4387
4,0213 4,0544
4,4909 4,5246
5,1292 5,1627
595 22:36
Definite connection error