#======================
2023-7-14
# 1.EUR, 2.USD, 3.CHF, 4.GBP
Sell Price, Buy Price
1 13:31
4,4323 4,4646
3,9451 3,9773
4,5957 4,6287
5,1826 5,2160
2 13:32
4,4323 4,4646
3,9455 3,9777
4,5962 4,6292
5,1826 5,2160
3 13:33
4,4323 4,4646
3,9453 3,9775
4,5952 4,6282
5,1823 5,2157
4 13:34
4,4322 4,4645
3,9447 3,9769
4,5942 4,6272
5,1819 5,2153
5 13:35
4,4323 4,4646
3,9453 3,9775
4,5943 4,6273
5,1823 5,2157
6 13:36
4,4323 4,4646
3,9460 3,9782
4,5942 4,6273
5,1826 5,2160
7 13:37
4,4322 4,4645
3,9466 3,9788
4,5942 4,6273
5,1822 5,2156
8 13:38
4,4322 4,4645
3,9477 3,9799
4,5942 4,6273
5,1826 5,2160
9 13:39
4,4322 4,4645
3,9471 3,9793
4,5942 4,6273
5,1825 5,2159
10 13:40
4,4322 4,4645
3,9471 3,9793
4,5943 4,6274
5,1822 5,2156
11 13:41
4,4324 4,4647
3,9475 3,9797
4,5944 4,6275
5,1824 5,2158
12 13:42
4,4323 4,4646
3,9474 3,9796
4,5943 4,6274
5,1823 5,2157
13 13:43
4,4324 4,4647
3,9474 3,9796
4,5944 4,6275
5,1821 5,2155
14 13:44
4,4324 4,4647
3,9473 3,9795
4,5944 4,6275
5,1817 5,2151
15 13:45
4,4323 4,4646
3,9471 3,9793
4,5943 4,6274
5,1817 5,2151
16 13:46
4,4322 4,4645
3,9466 3,9788
4,5939 4,6269
5,1813 5,2147
17 13:47
4,4322 4,4645
3,9461 3,9783
4,5942 4,6272
5,1810 5,2144
18 13:48
4,4322 4,4645
3,9459 3,9781
4,5942 4,6272
5,1810 5,2144
19 13:49
4,4323 4,4646
3,9458 3,9780
4,5941 4,6271
5,1811 5,2145
20 13:50
4,4322 4,4645
3,9447 3,9769
4,5939 4,6269
5,1804 5,2138
21 13:51
4,4322 4,4645
3,9448 3,9770
4,5943 4,6274
5,1804 5,2138
22 13:52
4,4322 4,4645
3,9448 3,9770
4,5942 4,6273
5,1794 5,2128
23 13:53
4,4286 4,4609
3,9416 3,9738
4,5905 4,6236
5,1756 5,2090
24 13:54
4,4287 4,4610
3,9417 3,9739
4,5903 4,6234
5,1757 5,2091
25 13:55
4,4287 4,4610
3,9426 3,9748
4,5908 4,6239
5,1754 5,2088
26 13:56
4,4287 4,4610
3,9426 3,9748
4,5908 4,6238
5,1754 5,2088
27 13:57
4,4279 4,4602
3,9431 3,9753
4,5895 4,6225
5,1747 5,2081
28 13:58
4,4279 4,4602
3,9438 3,9760
4,5895 4,6225
5,1760 5,2094
29 13:59
4,4279 4,4602
3,9447 3,9769
4,5886 4,6216
5,1759 5,2093
30 14:00
4,4279 4,4602
3,9445 3,9767
4,5893 4,6223
5,1759 5,2093
31 14:01
4,4309 4,4632
3,9471 3,9793
4,5924 4,6255
5,1794 5,2128
32 14:02
4,4299 4,4622
3,9463 3,9785
4,5929 4,6260
5,1779 5,2113
33 14:03
4,4293 4,4616
3,9458 3,9780
4,5923 4,6254
5,1772 5,2106
34 14:04
4,4312 4,4635
3,9474 3,9796
4,5943 4,6274
5,1794 5,2128
35 14:05
4,4307 4,4630
3,9470 3,9792
4,5938 4,6269
5,1790 5,2124
36 14:06
4,4301 4,4624
3,9465 3,9787
4,5925 4,6256
5,1782 5,2116
37 14:07
4,4295 4,4618
3,9459 3,9781
4,5909 4,6240
5,1774 5,2108
38 14:08
4,4295 4,4618
3,9459 3,9781
4,5909 4,6240
5,1771 5,2105
39 14:09
4,4295 4,4618
3,9459 3,9781
4,5904 4,6235
5,1783 5,2117
40 14:10
4,4304 4,4627
3,9468 3,9790
4,5913 4,6244
5,1793 5,2127
41 14:11
4,4307 4,4630
3,9480 3,9802
4,5914 4,6244
5,1797 5,2131
42 14:12
4,4309 4,4632
3,9485 3,9807
4,5916 4,6246
5,1800 5,2134
43 14:13
4,4308 4,4631
3,9490 3,9812
4,5894 4,6224
5,1805 5,2139
44 14:14
4,4301 4,4624
3,9479 3,9801
4,5886 4,6216
5,1796 5,2130
45 14:15
4,4307 4,4630
3,9485 3,9807
4,5893 4,6223
5,1804 5,2138
46 14:16
4,4304 4,4627
3,9482 3,9804
4,5890 4,6221
5,1801 5,2135
47 14:17
4,4304 4,4627
3,9482 3,9804
4,5890 4,6221
5,1798 5,2132
48 14:18
4,4304 4,4627
3,9482 3,9804
4,5871 4,6202
5,1798 5,2132
49 14:19
4,4305 4,4628
3,9495 3,9817
4,5874 4,6205
5,1799 5,2133
50 14:20
4,4310 4,4633
3,9496 3,9818
4,5881 4,6212
5,1800 5,2134
51 14:21
4,4303 4,4626
3,9489 3,9811
4,5877 4,6207
5,1799 5,2133
52 14:22
4,4298 4,4621
3,9473 3,9795
4,5875 4,6205
5,1797 5,2131
53 14:23
4,4296 4,4619
3,9469 3,9791
4,5873 4,6203
5,1794 5,2128
54 14:24
4,4296 4,4619
3,9467 3,9789
4,5873 4,6203
5,1797 5,2131
55 14:25
4,4296 4,4619
3,9472 3,9794
4,5862 4,6192
5,1797 5,2131
56 14:26
4,4279 4,4602
3,9449 3,9771
4,5844 4,6175
5,1777 5,2111
57 14:27
4,4278 4,4601
3,9448 3,9770
4,5841 4,6172
5,1776 5,2110
58 14:28
4,4281 4,4604
3,9455 3,9777
4,5844 4,6175
5,1777 5,2111
59 14:29
4,4273 4,4596
3,9450 3,9772
4,5833 4,6164
5,1767 5,2101
60 14:30
4,4272 4,4595
3,9456 3,9778
4,5832 4,6163
5,1766 5,2100
61 14:31
4,4268 4,4591
3,9453 3,9775
4,5832 4,6164
5,1759 5,2093
62 14:32
4,4266 4,4589
3,9444 3,9766
4,5834 4,6166
5,1762 5,2096
63 14:33
4,4266 4,4589
3,9441 3,9763
4,5830 4,6162
5,1760 5,2094
64 14:34
4,4266 4,4589
3,9448 3,9770
4,5831 4,6163
5,1766 5,2100
65 14:35
4,4267 4,4590
3,9456 3,9778
4,5831 4,6163
5,1758 5,2092
66 14:36
4,4265 4,4588
3,9459 3,9781
4,5830 4,6161
5,1755 5,2089
67 14:37
4,4265 4,4588
3,9463 3,9785
4,5830 4,6147
5,1755 5,2089
68 14:38
4,4270 4,4593
3,9471 3,9793
4,5830 4,6147
5,1767 5,2101
69 14:39
4,4270 4,4593
3,9467 3,9789
4,5830 4,6152
5,1760 5,2094
70 14:40
4,4268 4,4591
3,9480 3,9802
4,5830 4,6140
5,1759 5,2093
71 14:41
4,4268 4,4591
3,9474 3,9796
4,5830 4,6148
5,1765 5,2099
72 14:42
4,4263 4,4586
3,9461 3,9783
4,5830 4,6144
5,1752 5,2086
73 14:43
4,4263 4,4586
3,9461 3,9783
4,5830 4,6149
5,1752 5,2086
74 14:44
4,4263 4,4586
3,9468 3,9790
4,5830 4,6149
5,1749 5,2083
75 14:45
4,4275 4,4598
3,9479 3,9801
4,5834 4,6165
5,1763 5,2097
76 14:46
4,4276 4,4599
3,9478 3,9800
4,5836 4,6167
5,1765 5,2099
77 14:47
4,4276 4,4599
3,9469 3,9791
4,5836 4,6167
5,1765 5,2099
78 14:48
4,4276 4,4599
3,9473 3,9795
4,5836 4,6167
5,1771 5,2105
79 14:49
4,4277 4,4600
3,9476 3,9798
4,5837 4,6168
5,1773 5,2107
80 14:50
4,4279 4,4602
3,9475 3,9797
4,5839 4,6170
5,1772 5,2106
81 14:51
4,4277 4,4600
3,9463 3,9785
4,5838 4,6167
5,1769 5,2103
82 14:52
4,4277 4,4600
3,9454 3,9776
4,5830 4,6152
5,1764 5,2098
83 14:53
4,4277 4,4600
3,9456 3,9778
4,5830 4,6147
5,1766 5,2100
84 14:54
4,4285 4,4608
3,9463 3,9785
4,5830 4,6155
5,1775 5,2109
85 14:55
4,4284 4,4607
3,9457 3,9779
4,5837 4,6166
5,1771 5,2105
86 14:56
4,4281 4,4605
3,9454 3,9776
4,5830 4,6154
5,1770 5,2104
87 14:57
4,4281 4,4605
3,9445 3,9767
4,5830 4,6151
5,1770 5,2104
88 14:58
4,4280 4,4604
3,9441 3,9763
4,5830 4,6150
5,1772 5,2106
89 14:59
4,4281 4,4605
3,9442 3,9764
4,5830 4,6152
5,1772 5,2106
90 15:00
4,4282 4,4606
3,9441 3,9763
4,5830 4,6152
5,1771 5,2105
91 15:01
4,4295 4,4618
3,9457 3,9779
4,5835 4,6165
5,1768 5,2102
92 15:02
4,4296 4,4619
3,9458 3,9780
4,5830 4,6157
5,1761 5,2095
93 15:03
4,4295 4,4618
3,9458 3,9780
4,5830 4,6147
5,1759 5,2093
94 15:04
4,4288 4,4611
3,9451 3,9773
4,5830 4,6142
5,1763 5,2097
95 15:05
4,4291 4,4614
3,9460 3,9782
4,5830 4,6145
5,1767 5,2101
96 15:06
4,4291 4,4614
3,9474 3,9796
4,5830 4,6144
5,1764 5,2098
97 15:07
4,4291 4,4614
3,9477 3,9799
4,5830 4,6144
5,1767 5,2101
98 15:08
4,4291 4,4614
3,9472 3,9794
4,5830 4,6140
5,1767 5,2101
99 15:09
4,4306 4,4629
3,9484 3,9806
4,5830 4,6158
5,1786 5,2120
100 15:10
4,4301 4,4624
3,9470 3,9792
4,5830 4,6154
5,1769 5,2103
101 15:11
4,4305 4,4628
3,9474 3,9796
4,5830 4,6159
5,1772 5,2106
102 15:12
4,4307 4,4630
3,9472 3,9794
4,5836 4,6166
5,1773 5,2107
103 15:13
4,4307 4,4630
3,9472 3,9794
4,5836 4,6166
5,1759 5,2093
104 15:14
4,4305 4,4628
3,9463 3,9785
4,5834 4,6164
5,1759 5,2093
105 15:15
4,4304 4,4627
3,9468 3,9790
4,5830 4,6155
5,1755 5,2089
106 15:16
4,4305 4,4628
3,9462 3,9784
4,5830 4,6157
5,1756 5,2090
107 15:17
4,4305 4,4628
3,9474 3,9796
4,5830 4,6157
5,1756 5,2090
108 15:18
4,4305 4,4628
3,9476 3,9798
4,5830 4,6158
5,1750 5,2084
109 15:19
4,4305 4,4628
3,9476 3,9798
4,5830 4,6158
5,1750 5,2084
110 15:20
4,4314 4,4637
3,9484 3,9806
4,5831 4,6162
5,1761 5,2095
111 15:21
4,4323 4,4646
3,9481 3,9803
4,5838 4,6169
5,1772 5,2106
112 15:22
4,4323 4,4646
3,9481 3,9803
4,5845 4,6176
5,1765 5,2099
113 15:23
4,4327 4,4650
3,9486 3,9808
4,5844 4,6175
5,1770 5,2104
114 15:24
4,4327 4,4650
3,9492 3,9814
4,5842 4,6173
5,1779 5,2113
115 15:25
4,4327 4,4650
3,9492 3,9814
4,5842 4,6173
5,1776 5,2110
116 15:26
4,4327 4,4650
3,9486 3,9808
4,5847 4,6177
5,1780 5,2114
117 15:27
4,4347 4,4670
3,9501 3,9823
4,5865 4,6195
5,1802 5,2136
118 15:28
4,4347 4,4670
3,9501 3,9823
4,5865 4,6195
5,1802 5,2136
119 15:29
4,4347 4,4670
3,9501 3,9823
4,5868 4,6198
5,1802 5,2136
120 15:30
4,4326 4,4649
3,9482 3,9804
4,5846 4,6176
5,1777 5,2111
121 15:31
4,4326 4,4649
3,9473 3,9795
4,5846 4,6177
5,1778 5,2112
122 15:32
4,4339 4,4662
3,9485 3,9807
4,5861 4,6192
5,1795 5,2129
123 15:33
4,4342 4,4665
3,9487 3,9809
4,5852 4,6183
5,1799 5,2133
124 15:34
4,4339 4,4662
3,9485 3,9807
4,5850 4,6181
5,1787 5,2121
125 15:35
4,4339 4,4662
3,9485 3,9807
4,5847 4,6178
5,1781 5,2115
126 15:36
4,4341 4,4664
3,9471 3,9793
4,5847 4,6178
5,1786 5,2120
127 15:37
4,4344 4,4667
3,9479 3,9801
4,5841 4,6172
5,1790 5,2124
128 15:38
4,4345 4,4668
3,9485 3,9807
4,5834 4,6165
5,1797 5,2131
129 15:39
4,4347 4,4670
3,9490 3,9812
4,5837 4,6168
5,1806 5,2140
130 15:40
4,4344 4,4667
3,9484 3,9806
4,5836 4,6167
5,1817 5,2151
131 15:41
4,4344 4,4667
3,9486 3,9808
4,5833 4,6165
5,1817 5,2151
132 15:42
4,4338 4,4661
3,9469 3,9791
4,5827 4,6159
5,1809 5,2143
133 15:43
4,4339 4,4662
3,9475 3,9797
4,5827 4,6159
5,1811 5,2145
134 15:44
4,4340 4,4663
3,9473 3,9795
4,5826 4,6158
5,1813 5,2147
135 15:45
4,4342 4,4665
3,9468 3,9790
4,5827 4,6159
5,1817 5,2151
136 15:46
4,4343 4,4666
3,9471 3,9793
4,5829 4,6160
5,1826 5,2160
137 15:47
4,4347 4,4670
3,9474 3,9796
4,5831 4,6162
5,1826 5,2160
138 15:48
4,4347 4,4670
3,9474 3,9796
4,5831 4,6162
5,1823 5,2157
139 15:49
4,4350 4,4673
3,9479 3,9801
4,5837 4,6168
5,1827 5,2161
140 15:50
4,4360 4,4683
3,9489 3,9811
4,5846 4,6177
5,1836 5,2170
141 15:51
4,4359 4,4682
3,9488 3,9810
4,5838 4,6169
5,1835 5,2169
142 15:52
4,4351 4,4674
3,9464 3,9786
4,5828 4,6159
5,1825 5,2159
143 15:53
4,4353 4,4676
3,9465 3,9787
4,5829 4,6160
5,1827 5,2161
144 15:54
4,4360 4,4683
3,9463 3,9785
4,5835 4,6166
5,1850 5,2184
145 15:55
4,4361 4,4684
3,9467 3,9789
4,5836 4,6167
5,1852 5,2186
146 15:56
4,4360 4,4683
3,9466 3,9788
4,5836 4,6167
5,1851 5,2185
147 15:57
4,4359 4,4682
3,9466 3,9788
4,5820 4,6151
5,1850 5,2184
148 15:58
4,4361 4,4684
3,9467 3,9789
4,5827 4,6158
5,1841 5,2175
149 15:59
4,4361 4,4684
3,9453 3,9775
4,5827 4,6158
5,1830 5,2164
150 16:00
4,4362 4,4685
3,9463 3,9785
4,5828 4,6159
5,1836 5,2170
151 16:01
4,4362 4,4685
3,9526 3,9848
4,5833 4,6164
5,1838 5,2172
152 16:02
4,4363 4,4686
3,9527 3,9849
4,5834 4,6165
5,1836 5,2170
153 16:03
4,4363 4,4686
3,9527 3,9849
4,5834 4,6165
5,1836 5,2170
154 16:04
4,4363 4,4686
3,9527 3,9849
4,5834 4,6165
5,1817 5,2151
155 16:05
4,4363 4,4686
3,9529 3,9851
4,5834 4,6165
5,1820 5,2154
156 16:06
4,4383 4,4706
3,9547 3,9869
4,5850 4,6181
5,1844 5,2178
157 16:07
4,4383 4,4706
3,9540 3,9862
4,5850 4,6181
5,1844 5,2178
158 16:08
4,4365 4,4688
3,9523 3,9845
4,5831 4,6162
5,1822 5,2156
159 16:09
4,4367 4,4690
3,9513 3,9835
4,5829 4,6160
5,1825 5,2159
160 16:10
4,4367 4,4690
3,9501 3,9823
4,5829 4,6160
5,1833 5,2167
161 16:11
4,4367 4,4690
3,9490 3,9812
4,5828 4,6159
5,1834 5,2168
162 16:12
4,4367 4,4690
3,9504 3,9826
4,5822 4,6153
5,1834 5,2168
163 16:13
4,4370 4,4693
3,9519 3,9841
4,5829 4,6160
5,1838 5,2172
164 16:14
4,4370 4,4693
3,9511 3,9833
4,5833 4,6164
5,1829 5,2163
165 16:15
4,4370 4,4693
3,9500 3,9822
4,5827 4,6158
5,1829 5,2163
166 16:16
4,4370 4,4693
3,9518 3,9840
4,5834 4,6165
5,1838 5,2172
167 16:17
4,4378 4,4701
3,9525 3,9847
4,5840 4,6171
5,1857 5,2191
168 16:18
4,4376 4,4699
3,9530 3,9852
4,5838 4,6169
5,1860 5,2194
169 16:19
4,4380 4,4703
3,9540 3,9862
4,5844 4,6175
5,1864 5,2198
170 16:20
4,4380 4,4703
3,9539 3,9861
4,5844 4,6175
5,1846 5,2180
171 16:21
4,4380 4,4703
3,9519 3,9841
4,5842 4,6173
5,1837 5,2171
172 16:22
4,4380 4,4703
3,9528 3,9850
4,5837 4,6168
5,1839 5,2173
173 16:23
4,4373 4,4696
3,9524 3,9846
4,5831 4,6162
5,1835 5,2169
174 16:24
4,4375 4,4698
3,9507 3,9829
4,5834 4,6165
5,1841 5,2175
175 16:25
4,4375 4,4698
3,9511 3,9833
4,5829 4,6160
5,1841 5,2175
176 16:26
4,4379 4,4702
3,9493 3,9815
4,5822 4,6152
5,1830 5,2164
177 16:27
4,4379 4,4702
3,9488 3,9810
4,5835 4,6165
5,1827 5,2161
178 16:28
4,4392 4,4715
3,9502 3,9824
4,5838 4,6168
5,1840 5,2174
179 16:29
4,4394 4,4717
3,9513 3,9835
4,5836 4,6166
5,1841 5,2175
180 16:30
4,4395 4,4718
3,9511 3,9833
4,5845 4,6175
5,1841 5,2175
181 16:31
4,4395 4,4718
3,9515 3,9837
4,5845 4,6176
5,1841 5,2175
182 16:32
4,4395 4,4718
3,9515 3,9837
4,5855 4,6186
5,1841 5,2175
183 16:33
4,4384 4,4707
3,9506 3,9828
4,5843 4,6174
5,1830 5,2164
184 16:34
4,4382 4,4705
3,9528 3,9850
4,5841 4,6172
5,1825 5,2159
185 16:35
4,4369 4,4692
3,9496 3,9818
4,5843 4,6174
5,1811 5,2145
186 16:36
4,4383 4,4706
3,9515 3,9837
4,5861 4,6192
5,1828 5,2162
187 16:37
4,4376 4,4699
3,9516 3,9838
4,5854 4,6185
5,1818 5,2152
188 16:38
4,4384 4,4707
3,9520 3,9842
4,5868 4,6199
5,1827 5,2161
189 16:39
4,4386 4,4709
3,9517 3,9839
4,5876 4,6207
5,1829 5,2163
190 16:40
4,4386 4,4709
3,9518 3,9840
4,5875 4,6206
5,1830 5,2164
191 16:41
4,4390 4,4713
3,9509 3,9831
4,5876 4,6207
5,1834 5,2168
192 16:42
4,4390 4,4713
3,9520 3,9842
4,5881 4,6212
5,1834 5,2168
193 16:43
4,4392 4,4715
3,9514 3,9836
4,5883 4,6214
5,1824 5,2158
194 16:44
4,4390 4,4713
3,9512 3,9834
4,5895 4,6226
5,1822 5,2156
195 16:45
4,4396 4,4719
3,9518 3,9840
4,5894 4,6225
5,1829 5,2163
196 16:46
4,4396 4,4719
3,9509 3,9831
4,5894 4,6225
5,1835 5,2169
197 16:47
4,4396 4,4719
3,9511 3,9833
4,5890 4,6221
5,1832 5,2166
198 16:48
4,4396 4,4719
3,9514 3,9836
4,5892 4,6223
5,1829 5,2163
199 16:49
4,4388 4,4711
3,9509 3,9831
4,5891 4,6222
5,1823 5,2157
200 16:50
4,4388 4,4711
3,9497 3,9819
4,5891 4,6222
5,1823 5,2157
201 16:51
4,4388 4,4711
3,9495 3,9817
4,5891 4,6222
5,1823 5,2157
202 16:52
4,4388 4,4711
3,9488 3,9810
4,5900 4,6231
5,1823 5,2157
203 16:53
4,4388 4,4711
3,9486 3,9808
4,5895 4,6226
5,1823 5,2157
204 16:54
4,4388 4,4711
3,9486 3,9808
4,5893 4,6224
5,1821 5,2155
205 16:55
4,4382 4,4705
3,9482 3,9804
4,5894 4,6225
5,1816 5,2150
206 16:56
4,4382 4,4705
3,9482 3,9804
4,5892 4,6223
5,1816 5,2150
207 16:57
4,4383 4,4706
3,9480 3,9802
4,5893 4,6224
5,1817 5,2151
208 16:58
4,4385 4,4708
3,9473 3,9795
4,5890 4,6221
5,1810 5,2144
209 16:59
4,4384 4,4707
3,9472 3,9794
4,5901 4,6232
5,1809 5,2143
210 17:00
4,4390 4,4713
3,9477 3,9799
4,5907 4,6238
5,1826 5,2160
211 17:01
4,4390 4,4713
3,9484 3,9806
4,5907 4,6238
5,1831 5,2165
212 17:02
4,4386 4,4709
3,9481 3,9803
4,5911 4,6242
5,1835 5,2169
213 17:03
4,4386 4,4709
3,9481 3,9803
4,5901 4,6232
5,1835 5,2169
214 17:04
4,4384 4,4707
3,9480 3,9802
4,5896 4,6227
5,1827 5,2161
215 17:05
4,4384 4,4707
3,9480 3,9802
4,5896 4,6227
5,1830 5,2164
216 17:06
4,4380 4,4703
3,9488 3,9810
4,5869 4,6200
5,1826 5,2160
217 17:07
4,4383 4,4706
3,9487 3,9809
4,5871 4,6202
5,1829 5,2163
218 17:08
4,4383 4,4706
3,9482 3,9804
4,5859 4,6190
5,1829 5,2163
219 17:09
4,4383 4,4706
3,9475 3,9797
4,5859 4,6190
5,1829 5,2163
220 17:10
4,4364 4,4687
3,9465 3,9787
4,5840 4,6171
5,1797 5,2131
221 17:11
4,4367 4,4690
3,9464 3,9786
4,5831 4,6162
5,1808 5,2142
222 17:12
4,4365 4,4688
3,9458 3,9780
4,5831 4,6162
5,1805 5,2139
223 17:13
4,4365 4,4688
3,9456 3,9778
4,5828 4,6159
5,1805 5,2139
224 17:14
4,4365 4,4688
3,9453 3,9775
4,5828 4,6159
5,1805 5,2139
225 17:15
4,4365 4,4688
3,9465 3,9787
4,5824 4,6155
5,1805 5,2139
226 17:16
4,4369 4,4692
3,9470 3,9792
4,5830 4,6161
5,1809 5,2143
227 17:17
4,4368 4,4691
3,9470 3,9792
4,5832 4,6163
5,1811 5,2145
228 17:18
4,4366 4,4689
3,9466 3,9788
4,5830 4,6161
5,1809 5,2143
229 17:19
4,4366 4,4689
3,9468 3,9790
4,5825 4,6156
5,1809 5,2143
230 17:20
4,4366 4,4689
3,9468 3,9790
4,5825 4,6156
5,1809 5,2143
231 17:21
4,4361 4,4684
3,9460 3,9782
4,5815 4,6146
5,1802 5,2136
232 17:22
4,4361 4,4684
3,9460 3,9782
4,5815 4,6146
5,1810 5,2144
233 17:23
4,4361 4,4684
3,9466 3,9788
4,5820 4,6151
5,1813 5,2147
234 17:24
4,4361 4,4684
3,9469 3,9791
4,5822 4,6153
5,1813 5,2147
235 17:25
4,4361 4,4684
3,9471 3,9793
4,5822 4,6153
5,1816 5,2150
236 17:26
4,4361 4,4684
3,9471 3,9793
4,5815 4,6146
5,1816 5,2150
237 17:27
4,4361 4,4684
3,9462 3,9784
4,5806 4,6137
5,1813 5,2147
238 17:28
4,4361 4,4684
3,9464 3,9786
4,5806 4,6137
5,1807 5,2141
239 17:29
4,4361 4,4684
3,9471 3,9793
4,5801 4,6132
5,1806 5,2140
240 17:30
4,4361 4,4684
3,9469 3,9791
4,5802 4,6133
5,1806 5,2140
241 17:31
4,4361 4,4684
3,9464 3,9786
4,5806 4,6137
5,1815 5,2149
242 17:32
4,4352 4,4675
3,9456 3,9778
4,5797 4,6128
5,1802 5,2136
243 17:33
4,4352 4,4675
3,9461 3,9783
4,5796 4,6127
5,1795 5,2129
244 17:34
4,4349 4,4672
3,9452 3,9774
4,5793 4,6124
5,1799 5,2133
245 17:35
4,4349 4,4672
3,9451 3,9773
4,5792 4,6123
5,1792 5,2126
246 17:36
4,4349 4,4672
3,9451 3,9773
4,5792 4,6123
5,1792 5,2126
247 17:37
4,4349 4,4672
3,9445 3,9769
4,5792 4,6123
5,1790 5,2124
248 17:38
4,4348 4,4671
3,9447 3,9769
4,5791 4,6122
5,1785 5,2119
249 17:39
4,4348 4,4671
3,9444 3,9768
4,5797 4,6128
5,1785 5,2119
250 17:40
4,4348 4,4671
3,9450 3,9772
4,5797 4,6128
5,1785 5,2119
251 17:41
4,4348 4,4671
3,9449 3,9772
4,5797 4,6132
5,1785 5,2119
252 17:42
4,4352 4,4675
3,9454 3,9776
4,5808 4,6139
5,1790 5,2124
253 17:43
4,4347 4,4670
3,9455 3,9777
4,5799 4,6130
5,1784 5,2118
254 17:44
4,4347 4,4670
3,9455 3,9777
4,5799 4,6130
5,1769 5,2103
255 17:45
4,4347 4,4670
3,9455 3,9777
4,5799 4,6130
5,1769 5,2103
256 17:46
4,4346 4,4669
3,9454 3,9776
4,5802 4,6133
5,1768 5,2102
257 17:47
4,4339 4,4662
3,9453 3,9775
4,5795 4,6126
5,1759 5,2093
258 17:48
4,4339 4,4662
3,9456 3,9778
4,5786 4,6117
5,1760 5,2094
259 17:49
4,4332 4,4655
3,9448 3,9770
4,5771 4,6102
5,1751 5,2085
260 17:50
4,4333 4,4656
3,9451 3,9773
4,5772 4,6103
5,1753 5,2087
261 17:51
4,4333 4,4656
3,9446 3,9768
4,5777 4,6108
5,1759 5,2093
262 17:52
4,4333 4,4656
3,9446 3,9768
4,5782 4,6113
5,1759 5,2093
263 17:53
4,4333 4,4656
3,9446 3,9768
4,5782 4,6113
5,1759 5,2093
264 17:54
4,4333 4,4656
3,9446 3,9768
4,5782 4,6113
5,1756 5,2090
265 17:55
4,4334 4,4657
3,9447 3,9769
4,5783 4,6114
5,1760 5,2094
266 17:56
4,4343 4,4666
3,9454 3,9776
4,5792 4,6123
5,1776 5,2110
267 17:57
4,4344 4,4667
3,9456 3,9778
4,5793 4,6124
5,1778 5,2112
268 17:58
4,4346 4,4669
3,9457 3,9779
4,5795 4,6126
5,1771 5,2105
269 17:59
4,4348 4,4671
3,9463 3,9785
4,5798 4,6129
5,1782 5,2116
270 18:00
4,4356 4,4682
3,9473 3,9798
4,5806 4,6144
5,1790 5,2128
271 18:01
4,4358 4,4687
3,9468 3,9800
4,5817 4,6154
5,1799 5,2135
272 18:02
4,4361 4,4688
3,9474 3,9804
4,5825 4,6160
5,1792 5,2130
273 18:03
4,4362 4,4690
3,9470 3,9798
4,5821 4,6157
5,1793 5,2132
274 18:04
4,4362 4,4690
3,9471 3,9802
4,5821 4,6159
5,1793 5,2132
275 18:05
4,4360 4,4687
3,9459 3,9789
4,5819 4,6154
5,1785 5,2124
276 18:06
4,4361 4,4687
3,9464 3,9793
4,5820 4,6154
5,1792 5,2129
277 18:07
4,4362 4,4691
3,9468 3,9798
4,5821 4,6158
5,1797 5,2138
278 18:08
4,4361 4,4688
3,9463 3,9793
4,5820 4,6155
5,1798 5,2136
279 18:09
4,4361 4,4688
3,9471 3,9802
4,5820 4,6155
5,1792 5,2130
280 18:10
4,4360 4,4687
3,9477 3,9804
4,5819 4,6154
5,1791 5,2125
281 18:11
4,4361 4,4686
3,9481 3,9809
4,5825 4,6158
5,1792 5,2126
282 18:12
4,4359 4,4684
3,9475 3,9801
4,5823 4,6160
5,1789 5,2125
283 18:13
4,4379 4,4704
3,9494 3,9822
4,5840 4,6173
5,1821 5,2158
284 18:14
4,4366 4,4691
3,9479 3,9807
4,5821 4,6158
5,1797 5,2133
285 18:15
4,4368 4,4691
3,9479 3,9802
4,5825 4,6156
5,1800 5,2134
286 18:16
4,4363 4,4686
3,9474 3,9796
4,5815 4,6146
5,1792 5,2126
287 18:17
4,4365 4,4688
3,9467 3,9789
4,5810 4,6141
5,1794 5,2128
288 18:18
4,4366 4,4689
3,9469 3,9791
4,5809 4,6140
5,1792 5,2126
289 18:19
4,4364 4,4687
3,9472 3,9795
4,5808 4,6139
5,1789 5,2123
290 18:20
4,4366 4,4689
3,9478 3,9801
4,5804 4,6135
5,1792 5,2126
291 18:21
4,4367 4,4690
3,9473 3,9795
4,5807 4,6138
5,1798 5,2132
292 18:22
4,4365 4,4688
3,9467 3,9789
4,5805 4,6136
5,1796 5,2130
293 18:23
4,4367 4,4690
3,9470 3,9795
4,5802 4,6133
5,1792 5,2126
294 18:24
4,4366 4,4690
3,9471 3,9796
4,5796 4,6127
5,1797 5,2132
295 18:25
4,4364 4,4687
3,9470 3,9797
4,5795 4,6126
5,1798 5,2132
296 18:26
4,4367 4,4690
3,9473 3,9795
4,5802 4,6133
5,1805 5,2139
297 18:27
4,4368 4,4691
3,9474 3,9796
4,5801 4,6132
5,1796 5,2130
298 18:28
4,4368 4,4691
3,9470 3,9794
4,5798 4,6129
5,1789 5,2123
299 18:29
4,4365 4,4688
3,9472 3,9797
4,5798 4,6130
5,1784 5,2118
300 18:30
4,4362 4,4685
3,9471 3,9793
4,5797 4,6128
5,1777 5,2111
301 18:31
4,4364 4,4687
3,9478 3,9802
4,5800 4,6131
5,1777 5,2111
302 18:32
4,4362 4,4685
3,9477 3,9802
4,5798 4,6129
5,1778 5,2112
303 18:33
4,4365 4,4688
3,9478 3,9803
4,5805 4,6136
5,1784 5,2118
304 18:34
4,4363 4,4686
3,9479 3,9801
4,5807 4,6138
5,1787 5,2121
305 18:35
4,4364 4,4687
3,9481 3,9803
4,5814 4,6145
5,1798 5,2132
306 18:36
4,4365 4,4688
3,9482 3,9804
4,5815 4,6146
5,1797 5,2131
307 18:37
4,4366 4,4689
3,9475 3,9797
4,5821 4,6152
5,1804 5,2138
308 18:38
4,4367 4,4690
3,9476 3,9798
4,5826 4,6157
5,1806 5,2140
309 18:39
4,4364 4,4687
3,9476 3,9798
4,5823 4,6154
5,1806 5,2140
310 18:40
4,4365 4,4688
3,9478 3,9802
4,5824 4,6155
5,1808 5,2142
311 18:41
4,4366 4,4689
3,9476 3,9801
4,5825 4,6156
5,1809 5,2143
312 18:42
4,4366 4,4689
3,9471 3,9797
4,5825 4,6156
5,1809 5,2143
313 18:43
4,4367 4,4691
3,9469 3,9796
4,5826 4,6157
5,1807 5,2141
314 18:44
4,4361 4,4684
3,9464 3,9791
4,5815 4,6146
5,1803 5,2137
315 18:45
4,4361 4,4684
3,9463 3,9789
4,5815 4,6146
5,1802 5,2136
316 18:46
4,4361 4,4684
3,9463 3,9789
4,5815 4,6146
5,1800 5,2134
317 18:47
4,4363 4,4686
3,9468 3,9794
4,5817 4,6148
5,1799 5,2133
318 18:48
4,4363 4,4686
3,9469 3,9796
4,5817 4,6148
5,1800 5,2134
319 18:49
4,4365 4,4689
3,9467 3,9792
4,5819 4,6150
5,1795 5,2129
320 18:50
4,4364 4,4688
3,9458 3,9786
4,5818 4,6149
5,1789 5,2124
321 18:51
4,4364 4,4688
3,9458 3,9786
4,5809 4,6144
5,1789 5,2124
322 18:52
4,4363 4,4686
3,9461 3,9785
4,5813 4,6144
5,1786 5,2120
323 18:53
4,4364 4,4688
3,9458 3,9782
4,5813 4,6145
5,1788 5,2122
324 18:54
4,4362 4,4685
3,9453 3,9777
4,5807 4,6142
5,1787 5,2121
325 18:55
4,4363 4,4687
3,9453 3,9781
4,5812 4,6143
5,1788 5,2123
326 18:56
4,4361 4,4684
3,9457 3,9784
4,5811 4,6142
5,1785 5,2119
327 18:57
4,4364 4,4687
3,9464 3,9788
4,5809 4,6140
5,1790 5,2124
328 18:58
4,4362 4,4687
3,9462 3,9787
4,5813 4,6145
5,1785 5,2119
329 18:59
4,4362 4,4685
3,9464 3,9788
4,5812 4,6143
5,1787 5,2121
330 19:00
4,4363 4,4687
3,9464 3,9788
4,5813 4,6149
5,1791 5,2126
331 19:01
4,4363 4,4687
3,9468 3,9792
4,5817 4,6148
5,1793 5,2127
332 19:02
4,4361 4,4684
3,9468 3,9791
4,5811 4,6142
5,1795 5,2129
333 19:03
4,4364 4,4689
3,9477 3,9802
4,5810 4,6143
5,1803 5,2138
334 19:04
4,4365 4,4690
3,9485 3,9810
4,5810 4,6143
5,1796 5,2132
335 19:05
4,4367 4,4692
3,9483 3,9811
4,5812 4,6145
5,1802 5,2136
336 19:06
4,4369 4,4693
3,9491 3,9816
4,5813 4,6150
5,1801 5,2136
337 19:07
4,4371 4,4695
3,9492 3,9820
4,5815 4,6152
5,1803 5,2138
338 19:08
4,4366 4,4692
3,9498 3,9824
4,5811 4,6145
5,1803 5,2139
339 19:09
4,4367 4,4693
3,9499 3,9829
4,5812 4,6146
5,1799 5,2136
340 19:10
4,4366 4,4693
3,9500 3,9830
4,5808 4,6142
5,1798 5,2136
341 19:11
4,4367 4,4692
3,9501 3,9830
4,5809 4,6141
5,1803 5,2137
342 19:12
4,4366 4,4693
3,9500 3,9831
4,5808 4,6142
5,1798 5,2137
343 19:13
4,4368 4,4694
3,9500 3,9830
4,5813 4,6147
5,1800 5,2137
344 19:14
4,4368 4,4694
3,9500 3,9830
4,5813 4,6147
5,1799 5,2135
345 19:15
4,4366 4,4694
3,9503 3,9834
4,5811 4,6147
5,1797 5,2135
346 19:16
4,4366 4,4693
3,9507 3,9838
4,5811 4,6150
5,1804 5,2142
347 19:17
4,4368 4,4696
3,9512 3,9843
4,5813 4,6149
5,1808 5,2145
348 19:18
4,4367 4,4694
3,9511 3,9841
4,5813 4,6153
5,1812 5,2147
349 19:19
4,4369 4,4695
3,9512 3,9838
4,5817 4,6152
5,1807 5,2144
350 19:20
4,4368 4,4695
3,9512 3,9842
4,5814 4,6154
5,1804 5,2139
351 19:21
4,4368 4,4693
3,9511 3,9838
4,5818 4,6151
5,1806 5,2140
352 19:22
4,4369 4,4695
3,9508 3,9838
4,5819 4,6153
5,1801 5,2138
353 19:23
4,4367 4,4694
3,9512 3,9839
4,5818 4,6154
5,1805 5,2139
354 19:24
4,4367 4,4694
3,9505 3,9832
4,5813 4,6152
5,1799 5,2137
355 19:25
4,4369 4,4697
3,9508 3,9836
4,5819 4,6155
5,1801 5,2140
356 19:26
4,4364 4,4692
3,9501 3,9831
4,5814 4,6150
5,1795 5,2134
357 19:27
4,4367 4,4695
3,9503 3,9833
4,5817 4,6153
5,1799 5,2138
358 19:28
4,4366 4,4694
3,9496 3,9827
4,5811 4,6147
5,1791 5,2130
359 19:29
4,4367 4,4694
3,9497 3,9827
4,5810 4,6147
5,1799 5,2137
360 19:30
4,4367 4,4694
3,9498 3,9825
4,5809 4,6143
5,1793 5,2131
361 19:31
4,4365 4,4692
3,9496 3,9823
4,5807 4,6141
5,1790 5,2128
362 19:32
4,4367 4,4693
3,9496 3,9822
4,5812 4,6146
5,1798 5,2134
363 19:33
4,4369 4,4696
3,9492 3,9823
4,5811 4,6145
5,1795 5,2133
364 19:34
4,4367 4,4695
3,9490 3,9821
4,5808 4,6148
5,1793 5,2132
365 19:35
4,4371 4,4699
3,9485 3,9813
4,5807 4,6147
5,1797 5,2136
366 19:36
4,4368 4,4699
3,9484 3,9815
4,5810 4,6148
5,1801 5,2144
367 19:37
4,4368 4,4699
3,9491 3,9822
4,5813 4,6152
5,1800 5,2142
368 19:38
4,4368 4,4699
3,9491 3,9826
4,5809 4,6152
5,1801 5,2144
369 19:39
4,4368 4,4699
3,9491 3,9822
4,5813 4,6152
5,1801 5,2144
370 19:40
4,4368 4,4699
3,9494 3,9824
4,5813 4,6152
5,1807 5,2144
371 19:41
4,4368 4,4699
3,9494 3,9828
4,5813 4,6152
5,1800 5,2142
372 19:42
4,4366 4,4697
3,9492 3,9826
4,5811 4,6150
5,1804 5,2140
373 19:43
4,4366 4,4698
3,9489 3,9824
4,5806 4,6147
5,1797 5,2142
374 19:44
4,4366 4,4698
3,9491 3,9823
4,5811 4,6151
5,1796 5,2140
375 19:45
4,4366 4,4698
3,9485 3,9820
4,5811 4,6151
5,1796 5,2140
376 19:46
4,4366 4,4698
3,9489 3,9820
4,5807 4,6150
5,1797 5,2142
377 19:47
4,4366 4,4698
3,9489 3,9820
4,5806 4,6145
5,1790 5,2134
378 19:48
4,4366 4,4698
3,9489 3,9820
4,5806 4,6145
5,1796 5,2140
379 19:49
4,4366 4,4698
3,9482 3,9815
4,5806 4,6145
5,1796 5,2140
380 19:50
4,4366 4,4697
3,9478 3,9812
4,5808 4,6146
5,1797 5,2141
381 19:51
4,4366 4,4698
3,9484 3,9816
4,5806 4,6146
5,1797 5,2140
382 19:52
4,4366 4,4698
3,9485 3,9820
4,5806 4,6145
5,1796 5,2140
383 19:53
4,4366 4,4698
3,9489 3,9820
4,5806 4,6145
5,1796 5,2140
384 19:54
4,4366 4,4698
3,9489 3,9824
4,5811 4,6151
5,1796 5,2136
385 19:55
4,4365 4,4696
3,9488 3,9822
4,5810 4,6149
5,1797 5,2140
386 19:56
4,4365 4,4696
3,9488 3,9822
4,5810 4,6153
5,1791 5,2134
387 19:57
4,4366 4,4698
3,9489 3,9824
4,5810 4,6155
5,1790 5,2134
388 19:58
4,4366 4,4698
3,9485 3,9820
4,5811 4,6155
5,1796 5,2140
389 19:59
4,4366 4,4698
3,9485 3,9820
4,5811 4,6151
5,1790 5,2134
390 20:00
4,4366 4,4698
3,9485 3,9818
4,5811 4,6151
5,1784 5,2128
391 20:01
4,4366 4,4698
3,9484 3,9816
4,5811 4,6151
5,1788 5,2129
392 20:02
4,4366 4,4698
3,9482 3,9817
4,5811 4,6151
5,1790 5,2128
393 20:03
4,4366 4,4698
3,9485 3,9820
4,5811 4,6151
5,1790 5,2132
394 20:04
4,4366 4,4698
3,9489 3,9820
4,5811 4,6151
5,1790 5,2134
395 20:05
4,4366 4,4698
3,9489 3,9820
4,5811 4,6151
5,1790 5,2134
396 20:06
4,4366 4,4698
3,9489 3,9824
4,5811 4,6151
5,1784 5,2128
397 20:07
4,4366 4,4698
3,9489 3,9824
4,5811 4,6151
5,1790 5,2134
398 20:08
4,4366 4,4698
3,9489 3,9820
4,5811 4,6151
5,1790 5,2134
399 20:09
4,4366 4,4698
3,9489 3,9820
4,5811 4,6151
5,1790 5,2134
400 20:10
4,4356 4,4690
3,9482 3,9816
4,5801 4,6143
5,1779 5,2126
401 20:11
4,4359 4,4691
3,9482 3,9816
4,5799 4,6139
5,1782 5,2126
402 20:12
4,4359 4,4691
3,9483 3,9814
4,5798 4,6143
5,1782 5,2126
403 20:13
4,4358 4,4689
3,9478 3,9812
4,5799 4,6139
5,1789 5,2128
404 20:14
4,4359 4,4691
3,9483 3,9814
4,5799 4,6139
5,1788 5,2126
405 20:15
4,4359 4,4691
3,9483 3,9814
4,5799 4,6139
5,1788 5,2132
406 20:16
4,4359 4,4691
3,9482 3,9816
4,5799 4,6139
5,1788 5,2132
407 20:17
4,4358 4,4689
3,9482 3,9816
4,5798 4,6137
5,1795 5,2138
408 20:18
4,4359 4,4691
3,9482 3,9816
4,5799 4,6139
5,1794 5,2138
409 20:19
4,4355 4,4690
3,9483 3,9817
4,5795 4,6138
5,1790 5,2138
410 20:20
4,4359 4,4691
3,9486 3,9817
4,5799 4,6139
5,1794 5,2138
411 20:21
4,4359 4,4691
3,9486 3,9817
4,5798 4,6143
5,1788 5,2132
412 20:22
4,4359 4,4691
3,9486 3,9821
4,5799 4,6139
5,1788 5,2132
413 20:23
4,4359 4,4691
3,9485 3,9817
4,5799 4,6139
5,1789 5,2134
414 20:24
4,4359 4,4691
3,9486 3,9817
4,5799 4,6139
5,1782 5,2126
415 20:25
4,4359 4,4691
3,9486 3,9817
4,5799 4,6139
5,1788 5,2132
416 20:26
4,4359 4,4691
3,9483 3,9814
4,5799 4,6139
5,1788 5,2132
417 20:27
4,4337 4,4717
3,9462 3,9836
4,5776 4,6165
5,1763 5,2163
418 20:28
4,4359 4,4691
3,9483 3,9814
4,5799 4,6139
5,1784 5,2126
419 20:29
4,4359 4,4691
3,9479 3,9814
4,5799 4,6139
5,1788 5,2126
420 20:30
4,4359 4,4691
3,9475 3,9809
4,5799 4,6139
5,1782 5,2126
421 20:31
4,4359 4,4691
3,9476 3,9807
4,5799 4,6139
5,1789 5,2134
422 20:32
4,4359 4,4691
3,9472 3,9807
4,5799 4,6139
5,1776 5,2120
423 20:33
4,4359 4,4691
3,9472 3,9803
4,5799 4,6139
5,1776 5,2120
424 20:34
4,4359 4,4691
3,9472 3,9807
4,5799 4,6139
5,1782 5,2126
425 20:35
4,4359 4,4691
3,9475 3,9809
4,5790 4,6134
5,1776 5,2120
426 20:36
4,4359 4,4691
3,9479 3,9814
4,5789 4,6130
5,1776 5,2120
427 20:37
4,4338 4,4717
3,9464 3,9840
4,5768 4,6161
5,1751 5,2153
428 20:38
4,4338 4,4717
3,9465 3,9838
4,5774 4,6162
5,1747 5,2145
429 20:39
4,4338 4,4717
3,9461 3,9838
4,5774 4,6162
5,1747 5,2145
430 20:40
4,4338 4,4717
3,9461 3,9838
4,5774 4,6162
5,1751 5,2145
431 20:41
4,4332 4,4719
3,9459 3,9840
4,5768 4,6164
5,1741 5,2148
432 20:42
4,4358 4,4692
3,9478 3,9815
4,5793 4,6134
5,1769 5,2115
433 20:43
4,4358 4,4692
3,9478 3,9815
4,5793 4,6134
5,1769 5,2115
434 20:44
4,4336 4,4720
3,9461 3,9839
4,5766 4,6164
5,1744 5,2149
435 20:45
4,4336 4,4720
3,9461 3,9839
4,5770 4,6163
5,1744 5,2149
436 20:46
4,4336 4,4720
3,9461 3,9839
4,5770 4,6163
5,1744 5,2149
437 20:47
4,4336 4,4719
3,9455 3,9835
4,5772 4,6164
5,1744 5,2148
438 20:48
4,4364 4,4694
3,9480 3,9813
4,5799 4,6136
5,1783 5,2117
439 20:49
4,4361 4,4695
3,9477 3,9810
4,5796 4,6137
5,1779 5,2126
440 20:50
4,4361 4,4695
3,9477 3,9810
4,5796 4,6137
5,1779 5,2126
441 20:51
4,4361 4,4695
3,9477 3,9810
4,5796 4,6137
5,1779 5,2126
442 20:52
4,4333 4,4723
3,9452 3,9835
4,5767 4,6166
5,1748 5,2157
443 20:53
4,4333 4,4723
3,9452 3,9835
4,5767 4,6166
5,1748 5,2157
444 20:54
4,4333 4,4723
3,9448 3,9834
4,5767 4,6166
5,1753 5,2158
445 20:55
4,4333 4,4723
3,9452 3,9835
4,5768 4,6172
5,1748 5,2157
446 20:56
4,4333 4,4723
3,9452 3,9839
4,5777 4,6177
5,1747 5,2154
447 20:57
4,4333 4,4723
3,9459 3,9846
4,5782 4,6182
5,1748 5,2157
448 20:58
4,4334 4,4722
3,9457 3,9841
4,5778 4,6176
5,1749 5,2156
449 20:59
4,4369 4,4704
3,9491 3,9829
4,5819 4,6162
5,1789 5,2135
450 21:00
4,4368 4,4705
3,9487 3,9827
4,5814 4,6164
5,1783 5,2132
451 21:01
4,4371 4,4707
3,9489 3,9827
4,5821 4,6165
5,1783 5,2129
452 21:02
4,4370 4,4705
3,9492 3,9830
4,5816 4,6163
5,1785 5,2132
453 21:03
4,4370 4,4706
3,9496 3,9833
4,5820 4,6164
5,1783 5,2131
454 21:04
4,4371 4,4707
3,9500 3,9835
4,5820 4,6169
5,1779 5,2128
455 21:05
4,4371 4,4707
3,9500 3,9839
4,5821 4,6165
5,1786 5,2129
456 21:06
4,4340 4,4726
3,9475 3,9855
4,5789 4,6189
5,1742 5,2148
457 21:07
4,4340 4,4726
3,9475 3,9855
4,5789 4,6185
5,1746 5,2152
458 21:08
4,4340 4,4726
3,9476 3,9859
4,5789 4,6185
5,1748 5,2154
459 21:09
4,4340 4,4726
3,9480 3,9859
4,5789 4,6189
5,1748 5,2154
460 21:10
4,4340 4,4726
3,9475 3,9855
4,5789 4,6185
5,1748 5,2154
461 21:11
4,4340 4,4726
3,9475 3,9855
4,5789 4,6185
5,1748 5,2154
462 21:12
4,4370 4,4705
3,9504 3,9841
4,5825 4,6168
5,1785 5,2132
463 21:13
4,4371 4,4707
3,9503 3,9841
4,5826 4,6170
5,1785 5,2134
464 21:14
4,4371 4,4707
3,9500 3,9835
4,5821 4,6165
5,1785 5,2134
465 21:15
4,4370 4,4705
3,9499 3,9833
4,5820 4,6163
5,1785 5,2132
466 21:16
4,4370 4,4706
3,9495 3,9833
4,5820 4,6164
5,1790 5,2133
467 21:17
4,4340 4,4726
3,9468 3,9848
4,5785 4,6184
5,1753 5,2161
468 21:18
4,4340 4,4726
3,9468 3,9848
4,5784 4,6180
5,1754 5,2160
469 21:19
4,4340 4,4726
3,9465 3,9847
4,5780 4,6180
5,1748 5,2154
470 21:20
4,4339 4,4726
3,9465 3,9849
4,5779 4,6180
5,1749 5,2155
471 21:21
4,4339 4,4726
3,9468 3,9852
4,5783 4,6180
5,1749 5,2155
472 21:22
4,4371 4,4707
3,9496 3,9834
4,5816 4,6160
5,1785 5,2134
473 21:23
4,4368 4,4705
3,9501 3,9837
4,5813 4,6159
5,1783 5,2132
474 21:24
4,4369 4,4706
3,9500 3,9839
4,5815 4,6164
5,1783 5,2133
475 21:25
4,4369 4,4707
3,9501 3,9841
4,5814 4,6160
5,1783 5,2134
476 21:26
4,4369 4,4707
3,9501 3,9841
4,5814 4,6160
5,1783 5,2134
477 21:27
4,4369 4,4706
3,9503 3,9842
4,5816 4,6160
5,1789 5,2139
478 21:28
4,4369 4,4707
3,9502 3,9839
4,5819 4,6165
5,1789 5,2140
479 21:29
4,4369 4,4707
3,9501 3,9841
4,5819 4,6165
5,1789 5,2140
480 21:30
4,4369 4,4708
3,9502 3,9840
4,5819 4,6166
5,1790 5,2143
481 21:31
4,4370 4,4707
3,9503 3,9839
4,5820 4,6165
5,1790 5,2140
482 21:32
4,4370 4,4707
3,9504 3,9843
4,5821 4,6171
5,1790 5,2140
483 21:33
4,4349 4,4734
3,9485 3,9864
4,5803 4,6198
5,1765 5,2171
484 21:34
4,4350 4,4733
3,9485 3,9865
4,5800 4,6197
5,1768 5,2171
485 21:35
4,4350 4,4733
3,9489 3,9865
4,5800 4,6197
5,1768 5,2171
486 21:36
4,4370 4,4707
3,9504 3,9843
4,5821 4,6171
5,1790 5,2140
487 21:37
4,4369 4,4708
3,9503 3,9844
4,5820 4,6172
5,1790 5,2139
488 21:38
4,4369 4,4708
3,9503 3,9844
4,5819 4,6166
5,1785 5,2136
489 21:39
4,4369 4,4708
3,9503 3,9844
4,5819 4,6166
5,1789 5,2141
490 21:40
4,4345 4,4733
3,9481 3,9862
4,5793 4,6196
5,1762 5,2169
491 21:41
4,4345 4,4733
3,9480 3,9864
4,5793 4,6196
5,1760 5,2168
492 21:42
4,4345 4,4732
3,9484 3,9864
4,5799 4,6196
5,1769 5,2176
493 21:43
4,4345 4,4733
3,9483 3,9865
4,5799 4,6197
5,1763 5,2169
494 21:44
4,4345 4,4733
3,9488 3,9869
4,5799 4,6197
5,1768 5,2175
495 21:45
4,4345 4,4732
3,9488 3,9872
4,5795 4,6197
5,1768 5,2174
496 21:46
4,4345 4,4732
3,9488 3,9868
4,5799 4,6196
5,1768 5,2174
497 21:47
4,4345 4,4732
3,9488 3,9872
4,5799 4,6196
5,1769 5,2176
498 21:48
4,4345 4,4732
3,9492 3,9873
4,5799 4,6196
5,1762 5,2168
499 21:49
4,4344 4,4728
3,9491 3,9868
4,5801 4,6196
5,1766 5,2165
500 21:50
4,4344 4,4728
3,9489 3,9867
4,5802 4,6195
5,1759 5,2163
501 21:51
4,4369 4,4708
3,9509 3,9847
4,5825 4,6177
5,1789 5,2141
502 21:52
4,4367 4,4706
3,9505 3,9846
4,5822 4,6169
5,1784 5,2136
503 21:53
4,4367 4,4706
3,9503 3,9841
4,5817 4,6164
5,1781 5,2133
504 21:54
4,4362 4,4708
3,9502 3,9846
4,5817 4,6171
5,1773 5,2129
505 21:55
4,4368 4,4708
3,9504 3,9846
4,5823 4,6171
5,1776 5,2129
506 21:56
4,4370 4,4707
3,9513 3,9849
4,5825 4,6170
5,1784 5,2134
507 21:57
4,4369 4,4706
3,9514 3,9849
4,5827 4,6175
5,1777 5,2127
508 21:58
4,4367 4,4708
3,9512 3,9855
4,5823 4,6173
5,1773 5,2133
509 21:59
4,4367 4,4708
3,9516 3,9855
4,5827 4,6176
5,1781 5,2135
510 22:00
4,4354 4,4696
3,9502 3,9846
4,5817 4,6167
5,1764 5,2116
511 22:01
4,4355 4,4696
3,9505 3,9848
4,5819 4,6168
5,1761 5,2116
512 22:02
4,4356 4,4695
3,9508 3,9846
4,5824 4,6168
5,1766 5,2115
513 22:03
4,4357 4,4697
3,9509 3,9848
4,5810 4,6163
5,1763 5,2116
514 22:04
4,4357 4,4696
3,9509 3,9847
4,5816 4,6163
5,1763 5,2115
515 22:05
4,4357 4,4696
3,9509 3,9847
4,5816 4,6163
5,1763 5,2115
516 22:06
4,4358 4,4698
3,9509 3,9851
4,5817 4,6165
5,1764 5,2111
517 22:07
4,4358 4,4698
3,9509 3,9847
4,5817 4,6165
5,1764 5,2117
518 22:08
4,4357 4,4696
3,9509 3,9847
4,5816 4,6163
5,1767 5,2119
519 22:09
4,4357 4,4698
3,9510 3,9853
4,5816 4,6165
5,1763 5,2117
520 22:10
4,4357 4,4698
3,9510 3,9849
4,5816 4,6165
5,1763 5,2117
521 22:11
4,4358 4,4700
3,9509 3,9849
4,5817 4,6167
5,1764 5,2119
522 22:12
4,4357 4,4700
3,9510 3,9855
4,5816 4,6167
5,1764 5,2121
523 22:13
4,4356 4,4701
3,9509 3,9856
4,5815 4,6168
5,1762 5,2114
524 22:14
4,4356 4,4701
3,9509 3,9856
4,5816 4,6174
5,1763 5,2122
525 22:15
4,4358 4,4703
3,9511 3,9854
4,5817 4,6170
5,1765 5,2124
526 22:16
4,4359 4,4702
3,9508 3,9853
4,5818 4,6169
5,1765 5,2121
527 22:17
4,4363 4,4707
3,9511 3,9856
4,5821 4,6178
5,1769 5,2127
528 22:18
4,4339 4,4723
3,9488 3,9866
4,5797 4,6190
5,1741 5,2145
529 22:19
4,4362 4,4707
3,9510 3,9856
4,5822 4,6176
5,1770 5,2129
530 22:20
4,4362 4,4707
3,9510 3,9856
4,5822 4,6176
5,1770 5,2129
531 22:21
4,4363 4,4712
3,9511 3,9861
4,5819 4,6180
5,1770 5,2134
532 22:22
4,4364 4,4712
3,9512 3,9861
4,5818 4,6179
5,1770 5,2132
533 22:23
4,4364 4,4712
3,9512 3,9861
4,5818 4,6179
5,1770 5,2126
534 22:24
4,4364 4,4714
3,9512 3,9859
4,5818 4,6181
5,1771 5,2130
535 22:25
4,4364 4,4714
3,9511 3,9859
4,5822 4,6181
5,1771 5,2130
536 22:26
4,4364 4,4714
3,9512 3,9863
4,5822 4,6181
5,1765 5,2130
537 22:27
4,4340 4,4726
3,9489 3,9869
4,5796 4,6193
5,1730 5,2136
538 22:28
4,4364 4,4716
3,9512 3,9861
4,5828 4,6184
5,1759 5,2126
539 22:29
4,4364 4,4716
3,9508 3,9860
4,5822 4,6183
5,1765 5,2132
540 22:30
4,4363 4,4713
3,9509 3,9857
4,5818 4,6176
5,1764 5,2129
541 22:31
4,4356 4,4709
3,9501 3,9855
4,5811 4,6173
5,1756 5,2124
542 22:32
4,4351 4,4704
3,9498 3,9851
4,5806 4,6168
5,1750 5,2118
543 22:33
4,4351 4,4704
3,9498 3,9851
4,5806 4,6168
5,1744 5,2112
544 22:34
4,4335 4,4724
3,9482 3,9868
4,5790 4,6188
5,1729 5,2136
545 22:35
4,4335 4,4724
3,9486 3,9868
4,5790 4,6188
5,1726 5,2134
546 22:36
4,4335 4,4724
3,9482 3,9868
4,5792 4,6188
5,1726 5,2134
547 22:37
4,4351 4,4707
3,9495 3,9853
4,5803 4,6170
5,1745 5,2114
548 22:38
4,4352 4,4706
3,9499 3,9851
4,5805 4,6170
5,1744 5,2117
549 22:39
4,4350 4,4706
3,9495 3,9851
4,5804 4,6174
5,1741 5,2113
550 22:40
4,4348 4,4707
3,9497 3,9853
4,5803 4,6175
5,1741 5,2116
551 22:41
4,4348 4,4707
3,9498 3,9857
4,5808 4,6176
5,1740 5,2116
552 22:42
4,4335 4,4724
3,9486 3,9872
4,5795 4,6193
5,1733 5,2142
553 22:43
4,4349 4,4709
3,9501 3,9857
4,5807 4,6180
5,1747 5,2124
554 22:44
4,4348 4,4709
3,9502 3,9859
4,5808 4,6182
5,1746 5,2124
555 22:45
4,4345 4,4711
3,9495 3,9860
4,5803 4,6182
5,1737 5,2122
556 22:46
4,4342 4,4708
3,9489 3,9854
4,5800 4,6179
5,1732 5,2116
557 22:47
4,4332 4,4703
3,9484 3,9851
4,5795 4,6176
5,1727 5,2119
558 22:48
4,4340 4,4709
3,9491 3,9856
4,5803 4,6186
5,1738 5,2125
559 22:49
4,4335 4,4704
3,9482 3,9850
4,5797 4,6177
5,1725 5,2117
560 22:50
4,4330 4,4729
3,9475 3,9870
4,5794 4,6208
5,1722 5,2141
561 22:51
4,4347 4,4729
3,9490 3,9869
4,5811 4,6207
5,1734 5,2140
562 22:52
4,4329 4,4727
3,9474 3,9867
4,5791 4,6204
5,1714 5,2134
563 22:53
4,4325 4,4731
3,9470 3,9871
4,5787 4,6208
5,1712 5,2138
564 22:54
4,4322 4,4697
3,9467 3,9837
4,5785 4,6174
5,1705 5,2102
565 22:55
4,4311 4,4694
3,9450 3,9834
4,5778 4,6176
5,1691 5,2097
566 22:56
4,4313 4,4693
3,9458 3,9836
4,5776 4,6170
5,1697 5,2104
567 22:57
4,4314 4,4682
3,9457 3,9824
4,5773 4,6156
5,1701 5,2086
568 22:58
4,4312 4,4684
3,9441 3,9836
4,5770 4,6160
5,1698 5,2090
569 22:59
4,4311 4,4715
3,9440 3,9871
4,5704 4,6386
5,1697 5,2240
570 23:00
4,4013 4,4961
3,9138 4,0170
4,5609 4,6478
5,1396 5,2589
571 23:01
4,4013 4,4961
3,9138 4,0170
4,5609 4,6478
5,1396 5,2589
572 23:02
4,4013 4,4961
3,9138 4,0170
4,5609 4,6478
5,1396 5,2589
573 23:03
4,4013 4,4961
3,9138 4,0170
4,5609 4,6478
5,1396 5,2589
574 23:04
4,4013 4,4961
3,9138 4,0170
4,5609 4,6478
5,1396 5,2589
575 23:05
4,4013 4,4961
3,9138 4,0170
4,5609 4,6478
5,1396 5,2589
576 23:06
4,4013 4,4961
3,9138 4,0170
4,5609 4,6478
5,1396 5,2589
577 23:07
4,4013 4,4961
3,9138 4,0170
4,5609 4,6478
5,1396 5,2589
578 23:08
4,4013 4,4961
3,9138 4,0170
4,5609 4,6478
5,1396 5,2589
579 23:09
4,4013 4,4961
3,9138 4,0170
4,5609 4,6478
5,1396 5,2589
580 23:10
4,4013 4,4961
3,9138 4,0170
4,5609 4,6478
5,1396 5,2589
581 23:11
4,4013 4,4961
3,9138 4,0170
4,5609 4,6478
5,1396 5,2589
582 23:12
4,4013 4,4961
3,9138 4,0170
4,5609 4,6478
5,1396 5,2589
583 23:13
4,4013 4,4961
3,9138 4,0170
4,5609 4,6478
5,1396 5,2589
584 23:14
4,4013 4,4961
3,9138 4,0170
4,5609 4,6478
5,1396 5,2589
585 23:15
4,4013 4,4961
3,9138 4,0170
4,5609 4,6478
5,1396 5,2589
586 23:16
4,4013 4,4961
3,9138 4,0170
4,5609 4,6478
5,1396 5,2589
587 23:17
4,4013 4,4961
3,9138 4,0170
4,5609 4,6478
5,1396 5,2589
588 23:18
4,4013 4,4961
3,9138 4,0170
4,5609 4,6478
5,1396 5,2589
589 23:19
4,4013 4,4961
3,9138 4,0170
4,5609 4,6478
5,1396 5,2589
590 23:20
4,4013 4,4961
3,9138 4,0170
4,5609 4,6478
5,1396 5,2589
591 23:21
4,4013 4,4961
3,9138 4,0170
4,5609 4,6478
5,1396 5,2589
592 23:22
4,4013 4,4961
3,9138 4,0170
4,5609 4,6478
5,1396 5,2589
593 23:23
4,4013 4,4961
3,9138 4,0170
4,5609 4,6478
5,1396 5,2589
594 23:24
4,4013 4,4961
3,9138 4,0170
4,5609 4,6478
5,1396 5,2589
595 23:25
4,4013 4,4961
3,9138 4,0170
4,5609 4,6478
5,1396 5,2589
596 23:26
4,4013 4,4961
3,9138 4,0170
4,5609 4,6478
5,1396 5,2589
597 23:27
4,4013 4,4961
3,9138 4,0170
4,5609 4,6478
5,1396 5,2589
598 23:28
4,4013 4,4961
3,9138 4,0170
4,5609 4,6478
5,1396 5,2589
599 23:29
4,4013 4,4961
3,9138 4,0170
4,5609 4,6478
5,1396 5,2589
600 23:30
4,4013 4,4961
3,9138 4,0170
4,5609 4,6478
5,1396 5,2589
601 23:31
4,4013 4,4961
3,9138 4,0170
4,5609 4,6478
5,1396 5,2589
602 23:32
4,4013 4,4961
3,9138 4,0170
4,5609 4,6478
5,1396 5,2589
603 23:33
4,4013 4,4961
3,9138 4,0170
4,5609 4,6478
5,1396 5,2589
604 23:34
4,4013 4,4961
3,9138 4,0170
4,5609 4,6478
5,1396 5,2589
605 23:35
4,4013 4,4961
3,9138 4,0170
4,5609 4,6478
5,1396 5,2589
606 23:36
4,4013 4,4961
3,9138 4,0170
4,5609 4,6478
5,1396 5,2589
607 23:37
4,4013 4,4961
3,9138 4,0170
4,5609 4,6478
5,1396 5,2589
608 23:38
4,4013 4,4961
3,9138 4,0170
4,5609 4,6478
5,1396 5,2589
609 23:39
4,4013 4,4961
3,9138 4,0170
4,5609 4,6478
5,1396 5,2589
610 23:40
4,4013 4,4961
3,9138 4,0170
4,5609 4,6478
5,1396 5,2589
611 23:41
4,4013 4,4961
3,9138 4,0170
4,5609 4,6478
5,1396 5,2589
612 23:42
4,4013 4,4961
3,9138 4,0170
4,5609 4,6478
5,1396 5,2589
613 23:43
4,4013 4,4961
3,9138 4,0170
4,5609 4,6478
5,1396 5,2589
614 23:44
4,4013 4,4961
3,9138 4,0170
4,5609 4,6478
5,1396 5,2589
615 23:45
4,4013 4,4961
3,9138 4,0170
4,5609 4,6478
5,1396 5,2589
616 23:46
4,4013 4,4961
3,9138 4,0170
4,5609 4,6478
5,1396 5,2589
617 23:47
4,4013 4,4961
3,9138 4,0170
4,5609 4,6478
5,1396 5,2589
618 23:48
4,4013 4,4961
3,9138 4,0170
4,5609 4,6478
5,1396 5,2589
619 23:49
4,4013 4,4961
3,9138 4,0170
4,5609 4,6478
5,1396 5,2589
620 23:50
4,4013 4,4961
3,9138 4,0170
4,5609 4,6478
5,1396 5,2589
621 23:51
4,4013 4,4961
3,9138 4,0170
4,5609 4,6478
5,1396 5,2589
622 23:52
4,4013 4,4961
3,9138 4,0170
4,5609 4,6478
5,1396 5,2589
623 23:53
4,4013 4,4961
3,9138 4,0170
4,5609 4,6478
5,1396 5,2589
624 23:54
4,4013 4,4961
3,9138 4,0170
4,5609 4,6478
5,1396 5,2589
625 23:55
4,4013 4,4961
3,9138 4,0170
4,5609 4,6478
5,1396 5,2589
626 23:56
4,4013 4,4961
3,9138 4,0170
4,5609 4,6478
5,1396 5,2589
627 23:57
4,4013 4,4961
3,9138 4,0170
4,5609 4,6478
5,1396 5,2589
628 23:58
4,4013 4,4961
3,9138 4,0170
4,5609 4,6478
5,1396 5,2589
629 23:59
4,4013 4,4961
3,9138 4,0170
4,5609 4,6478
5,1396 5,2589
630 00:00
4,4023 4,4970
3,9143 4,0174
4,5624 4,6478
5,1403 5,2595
631 00:01
4,4023 4,4970
3,9143 4,0174
4,5624 4,6478
5,1403 5,2595
632 00:02
4,4023 4,4970
3,9143 4,0174
4,5624 4,6478
5,1403 5,2595
633 00:03
4,4023 4,4970
3,9143 4,0174
4,5624 4,6478
5,1403 5,2595
634 00:04
4,4023 4,4970
3,9143 4,0174
4,5624 4,6478
5,1403 5,2595
635 00:05
4,4023 4,4970
3,9143 4,0174
4,5624 4,6478
5,1403 5,2595
636 00:06
4,4023 4,4970
3,9143 4,0174
4,5624 4,6478
5,1403 5,2595
637 00:07
4,4023 4,4970
3,9143 4,0174
4,5624 4,6478
5,1403 5,2595
638 00:08
4,4023 4,4970
3,9143 4,0174
4,5624 4,6478
5,1403 5,2595
639 00:09
4,4023 4,4970
3,9143 4,0174
4,5624 4,6478
5,1403 5,2595
640 00:10
4,4023 4,4970
3,9143 4,0174
4,5624 4,6478
5,1403 5,2595
641 00:11
4,4023 4,4970
3,9143 4,0174
4,5624 4,6478
5,1403 5,2595
642 00:12
4,4023 4,4970
3,9143 4,0174
4,5624 4,6478
5,1403 5,2595
643 00:13
4,4023 4,4970
3,9143 4,0174
4,5624 4,6478
5,1403 5,2595
644 00:14
4,4023 4,4970
3,9143 4,0174
4,5624 4,6478
5,1403 5,2595
645 00:15
4,4023 4,4970
3,9143 4,0174
4,5624 4,6478
5,1403 5,2595
646 00:16
4,4023 4,4970
3,9143 4,0174
4,5624 4,6478
5,1403 5,2595
647 00:17
4,4023 4,4970
3,9143 4,0174
4,5624 4,6478
5,1403 5,2595
648 00:18
4,4023 4,4970
3,9143 4,0174
4,5624 4,6478
5,1403 5,2595
649 00:19
4,4023 4,4970
3,9143 4,0174
4,5624 4,6478
5,1403 5,2595
650 00:20
4,4023 4,4970
3,9143 4,0174
4,5624 4,6478
5,1403 5,2595
651 00:21
4,4023 4,4970
3,9143 4,0174
4,5624 4,6478
5,1403 5,2595
652 00:22
4,4023 4,4970
3,9143 4,0174
4,5624 4,6478
5,1403 5,2595
653 00:23
4,4023 4,4970
3,9143 4,0174
4,5624 4,6478
5,1403 5,2595
654 00:24
4,4023 4,4970
3,9143 4,0174
4,5624 4,6478
5,1403 5,2595
655 00:25
4,4023 4,4970
3,9143 4,0174
4,5624 4,6478
5,1403 5,2595
656 00:26
4,4023 4,4970
3,9143 4,0174
4,5624 4,6478
5,1403 5,2595
657 00:27
4,4023 4,4970
3,9143 4,0174
4,5624 4,6478
5,1403 5,2595
658 00:28
4,4023 4,4970
3,9143 4,0174
4,5624 4,6478
5,1403 5,2595
659 00:29
4,4023 4,4970
3,9143 4,0174
4,5624 4,6478
5,1403 5,2595
660 00:30
4,4023 4,4970
3,9143 4,0174
4,5624 4,6478
5,1403 5,2595
661 00:31
4,4023 4,4970
3,9143 4,0174
4,5624 4,6478
5,1403 5,2595
662 00:32
4,4023 4,4970
3,9143 4,0174
4,5624 4,6478
5,1403 5,2595
663 00:33
4,4023 4,4970
3,9143 4,0174
4,5624 4,6478
5,1403 5,2595
664 00:34
4,4023 4,4970
3,9143 4,0174
4,5624 4,6478
5,1403 5,2595
665 00:35
4,4023 4,4970
3,9143 4,0174
4,5624 4,6478
5,1403 5,2595
666 00:36
4,4023 4,4970
3,9143 4,0174
4,5624 4,6478
5,1403 5,2595
667 00:37
4,4023 4,4970
3,9143 4,0174
4,5624 4,6478
5,1403 5,2595
668 00:38
4,4023 4,4970
3,9143 4,0174
4,5624 4,6478
5,1403 5,2595
669 00:39
4,4023 4,4970
3,9143 4,0174
4,5624 4,6478
5,1403 5,2595
670 00:40
4,4023 4,4970
3,9143 4,0174
4,5624 4,6478
5,1403 5,2595
671 00:41
4,4023 4,4970
3,9143 4,0174
4,5624 4,6478
5,1403 5,2595
672 00:42
4,4023 4,4970
3,9143 4,0174
4,5624 4,6478
5,1403 5,2595
673 00:43
4,4023 4,4970
3,9143 4,0174
4,5624 4,6478
5,1403 5,2595
674 00:44
4,4023 4,4970
3,9143 4,0174
4,5624 4,6478
5,1403 5,2595
675 00:45
4,4023 4,4970
3,9143 4,0174
4,5624 4,6478
5,1403 5,2595
676 00:46
4,4023 4,4970
3,9143 4,0174
4,5624 4,6478
5,1403 5,2595
677 00:47
4,4023 4,4970
3,9143 4,0174
4,5624 4,6478
5,1403 5,2595
678 00:48
4,4023 4,4970
3,9143 4,0174
4,5624 4,6478
5,1403 5,2595
679 00:49
4,4023 4,4970
3,9143 4,0174
4,5624 4,6478
5,1403 5,2595
680 00:50
4,4023 4,4970
3,9143 4,0174
4,5624 4,6478
5,1403 5,2595
681 00:51
4,4023 4,4970
3,9143 4,0174
4,5624 4,6478
5,1403 5,2595
682 00:52
4,4023 4,4970
3,9143 4,0174
4,5624 4,6478
5,1403 5,2595
683 00:53
4,4023 4,4970
3,9143 4,0174
4,5624 4,6478
5,1403 5,2595
684 00:54
4,4023 4,4970
3,9143 4,0174
4,5624 4,6478
5,1403 5,2595
685 00:55
4,4023 4,4970
3,9143 4,0174
4,5624 4,6478
5,1403 5,2595
686 00:56
4,4023 4,4970
3,9143 4,0174
4,5624 4,6478
5,1403 5,2595
687 00:57
4,4023 4,4970
3,9143 4,0174
4,5624 4,6478
5,1403 5,2595
688 00:58
4,4023 4,4970
3,9143 4,0174
4,5624 4,6478
5,1403 5,2595
689 00:59
4,4023 4,4970
3,9143 4,0174
4,5624 4,6478
5,1403 5,2595
690 01:00
4,4023 4,4970
3,9143 4,0174
4,5624 4,6478
5,1403 5,2595
691 01:01
4,4023 4,4970
3,9143 4,0174
4,5624 4,6478
5,1403 5,2595
692 01:02
4,4023 4,4970
3,9143 4,0174
4,5624 4,6478
5,1403 5,2595
693 01:03
4,4023 4,4970
3,9143 4,0174
4,5624 4,6478
5,1403 5,2595
694 01:04
4,4023 4,4970
3,9143 4,0174
4,5624 4,6478
5,1403 5,2595
695 01:05
4,4023 4,4970
3,9143 4,0174
4,5624 4,6478
5,1403 5,2595
696 01:06
4,4023 4,4970
3,9143 4,0174
4,5624 4,6478
5,1403 5,2595
697 01:07
4,4023 4,4970
3,9143 4,0174
4,5624 4,6478
5,1403 5,2595
698 01:08
4,4023 4,4970
3,9143 4,0174
4,5624 4,6478
5,1403 5,2595
699 01:09
4,4023 4,4970
3,9143 4,0174
4,5624 4,6478
5,1403 5,2595
700 01:10
4,4023 4,4970
3,9143 4,0174
4,5624 4,6478
5,1403 5,2595
701 01:11
4,4023 4,4970
3,9143 4,0174
4,5624 4,6478
5,1403 5,2595
702 01:12
4,4023 4,4970
3,9143 4,0174
4,5624 4,6478
5,1403 5,2595
703 01:13
4,4023 4,4970
3,9143 4,0174
4,5624 4,6478
5,1403 5,2595
704 01:14
4,4023 4,4970
3,9143 4,0174
4,5624 4,6478
5,1403 5,2595
705 01:15
4,4023 4,4970
3,9143 4,0174
4,5624 4,6478
5,1403 5,2595
706 01:16
4,4023 4,4970
3,9143 4,0174
4,5624 4,6478
5,1403 5,2595
707 01:17
4,4023 4,4970
3,9143 4,0174
4,5624 4,6478
5,1403 5,2595
708 01:18
4,4023 4,4970
3,9143 4,0174
4,5624 4,6478
5,1403 5,2595
709 01:19
4,4023 4,4970
3,9143 4,0174
4,5624 4,6478
5,1403 5,2595
710 01:20
4,4023 4,4970
3,9143 4,0174
4,5624 4,6478
5,1403 5,2595
711 01:21
4,4023 4,4970
3,9143 4,0174
4,5624 4,6478
5,1403 5,2595
712 01:22
4,4023 4,4970
3,9143 4,0174
4,5624 4,6478
5,1403 5,2595
713 01:23
4,4023 4,4970
3,9143 4,0174
4,5624 4,6478
5,1403 5,2595
714 01:24
4,4023 4,4970
3,9143 4,0174
4,5624 4,6478
5,1403 5,2595
715 01:25
4,4023 4,4970
3,9143 4,0174
4,5624 4,6478
5,1403 5,2595
716 01:26
4,4023 4,4970
3,9143 4,0174
4,5624 4,6478
5,1403 5,2595
717 01:27
4,4023 4,4970
3,9143 4,0174
4,5624 4,6478
5,1403 5,2595
718 01:28
4,4023 4,4970
3,9143 4,0174
4,5624 4,6478
5,1403 5,2595
719 01:29
4,4023 4,4970
3,9143 4,0174
4,5624 4,6478
5,1403 5,2595
720 01:30
4,4023 4,4970
3,9143 4,0174
4,5624 4,6478
5,1403 5,2595
721 01:31
4,4023 4,4970
3,9143 4,0174
4,5624 4,6478
5,1403 5,2595
722 01:32
4,4023 4,4970
3,9143 4,0174
4,5624 4,6478
5,1403 5,2595
723 01:33
4,4023 4,4970
3,9143 4,0174
4,5624 4,6478
5,1403 5,2595
724 01:34
4,4023 4,4970
3,9143 4,0174
4,5624 4,6478
5,1403 5,2595
725 01:35
4,4023 4,4970
3,9143 4,0174
4,5624 4,6478
5,1403 5,2595
726 01:36
4,4023 4,4970
3,9143 4,0174
4,5624 4,6478
5,1403 5,2595
727 01:37
4,4023 4,4970
3,9143 4,0174
4,5624 4,6478
5,1403 5,2595
728 01:38
4,4023 4,4970
3,9143 4,0174
4,5624 4,6478
5,1403 5,2595
729 01:39
4,4023 4,4970
3,9143 4,0174
4,5624 4,6478
5,1403 5,2595
730 01:40
4,4023 4,4970
3,9143 4,0174
4,5624 4,6478
5,1403 5,2595
731 01:41
4,4023 4,4970
3,9143 4,0174
4,5624 4,6478
5,1403 5,2595
732 01:42
4,4023 4,4970
3,9143 4,0174
4,5624 4,6478
5,1403 5,2595
733 01:43
4,4023 4,4970
3,9143 4,0174
4,5624 4,6478
5,1403 5,2595
734 01:44
4,4023 4,4970
3,9143 4,0174
4,5624 4,6478
5,1403 5,2595
735 01:45
4,4023 4,4970
3,9143 4,0174
4,5624 4,6478
5,1403 5,2595
736 01:46
4,4023 4,4970
3,9143 4,0174
4,5624 4,6478
5,1403 5,2595
737 01:47
4,4023 4,4970
3,9143 4,0174
4,5624 4,6478
5,1403 5,2595
738 01:48
4,4023 4,4970
3,9143 4,0174
4,5624 4,6478
5,1403 5,2595
739 01:49
4,4023 4,4970
3,9143 4,0174
4,5624 4,6478
5,1403 5,2595
740 01:50
4,4023 4,4970
3,9143 4,0174
4,5624 4,6478
5,1403 5,2595
741 01:51
4,4023 4,4970
3,9143 4,0174
4,5624 4,6478
5,1403 5,2595
742 01:52
4,4023 4,4970
3,9143 4,0174
4,5624 4,6478
5,1403 5,2595
743 01:53
4,4023 4,4970
3,9143 4,0174
4,5624 4,6478
5,1403 5,2595
744 01:54
4,4023 4,4970
3,9143 4,0174
4,5624 4,6478
5,1403 5,2595
745 01:55
4,4023 4,4970
3,9143 4,0174
4,5624 4,6478
5,1403 5,2595
746 01:56
4,4023 4,4970
3,9143 4,0174
4,5624 4,6478
5,1403 5,2595
747 01:57
4,4023 4,4970
3,9143 4,0174
4,5624 4,6478
5,1403 5,2595
748 01:58
4,4023 4,4970
3,9143 4,0174
4,5624 4,6478
5,1403 5,2595
749 01:59
4,4023 4,4970
3,9143 4,0174
4,5624 4,6478
5,1403 5,2595
750 02:00
4,4023 4,4970
3,9143 4,0174
4,5624 4,6478
5,1403 5,2595
751 02:01
4,4023 4,4970
3,9143 4,0174
4,5624 4,6478
5,1403 5,2595
752 02:02
4,4023 4,4970
3,9143 4,0174
4,5624 4,6478
5,1403 5,2595
753 02:03
4,4023 4,4970
3,9143 4,0174
4,5624 4,6478
5,1403 5,2595
754 02:04
4,4023 4,4970
3,9143 4,0174
4,5624 4,6478
5,1403 5,2595
755 02:05
4,4023 4,4970
3,9143 4,0174
4,5624 4,6478
5,1403 5,2595
756 02:06
4,4023 4,4970
3,9143 4,0174
4,5624 4,6478
5,1403 5,2595
757 02:07
4,4023 4,4970
3,9143 4,0174
4,5624 4,6478
5,1403 5,2595
758 02:08
4,4023 4,4970
3,9143 4,0174
4,5624 4,6478
5,1403 5,2595
759 02:09
4,4023 4,4970
3,9143 4,0174
4,5624 4,6478
5,1403 5,2595
760 02:10
4,4023 4,4970
3,9143 4,0174
4,5624 4,6478
5,1403 5,2595
761 02:11
4,4023 4,4970
3,9143 4,0174
4,5624 4,6478
5,1403 5,2595
762 02:12
4,4023 4,4970
3,9143 4,0174
4,5624 4,6478
5,1403 5,2595
