#======================
2023-5-25
# 1.EUR, 2.USD, 3.CHF, 4.GBP
Sell Price, Buy Price
1 09:23
4,4831 4,5156
4,1815 4,2139
4,6134 4,6464
5,1630 5,1964
2 09:24
4,4831 4,5156
4,1815 4,2139
4,6141 4,6471
5,1633 5,1967
3 09:25
4,4813 4,5138
4,1799 4,2123
4,6118 4,6448
5,1616 5,1950
4 09:26
4,4813 4,5138
4,1799 4,2123
4,6136 4,6466
5,1612 5,1946
5 09:27
4,4844 4,5169
4,1828 4,2152
4,6169 4,6499
5,1666 5,2000
6 09:28
4,4845 4,5170
4,1828 4,2152
4,6169 4,6499
5,1666 5,2000
7 09:29
4,4831 4,5156
4,1815 4,2139
4,6160 4,6490
5,1644 5,1978
8 09:30
4,4831 4,5156
4,1815 4,2139
4,6160 4,6490
5,1644 5,1978
9 09:31
4,4827 4,5152
4,1812 4,2136
4,6154 4,6484
5,1640 5,1974
10 09:32
4,4835 4,5160
4,1815 4,2139
4,6164 4,6494
5,1649 5,1983
11 09:36
4,4848 4,5173
4,1835 4,2159
4,6192 4,6522
5,1664 5,1998
12 09:37
4,4848 4,5173
4,1835 4,2159
4,6192 4,6522
5,1664 5,1998
13 09:38
4,4845 4,5170
4,1832 4,2156
4,6189 4,6519
5,1661 5,1995
14 09:39
4,4845 4,5170
4,1832 4,2156
4,6189 4,6519
5,1676 5,2010
15 09:40
4,4836 4,5161
4,1824 4,2148
4,6180 4,6510
5,1665 5,1999
16 09:41
4,4836 4,5161
4,1820 4,2144
4,6180 4,6510
5,1665 5,1999
17 09:42
4,4836 4,5161
4,1816 4,2140
4,6180 4,6510
5,1671 5,2005
18 09:43
4,4827 4,5152
4,1808 4,2132
4,6161 4,6491
5,1661 5,1995
19 09:44
4,4823 4,5148
4,1814 4,2138
4,6157 4,6487
5,1656 5,1990
20 09:45
4,4822 4,5147
4,1813 4,2137
4,6156 4,6486
5,1655 5,1989
21 09:46
4,4819 4,5144
4,1808 4,2132
4,6153 4,6483
5,1652 5,1986
22 09:47
4,4822 4,5147
4,1809 4,2133
4,6165 4,6495
5,1655 5,1989
23 09:48
4,4833 4,5158
4,1819 4,2143
4,6181 4,6511
5,1671 5,2005
24 09:49
4,4832 4,5157
4,1818 4,2142
4,6182 4,6512
5,1669 5,2003
25 09:50
4,4831 4,5156
4,1817 4,2141
4,6182 4,6512
5,1668 5,2002
26 09:51
4,4851 4,5176
4,1850 4,2174
4,6202 4,6532
5,1691 5,2025
27 09:52
4,4851 4,5176
4,1850 4,2174
4,6202 4,6532
5,1691 5,2025
28 09:53
4,4836 4,5161
4,1836 4,2160
4,6191 4,6521
5,1687 5,2021
29 09:54
4,4842 4,5167
4,1845 4,2169
4,6205 4,6535
5,1693 5,2027
30 09:55
4,4844 4,5169
4,1859 4,2183
4,6207 4,6537
5,1695 5,2029
31 09:56
4,4839 4,5164
4,1847 4,2171
4,6202 4,6532
5,1690 5,2024
32 09:57
4,4843 4,5168
4,1838 4,2162
4,6205 4,6535
5,1697 5,2031
33 09:58
4,4843 4,5168
4,1838 4,2162
4,6203 4,6533
5,1697 5,2031
34 09:59
4,4843 4,5168
4,1834 4,2158
4,6197 4,6527
5,1697 5,2031
35 10:00
4,4843 4,5168
4,1834 4,2158
4,6191 4,6521
5,1697 5,2031
36 10:01
4,4843 4,5168
4,1834 4,2158
4,6198 4,6528
5,1697 5,2031
37 10:02
4,4843 4,5168
4,1832 4,2156
4,6198 4,6528
5,1711 5,2045
38 10:03
4,4821 4,5146
4,1812 4,2136
4,6193 4,6523
5,1684 5,2018
39 10:04
4,4812 4,5137
4,1804 4,2128
4,6183 4,6513
5,1673 5,2007
40 10:05
4,4812 4,5137
4,1804 4,2128
4,6181 4,6511
5,1670 5,2004
41 10:06
4,4810 4,5135
4,1792 4,2116
4,6182 4,6512
5,1665 5,1999
42 10:07
4,4820 4,5145
4,1795 4,2119
4,6175 4,6505
5,1680 5,2014
43 10:08
4,4816 4,5141
4,1792 4,2116
4,6164 4,6494
5,1678 5,2012
44 10:09
4,4820 4,5145
4,1786 4,2110
4,6168 4,6498
5,1686 5,2020
45 10:10
4,4820 4,5145
4,1788 4,2112
4,6168 4,6498
5,1673 5,2007
46 10:11
4,4858 4,5183
4,1829 4,2153
4,6207 4,6537
5,1719 5,2053
47 10:12
4,4866 4,5191
4,1837 4,2161
4,6201 4,6531
5,1728 5,2062
48 10:13
4,4866 4,5191
4,1836 4,2160
4,6203 4,6533
5,1738 5,2072
49 10:14
4,4830 4,5155
4,1803 4,2127
4,6172 4,6502
5,1697 5,2031
50 10:15
4,4831 4,5156
4,1804 4,2128
4,6172 4,6502
5,1701 5,2035
51 10:16
4,4832 4,5157
4,1805 4,2129
4,6173 4,6503
5,1696 5,2030
52 10:17
4,4832 4,5157
4,1805 4,2129
4,6173 4,6503
5,1702 5,2036
53 10:18
4,4834 4,5159
4,1806 4,2130
4,6173 4,6503
5,1704 5,2038
54 10:19
4,4834 4,5159
4,1801 4,2125
4,6173 4,6503
5,1705 5,2039
55 10:20
4,4847 4,5172
4,1813 4,2137
4,6186 4,6516
5,1726 5,2060
56 10:21
4,4847 4,5172
4,1813 4,2137
4,6186 4,6516
5,1726 5,2060
57 10:22
4,4844 4,5169
4,1810 4,2134
4,6183 4,6513
5,1719 5,2053
58 10:23
4,4844 4,5169
4,1808 4,2132
4,6188 4,6518
5,1722 5,2056
59 10:24
4,4844 4,5169
4,1808 4,2132
4,6188 4,6518
5,1719 5,2053
60 10:25
4,4844 4,5169
4,1802 4,2126
4,6188 4,6518
5,1719 5,2053
61 10:26
4,4850 4,5175
4,1800 4,2124
4,6195 4,6525
5,1726 5,2060
62 10:27
4,4841 4,5166
4,1799 4,2123
4,6185 4,6515
5,1707 5,2041
63 10:28
4,4847 4,5172
4,1799 4,2123
4,6189 4,6519
5,1714 5,2048
64 10:29
4,4847 4,5172
4,1799 4,2123
4,6189 4,6519
5,1714 5,2048
65 10:30
4,4848 4,5173
4,1808 4,2132
4,6187 4,6517
5,1715 5,2049
66 10:31
4,4848 4,5173
4,1808 4,2132
4,6187 4,6517
5,1715 5,2049
67 10:32
4,4848 4,5173
4,1808 4,2132
4,6185 4,6515
5,1715 5,2049
68 10:33
4,4848 4,5173
4,1808 4,2132
4,6187 4,6517
5,1715 5,2049
69 10:34
4,4842 4,5167
4,1802 4,2126
4,6181 4,6511
5,1708 5,2042
70 10:35
4,4842 4,5167
4,1802 4,2126
4,6181 4,6511
5,1708 5,2042
71 10:36
4,4842 4,5167
4,1802 4,2126
4,6181 4,6511
5,1711 5,2045
72 10:37
4,4844 4,5169
4,1804 4,2128
4,6177 4,6507
5,1719 5,2053
73 10:38
4,4844 4,5169
4,1798 4,2122
4,6176 4,6506
5,1719 5,2053
74 10:39
4,4844 4,5169
4,1798 4,2122
4,6169 4,6499
5,1719 5,2053
75 10:40
4,4844 4,5169
4,1790 4,2114
4,6171 4,6501
5,1734 5,2068
76 10:41
4,4852 4,5177
4,1804 4,2128
4,6179 4,6509
5,1749 5,2083
77 10:42
4,4862 4,5187
4,1813 4,2137
4,6190 4,6520
5,1746 5,2080
78 10:43
4,4862 4,5187
4,1813 4,2137
4,6190 4,6520
5,1746 5,2080
79 10:44
4,4862 4,5187
4,1797 4,2121
4,6190 4,6520
5,1760 5,2094
80 10:45
4,4862 4,5187
4,1792 4,2116
4,6171 4,6501
5,1761 5,2095
81 10:46
4,4862 4,5187
4,1792 4,2116
4,6172 4,6502
5,1761 5,2095
82 10:47
4,4862 4,5187
4,1797 4,2121
4,6168 4,6498
5,1746 5,2080
83 10:48
4,4847 4,5172
4,1785 4,2109
4,6153 4,6483
5,1726 5,2060
84 10:49
4,4852 4,5177
4,1790 4,2114
4,6162 4,6492
5,1731 5,2065
85 10:50
4,4850 4,5175
4,1800 4,2124
4,6161 4,6491
5,1729 5,2063
86 10:51
4,4856 4,5181
4,1811 4,2135
4,6166 4,6496
5,1745 5,2079
87 10:52
4,4857 4,5182
4,1812 4,2136
4,6158 4,6488
5,1747 5,2081
88 10:53
4,4858 4,5183
4,1813 4,2137
4,6162 4,6492
5,1750 5,2084
89 10:54
4,4844 4,5169
4,1812 4,2136
4,6153 4,6483
5,1741 5,2075
90 10:55
4,4846 4,5171
4,1814 4,2138
4,6154 4,6484
5,1743 5,2077
91 10:56
4,4846 4,5171
4,1817 4,2141
4,6154 4,6484
5,1746 5,2080
92 10:57
4,4841 4,5166
4,1817 4,2141
4,6156 4,6486
5,1745 5,2079
93 10:58
4,4841 4,5166
4,1817 4,2141
4,6151 4,6481
5,1745 5,2079
94 10:59
4,4834 4,5159
4,1818 4,2142
4,6147 4,6477
5,1738 5,2072
95 11:00
4,4834 4,5159
4,1816 4,2140
4,6147 4,6477
5,1738 5,2072
96 11:01
4,4838 4,5163
4,1820 4,2144
4,6151 4,6481
5,1742 5,2076
97 11:02
4,4838 4,5163
4,1820 4,2144
4,6151 4,6481
5,1742 5,2076
98 11:03
4,4822 4,5147
4,1795 4,2119
4,6134 4,6464
5,1730 5,2064
99 11:04
4,4823 4,5148
4,1796 4,2120
4,6135 4,6465
5,1734 5,2068
100 11:05
4,4823 4,5148
4,1796 4,2120
4,6135 4,6465
5,1728 5,2062
101 11:06
4,4823 4,5148
4,1796 4,2120
4,6135 4,6465
5,1733 5,2067
102 11:07
4,4823 4,5148
4,1796 4,2120
4,6142 4,6472
5,1731 5,2065
103 11:08
4,4823 4,5148
4,1796 4,2120
4,6138 4,6468
5,1734 5,2068
104 11:09
4,4823 4,5148
4,1796 4,2120
4,6138 4,6468
5,1734 5,2068
105 11:10
4,4823 4,5148
4,1796 4,2120
4,6138 4,6468
5,1734 5,2068
106 11:11
4,4841 4,5166
4,1813 4,2137
4,6139 4,6469
5,1749 5,2083
107 11:12
4,4841 4,5166
4,1821 4,2145
4,6139 4,6469
5,1749 5,2083
108 11:13
4,4840 4,5165
4,1820 4,2144
4,6138 4,6468
5,1754 5,2088
109 11:14
4,4841 4,5166
4,1823 4,2147
4,6128 4,6458
5,1755 5,2089
110 11:15
4,4841 4,5166
4,1813 4,2137
4,6128 4,6458
5,1755 5,2089
111 11:16
4,4840 4,5165
4,1812 4,2136
4,6131 4,6461
5,1775 5,2109
112 11:17
4,4840 4,5165
4,1812 4,2136
4,6127 4,6457
5,1762 5,2096
113 11:18
4,4840 4,5165
4,1804 4,2128
4,6127 4,6457
5,1757 5,2091
114 11:19
4,4831 4,5156
4,1796 4,2120
4,6117 4,6447
5,1746 5,2080
115 11:20
4,4831 4,5156
4,1786 4,2110
4,6115 4,6445
5,1743 5,2077
116 11:21
4,4835 4,5160
4,1796 4,2120
4,6117 4,6447
5,1748 5,2082
117 11:22
4,4820 4,5145
4,1782 4,2106
4,6101 4,6431
5,1730 5,2064
118 11:23
4,4829 4,5154
4,1790 4,2114
4,6110 4,6440
5,1723 5,2057
119 11:24
4,4829 4,5154
4,1790 4,2114
4,6110 4,6440
5,1735 5,2069
120 11:25
4,4829 4,5154
4,1790 4,2114
4,6106 4,6436
5,1732 5,2066
121 11:26
4,4829 4,5154
4,1790 4,2114
4,6106 4,6436
5,1734 5,2068
122 11:27
4,4827 4,5152
4,1773 4,2097
4,6104 4,6434
5,1733 5,2067
123 11:28
4,4827 4,5152
4,1773 4,2097
4,6104 4,6434
5,1733 5,2067
124 11:29
4,4843 4,5168
4,1788 4,2112
4,6120 4,6450
5,1752 5,2086
125 11:32
4,4837 4,5162
4,1770 4,2094
4,6099 4,6429
5,1743 5,2077
126 11:33
4,4836 4,5161
4,1765 4,2089
4,6094 4,6424
5,1749 5,2083
127 11:34
4,4840 4,5165
4,1771 4,2095
4,6098 4,6428
5,1754 5,2088
128 11:35
4,4853 4,5178
4,1784 4,2108
4,6112 4,6442
5,1761 5,2095
129 11:36
Definite connection error#======================
2023-5-25
# 1.EUR, 2.USD, 3.CHF, 4.GBP
Sell Price, Buy Price
1 12:15
4,4845 4,5170
4,1817 4,2141
4,6134 4,6464
5,1756 5,2090
2 12:16
4,4844 4,5169
4,1810 4,2134
4,6133 4,6463
5,1764 5,2098
3 12:17
Definite connection error#======================
2023-5-25
# 1.EUR, 2.USD, 3.CHF, 4.GBP
Sell Price, Buy Price
1 12:22
4,4837 4,5162
4,1798 4,2122
4,6131 4,6461
5,1742 5,2076
2 12:23
4,4840 4,5165
4,1808 4,2132
4,6136 4,6466
5,1745 5,2079
3 12:24
4,4840 4,5165
4,1804 4,2128
4,6135 4,6465
5,1742 5,2076
4 12:25
4,4840 4,5165
4,1800 4,2124
4,6135 4,6465
5,1735 5,2069
5 12:26
4,4852 4,5177
4,1813 4,2137
4,6146 4,6476
5,1749 5,2083
6 12:27
4,4848 4,5173
4,1810 4,2134
4,6140 4,6470
5,1739 5,2073
7 12:28
4,4848 4,5173
4,1800 4,2124
4,6140 4,6470
5,1739 5,2073
8 12:29
4,4848 4,5173
4,1800 4,2124
4,6140 4,6470
5,1739 5,2073
9 12:30
4,4848 4,5173
4,1802 4,2126
4,6142 4,6472
5,1747 5,2081
10 12:31
4,4840 4,5165
4,1798 4,2122
4,6134 4,6464
5,1730 5,2064
11 12:32
4,4840 4,5165
4,1796 4,2120
4,6134 4,6464
5,1733 5,2067
12 12:33
4,4847 4,5172
4,1805 4,2129
4,6141 4,6471
5,1741 5,2075
13 12:34
4,4847 4,5172
4,1805 4,2129
4,6143 4,6473
5,1744 5,2078
14 12:35
4,4847 4,5172
4,1809 4,2133
4,6143 4,6473
5,1744 5,2078
15 12:36
4,4847 4,5172
4,1809 4,2133
4,6143 4,6473
5,1744 5,2078
16 12:37
4,4853 4,5178
4,1814 4,2138
4,6149 4,6479
5,1751 5,2085
17 12:38
4,4848 4,5173
4,1810 4,2134
4,6151 4,6481
5,1745 5,2079
18 12:39
4,4852 4,5177
4,1814 4,2138
4,6153 4,6483
5,1749 5,2083
19 12:40
4,4844 4,5169
4,1806 4,2130
4,6147 4,6477
5,1740 5,2074
20 12:41
4,4843 4,5168
4,1816 4,2140
4,6149 4,6479
5,1738 5,2072
21 12:42
4,4848 4,5173
4,1824 4,2148
4,6154 4,6484
5,1742 5,2076
22 12:43
4,4846 4,5171
4,1822 4,2146
4,6152 4,6482
5,1740 5,2074
23 12:44
4,4844 4,5169
4,1812 4,2136
4,6143 4,6473
5,1737 5,2071
24 12:45
4,4843 4,5168
4,1811 4,2135
4,6144 4,6474
5,1715 5,2049
25 12:46
4,4855 4,5180
4,1828 4,2152
4,6156 4,6486
5,1723 5,2057
26 12:47
4,4856 4,5181
4,1827 4,2151
4,6160 4,6490
5,1724 5,2058
27 12:48
4,4856 4,5181
4,1827 4,2151
4,6160 4,6490
5,1724 5,2058
28 12:49
4,4856 4,5181
4,1827 4,2151
4,6162 4,6492
5,1730 5,2064
29 12:50
4,4861 4,5186
4,1839 4,2163
4,6167 4,6497
5,1736 5,2070
30 12:51
4,4862 4,5187
4,1840 4,2164
4,6171 4,6501
5,1737 5,2071
31 12:52
4,4863 4,5188
4,1841 4,2165
4,6172 4,6502
5,1738 5,2072
32 12:53
4,4867 4,5192
4,1845 4,2169
4,6176 4,6506
5,1743 5,2077
33 12:54
4,4867 4,5192
4,1849 4,2173
4,6176 4,6506
5,1743 5,2077
34 12:55
4,4882 4,5207
4,1861 4,2185
4,6194 4,6524
5,1758 5,2092
35 12:56
4,4882 4,5207
4,1861 4,2185
4,6194 4,6524
5,1754 5,2088
36 12:57
4,4882 4,5207
4,1860 4,2184
4,6191 4,6521
5,1748 5,2082
37 12:58
4,4882 4,5207
4,1860 4,2184
4,6194 4,6524
5,1751 5,2085
38 12:59
4,4882 4,5207
4,1860 4,2184
4,6194 4,6524
5,1751 5,2085
39 13:00
4,4895 4,5220
4,1872 4,2196
4,6200 4,6530
5,1765 5,2099
40 13:01
4,4889 4,5214
4,1867 4,2191
4,6194 4,6524
5,1759 5,2093
41 13:02
4,4889 4,5214
4,1867 4,2191
4,6191 4,6521
5,1759 5,2093
42 13:03
4,4882 4,5207
4,1862 4,2186
4,6184 4,6514
5,1764 5,2098
43 13:04
4,4884 4,5209
4,1852 4,2176
4,6186 4,6516
5,1767 5,2101
44 13:05
4,4885 4,5210
4,1855 4,2179
4,6187 4,6517
5,1768 5,2102
45 13:06
4,4895 4,5220
4,1866 4,2190
4,6197 4,6527
5,1768 5,2102
46 13:07
4,4895 4,5220
4,1866 4,2190
4,6197 4,6527
5,1769 5,2103
47 13:08
4,4898 4,5223
4,1869 4,2193
4,6205 4,6535
5,1784 5,2118
48 13:09
4,4898 4,5223
4,1869 4,2193
4,6201 4,6531
5,1785 5,2119
49 13:10
4,4897 4,5222
4,1866 4,2190
4,6202 4,6532
5,1783 5,2117
50 13:11
4,4897 4,5222
4,1866 4,2190
4,6202 4,6532
5,1783 5,2117
51 13:12
4,4897 4,5222
4,1866 4,2190
4,6202 4,6532
5,1783 5,2117
52 13:13
4,4897 4,5222
4,1866 4,2190
4,6204 4,6534
5,1780 5,2114
53 13:14
4,4897 4,5222
4,1872 4,2196
4,6204 4,6534
5,1780 5,2114
54 13:15
4,4896 4,5221
4,1871 4,2195
4,6203 4,6533
5,1779 5,2113
55 13:16
4,4896 4,5221
4,1865 4,2189
4,6198 4,6528
5,1779 5,2113
56 13:17
4,4899 4,5224
4,1862 4,2186
4,6202 4,6532
5,1783 5,2117
57 13:18
4,4903 4,5228
4,1870 4,2194
4,6206 4,6536
5,1793 5,2127
58 13:19
4,4903 4,5228
4,1870 4,2194
4,6208 4,6538
5,1793 5,2127
59 13:20
4,4904 4,5229
4,1871 4,2195
4,6207 4,6537
5,1795 5,2129
60 13:21
4,4895 4,5220
4,1858 4,2182
4,6200 4,6530
5,1784 5,2118
61 13:22
4,4895 4,5220
4,1858 4,2182
4,6200 4,6530
5,1799 5,2133
62 13:23
4,4881 4,5206
4,1845 4,2169
4,6185 4,6515
5,1780 5,2114
63 13:24
4,4882 4,5207
4,1842 4,2166
4,6186 4,6516
5,1788 5,2122
64 13:25
4,4886 4,5211
4,1846 4,2170
4,6191 4,6521
5,1786 5,2120
65 13:26
4,4889 4,5214
4,1849 4,2173
4,6194 4,6524
5,1789 5,2123
66 13:27
4,4893 4,5218
4,1849 4,2173
4,6195 4,6525
5,1797 5,2131
67 13:28
4,4895 4,5220
4,1851 4,2175
4,6197 4,6527
5,1796 5,2130
68 13:29
4,4899 4,5224
4,1854 4,2178
4,6202 4,6532
5,1801 5,2135
69 13:30
4,4898 4,5223
4,1853 4,2177
4,6201 4,6531
5,1784 5,2118
70 13:31
4,4898 4,5223
4,1853 4,2177
4,6201 4,6531
5,1784 5,2118
71 13:32
4,4898 4,5223
4,1853 4,2177
4,6201 4,6531
5,1784 5,2118
72 13:33
4,4898 4,5223
4,1851 4,2175
4,6201 4,6531
5,1784 5,2118
73 13:34
4,4898 4,5223
4,1855 4,2179
4,6217 4,6547
5,1790 5,2124
74 13:35
4,4898 4,5223
4,1855 4,2179
4,6215 4,6545
5,1784 5,2118
75 13:36
4,4899 4,5224
4,1856 4,2180
4,6221 4,6551
5,1780 5,2114
76 13:37
4,4899 4,5224
4,1856 4,2180
4,6215 4,6545
5,1777 5,2111
77 13:38
4,4899 4,5224
4,1856 4,2180
4,6217 4,6547
5,1777 5,2111
78 13:39
4,4899 4,5224
4,1856 4,2180
4,6221 4,6551
5,1780 5,2114
79 13:40
4,4896 4,5221
4,1854 4,2178
4,6218 4,6548
5,1776 5,2110
80 13:41
4,4898 4,5223
4,1857 4,2181
4,6224 4,6554
5,1781 5,2115
81 13:42
4,4898 4,5223
4,1857 4,2181
4,6227 4,6557
5,1781 5,2115
82 13:43
4,4887 4,5212
4,1855 4,2179
4,6218 4,6548
5,1769 5,2103
83 13:44
4,4890 4,5215
4,1858 4,2182
4,6221 4,6551
5,1772 5,2106
84 13:45
4,4890 4,5215
4,1854 4,2178
4,6221 4,6551
5,1763 5,2097
85 13:46
4,4902 4,5227
4,1869 4,2193
4,6238 4,6568
5,1774 5,2108
86 13:47
4,4899 4,5224
4,1866 4,2190
4,6237 4,6567
5,1768 5,2102
87 13:48
4,4898 4,5223
4,1857 4,2181
4,6236 4,6566
5,1767 5,2101
88 13:49
4,4900 4,5225
4,1859 4,2183
4,6236 4,6566
5,1769 5,2103
89 13:50
4,4900 4,5225
4,1859 4,2183
4,6236 4,6566
5,1769 5,2103
90 13:51
4,4900 4,5225
4,1853 4,2177
4,6234 4,6564
5,1769 5,2103
91 13:52
4,4903 4,5228
4,1856 4,2180
4,6237 4,6567
5,1772 5,2106
92 13:53
4,4903 4,5228
4,1866 4,2190
4,6242 4,6572
5,1772 5,2106
93 13:54
4,4903 4,5228
4,1866 4,2190
4,6242 4,6572
5,1772 5,2106
94 13:55
4,4905 4,5230
4,1868 4,2192
4,6235 4,6565
5,1766 5,2100
95 13:56
4,4905 4,5230
4,1868 4,2192
4,6227 4,6557
5,1766 5,2100
96 13:57
4,4906 4,5231
4,1853 4,2177
4,6230 4,6560
5,1767 5,2101
97 13:58
4,4909 4,5234
4,1856 4,2180
4,6236 4,6566
5,1770 5,2104
98 13:59
4,4909 4,5234
4,1852 4,2176
4,6236 4,6566
5,1770 5,2104
99 14:00
4,4933 4,5258
4,1874 4,2198
4,6260 4,6590
5,1796 5,2130
100 14:01
4,4941 4,5266
4,1884 4,2208
4,6269 4,6599
5,1809 5,2143
101 14:02
4,4941 4,5266
4,1884 4,2208
4,6269 4,6599
5,1813 5,2147
102 14:03
4,4941 4,5266
4,1876 4,2200
4,6269 4,6599
5,1813 5,2147
103 14:04
4,4941 4,5266
4,1874 4,2198
4,6269 4,6599
5,1813 5,2147
104 14:05
4,4941 4,5266
4,1874 4,2198
4,6285 4,6615
5,1819 5,2153
105 14:06
4,4941 4,5266
4,1866 4,2190
4,6285 4,6615
5,1819 5,2153
106 14:07
4,4930 4,5255
4,1856 4,2180
4,6276 4,6606
5,1807 5,2141
107 14:08
4,4929 4,5254
4,1854 4,2178
4,6280 4,6610
5,1805 5,2139
108 14:09
4,4929 4,5254
4,1854 4,2178
4,6280 4,6610
5,1799 5,2133
109 14:10
4,4921 4,5246
4,1847 4,2171
4,6267 4,6597
5,1790 5,2124
110 14:11
4,4920 4,5245
4,1847 4,2171
4,6269 4,6599
5,1789 5,2123
111 14:12
4,4922 4,5247
4,1848 4,2172
4,6273 4,6603
5,1794 5,2128
112 14:13
4,4922 4,5247
4,1848 4,2172
4,6273 4,6603
5,1794 5,2128
113 14:14
4,4922 4,5247
4,1843 4,2167
4,6266 4,6596
5,1794 5,2128
114 14:15
4,4919 4,5244
4,1842 4,2166
4,6265 4,6595
5,1800 5,2134
115 14:16
4,4911 4,5236
4,1834 4,2158
4,6257 4,6587
5,1790 5,2124
116 14:17
4,4911 4,5236
4,1834 4,2158
4,6257 4,6587
5,1799 5,2133
117 14:18
4,4911 4,5236
4,1834 4,2158
4,6257 4,6587
5,1799 5,2133
118 14:19
4,4922 4,5247
4,1846 4,2170
4,6268 4,6598
5,1803 5,2137
119 14:20
4,4922 4,5247
4,1863 4,2187
4,6268 4,6598
5,1803 5,2137
120 14:21
4,4926 4,5251
4,1872 4,2196
4,6284 4,6614
5,1808 5,2142
121 14:22
4,4923 4,5248
4,1869 4,2193
4,6293 4,6623
5,1795 5,2129
122 14:23
4,4924 4,5249
4,1858 4,2182
4,6294 4,6624
5,1798 5,2132
123 14:24
4,4926 4,5251
4,1864 4,2188
4,6296 4,6626
5,1817 5,2151
124 14:25
4,4928 4,5253
4,1866 4,2190
4,6298 4,6628
5,1819 5,2153
125 14:26
4,4928 4,5253
4,1866 4,2190
4,6279 4,6609
5,1819 5,2153
126 14:27
4,4916 4,5241
4,1858 4,2182
4,6267 4,6597
5,1805 5,2139
127 14:28
4,4916 4,5241
4,1855 4,2179
4,6267 4,6597
5,1805 5,2139
128 14:29
4,4918 4,5243
4,1856 4,2180
4,6264 4,6594
5,1802 5,2136
129 14:30
4,4918 4,5243
4,1856 4,2180
4,6276 4,6606
5,1800 5,2134
130 14:31
4,4915 4,5240
4,1853 4,2177
4,6275 4,6605
5,1795 5,2129
131 14:32
4,4934 4,5259
4,1871 4,2195
4,6294 4,6624
5,1808 5,2142
132 14:33
4,4942 4,5267
4,1878 4,2202
4,6291 4,6621
5,1817 5,2151
133 14:34
4,4942 4,5267
4,1878 4,2202
4,6291 4,6621
5,1817 5,2151
134 14:35
4,4942 4,5267
4,1931 4,2255
4,6291 4,6621
5,1817 5,2151
135 14:36
4,4942 4,5267
4,1931 4,2255
4,6291 4,6621
5,1818 5,2152
136 14:37
4,4942 4,5267
4,1931 4,2255
4,6291 4,6621
5,1820 5,2154
137 14:38
4,4942 4,5267
4,1931 4,2255
4,6291 4,6621
5,1814 5,2148
138 14:39
4,4942 4,5267
4,1929 4,2253
4,6291 4,6621
5,1828 5,2162
139 14:40
4,4896 4,5221
4,1901 4,2225
4,6244 4,6574
5,1765 5,2099
140 14:41
4,4886 4,5211
4,1891 4,2215
4,6234 4,6564
5,1754 5,2088
141 14:42
4,4887 4,5212
4,1892 4,2216
4,6208 4,6538
5,1758 5,2092
142 14:43
4,4887 4,5212
4,1894 4,2218
4,6204 4,6534
5,1758 5,2092
143 14:44
4,4887 4,5212
4,1894 4,2218
4,6204 4,6534
5,1758 5,2092
144 14:45
4,4905 4,5230
4,1911 4,2235
4,6222 4,6552
5,1778 5,2112
145 14:46
4,4902 4,5227
4,1897 4,2221
4,6209 4,6539
5,1775 5,2109
146 14:47
4,4902 4,5227
4,1898 4,2222
4,6205 4,6535
5,1753 5,2087
147 14:48
4,4902 4,5227
4,1898 4,2222
4,6202 4,6532
5,1753 5,2087
148 14:49
4,4902 4,5227
4,1898 4,2222
4,6202 4,6532
5,1744 5,2078
149 14:50
4,4894 4,5219
4,1894 4,2218
4,6190 4,6520
5,1744 5,2078
150 14:51
4,4891 4,5216
4,1892 4,2216
4,6186 4,6516
5,1744 5,2078
151 14:52
4,4891 4,5216
4,1892 4,2216
4,6188 4,6518
5,1729 5,2063
152 14:53
4,4897 4,5222
4,1886 4,2210
4,6211 4,6541
5,1736 5,2070
153 14:54
4,4897 4,5222
4,1902 4,2226
4,6211 4,6541
5,1735 5,2069
154 14:55
4,4895 4,5220
4,1898 4,2222
4,6195 4,6525
5,1733 5,2067
155 14:56
4,4891 4,5216
4,1894 4,2218
4,6192 4,6522
5,1729 5,2063
156 14:57
4,4892 4,5217
4,1894 4,2218
4,6199 4,6529
5,1732 5,2066
157 14:58
4,4902 4,5227
4,1904 4,2228
4,6209 4,6539
5,1744 5,2078
158 14:59
4,4906 4,5231
4,1908 4,2232
4,6218 4,6548
5,1746 5,2080
159 15:00
4,4906 4,5231
4,1908 4,2232
4,6218 4,6548
5,1737 5,2071
160 15:01
4,4906 4,5231
4,1908 4,2232
4,6214 4,6544
5,1737 5,2071
161 15:02
4,4906 4,5231
4,1908 4,2232
4,6214 4,6544
5,1731 5,2065
162 15:03
4,4906 4,5231
4,1908 4,2232
4,6218 4,6548
5,1731 5,2065
163 15:04
4,4922 4,5247
4,1922 4,2246
4,6234 4,6564
5,1764 5,2098
164 15:05
4,4922 4,5247
4,1922 4,2246
4,6239 4,6569
5,1767 5,2101
165 15:06
4,4925 4,5250
4,1906 4,2230
4,6247 4,6577
5,1771 5,2105
166 15:07
4,4925 4,5250
4,1906 4,2230
4,6259 4,6589
5,1771 5,2105
167 15:08
4,4921 4,5246
4,1902 4,2226
4,6255 4,6585
5,1781 5,2115
168 15:09
4,4921 4,5246
4,1902 4,2226
4,6255 4,6585
5,1781 5,2115
169 15:10
4,4911 4,5236
4,1907 4,2231
4,6247 4,6577
5,1767 5,2101
170 15:11
4,4911 4,5236
4,1913 4,2237
4,6247 4,6577
5,1767 5,2101
171 15:12
4,4911 4,5236
4,1913 4,2237
4,6247 4,6577
5,1761 5,2095
172 15:13
4,4913 4,5238
4,1897 4,2221
4,6249 4,6579
5,1763 5,2097
173 15:14
4,4913 4,5238
4,1899 4,2223
4,6245 4,6575
5,1769 5,2103
174 15:15
4,4913 4,5238
4,1905 4,2229
4,6245 4,6575
5,1769 5,2103
175 15:16
4,4919 4,5244
4,1910 4,2234
4,6242 4,6572
5,1782 5,2116
176 15:17
4,4919 4,5244
4,1910 4,2234
4,6241 4,6571
5,1782 5,2116
177 15:18
4,4928 4,5253
4,1919 4,2243
4,6260 4,6590
5,1795 5,2129
178 15:19
4,4928 4,5253
4,1919 4,2243
4,6260 4,6590
5,1798 5,2132
179 15:20
4,4928 4,5253
4,1919 4,2243
4,6265 4,6595
5,1798 5,2132
180 15:21
4,4928 4,5253
4,1905 4,2229
4,6265 4,6595
5,1807 5,2141
181 15:22
4,4876 4,5201
4,1851 4,2175
4,6226 4,6556
5,1748 5,2082
182 15:23
4,4881 4,5206
4,1861 4,2185
4,6230 4,6560
5,1760 5,2094
183 15:24
4,4887 4,5212
4,1868 4,2192
4,6242 4,6572
5,1768 5,2102
184 15:25
4,4887 4,5212
4,1867 4,2191
4,6242 4,6572
5,1768 5,2102
185 15:26
4,4887 4,5212
4,1867 4,2191
4,6242 4,6572
5,1768 5,2102
186 15:27
4,4887 4,5212
4,1867 4,2191
4,6237 4,6567
5,1768 5,2102
187 15:28
4,4886 4,5211
4,1876 4,2200
4,6238 4,6568
5,1766 5,2100
188 15:29
4,4886 4,5211
4,1876 4,2200
4,6238 4,6568
5,1766 5,2100
189 15:30
4,4886 4,5211
4,1876 4,2200
4,6219 4,6549
5,1766 5,2100
190 15:31
4,4886 4,5211
4,1876 4,2200
4,6219 4,6549
5,1759 5,2093
191 15:32
4,4886 4,5211
4,1876 4,2200
4,6219 4,6549
5,1759 5,2093
192 15:33
4,4886 4,5211
4,1883 4,2207
4,6205 4,6535
5,1744 5,2078
193 15:34
4,4886 4,5211
4,1881 4,2205
4,6205 4,6535
5,1744 5,2078
194 15:35
4,4886 4,5211
4,1881 4,2205
4,6200 4,6530
5,1744 5,2078
195 15:36
4,4886 4,5211
4,1903 4,2227
4,6202 4,6532
5,1762 5,2096
196 15:37
4,4886 4,5211
4,1903 4,2227
4,6202 4,6532
5,1759 5,2093
197 15:38
4,4905 4,5230
4,1925 4,2249
4,6216 4,6546
5,1751 5,2085
198 15:39
4,4904 4,5229
4,1924 4,2248
4,6215 4,6545
5,1750 5,2084
199 15:40
4,4904 4,5229
4,1928 4,2252
4,6215 4,6545
5,1750 5,2084
200 15:41
4,4904 4,5229
4,1928 4,2252
4,6215 4,6545
5,1750 5,2084
201 15:42
4,4904 4,5229
4,1924 4,2248
4,6228 4,6558
5,1750 5,2084
202 15:43
4,4913 4,5238
4,1934 4,2258
4,6242 4,6572
5,1760 5,2094
203 15:44
4,4913 4,5238
4,1934 4,2258
4,6240 4,6570
5,1748 5,2082
204 15:45
4,4926 4,5251
4,1952 4,2276
4,6258 4,6588
5,1763 5,2097
205 15:46
4,4925 4,5250
4,1951 4,2275
4,6251 4,6581
5,1762 5,2096
206 15:47
4,4917 4,5242
4,1916 4,2240
4,6243 4,6573
5,1753 5,2087
207 15:48
4,4917 4,5242
4,1916 4,2240
4,6243 4,6573
5,1741 5,2075
208 15:49
4,4917 4,5242
4,1916 4,2240
4,6243 4,6573
5,1741 5,2075
209 15:50
4,4917 4,5242
4,1916 4,2240
4,6245 4,6575
5,1719 5,2053
210 15:51
4,4917 4,5242
4,1916 4,2240
4,6244 4,6574
5,1720 5,2054
211 15:52
4,4917 4,5242
4,1916 4,2240
4,6247 4,6577
5,1720 5,2054
212 15:53
4,4909 4,5234
4,1909 4,2233
4,6242 4,6572
5,1710 5,2044
