#======================
2023-4-3
# 1.EUR, 2.USD, 3.CHF, 4.GBP
Sell Price, Buy Price
1 08:50
4,6624 4,6947
4,3125 4,3448
4,6916 4,7246
5,3049 5,3382
2 08:51
4,6620 4,6943
4,3123 4,3446
4,6911 4,7241
5,3044 5,3377
3 08:52
4,6627 4,6950
4,3128 4,3451
4,6918 4,7248
5,3052 5,3385
4 08:53
4,6626 4,6949
4,3126 4,3449
4,6926 4,7256
5,3052 5,3385
5 08:54
4,6627 4,6950
4,3127 4,3450
4,6918 4,7248
5,3052 5,3385
6 08:55
4,6625 4,6948
4,3112 4,3435
4,6912 4,7242
5,3050 5,3383
7 08:56
4,6620 4,6943
4,3102 4,3425
4,6901 4,7231
5,3043 5,3376
8 08:57
4,6616 4,6939
4,3099 4,3422
4,6892 4,7222
5,3033 5,3366
9 08:58
4,6608 4,6931
4,3089 4,3412
4,6882 4,7212
5,3024 5,3357
10 08:59
4,6602 4,6925
4,3078 4,3401
4,6873 4,7203
5,3011 5,3344
11 09:00
4,6596 4,6919
4,3073 4,3396
4,6858 4,7188
5,2999 5,3332
12 09:01
4,6608 4,6931
4,3084 4,3407
4,6871 4,7201
5,3034 5,3367
13 09:02
4,6599 4,6922
4,3079 4,3402
4,6847 4,7177
5,3035 5,3368
14 09:03
4,6601 4,6924
4,3077 4,3400
4,6873 4,7203
5,3035 5,3368
15 09:04
4,6604 4,6927
4,3085 4,3408
4,6876 4,7206
5,3041 5,3374
16 09:05
4,6607 4,6930
4,3091 4,3414
4,6880 4,7210
5,3048 5,3381
17 09:06
4,6611 4,6936
4,3098 4,3420
4,6884 4,7214
5,3053 5,3387
18 09:07
4,6615 4,6940
4,3092 4,3414
4,6898 4,7228
5,3055 5,3389
19 09:08
4,6617 4,6942
4,3094 4,3416
4,6898 4,7228
5,3060 5,3394
20 09:09
4,6619 4,6944
4,3082 4,3404
4,6884 4,7214
5,3054 5,3388
21 09:10
4,6613 4,6938
4,3067 4,3389
4,6870 4,7200
5,3047 5,3381
22 09:11
4,6598 4,6921
4,3047 4,3369
4,6849 4,7179
5,3022 5,3356
23 09:12
4,6606 4,6929
4,3051 4,3373
4,6854 4,7184
5,3025 5,3359
24 09:13
4,6607 4,6930
4,3046 4,3368
4,6865 4,7195
5,3020 5,3354
25 09:14
4,6607 4,6930
4,3048 4,3370
4,6865 4,7195
5,3024 5,3358
26 09:15
4,6606 4,6929
4,3054 4,3376
4,6874 4,7204
5,3027 5,3361
27 09:16
4,6610 4,6933
4,3061 4,3383
4,6892 4,7221
5,3027 5,3360
28 09:17
4,6621 4,6944
4,3062 4,3384
4,6896 4,7225
5,3035 5,3368
29 09:18
4,6624 4,6947
4,3051 4,3373
4,6898 4,7227
5,3029 5,3362
30 09:19
4,6627 4,6950
4,3051 4,3373
4,6902 4,7231
5,3031 5,3364
31 09:20
4,6628 4,6951
4,3060 4,3382
4,6902 4,7231
5,3029 5,3362
32 09:21
4,6630 4,6953
4,3072 4,3394
4,6903 4,7233
5,3039 5,3373
33 09:22
4,6626 4,6949
4,3068 4,3390
4,6891 4,7221
5,3028 5,3362
34 09:23
4,6633 4,6956
4,3081 4,3403
4,6904 4,7234
5,3040 5,3374
35 09:24
4,6636 4,6959
4,3084 4,3406
4,6911 4,7241
5,3042 5,3376
36 09:25
4,6635 4,6958
4,3077 4,3399
4,6908 4,7238
5,3038 5,3372
37 09:26
4,6629 4,6954
4,3066 4,3388
4,6903 4,7233
5,3036 5,3370
38 09:27
4,6626 4,6951
4,3057 4,3379
4,6900 4,7230
5,3027 5,3361
39 09:28
4,6628 4,6953
4,3045 4,3367
4,6902 4,7232
5,3025 5,3359
40 09:29
4,6625 4,6950
4,3050 4,3372
4,6904 4,7234
5,3031 5,3365
41 09:30
4,6627 4,6952
4,3052 4,3374
4,6909 4,7239
5,3033 5,3367
42 09:31
4,6633 4,6956
4,3063 4,3385
4,6899 4,7229
5,3041 5,3376
43 09:32
4,6641 4,6964
4,3078 4,3400
4,6900 4,7230
5,3056 5,3391
44 09:33
4,6634 4,6957
4,3052 4,3374
4,6888 4,7218
5,3053 5,3388
45 09:34
4,6630 4,6953
4,3046 4,3368
4,6875 4,7205
5,3050 5,3385
46 09:35
4,6632 4,6955
4,3044 4,3366
4,6877 4,7207
5,3046 5,3381
47 09:36
4,6627 4,6950
4,3036 4,3358
4,6869 4,7198
5,3045 5,3378
48 09:37
4,6621 4,6944
4,3029 4,3351
4,6861 4,7190
5,3040 5,3373
49 09:38
4,6624 4,6947
4,3029 4,3351
4,6861 4,7190
5,3047 5,3380
50 09:39
4,6619 4,6942
4,3012 4,3334
4,6862 4,7191
5,3035 5,3368
51 09:40
4,6619 4,6942
4,3006 4,3328
4,6867 4,7196
5,3032 5,3365
52 09:41
4,6627 4,6950
4,3011 4,3333
4,6880 4,7210
5,3044 5,3378
53 09:42
4,6622 4,6945
4,3006 4,3328
4,6871 4,7201
5,3029 5,3363
54 09:43
4,6623 4,6946
4,3019 4,3341
4,6890 4,7220
5,3031 5,3365
55 09:44
4,6613 4,6936
4,3010 4,3332
4,6890 4,7220
5,3010 5,3344
56 09:45
4,6618 4,6941
4,3024 4,3346
4,6900 4,7230
5,3021 5,3355
57 09:46
4,6617 4,6940
4,3014 4,3336
4,6895 4,7224
5,3023 5,3357
58 09:47
4,6607 4,6930
4,3003 4,3325
4,6881 4,7210
5,3000 5,3334
59 09:48
4,6606 4,6929
4,3002 4,3324
4,6880 4,7209
5,3002 5,3336
60 09:49
4,6609 4,6932
4,3004 4,3326
4,6878 4,7207
5,3010 5,3344
61 09:50
4,6612 4,6935
4,3009 4,3331
4,6886 4,7215
5,3014 5,3348
62 09:51
4,6613 4,6936
4,3003 4,3325
4,6869 4,7198
5,3019 5,3353
63 09:52
4,6611 4,6934
4,3006 4,3328
4,6875 4,7204
5,3025 5,3359
64 09:53
4,6607 4,6930
4,3000 4,3322
4,6876 4,7205
5,3009 5,3343
65 09:54
4,6610 4,6933
4,3002 4,3324
4,6884 4,7213
5,3003 5,3337
66 09:55
4,6608 4,6931
4,3004 4,3326
4,6882 4,7211
5,3001 5,3335
67 09:56
4,6608 4,6933
4,3004 4,3326
4,6879 4,7208
5,2990 5,3324
68 09:57
4,6605 4,6930
4,3002 4,3324
4,6875 4,7204
5,2996 5,3330
69 09:58
4,6605 4,6930
4,3002 4,3324
4,6870 4,7199
5,3007 5,3341
70 09:59
4,6585 4,6910
4,2973 4,3295
4,6834 4,7163
5,2982 5,3316
71 10:00
4,6587 4,6912
4,2979 4,3301
4,6834 4,7163
5,2987 5,3321
72 10:01
4,6586 4,6909
4,2980 4,3302
4,6819 4,7148
5,2991 5,3324
73 10:02
4,6589 4,6912
4,2987 4,3309
4,6830 4,7159
5,2990 5,3323
74 10:03
4,6587 4,6910
4,2994 4,3316
4,6827 4,7156
5,2991 5,3324
75 10:04
4,6594 4,6917
4,3015 4,3337
4,6847 4,7176
5,3004 5,3337
76 10:05
4,6596 4,6919
4,3007 4,3329
4,6837 4,7166
5,2996 5,3329
77 10:06
4,6597 4,6920
4,2998 4,3320
4,6830 4,7160
5,2995 5,3329
78 10:07
4,6599 4,6922
4,2999 4,3321
4,6838 4,7168
5,3000 5,3334
79 10:08
4,6602 4,6925
4,2998 4,3320
4,6840 4,7170
5,3004 5,3338
80 10:09
4,6606 4,6929
4,3016 4,3338
4,6846 4,7176
5,3005 5,3339
81 10:10
4,6606 4,6929
4,3010 4,3332
4,6844 4,7174
5,3002 5,3336
82 10:11
4,6608 4,6931
4,3018 4,3340
4,6849 4,7178
5,3007 5,3341
83 10:12
4,6604 4,6927
4,3008 4,3330
4,6845 4,7174
5,2999 5,3333
84 10:13
4,6605 4,6928
4,3011 4,3333
4,6851 4,7180
5,3004 5,3338
85 10:14
4,6604 4,6927
4,3018 4,3340
4,6859 4,7188
5,3006 5,3340
86 10:15
4,6611 4,6934
4,3021 4,3343
4,6868 4,7197
5,3014 5,3348
87 10:16
4,6605 4,6928
4,3015 4,3337
4,6864 4,7193
5,3006 5,3340
88 10:17
4,6609 4,6932
4,3015 4,3337
4,6860 4,7189
5,3009 5,3343
89 10:18
4,6604 4,6927
4,3008 4,3330
4,6850 4,7179
5,3003 5,3337
90 10:19
4,6602 4,6925
4,3008 4,3330
4,6855 4,7184
5,3013 5,3347
91 10:20
4,6601 4,6924
4,3005 4,3327
4,6842 4,7171
5,3012 5,3346
92 10:21
4,6598 4,6921
4,2997 4,3319
4,6834 4,7163
5,3000 5,3334
93 10:22
4,6598 4,6921
4,2995 4,3317
4,6834 4,7163
5,2999 5,3333
94 10:23
4,6591 4,6914
4,2982 4,3304
4,6827 4,7156
5,2991 5,3325
95 10:24
4,6600 4,6923
4,2990 4,3312
4,6836 4,7165
5,3004 5,3338
96 10:25
4,6599 4,6922
4,2995 4,3317
4,6837 4,7166
5,2994 5,3328
97 10:26
4,6600 4,6925
4,2999 4,3321
4,6831 4,7161
5,2996 5,3330
98 10:27
4,6605 4,6930
4,3002 4,3324
4,6828 4,7158
5,2999 5,3333
99 10:28
4,6604 4,6929
4,3003 4,3325
4,6824 4,7154
5,3001 5,3335
100 10:29
4,6612 4,6937
4,3014 4,3336
4,6844 4,7174
5,3011 5,3345
101 10:30
4,6610 4,6935
4,3017 4,3339
4,6833 4,7163
5,3000 5,3334
102 10:31
4,6612 4,6935
4,3008 4,3330
4,6829 4,7159
5,2994 5,3328
103 10:32
4,6615 4,6938
4,3008 4,3330
4,6822 4,7152
5,2997 5,3331
104 10:33
4,6614 4,6937
4,3009 4,3331
4,6827 4,7157
5,2993 5,3327
105 10:34
4,6614 4,6937
4,3009 4,3331
4,6821 4,7151
5,2993 5,3327
106 10:35
4,6612 4,6935
4,3011 4,3333
4,6828 4,7158
5,2990 5,3324
107 10:36
4,6606 4,6929
4,3002 4,3324
4,6826 4,7156
5,2983 5,3317
108 10:37
4,6603 4,6926
4,3015 4,3337
4,6829 4,7159
5,2990 5,3324
109 10:38
4,6598 4,6921
4,3011 4,3333
4,6824 4,7154
5,2996 5,3330
110 10:39
4,6594 4,6917
4,3002 4,3324
4,6814 4,7144
5,2994 5,3328
111 10:40
4,6594 4,6917
4,2999 4,3321
4,6809 4,7139
5,2988 5,3322
112 10:41
4,6599 4,6922
4,2996 4,3318
4,6812 4,7141
5,2979 5,3313
113 10:42
4,6594 4,6917
4,2990 4,3312
4,6806 4,7135
5,2970 5,3304
114 10:43
4,6594 4,6917
4,2991 4,3313
4,6806 4,7135
5,2973 5,3307
115 10:44
4,6603 4,6926
4,3003 4,3325
4,6818 4,7147
5,2981 5,3315
116 10:45
4,6612 4,6935
4,3008 4,3330
4,6820 4,7149
5,2983 5,3317
117 10:46
4,6616 4,6939
4,3009 4,3331
4,6821 4,7151
5,2981 5,3314
118 10:47
4,6616 4,6939
4,3011 4,3333
4,6826 4,7156
5,2976 5,3309
119 10:48
4,6616 4,6939
4,3013 4,3335
4,6839 4,7169
5,2980 5,3313
120 10:49
4,6618 4,6941
4,3013 4,3335
4,6846 4,7176
5,2985 5,3318
121 10:50
4,6621 4,6944
4,3007 4,3329
4,6849 4,7179
5,2991 5,3324
122 10:51
4,6620 4,6943
4,3005 4,3327
4,6850 4,7179
5,2980 5,3314
123 10:52
4,6630 4,6953
4,2986 4,3308
4,6856 4,7185
5,2984 5,3318
124 10:53
4,6634 4,6957
4,2990 4,3312
4,6861 4,7190
5,2987 5,3321
125 10:54
4,6633 4,6956
4,2991 4,3313
4,6860 4,7189
5,2996 5,3330
126 10:55
4,6632 4,6955
4,3000 4,3322
4,6861 4,7190
5,3013 5,3347
127 10:56
4,6632 4,6955
4,3006 4,3328
4,6861 4,7191
5,3023 5,3357
128 10:57
4,6632 4,6955
4,3002 4,3324
4,6863 4,7193
5,3029 5,3363
129 10:58
4,6632 4,6955
4,3004 4,3326
4,6862 4,7192
5,3034 5,3368
130 10:59
4,6635 4,6958
4,3007 4,3329
4,6863 4,7193
5,3050 5,3384
131 11:00
4,6628 4,6951
4,3000 4,3322
4,6856 4,7186
5,3059 5,3393
132 11:01
4,6627 4,6950
4,2990 4,3312
4,6853 4,7183
5,3056 5,3390
133 11:02
4,6628 4,6951
4,2989 4,3311
4,6849 4,7179
5,3060 5,3394
134 11:03
4,6618 4,6941
4,2945 4,3267
4,6834 4,7164
5,3012 5,3346
135 11:04
4,6613 4,6936
4,2957 4,3279
4,6829 4,7159
5,3010 5,3344
136 11:05
4,6591 4,6914
4,2950 4,3272
4,6818 4,7148
5,2993 5,3327
137 11:06
4,6596 4,6921
4,2956 4,3278
4,6822 4,7151
5,3010 5,3344
138 11:07
4,6597 4,6922
4,2949 4,3271
4,6815 4,7144
5,3018 5,3352
139 11:08
4,6593 4,6918
4,2949 4,3271
4,6811 4,7140
5,3013 5,3347
140 11:09
4,6596 4,6921
4,2956 4,3278
4,6814 4,7143
5,3013 5,3347
141 11:10
4,6596 4,6921
4,2950 4,3272
4,6820 4,7149
5,3007 5,3341
142 11:11
4,6604 4,6927
4,2954 4,3276
4,6825 4,7155
5,3027 5,3360
143 11:12
4,6605 4,6928
4,2957 4,3279
4,6827 4,7157
5,3021 5,3354
144 11:13
4,6608 4,6931
4,2962 4,3284
4,6833 4,7163
5,3025 5,3358
145 11:14
4,6609 4,6932
4,2967 4,3289
4,6835 4,7165
5,3027 5,3360
146 11:15
4,6615 4,6938
4,2958 4,3280
4,6837 4,7167
5,3027 5,3360
147 11:16
4,6618 4,6941
4,2959 4,3281
4,6847 4,7177
5,3030 5,3364
148 11:17
4,6608 4,6931
4,2955 4,3277
4,6835 4,7165
5,3010 5,3344
149 11:18
4,6604 4,6927
4,2946 4,3268
4,6833 4,7163
5,3015 5,3349
150 11:19
4,6606 4,6929
4,2956 4,3278
4,6850 4,7180
5,3020 5,3354
151 11:20
4,6607 4,6930
4,2953 4,3275
4,6851 4,7181
5,3022 5,3356
152 11:21
4,6608 4,6931
4,2954 4,3276
4,6853 4,7183
5,3022 5,3356
153 11:22
4,6608 4,6931
4,2958 4,3280
4,6857 4,7187
5,3028 5,3362
154 11:23
4,6611 4,6934
4,2955 4,3277
4,6860 4,7190
5,3029 5,3363
155 11:24
4,6611 4,6934
4,2961 4,3283
4,6864 4,7194
5,3033 5,3367
156 11:25
4,6612 4,6935
4,2958 4,3280
4,6864 4,7194
5,3027 5,3361
157 11:26
4,6612 4,6935
4,2955 4,3277
4,6855 4,7185
5,3024 5,3358
158 11:27
4,6611 4,6934
4,2956 4,3278
4,6857 4,7187
5,3025 5,3359
159 11:28
4,6593 4,6916
4,2940 4,3262
4,6846 4,7176
5,3020 5,3354
160 11:29
4,6589 4,6912
4,2939 4,3261
4,6834 4,7164
5,3017 5,3351
161 11:30
4,6592 4,6915
4,2947 4,3269
4,6827 4,7157
5,3026 5,3360
162 11:31
4,6588 4,6911
4,2952 4,3274
4,6831 4,7161
5,3024 5,3358
163 11:32
4,6593 4,6916
4,2960 4,3282
4,6839 4,7169
5,3030 5,3364
164 11:33
4,6593 4,6916
4,2956 4,3278
4,6838 4,7168
5,3027 5,3361
165 11:34
4,6585 4,6908
4,2951 4,3273
4,6830 4,7160
5,3021 5,3355
166 11:35
4,6578 4,6901
4,2938 4,3260
4,6822 4,7152
5,3009 5,3343
167 11:36
4,6583 4,6906
4,2939 4,3261
4,6820 4,7150
5,3015 5,3349
168 11:37
4,6581 4,6904
4,2941 4,3263
4,6818 4,7148
5,3010 5,3344
169 11:38
4,6579 4,6902
4,2941 4,3263
4,6821 4,7151
5,3013 5,3347
170 11:39
4,6581 4,6904
4,2937 4,3259
4,6821 4,7151
5,3013 5,3347
171 11:40
4,6580 4,6903
4,2934 4,3256
4,6820 4,7150
5,3009 5,3343
172 11:41
4,6581 4,6904
4,2935 4,3257
4,6821 4,7151
5,3007 5,3340
173 11:42
4,6560 4,6883
4,2912 4,3234
4,6795 4,7125
5,2986 5,3319
174 11:43
4,6562 4,6885
4,2912 4,3234
4,6797 4,7127
5,2982 5,3315
175 11:44
4,6580 4,6903
4,2926 4,3248
4,6817 4,7147
5,2997 5,3330
176 11:45
4,6574 4,6897
4,2919 4,3241
4,6809 4,7139
5,2987 5,3320
177 11:46
4,6575 4,6900
4,2921 4,3243
4,6814 4,7144
5,2989 5,3323
178 11:47
4,6570 4,6895
4,2912 4,3234
4,6799 4,7129
5,2980 5,3314
179 11:48
4,6582 4,6907
4,2915 4,3237
4,6813 4,7143
5,2982 5,3316
180 11:49
4,6572 4,6897
4,2916 4,3238
4,6813 4,7143
5,2989 5,3323
181 11:50
4,6572 4,6897
4,2910 4,3232
4,6817 4,7147
5,2992 5,3326
182 11:51
4,6572 4,6895
4,2907 4,3229
4,6813 4,7143
5,3006 5,3340
183 11:52
4,6572 4,6895
4,2915 4,3237
4,6812 4,7142
5,3006 5,3340
184 11:53
4,6581 4,6904
4,2933 4,3255
4,6825 4,7155
5,3016 5,3350
185 11:54
4,6573 4,6896
4,2928 4,3250
4,6817 4,7147
5,3025 5,3359
186 11:55
4,6573 4,6896
4,2936 4,3258
4,6820 4,7150
5,3031 5,3365
187 11:56
4,6577 4,6900
4,2937 4,3259
4,6827 4,7157
5,3035 5,3369
188 11:57
4,6577 4,6900
4,2930 4,3252
4,6807 4,7137
5,3029 5,3363
189 11:58
4,6577 4,6900
4,2934 4,3256
4,6810 4,7140
5,3033 5,3367
190 11:59
4,6578 4,6901
4,2924 4,3246
4,6798 4,7128
5,3033 5,3367
191 12:00
4,6577 4,6900
4,2920 4,3242
4,6794 4,7124
5,3033 5,3367
192 12:01
4,6578 4,6901
4,2916 4,3238
4,6794 4,7124
5,3052 5,3386
193 12:02
4,6571 4,6894
4,2918 4,3240
4,6782 4,7112
5,3050 5,3384
194 12:03
4,6571 4,6894
4,2908 4,3230
4,6786 4,7116
5,3046 5,3380
195 12:04
4,6564 4,6887
4,2906 4,3228
4,6781 4,7111
5,3021 5,3355
196 12:05
4,6563 4,6886
4,2902 4,3224
4,6777 4,7107
5,3023 5,3357
197 12:06
4,6561 4,6884
4,2895 4,3217
4,6782 4,7112
5,3029 5,3363
198 12:07
4,6561 4,6884
4,2903 4,3225
4,6785 4,7115
5,3042 5,3376
199 12:08
4,6561 4,6884
4,2903 4,3225
4,6784 4,7114
5,3039 5,3373
200 12:09
4,6571 4,6894
4,2908 4,3230
4,6792 4,7122
5,3047 5,3381
201 12:10
4,6575 4,6898
4,2908 4,3230
4,6798 4,7128
5,3034 5,3368
202 12:11
4,6575 4,6898
4,2893 4,3215
4,6795 4,7125
5,3027 5,3360
203 12:12
4,6575 4,6898
4,2890 4,3212
4,6794 4,7124
5,3030 5,3363
204 12:13
4,6574 4,6897
4,2893 4,3215
4,6794 4,7124
5,3029 5,3362
205 12:14
4,6577 4,6900
4,2888 4,3210
4,6798 4,7128
5,3025 5,3358
206 12:15
4,6573 4,6896
4,2892 4,3214
4,6796 4,7126
5,3022 5,3355
207 12:16
4,6570 4,6893
4,2883 4,3205
4,6787 4,7116
5,3011 5,3346
208 12:17
4,6573 4,6896
4,2880 4,3202
4,6787 4,7116
5,3017 5,3352
209 12:18
4,6579 4,6902
4,2885 4,3207
4,6791 4,7120
5,3030 5,3365
210 12:19
4,6582 4,6905
4,2895 4,3217
4,6800 4,7129
5,3032 5,3367
211 12:20
4,6572 4,6895
4,2885 4,3207
4,6790 4,7119
5,3003 5,3338
212 12:21
4,6574 4,6897
4,2893 4,3215
4,6793 4,7123
5,3009 5,3343
213 12:22
4,6571 4,6894
4,2888 4,3210
4,6791 4,7121
5,3004 5,3338
214 12:23
4,6571 4,6894
4,2878 4,3200
4,6787 4,7117
5,2992 5,3326
215 12:24
4,6576 4,6899
4,2877 4,3199
4,6790 4,7120
5,2992 5,3326
216 12:25
4,6576 4,6899
4,2875 4,3197
4,6792 4,7122
5,2989 5,3323
217 12:26
4,6583 4,6906
4,2852 4,3174
4,6794 4,7124
5,2978 5,3312
218 12:27
4,6580 4,6903
4,2861 4,3183
4,6794 4,7124
5,2969 5,3303
219 12:28
4,6583 4,6906
4,2868 4,3190
4,6792 4,7122
5,2976 5,3310
220 12:29
4,6583 4,6906
4,2872 4,3194
4,6794 4,7124
5,2975 5,3309
221 12:30
4,6584 4,6907
4,2875 4,3197
4,6800 4,7130
5,2983 5,3317
222 12:31
4,6587 4,6912
4,2874 4,3196
4,6786 4,7116
5,2988 5,3322
223 12:32
4,6585 4,6910
4,2876 4,3198
4,6788 4,7118
5,3000 5,3334
224 12:33
4,6586 4,6911
4,2872 4,3194
4,6775 4,7105
5,3008 5,3342
225 12:34
4,6587 4,6912
4,2876 4,3198
4,6783 4,7113
5,3012 5,3346
226 12:35
4,6584 4,6909
4,2869 4,3191
4,6773 4,7103
5,3006 5,3340
227 12:36
4,6585 4,6908
4,2875 4,3197
4,6773 4,7103
5,3005 5,3338
228 12:37
4,6589 4,6912
4,2885 4,3207
4,6784 4,7114
5,3013 5,3346
229 12:38
4,6589 4,6912
4,2885 4,3207
4,6789 4,7119
5,3010 5,3343
230 12:39
4,6588 4,6911
4,2886 4,3208
4,6792 4,7122
5,3009 5,3342
231 12:40
4,6589 4,6912
4,2889 4,3211
4,6787 4,7117
5,3007 5,3340
232 12:41
4,6582 4,6905
4,2863 4,3185
4,6777 4,7107
5,2991 5,3325
233 12:42
4,6577 4,6900
4,2854 4,3176
4,6770 4,7100
5,2975 5,3309
234 12:43
4,6578 4,6901
4,2867 4,3189
4,6775 4,7105
5,2988 5,3322
235 12:44
4,6578 4,6901
4,2865 4,3187
4,6768 4,7098
5,2979 5,3313
236 12:45
4,6566 4,6889
4,2852 4,3174
4,6757 4,7087
5,2964 5,3298
237 12:46
4,6574 4,6897
4,2869 4,3191
4,6767 4,7097
5,2981 5,3315
238 12:47
4,6570 4,6893
4,2854 4,3176
4,6758 4,7088
5,2967 5,3301
239 12:48
4,6570 4,6893
4,2858 4,3180
4,6760 4,7090
5,2972 5,3306
240 12:49
4,6567 4,6890
4,2857 4,3179
4,6759 4,7089
5,2982 5,3316
241 12:50
4,6579 4,6902
4,2862 4,3184
4,6763 4,7093
5,2991 5,3325
242 12:51
4,6583 4,6906
4,2854 4,3176
4,6766 4,7096
5,3012 5,3345
243 12:52
4,6583 4,6906
4,2850 4,3172
4,6766 4,7096
5,3018 5,3351
244 12:53
4,6587 4,6910
4,2851 4,3173
4,6770 4,7100
5,3014 5,3347
245 12:54
4,6588 4,6911
4,2862 4,3184
4,6774 4,7104
5,3021 5,3354
246 12:55
4,6585 4,6908
4,2859 4,3181
4,6773 4,7103
5,3011 5,3344
247 12:56
4,6591 4,6914
4,2863 4,3185
4,6774 4,7104
5,3012 5,3345
248 12:57
4,6589 4,6912
4,2864 4,3186
4,6774 4,7104
5,3010 5,3343
249 12:58
4,6596 4,6919
4,2863 4,3185
4,6781 4,7111
5,3017 5,3350
250 12:59
4,6601 4,6924
4,2867 4,3189
4,6785 4,7115
5,3024 5,3357
251 13:00
4,6599 4,6922
4,2864 4,3186
4,6773 4,7103
5,3024 5,3357
252 13:01
4,6611 4,6934
4,2871 4,3193
4,6785 4,7115
5,3040 5,3375
253 13:02
4,6597 4,6920
4,2864 4,3186
4,6770 4,7100
5,3030 5,3365
254 13:03
4,6595 4,6918
4,2863 4,3185
4,6769 4,7099
5,3031 5,3366
255 13:04
4,6599 4,6922
4,2874 4,3196
4,6779 4,7109
5,3035 5,3370
256 13:05
4,6604 4,6927
4,2884 4,3206
4,6784 4,7114
5,3047 5,3382
257 13:06
4,6605 4,6928
4,2889 4,3211
4,6783 4,7113
5,3049 5,3383
258 13:07
4,6603 4,6926
4,2890 4,3212
4,6784 4,7114
5,3047 5,3381
259 13:08
4,6603 4,6926
4,2892 4,3214
4,6789 4,7119
5,3054 5,3388
260 13:09
4,6608 4,6931
4,2900 4,3222
4,6796 4,7126
5,3062 5,3396
261 13:10
4,6605 4,6928
4,2898 4,3220
4,6788 4,7118
5,3059 5,3393
262 13:11
4,6603 4,6926
4,2899 4,3221
4,6776 4,7106
5,3061 5,3395
263 13:12
4,6601 4,6924
4,2900 4,3222
4,6778 4,7108
5,3063 5,3397
264 13:13
4,6601 4,6924
4,2892 4,3214
4,6782 4,7112
5,3066 5,3400
265 13:14
4,6591 4,6914
4,2875 4,3197
4,6772 4,7102
5,3043 5,3377
266 13:15
4,6598 4,6921
4,2881 4,3203
4,6776 4,7106
5,3048 5,3382
267 13:16
4,6599 4,6922
4,2882 4,3204
4,6779 4,7108
5,3058 5,3392
268 13:17
4,6602 4,6925
4,2883 4,3205
4,6783 4,7112
5,3059 5,3393
269 13:18
4,6598 4,6921
4,2883 4,3205
4,6782 4,7111
5,3053 5,3387
270 13:19
4,6601 4,6924
4,2884 4,3206
4,6783 4,7112
5,3060 5,3394
271 13:20
4,6602 4,6925
4,2885 4,3207
4,6786 4,7115
5,3067 5,3401
272 13:21
4,6602 4,6925
4,2891 4,3213
4,6785 4,7115
5,3073 5,3407
273 13:22
4,6597 4,6920
4,2894 4,3216
4,6790 4,7120
5,3077 5,3411
274 13:23
4,6604 4,6927
4,2893 4,3215
4,6796 4,7126
5,3082 5,3416
275 13:24
4,6598 4,6921
4,2886 4,3208
4,6786 4,7116
5,3074 5,3408
276 13:25
4,6597 4,6920
4,2882 4,3204
4,6785 4,7115
5,3071 5,3405
277 13:26
4,6596 4,6919
4,2886 4,3208
4,6789 4,7119
5,3075 5,3409
278 13:27
4,6597 4,6920
4,2892 4,3214
4,6801 4,7131
5,3080 5,3414
279 13:28
4,6603 4,6926
4,2896 4,3218
4,6811 4,7141
5,3093 5,3427
280 13:29
4,6600 4,6923
4,2893 4,3215
4,6805 4,7135
5,3077 5,3411
281 13:30
4,6600 4,6923
4,2895 4,3217
4,6807 4,7137
5,3083 5,3417
282 13:31
4,6599 4,6922
4,2890 4,3212
4,6801 4,7131
5,3096 5,3431
283 13:32
4,6599 4,6922
4,2892 4,3214
4,6815 4,7145
5,3096 5,3431
284 13:33
4,6601 4,6924
4,2888 4,3210
4,6824 4,7154
5,3098 5,3433
285 13:34
4,6598 4,6921
4,2889 4,3211
4,6826 4,7156
5,3094 5,3429
286 13:35
4,6598 4,6921
4,2889 4,3211
4,6827 4,7157
5,3095 5,3430
287 13:36
4,6595 4,6918
4,2879 4,3201
4,6825 4,7155
5,3098 5,3432
288 13:37
4,6591 4,6914
4,2867 4,3189
4,6820 4,7150
5,3088 5,3422
289 13:38
4,6595 4,6918
4,2875 4,3197
4,6835 4,7165
5,3093 5,3427
290 13:39
4,6594 4,6917
4,2875 4,3197
4,6834 4,7164
5,3089 5,3423
291 13:40
4,6594 4,6917
4,2858 4,3180
4,6829 4,7159
5,3088 5,3422
292 13:41
4,6596 4,6919
4,2868 4,3190
4,6835 4,7165
5,3094 5,3428
293 13:42
4,6596 4,6919
4,2872 4,3194
4,6852 4,7182
5,3096 5,3430
294 13:43
4,6595 4,6918
4,2869 4,3191
4,6849 4,7179
5,3099 5,3433
295 13:44
4,6595 4,6918
4,2877 4,3199
4,6858 4,7188
5,3093 5,3427
296 13:45
4,6599 4,6922
4,2873 4,3195
4,6877 4,7207
5,3091 5,3425
297 13:46
4,6597 4,6920
4,2865 4,3187
4,6871 4,7200
5,3083 5,3416
298 13:47
4,6597 4,6920
4,2863 4,3185
4,6871 4,7200
5,3077 5,3410
299 13:48
4,6592 4,6915
4,2858 4,3180
4,6856 4,7185
5,3077 5,3410
300 13:49
4,6592 4,6915
4,2848 4,3170
4,6847 4,7176
5,3071 5,3404
301 13:50
4,6592 4,6915
4,2844 4,3166
4,6828 4,7157
5,3071 5,3404
302 13:51
4,6572 4,6895
4,2832 4,3154
4,6807 4,7137
5,3045 5,3379
303 13:52
4,6572 4,6895
4,2832 4,3154
4,6813 4,7143
5,3051 5,3385
304 13:53
4,6575 4,6898
4,2830 4,3152
4,6826 4,7156
5,3046 5,3380
305 13:54
4,6574 4,6897
4,2822 4,3144
4,6826 4,7156
5,3048 5,3382
306 13:55
4,6574 4,6897
4,2832 4,3154
4,6833 4,7163
5,3057 5,3391
307 13:56
4,6574 4,6898
4,2841 4,3163
4,6832 4,7162
5,3064 5,3398
308 13:57
4,6574 4,6898
4,2845 4,3167
4,6829 4,7159
5,3064 5,3398
309 13:58
4,6578 4,6902
4,2838 4,3160
4,6824 4,7154
5,3065 5,3399
310 13:59
4,6574 4,6898
4,2827 4,3149
4,6819 4,7149
5,3051 5,3385
311 14:00
4,6570 4,6894
4,2811 4,3133
4,6815 4,7145
5,3044 5,3378
312 14:01
4,6581 4,6905
4,2843 4,3165
4,6823 4,7153
5,3072 5,3406
313 14:02
4,6581 4,6905
4,2843 4,3165
4,6831 4,7161
5,3075 5,3409
314 14:03
4,6581 4,6905
4,2835 4,3157
4,6822 4,7152
5,3072 5,3406
315 14:04
4,6587 4,6911
4,2836 4,3158
4,6825 4,7155
5,3075 5,3409
316 14:05
4,6584 4,6908
4,2834 4,3156
4,6820 4,7150
5,3072 5,3406
317 14:06
4,6586 4,6909
4,2845 4,3167
4,6821 4,7151
5,3079 5,3412
318 14:07
4,6599 4,6922
4,2849 4,3171
4,6822 4,7152
5,3094 5,3427
319 14:08
4,6598 4,6921
4,2852 4,3174
4,6826 4,7156
5,3096 5,3429
320 14:09
4,6593 4,6916
4,2857 4,3179
4,6821 4,7151
5,3093 5,3426
321 14:10
4,6593 4,6916
4,2861 4,3183
4,6823 4,7153
5,3095 5,3428
322 14:11
4,6599 4,6922
4,2874 4,3196
4,6827 4,7157
5,3108 5,3442
323 14:12
4,6595 4,6918
4,2871 4,3193
4,6823 4,7153
5,3108 5,3442
324 14:13
4,6595 4,6918
4,2877 4,3199
4,6823 4,7153
5,3105 5,3439
325 14:14
4,6603 4,6926
4,2884 4,3206
4,6830 4,7160
5,3117 5,3451
326 14:15
4,6595 4,6918
4,2879 4,3201
4,6811 4,7141
5,3102 5,3436
327 14:16
4,6592 4,6915
4,2876 4,3198
4,6808 4,7138
5,3107 5,3440
328 14:17
4,6595 4,6918
4,2877 4,3199
4,6823 4,7153
5,3117 5,3450
329 14:18
4,6595 4,6918
4,2865 4,3187
4,6825 4,7155
5,3114 5,3447
330 14:19
4,6595 4,6918
4,2867 4,3189
4,6840 4,7170
5,3120 5,3453
331 14:20
4,6595 4,6918
4,2867 4,3189
4,6840 4,7170
5,3126 5,3459
332 14:21
4,6595 4,6918
4,2865 4,3187
4,6836 4,7166
5,3129 5,3463
333 14:22
4,6599 4,6922
4,2857 4,3179
4,6841 4,7171
5,3143 5,3477
334 14:23
4,6598 4,6921
4,2864 4,3186
4,6838 4,7168
5,3129 5,3463
335 14:24
4,6596 4,6919
4,2856 4,3178
4,6836 4,7166
5,3121 5,3455
336 14:25
4,6598 4,6921
4,2856 4,3178
4,6838 4,7168
5,3123 5,3457
337 14:26
4,6598 4,6921
4,2860 4,3182
4,6838 4,7168
5,3123 5,3457
338 14:27
4,6598 4,6921
4,2862 4,3184
4,6833 4,7163
5,3120 5,3454
339 14:28
4,6574 4,6897
4,2849 4,3171
4,6818 4,7148
5,3116 5,3450
340 14:29
4,6564 4,6887
4,2846 4,3168
4,6809 4,7139
5,3100 5,3434
341 14:30
4,6564 4,6887
4,2848 4,3170
4,6808 4,7138
5,3103 5,3437
342 14:31
4,6563 4,6886
4,2845 4,3167
4,6807 4,7137
5,3105 5,3438
343 14:32
4,6564 4,6887
4,2848 4,3170
4,6808 4,7138
5,3106 5,3439
344 14:33
4,6564 4,6887
4,2852 4,3174
4,6808 4,7138
5,3102 5,3435
345 14:34
4,6564 4,6887
4,2858 4,3180
4,6812 4,7142
5,3103 5,3436
346 14:35
4,6563 4,6886
4,2853 4,3175
4,6822 4,7152
5,3104 5,3437
347 14:36
4,6564 4,6887
4,2842 4,3164
4,6808 4,7138
5,3096 5,3429
348 14:37
4,6564 4,6887
4,2846 4,3168
4,6806 4,7136
5,3094 5,3427
349 14:38
4,6567 4,6890
4,2849 4,3171
4,6805 4,7135
5,3097 5,3430
350 14:39
4,6564 4,6887
4,2842 4,3164
4,6797 4,7127
5,3093 5,3426
351 14:40
4,6562 4,6885
4,2852 4,3174
4,6797 4,7127
5,3097 5,3430
352 14:41
4,6565 4,6888
4,2863 4,3185
4,6802 4,7132
5,3110 5,3444
353 14:42
4,6565 4,6888
4,2861 4,3183
4,6800 4,7130
5,3104 5,3438
354 14:43
4,6568 4,6891
4,2846 4,3168
4,6796 4,7126
5,3098 5,3432
355 14:44
4,6564 4,6887
4,2846 4,3168
4,6784 4,7114
5,3096 5,3430
356 14:45
4,6559 4,6882
4,2844 4,3166
4,6773 4,7103
5,3085 5,3419
357 14:46
4,6550 4,6873
4,2849 4,3171
4,6775 4,7105
5,3080 5,3413
358 14:47
4,6551 4,6874
4,2840 4,3162
4,6782 4,7112
5,3064 5,3397
359 14:48
4,6554 4,6877
4,2839 4,3161
4,6779 4,7109
5,3063 5,3396
360 14:49
4,6545 4,6868
4,2821 4,3143
4,6770 4,7100
5,3051 5,3384
361 14:50
4,6536 4,6859
4,2814 4,3136
4,6766 4,7096
5,3038 5,3371
362 14:51
4,6533 4,6856
4,2821 4,3143
4,6761 4,7091
5,3039 5,3373
363 14:52
4,6535 4,6858
4,2819 4,3141
4,6762 4,7092
5,3048 5,3382
364 14:53
4,6533 4,6856
4,2817 4,3139
4,6767 4,7097
5,3046 5,3380
365 14:54
4,6534 4,6857
4,2809 4,3131
4,6765 4,7095
5,3059 5,3393
366 14:55
4,6531 4,6854
4,2804 4,3126
4,6761 4,7091
5,3056 5,3390
367 14:56
4,6532 4,6855
4,2809 4,3131
4,6754 4,7083
5,3049 5,3382
368 14:57
4,6535 4,6858
4,2821 4,3143
4,6758 4,7087
5,3053 5,3386
369 14:58
4,6536 4,6859
4,2822 4,3144
4,6757 4,7086
5,3065 5,3398
370 14:59
4,6522 4,6845
4,2815 4,3137
4,6747 4,7076
5,3051 5,3384
371 15:00
4,6516 4,6839
4,2808 4,3130
4,6751 4,7080
5,3052 5,3385
372 15:01
4,6516 4,6839
4,2804 4,3126
4,6746 4,7076
5,3048 5,3382
373 15:02
4,6519 4,6842
4,2801 4,3123
4,6748 4,7078
5,3045 5,3379
374 15:03
4,6522 4,6845
4,2802 4,3124
4,6751 4,7081
5,3052 5,3386
375 15:04
4,6521 4,6844
4,2799 4,3121
4,6752 4,7082
5,3042 5,3376
376 15:05
4,6508 4,6831
4,2786 4,3108
4,6741 4,7071
5,3013 5,3347
377 15:06
4,6507 4,6830
4,2786 4,3108
4,6742 4,7072
5,3007 5,3341
378 15:07
4,6509 4,6832
4,2784 4,3106
4,6748 4,7078
5,3015 5,3349
379 15:08
4,6509 4,6832
4,2784 4,3106
4,6749 4,7079
5,3019 5,3353
380 15:09
4,6509 4,6832
4,2786 4,3108
4,6753 4,7083
5,3013 5,3347
381 15:10
4,6512 4,6835
4,2790 4,3112
4,6767 4,7097
5,3010 5,3344
382 15:11
4,6510 4,6833
4,2787 4,3109
4,6755 4,7085
5,2998 5,3332
383 15:12
4,6510 4,6833
4,2785 4,3107
4,6757 4,7087
5,2999 5,3333
384 15:13
4,6512 4,6835
4,2786 4,3108
4,6756 4,7086
5,2998 5,3332
385 15:14
4,6510 4,6833
4,2787 4,3109
4,6755 4,7085
5,3002 5,3336
386 15:15
4,6509 4,6832
4,2778 4,3100
4,6757 4,7087
5,3007 5,3341
387 15:16
4,6507 4,6830
4,2776 4,3098
4,6754 4,7084
5,2999 5,3333
388 15:17
4,6509 4,6832
4,2784 4,3106
4,6767 4,7097
5,3006 5,3340
389 15:18
4,6512 4,6835
4,2802 4,3124
4,6780 4,7110
5,3013 5,3347
390 15:19
4,6518 4,6841
4,2804 4,3126
4,6781 4,7111
5,3017 5,3351
391 15:20
4,6518 4,6841
4,2804 4,3126
4,6779 4,7109
5,3014 5,3348
392 15:21
4,6517 4,6840
4,2795 4,3117
4,6780 4,7110
5,3010 5,3344
393 15:22
4,6515 4,6838
4,2785 4,3107
4,6771 4,7101
5,3010 5,3344
394 15:23
4,6517 4,6840
4,2783 4,3105
4,6762 4,7092
5,3013 5,3347
395 15:24
4,6519 4,6842
4,2789 4,3111
4,6777 4,7107
5,3018 5,3352
396 15:25
4,6517 4,6840
4,2787 4,3109
4,6775 4,7105
5,3019 5,3353
397 15:26
4,6517 4,6840
4,2785 4,3107
4,6766 4,7096
5,3013 5,3347
398 15:27
4,6516 4,6839
4,2782 4,3104
4,6773 4,7103
5,3008 5,3342
399 15:28
4,6517 4,6840
4,2781 4,3103
4,6778 4,7108
5,3013 5,3347
400 15:29
4,6518 4,6841
4,2772 4,3094
4,6783 4,7113
5,3005 5,3339
401 15:30
4,6519 4,6842
4,2765 4,3087
4,6777 4,7107
5,3006 5,3340
402 15:31
4,6520 4,6843
4,2784 4,3106
4,6778 4,7108
5,3007 5,3341
403 15:32
4,6520 4,6843
4,2782 4,3104
4,6771 4,7101
5,3007 5,3341
404 15:33
4,6522 4,6845
4,2790 4,3112
4,6785 4,7115
5,3006 5,3340
405 15:34
4,6523 4,6846
4,2793 4,3115
4,6786 4,7116
5,3011 5,3345
406 15:35
4,6521 4,6844
4,2795 4,3117
4,6787 4,7117
5,3008 5,3342
407 15:36
4,6518 4,6841
4,2782 4,3104
4,6781 4,7111
5,3008 5,3342
408 15:37
4,6518 4,6841
4,2766 4,3088
4,6774 4,7104
5,3005 5,3339
409 15:38
4,6519 4,6842
4,2767 4,3089
4,6777 4,7107
5,3006 5,3340
410 15:39
4,6518 4,6841
4,2764 4,3086
4,6762 4,7092
5,3008 5,3342
411 15:40
4,6514 4,6837
4,2740 4,3062
4,6741 4,7071
5,2996 5,3330
412 15:41
4,6516 4,6839
4,2729 4,3051
4,6739 4,7069
5,2983 5,3316
413 15:42
4,6520 4,6843
4,2735 4,3057
4,6745 4,7075
5,2992 5,3325
414 15:43
4,6526 4,6849
4,2744 4,3066
4,6752 4,7082
5,3008 5,3341
415 15:44
4,6527 4,6850
4,2741 4,3063
4,6752 4,7082
5,3010 5,3343
416 15:45
4,6525 4,6848
4,2741 4,3063
4,6749 4,7079
5,3007 5,3340
417 15:46
4,6523 4,6846
4,2735 4,3057
4,6746 4,7076
5,3010 5,3343
418 15:47
4,6540 4,6863
4,2749 4,3071
4,6758 4,7088
5,3033 5,3366
419 15:48
4,6529 4,6852
4,2743 4,3065
4,6750 4,7080
5,3020 5,3353
420 15:49
4,6532 4,6855
4,2724 4,3046
4,6750 4,7080
5,3012 5,3345
421 15:50
4,6532 4,6855
4,2712 4,3034
4,6748 4,7078
5,2998 5,3331
422 15:51
4,6536 4,6859
4,2704 4,3026
4,6747 4,7077
5,3001 5,3334
423 15:52
4,6537 4,6860
4,2722 4,3044
4,6776 4,7106
5,3008 5,3341
424 15:53
4,6544 4,6867
4,2739 4,3061
4,6790 4,7120
5,3010 5,3343
425 15:54
4,6543 4,6866
4,2734 4,3056
4,6790 4,7120
5,2997 5,3330
426 15:55
4,6537 4,6860
4,2744 4,3066
4,6792 4,7122
5,3004 5,3337
427 15:56
4,6537 4,6860
4,2752 4,3074
4,6783 4,7113
5,3011 5,3344
428 15:57
4,6543 4,6866
4,2766 4,3088
4,6797 4,7127
5,3012 5,3345
429 15:58
4,6545 4,6868
4,2760 4,3082
4,6806 4,7136
5,3023 5,3356
430 15:59
4,6547 4,6870
4,2758 4,3080
4,6809 4,7139
5,3010 5,3343
431 16:00
4,6544 4,6867
4,2753 4,3075
4,6805 4,7135
5,2993 5,3326
432 16:01
4,6549 4,6872
4,2700 4,3022
4,6812 4,7142
5,3003 5,3336
433 16:02
4,6551 4,6874
4,2708 4,3030
4,6824 4,7154
5,3009 5,3342
434 16:03
4,6552 4,6875
4,2716 4,3038
4,6822 4,7152
5,3022 5,3355
435 16:04
4,6553 4,6876
4,2724 4,3046
4,6812 4,7142
5,3027 5,3360
436 16:05
4,6553 4,6876
4,2728 4,3050
4,6811 4,7141
5,3029 5,3362
437 16:06
4,6554 4,6877
4,2740 4,3062
4,6810 4,7140
5,3036 5,3369
438 16:07
4,6556 4,6879
4,2736 4,3058
4,6810 4,7140
5,3045 5,3380
439 16:08
4,6555 4,6878
4,2720 4,3042
4,6811 4,7141
5,3047 5,3382
440 16:09
4,6557 4,6880
4,2733 4,3055
4,6803 4,7133
5,3051 5,3386
441 16:10
4,6557 4,6880
4,2727 4,3049
4,6806 4,7136
5,3048 5,3383
442 16:11
4,6558 4,6881
4,2736 4,3058
4,6805 4,7135
5,3047 5,3382
443 16:12
4,6548 4,6871
4,2727 4,3049
4,6792 4,7122
5,3041 5,3376
444 16:13
4,6553 4,6876
4,2739 4,3061
4,6800 4,7130
5,3045 5,3380
445 16:14
4,6546 4,6869
4,2731 4,3053
4,6791 4,7121
5,3037 5,3372
446 16:15
4,6546 4,6869
4,2721 4,3043
4,6784 4,7114
5,3033 5,3368
447 16:16
4,6541 4,6864
4,2707 4,3029
4,6788 4,7118
5,3024 5,3359
448 16:17
4,6536 4,6859
4,2692 4,3014
4,6780 4,7110
5,3009 5,3344
449 16:18
4,6531 4,6854
4,2695 4,3017
4,6782 4,7112
5,3009 5,3344
450 16:19
4,6539 4,6862
4,2698 4,3020
4,6795 4,7125
5,3015 5,3350
451 16:20
4,6547 4,6870
4,2696 4,3018
4,6805 4,7135
5,3028 5,3363
452 16:21
4,6552 4,6875
4,2695 4,3017
4,6792 4,7122
5,3033 5,3368
453 16:22
4,6561 4,6884
4,2650 4,2972
4,6778 4,7108
5,2995 5,3330
454 16:23
4,6565 4,6888
4,2673 4,2995
4,6793 4,7123
5,3001 5,3336
455 16:24
4,6565 4,6888
4,2694 4,3016
4,6801 4,7131
5,3015 5,3350
456 16:25
4,6568 4,6891
4,2686 4,3008
4,6798 4,7128
5,3015 5,3350
457 16:26
4,6565 4,6888
4,2689 4,3011
4,6795 4,7125
5,3020 5,3353
458 16:27
4,6567 4,6890
4,2699 4,3021
4,6792 4,7122
5,3010 5,3343
459 16:28
4,6569 4,6892
4,2697 4,3019
4,6799 4,7129
5,3020 5,3353
460 16:29
4,6570 4,6893
4,2686 4,3008
4,6790 4,7120
5,3012 5,3345
461 16:30
4,6573 4,6896
4,2685 4,3007
4,6794 4,7124
5,3008 5,3341
462 16:31
4,6579 4,6902
4,2710 4,3032
4,6802 4,7132
5,3019 5,3352
463 16:32
4,6576 4,6899
4,2715 4,3037
4,6806 4,7136
5,3019 5,3352
464 08:16
4,6565 4,6888
4,2754 4,3076
4,6796 4,7126
5,3058 5,3393
465 08:17
4,6566 4,6889
4,2754 4,3076
4,6796 4,7126
5,3061 5,3396
466 08:18
4,6562 4,6885
4,2744 4,3066
4,6792 4,7122
5,3055 5,3390
467 08:19
4,6561 4,6884
4,2745 4,3067
4,6793 4,7123
5,3055 5,3390
468 08:20
4,6548 4,6871
4,2732 4,3054
4,6785 4,7115
5,3043 5,3378
469 08:21
4,6551 4,6874
4,2737 4,3059
4,6786 4,7116
5,3054 5,3389
470 08:22
4,6557 4,6880
4,2736 4,3058
4,6787 4,7117
5,3056 5,3391
471 08:23
4,6551 4,6874
4,2640 4,2962
4,6800 4,7130
5,3034 5,3368
472 09:15
4,6551 4,6874
4,2640 4,2962
4,6800 4,7130
5,3034 5,3368
473 09:16
4,6554 4,6877
4,2633 4,2955
4,6794 4,7124
5,3043 5,3377
474 09:17
4,6553 4,6876
4,2634 4,2956
4,6797 4,7127
5,3035 5,3369
475 09:18
4,6557 4,6880
4,2647 4,2969
4,6797 4,7127
5,3049 5,3383
476 09:19
4,6556 4,6879
4,2649 4,2971
4,6791 4,7121
5,3063 5,3397
477 09:20
4,6558 4,6881
4,2645 4,2967
4,6797 4,7127
5,3063 5,3397
478 09:21
4,6555 4,6878
4,2648 4,2970
4,6790 4,7120
5,3056 5,3389
479 09:22
4,6555 4,6878
4,2654 4,2976
4,6795 4,7125
5,3050 5,3383
480 09:23
4,6558 4,6881
4,2664 4,2986
4,6802 4,7132
5,3064 5,3397
481 09:24
4,6555 4,6878
4,2656 4,2978
4,6804 4,7134
5,3068 5,3401
482 09:25
4,6556 4,6879
4,2664 4,2986
4,6796 4,7126
5,3072 5,3405
483 09:26
4,6557 4,6880
4,2678 4,3000
4,6796 4,7126
5,3088 5,3422
484 09:27
4,6564 4,6887
4,2694 4,3016
4,6809 4,7139
5,3097 5,3431
485 09:28
4,6571 4,6894
4,2686 4,3008
4,6820 4,7150
5,3105 5,3439
486 09:29
4,6577 4,6900
4,2701 4,3023
4,6823 4,7153
5,3127 5,3461
487 09:30
4,6576 4,6899
4,2700 4,3022
4,6818 4,7148
5,3157 5,3491
488 09:31
4,6576 4,6899
4,2694 4,3016
4,6820 4,7150
5,3158 5,3492
489 09:32
4,6578 4,6901
4,2706 4,3028
4,6827 4,7157
5,3146 5,3480
490 09:33
4,6583 4,6906
4,2722 4,3044
4,6841 4,7171
5,3154 5,3488
491 09:34
4,6585 4,6908
4,2716 4,3038
4,6838 4,7168
5,3145 5,3479
492 09:35
4,6577 4,6900
4,2703 4,3025
4,6821 4,7151
5,3138 5,3472
493 09:36
4,6581 4,6904
4,2711 4,3033
4,6815 4,7144
5,3143 5,3477
494 09:37
4,6582 4,6905
4,2716 4,3038
4,6823 4,7152
5,3142 5,3476
495 09:38
4,6580 4,6903
4,2704 4,3026
4,6813 4,7142
5,3139 5,3473
496 09:39
4,6580 4,6903
4,2694 4,3016
4,6818 4,7147
5,3141 5,3475
497 09:40
4,6579 4,6902
4,2690 4,3012
4,6815 4,7144
5,3132 5,3466
498 09:41
4,6576 4,6899
4,2690 4,3012
4,6811 4,7141
5,3132 5,3465
499 09:42
4,6585 4,6908
4,2701 4,3023
4,6830 4,7160
5,3148 5,3481
500 09:43
4,6583 4,6906
4,2699 4,3021
4,6837 4,7167
5,3152 5,3485
501 09:44
4,6579 4,6902
4,2680 4,3002
4,6828 4,7158
5,3150 5,3483
502 09:45
4,6576 4,6899
4,2663 4,2985
4,6816 4,7146
5,3205 5,3538
503 09:46
4,6576 4,6899
4,2667 4,2989
4,6815 4,7145
5,3210 5,3544
504 09:47
4,6580 4,6903
4,2669 4,2991
4,6815 4,7145
5,3200 5,3534
505 09:48
4,6582 4,6905
4,2666 4,2988
4,6812 4,7142
5,3205 5,3539
506 09:49
4,6578 4,6901
4,2659 4,2981
4,6822 4,7152
5,3197 5,3531
507 09:50
4,6579 4,6902
4,2652 4,2974
4,6818 4,7148
5,3196 5,3530
508 09:51
4,6573 4,6896
4,2632 4,2954
4,6812 4,7142
5,3171 5,3505
509 09:52
4,6582 4,6905
4,2637 4,2959
4,6822 4,7152
5,3187 5,3521
510 09:53
4,6582 4,6905
4,2584 4,2906
4,6793 4,7123
5,3147 5,3481
511 09:54
4,6582 4,6905
4,2598 4,2920
4,6784 4,7114
5,3160 5,3494
512 09:55
4,6598 4,6921
4,2623 4,2945
4,6795 4,7125
5,3190 5,3524
513 09:56
4,6597 4,6920
4,2645 4,2967
4,6799 4,7129
5,3204 5,3538
514 09:57
4,6596 4,6919
4,2646 4,2968
4,6798 4,7128
5,3206 5,3540
515 09:58
4,6593 4,6916
4,2645 4,2967
4,6797 4,7127
5,3206 5,3540
516 09:59
4,6593 4,6916
4,2647 4,2969
4,6797 4,7127
5,3206 5,3540
517 10:00
4,6598 4,6921
4,2648 4,2970
4,6807 4,7137
5,3212 5,3546
518 10:01
4,6589 4,6912
4,2641 4,2963
4,6781 4,7111
5,3206 5,3540
519 10:02
4,6586 4,6909
4,2649 4,2971
4,6767 4,7097
5,3210 5,3544
520 10:03
4,6607 4,6930
4,2670 4,2992
4,6786 4,7116
5,3228 5,3562
521 10:04
4,6613 4,6936
4,2693 4,3015
4,6797 4,7127
5,3238 5,3572
522 10:05
4,6609 4,6932
4,2685 4,3007
4,6802 4,7132
5,3230 5,3564
523 10:06
4,6611 4,6934
4,2691 4,3013
4,6808 4,7139
5,3232 5,3566
524 10:07
4,6600 4,6923
4,2681 4,3003
4,6811 4,7142
5,3229 5,3563
525 10:08
4,6599 4,6922
4,2676 4,2998
4,6796 4,7127
5,3218 5,3552
526 10:09
4,6600 4,6923
4,2667 4,2989
4,6793 4,7124
5,3220 5,3554
527 10:10
4,6598 4,6921
4,2666 4,2988
4,6800 4,7131
5,3221 5,3555
528 10:11
4,6596 4,6919
4,2672 4,2994
4,6813 4,7142
5,3230 5,3564
529 10:12
4,6596 4,6919
4,2668 4,2990
4,6815 4,7144
5,3237 5,3571
530 10:13
4,6592 4,6915
4,2660 4,2982
4,6814 4,7143
5,3235 5,3569
531 10:14
4,6596 4,6919
4,2666 4,2988
4,6815 4,7144
5,3230 5,3564
532 10:15
4,6596 4,6919
4,2656 4,2978
4,6813 4,7142
5,3231 5,3565
533 10:16
4,6591 4,6914
4,2653 4,2975
4,6800 4,7130
5,3228 5,3562
534 10:17
4,6586 4,6909
4,2643 4,2965
4,6795 4,7125
5,3247 5,3581
535 10:18
4,6591 4,6914
4,2661 4,2983
4,6793 4,7123
5,3246 5,3580
536 10:19
4,6598 4,6921
4,2658 4,2980
4,6786 4,7116
5,3260 5,3594
537 10:20
4,6595 4,6918
4,2654 4,2976
4,6786 4,7116
5,3248 5,3582
538 10:21
4,6609 4,6932
4,2673 4,2995
4,6795 4,7124
5,3266 5,3600
539 10:22
4,6609 4,6932
4,2676 4,2998
4,6800 4,7129
5,3270 5,3604
540 10:23
4,6608 4,6931
4,2669 4,2991
4,6802 4,7131
5,3244 5,3578
541 10:24
4,6608 4,6931
4,2665 4,2987
4,6790 4,7119
5,3232 5,3566
542 10:25
4,6608 4,6931
4,2665 4,2987
4,6792 4,7121
5,3232 5,3566
543 10:26
4,6608 4,6931
4,2671 4,2993
4,6797 4,7126
5,3229 5,3563
544 10:27
4,6601 4,6924
4,2663 4,2985
4,6792 4,7121
5,3221 5,3555
545 10:28
4,6608 4,6931
4,2669 4,2991
4,6792 4,7121
5,3229 5,3563
546 10:29
4,6607 4,6930
4,2674 4,2996
4,6805 4,7134
5,3228 5,3562
547 10:30
4,6607 4,6930
4,2678 4,3000
4,6805 4,7134
5,3228 5,3562
548 10:31
4,6608 4,6931
4,2677 4,2999
4,6811 4,7140
5,3232 5,3566
549 10:32
4,6606 4,6929
4,2667 4,2989
4,6792 4,7121
5,3236 5,3570
550 10:33
4,6602 4,6925
4,2661 4,2983
4,6781 4,7110
5,3231 5,3565
551 10:34
4,6605 4,6928
4,2670 4,2992
4,6788 4,7117
5,3244 5,3578
552 10:35
4,6604 4,6927
4,2677 4,2999
4,6793 4,7122
5,3237 5,3571
553 10:36
4,6605 4,6928
4,2682 4,3004
4,6787 4,7116
5,3241 5,3575
554 10:37
4,6608 4,6931
4,2689 4,3011
4,6792 4,7121
5,3253 5,3587
555 10:38
4,6616 4,6939
4,2690 4,3012
4,6798 4,7127
5,3253 5,3587
556 10:39
4,6613 4,6936
4,2687 4,3009
4,6797 4,7126
5,3244 5,3578
557 10:40
4,6612 4,6935
4,2680 4,3002
4,6796 4,7125
5,3246 5,3580
558 10:41
4,6619 4,6942
4,2695 4,3017
4,6794 4,7123
5,3244 5,3578
559 10:42
4,6619 4,6942
4,2707 4,3029
4,6799 4,7128
5,3254 5,3588
560 10:43
4,6618 4,6941
4,2702 4,3024
4,6807 4,7136
5,3265 5,3599
561 10:44
4,6609 4,6932
4,2697 4,3019
4,6807 4,7136
5,3251 5,3585
562 10:45
4,6597 4,6920
4,2678 4,3000
4,6795 4,7124
5,3228 5,3562
563 10:46
4,6605 4,6928
4,2693 4,3015
4,6803 4,7132
5,3244 5,3578
564 10:47
4,6606 4,6929
4,2691 4,3013
4,6804 4,7133
5,3245 5,3579
565 10:48
4,6605 4,6928
4,2686 4,3008
4,6810 4,7139
5,3262 5,3596
566 10:49
4,6602 4,6925
4,2675 4,2997
4,6796 4,7125
5,3261 5,3595
567 10:50
4,6606 4,6929
4,2679 4,3001
4,6809 4,7138
5,3263 5,3597
568 10:51
4,6607 4,6931
4,2684 4,3006
4,6801 4,7130
5,3264 5,3598
569 10:52
4,6610 4,6934
4,2686 4,3008
4,6804 4,7133
5,3258 5,3592
570 10:53
4,6611 4,6935
4,2686 4,3008
4,6805 4,7134
5,3267 5,3601
571 10:54
4,6606 4,6930
4,2687 4,3009
4,6804 4,7133
5,3269 5,3603
572 10:55
4,6608 4,6932
4,2685 4,3007
4,6797 4,7126
5,3253 5,3587
573 10:56
4,6612 4,6935
4,2692 4,3014
4,6806 4,7135
5,3255 5,3589
574 10:57
4,6612 4,6935
4,2690 4,3012
4,6818 4,7147
5,3267 5,3601
575 10:58
4,6612 4,6935
4,2692 4,3014
4,6820 4,7149
5,3261 5,3595
576 10:59
4,6611 4,6934
4,2691 4,3013
4,6816 4,7145
5,3285 5,3619
577 11:00
4,6611 4,6934
4,2691 4,3013
4,6819 4,7148
5,3291 5,3625
578 11:01
4,6610 4,6933
4,2690 4,3012
4,6813 4,7142
5,3284 5,3618
579 11:02
4,6611 4,6934
4,2691 4,3013
4,6816 4,7145
5,3284 5,3618
580 11:03
4,6613 4,6936
4,2695 4,3017
4,6825 4,7154
5,3283 5,3617
581 11:04
4,6610 4,6933
4,2688 4,3010
4,6808 4,7137
5,3280 5,3614
582 11:05
4,6610 4,6933
4,2675 4,2997
4,6804 4,7133
5,3277 5,3611
583 11:06
4,6610 4,6933
4,2671 4,2993
4,6799 4,7128
5,3277 5,3611
584 11:07
4,6610 4,6933
4,2659 4,2981
4,6794 4,7123
5,3292 5,3626
585 11:08
4,6610 4,6933
4,2663 4,2985
4,6794 4,7123
5,3302 5,3636
586 11:09
4,6610 4,6933
4,2659 4,2981
4,6804 4,7133
5,3295 5,3629
587 11:10
4,6607 4,6930
4,2646 4,2968
4,6805 4,7134
5,3301 5,3635
588 11:11
4,6612 4,6935
4,2636 4,2958
4,6809 4,7139
5,3316 5,3650
589 11:12
4,6609 4,6932
4,2643 4,2965
4,6814 4,7144
5,3316 5,3650
590 11:13
4,6609 4,6932
4,2648 4,2970
4,6815 4,7145
5,3337 5,3671
591 11:14
4,6608 4,6931
4,2651 4,2973
4,6801 4,7131
5,3336 5,3670
592 11:15
4,6608 4,6931
4,2647 4,2969
4,6801 4,7131
5,3336 5,3670
593 11:16
4,6608 4,6931
4,2663 4,2985
4,6801 4,7130
5,3340 5,3674
594 11:17
4,6603 4,6926
4,2655 4,2977
4,6797 4,7126
5,3328 5,3662
595 11:18
4,6604 4,6927
4,2655 4,2977
4,6793 4,7122
5,3347 5,3681
596 11:19
4,6599 4,6922
4,2637 4,2959
4,6779 4,7108
5,3351 5,3685
597 11:20
4,6598 4,6921
4,2623 4,2945
4,6768 4,7097
5,3334 5,3668
598 11:21
4,6597 4,6920
4,2614 4,2936
4,6762 4,7091
5,3329 5,3663
599 11:22
4,6596 4,6919
4,2625 4,2947
4,6776 4,7105
5,3338 5,3672
600 11:23
4,6599 4,6922
4,2623 4,2945
4,6764 4,7093
5,3341 5,3675
601 11:24
4,6591 4,6914
4,2618 4,2940
4,6747 4,7076
5,3332 5,3666
602 11:25
4,6586 4,6909
4,2611 4,2933
4,6737 4,7066
5,3320 5,3654
603 11:26
4,6588 4,6911
4,2612 4,2934
4,6747 4,7076
5,3321 5,3655
604 11:27
4,6593 4,6916
4,2612 4,2934
4,6744 4,7073
5,3321 5,3655
605 11:28
4,6593 4,6916
4,2616 4,2938
4,6739 4,7068
5,3324 5,3658
606 11:29
4,6596 4,6919
4,2625 4,2947
4,6747 4,7076
5,3322 5,3656
607 11:30
4,6595 4,6918
4,2629 4,2951
4,6751 4,7080
5,3321 5,3655
608 11:31
4,6592 4,6915
4,2641 4,2963
4,6750 4,7079
5,3327 5,3661
609 11:32
4,6589 4,6912
4,2639 4,2961
4,6754 4,7083
5,3323 5,3657
610 11:33
4,6584 4,6907
4,2624 4,2946
4,6749 4,7078
5,3324 5,3658
611 11:34
4,6585 4,6908
4,2623 4,2945
4,6749 4,7078
5,3319 5,3653
612 11:35
4,6584 4,6907
4,2620 4,2942
4,6745 4,7074
5,3309 5,3643
613 11:36
4,6589 4,6912
4,2623 4,2945
4,6760 4,7089
5,3324 5,3658
614 11:37
4,6581 4,6904
4,2611 4,2933
4,6749 4,7078
5,3299 5,3633
615 11:38
4,6579 4,6902
4,2609 4,2931
4,6747 4,7076
5,3303 5,3637
616 11:39
4,6586 4,6909
4,2619 4,2941
4,6758 4,7087
5,3311 5,3645
617 11:40
4,6584 4,6907
4,2616 4,2938
4,6749 4,7078
5,3315 5,3649
618 11:41
4,6584 4,6907
4,2610 4,2932
4,6747 4,7076
5,3327 5,3661
619 11:42
4,6585 4,6908
4,2609 4,2931
4,6755 4,7084
5,3337 5,3671
620 11:43
4,6585 4,6908
4,2616 4,2938
4,6750 4,7079
5,3334 5,3668
621 11:44
4,6584 4,6907
4,2619 4,2941
4,6747 4,7076
5,3333 5,3667
622 11:45
4,6583 4,6906
4,2619 4,2941
4,6748 4,7077
5,3335 5,3669
623 11:46
4,6577 4,6900
4,2592 4,2914
4,6742 4,7071
5,3336 5,3670
624 11:47
4,6582 4,6905
4,2608 4,2930
4,6752 4,7081
5,3348 5,3682
625 11:48
4,6579 4,6902
4,2607 4,2929
4,6754 4,7083
5,3352 5,3686
626 11:49
4,6577 4,6900
4,2609 4,2931
4,6745 4,7074
5,3337 5,3671
627 11:50
4,6577 4,6900
4,2603 4,2925
4,6742 4,7071
5,3325 5,3659
628 11:51
4,6576 4,6899
4,2594 4,2916
4,6741 4,7070
5,3354 5,3688
629 11:52
4,6577 4,6900
4,2589 4,2911
4,6738 4,7067
5,3350 5,3684
630 11:53
4,6573 4,6896
4,2588 4,2910
4,6736 4,7065
5,3333 5,3667
631 11:54
4,6572 4,6895
4,2583 4,2905
4,6728 4,7057
5,3334 5,3668
632 11:55
4,6573 4,6896
4,2586 4,2908
4,6731 4,7060
5,3331 5,3665
633 11:56
4,6561 4,6884
4,2577 4,2899
4,6711 4,7042
5,3318 5,3652
634 11:57
4,6523 4,6846
4,2538 4,2860
4,6668 4,6999
5,3267 5,3601
635 11:58
4,6541 4,6864
4,2557 4,2879
4,6703 4,7034
5,3293 5,3627
636 11:59
4,6545 4,6868
4,2572 4,2894
4,6707 4,7038
5,3301 5,3635
637 12:00
4,6541 4,6864
4,2570 4,2892
4,6700 4,7031
5,3290 5,3624
638 12:01
4,6542 4,6865
4,2577 4,2899
4,6718 4,7047
5,3290 5,3624
639 12:02
4,6543 4,6866
4,2578 4,2900
4,6713 4,7042
5,3286 5,3620
640 12:03
4,6554 4,6877
4,2586 4,2908
4,6714 4,7043
5,3302 5,3636
641 12:04
4,6559 4,6882
4,2586 4,2908
4,6710 4,7039
5,3294 5,3628
642 12:05
4,6564 4,6887
4,2595 4,2917
4,6715 4,7044
5,3304 5,3638
643 12:06
4,6558 4,6881
4,2586 4,2908
4,6709 4,7038
5,3281 5,3615
644 12:07
4,6553 4,6876
4,2574 4,2896
4,6695 4,7024
5,3267 5,3601
645 12:08
4,6554 4,6877
4,2587 4,2909
4,6694 4,7023
5,3278 5,3612
646 12:09
4,6554 4,6877
4,2588 4,2910
4,6695 4,7024
5,3280 5,3614
647 12:10
4,6554 4,6877
4,2596 4,2918
4,6691 4,7020
5,3283 5,3617
648 12:11
4,6555 4,6878
4,2595 4,2917
4,6692 4,7021
5,3278 5,3612
649 12:12
4,6558 4,6881
4,2602 4,2924
4,6695 4,7024
5,3275 5,3609
650 12:13
4,6556 4,6879
4,2612 4,2934
4,6695 4,7024
5,3279 5,3613
651 12:14
4,6551 4,6874
4,2595 4,2917
4,6695 4,7024
5,3285 5,3619
652 12:15
4,6551 4,6874
4,2599 4,2921
4,6711 4,7040
5,3286 5,3620
653 12:16
4,6554 4,6877
4,2598 4,2920
4,6710 4,7039
5,3289 5,3623
654 12:17
4,6552 4,6875
4,2592 4,2914
4,6703 4,7032
5,3287 5,3621
655 12:18
4,6554 4,6877
4,2582 4,2904
4,6700 4,7029
5,3277 5,3611
656 12:19
4,6557 4,6880
4,2591 4,2913
4,6706 4,7035
5,3287 5,3621
657 12:20
4,6555 4,6878
4,2585 4,2907
4,6701 4,7030
5,3291 5,3625
658 12:21
4,6556 4,6879
4,2576 4,2898
4,6692 4,7022
5,3289 5,3623
659 12:22
4,6555 4,6878
4,2569 4,2891
4,6686 4,7016
5,3281 5,3615
660 12:23
4,6558 4,6881
4,2586 4,2908
4,6698 4,7028
5,3286 5,3620
661 12:24
4,6556 4,6879
4,2582 4,2904
4,6692 4,7022
5,3282 5,3616
662 12:25
4,6556 4,6879
4,2590 4,2912
4,6704 4,7034
5,3295 5,3629
663 12:26
4,6549 4,6872
4,2584 4,2906
4,6692 4,7021
5,3296 5,3630
664 12:27
4,6550 4,6873
4,2584 4,2906
4,6696 4,7025
5,3300 5,3634
665 12:28
4,6555 4,6878
4,2589 4,2911
4,6706 4,7035
5,3306 5,3640
666 12:29
4,6557 4,6880
4,2599 4,2921
4,6722 4,7051
5,3320 5,3654
667 12:30
4,6558 4,6881
4,2598 4,2920
4,6723 4,7052
5,3318 5,3652
668 12:31
4,6557 4,6880
4,2598 4,2920
4,6722 4,7051
5,3329 5,3663
669 12:32
4,6557 4,6880
4,2601 4,2923
4,6736 4,7065
5,3329 5,3663
670 12:33
4,6560 4,6883
4,2619 4,2941
4,6742 4,7071
5,3342 5,3676
671 12:34
4,6564 4,6887
4,2623 4,2945
4,6746 4,7075
5,3344 5,3678
672 12:35
4,6565 4,6888
4,2621 4,2943
4,6744 4,7073
5,3347 5,3681
673 12:36
4,6565 4,6888
4,2620 4,2942
4,6749 4,7078
5,3345 5,3679
674 12:37
4,6567 4,6890
4,2628 4,2950
4,6752 4,7081
5,3354 5,3688
675 12:38
4,6565 4,6888
4,2627 4,2949
4,6753 4,7082
5,3353 5,3687
676 12:39
4,6565 4,6888
4,2628 4,2950
4,6752 4,7081
5,3352 5,3686
677 12:40
4,6569 4,6892
4,2640 4,2962
4,6755 4,7084
5,3358 5,3692
678 12:41
4,6567 4,6890
4,2641 4,2963
4,6751 4,7080
5,3353 5,3687
679 12:42
4,6568 4,6891
4,2644 4,2966
4,6749 4,7078
5,3364 5,3698
680 12:43
4,6571 4,6894
4,2639 4,2961
4,6746 4,7075
5,3361 5,3695
681 12:44
4,6569 4,6892
4,2633 4,2955
4,6738 4,7067
5,3352 5,3686
682 12:45
4,6568 4,6891
4,2638 4,2960
4,6738 4,7067
5,3357 5,3691
683 12:46
4,6564 4,6887
4,2639 4,2961
4,6733 4,7063
5,3354 5,3688
684 12:47
4,6563 4,6886
4,2639 4,2961
4,6732 4,7062
5,3337 5,3671
685 12:48
4,6559 4,6882
4,2635 4,2957
4,6713 4,7043
5,3328 5,3662
686 12:49
4,6562 4,6885
4,2644 4,2966
4,6714 4,7044
5,3323 5,3657
687 12:50
4,6561 4,6884
4,2644 4,2966
4,6728 4,7058
5,3319 5,3653
688 12:51
4,6560 4,6883
4,2641 4,2963
4,6727 4,7056
5,3324 5,3658
689 12:52
4,6561 4,6884
4,2640 4,2962
4,6729 4,7058
5,3331 5,3665
690 12:53
4,6560 4,6883
4,2633 4,2955
4,6735 4,7064
5,3330 5,3664
691 12:54
4,6559 4,6882
4,2627 4,2949
4,6724 4,7053
5,3319 5,3653
692 12:55
4,6558 4,6881
4,2631 4,2953
4,6728 4,7057
5,3319 5,3653
693 12:56
4,6561 4,6884
4,2637 4,2959
4,6735 4,7064
5,3324 5,3658
694 12:57
4,6559 4,6882
4,2637 4,2959
4,6743 4,7072
5,3340 5,3674
695 12:58
4,6559 4,6882
4,2638 4,2960
4,6741 4,7070
5,3344 5,3678
696 12:59
4,6558 4,6881
4,2637 4,2959
4,6735 4,7064
5,3344 5,3678
697 13:00
4,6557 4,6880
4,2628 4,2950
4,6731 4,7060
5,3335 5,3669
698 13:01
4,6558 4,6881
4,2643 4,2965
4,6733 4,7063
5,3337 5,3671
699 13:02
4,6556 4,6879
4,2633 4,2955
4,6734 4,7064
5,3344 5,3678
700 13:03
4,6557 4,6880
4,2642 4,2964
4,6741 4,7071
5,3351 5,3685
701 13:04
4,6558 4,6881
4,2635 4,2957
4,6739 4,7069
5,3340 5,3674
702 13:05
4,6559 4,6882
4,2640 4,2962
4,6741 4,7071
5,3335 5,3669
703 13:06
4,6561 4,6884
4,2647 4,2969
4,6746 4,7076
5,3340 5,3674
704 13:07
4,6561 4,6884
4,2644 4,2966
4,6731 4,7061
5,3324 5,3658
705 13:08
4,6570 4,6893
4,2653 4,2975
4,6743 4,7073
5,3335 5,3669
