#======================
2023-3-31
# 1.EUR, 2.USD, 3.CHF, 4.GBP
Sell Price, Buy Price
1 08:59
4,6556 4,6882
4,2699 4,3024
4,6712 4,7050
5,2965 5,3302
2 09:00
4,6555 4,6881
4,2697 4,3022
4,6710 4,7048
5,2958 5,3295
3 09:01
4,6549 4,6875
4,2685 4,3010
4,6701 4,7039
5,2935 5,3272
4 09:02
4,6549 4,6875
4,2663 4,2988
4,6682 4,7020
5,2926 5,3263
5 09:03
4,6552 4,6878
4,2672 4,2997
4,6680 4,7018
5,2927 5,3264
6 09:04
4,6551 4,6877
4,2687 4,3012
4,6689 4,7027
5,2917 5,3254
7 09:05
4,6553 4,6879
4,2699 4,3024
4,6691 4,7029
5,2935 5,3272
8 09:06
4,6553 4,6878
4,2695 4,3020
4,6693 4,7025
5,2937 5,3273
9 09:07
4,6554 4,6879
4,2696 4,3021
4,6690 4,7022
5,2935 5,3271
10 09:08
4,6553 4,6878
4,2701 4,3026
4,6689 4,7021
5,2937 5,3273
11 09:09
4,6554 4,6879
4,2704 4,3029
4,6690 4,7022
5,2944 5,3280
12 09:10
4,6553 4,6878
4,2698 4,3023
4,6689 4,7021
5,2945 5,3281
13 09:11
4,6548 4,6875
4,2695 4,3020
4,6680 4,7013
5,2930 5,3266
14 09:12
4,6546 4,6873
4,2695 4,3020
4,6680 4,7013
5,2930 5,3266
15 09:13
4,6541 4,6868
4,2682 4,3007
4,6675 4,7008
5,2929 5,3265
16 09:14
4,6540 4,6867
4,2689 4,3014
4,6675 4,7008
5,2929 5,3265
17 09:15
4,6539 4,6866
4,2684 4,3009
4,6675 4,7008
5,2925 5,3261
18 09:16
4,6539 4,6866
4,2696 4,3021
4,6680 4,7012
5,2926 5,3262
19 09:17
4,6538 4,6865
4,2714 4,3039
4,6689 4,7021
5,2939 5,3275
20 09:18
4,6541 4,6868
4,2713 4,3038
4,6689 4,7021
5,2928 5,3264
21 09:19
4,6541 4,6868
4,2722 4,3047
4,6714 4,7046
5,2928 5,3264
22 09:20
4,6542 4,6869
4,2723 4,3048
4,6721 4,7053
5,2929 5,3265
23 09:21
4,6544 4,6870
4,2720 4,3045
4,6720 4,7054
5,2918 5,3255
24 09:22
4,6556 4,6882
4,2750 4,3075
4,6739 4,7073
5,2930 5,3267
25 09:23
4,6550 4,6876
4,2737 4,3062
4,6735 4,7069
5,2930 5,3267
26 09:24
4,6544 4,6870
4,2732 4,3057
4,6722 4,7056
5,2918 5,3255
27 09:25
4,6543 4,6869
4,2725 4,3050
4,6729 4,7063
5,2920 5,3257
28 09:26
4,6544 4,6870
4,2729 4,3054
4,6738 4,7072
5,2917 5,3254
29 09:27
4,6532 4,6858
4,2713 4,3038
4,6720 4,7054
5,2904 5,3241
30 09:28
4,6530 4,6856
4,2707 4,3032
4,6712 4,7046
5,2898 5,3235
31 09:29
4,6527 4,6853
4,2704 4,3029
4,6710 4,7044
5,2892 5,3229
32 09:30
4,6518 4,6844
4,2702 4,3027
4,6703 4,7037
5,2888 5,3225
33 09:31
4,6530 4,6855
4,2724 4,3049
4,6717 4,7050
5,2898 5,3234
34 09:32
4,6531 4,6856
4,2727 4,3052
4,6711 4,7044
5,2900 5,3236
35 09:33
4,6529 4,6854
4,2725 4,3050
4,6707 4,7040
5,2892 5,3228
36 09:34
4,6525 4,6850
4,2717 4,3042
4,6702 4,7035
5,2896 5,3232
37 09:35
4,6525 4,6850
4,2735 4,3060
4,6712 4,7045
5,2901 5,3237
38 09:36
4,6527 4,6852
4,2733 4,3058
4,6699 4,7032
5,2899 5,3235
39 09:37
4,6526 4,6851
4,2736 4,3061
4,6699 4,7032
5,2893 5,3229
40 09:38
4,6525 4,6850
4,2739 4,3064
4,6700 4,7033
5,2892 5,3228
41 09:39
4,6533 4,6858
4,2751 4,3076
4,6711 4,7044
5,2893 5,3229
42 09:40
4,6545 4,6870
4,2766 4,3091
4,6731 4,7064
5,2913 5,3249
43 09:41
4,6560 4,6885
4,2787 4,3112
4,6766 4,7099
5,2936 5,3272
44 09:42
4,6561 4,6886
4,2782 4,3107
4,6772 4,7105
5,2929 5,3265
45 09:43
4,6562 4,6887
4,2781 4,3106
4,6777 4,7110
5,2922 5,3258
46 09:44
4,6560 4,6885
4,2775 4,3100
4,6776 4,7109
5,2915 5,3251
47 09:45
4,6558 4,6883
4,2773 4,3098
4,6780 4,7113
5,2900 5,3236
48 09:46
4,6557 4,6882
4,2772 4,3097
4,6759 4,7092
5,2914 5,3250
49 09:47
4,6554 4,6879
4,2768 4,3093
4,6746 4,7079
5,2917 5,3253
50 09:48
4,6553 4,6878
4,2765 4,3090
4,6746 4,7079
5,2913 5,3249
51 09:49
4,6555 4,6880
4,2782 4,3107
4,6758 4,7091
5,2915 5,3251
52 09:50
4,6553 4,6878
4,2774 4,3099
4,6749 4,7082
5,2922 5,3258
53 09:51
4,6553 4,6878
4,2774 4,3099
4,6737 4,7070
5,2921 5,3257
54 09:52
4,6552 4,6877
4,2782 4,3107
4,6740 4,7073
5,2927 5,3263
55 09:53
4,6551 4,6876
4,2782 4,3107
4,6735 4,7068
5,2925 5,3261
56 09:54
4,6551 4,6876
4,2776 4,3101
4,6733 4,7066
5,2922 5,3258
57 09:55
4,6548 4,6873
4,2764 4,3089
4,6723 4,7056
5,2913 5,3249
58 09:56
4,6548 4,6873
4,2760 4,3085
4,6726 4,7059
5,2913 5,3249
59 09:57
4,6548 4,6873
4,2758 4,3083
4,6726 4,7059
5,2916 5,3252
60 09:58
4,6544 4,6869
4,2752 4,3077
4,6726 4,7059
5,2911 5,3247
61 09:59
4,6543 4,6868
4,2759 4,3084
4,6735 4,7068
5,2914 5,3250
62 10:00
4,6544 4,6869
4,2759 4,3084
4,6734 4,7067
5,2913 5,3249
63 10:01
4,6543 4,6868
4,2769 4,3094
4,6733 4,7066
5,2905 5,3241
64 10:02
4,6536 4,6861
4,2762 4,3087
4,6714 4,7047
5,2893 5,3229
65 10:03
4,6535 4,6860
4,2758 4,3083
4,6711 4,7044
5,2889 5,3225
66 10:04
4,6534 4,6859
4,2759 4,3084
4,6721 4,7054
5,2900 5,3236
67 10:05
4,6525 4,6850
4,2747 4,3072
4,6736 4,7069
5,2884 5,3220
68 10:06
4,6530 4,6855
4,2756 4,3081
4,6732 4,7064
5,2887 5,3223
69 10:07
4,6528 4,6853
4,2742 4,3067
4,6722 4,7054
5,2875 5,3211
70 10:08
4,6527 4,6852
4,2741 4,3066
4,6721 4,7053
5,2877 5,3213
71 10:09
4,6534 4,6859
4,2759 4,3084
4,6740 4,7072
5,2893 5,3229
72 10:10
4,6532 4,6857
4,2747 4,3072
4,6731 4,7063
5,2888 5,3224
73 10:11
4,6542 4,6867
4,2763 4,3088
4,6734 4,7067
5,2905 5,3241
74 10:12
4,6525 4,6850
4,2747 4,3072
4,6727 4,7060
5,2889 5,3225
75 10:13
4,6530 4,6855
4,2745 4,3070
4,6736 4,7069
5,2895 5,3231
76 10:14
4,6531 4,6856
4,2748 4,3073
4,6741 4,7074
5,2904 5,3240
77 10:15
4,6536 4,6861
4,2761 4,3086
4,6757 4,7090
5,2924 5,3260
78 10:16
4,6536 4,6861
4,2755 4,3080
4,6745 4,7078
5,2932 5,3268
79 10:17
4,6534 4,6859
4,2757 4,3082
4,6732 4,7065
5,2922 5,3258
80 10:18
4,6531 4,6856
4,2762 4,3087
4,6723 4,7056
5,2903 5,3239
81 10:19
4,6529 4,6854
4,2782 4,3107
4,6732 4,7065
5,2901 5,3237
82 10:20
4,6527 4,6852
4,2785 4,3110
4,6730 4,7063
5,2899 5,3235
83 10:21
4,6528 4,6853
4,2775 4,3100
4,6724 4,7057
5,2899 5,3235
84 10:22
4,6531 4,6856
4,2778 4,3103
4,6742 4,7075
5,2902 5,3238
85 10:23
4,6528 4,6853
4,2776 4,3101
4,6735 4,7068
5,2897 5,3233
86 10:24
4,6530 4,6855
4,2777 4,3102
4,6745 4,7078
5,2895 5,3231
87 10:25
4,6541 4,6866
4,2774 4,3099
4,6746 4,7079
5,2898 5,3234
88 10:26
4,6536 4,6861
4,2777 4,3102
4,6745 4,7078
5,2906 5,3242
89 10:27
4,6537 4,6862
4,2782 4,3107
4,6748 4,7081
5,2904 5,3240
90 10:28
4,6548 4,6873
4,2802 4,3127
4,6771 4,7104
5,2929 5,3265
91 10:29
4,6547 4,6872
4,2805 4,3130
4,6772 4,7105
5,2930 5,3266
92 10:30
4,6543 4,6868
4,2795 4,3120
4,6766 4,7099
5,2922 5,3258
93 10:31
4,6544 4,6871
4,2797 4,3122
4,6770 4,7103
5,2921 5,3257
94 10:32
4,6553 4,6880
4,2808 4,3133
4,6784 4,7117
5,2927 5,3263
95 10:33
4,6541 4,6868
4,2780 4,3105
4,6757 4,7090
5,2906 5,3242
96 10:34
4,6535 4,6862
4,2778 4,3103
4,6742 4,7075
5,2896 5,3232
97 10:35
4,6545 4,6872
4,2792 4,3117
4,6748 4,7081
5,2911 5,3247
98 10:36
4,6537 4,6863
4,2791 4,3116
4,6735 4,7068
5,2910 5,3247
99 10:37
4,6539 4,6865
4,2797 4,3122
4,6747 4,7080
5,2907 5,3244
100 10:38
4,6545 4,6871
4,2792 4,3117
4,6753 4,7086
5,2916 5,3253
101 10:39
4,6538 4,6864
4,2785 4,3110
4,6741 4,7074
5,2901 5,3238
102 10:40
4,6543 4,6869
4,2791 4,3116
4,6735 4,7068
5,2905 5,3242
103 10:41
4,6554 4,6880
4,2802 4,3127
4,6740 4,7073
5,2919 5,3256
104 10:42
4,6552 4,6878
4,2802 4,3127
4,6742 4,7075
5,2917 5,3254
105 10:43
4,6549 4,6875
4,2790 4,3115
4,6729 4,7062
5,2914 5,3251
106 10:44
4,6549 4,6875
4,2785 4,3110
4,6725 4,7058
5,2920 5,3257
107 10:45
4,6547 4,6873
4,2792 4,3117
4,6707 4,7040
5,2918 5,3255
108 10:46
4,6547 4,6874
4,2784 4,3109
4,6703 4,7035
5,2915 5,3251
109 10:47
4,6554 4,6881
4,2789 4,3114
4,6705 4,7037
5,2915 5,3251
110 10:48
4,6555 4,6882
4,2791 4,3116
4,6701 4,7033
5,2910 5,3246
111 10:49
4,6549 4,6876
4,2780 4,3105
4,6690 4,7022
5,2890 5,3226
112 10:50
4,6551 4,6878
4,2778 4,3103
4,6692 4,7024
5,2893 5,3229
113 10:51
4,6555 4,6881
4,2783 4,3108
4,6687 4,7019
5,2906 5,3243
114 10:52
4,6557 4,6883
4,2789 4,3114
4,6687 4,7019
5,2915 5,3252
115 10:53
4,6565 4,6891
4,2795 4,3120
4,6688 4,7020
5,2923 5,3260
116 10:54
4,6566 4,6892
4,2797 4,3122
4,6692 4,7024
5,2924 5,3261
117 10:55
4,6574 4,6900
4,2797 4,3122
4,6693 4,7025
5,2918 5,3255
118 10:56
4,6561 4,6887
4,2766 4,3091
4,6672 4,7004
5,2892 5,3229
119 10:57
4,6564 4,6890
4,2764 4,3089
4,6671 4,7003
5,2898 5,3235
120 10:58
4,6566 4,6892
4,2758 4,3083
4,6660 4,6992
5,2901 5,3238
121 10:59
4,6567 4,6893
4,2756 4,3081
4,6652 4,6984
5,2899 5,3236
122 11:00
4,6574 4,6900
4,2767 4,3092
4,6668 4,7000
5,2918 5,3255
123 11:01
4,6591 4,6917
4,2820 4,3145
4,6732 4,7066
5,2963 5,3299
124 11:02
4,6591 4,6917
4,2820 4,3145
4,6737 4,7071
5,2976 5,3312
125 11:03
4,6592 4,6918
4,2833 4,3158
4,6743 4,7077
5,2976 5,3312
126 11:04
4,6591 4,6917
4,2832 4,3157
4,6726 4,7060
5,2983 5,3319
127 11:05
4,6598 4,6924
4,2829 4,3154
4,6748 4,7082
5,2995 5,3331
128 11:06
4,6588 4,6914
4,2816 4,3141
4,6731 4,7064
5,2983 5,3320
129 11:07
4,6592 4,6918
4,2833 4,3158
4,6727 4,7060
5,3002 5,3339
130 11:08
4,6599 4,6925
4,2832 4,3157
4,6730 4,7063
5,3001 5,3338
131 11:09
4,6592 4,6918
4,2823 4,3148
4,6724 4,7057
5,2983 5,3320
132 11:10
4,6592 4,6918
4,2820 4,3145
4,6725 4,7058
5,2975 5,3312
133 11:11
4,6598 4,6924
4,2817 4,3142
4,6719 4,7051
5,2970 5,3307
134 11:12
4,6604 4,6930
4,2814 4,3139
4,6747 4,7079
5,2973 5,3310
135 11:13
4,6581 4,6907
4,2795 4,3120
4,6708 4,7040
5,2951 5,3288
136 11:14
4,6579 4,6905
4,2787 4,3112
4,6699 4,7031
5,2942 5,3279
137 11:15
4,6581 4,6907
4,2783 4,3108
4,6694 4,7026
5,2944 5,3281
138 11:16
4,6584 4,6910
4,2800 4,3125
4,6709 4,7042
5,2948 5,3285
139 11:17
4,6584 4,6910
4,2794 4,3119
4,6701 4,7034
5,2942 5,3279
140 11:18
4,6583 4,6909
4,2797 4,3122
4,6701 4,7034
5,2947 5,3284
141 11:19
4,6581 4,6907
4,2801 4,3126
4,6694 4,7027
5,2947 5,3284
142 11:20
4,6580 4,6906
4,2791 4,3116
4,6682 4,7015
5,2943 5,3280
143 11:21
4,6584 4,6910
4,2795 4,3120
4,6678 4,7011
5,2948 5,3284
144 11:22
4,6583 4,6909
4,2800 4,3125
4,6675 4,7008
5,2943 5,3279
145 11:23
4,6583 4,6909
4,2790 4,3115
4,6663 4,6996
5,2937 5,3273
146 11:24
4,6583 4,6909
4,2776 4,3101
4,6649 4,6982
5,2949 5,3285
147 11:25
4,6584 4,6910
4,2773 4,3098
4,6650 4,6983
5,2944 5,3280
148 11:26
4,6576 4,6902
4,2760 4,3085
4,6634 4,6966
5,2929 5,3265
149 11:27
4,6572 4,6898
4,2745 4,3070
4,6624 4,6956
5,2916 5,3252
150 11:28
4,6571 4,6897
4,2742 4,3067
4,6617 4,6949
5,2912 5,3248
151 11:29
4,6572 4,6898
4,2747 4,3072
4,6622 4,6954
5,2910 5,3246
152 11:30
4,6580 4,6906
4,2758 4,3083
4,6630 4,6962
5,2922 5,3258
153 11:31
4,6582 4,6907
4,2778 4,3103
4,6620 4,6953
5,2946 5,3282
154 11:32
4,6578 4,6903
4,2762 4,3087
4,6614 4,6947
5,2932 5,3268
155 11:33
4,6582 4,6907
4,2766 4,3091
4,6621 4,6954
5,2937 5,3273
156 11:34
4,6574 4,6899
4,2759 4,3084
4,6625 4,6958
5,2927 5,3263
157 11:35
4,6573 4,6898
4,2758 4,3083
4,6621 4,6954
5,2927 5,3263
158 11:36
4,6573 4,6900
4,2753 4,3078
4,6626 4,6960
5,2926 5,3262
159 11:37
4,6575 4,6902
4,2761 4,3086
4,6635 4,6969
5,2937 5,3273
160 11:38
4,6574 4,6901
4,2759 4,3084
4,6640 4,6974
5,2934 5,3270
161 11:39
4,6593 4,6920
4,2783 4,3108
4,6658 4,6992
5,2957 5,3293
162 11:40
4,6593 4,6920
4,2784 4,3109
4,6659 4,6993
5,2965 5,3301
163 11:41
4,6601 4,6928
4,2801 4,3126
4,6655 4,6988
5,2981 5,3317
164 11:42
4,6604 4,6931
4,2808 4,3133
4,6650 4,6983
5,2986 5,3322
165 11:43
4,6608 4,6935
4,2805 4,3130
4,6659 4,6992
5,2990 5,3326
166 11:44
4,6609 4,6936
4,2814 4,3139
4,6665 4,6998
5,2997 5,3333
167 11:45
4,6610 4,6937
4,2809 4,3134
4,6656 4,6989
5,3008 5,3344
168 11:46
4,6608 4,6933
4,2811 4,3136
4,6661 4,6994
5,3011 5,3347
169 11:47
4,6605 4,6930
4,2802 4,3127
4,6660 4,6993
5,3008 5,3344
170 11:48
4,6607 4,6932
4,2811 4,3136
4,6668 4,7001
5,3017 5,3353
171 11:49
4,6604 4,6929
4,2804 4,3129
4,6665 4,6998
5,3006 5,3342
172 11:50
4,6605 4,6930
4,2811 4,3136
4,6662 4,6995
5,2999 5,3335
173 11:51
4,6607 4,6933
4,2826 4,3151
4,6670 4,7003
5,3013 5,3349
174 11:52
4,6604 4,6930
4,2827 4,3152
4,6664 4,6997
5,3006 5,3342
175 11:53
4,6608 4,6934
4,2833 4,3158
4,6670 4,7003
5,3009 5,3345
176 11:54
4,6609 4,6935
4,2832 4,3157
4,6674 4,7007
5,3000 5,3336
177 11:55
4,6610 4,6936
4,2829 4,3154
4,6669 4,7002
5,2999 5,3335
178 11:56
4,6607 4,6934
4,2827 4,3152
4,6686 4,7019
5,2996 5,3332
179 11:57
4,6604 4,6931
4,2824 4,3149
4,6689 4,7022
5,2992 5,3328
180 11:58
4,6604 4,6931
4,2813 4,3138
4,6680 4,7013
5,2981 5,3317
181 11:59
4,6604 4,6931
4,2809 4,3134
4,6657 4,6990
5,2981 5,3317
182 12:00
4,6603 4,6930
4,2817 4,3142
4,6666 4,6999
5,2986 5,3322
183 12:01
4,6604 4,6931
4,2813 4,3138
4,6686 4,7018
5,2983 5,3320
184 12:02
4,6605 4,6932
4,2816 4,3141
4,6686 4,7018
5,2982 5,3319
185 12:03
4,6607 4,6934
4,2817 4,3142
4,6690 4,7022
5,2983 5,3320
186 12:04
4,6604 4,6931
4,2819 4,3144
4,6685 4,7017
5,2984 5,3321
187 12:05
4,6604 4,6931
4,2819 4,3144
4,6687 4,7019
5,2986 5,3323
188 12:06
4,6605 4,6931
4,2824 4,3149
4,6685 4,7019
5,2985 5,3322
189 12:07
4,6606 4,6932
4,2822 4,3147
4,6686 4,7020
5,2984 5,3321
190 12:08
4,6605 4,6931
4,2821 4,3146
4,6685 4,7019
5,2987 5,3324
191 12:09
4,6602 4,6928
4,2820 4,3145
4,6684 4,7018
5,2986 5,3323
192 12:10
4,6602 4,6928
4,2824 4,3149
4,6687 4,7021
5,2983 5,3320
193 12:11
4,6592 4,6920
4,2814 4,3139
4,6678 4,7012
5,2982 5,3319
194 12:12
4,6588 4,6916
4,2806 4,3131
4,6671 4,7005
5,2974 5,3311
195 12:13
4,6592 4,6920
4,2807 4,3132
4,6673 4,7007
5,2976 5,3313
196 12:14
4,6596 4,6924
4,2810 4,3135
4,6675 4,7009
5,2993 5,3330
197 12:15
4,6588 4,6916
4,2802 4,3127
4,6664 4,6998
5,2986 5,3323
198 12:16
4,6590 4,6916
4,2797 4,3122
4,6661 4,6995
5,2991 5,3328
199 12:17
4,6580 4,6906
4,2786 4,3111
4,6646 4,6980
5,2991 5,3328
200 12:18
4,6577 4,6903
4,2776 4,3101
4,6657 4,6991
5,2982 5,3319
201 12:19
4,6583 4,6909
4,2789 4,3114
4,6663 4,6997
5,2985 5,3322
202 12:20
4,6578 4,6904
4,2785 4,3110
4,6659 4,6993
5,2999 5,3336
203 12:21
4,6581 4,6909
4,2796 4,3121
4,6656 4,6989
5,3004 5,3341
204 12:22
4,6580 4,6908
4,2801 4,3126
4,6661 4,6994
5,2995 5,3332
205 12:23
4,6575 4,6903
4,2801 4,3126
4,6652 4,6985
5,2987 5,3324
206 12:24
4,6575 4,6903
4,2796 4,3121
4,6648 4,6981
5,2989 5,3326
207 12:25
4,6576 4,6904
4,2791 4,3116
4,6652 4,6985
5,2993 5,3330
208 12:26
4,6584 4,6912
4,2794 4,3119
4,6659 4,6992
5,3005 5,3342
209 12:27
4,6591 4,6919
4,2816 4,3141
4,6671 4,7004
5,3029 5,3366
210 12:28
4,6594 4,6922
4,2823 4,3148
4,6674 4,7007
5,3037 5,3374
211 12:29
4,6596 4,6924
4,2823 4,3148
4,6671 4,7004
5,3036 5,3373
212 12:30
4,6598 4,6926
4,2825 4,3150
4,6674 4,7007
5,3045 5,3382
213 12:31
4,6600 4,6926
4,2822 4,3147
4,6675 4,7008
5,3040 5,3377
214 12:32
4,6604 4,6930
4,2819 4,3144
4,6681 4,7014
5,3040 5,3377
215 12:33
4,6603 4,6929
4,2811 4,3136
4,6680 4,7013
5,3034 5,3371
216 12:34
4,6603 4,6929
4,2815 4,3140
4,6680 4,7013
5,3041 5,3378
217 12:35
4,6600 4,6926
4,2816 4,3141
4,6681 4,7014
5,3037 5,3374
218 12:36
4,6601 4,6927
4,2821 4,3146
4,6683 4,7016
5,3042 5,3379
219 12:37
4,6602 4,6928
4,2822 4,3147
4,6684 4,7017
5,3043 5,3380
220 12:38
4,6603 4,6929
4,2828 4,3153
4,6684 4,7017
5,3043 5,3380
221 12:39
4,6603 4,6929
4,2829 4,3154
4,6689 4,7022
5,3044 5,3381
222 12:40
4,6603 4,6929
4,2822 4,3147
4,6694 4,7027
5,3046 5,3383
223 12:41
4,6603 4,6929
4,2822 4,3147
4,6694 4,7027
5,3046 5,3383
224 12:42
4,6603 4,6929
4,2819 4,3144
4,6699 4,7032
5,3047 5,3384
225 12:43
4,6604 4,6930
4,2821 4,3146
4,6699 4,7032
5,3048 5,3385
226 12:44
4,6596 4,6922
4,2822 4,3147
4,6699 4,7032
5,3039 5,3376
227 12:45
4,6597 4,6923
4,2823 4,3148
4,6706 4,7039
5,3040 5,3377
228 12:46
4,6598 4,6923
4,2838 4,3163
4,6709 4,7042
5,3040 5,3377
229 12:47
4,6598 4,6923
4,2841 4,3166
4,6716 4,7049
5,3040 5,3377
230 12:48
4,6598 4,6923
4,2847 4,3172
4,6722 4,7055
5,3038 5,3375
231 12:49
4,6599 4,6924
4,2846 4,3171
4,6724 4,7057
5,3038 5,3375
232 12:50
4,6599 4,6924
4,2852 4,3177
4,6727 4,7060
5,3044 5,3381
233 12:51
4,6596 4,6923
4,2846 4,3171
4,6722 4,7055
5,3063 5,3400
234 12:52
4,6595 4,6922
4,2842 4,3167
4,6723 4,7056
5,3071 5,3408
235 12:53
4,6588 4,6915
4,2848 4,3173
4,6714 4,7047
5,3066 5,3403
236 12:54
4,6593 4,6920
4,2849 4,3174
4,6715 4,7048
5,3063 5,3400
237 12:55
4,6599 4,6926
4,2856 4,3181
4,6716 4,7049
5,3063 5,3400
238 12:56
4,6603 4,6929
4,2872 4,3197
4,6732 4,7065
5,3080 5,3417
239 12:57
4,6603 4,6929
4,2866 4,3191
4,6732 4,7065
5,3083 5,3420
240 12:58
4,6602 4,6928
4,2871 4,3196
4,6728 4,7061
5,3085 5,3422
241 12:59
4,6602 4,6928
4,2871 4,3196
4,6726 4,7059
5,3078 5,3415
242 13:00
4,6601 4,6927
4,2873 4,3198
4,6723 4,7056
5,3085 5,3422
243 13:01
4,6602 4,6928
4,2869 4,3194
4,6712 4,7045
5,3079 5,3416
244 13:02
4,6595 4,6921
4,2864 4,3189
4,6707 4,7040
5,3077 5,3414
245 13:03
4,6589 4,6915
4,2861 4,3186
4,6705 4,7038
5,3078 5,3415
246 13:04
4,6587 4,6913
4,2858 4,3183
4,6702 4,7035
5,3075 5,3412
247 13:05
4,6588 4,6914
4,2862 4,3187
4,6700 4,7033
5,3082 5,3419
248 13:06
4,6596 4,6921
4,2879 4,3204
4,6712 4,7045
5,3084 5,3421
249 13:07
4,6603 4,6928
4,2893 4,3218
4,6728 4,7061
5,3094 5,3431
250 13:08
4,6592 4,6917
4,2867 4,3192
4,6707 4,7040
5,3078 5,3415
251 13:09
4,6585 4,6910
4,2862 4,3187
4,6705 4,7038
5,3067 5,3404
252 13:10
4,6584 4,6909
4,2851 4,3176
4,6708 4,7041
5,3061 5,3398
253 13:11
4,6581 4,6906
4,2841 4,3166
4,6702 4,7035
5,3051 5,3387
254 13:12
4,6578 4,6903
4,2836 4,3161
4,6701 4,7034
5,3048 5,3384
255 13:13
4,6574 4,6899
4,2829 4,3154
4,6694 4,7027
5,3037 5,3373
256 13:14
4,6570 4,6895
4,2821 4,3146
4,6686 4,7019
5,3030 5,3366
257 13:15
4,6571 4,6896
4,2822 4,3147
4,6687 4,7020
5,3031 5,3367
258 13:16
4,6570 4,6896
4,2826 4,3151
4,6692 4,7025
5,3034 5,3371
259 13:17
4,6570 4,6896
4,2824 4,3149
4,6687 4,7020
5,3030 5,3367
260 13:18
4,6571 4,6897
4,2825 4,3150
4,6693 4,7026
5,3032 5,3369
261 13:19
4,6570 4,6896
4,2822 4,3147
4,6692 4,7025
5,3028 5,3365
262 13:20
4,6553 4,6879
4,2802 4,3127
4,6665 4,6998
5,3005 5,3342
263 13:21
4,6541 4,6867
4,2793 4,3118
4,6648 4,6981
5,2994 5,3331
264 13:22
4,6536 4,6862
4,2795 4,3120
4,6641 4,6974
5,2992 5,3329
265 13:23
4,6552 4,6878
4,2809 4,3134
4,6654 4,6987
5,3019 5,3356
266 13:24
4,6552 4,6878
4,2807 4,3132
4,6650 4,6983
5,3017 5,3354
267 13:25
4,6555 4,6881
4,2806 4,3131
4,6648 4,6981
5,3025 5,3362
268 13:26
4,6552 4,6878
4,2797 4,3122
4,6645 4,6979
5,3019 5,3356
269 13:27
4,6552 4,6878
4,2798 4,3123
4,6646 4,6980
5,3014 5,3351
270 13:28
4,6563 4,6889
4,2802 4,3127
4,6657 4,6991
5,3035 5,3372
271 13:29
4,6566 4,6892
4,2806 4,3131
4,6659 4,6993
5,3035 5,3372
272 13:30
4,6567 4,6893
4,2805 4,3130
4,6661 4,6995
5,3047 5,3384
273 13:31
4,6567 4,6893
4,2813 4,3138
4,6669 4,7004
5,3061 5,3398
274 13:32
4,6567 4,6893
4,2821 4,3146
4,6669 4,7004
5,3057 5,3394
275 13:33
4,6577 4,6903
4,2828 4,3153
4,6676 4,7011
5,3066 5,3403
276 13:34
4,6575 4,6901
4,2824 4,3149
4,6674 4,7009
5,3064 5,3401
277 13:35
4,6574 4,6900
4,2826 4,3151
4,6671 4,7006
5,3065 5,3402
278 13:36
4,6575 4,6901
4,2824 4,3149
4,6670 4,7003
5,3072 5,3408
279 13:37
4,6575 4,6901
4,2821 4,3146
4,6676 4,7009
5,3064 5,3400
280 13:38
4,6575 4,6901
4,2822 4,3147
4,6682 4,7015
5,3074 5,3410
281 13:39
4,6576 4,6902
4,2832 4,3157
4,6684 4,7017
5,3090 5,3426
282 13:40
4,6577 4,6903
4,2828 4,3153
4,6686 4,7019
5,3084 5,3420
283 13:41
4,6572 4,6898
4,2822 4,3147
4,6675 4,7008
5,3086 5,3422
284 13:42
4,6570 4,6896
4,2818 4,3143
4,6673 4,7006
5,3079 5,3415
285 13:43
4,6574 4,6900
4,2829 4,3154
4,6685 4,7018
5,3081 5,3417
286 13:44
4,6573 4,6899
4,2819 4,3144
4,6681 4,7014
5,3076 5,3412
287 13:45
4,6573 4,6899
4,2813 4,3138
4,6683 4,7016
5,3080 5,3416
288 13:46
4,6573 4,6899
4,2833 4,3158
4,6683 4,7016
5,3086 5,3422
289 13:47
4,6558 4,6884
4,2819 4,3144
4,6668 4,7001
5,3059 5,3395
290 13:48
4,6556 4,6882
4,2819 4,3144
4,6678 4,7011
5,3048 5,3384
291 13:49
4,6559 4,6885
4,2820 4,3145
4,6681 4,7014
5,3042 5,3378
292 13:50
4,6557 4,6883
4,2817 4,3142
4,6681 4,7014
5,3040 5,3376
293 13:51
4,6558 4,6884
4,2818 4,3143
4,6681 4,7015
5,3044 5,3381
294 13:52
4,6555 4,6881
4,2820 4,3145
4,6683 4,7017
5,3044 5,3381
295 13:53
4,6555 4,6881
4,2822 4,3147
4,6690 4,7024
5,3043 5,3380
296 13:54
4,6554 4,6880
4,2821 4,3146
4,6690 4,7024
5,3040 5,3377
297 13:55
4,6555 4,6881
4,2818 4,3143
4,6689 4,7023
5,3032 5,3369
298 13:56
4,6547 4,6874
4,2830 4,3155
4,6698 4,7031
5,3037 5,3373
299 13:57
4,6544 4,6871
4,2834 4,3159
4,6706 4,7039
5,3031 5,3367
300 13:58
4,6540 4,6867
4,2823 4,3148
4,6699 4,7032
5,3020 5,3356
301 13:59
4,6542 4,6869
4,2834 4,3159
4,6701 4,7034
5,3020 5,3356
302 14:00
4,6545 4,6872
4,2827 4,3152
4,6704 4,7037
5,3024 5,3360
303 14:01
4,6537 4,6864
4,2808 4,3133
4,6692 4,7025
5,3006 5,3343
304 14:02
4,6528 4,6855
4,2798 4,3123
4,6682 4,7015
5,2992 5,3329
305 14:03
4,6537 4,6864
4,2800 4,3125
4,6684 4,7017
5,2996 5,3333
306 14:04
4,6538 4,6865
4,2796 4,3121
4,6678 4,7011
5,2991 5,3328
307 14:05
4,6524 4,6851
4,2782 4,3107
4,6660 4,6993
5,2972 5,3309
308 14:06
4,6529 4,6855
4,2788 4,3113
4,6669 4,7002
5,2972 5,3309
309 14:07
4,6523 4,6849
4,2779 4,3104
4,6663 4,6996
5,2962 5,3299
310 14:08
4,6507 4,6833
4,2766 4,3091
4,6645 4,6978
5,2938 5,3275
311 14:09
4,6498 4,6824
4,2758 4,3083
4,6638 4,6971
5,2928 5,3265
312 14:10
4,6513 4,6839
4,2771 4,3096
4,6653 4,6986
5,2944 5,3281
313 14:11
4,6514 4,6840
4,2770 4,3095
4,6654 4,6987
5,2949 5,3285
314 14:12
4,6514 4,6840
4,2766 4,3091
4,6650 4,6983
5,2946 5,3282
315 14:13
4,6513 4,6839
4,2764 4,3089
4,6644 4,6977
5,2942 5,3278
316 14:14
4,6515 4,6841
4,2764 4,3089
4,6644 4,6977
5,2935 5,3271
317 14:15
4,6517 4,6843
4,2771 4,3096
4,6653 4,6986
5,2938 5,3274
318 14:16
4,6518 4,6843
4,2771 4,3096
4,6655 4,6988
5,2940 5,3276
319 14:17
4,6518 4,6843
4,2767 4,3092
4,6648 4,6981
5,2936 5,3272
320 14:18
4,6514 4,6839
4,2768 4,3093
4,6649 4,6982
5,2932 5,3268
321 14:19
4,6512 4,6837
4,2768 4,3093
4,6641 4,6974
5,2929 5,3265
322 14:20
4,6515 4,6840
4,2769 4,3094
4,6645 4,6978
5,2933 5,3269
323 14:21
4,6514 4,6840
4,2765 4,3090
4,6642 4,6976
5,2930 5,3267
324 14:22
4,6516 4,6842
4,2770 4,3095
4,6637 4,6971
5,2936 5,3273
325 14:23
4,6516 4,6842
4,2767 4,3092
4,6638 4,6972
5,2934 5,3271
326 14:24
4,6524 4,6850
4,2774 4,3099
4,6644 4,6978
5,2937 5,3274
327 14:25
4,6535 4,6861
4,2780 4,3105
4,6657 4,6991
5,2950 5,3287
328 14:26
4,6540 4,6866
4,2786 4,3111
4,6662 4,6995
5,2946 5,3283
329 14:27
4,6542 4,6868
4,2784 4,3109
4,6658 4,6991
5,2939 5,3276
330 14:28
4,6542 4,6868
4,2782 4,3107
4,6668 4,7001
5,2953 5,3290
331 14:29
4,6543 4,6869
4,2785 4,3110
4,6679 4,7012
5,2955 5,3292
332 14:30
4,6541 4,6867
4,2786 4,3111
4,6674 4,7007
5,2956 5,3293
333 14:31
4,6541 4,6868
4,2745 4,3077
4,6682 4,7019
5,2968 5,3307
334 14:32
4,6537 4,6863
4,2742 4,3067
4,6694 4,7028
5,2968 5,3305
335 14:33
4,6533 4,6859
4,2713 4,3038
4,6671 4,7005
5,2969 5,3306
336 14:34
4,6532 4,6858
4,2726 4,3051
4,6678 4,7012
5,2960 5,3297
337 14:35
4,6520 4,6846
4,2707 4,3032
4,6665 4,6999
5,2943 5,3280
338 14:36
4,6523 4,6849
4,2716 4,3041
4,6677 4,7011
5,2943 5,3280
339 14:37
4,6533 4,6859
4,2733 4,3058
4,6692 4,7026
5,2955 5,3292
340 14:38
4,6533 4,6859
4,2730 4,3055
4,6692 4,7026
5,2958 5,3295
341 14:39
4,6528 4,6854
4,2718 4,3043
4,6678 4,7012
5,2956 5,3293
342 14:40
4,6522 4,6848
4,2710 4,3035
4,6677 4,7011
5,2951 5,3288
343 14:41
4,6524 4,6850
4,2713 4,3038
4,6679 4,7013
5,2957 5,3293
344 14:42
4,6527 4,6853
4,2721 4,3046
4,6694 4,7028
5,2964 5,3300
345 14:43
4,6528 4,6854
4,2732 4,3057
4,6682 4,7016
5,2968 5,3304
346 14:44
4,6529 4,6855
4,2734 4,3059
4,6695 4,7029
5,2959 5,3295
347 14:45
4,6538 4,6864
4,2751 4,3076
4,6692 4,7026
5,2964 5,3300
348 14:46
4,6541 4,6867
4,2759 4,3084
4,6700 4,7033
5,2975 5,3312
349 14:47
4,6536 4,6862
4,2765 4,3090
4,6700 4,7033
5,2974 5,3311
350 14:48
4,6536 4,6862
4,2755 4,3080
4,6693 4,7026
5,2967 5,3304
351 14:49
4,6528 4,6854
4,2757 4,3082
4,6680 4,7013
5,2958 5,3295
352 14:50
4,6526 4,6852
4,2760 4,3085
4,6683 4,7016
5,2959 5,3296
353 14:51
4,6527 4,6853
4,2761 4,3086
4,6684 4,7018
5,2964 5,3301
354 14:52
4,6527 4,6853
4,2753 4,3078
4,6686 4,7020
5,2957 5,3294
355 14:53
4,6512 4,6838
4,2733 4,3058
4,6681 4,7015
5,2938 5,3275
356 14:54
4,6514 4,6840
4,2725 4,3050
4,6701 4,7035
5,2942 5,3279
357 14:55
4,6518 4,6844
4,2723 4,3048
4,6707 4,7041
5,2951 5,3288
358 14:56
4,6510 4,6835
4,2710 4,3035
4,6678 4,7012
5,2946 5,3283
359 14:57
4,6510 4,6835
4,2713 4,3038
4,6676 4,7010
5,2946 5,3283
360 14:58
4,6510 4,6835
4,2712 4,3037
4,6677 4,7011
5,2952 5,3289
361 14:59
4,6513 4,6838
4,2719 4,3044
4,6694 4,7028
5,2958 5,3295
362 15:00
4,6510 4,6835
4,2717 4,3042
4,6699 4,7033
5,2961 5,3298
363 15:01
4,6510 4,6835
4,2728 4,3053
4,6701 4,7035
5,2957 5,3294
364 15:02
4,6510 4,6835
4,2734 4,3059
4,6701 4,7035
5,2958 5,3295
365 15:03
4,6510 4,6835
4,2724 4,3049
4,6699 4,7033
5,2949 5,3286
366 15:04
4,6513 4,6838
4,2739 4,3064
4,6708 4,7042
5,2951 5,3288
367 15:05
4,6520 4,6845
4,2742 4,3067
4,6710 4,7044
5,2954 5,3291
368 15:06
4,6513 4,6839
4,2724 4,3049
4,6695 4,7029
5,2942 5,3279
369 15:07
4,6512 4,6838
4,2735 4,3060
4,6693 4,7027
5,2943 5,3280
370 15:08
4,6512 4,6838
4,2735 4,3060
4,6699 4,7033
5,2940 5,3277
371 15:09
4,6512 4,6838
4,2743 4,3068
4,6708 4,7042
5,2940 5,3277
372 15:10
4,6510 4,6836
4,2755 4,3080
4,6712 4,7046
5,2935 5,3272
373 15:11
4,6512 4,6837
4,2750 4,3075
4,6722 4,7055
5,2943 5,3279
374 15:12
4,6512 4,6837
4,2740 4,3065
4,6727 4,7060
5,2951 5,3287
375 15:13
4,6514 4,6839
4,2748 4,3073
4,6733 4,7066
5,2951 5,3287
376 15:14
4,6512 4,6837
4,2744 4,3069
4,6734 4,7067
5,2951 5,3287
377 15:15
4,6513 4,6838
4,2743 4,3068
4,6734 4,7067
5,2956 5,3292
378 15:16
4,6513 4,6838
4,2747 4,3072
4,6737 4,7071
5,2961 5,3297
379 15:17
4,6514 4,6839
4,2743 4,3068
4,6735 4,7069
5,2956 5,3292
380 15:18
4,6512 4,6837
4,2740 4,3065
4,6739 4,7073
5,2951 5,3287
381 15:19
4,6513 4,6838
4,2735 4,3060
4,6737 4,7071
5,2956 5,3292
382 15:20
4,6514 4,6839
4,2734 4,3059
4,6745 4,7079
5,2957 5,3293
383 15:21
4,6503 4,6828
4,2730 4,3055
4,6726 4,7058
5,2934 5,3271
384 15:22
4,6501 4,6826
4,2720 4,3045
4,6724 4,7056
5,2923 5,3260
385 15:23
4,6501 4,6826
4,2718 4,3043
4,6723 4,7055
5,2914 5,3251
386 15:24
4,6498 4,6823
4,2721 4,3046
4,6725 4,7057
5,2920 5,3257
387 15:25
4,6498 4,6823
4,2733 4,3058
4,6731 4,7063
5,2920 5,3257
388 15:26
4,6498 4,6823
4,2727 4,3052
4,6740 4,7073
5,2920 5,3257
389 15:27
4,6499 4,6824
4,2730 4,3055
4,6739 4,7072
5,2922 5,3259
390 15:28
4,6504 4,6829
4,2739 4,3064
4,6747 4,7080
5,2927 5,3264
391 15:29
4,6504 4,6829
4,2739 4,3064
4,6750 4,7083
5,2927 5,3264
392 15:30
4,6503 4,6828
4,2742 4,3067
4,6751 4,7084
5,2929 5,3266
393 15:31
4,6507 4,6832
4,2746 4,3071
4,6740 4,7073
5,2934 5,3271
394 15:32
4,6501 4,6826
4,2748 4,3073
4,6744 4,7077
5,2932 5,3269
395 15:33
4,6500 4,6825
4,2735 4,3060
4,6750 4,7083
5,2943 5,3280
396 15:34
4,6500 4,6825
4,2725 4,3050
4,6748 4,7081
5,2962 5,3299
397 15:35
4,6501 4,6826
4,2718 4,3043
4,6741 4,7074
5,2960 5,3297
398 15:36
4,6503 4,6828
4,2726 4,3051
4,6741 4,7074
5,2962 5,3299
399 15:37
4,6502 4,6827
4,2727 4,3052
4,6745 4,7078
5,2963 5,3300
400 15:38
4,6501 4,6826
4,2722 4,3047
4,6750 4,7083
5,2966 5,3303
401 15:39
4,6504 4,6829
4,2726 4,3051
4,6756 4,7089
5,2969 5,3306
402 15:40
4,6505 4,6830
4,2726 4,3051
4,6757 4,7090
5,2979 5,3316
403 15:41
4,6507 4,6832
4,2718 4,3043
4,6769 4,7102
5,2979 5,3316
404 15:42
4,6503 4,6828
4,2717 4,3042
4,6774 4,7107
5,2971 5,3308
405 15:43
4,6544 4,6869
4,2748 4,3073
4,6814 4,7147
5,3005 5,3342
406 15:44
4,6543 4,6868
4,2751 4,3076
4,6801 4,7134
5,2999 5,3336
407 15:45
4,6550 4,6875
4,2767 4,3092
4,6803 4,7136
5,3015 5,3352
408 15:46
4,6564 4,6889
4,2778 4,3103
4,6820 4,7153
5,3020 5,3357
409 15:47
4,6562 4,6887
4,2774 4,3099
4,6815 4,7148
5,3017 5,3354
410 15:48
4,6540 4,6865
4,2742 4,3067
4,6783 4,7116
5,2983 5,3320
411 15:49
4,6541 4,6866
4,2745 4,3070
4,6801 4,7134
5,2987 5,3324
412 15:50
4,6550 4,6875
4,2759 4,3084
4,6809 4,7142
5,2985 5,3322
413 15:51
4,6548 4,6873
4,2745 4,3070
4,6806 4,7139
5,2986 5,3323
414 15:52
4,6549 4,6874
4,2744 4,3069
4,6814 4,7147
5,2982 5,3319
415 15:53
4,6553 4,6878
4,2744 4,3069
4,6820 4,7153
5,2989 5,3326
416 15:54
4,6553 4,6878
4,2746 4,3071
4,6815 4,7148
5,2989 5,3326
417 15:55
4,6556 4,6881
4,2741 4,3066
4,6815 4,7148
5,2996 5,3333
418 15:56
4,6557 4,6882
4,2744 4,3069
4,6813 4,7146
5,2999 5,3336
419 15:57
4,6552 4,6877
4,2739 4,3064
4,6805 4,7138
5,2988 5,3325
420 15:58
4,6550 4,6875
4,2730 4,3055
4,6811 4,7144
5,2982 5,3319
421 15:59
4,6556 4,6881
4,2737 4,3062
4,6809 4,7142
5,2977 5,3314
422 16:00
4,6558 4,6883
4,2742 4,3067
4,6810 4,7143
5,2982 5,3319
423 16:01
4,6556 4,6883
4,2734 4,3059
4,6797 4,7130
5,2975 5,3312
424 16:02
4,6556 4,6883
4,2749 4,3074
4,6814 4,7147
5,2983 5,3320
425 16:03
4,6557 4,6884
4,2755 4,3080
4,6830 4,7163
5,2989 5,3326
426 16:04
4,6552 4,6879
4,2754 4,3079
4,6824 4,7157
5,2982 5,3319
427 16:05
4,6555 4,6882
4,2745 4,3070
4,6842 4,7175
5,2981 5,3318
428 16:06
4,6559 4,6884
4,2753 4,3078
4,6851 4,7184
5,2983 5,3320
429 16:07
4,6558 4,6883
4,2753 4,3078
4,6853 4,7186
5,2992 5,3329
430 16:08
4,6558 4,6883
4,2741 4,3066
4,6845 4,7178
5,2982 5,3319
431 16:09
4,6558 4,6883
4,2731 4,3056
4,6844 4,7177
5,2976 5,3313
432 16:10
4,6540 4,6865
4,2700 4,3025
4,6810 4,7143
5,2942 5,3279
433 16:11
4,6544 4,6869
4,2701 4,3026
4,6818 4,7151
5,2965 5,3302
434 16:12
4,6545 4,6870
4,2695 4,3020
4,6814 4,7147
5,2956 5,3293
435 16:13
4,6546 4,6871
4,2704 4,3029
4,6818 4,7151
5,2962 5,3299
436 16:14
4,6544 4,6869
4,2709 4,3034
4,6821 4,7154
5,2958 5,3295
437 16:15
4,6545 4,6870
4,2711 4,3036
4,6821 4,7154
5,2960 5,3297
438 16:16
4,6546 4,6872
4,2716 4,3041
4,6826 4,7159
5,2965 5,3302
