#======================
2023-6-6
# 1.EUR, 2.USD, 3.CHF, 4.GBP
Sell Price, Buy Price
1 09:03
4,4571 4,4894
4,1565 4,1887
4,5988 4,6317
5,1731 5,2064
2 09:04
4,4574 4,4897
4,1572 4,1894
4,5988 4,6317
5,1734 5,2067
3 09:05
4,4578 4,4901
4,1583 4,1905
4,5997 4,6326
5,1739 5,2072
4 09:06
4,4584 4,4907
4,1580 4,1902
4,6007 4,6337
5,1757 5,2090
5 09:07
4,4591 4,4914
4,1587 4,1909
4,6012 4,6342
5,1763 5,2096
6 09:08
4,4588 4,4911
4,1585 4,1907
4,6010 4,6340
5,1753 5,2086
7 09:09
4,4585 4,4908
4,1582 4,1904
4,6004 4,6334
5,1753 5,2086
8 09:10
4,4583 4,4906
4,1578 4,1900
4,6003 4,6333
5,1748 5,2081
9 09:11
4,4583 4,4906
4,1584 4,1906
4,6003 4,6333
5,1751 5,2084
10 09:12
4,4583 4,4906
4,1584 4,1906
4,6003 4,6333
5,1751 5,2084
11 09:13
4,4591 4,4914
4,1578 4,1900
4,6015 4,6345
5,1772 5,2105
12 09:14
4,4595 4,4918
4,1582 4,1904
4,6014 4,6344
5,1781 5,2114
13 09:15
4,4596 4,4919
4,1580 4,1902
4,6006 4,6336
5,1778 5,2111
14 09:16
4,4583 4,4906
4,1574 4,1896
4,5992 4,6322
5,1762 5,2095
15 09:17
4,4585 4,4908
4,1580 4,1902
4,5990 4,6320
5,1756 5,2089
16 09:18
4,4582 4,4905
4,1577 4,1899
4,5982 4,6312
5,1747 5,2080
17 09:19
4,4585 4,4908
4,1582 4,1904
4,5986 4,6316
5,1750 5,2083
18 09:20
4,4586 4,4909
4,1587 4,1909
4,5979 4,6309
5,1756 5,2089
19 09:21
4,4586 4,4909
4,1589 4,1911
4,5979 4,6309
5,1757 5,2090
20 09:22
4,4591 4,4914
4,1611 4,1933
4,5989 4,6319
5,1766 5,2099
21 09:23
4,4597 4,4920
4,1616 4,1938
4,5992 4,6322
5,1768 5,2101
22 09:24
4,4600 4,4923
4,1617 4,1939
4,6000 4,6330
5,1770 5,2103
23 09:25
4,4600 4,4923
4,1617 4,1939
4,5996 4,6326
5,1773 5,2106
24 09:26
4,4600 4,4923
4,1617 4,1939
4,5996 4,6326
5,1776 5,2109
25 09:27
4,4573 4,4896
4,1567 4,1889
4,5959 4,6289
5,1745 5,2078
26 09:28
4,4581 4,4904
4,1603 4,1925
4,5962 4,6292
5,1752 5,2085
27 09:29
4,4581 4,4904
4,1609 4,1931
4,5965 4,6295
5,1746 5,2079
28 09:30
4,4585 4,4908
4,1612 4,1934
4,5982 4,6312
5,1753 5,2086
29 09:31
4,4582 4,4905
4,1602 4,1924
4,5980 4,6309
5,1748 5,2081
30 09:32
4,4577 4,4900
4,1597 4,1919
4,5975 4,6304
5,1743 5,2076
31 09:33
4,4581 4,4904
4,1608 4,1930
4,5989 4,6318
5,1751 5,2084
32 09:34
4,4581 4,4904
4,1608 4,1930
4,5989 4,6318
5,1754 5,2087
33 09:35
4,4582 4,4905
4,1627 4,1949
4,5982 4,6311
5,1755 5,2088
34 09:36
4,4595 4,4918
4,1637 4,1959
4,6002 4,6332
5,1776 5,2109
35 09:37
4,4595 4,4918
4,1635 4,1957
4,5998 4,6328
5,1779 5,2112
36 09:38
4,4594 4,4917
4,1628 4,1950
4,5982 4,6312
5,1778 5,2111
37 09:39
4,4594 4,4917
4,1628 4,1950
4,5982 4,6312
5,1778 5,2111
38 09:40
4,4593 4,4916
4,1639 4,1961
4,5981 4,6311
5,1777 5,2110
39 09:41
4,4594 4,4917
4,1630 4,1952
4,5974 4,6303
5,1781 5,2114
40 09:42
4,4593 4,4916
4,1630 4,1952
4,5973 4,6302
5,1780 5,2113
41 09:43
4,4593 4,4916
4,1641 4,1963
4,5975 4,6304
5,1780 5,2113
42 09:44
4,4593 4,4916
4,1639 4,1961
4,5973 4,6302
5,1786 5,2119
43 09:45
4,4607 4,4930
4,1646 4,1968
4,5987 4,6316
5,1794 5,2127
44 09:46
4,4608 4,4931
4,1641 4,1963
4,5969 4,6298
5,1794 5,2128
45 09:47
4,4608 4,4931
4,1651 4,1973
4,5969 4,6298
5,1794 5,2128
46 09:48
4,4605 4,4928
4,1654 4,1976
4,5950 4,6279
5,1791 5,2125
47 09:49
4,4604 4,4927
4,1647 4,1969
4,5941 4,6270
5,1792 5,2126
48 09:50
4,4604 4,4927
4,1646 4,1968
4,5936 4,6265
5,1786 5,2120
49 09:51
4,4603 4,4926
4,1639 4,1961
4,5935 4,6263
5,1785 5,2119
50 09:52
4,4616 4,4939
4,1651 4,1973
4,5949 4,6277
5,1798 5,2132
51 09:53
4,4616 4,4939
4,1636 4,1958
4,5946 4,6274
5,1804 5,2138
52 09:54
4,4617 4,4940
4,1638 4,1960
4,5955 4,6283
5,1802 5,2136
53 09:55
4,4633 4,4956
4,1657 4,1979
4,5971 4,6299
5,1827 5,2161
54 09:56
4,4636 4,4959
4,1660 4,1982
4,5967 4,6296
5,1829 5,2162
55 09:57
4,4642 4,4965
4,1665 4,1987
4,5973 4,6302
5,1831 5,2164
56 09:58
4,4639 4,4962
4,1659 4,1981
4,5975 4,6304
5,1821 5,2154
57 09:59
4,4646 4,4969
4,1667 4,1989
4,5988 4,6317
5,1830 5,2163
58 10:00
4,4643 4,4966
4,1661 4,1983
4,5985 4,6314
5,1825 5,2158
59 10:01
4,4662 4,4985
4,1680 4,2002
4,6019 4,6349
5,1872 5,2205
60 10:02
4,4659 4,4982
4,1683 4,2005
4,6006 4,6336
5,1864 5,2197
61 10:03
4,4682 4,5005
4,1715 4,2037
4,6032 4,6362
5,1905 5,2238
62 10:04
4,4672 4,4995
4,1725 4,2047
4,6021 4,6351
5,1896 5,2229
63 10:05
4,4670 4,4993
4,1731 4,2053
4,6027 4,6357
5,1893 5,2226
64 10:06
4,4665 4,4988
4,1700 4,2022
4,6017 4,6347
5,1884 5,2217
65 10:07
4,4665 4,4988
4,1697 4,2019
4,6013 4,6343
5,1888 5,2221
66 10:08
4,4665 4,4988
4,1699 4,2021
4,6013 4,6343
5,1881 5,2214
67 10:09
4,4663 4,4986
4,1693 4,2015
4,6018 4,6348
5,1882 5,2215
68 10:10
4,4659 4,4982
4,1693 4,2015
4,6011 4,6341
5,1878 5,2211
69 10:11
4,4657 4,4980
4,1685 4,2007
4,6013 4,6343
5,1876 5,2209
70 10:12
4,4646 4,4969
4,1677 4,1999
4,5998 4,6328
5,1866 5,2199
71 10:13
4,4648 4,4971
4,1679 4,2001
4,6000 4,6330
5,1868 5,2201
72 10:14
4,4648 4,4971
4,1679 4,2001
4,6000 4,6330
5,1871 5,2204
73 10:15
4,4653 4,4976
4,1711 4,2033
4,6005 4,6335
5,1877 5,2210
74 10:16
4,4658 4,4981
4,1717 4,2039
4,6005 4,6335
5,1874 5,2207
75 10:17
4,4650 4,4973
4,1711 4,2033
4,5997 4,6327
5,1864 5,2197
76 10:18
4,4650 4,4973
4,1710 4,2032
4,5997 4,6327
5,1864 5,2197
77 10:19
4,4650 4,4973
4,1729 4,2051
4,5997 4,6327
5,1872 5,2205
78 10:20
4,4650 4,4973
4,1741 4,2063
4,6001 4,6331
5,1876 5,2209
79 10:21
4,4648 4,4971
4,1739 4,2061
4,6005 4,6335
5,1874 5,2208
80 10:22
4,4649 4,4972
4,1733 4,2055
4,6010 4,6340
5,1874 5,2208
81 10:23
4,4646 4,4969
4,1724 4,2046
4,6009 4,6339
5,1868 5,2202
82 10:24
4,4655 4,4978
4,1732 4,2054
4,6021 4,6351
5,1882 5,2216
83 10:25
4,4653 4,4976
4,1730 4,2052
4,6022 4,6352
5,1881 5,2215
84 10:26
4,4654 4,4977
4,1727 4,2049
4,6014 4,6343
5,1875 5,2208
85 10:27
4,4653 4,4976
4,1725 4,2047
4,6018 4,6347
5,1864 5,2197
86 10:28
4,4653 4,4976
4,1736 4,2058
4,6020 4,6349
5,1874 5,2207
87 10:29
4,4654 4,4977
4,1735 4,2057
4,6021 4,6350
5,1875 5,2208
88 10:30
4,4655 4,4978
4,1736 4,2058
4,6022 4,6351
5,1867 5,2200
89 10:31
4,4656 4,4979
4,1723 4,2045
4,6021 4,6350
5,1874 5,2208
90 10:32
4,4661 4,4984
4,1730 4,2052
4,6028 4,6357
5,1880 5,2214
91 10:33
4,4663 4,4986
4,1732 4,2054
4,6031 4,6360
5,1882 5,2216
92 10:34
4,4664 4,4987
4,1733 4,2055
4,6041 4,6370
5,1880 5,2214
93 10:35
4,4675 4,4998
4,1743 4,2065
4,6045 4,6374
5,1896 5,2230
94 10:36
4,4675 4,4998
4,1749 4,2071
4,6047 4,6377
5,1902 5,2235
95 10:37
4,4678 4,5001
4,1754 4,2076
4,6053 4,6383
5,1907 5,2240
96 10:38
4,4678 4,5001
4,1748 4,2070
4,6050 4,6380
5,1887 5,2220
97 10:39
4,4681 4,5004
4,1745 4,2067
4,6057 4,6387
5,1897 5,2230
98 10:40
4,4680 4,5003
4,1750 4,2072
4,6064 4,6394
5,1902 5,2235
99 10:41
4,4680 4,5003
4,1752 4,2074
4,6064 4,6394
5,1890 5,2223
100 10:42
4,4690 4,5013
4,1759 4,2081
4,6072 4,6402
5,1901 5,2234
101 10:43
4,4691 4,5014
4,1768 4,2090
4,6077 4,6407
5,1914 5,2247
102 10:44
4,4690 4,5013
4,1763 4,2085
4,6076 4,6406
5,1912 5,2245
103 10:45
4,4690 4,5013
4,1759 4,2081
4,6074 4,6404
5,1912 5,2245
104 10:46
4,4712 4,5035
4,1780 4,2102
4,6094 4,6424
5,1941 5,2274
105 10:47
4,4701 4,5024
4,1769 4,2091
4,6076 4,6406
5,1920 5,2253
106 10:48
4,4701 4,5024
4,1769 4,2091
4,6068 4,6398
5,1923 5,2256
107 10:49
4,4701 4,5024
4,1769 4,2091
4,6067 4,6397
5,1926 5,2259
108 10:50
4,4701 4,5024
4,1769 4,2091
4,6083 4,6413
5,1926 5,2259
109 10:51
4,4701 4,5024
4,1771 4,2093
4,6084 4,6412
5,1926 5,2259
110 10:52
4,4720 4,5043
4,1787 4,2109
4,6099 4,6427
5,1950 5,2283
111 10:53
4,4719 4,5042
4,1788 4,2110
4,6100 4,6428
5,1951 5,2284
112 10:54
4,4731 4,5054
4,1799 4,2121
4,6115 4,6443
5,1966 5,2299
113 10:55
4,4729 4,5052
4,1790 4,2112
4,6115 4,6443
5,1968 5,2301
114 10:56
4,4732 4,5055
4,1804 4,2126
4,6115 4,6445
5,1968 5,2301
115 10:57
4,4730 4,5053
4,1802 4,2124
4,6115 4,6445
5,1960 5,2293
116 10:58
4,4728 4,5051
4,1810 4,2132
4,6114 4,6444
5,1958 5,2291
117 10:59
4,4722 4,5045
4,1797 4,2119
4,6117 4,6447
5,1948 5,2281
118 11:00
4,4730 4,5053
4,1804 4,2126
4,6127 4,6457
5,1954 5,2287
119 11:01
4,4743 4,5066
4,1815 4,2137
4,6141 4,6471
5,1970 5,2303
120 11:02
4,4748 4,5071
4,1819 4,2141
4,6150 4,6480
5,1977 5,2310
121 11:03
4,4748 4,5071
4,1819 4,2141
4,6149 4,6479
5,1971 5,2304
122 11:04
4,4749 4,5072
4,1826 4,2148
4,6149 4,6479
5,1973 5,2306
123 11:05
4,4749 4,5072
4,1824 4,2146
4,6152 4,6482
5,1976 5,2309
124 11:06
4,4747 4,5070
4,1822 4,2144
4,6150 4,6479
5,1974 5,2307
125 11:07
4,4747 4,5070
4,1822 4,2144
4,6140 4,6469
5,1974 5,2307
126 11:08
4,4747 4,5070
4,1824 4,2146
4,6140 4,6469
5,1944 5,2277
127 11:09
4,4749 4,5072
4,1830 4,2152
4,6142 4,6471
5,1946 5,2279
128 11:10
4,4749 4,5072
4,1834 4,2156
4,6142 4,6471
5,1944 5,2277
129 11:11
4,4744 4,5067
4,1829 4,2151
4,6142 4,6471
5,1939 5,2273
130 11:12
4,4742 4,5065
4,1818 4,2140
4,6140 4,6469
5,1938 5,2272
131 11:13
4,4745 4,5068
4,1830 4,2152
4,6143 4,6472
5,1944 5,2278
132 11:14
4,4742 4,5065
4,1827 4,2149
4,6135 4,6464
5,1937 5,2271
133 11:15
4,4739 4,5062
4,1825 4,2147
4,6137 4,6466
5,1931 5,2265
134 11:16
4,4734 4,5057
4,1820 4,2142
4,6129 4,6458
5,1925 5,2258
135 11:17
4,4731 4,5054
4,1817 4,2139
4,6128 4,6457
5,1922 5,2255
136 11:18
4,4731 4,5054
4,1817 4,2139
4,6126 4,6455
5,1922 5,2255
137 11:19
4,4731 4,5054
4,1823 4,2145
4,6126 4,6455
5,1925 5,2258
138 11:20
4,4731 4,5054
4,1819 4,2141
4,6126 4,6455
5,1925 5,2258
139 11:21
4,4731 4,5054
4,1823 4,2145
4,6123 4,6453
5,1931 5,2264
140 11:22
4,4731 4,5054
4,1823 4,2145
4,6121 4,6451
5,1931 5,2264
141 11:23
4,4731 4,5054
4,1821 4,2143
4,6116 4,6446
5,1931 5,2264
142 11:24
4,4709 4,5032
4,1801 4,2123
4,6091 4,6421
5,1906 5,2239
143 11:25
4,4703 4,5026
4,1795 4,2117
4,6085 4,6415
5,1898 5,2231
144 11:26
4,4708 4,5031
4,1796 4,2118
4,6090 4,6419
5,1904 5,2238
145 11:27
4,4707 4,5030
4,1795 4,2117
4,6080 4,6409
5,1903 5,2237
146 11:28
4,4696 4,5019
4,1784 4,2106
4,6080 4,6409
5,1890 5,2224
147 11:29
4,4696 4,5019
4,1792 4,2114
4,6068 4,6397
5,1875 5,2209
148 11:30
4,4696 4,5019
4,1792 4,2114
4,6071 4,6400
5,1875 5,2209
149 11:31
4,4681 4,5004
4,1768 4,2090
4,6053 4,6382
5,1861 5,2195
150 11:32
4,4687 4,5010
4,1776 4,2098
4,6064 4,6393
5,1868 5,2202
151 11:33
4,4685 4,5008
4,1774 4,2096
4,6062 4,6391
5,1868 5,2202
152 11:34
4,4685 4,5008
4,1774 4,2096
4,6062 4,6391
5,1865 5,2199
153 11:35
4,4695 4,5018
4,1793 4,2115
4,6072 4,6401
5,1877 5,2211
154 11:36
4,4693 4,5016
4,1791 4,2113
4,6070 4,6399
5,1875 5,2208
155 11:37
4,4701 4,5024
4,1799 4,2121
4,6071 4,6400
5,1887 5,2220
156 11:38
4,4696 4,5019
4,1794 4,2116
4,6067 4,6396
5,1881 5,2214
157 11:39
4,4696 4,5019
4,1794 4,2116
4,6066 4,6395
5,1881 5,2214
158 11:40
4,4703 4,5026
4,1793 4,2115
4,6071 4,6400
5,1889 5,2222
159 11:41
4,4699 4,5022
4,1785 4,2107
4,6067 4,6397
5,1885 5,2218
160 11:42
4,4700 4,5023
4,1786 4,2108
4,6068 4,6398
5,1886 5,2219
161 11:43
4,4701 4,5024
4,1787 4,2109
4,6069 4,6399
5,1883 5,2216
162 15:32
4,4695 4,5018
4,1848 4,2170
4,6075 4,6404
5,1942 5,2275
163 15:33
4,4708 4,5031
4,1858 4,2180
4,6083 4,6412
5,1957 5,2290
164 15:34
4,4711 4,5034
4,1863 4,2185
4,6087 4,6416
5,1961 5,2294
165 15:35
4,4698 4,5021
4,1849 4,2171
4,6073 4,6402
5,1941 5,2274
#======================
2023-6-6
# 1.EUR, 2.USD, 3.CHF, 4.GBP
Sell Price, Buy Price
1 15:36
4,4691 4,5014
4,1842 4,2164
4,6054 4,6383
5,1937 5,2270
2 15:37
4,4707 4,5030
4,1855 4,2177
4,6073 4,6402
5,1957 5,2290
3 15:38
4,4710 4,5033
4,1860 4,2182
4,6074 4,6403
5,1960 5,2293
4 15:39
4,4719 4,5042
4,1888 4,2210
4,6083 4,6412
5,1973 5,2306
5 15:40
4,4729 4,5052
4,1907 4,2229
4,6104 4,6433
5,1985 5,2318
6 15:41
4,4722 4,5045
4,1899 4,2221
4,6095 4,6424
5,1977 5,2310
7 15:42
4,4722 4,5045
4,1899 4,2221
4,6095 4,6424
5,1978 5,2311
8 15:43
4,4691 4,5014
4,1870 4,2192
4,6064 4,6393
5,1941 5,2274
9 15:44
4,4690 4,5013
4,1867 4,2189
4,6062 4,6391
5,1946 5,2279
10 15:45
4,4689 4,5012
4,1864 4,2186
4,6061 4,6390
5,1947 5,2280
11 16:56
Definite connection error