#======================
2023-4-20
# 1.EUR, 2.USD, 3.CHF, 4.GBP
Sell Price, Buy Price
1 08:23
4,6023 4,6348
4,1957 4,2282
4,6861 4,7193
5,2241 5,2577
2 08:24
4,6026 4,6351
4,1955 4,2280
4,6863 4,7195
5,2246 5,2582
3 08:25
4,6030 4,6355
4,1956 4,2281
4,6878 4,7210
5,2246 5,2582
4 08:26
4,6023 4,6348
4,1952 4,2277
4,6866 4,7198
5,2238 5,2574
5 08:27
4,6019 4,6344
4,1947 4,2272
4,6861 4,7193
5,2229 5,2565
6 08:28
4,6013 4,6338
4,1944 4,2269
4,6855 4,7187
5,2223 5,2559
7 08:29
4,6013 4,6338
4,1944 4,2269
4,6857 4,7189
5,2223 5,2559
8 08:30
4,6011 4,6336
4,1940 4,2265
4,6853 4,7185
5,2223 5,2559
9 08:31
4,6030 4,6355
4,1959 4,2284
4,6877 4,7209
5,2251 5,2587
10 08:32
4,6035 4,6360
4,1968 4,2293
4,6878 4,7210
5,2254 5,2590
11 08:33
4,6034 4,6359
4,1975 4,2300
4,6881 4,7213
5,2256 5,2592
12 08:34
4,6034 4,6359
4,1974 4,2299
4,6876 4,7208
5,2253 5,2589
13 08:35
4,6031 4,6356
4,1972 4,2297
4,6874 4,7206
5,2256 5,2592
14 08:36
4,6031 4,6356
4,1972 4,2297
4,6874 4,7206
5,2253 5,2589
15 08:37
4,6026 4,6351
4,1963 4,2288
4,6866 4,7198
5,2252 5,2588
16 08:38
4,6025 4,6350
4,1965 4,2290
4,6868 4,7200
5,2248 5,2584
17 08:39
4,6024 4,6349
4,1952 4,2277
4,6861 4,7193
5,2244 5,2580
18 08:40
4,6019 4,6344
4,1957 4,2282
4,6857 4,7189
5,2236 5,2572
19 08:41
4,6015 4,6340
4,1953 4,2278
4,6857 4,7189
5,2225 5,2561
20 08:42
4,6015 4,6340
4,1944 4,2269
4,6855 4,7187
5,2222 5,2558
21 08:43
4,6017 4,6342
4,1943 4,2268
4,6856 4,7188
5,2218 5,2554
22 08:44
4,6017 4,6342
4,1943 4,2268
4,6859 4,7191
5,2218 5,2554
23 08:45
4,6017 4,6342
4,1937 4,2262
4,6857 4,7189
5,2225 5,2561
24 08:46
4,6015 4,6340
4,1938 4,2263
4,6852 4,7184
5,2228 5,2564
25 08:47
4,6025 4,6350
4,1948 4,2273
4,6863 4,7195
5,2237 5,2573
26 08:48
4,6030 4,6355
4,1957 4,2282
4,6872 4,7204
5,2245 5,2581
27 08:49
4,6030 4,6355
4,1957 4,2282
4,6872 4,7204
5,2245 5,2581
28 08:50
4,6030 4,6355
4,1961 4,2286
4,6868 4,7200
5,2246 5,2582
29 08:51
4,6018 4,6343
4,1949 4,2274
4,6850 4,7182
5,2232 5,2568
30 08:52
4,6027 4,6352
4,1961 4,2286
4,6865 4,7197
5,2245 5,2581
31 08:53
4,6027 4,6352
4,1958 4,2283
4,6864 4,7196
5,2245 5,2581
32 08:54
4,6026 4,6351
4,1956 4,2281
4,6864 4,7196
5,2244 5,2580
33 08:55
4,6019 4,6344
4,1950 4,2275
4,6852 4,7184
5,2233 5,2569
34 08:56
4,6018 4,6343
4,1949 4,2274
4,6851 4,7183
5,2226 5,2562
35 08:57
4,6012 4,6337
4,1945 4,2270
4,6845 4,7177
5,2213 5,2549
36 08:58
4,6011 4,6336
4,1949 4,2274
4,6843 4,7175
5,2218 5,2554
37 08:59
4,6007 4,6332
4,1948 4,2273
4,6840 4,7172
5,2213 5,2549
38 09:00
4,6019 4,6344
4,1959 4,2284
4,6852 4,7184
5,2222 5,2558
39 09:01
4,6019 4,6344
4,1959 4,2284
4,6852 4,7184
5,2221 5,2557
40 09:02
4,6019 4,6344
4,1951 4,2276
4,6842 4,7174
5,2221 5,2557
41 09:03
4,6022 4,6347
4,1956 4,2281
4,6845 4,7177
5,2230 5,2566
42 09:04
4,6019 4,6344
4,1953 4,2278
4,6842 4,7174
5,2221 5,2557
43 09:05
4,6019 4,6344
4,1951 4,2276
4,6838 4,7170
5,2216 5,2552
44 09:06
4,6015 4,6340
4,1954 4,2279
4,6827 4,7160
5,2213 5,2550
45 09:07
4,6019 4,6344
4,1962 4,2287
4,6831 4,7164
5,2229 5,2566
46 09:08
4,6020 4,6345
4,1984 4,2309
4,6832 4,7165
5,2242 5,2579
47 09:09
4,6019 4,6344
4,1982 4,2307
4,6827 4,7160
5,2241 5,2578
48 09:10
4,6018 4,6343
4,1979 4,2304
4,6828 4,7161
5,2239 5,2576
49 09:11
4,6016 4,6343
4,1982 4,2306
4,6826 4,7158
5,2233 5,2570
50 09:12
4,6013 4,6340
4,1978 4,2302
4,6822 4,7154
5,2244 5,2581
51 09:13
4,6011 4,6338
4,1970 4,2294
4,6825 4,7157
5,2251 5,2588
52 09:14
4,6011 4,6338
4,1978 4,2302
4,6840 4,7172
5,2257 5,2594
53 09:15
4,6011 4,6338
4,1995 4,2319
4,6835 4,7167
5,2265 5,2602
54 09:16
4,6013 4,6338
4,2002 4,2326
4,6847 4,7179
5,2276 5,2613
55 09:17
4,6013 4,6338
4,2004 4,2328
4,6851 4,7183
5,2264 5,2601
56 09:18
4,6013 4,6338
4,2013 4,2337
4,6845 4,7177
5,2267 5,2604
57 09:19
4,6014 4,6339
4,2008 4,2332
4,6842 4,7174
5,2262 5,2599
58 09:20
4,6004 4,6329
4,1999 4,2323
4,6830 4,7162
5,2257 5,2594
59 09:21
4,6000 4,6325
4,1996 4,2320
4,6826 4,7159
5,2252 5,2589
60 09:22
4,5998 4,6323
4,1975 4,2299
4,6815 4,7148
5,2235 5,2572
61 09:23
4,6000 4,6325
4,1980 4,2304
4,6826 4,7159
5,2234 5,2571
62 09:24
4,5993 4,6318
4,1970 4,2294
4,6819 4,7152
5,2217 5,2554
63 09:25
4,5986 4,6311
4,1968 4,2292
4,6807 4,7140
5,2206 5,2543
64 09:26
4,5988 4,6313
4,1975 4,2299
4,6818 4,7150
5,2206 5,2543
65 09:27
4,5986 4,6311
4,1971 4,2295
4,6816 4,7148
5,2198 5,2535
66 09:28
4,5986 4,6311
4,1977 4,2301
4,6820 4,7152
5,2201 5,2538
67 09:29
4,5990 4,6315
4,1973 4,2297
4,6819 4,7151
5,2199 5,2536
68 09:30
4,5987 4,6312
4,1970 4,2294
4,6816 4,7148
5,2190 5,2527
69 09:31
4,5988 4,6313
4,1977 4,2301
4,6817 4,7150
5,2183 5,2519
70 09:32
4,5989 4,6314
4,1976 4,2300
4,6815 4,7148
5,2181 5,2517
71 09:33
4,5987 4,6312
4,1963 4,2287
4,6808 4,7141
5,2173 5,2509
72 09:34
4,5985 4,6310
4,1959 4,2283
4,6804 4,7137
5,2174 5,2510
73 09:35
4,5985 4,6310
4,1963 4,2287
4,6808 4,7141
5,2182 5,2518
74 09:36
4,5989 4,6314
4,1966 4,2290
4,6810 4,7143
5,2184 5,2521
75 09:37
4,5986 4,6311
4,1968 4,2292
4,6810 4,7143
5,2183 5,2520
76 09:38
4,5985 4,6310
4,1969 4,2293
4,6809 4,7142
5,2182 5,2519
77 09:39
4,5988 4,6313
4,1975 4,2299
4,6812 4,7145
5,2185 5,2522
78 09:40
4,5989 4,6314
4,1970 4,2294
4,6813 4,7146
5,2186 5,2523
79 09:41
4,5989 4,6314
4,1972 4,2296
4,6811 4,7143
5,2186 5,2523
80 09:42
4,5986 4,6311
4,1964 4,2288
4,6804 4,7136
5,2183 5,2520
81 09:43
4,5988 4,6313
4,1981 4,2305
4,6808 4,7140
5,2197 5,2534
82 09:44
4,5988 4,6313
4,1991 4,2315
4,6806 4,7138
5,2194 5,2531
83 09:45
4,5988 4,6313
4,1975 4,2299
4,6801 4,7133
5,2185 5,2522
84 09:46
4,5986 4,6311
4,1970 4,2294
4,6799 4,7131
5,2182 5,2519
85 09:47
4,5984 4,6309
4,1964 4,2288
4,6792 4,7124
5,2172 5,2509
86 09:48
4,5983 4,6308
4,1971 4,2295
4,6794 4,7126
5,2159 5,2496
87 09:49
4,5983 4,6308
4,1971 4,2295
4,6791 4,7123
5,2165 5,2502
88 09:50
4,5986 4,6311
4,1964 4,2288
4,6796 4,7128
5,2164 5,2501
89 09:51
4,5988 4,6313
4,1964 4,2288
4,6798 4,7130
5,2158 5,2495
90 09:52
4,5993 4,6318
4,1960 4,2284
4,6796 4,7128
5,2166 5,2503
91 09:53
4,5962 4,6287
4,1942 4,2266
4,6769 4,7101
5,2134 5,2471
92 09:54
4,5963 4,6288
4,1941 4,2265
4,6766 4,7098
5,2126 5,2463
93 09:55
4,5963 4,6288
4,1943 4,2267
4,6766 4,7098
5,2130 5,2467
94 09:56
4,5962 4,6287
4,1944 4,2268
4,6764 4,7097
5,2129 5,2466
95 09:57
4,5957 4,6282
4,1937 4,2261
4,6766 4,7099
5,2120 5,2457
96 09:58
4,5957 4,6282
4,1928 4,2252
4,6773 4,7106
5,2110 5,2447
97 09:59
4,5957 4,6282
4,1931 4,2255
4,6778 4,7111
5,2108 5,2445
98 10:00
4,5952 4,6277
4,1921 4,2245
4,6763 4,7096
5,2100 5,2437
99 10:01
4,5955 4,6282
4,1936 4,2260
4,6771 4,7103
5,2108 5,2444
100 10:02
4,5959 4,6286
4,1942 4,2266
4,6777 4,7109
5,2109 5,2445
101 10:03
4,5955 4,6282
4,1934 4,2258
4,6770 4,7102
5,2104 5,2440
102 10:04
4,5956 4,6283
4,1937 4,2261
4,6786 4,7118
5,2109 5,2445
103 10:05
4,5954 4,6281
4,1937 4,2261
4,6789 4,7121
5,2107 5,2443
104 10:06
4,5954 4,6279
4,1938 4,2262
4,6781 4,7113
5,2106 5,2442
105 10:07
4,5941 4,6266
4,1921 4,2245
4,6767 4,7099
5,2103 5,2439
106 10:08
4,5940 4,6265
4,1910 4,2234
4,6764 4,7096
5,2105 5,2441
107 10:09
4,5939 4,6264
4,1911 4,2235
4,6760 4,7092
5,2107 5,2443
108 10:10
4,5945 4,6270
4,1909 4,2233
4,6765 4,7097
5,2116 5,2452
109 10:11
4,5946 4,6271
4,1906 4,2230
4,6756 4,7088
5,2120 5,2457
110 10:12
4,5935 4,6260
4,1891 4,2215
4,6745 4,7077
5,2116 5,2453
111 10:13
4,5946 4,6271
4,1895 4,2219
4,6758 4,7090
5,2125 5,2462
112 10:14
4,5946 4,6271
4,1885 4,2209
4,6753 4,7085
5,2124 5,2461
113 10:15
4,5944 4,6269
4,1883 4,2207
4,6747 4,7079
5,2120 5,2457
114 10:16
4,5946 4,6271
4,1874 4,2198
4,6757 4,7090
5,2128 5,2465
115 10:17
4,5954 4,6279
4,1883 4,2207
4,6760 4,7093
5,2140 5,2477
116 10:18
4,5953 4,6278
4,1886 4,2210
4,6769 4,7102
5,2136 5,2473
117 10:19
4,5955 4,6280
4,1885 4,2209
4,6762 4,7095
5,2139 5,2476
118 10:20
4,5957 4,6282
4,1885 4,2209
4,6768 4,7101
5,2146 5,2483
119 10:21
4,5959 4,6284
4,1885 4,2209
4,6775 4,7108
5,2149 5,2486
120 10:22
4,5960 4,6285
4,1878 4,2202
4,6766 4,7099
5,2151 5,2488
121 10:23
4,5963 4,6288
4,1880 4,2204
4,6768 4,7101
5,2164 5,2501
122 10:24
4,5964 4,6289
4,1879 4,2203
4,6773 4,7106
5,2162 5,2499
123 10:25
4,5964 4,6289
4,1878 4,2202
4,6773 4,7106
5,2157 5,2494
124 10:26
4,5957 4,6282
4,1876 4,2200
4,6769 4,7101
5,2155 5,2492
125 10:27
4,5950 4,6275
4,1864 4,2188
4,6764 4,7096
5,2150 5,2487
126 10:28
4,5943 4,6268
4,1848 4,2172
4,6750 4,7082
5,2134 5,2471
127 10:29
4,5943 4,6268
4,1852 4,2176
4,6750 4,7082
5,2131 5,2468
128 10:30
4,5939 4,6264
4,1859 4,2183
4,6746 4,7078
5,2124 5,2461
129 10:31
4,5935 4,6260
4,1854 4,2178
4,6745 4,7077
5,2122 5,2459
130 10:32
4,5932 4,6257
4,1857 4,2181
4,6744 4,7076
5,2121 5,2458
131 10:33
4,5929 4,6254
4,1852 4,2176
4,6741 4,7073
5,2123 5,2460
132 10:34
4,5927 4,6252
4,1856 4,2180
4,6743 4,7075
5,2116 5,2453
133 10:35
4,5927 4,6252
4,1862 4,2186
4,6746 4,7078
5,2115 5,2452
134 10:36
4,5922 4,6247
4,1855 4,2179
4,6731 4,7063
5,2116 5,2453
135 10:37
4,5923 4,6248
4,1841 4,2165
4,6730 4,7062
5,2105 5,2442
136 10:38
4,5928 4,6253
4,1857 4,2181
4,6733 4,7065
5,2109 5,2446
137 10:39
4,5928 4,6253
4,1863 4,2187
4,6737 4,7069
5,2113 5,2450
138 10:40
4,5927 4,6252
4,1866 4,2190
4,6732 4,7064
5,2113 5,2450
139 10:41
4,5927 4,6252
4,1860 4,2184
4,6730 4,7063
5,2110 5,2447
140 10:42
4,5929 4,6254
4,1864 4,2188
4,6730 4,7063
5,2112 5,2449
141 10:43
4,5928 4,6253
4,1874 4,2198
4,6727 4,7060
5,2107 5,2444
142 10:44
4,5927 4,6252
4,1870 4,2194
4,6726 4,7059
5,2102 5,2439
143 10:45
4,5926 4,6251
4,1863 4,2187
4,6722 4,7055
5,2111 5,2448
144 10:46
4,5925 4,6250
4,1858 4,2182
4,6720 4,7052
5,2108 5,2445
145 10:47
4,5927 4,6252
4,1862 4,2186
4,6722 4,7054
5,2112 5,2449
146 10:48
4,5926 4,6251
4,1861 4,2185
4,6721 4,7053
5,2105 5,2442
147 10:49
4,5923 4,6248
4,1858 4,2182
4,6711 4,7043
5,2105 5,2442
148 10:50
4,5926 4,6251
4,1851 4,2175
4,6714 4,7046
5,2100 5,2437
149 10:51
4,5924 4,6249
4,1853 4,2177
4,6715 4,7048
5,2095 5,2432
150 10:52
4,5924 4,6249
4,1851 4,2175
4,6713 4,7046
5,2092 5,2429
151 10:53
4,5928 4,6253
4,1853 4,2177
4,6717 4,7050
5,2099 5,2436
152 10:54
4,5926 4,6251
4,1849 4,2173
4,6713 4,7046
5,2097 5,2434
153 10:55
4,5924 4,6249
4,1844 4,2168
4,6716 4,7049
5,2103 5,2440
154 10:56
4,5927 4,6252
4,1845 4,2169
4,6720 4,7052
5,2109 5,2446
155 10:57
4,5925 4,6250
4,1837 4,2161
4,6713 4,7045
5,2104 5,2441
156 10:58
4,5927 4,6252
4,1843 4,2167
4,6717 4,7049
5,2100 5,2437
157 10:59
4,5932 4,6257
4,1855 4,2179
4,6722 4,7054
5,2115 5,2452
158 11:00
4,5923 4,6248
4,1853 4,2177
4,6716 4,7048
5,2105 5,2442
159 11:01
4,5924 4,6249
4,1853 4,2177
4,6714 4,7046
5,2104 5,2441
160 11:02
4,5923 4,6248
4,1849 4,2173
4,6713 4,7045
5,2096 5,2433
161 11:03
4,5925 4,6250
4,1859 4,2183
4,6723 4,7055
5,2105 5,2442
162 11:04
4,5927 4,6252
4,1860 4,2184
4,6719 4,7051
5,2106 5,2443
163 11:05
4,5925 4,6250
4,1872 4,2196
4,6727 4,7059
5,2105 5,2442
164 11:06
4,5925 4,6250
4,1871 4,2196
4,6727 4,7059
5,2111 5,2448
165 11:07
4,5924 4,6249
4,1876 4,2201
4,6728 4,7060
5,2100 5,2437
166 11:08
4,5919 4,6244
4,1869 4,2194
4,6719 4,7051
5,2083 5,2420
167 11:09
4,5913 4,6238
4,1862 4,2187
4,6715 4,7047
5,2070 5,2407
168 11:10
4,5918 4,6243
4,1876 4,2201
4,6724 4,7056
5,2079 5,2416
169 11:11
4,5923 4,6248
4,1882 4,2207
4,6724 4,7057
5,2082 5,2419
170 11:12
4,5923 4,6248
4,1898 4,2223
4,6726 4,7059
5,2082 5,2419
171 11:13
4,5918 4,6243
4,1891 4,2216
4,6729 4,7062
5,2072 5,2409
172 11:14
4,5912 4,6237
4,1886 4,2211
4,6715 4,7048
5,2063 5,2400
173 11:15
4,5913 4,6238
4,1894 4,2219
4,6723 4,7056
5,2070 5,2407
174 11:16
4,5911 4,6236
4,1894 4,2219
4,6726 4,7059
5,2065 5,2402
175 11:17
4,5912 4,6237
4,1896 4,2221
4,6718 4,7051
5,2064 5,2401
176 11:18
4,5909 4,6234
4,1885 4,2210
4,6719 4,7052
5,2062 5,2399
177 11:19
4,5906 4,6231
4,1890 4,2215
4,6723 4,7056
5,2062 5,2399
178 11:20
4,5902 4,6227
4,1884 4,2209
4,6719 4,7052
5,2060 5,2397
179 11:21
4,5897 4,6222
4,1876 4,2201
4,6702 4,7035
5,2055 5,2391
180 11:22
4,5880 4,6205
4,1866 4,2191
4,6685 4,7018
5,2036 5,2372
181 11:23
4,5876 4,6201
4,1862 4,2187
4,6683 4,7016
5,2031 5,2367
182 11:24
4,5875 4,6200
4,1857 4,2182
4,6684 4,7017
5,2035 5,2371
183 11:25
4,5878 4,6203
4,1860 4,2185
4,6693 4,7026
5,2042 5,2378
184 11:26
4,5877 4,6202
4,1865 4,2190
4,6689 4,7022
5,2041 5,2378
185 11:27
4,5876 4,6201
4,1866 4,2191
4,6697 4,7030
5,2046 5,2383
186 11:28
4,5875 4,6200
4,1863 4,2188
4,6701 4,7034
5,2044 5,2381
187 11:29
4,5861 4,6186
4,1848 4,2173
4,6685 4,7018
5,2023 5,2360
188 11:30
4,5857 4,6182
4,1843 4,2168
4,6676 4,7009
5,2018 5,2355
189 11:31
4,5858 4,6183
4,1846 4,2171
4,6679 4,7012
5,2014 5,2351
190 11:32
4,5857 4,6182
4,1843 4,2168
4,6676 4,7009
5,2009 5,2346
191 11:33
4,5856 4,6181
4,1835 4,2160
4,6677 4,7010
5,2011 5,2348
192 11:34
4,5856 4,6181
4,1834 4,2159
4,6680 4,7013
5,2011 5,2348
193 11:35
4,5859 4,6184
4,1839 4,2164
4,6685 4,7018
5,2027 5,2364
194 11:36
4,5871 4,6196
4,1846 4,2171
4,6695 4,7027
5,2031 5,2368
195 11:37
4,5873 4,6198
4,1846 4,2171
4,6702 4,7034
5,2031 5,2368
196 11:38
4,5875 4,6200
4,1845 4,2170
4,6704 4,7036
5,2036 5,2373
197 11:39
4,5877 4,6202
4,1846 4,2171
4,6706 4,7038
5,2035 5,2372
198 11:40
4,5877 4,6202
4,1846 4,2171
4,6706 4,7038
5,2032 5,2369
199 11:41
4,5876 4,6201
4,1839 4,2164
4,6705 4,7037
5,2034 5,2371
200 11:42
4,5877 4,6202
4,1842 4,2167
4,6701 4,7033
5,2032 5,2369
201 11:43
4,5878 4,6203
4,1843 4,2168
4,6700 4,7032
5,2033 5,2370
202 11:44
4,5875 4,6200
4,1840 4,2165
4,6701 4,7033
5,2030 5,2367
203 11:45
4,5884 4,6209
4,1848 4,2173
4,6708 4,7040
5,2040 5,2377
204 11:46
4,5883 4,6208
4,1842 4,2167
4,6713 4,7045
5,2039 5,2376
205 11:47
4,5885 4,6210
4,1840 4,2165
4,6716 4,7048
5,2036 5,2373
206 11:48
4,5892 4,6217
4,1848 4,2173
4,6720 4,7052
5,2041 5,2378
207 11:49
4,5893 4,6218
4,1849 4,2174
4,6727 4,7059
5,2044 5,2381
208 11:50
4,5896 4,6221
4,1852 4,2177
4,6736 4,7068
5,2057 5,2394
209 11:51
4,5910 4,6235
4,1866 4,2191
4,6749 4,7081
5,2073 5,2409
210 11:52
4,5906 4,6231
4,1870 4,2195
4,6747 4,7079
5,2071 5,2407
211 11:53
4,5911 4,6236
4,1871 4,2196
4,6750 4,7082
5,2074 5,2410
212 11:54
4,5920 4,6245
4,1879 4,2204
4,6759 4,7091
5,2087 5,2423
213 11:55
4,5921 4,6246
4,1884 4,2209
4,6765 4,7097
5,2094 5,2430
214 11:56
4,5923 4,6248
4,1886 4,2211
4,6765 4,7097
5,2093 5,2430
215 11:57
4,5920 4,6245
4,1879 4,2204
4,6761 4,7093
5,2093 5,2430
216 11:58
4,5923 4,6248
4,1884 4,2209
4,6769 4,7101
5,2093 5,2430
217 11:59
4,5920 4,6245
4,1885 4,2210
4,6771 4,7103
5,2096 5,2433
218 12:00
4,5919 4,6244
4,1888 4,2213
4,6770 4,7102
5,2095 5,2432
219 12:01
4,5920 4,6245
4,1883 4,2208
4,6774 4,7107
5,2093 5,2430
220 12:02
4,5919 4,6244
4,1879 4,2204
4,6773 4,7106
5,2092 5,2429
221 12:03
4,5919 4,6244
4,1877 4,2202
4,6768 4,7101
5,2086 5,2423
222 12:04
4,5915 4,6240
4,1873 4,2198
4,6764 4,7097
5,2084 5,2421
223 12:05
4,5915 4,6240
4,1875 4,2200
4,6764 4,7097
5,2087 5,2424
224 12:06
4,5914 4,6239
4,1876 4,2201
4,6760 4,7093
5,2086 5,2423
225 12:07
4,5913 4,6238
4,1871 4,2196
4,6754 4,7087
5,2082 5,2419
226 12:08
4,5912 4,6237
4,1870 4,2195
4,6758 4,7091
5,2081 5,2418
227 12:09
4,5909 4,6234
4,1866 4,2191
4,6753 4,7086
5,2075 5,2412
228 12:10
4,5911 4,6236
4,1869 4,2194
4,6760 4,7093
5,2071 5,2408
229 12:11
4,5916 4,6241
4,1872 4,2197
4,6767 4,7099
5,2077 5,2414
230 12:12
4,5919 4,6244
4,1877 4,2202
4,6770 4,7102
5,2080 5,2417
231 12:13
4,5932 4,6257
4,1892 4,2217
4,6783 4,7115
5,2089 5,2426
232 12:14
4,5927 4,6252
4,1886 4,2211
4,6778 4,7110
5,2083 5,2420
233 12:15
4,5934 4,6259
4,1890 4,2215
4,6788 4,7120
5,2090 5,2427
234 12:16
4,5927 4,6252
4,1886 4,2211
4,6781 4,7114
5,2089 5,2426
235 12:17
4,5928 4,6253
4,1892 4,2217
4,6791 4,7124
5,2090 5,2427
236 12:18
4,5927 4,6252
4,1890 4,2215
4,6802 4,7135
5,2089 5,2426
237 12:19
4,5925 4,6250
4,1894 4,2219
4,6805 4,7138
5,2089 5,2426
238 12:20
4,5923 4,6248
4,1892 4,2217
4,6796 4,7129
5,2085 5,2422
239 12:21
4,5926 4,6251
4,1902 4,2227
4,6809 4,7140
5,2090 5,2427
240 12:22
4,5935 4,6260
4,1916 4,2241
4,6823 4,7154
5,2107 5,2444
241 12:23
4,5940 4,6265
4,1919 4,2244
4,6826 4,7157
5,2114 5,2451
242 12:24
4,5936 4,6261
4,1915 4,2240
4,6822 4,7153
5,2105 5,2442
243 12:25
4,5937 4,6262
4,1918 4,2243
4,6825 4,7156
5,2103 5,2440
244 12:26
4,5944 4,6269
4,1922 4,2247
4,6824 4,7156
5,2108 5,2445
245 12:27
4,5949 4,6274
4,1927 4,2252
4,6827 4,7159
5,2117 5,2454
246 12:28
4,5948 4,6273
4,1924 4,2249
4,6826 4,7158
5,2113 5,2450
247 12:29
4,5948 4,6273
4,1922 4,2247
4,6826 4,7158
5,2125 5,2462
248 12:30
4,5946 4,6271
4,1915 4,2240
4,6824 4,7156
5,2119 5,2456
249 12:31
4,5940 4,6265
4,1895 4,2220
4,6822 4,7154
5,2121 5,2458
250 12:32
4,5943 4,6268
4,1904 4,2229
4,6823 4,7155
5,2128 5,2465
251 12:33
4,5943 4,6268
4,1904 4,2229
4,6831 4,7163
5,2131 5,2468
252 12:34
4,5940 4,6265
4,1903 4,2228
4,6830 4,7162
5,2127 5,2464
253 12:35
4,5939 4,6264
4,1899 4,2224
4,6829 4,7161
5,2129 5,2466
254 12:36
4,5938 4,6263
4,1899 4,2223
4,6830 4,7163
5,2125 5,2462
255 12:37
4,5935 4,6260
4,1900 4,2224
4,6832 4,7165
5,2131 5,2468
256 12:38
4,5929 4,6254
4,1883 4,2207
4,6826 4,7159
5,2112 5,2449
257 12:39
4,5927 4,6252
4,1870 4,2194
4,6823 4,7156
5,2109 5,2446
258 12:40
4,5930 4,6255
4,1872 4,2196
4,6822 4,7155
5,2113 5,2450
259 12:41
4,5926 4,6253
4,1866 4,2190
4,6819 4,7152
5,2113 5,2450
260 12:42
4,5928 4,6255
4,1875 4,2199
4,6823 4,7156
5,2118 5,2455
261 12:43
4,5928 4,6255
4,1868 4,2192
4,6821 4,7154
5,2115 5,2452
262 12:44
4,5922 4,6249
4,1860 4,2184
4,6813 4,7146
5,2121 5,2458
263 12:45
4,5915 4,6242
4,1852 4,2176
4,6804 4,7137
5,2110 5,2447
264 12:46
4,5914 4,6239
4,1846 4,2170
4,6804 4,7136
5,2107 5,2444
265 12:47
4,5919 4,6244
4,1855 4,2179
4,6809 4,7141
5,2104 5,2441
266 12:48
4,5918 4,6243
4,1848 4,2172
4,6808 4,7140
5,2100 5,2437
267 12:49
4,5914 4,6239
4,1844 4,2168
4,6802 4,7134
5,2095 5,2432
268 12:50
4,5912 4,6237
4,1841 4,2165
4,6800 4,7132
5,2093 5,2430
269 12:51
4,5912 4,6237
4,1837 4,2161
4,6797 4,7130
5,2092 5,2429
270 12:52
4,5909 4,6234
4,1834 4,2158
4,6789 4,7122
5,2087 5,2424
271 12:53
4,5906 4,6231
4,1829 4,2153
4,6783 4,7116
5,2083 5,2420
272 12:54
4,5902 4,6227
4,1824 4,2148
4,6779 4,7112
5,2069 5,2406
273 12:55
4,5904 4,6229
4,1822 4,2146
4,6779 4,7112
5,2069 5,2406
274 12:56
4,5910 4,6235
4,1823 4,2147
4,6784 4,7117
5,2072 5,2409
275 12:57
4,5908 4,6233
4,1825 4,2149
4,6787 4,7120
5,2067 5,2404
276 12:58
4,5909 4,6234
4,1828 4,2152
4,6784 4,7117
5,2066 5,2403
277 12:59
4,5909 4,6234
4,1832 4,2156
4,6791 4,7124
5,2063 5,2400
278 13:00
4,5909 4,6234
4,1842 4,2166
4,6799 4,7132
5,2063 5,2400
279 13:01
4,5915 4,6240
4,1841 4,2165
4,6790 4,7122
5,2076 5,2413
280 13:02
4,5914 4,6239
4,1841 4,2165
4,6794 4,7126
5,2071 5,2408
281 13:03
4,5913 4,6238
4,1838 4,2162
4,6795 4,7127
5,2076 5,2413
282 13:04
4,5914 4,6239
4,1840 4,2164
4,6787 4,7119
5,2075 5,2412
283 13:05
4,5923 4,6248
4,1850 4,2174
4,6801 4,7133
5,2090 5,2427
284 13:06
4,5919 4,6244
4,1839 4,2163
4,6792 4,7125
5,2083 5,2420
285 13:07
4,5930 4,6255
4,1855 4,2179
4,6801 4,7134
5,2095 5,2432
286 13:08
4,5929 4,6254
4,1850 4,2174
4,6797 4,7130
5,2094 5,2431
287 13:09
4,5929 4,6254
4,1854 4,2178
4,6797 4,7130
5,2094 5,2431
288 13:10
4,5928 4,6253
4,1857 4,2181
4,6796 4,7129
5,2093 5,2430
289 13:11
4,5929 4,6254
4,1856 4,2180
4,6798 4,7130
5,2097 5,2434
290 13:12
4,5926 4,6251
4,1851 4,2175
4,6802 4,7134
5,2100 5,2437
291 13:13
4,5925 4,6250
4,1854 4,2178
4,6799 4,7131
5,2102 5,2439
292 13:14
4,5929 4,6254
4,1856 4,2180
4,6798 4,7130
5,2106 5,2443
293 13:15
4,5932 4,6257
4,1857 4,2181
4,6806 4,7138
5,2104 5,2441
294 13:16
4,5930 4,6255
4,1855 4,2179
4,6803 4,7136
5,2104 5,2441
295 13:17
4,5932 4,6257
4,1861 4,2185
4,6805 4,7138
5,2104 5,2441
296 13:18
4,5933 4,6258
4,1862 4,2186
4,6806 4,7139
5,2105 5,2442
297 13:19
4,5933 4,6258
4,1864 4,2188
4,6806 4,7139
5,2104 5,2441
298 13:20
4,5931 4,6256
4,1858 4,2182
4,6804 4,7137
5,2106 5,2443
299 13:21
4,5930 4,6255
4,1857 4,2181
4,6805 4,7138
5,2111 5,2447
300 13:22
4,5924 4,6249
4,1850 4,2174
4,6797 4,7130
5,2107 5,2443
301 13:23
4,5923 4,6248
4,1849 4,2173
4,6796 4,7129
5,2109 5,2445
302 13:24
4,5924 4,6249
4,1853 4,2177
4,6799 4,7132
5,2113 5,2449
303 13:25
4,5919 4,6244
4,1853 4,2177
4,6792 4,7125
5,2114 5,2450
304 13:26
4,5919 4,6244
4,1849 4,2173
4,6794 4,7127
5,2107 5,2444
305 13:27
4,5927 4,6252
4,1858 4,2182
4,6805 4,7138
5,2114 5,2451
306 13:28
4,5928 4,6253
4,1859 4,2183
4,6806 4,7139
5,2117 5,2454
307 13:29
4,5925 4,6250
4,1860 4,2184
4,6807 4,7140
5,2113 5,2450
308 13:30
4,5924 4,6249
4,1857 4,2181
4,6812 4,7145
5,2113 5,2450
309 13:31
4,5919 4,6244
4,1849 4,2173
4,6808 4,7141
5,2098 5,2435
310 13:32
4,5918 4,6243
4,1846 4,2170
4,6810 4,7143
5,2094 5,2431
311 13:33
4,5912 4,6237
4,1835 4,2159
4,6799 4,7132
5,2084 5,2421
312 13:34
4,5912 4,6237
4,1833 4,2157
4,6799 4,7132
5,2081 5,2418
313 13:35
4,5914 4,6239
4,1837 4,2161
4,6798 4,7131
5,2080 5,2417
314 13:36
4,5914 4,6239
4,1835 4,2159
4,6799 4,7132
5,2077 5,2414
315 13:37
4,5915 4,6240
4,1841 4,2165
4,6802 4,7135
5,2081 5,2418
316 13:38
4,5915 4,6240
4,1845 4,2169
4,6804 4,7137
5,2082 5,2419
317 13:39
4,5914 4,6239
4,1846 4,2170
4,6801 4,7134
5,2080 5,2417
318 13:40
4,5912 4,6237
4,1852 4,2176
4,6801 4,7134
5,2084 5,2421
319 13:41
4,5908 4,6233
4,1847 4,2171
4,6796 4,7128
5,2089 5,2426
320 13:42
4,5912 4,6237
4,1850 4,2174
4,6802 4,7134
5,2099 5,2436
321 13:43
4,5912 4,6237
4,1854 4,2178
4,6802 4,7134
5,2096 5,2433
322 13:44
4,5912 4,6237
4,1862 4,2186
4,6805 4,7137
5,2099 5,2436
323 13:45
4,5913 4,6238
4,1853 4,2177
4,6803 4,7135
5,2094 5,2431
324 13:46
4,5915 4,6240
4,1857 4,2180
4,6808 4,7140
5,2096 5,2433
325 13:47
4,5921 4,6246
4,1868 4,2191
4,6812 4,7144
5,2094 5,2431
326 13:48
4,5929 4,6254
4,1875 4,2198
4,6820 4,7152
5,2103 5,2440
327 13:49
4,5928 4,6253
4,1880 4,2203
4,6819 4,7151
5,2105 5,2442
328 13:50
4,5930 4,6255
4,1880 4,2203
4,6821 4,7153
5,2107 5,2444
329 13:51
4,5920 4,6243
4,1880 4,2203
4,6812 4,7142
5,2102 5,2436
330 13:52
4,5917 4,6240
4,1877 4,2200
4,6804 4,7134
5,2096 5,2430
331 13:53
4,5920 4,6243
4,1887 4,2210
4,6807 4,7137
5,2099 5,2433
332 13:54
4,5914 4,6237
4,1886 4,2209
4,6801 4,7131
5,2096 5,2430
333 13:55
4,5919 4,6242
4,1900 4,2223
4,6808 4,7138
5,2114 5,2448
334 13:56
4,5918 4,6241
4,1903 4,2226
4,6808 4,7138
5,2124 5,2458
335 13:57
4,5920 4,6243
4,1897 4,2220
4,6803 4,7133
5,2116 5,2450
336 13:58
4,5921 4,6244
4,1903 4,2226
4,6807 4,7137
5,2127 5,2461
337 13:59
4,5921 4,6244
4,1909 4,2232
4,6809 4,7139
5,2127 5,2461
338 14:00
4,5919 4,6242
4,1913 4,2236
4,6807 4,7137
5,2125 5,2459
339 14:01
4,5929 4,6252
4,1926 4,2249
4,6819 4,7149
5,2137 5,2470
340 14:02
4,5928 4,6251
4,1927 4,2250
4,6810 4,7140
5,2135 5,2468
341 14:03
4,5928 4,6251
4,1927 4,2250
4,6810 4,7140
5,2135 5,2468
342 14:04
4,5929 4,6252
4,1926 4,2249
4,6811 4,7141
5,2131 5,2464
343 14:05
4,5928 4,6251
4,1927 4,2250
4,6801 4,7131
5,2135 5,2468
344 14:06
4,5929 4,6252
4,1924 4,2247
4,6804 4,7135
5,2132 5,2467
345 14:07
4,5930 4,6253
4,1929 4,2252
4,6810 4,7141
5,2134 5,2469
346 14:08
4,5930 4,6253
4,1929 4,2252
4,6812 4,7143
5,2131 5,2466
347 14:09
4,5931 4,6254
4,1932 4,2255
4,6809 4,7140
5,2126 5,2461
348 14:10
4,5929 4,6252
4,1966 4,2289
4,6811 4,7142
5,2127 5,2462
349 14:11
4,5931 4,6255
4,1965 4,2288
4,6807 4,7137
5,2130 5,2465
350 14:12
4,5930 4,6254
4,1970 4,2293
4,6804 4,7134
5,2132 5,2467
351 14:13
4,5932 4,6256
4,1987 4,2310
4,6816 4,7146
5,2143 5,2478
352 14:14
4,5929 4,6253
4,1971 4,2294
4,6812 4,7142
5,2139 5,2474
353 14:15
4,5947 4,6271
4,1990 4,2313
4,6838 4,7168
5,2155 5,2490
354 14:16
4,5948 4,6272
4,2000 4,2323
4,6846 4,7176
5,2167 5,2502
355 14:17
4,5947 4,6271
4,2015 4,2338
4,6852 4,7182
5,2166 5,2501
356 14:18
4,5956 4,6280
4,2031 4,2354
4,6862 4,7192
5,2170 5,2505
357 14:19
4,5950 4,6274
4,2006 4,2329
4,6851 4,7181
5,2154 5,2489
358 14:20
4,5947 4,6271
4,2000 4,2323
4,6845 4,7175
5,2154 5,2489
359 14:21
4,5946 4,6270
4,2004 4,2327
4,6844 4,7174
5,2147 5,2482
360 14:22
4,5951 4,6275
4,2011 4,2334
4,6847 4,7177
5,2153 5,2488
361 14:23
4,5947 4,6271
4,2005 4,2328
4,6845 4,7175
5,2148 5,2483
362 14:24
4,5951 4,6275
4,2009 4,2332
4,6845 4,7175
5,2150 5,2485
363 14:25
4,5950 4,6274
4,2000 4,2323
4,6841 4,7171
5,2152 5,2487
364 14:26
4,5950 4,6274
4,1998 4,2321
4,6839 4,7169
5,2152 5,2487
365 14:27
4,5946 4,6270
4,1998 4,2321
4,6837 4,7167
5,2150 5,2485
366 14:28
4,5945 4,6269
4,1997 4,2320
4,6831 4,7161
5,2152 5,2487
367 14:29
4,5945 4,6269
4,1994 4,2317
4,6831 4,7161
5,2152 5,2487
368 14:30
4,5934 4,6258
4,1983 4,2306
4,6826 4,7156
5,2136 5,2471
369 14:31
4,5927 4,6251
4,1918 4,2241
4,6811 4,7141
5,2111 5,2446
370 14:32
4,5925 4,6249
4,1902 4,2225
4,6823 4,7153
5,2115 5,2450
371 14:33
4,5927 4,6251
4,1898 4,2221
4,6812 4,7142
5,2108 5,2443
372 14:34
4,5925 4,6249
4,1875 4,2198
4,6813 4,7143
5,2120 5,2455
373 14:35
4,5926 4,6250
4,1886 4,2209
4,6814 4,7144
5,2131 5,2466
374 14:36
4,5927 4,6251
4,1873 4,2196
4,6818 4,7148
5,2132 5,2467
375 14:37
4,5943 4,6267
4,1909 4,2232
4,6841 4,7171
5,2146 5,2481
376 14:38
4,5938 4,6262
4,1891 4,2214
4,6841 4,7171
5,2146 5,2481
377 14:39
4,5935 4,6259
4,1902 4,2225
4,6833 4,7163
5,2131 5,2466
378 14:40
4,5929 4,6253
4,1883 4,2206
4,6829 4,7159
5,2125 5,2460
379 14:41
4,5930 4,6254
4,1880 4,2203
4,6833 4,7163
5,2132 5,2467
380 14:42
4,5925 4,6249
4,1862 4,2185
4,6837 4,7167
5,2123 5,2458
381 14:43
4,5931 4,6255
4,1885 4,2208
4,6841 4,7171
5,2127 5,2462
382 14:44
4,5933 4,6257
4,1888 4,2211
4,6853 4,7183
5,2129 5,2464
383 14:45
4,5930 4,6254
4,1871 4,2194
4,6852 4,7182
5,2129 5,2464
384 14:46
4,5926 4,6250
4,1848 4,2171
4,6850 4,7180
5,2122 5,2457
385 14:47
4,5925 4,6249
4,1847 4,2170
4,6856 4,7186
5,2132 5,2467
386 14:48
4,5931 4,6255
4,1859 4,2182
4,6862 4,7192
5,2144 5,2479
387 14:49
4,5935 4,6259
4,1873 4,2196
4,6864 4,7194
5,2147 5,2482
388 14:50
4,5933 4,6257
4,1868 4,2191
4,6860 4,7190
5,2144 5,2479
389 14:51
4,5928 4,6252
4,1855 4,2178
4,6855 4,7185
5,2141 5,2476
390 14:52
4,5925 4,6249
4,1850 4,2173
4,6854 4,7184
5,2138 5,2473
391 14:53
4,5930 4,6254
4,1857 4,2180
4,6861 4,7191
5,2143 5,2478
392 14:54
4,5930 4,6254
4,1843 4,2166
4,6854 4,7184
5,2128 5,2463
393 14:55
4,5931 4,6255
4,1856 4,2179
4,6858 4,7188
5,2133 5,2468
394 14:56
4,5931 4,6255
4,1852 4,2175
4,6860 4,7190
5,2145 5,2479
395 14:57
4,5934 4,6258
4,1847 4,2170
4,6861 4,7191
5,2145 5,2479
396 14:58
4,5930 4,6254
4,1821 4,2144
4,6852 4,7182
5,2130 5,2464
397 14:59
4,5924 4,6248
4,1821 4,2144
4,6843 4,7173
5,2126 5,2460
398 15:00
4,5922 4,6246
4,1829 4,2152
4,6835 4,7165
5,2126 5,2460
399 15:01
4,5919 4,6243
4,1830 4,2153
4,6831 4,7161
5,2128 5,2463
400 15:02
4,5924 4,6248
4,1842 4,2165
4,6841 4,7171
5,2134 5,2469
401 15:03
4,5933 4,6257
4,1860 4,2183
4,6848 4,7178
5,2135 5,2470
402 15:04
4,5929 4,6253
4,1856 4,2179
4,6836 4,7166
5,2125 5,2460
403 15:05
4,5924 4,6248
4,1850 4,2173
4,6831 4,7161
5,2122 5,2457
404 15:06
4,5921 4,6245
4,1851 4,2174
4,6824 4,7154
5,2116 5,2451
405 15:07
4,5915 4,6239
4,1836 4,2159
4,6822 4,7152
5,2112 5,2447
406 15:08
4,5917 4,6241
4,1837 4,2160
4,6824 4,7154
5,2120 5,2455
407 15:09
4,5913 4,6237
4,1820 4,2143
4,6820 4,7150
5,2116 5,2451
408 15:10
4,5912 4,6236
4,1823 4,2146
4,6824 4,7154
5,2117 5,2452
409 15:11
4,5914 4,6238
4,1829 4,2152
4,6821 4,7151
5,2123 5,2458
410 15:12
4,5912 4,6236
4,1827 4,2150
4,6819 4,7149
5,2123 5,2458
411 15:13
4,5913 4,6237
4,1834 4,2157
4,6823 4,7153
5,2127 5,2462
412 15:14
4,5911 4,6235
4,1828 4,2151
4,6816 4,7146
5,2125 5,2460
413 15:15
4,5908 4,6232
4,1829 4,2152
4,6810 4,7140
5,2119 5,2454
414 15:16
4,5900 4,6224
4,1839 4,2162
4,6802 4,7132
5,2124 5,2459
415 15:17
4,5899 4,6223
4,1844 4,2167
4,6803 4,7133
5,2123 5,2458
416 15:18
4,5899 4,6223
4,1850 4,2173
4,6806 4,7136
5,2123 5,2458
417 15:19
4,5899 4,6223
4,1844 4,2167
4,6806 4,7136
5,2129 5,2464
418 15:20
4,5898 4,6222
4,1847 4,2170
4,6805 4,7135
5,2128 5,2463
419 15:21
4,5897 4,6221
4,1840 4,2163
4,6801 4,7131
5,2124 5,2459
420 15:22
4,5895 4,6219
4,1837 4,2160
4,6802 4,7132
5,2122 5,2457
421 15:23
4,5885 4,6209
4,1837 4,2160
4,6792 4,7122
5,2116 5,2451
422 15:24
4,5884 4,6208
4,1836 4,2159
4,6793 4,7123
5,2118 5,2453
423 15:25
4,5883 4,6207
4,1835 4,2158
4,6790 4,7120
5,2105 5,2440
424 15:26
4,5873 4,6197
4,1824 4,2147
4,6779 4,7109
5,2094 5,2429
425 15:27
4,5873 4,6197
4,1828 4,2151
4,6775 4,7105
5,2093 5,2428
426 15:28
4,5868 4,6192
4,1816 4,2139
4,6769 4,7099
5,2086 5,2421
427 15:29
4,5870 4,6194
4,1825 4,2148
4,6762 4,7092
5,2091 5,2426
428 15:30
4,5868 4,6192
4,1827 4,2150
4,6765 4,7095
5,2091 5,2426
429 15:31
4,5870 4,6194
4,1808 4,2131
4,6764 4,7094
5,2091 5,2426
430 15:32
4,5870 4,6194
4,1816 4,2139
4,6767 4,7097
5,2094 5,2429
431 15:33
4,5869 4,6193
4,1820 4,2143
4,6763 4,7093
5,2098 5,2433
432 15:34
4,5875 4,6199
4,1814 4,2137
4,6769 4,7099
5,2102 5,2437
433 15:35
4,5879 4,6203
4,1805 4,2128
4,6776 4,7106
5,2104 5,2439
434 15:36
4,5885 4,6209
4,1805 4,2128
4,6780 4,7110
5,2117 5,2452
435 15:37
4,5888 4,6212
4,1817 4,2140
4,6790 4,7120
5,2114 5,2449
436 15:38
4,5888 4,6212
4,1811 4,2134
4,6790 4,7120
5,2111 5,2446
437 15:39
4,5892 4,6216
4,1811 4,2134
4,6801 4,7131
5,2110 5,2445
438 15:40
4,5880 4,6204
4,1790 4,2113
4,6791 4,7121
5,2087 5,2422
439 15:41
4,5871 4,6195
4,1793 4,2116
4,6792 4,7122
5,2077 5,2412
440 15:42
4,5874 4,6198
4,1789 4,2112
4,6794 4,7124
5,2077 5,2412
441 15:43
4,5879 4,6203
4,1797 4,2120
4,6798 4,7128
5,2086 5,2421
442 15:44
4,5876 4,6200
4,1793 4,2116
4,6811 4,7141
5,2077 5,2412
443 15:45
4,5877 4,6201
4,1793 4,2116
4,6807 4,7137
5,2075 5,2410
444 15:46
4,5866 4,6190
4,1772 4,2095
4,6804 4,7134
5,2061 5,2394
445 15:47
4,5866 4,6190
4,1776 4,2099
4,6799 4,7129
5,2066 5,2399
446 15:48
4,5865 4,6189
4,1784 4,2107
4,6800 4,7130
5,2059 5,2392
447 15:49
4,5857 4,6181
4,1770 4,2093
4,6792 4,7122
5,2047 5,2380
448 15:50
4,5858 4,6182
4,1763 4,2086
4,6793 4,7123
5,2049 5,2382
449 15:51
4,5855 4,6179
4,1758 4,2081
4,6792 4,7122
5,2048 5,2381
450 15:52
4,5852 4,6176
4,1756 4,2079
4,6794 4,7124
5,2048 5,2381
451 15:53
4,5851 4,6175
4,1755 4,2078
4,6788 4,7118
5,2046 5,2379
452 15:54
4,5855 4,6179
4,1766 4,2089
4,6782 4,7112
5,2045 5,2378
453 15:55
4,5851 4,6175
4,1762 4,2085
4,6776 4,7106
5,2038 5,2371
454 15:56
4,5851 4,6175
4,1764 4,2087
4,6786 4,7116
5,2048 5,2382
455 15:57
4,5852 4,6176
4,1782 4,2105
4,6789 4,7119
5,2053 5,2387
456 15:58
4,5851 4,6175
4,1775 4,2098
4,6795 4,7125
5,2052 5,2386
457 15:59
4,5852 4,6176
4,1778 4,2101
4,6796 4,7126
5,2052 5,2386
458 16:00
4,5848 4,6172
4,1780 4,2103
4,6787 4,7117
5,2051 5,2385
459 16:01
4,5846 4,6170
4,1759 4,2082
4,6785 4,7115
5,2037 5,2371
460 16:02
4,5844 4,6168
4,1756 4,2079
4,6781 4,7111
5,2035 5,2369
461 16:03
4,5848 4,6172
4,1759 4,2082
4,6773 4,7103
5,2042 5,2376
462 16:04
4,5843 4,6167
4,1753 4,2076
4,6770 4,7100
5,2033 5,2367
463 16:05
4,5840 4,6164
4,1754 4,2077
4,6764 4,7094
5,2030 5,2364
464 16:06
4,5845 4,6169
4,1755 4,2078
4,6770 4,7100
5,2036 5,2370
