#======================
2023-7-8
# 1.EUR, 2.USD, 3.CHF, 4.GBP
Sell Price, Buy Price
1 14:16
4,4010 4,4978
4,0078 4,1116
4,5323 4,6085
5,1412 5,2831
2 14:17
4,4010 4,4978
4,0078 4,1116
4,5323 4,6085
5,1412 5,2831
3 14:18
4,4010 4,4978
4,0078 4,1116
4,5323 4,6085
5,1412 5,2831
4 14:19
4,4010 4,4978
4,0078 4,1116
4,5323 4,6085
5,1412 5,2831
5 14:20
4,4010 4,4978
4,0078 4,1116
4,5323 4,6085
5,1412 5,2831
6 14:21
4,4010 4,4978
4,0078 4,1116
4,5323 4,6085
5,1412 5,2831
7 14:22
4,4010 4,4978
4,0078 4,1116
4,5323 4,6085
5,1412 5,2831
8 14:23
4,4010 4,4978
4,0078 4,1116
4,5323 4,6085
5,1412 5,2831
9 14:24
4,4010 4,4978
4,0078 4,1116
4,5323 4,6085
5,1412 5,2831
10 14:25
4,4010 4,4978
4,0078 4,1116
4,5323 4,6085
5,1412 5,2831
11 14:26
4,4010 4,4978
4,0078 4,1116
4,5323 4,6085
5,1412 5,2831
12 14:27
4,4010 4,4978
4,0078 4,1116
4,5323 4,6085
5,1412 5,2831
13 14:28
4,4010 4,4978
4,0078 4,1116
4,5323 4,6085
5,1412 5,2831
14 14:29
4,4010 4,4978
4,0078 4,1116
4,5323 4,6085
5,1412 5,2831
15 14:30
4,4010 4,4978
4,0078 4,1116
4,5323 4,6085
5,1412 5,2831
16 14:31
4,4010 4,4978
4,0078 4,1116
4,5323 4,6085
5,1412 5,2831
17 14:32
4,4010 4,4978
4,0078 4,1116
4,5323 4,6085
5,1412 5,2831
18 14:33
4,4010 4,4978
4,0078 4,1116
4,5323 4,6085
5,1412 5,2831
19 14:34
4,4010 4,4978
4,0078 4,1116
4,5323 4,6085
5,1412 5,2831
20 14:35
4,4010 4,4978
4,0078 4,1116
4,5323 4,6085
5,1412 5,2831
21 14:36
4,4010 4,4978
4,0078 4,1116
4,5323 4,6085
5,1412 5,2831
22 14:37
4,4010 4,4978
4,0078 4,1116
4,5323 4,6085
5,1412 5,2831
23 14:38
4,4010 4,4978
4,0078 4,1116
4,5323 4,6085
5,1412 5,2831
24 14:39
4,4010 4,4978
4,0078 4,1116
4,5323 4,6085
5,1412 5,2831
25 14:40
4,4010 4,4978
4,0078 4,1116
4,5323 4,6085
5,1412 5,2831
26 14:41
4,4010 4,4978
4,0078 4,1116
4,5323 4,6085
5,1412 5,2831
27 14:42
4,4010 4,4978
4,0078 4,1116
4,5323 4,6085
5,1412 5,2831
28 14:43
4,4010 4,4978
4,0078 4,1116
4,5323 4,6085
5,1412 5,2831
29 14:44
4,4010 4,4978
4,0078 4,1116
4,5323 4,6085
5,1412 5,2831
30 14:45
4,4010 4,4978
4,0078 4,1116
4,5323 4,6085
5,1412 5,2831
31 14:46
4,4010 4,4978
4,0078 4,1116
4,5323 4,6085
5,1412 5,2831
32 14:47
4,4010 4,4978
4,0078 4,1116
4,5323 4,6085
5,1412 5,2831
33 14:48
4,4010 4,4978
4,0078 4,1116
4,5323 4,6085
5,1412 5,2831
34 14:49
4,4010 4,4978
4,0078 4,1116
4,5323 4,6085
5,1412 5,2831
35 14:50
4,4010 4,4978
4,0078 4,1116
4,5323 4,6085
5,1412 5,2831
36 14:51
4,4010 4,4978
4,0078 4,1116
4,5323 4,6085
5,1412 5,2831
37 14:52
4,4010 4,4978
4,0078 4,1116
4,5323 4,6085
5,1412 5,2831
38 14:53
4,4010 4,4978
4,0078 4,1116
4,5323 4,6085
5,1412 5,2831
39 14:54
4,4010 4,4978
4,0078 4,1116
4,5323 4,6085
5,1412 5,2831
40 14:55
4,4010 4,4978
4,0078 4,1116
4,5323 4,6085
5,1412 5,2831
41 14:56
4,4010 4,4978
4,0078 4,1116
4,5323 4,6085
5,1412 5,2831
42 14:57
4,4010 4,4978
4,0078 4,1116
4,5323 4,6085
5,1412 5,2831
43 14:58
4,4010 4,4978
4,0078 4,1116
4,5323 4,6085
5,1412 5,2831
44 14:59
4,4010 4,4978
4,0078 4,1116
4,5323 4,6085
5,1412 5,2831
45 15:00
4,4010 4,4978
4,0078 4,1116
4,5323 4,6085
5,1412 5,2831
46 15:01
4,4010 4,4978
4,0078 4,1116
4,5323 4,6085
5,1412 5,2831
47 15:02
4,4010 4,4978
4,0078 4,1116
4,5323 4,6085
5,1412 5,2831
48 15:03
4,4010 4,4978
4,0078 4,1116
4,5323 4,6085
5,1412 5,2831
49 15:04
4,4010 4,4978
4,0078 4,1116
4,5323 4,6085
5,1412 5,2831
50 15:05
4,4010 4,4978
4,0078 4,1116
4,5323 4,6085
5,1412 5,2831
51 15:06
4,4010 4,4978
4,0078 4,1116
4,5323 4,6085
5,1412 5,2831
52 15:07
4,4010 4,4978
4,0078 4,1116
4,5323 4,6085
5,1412 5,2831
53 15:08
4,4010 4,4978
4,0078 4,1116
4,5323 4,6085
5,1412 5,2831
54 15:09
4,4010 4,4978
4,0078 4,1116
4,5323 4,6085
5,1412 5,2831
55 15:10
4,4010 4,4978
4,0078 4,1116
4,5323 4,6085
5,1412 5,2831
56 15:11
4,4010 4,4978
4,0078 4,1116
4,5323 4,6085
5,1412 5,2831
57 15:12
4,4010 4,4978
4,0078 4,1116
4,5323 4,6085
5,1412 5,2831
58 15:13
4,4010 4,4978
4,0078 4,1116
4,5323 4,6085
5,1412 5,2831
59 15:14
4,4010 4,4978
4,0078 4,1116
4,5323 4,6085
5,1412 5,2831
60 15:15
4,4010 4,4978
4,0078 4,1116
4,5323 4,6085
5,1412 5,2831
61 15:16
4,4010 4,4978
4,0078 4,1116
4,5323 4,6085
5,1412 5,2831
62 15:17
4,4010 4,4978
4,0078 4,1116
4,5323 4,6085
5,1412 5,2831
63 15:18
4,4010 4,4978
4,0078 4,1116
4,5323 4,6085
5,1412 5,2831
64 15:19
4,4010 4,4978
4,0078 4,1116
4,5323 4,6085
5,1412 5,2831
65 15:20
4,4010 4,4978
4,0078 4,1116
4,5323 4,6085
5,1412 5,2831
66 15:21
4,4010 4,4978
4,0078 4,1116
4,5323 4,6085
5,1412 5,2831
67 15:22
4,4010 4,4978
4,0078 4,1116
4,5323 4,6085
5,1412 5,2831
68 15:23
4,4010 4,4978
4,0078 4,1116
4,5323 4,6085
5,1412 5,2831
69 15:24
4,4010 4,4978
4,0078 4,1116
4,5323 4,6085
5,1412 5,2831
70 15:25
4,4010 4,4978
4,0078 4,1116
4,5323 4,6085
5,1412 5,2831
71 15:26
4,4010 4,4978
4,0078 4,1116
4,5323 4,6085
5,1412 5,2831
72 15:27
4,4010 4,4978
4,0078 4,1116
4,5323 4,6085
5,1412 5,2831
73 15:28
4,4010 4,4978
4,0078 4,1116
4,5323 4,6085
5,1412 5,2831
74 15:29
4,4010 4,4978
4,0078 4,1116
4,5323 4,6085
5,1412 5,2831
75 15:30
4,4010 4,4978
4,0078 4,1116
4,5323 4,6085
5,1412 5,2831
76 15:31
4,4010 4,4978
4,0078 4,1116
4,5323 4,6085
5,1412 5,2831
77 15:32
4,4010 4,4978
4,0078 4,1116
4,5323 4,6085
5,1412 5,2831
78 15:33
4,4010 4,4978
4,0078 4,1116
4,5323 4,6085
5,1412 5,2831
79 15:34
4,4010 4,4978
4,0078 4,1116
4,5323 4,6085
5,1412 5,2831
80 15:35
4,4010 4,4978
4,0078 4,1116
4,5323 4,6085
5,1412 5,2831
81 15:36
4,4010 4,4978
4,0078 4,1116
4,5323 4,6085
5,1412 5,2831
82 15:37
4,4010 4,4978
4,0078 4,1116
4,5323 4,6085
5,1412 5,2831
83 15:38
4,4010 4,4978
4,0078 4,1116
4,5323 4,6085
5,1412 5,2831
84 15:39
4,4010 4,4978
4,0078 4,1116
4,5323 4,6085
5,1412 5,2831
85 15:40
4,4010 4,4978
4,0078 4,1116
4,5323 4,6085
5,1412 5,2831
86 15:41
4,4010 4,4978
4,0078 4,1116
4,5323 4,6085
5,1412 5,2831
87 15:42
4,4010 4,4978
4,0078 4,1116
4,5323 4,6085
5,1412 5,2831
88 15:43
4,4010 4,4978
4,0078 4,1116
4,5323 4,6085
5,1412 5,2831
89 15:44
4,4010 4,4978
4,0078 4,1116
4,5323 4,6085
5,1412 5,2831
90 15:45
4,4010 4,4978
4,0078 4,1116
4,5323 4,6085
5,1412 5,2831
91 15:46
4,4010 4,4978
4,0078 4,1116
4,5323 4,6085
5,1412 5,2831
92 15:47
4,4010 4,4978
4,0078 4,1116
4,5323 4,6085
5,1412 5,2831
93 15:48
4,4010 4,4978
4,0078 4,1116
4,5323 4,6085
5,1412 5,2831
94 15:49
4,4010 4,4978
4,0078 4,1116
4,5323 4,6085
5,1412 5,2831
95 15:50
4,4010 4,4978
4,0078 4,1116
4,5323 4,6085
5,1412 5,2831
96 15:51
4,4010 4,4978
4,0078 4,1116
4,5323 4,6085
5,1412 5,2831
97 15:52
4,4010 4,4978
4,0078 4,1116
4,5323 4,6085
5,1412 5,2831
98 15:53
4,4010 4,4978
4,0078 4,1116
4,5323 4,6085
5,1412 5,2831
99 15:54
4,4010 4,4978
4,0078 4,1116
4,5323 4,6085
5,1412 5,2831
100 15:55
4,4010 4,4978
4,0078 4,1116
4,5323 4,6085
5,1412 5,2831
101 15:56
4,4010 4,4978
4,0078 4,1116
4,5323 4,6085
5,1412 5,2831
102 15:57
4,4010 4,4978
4,0078 4,1116
4,5323 4,6085
5,1412 5,2831
103 15:58
4,4010 4,4978
4,0078 4,1116
4,5323 4,6085
5,1412 5,2831
104 15:59
4,4010 4,4978
4,0078 4,1116
4,5323 4,6085
5,1412 5,2831
105 16:00
4,4010 4,4978
4,0078 4,1116
4,5323 4,6085
5,1412 5,2831
106 16:01
4,4010 4,4978
4,0078 4,1116
4,5323 4,6085
5,1412 5,2831
107 16:02
4,4010 4,4978
4,0078 4,1116
4,5323 4,6085
5,1412 5,2831
108 16:03
4,4010 4,4978
4,0078 4,1116
4,5323 4,6085
5,1412 5,2831
109 16:04
4,4010 4,4978
4,0078 4,1116
4,5323 4,6085
5,1412 5,2831
110 16:05
4,4010 4,4978
4,0078 4,1116
4,5323 4,6085
5,1412 5,2831
111 16:06
4,4010 4,4978
4,0078 4,1116
4,5323 4,6085
5,1412 5,2831
112 16:07
4,4010 4,4978
4,0078 4,1116
4,5323 4,6085
5,1412 5,2831
113 16:08
4,4010 4,4978
4,0078 4,1116
4,5323 4,6085
5,1412 5,2831
114 16:09
4,4010 4,4978
4,0078 4,1116
4,5323 4,6085
5,1412 5,2831
115 16:10
4,4010 4,4978
4,0078 4,1116
4,5323 4,6085
5,1412 5,2831
116 16:11
4,4010 4,4978
4,0078 4,1116
4,5323 4,6085
5,1412 5,2831
117 16:12
4,4010 4,4978
4,0078 4,1116
4,5323 4,6085
5,1412 5,2831
118 16:13
4,4010 4,4978
4,0078 4,1116
4,5323 4,6085
5,1412 5,2831
119 16:14
4,4010 4,4978
4,0078 4,1116
4,5323 4,6085
5,1412 5,2831
120 16:15
4,4010 4,4978
4,0078 4,1116
4,5323 4,6085
5,1412 5,2831
121 16:16
4,4010 4,4978
4,0078 4,1116
4,5323 4,6085
5,1412 5,2831
122 16:17
4,4010 4,4978
4,0078 4,1116
4,5323 4,6085
5,1412 5,2831
123 16:18
4,4010 4,4978
4,0078 4,1116
4,5323 4,6085
5,1412 5,2831
124 16:19
4,4010 4,4978
4,0078 4,1116
4,5323 4,6085
5,1412 5,2831
125 16:20
4,4010 4,4978
4,0078 4,1116
4,5323 4,6085
5,1412 5,2831
126 16:21
4,4010 4,4978
4,0078 4,1116
4,5323 4,6085
5,1412 5,2831
127 16:22
4,4010 4,4978
4,0078 4,1116
4,5323 4,6085
5,1412 5,2831
128 16:23
4,4010 4,4978
4,0078 4,1116
4,5323 4,6085
5,1412 5,2831
129 16:24
4,4010 4,4978
4,0078 4,1116
4,5323 4,6085
5,1412 5,2831
130 16:25
4,4010 4,4978
4,0078 4,1116
4,5323 4,6085
5,1412 5,2831
131 16:26
4,4010 4,4978
4,0078 4,1116
4,5323 4,6085
5,1412 5,2831
132 16:27
4,4010 4,4978
4,0078 4,1116
4,5323 4,6085
5,1412 5,2831
133 16:28
4,4010 4,4978
4,0078 4,1116
4,5323 4,6085
5,1412 5,2831
134 16:29
4,4010 4,4978
4,0078 4,1116
4,5323 4,6085
5,1412 5,2831
135 16:30
4,4010 4,4978
4,0078 4,1116
4,5323 4,6085
5,1412 5,2831
136 16:31
4,4010 4,4978
4,0078 4,1116
4,5323 4,6085
5,1412 5,2831
137 16:32
4,4010 4,4978
4,0078 4,1116
4,5323 4,6085
5,1412 5,2831
138 16:33
4,4010 4,4978
4,0078 4,1116
4,5323 4,6085
5,1412 5,2831
139 16:34
4,4010 4,4978
4,0078 4,1116
4,5323 4,6085
5,1412 5,2831
140 16:35
4,4010 4,4978
4,0078 4,1116
4,5323 4,6085
5,1412 5,2831
141 16:36
4,4010 4,4978
4,0078 4,1116
4,5323 4,6085
5,1412 5,2831
142 16:37
4,4010 4,4978
4,0078 4,1116
4,5323 4,6085
5,1412 5,2831
143 16:38
4,4010 4,4978
4,0078 4,1116
4,5323 4,6085
5,1412 5,2831
144 16:39
4,4010 4,4978
4,0078 4,1116
4,5323 4,6085
5,1412 5,2831
145 16:40
4,4010 4,4978
4,0078 4,1116
4,5323 4,6085
5,1412 5,2831
146 16:41
4,4010 4,4978
4,0078 4,1116
4,5323 4,6085
5,1412 5,2831
147 16:42
4,4010 4,4978
4,0078 4,1116
4,5323 4,6085
5,1412 5,2831
148 16:43
4,4010 4,4978
4,0078 4,1116
4,5323 4,6085
5,1412 5,2831
149 16:44
4,4010 4,4978
4,0078 4,1116
4,5323 4,6085
5,1412 5,2831
150 16:45
4,4010 4,4978
4,0078 4,1116
4,5323 4,6085
5,1412 5,2831
151 16:46
4,4010 4,4978
4,0078 4,1116
4,5323 4,6085
5,1412 5,2831
152 16:47
4,4010 4,4978
4,0078 4,1116
4,5323 4,6085
5,1412 5,2831
153 16:48
4,4010 4,4978
4,0078 4,1116
4,5323 4,6085
5,1412 5,2831
154 16:49
4,4010 4,4978
4,0078 4,1116
4,5323 4,6085
5,1412 5,2831
155 16:50
4,4010 4,4978
4,0078 4,1116
4,5323 4,6085
5,1412 5,2831
156 16:51
4,4010 4,4978
4,0078 4,1116
4,5323 4,6085
5,1412 5,2831
157 16:52
4,4010 4,4978
4,0078 4,1116
4,5323 4,6085
5,1412 5,2831
158 16:53
4,4010 4,4978
4,0078 4,1116
4,5323 4,6085
5,1412 5,2831
159 16:54
4,4010 4,4978
4,0078 4,1116
4,5323 4,6085
5,1412 5,2831
160 16:55
4,4010 4,4978
4,0078 4,1116
4,5323 4,6085
5,1412 5,2831
161 16:56
4,4010 4,4978
4,0078 4,1116
4,5323 4,6085
5,1412 5,2831
162 16:57
4,4010 4,4978
4,0078 4,1116
4,5323 4,6085
5,1412 5,2831
163 16:58
4,4010 4,4978
4,0078 4,1116
4,5323 4,6085
5,1412 5,2831
164 16:59
4,4010 4,4978
4,0078 4,1116
4,5323 4,6085
5,1412 5,2831
165 17:00
4,4010 4,4978
4,0078 4,1116
4,5323 4,6085
5,1412 5,2831
166 17:01
4,4010 4,4978
4,0078 4,1116
4,5323 4,6085
5,1412 5,2831
167 17:02
4,4010 4,4978
4,0078 4,1116
4,5323 4,6085
5,1412 5,2831
168 17:03
4,4010 4,4978
4,0078 4,1116
4,5323 4,6085
5,1412 5,2831
169 17:04
4,4010 4,4978
4,0078 4,1116
4,5323 4,6085
5,1412 5,2831
170 17:05
4,4010 4,4978
4,0078 4,1116
4,5323 4,6085
5,1412 5,2831
171 17:06
4,4010 4,4978
4,0078 4,1116
4,5323 4,6085
5,1412 5,2831
172 17:07
4,4010 4,4978
4,0078 4,1116
4,5323 4,6085
5,1412 5,2831
173 17:08
4,4010 4,4978
4,0078 4,1116
4,5323 4,6085
5,1412 5,2831
174 17:09
4,4010 4,4978
4,0078 4,1116
4,5323 4,6085
5,1412 5,2831
175 17:10
4,4010 4,4978
4,0078 4,1116
4,5323 4,6085
5,1412 5,2831
176 17:11
4,4010 4,4978
4,0078 4,1116
4,5323 4,6085
5,1412 5,2831
177 17:12
4,4010 4,4978
4,0078 4,1116
4,5323 4,6085
5,1412 5,2831
178 17:13
4,4010 4,4978
4,0078 4,1116
4,5323 4,6085
5,1412 5,2831
179 17:14
4,4010 4,4978
4,0078 4,1116
4,5323 4,6085
5,1412 5,2831
180 17:15
4,4010 4,4978
4,0078 4,1116
4,5323 4,6085
5,1412 5,2831
181 17:16
4,4010 4,4978
4,0078 4,1116
4,5323 4,6085
5,1412 5,2831
182 17:17
4,4010 4,4978
4,0078 4,1116
4,5323 4,6085
5,1412 5,2831
183 17:18
4,4010 4,4978
4,0078 4,1116
4,5323 4,6085
5,1412 5,2831
184 17:19
4,4010 4,4978
4,0078 4,1116
4,5323 4,6085
5,1412 5,2831
185 17:20
4,4010 4,4978
4,0078 4,1116
4,5323 4,6085
5,1412 5,2831
186 17:21
4,4010 4,4978
4,0078 4,1116
4,5323 4,6085
5,1412 5,2831
187 17:22
4,4010 4,4978
4,0078 4,1116
4,5323 4,6085
5,1412 5,2831
188 17:23
4,4010 4,4978
4,0078 4,1116
4,5323 4,6085
5,1412 5,2831
189 17:24
4,4010 4,4978
4,0078 4,1116
4,5323 4,6085
5,1412 5,2831
190 17:25
4,4010 4,4978
4,0078 4,1116
4,5323 4,6085
5,1412 5,2831
191 17:26
4,4010 4,4978
4,0078 4,1116
4,5323 4,6085
5,1412 5,2831
192 17:27
4,4010 4,4978
4,0078 4,1116
4,5323 4,6085
5,1412 5,2831
193 17:28
4,4010 4,4978
4,0078 4,1116
4,5323 4,6085
5,1412 5,2831
194 17:29
4,4010 4,4978
4,0078 4,1116
4,5323 4,6085
5,1412 5,2831
195 17:30
4,4010 4,4978
4,0078 4,1116
4,5323 4,6085
5,1412 5,2831
196 17:31
4,4010 4,4978
4,0078 4,1116
4,5323 4,6085
5,1412 5,2831
197 17:32
4,4010 4,4978
4,0078 4,1116
4,5323 4,6085
5,1412 5,2831
198 17:33
4,4010 4,4978
4,0078 4,1116
4,5323 4,6085
5,1412 5,2831
199 17:34
4,4010 4,4978
4,0078 4,1116
4,5323 4,6085
5,1412 5,2831
200 17:35
4,4010 4,4978
4,0078 4,1116
4,5323 4,6085
5,1412 5,2831
201 17:36
4,4010 4,4978
4,0078 4,1116
4,5323 4,6085
5,1412 5,2831
202 17:37
4,4010 4,4978
4,0078 4,1116
4,5323 4,6085
5,1412 5,2831
203 17:38
4,4010 4,4978
4,0078 4,1116
4,5323 4,6085
5,1412 5,2831
204 17:39
4,4010 4,4978
4,0078 4,1116
4,5323 4,6085
5,1412 5,2831
205 17:40
4,4010 4,4978
4,0078 4,1116
4,5323 4,6085
5,1412 5,2831
206 17:41
4,4010 4,4978
4,0078 4,1116
4,5323 4,6085
5,1412 5,2831
207 17:42
4,4010 4,4978
4,0078 4,1116
4,5323 4,6085
5,1412 5,2831
208 17:43
4,4010 4,4978
4,0078 4,1116
4,5323 4,6085
5,1412 5,2831
209 17:44
4,4010 4,4978
4,0078 4,1116
4,5323 4,6085
5,1412 5,2831
210 17:45
4,4010 4,4978
4,0078 4,1116
4,5323 4,6085
5,1412 5,2831
211 17:46
4,4010 4,4978
4,0078 4,1116
4,5323 4,6085
5,1412 5,2831
212 17:47
4,4010 4,4978
4,0078 4,1116
4,5323 4,6085
5,1412 5,2831
213 17:48
4,4010 4,4978
4,0078 4,1116
4,5323 4,6085
5,1412 5,2831
214 17:49
4,4010 4,4978
4,0078 4,1116
4,5323 4,6085
5,1412 5,2831
215 17:50
4,4010 4,4978
4,0078 4,1116
4,5323 4,6085
5,1412 5,2831
216 17:51
4,4010 4,4978
4,0078 4,1116
4,5323 4,6085
5,1412 5,2831
217 17:52
4,4010 4,4978
4,0078 4,1116
4,5323 4,6085
5,1412 5,2831
218 17:53
4,4010 4,4978
4,0078 4,1116
4,5323 4,6085
5,1412 5,2831
219 17:54
4,4010 4,4978
4,0078 4,1116
4,5323 4,6085
5,1412 5,2831
220 17:55
4,4010 4,4978
4,0078 4,1116
4,5323 4,6085
5,1412 5,2831
221 17:56
4,4010 4,4978
4,0078 4,1116
4,5323 4,6085
5,1412 5,2831
222 17:57
4,4010 4,4978
4,0078 4,1116
4,5323 4,6085
5,1412 5,2831
223 17:58
4,4010 4,4978
4,0078 4,1116
4,5323 4,6085
5,1412 5,2831
224 17:59
4,4010 4,4978
4,0078 4,1116
4,5323 4,6085
5,1412 5,2831
225 18:00
4,4010 4,4978
4,0078 4,1116
4,5323 4,6085
5,1412 5,2831
226 18:01
4,4010 4,4978
4,0078 4,1116
4,5323 4,6085
5,1412 5,2831
227 18:02
4,4010 4,4978
4,0078 4,1116
4,5323 4,6085
5,1412 5,2831
228 18:03
4,4010 4,4978
4,0078 4,1116
4,5323 4,6085
5,1412 5,2831
229 18:04
4,4010 4,4978
4,0078 4,1116
4,5323 4,6085
5,1412 5,2831
230 18:05
4,4010 4,4978
4,0078 4,1116
4,5323 4,6085
5,1412 5,2831
231 18:06
4,4010 4,4978
4,0078 4,1116
4,5323 4,6085
5,1412 5,2831
232 18:07
4,4010 4,4978
4,0078 4,1116
4,5323 4,6085
5,1412 5,2831
233 18:08
4,4010 4,4978
4,0078 4,1116
4,5323 4,6085
5,1412 5,2831
234 18:09
4,4010 4,4978
4,0078 4,1116
4,5323 4,6085
5,1412 5,2831
235 18:10
4,4010 4,4978
4,0078 4,1116
4,5323 4,6085
5,1412 5,2831
236 18:11
4,4010 4,4978
4,0078 4,1116
4,5323 4,6085
5,1412 5,2831
237 18:12
4,4010 4,4978
4,0078 4,1116
4,5323 4,6085
5,1412 5,2831
238 18:13
4,4010 4,4978
4,0078 4,1116
4,5323 4,6085
5,1412 5,2831
239 18:14
4,4010 4,4978
4,0078 4,1116
4,5323 4,6085
5,1412 5,2831
240 18:15
4,4010 4,4978
4,0078 4,1116
4,5323 4,6085
5,1412 5,2831
241 18:16
4,4010 4,4978
4,0078 4,1116
4,5323 4,6085
5,1412 5,2831
242 18:17
4,4010 4,4978
4,0078 4,1116
4,5323 4,6085
5,1412 5,2831
243 18:18
4,4010 4,4978
4,0078 4,1116
4,5323 4,6085
5,1412 5,2831
244 18:19
4,4010 4,4978
4,0078 4,1116
4,5323 4,6085
5,1412 5,2831
245 18:20
4,4010 4,4978
4,0078 4,1116
4,5323 4,6085
5,1412 5,2831
246 18:21
4,4010 4,4978
4,0078 4,1116
4,5323 4,6085
5,1412 5,2831
247 18:22
4,4010 4,4978
4,0078 4,1116
4,5323 4,6085
5,1412 5,2831
248 18:23
4,4010 4,4978
4,0078 4,1116
4,5323 4,6085
5,1412 5,2831
249 18:24
4,4010 4,4978
4,0078 4,1116
4,5323 4,6085
5,1412 5,2831
250 18:25
4,4010 4,4978
4,0078 4,1116
4,5323 4,6085
5,1412 5,2831
251 18:26
4,4010 4,4978
4,0078 4,1116
4,5323 4,6085
5,1412 5,2831
252 18:27
4,4010 4,4978
4,0078 4,1116
4,5323 4,6085
5,1412 5,2831
253 18:28
4,4010 4,4978
4,0078 4,1116
4,5323 4,6085
5,1412 5,2831
254 18:29
4,4010 4,4978
4,0078 4,1116
4,5323 4,6085
5,1412 5,2831
255 18:30
4,4010 4,4978
4,0078 4,1116
4,5323 4,6085
5,1412 5,2831
256 18:31
4,4010 4,4978
4,0078 4,1116
4,5323 4,6085
5,1412 5,2831
257 18:32
4,4010 4,4978
4,0078 4,1116
4,5323 4,6085
5,1412 5,2831
258 18:33
4,4010 4,4978
4,0078 4,1116
4,5323 4,6085
5,1412 5,2831
259 18:34
4,4010 4,4978
4,0078 4,1116
4,5323 4,6085
5,1412 5,2831
260 18:35
4,4010 4,4978
4,0078 4,1116
4,5323 4,6085
5,1412 5,2831
261 18:36
4,4010 4,4978
4,0078 4,1116
4,5323 4,6085
5,1412 5,2831
262 18:37
4,4010 4,4978
4,0078 4,1116
4,5323 4,6085
5,1412 5,2831
263 18:38
4,4010 4,4978
4,0078 4,1116
4,5323 4,6085
5,1412 5,2831
264 18:39
4,4010 4,4978
4,0078 4,1116
4,5323 4,6085
5,1412 5,2831
265 18:40
4,4010 4,4978
4,0078 4,1116
4,5323 4,6085
5,1412 5,2831
266 18:41
4,4010 4,4978
4,0078 4,1116
4,5323 4,6085
5,1412 5,2831
267 18:42
4,4010 4,4978
4,0078 4,1116
4,5323 4,6085
5,1412 5,2831
268 18:43
4,4010 4,4978
4,0078 4,1116
4,5323 4,6085
5,1412 5,2831
269 18:44
4,4010 4,4978
4,0078 4,1116
4,5323 4,6085
5,1412 5,2831
270 18:45
4,4010 4,4978
4,0078 4,1116
4,5323 4,6085
5,1412 5,2831
271 18:46
4,4010 4,4978
4,0078 4,1116
4,5323 4,6085
5,1412 5,2831
272 18:47
4,4010 4,4978
4,0078 4,1116
4,5323 4,6085
5,1412 5,2831
273 18:48
4,4010 4,4978
4,0078 4,1116
4,5323 4,6085
5,1412 5,2831
274 18:49
4,4010 4,4978
4,0078 4,1116
4,5323 4,6085
5,1412 5,2831
275 18:50
4,4010 4,4978
4,0078 4,1116
4,5323 4,6085
5,1412 5,2831
276 18:51
4,4010 4,4978
4,0078 4,1116
4,5323 4,6085
5,1412 5,2831
277 18:52
4,4010 4,4978
4,0078 4,1116
4,5323 4,6085
5,1412 5,2831
278 18:53
4,4010 4,4978
4,0078 4,1116
4,5323 4,6085
5,1412 5,2831
279 18:54
4,4010 4,4978
4,0078 4,1116
4,5323 4,6085
5,1412 5,2831
280 18:55
4,4010 4,4978
4,0078 4,1116
4,5323 4,6085
5,1412 5,2831
281 18:56
4,4010 4,4978
4,0078 4,1116
4,5323 4,6085
5,1412 5,2831
282 18:57
4,4010 4,4978
4,0078 4,1116
4,5323 4,6085
5,1412 5,2831
283 18:58
4,4010 4,4978
4,0078 4,1116
4,5323 4,6085
5,1412 5,2831
284 18:59
4,4010 4,4978
4,0078 4,1116
4,5323 4,6085
5,1412 5,2831
285 19:00
4,4010 4,4978
4,0078 4,1116
4,5323 4,6085
5,1412 5,2831
286 19:01
4,4010 4,4978
4,0078 4,1116
4,5323 4,6085
5,1412 5,2831
287 19:02
4,4010 4,4978
4,0078 4,1116
4,5323 4,6085
5,1412 5,2831
288 19:03
4,4010 4,4978
4,0078 4,1116
4,5323 4,6085
5,1412 5,2831
289 19:04
4,4010 4,4978
4,0078 4,1116
4,5323 4,6085
5,1412 5,2831
290 19:05
4,4010 4,4978
4,0078 4,1116
4,5323 4,6085
5,1412 5,2831
291 19:06
4,4010 4,4978
4,0078 4,1116
4,5323 4,6085
5,1412 5,2831
292 19:07
4,4010 4,4978
4,0078 4,1116
4,5323 4,6085
5,1412 5,2831
293 19:08
4,4010 4,4978
4,0078 4,1116
4,5323 4,6085
5,1412 5,2831
294 19:09
4,4010 4,4978
4,0078 4,1116
4,5323 4,6085
5,1412 5,2831
295 19:10
4,4010 4,4978
4,0078 4,1116
4,5323 4,6085
5,1412 5,2831
296 19:11
4,4010 4,4978
4,0078 4,1116
4,5323 4,6085
5,1412 5,2831
297 19:12
4,4010 4,4978
4,0078 4,1116
4,5323 4,6085
5,1412 5,2831
298 19:13
4,4010 4,4978
4,0078 4,1116
4,5323 4,6085
5,1412 5,2831
299 19:14
4,4010 4,4978
4,0078 4,1116
4,5323 4,6085
5,1412 5,2831
300 19:15
4,4010 4,4978
4,0078 4,1116
4,5323 4,6085
5,1412 5,2831
301 19:16
4,4010 4,4978
4,0078 4,1116
4,5323 4,6085
5,1412 5,2831
302 19:17
4,4010 4,4978
4,0078 4,1116
4,5323 4,6085
5,1412 5,2831
303 19:18
4,4010 4,4978
4,0078 4,1116
4,5323 4,6085
5,1412 5,2831
304 19:19
4,4010 4,4978
4,0078 4,1116
4,5323 4,6085
5,1412 5,2831
305 19:20
4,4010 4,4978
4,0078 4,1116
4,5323 4,6085
5,1412 5,2831
306 19:21
4,4010 4,4978
4,0078 4,1116
4,5323 4,6085
5,1412 5,2831
307 19:22
4,4010 4,4978
4,0078 4,1116
4,5323 4,6085
5,1412 5,2831
308 19:23
4,4010 4,4978
4,0078 4,1116
4,5323 4,6085
5,1412 5,2831
309 19:24
4,4010 4,4978
4,0078 4,1116
4,5323 4,6085
5,1412 5,2831
310 19:25
4,4010 4,4978
4,0078 4,1116
4,5323 4,6085
5,1412 5,2831
311 19:26
4,4010 4,4978
4,0078 4,1116
4,5323 4,6085
5,1412 5,2831
312 19:27
4,4010 4,4978
4,0078 4,1116
4,5323 4,6085
5,1412 5,2831
313 19:28
4,4010 4,4978
4,0078 4,1116
4,5323 4,6085
5,1412 5,2831
314 19:29
4,4010 4,4978
4,0078 4,1116
4,5323 4,6085
5,1412 5,2831
315 19:30
4,4010 4,4978
4,0078 4,1116
4,5323 4,6085
5,1412 5,2831
316 19:31
4,4010 4,4978
4,0078 4,1116
4,5323 4,6085
5,1412 5,2831
317 19:32
4,4010 4,4978
4,0078 4,1116
4,5323 4,6085
5,1412 5,2831
318 19:33
4,4010 4,4978
4,0078 4,1116
4,5323 4,6085
5,1412 5,2831
319 19:34
4,4010 4,4978
4,0078 4,1116
4,5323 4,6085
5,1412 5,2831
320 19:35
4,4010 4,4978
4,0078 4,1116
4,5323 4,6085
5,1412 5,2831
321 19:36
4,4010 4,4978
4,0078 4,1116
4,5323 4,6085
5,1412 5,2831
322 19:37
4,4010 4,4978
4,0078 4,1116
4,5323 4,6085
5,1412 5,2831
323 19:38
4,4010 4,4978
4,0078 4,1116
4,5323 4,6085
5,1412 5,2831
324 19:39
4,4010 4,4978
4,0078 4,1116
4,5323 4,6085
5,1412 5,2831
325 19:40
4,4010 4,4978
4,0078 4,1116
4,5323 4,6085
5,1412 5,2831
326 19:41
4,4010 4,4978
4,0078 4,1116
4,5323 4,6085
5,1412 5,2831
327 19:42
4,4010 4,4978
4,0078 4,1116
4,5323 4,6085
5,1412 5,2831
328 19:43
4,4010 4,4978
4,0078 4,1116
4,5323 4,6085
5,1412 5,2831
329 19:44
4,4010 4,4978
4,0078 4,1116
4,5323 4,6085
5,1412 5,2831
330 19:45
4,4010 4,4978
4,0078 4,1116
4,5323 4,6085
5,1412 5,2831
331 19:46
4,4010 4,4978
4,0078 4,1116
4,5323 4,6085
5,1412 5,2831
332 19:47
4,4010 4,4978
4,0078 4,1116
4,5323 4,6085
5,1412 5,2831
333 19:48
4,4010 4,4978
4,0078 4,1116
4,5323 4,6085
5,1412 5,2831
334 19:49
4,4010 4,4978
4,0078 4,1116
4,5323 4,6085
5,1412 5,2831
335 19:50
4,4010 4,4978
4,0078 4,1116
4,5323 4,6085
5,1412 5,2831
336 19:51
4,4010 4,4978
4,0078 4,1116
4,5323 4,6085
5,1412 5,2831
337 19:52
4,4010 4,4978
4,0078 4,1116
4,5323 4,6085
5,1412 5,2831
338 19:53
4,4010 4,4978
4,0078 4,1116
4,5323 4,6085
5,1412 5,2831
339 19:54
4,4010 4,4978
4,0078 4,1116
4,5323 4,6085
5,1412 5,2831
340 19:55
4,4010 4,4978
4,0078 4,1116
4,5323 4,6085
5,1412 5,2831
341 19:56
4,4010 4,4978
4,0078 4,1116
4,5323 4,6085
5,1412 5,2831
342 19:57
4,4010 4,4978
4,0078 4,1116
4,5323 4,6085
5,1412 5,2831
343 19:58
4,4010 4,4978
4,0078 4,1116
4,5323 4,6085
5,1412 5,2831
344 19:59
4,4010 4,4978
4,0078 4,1116
4,5323 4,6085
5,1412 5,2831
345 20:00
4,4010 4,4978
4,0078 4,1116
4,5323 4,6085
5,1412 5,2831
346 20:01
4,4010 4,4978
4,0078 4,1116
4,5323 4,6085
5,1412 5,2831
347 20:02
4,4010 4,4978
4,0078 4,1116
4,5323 4,6085
5,1412 5,2831
348 20:03
4,4010 4,4978
4,0078 4,1116
4,5323 4,6085
5,1412 5,2831
349 20:04
4,4010 4,4978
4,0078 4,1116
4,5323 4,6085
5,1412 5,2831
350 20:05
4,4010 4,4978
4,0078 4,1116
4,5323 4,6085
5,1412 5,2831
351 20:06
4,4010 4,4978
4,0078 4,1116
4,5323 4,6085
5,1412 5,2831
352 20:07
4,4010 4,4978
4,0078 4,1116
4,5323 4,6085
5,1412 5,2831
353 20:08
4,4010 4,4978
4,0078 4,1116
4,5323 4,6085
5,1412 5,2831
354 20:09
4,4010 4,4978
4,0078 4,1116
4,5323 4,6085
5,1412 5,2831
355 20:10
4,4010 4,4978
4,0078 4,1116
4,5323 4,6085
5,1412 5,2831
356 20:11
4,4010 4,4978
4,0078 4,1116
4,5323 4,6085
5,1412 5,2831
357 20:12
4,4010 4,4978
4,0078 4,1116
4,5323 4,6085
5,1412 5,2831
358 20:13
4,4010 4,4978
4,0078 4,1116
4,5323 4,6085
5,1412 5,2831
359 20:14
4,4010 4,4978
4,0078 4,1116
4,5323 4,6085
5,1412 5,2831
360 20:15
4,4010 4,4978
4,0078 4,1116
4,5323 4,6085
5,1412 5,2831
361 20:16
4,4010 4,4978
4,0078 4,1116
4,5323 4,6085
5,1412 5,2831
362 20:17
4,4010 4,4978
4,0078 4,1116
4,5323 4,6085
5,1412 5,2831
363 20:18
4,4010 4,4978
4,0078 4,1116
4,5323 4,6085
5,1412 5,2831
364 20:19
4,4010 4,4978
4,0078 4,1116
4,5323 4,6085
5,1412 5,2831
365 20:20
4,4010 4,4978
4,0078 4,1116
4,5323 4,6085
5,1412 5,2831
366 20:21
4,4010 4,4978
4,0078 4,1116
4,5323 4,6085
5,1412 5,2831
367 20:22
4,4010 4,4978
4,0078 4,1116
4,5323 4,6085
5,1412 5,2831
368 20:23
4,4010 4,4978
4,0078 4,1116
4,5323 4,6085
5,1412 5,2831
369 20:24
4,4010 4,4978
4,0078 4,1116
4,5323 4,6085
5,1412 5,2831
370 20:25
4,4010 4,4978
4,0078 4,1116
4,5323 4,6085
5,1412 5,2831
371 20:26
4,4010 4,4978
4,0078 4,1116
4,5323 4,6085
5,1412 5,2831
372 20:27
4,4010 4,4978
4,0078 4,1116
4,5323 4,6085
5,1412 5,2831
373 20:28
4,4010 4,4978
4,0078 4,1116
4,5323 4,6085
5,1412 5,2831
374 20:29
4,4010 4,4978
4,0078 4,1116
4,5323 4,6085
5,1412 5,2831
375 20:30
4,4010 4,4978
4,0078 4,1116
4,5323 4,6085
5,1412 5,2831
376 20:31
4,4010 4,4978
4,0078 4,1116
4,5323 4,6085
5,1412 5,2831
377 20:32
4,4010 4,4978
4,0078 4,1116
4,5323 4,6085
5,1412 5,2831
378 20:33
4,4010 4,4978
4,0078 4,1116
4,5323 4,6085
5,1412 5,2831
379 20:34
4,4010 4,4978
4,0078 4,1116
4,5323 4,6085
5,1412 5,2831
380 20:35
4,4010 4,4978
4,0078 4,1116
4,5323 4,6085
5,1412 5,2831
381 20:36
4,4010 4,4978
4,0078 4,1116
4,5323 4,6085
5,1412 5,2831
382 20:37
4,4010 4,4978
4,0078 4,1116
4,5323 4,6085
5,1412 5,2831
383 20:38
4,4010 4,4978
4,0078 4,1116
4,5323 4,6085
5,1412 5,2831
384 20:39
4,4010 4,4978
4,0078 4,1116
4,5323 4,6085
5,1412 5,2831
385 20:40
4,4010 4,4978
4,0078 4,1116
4,5323 4,6085
5,1412 5,2831
386 20:41
4,4010 4,4978
4,0078 4,1116
4,5323 4,6085
5,1412 5,2831
387 20:42
4,4010 4,4978
4,0078 4,1116
4,5323 4,6085
5,1412 5,2831
388 20:43
4,4010 4,4978
4,0078 4,1116
4,5323 4,6085
5,1412 5,2831
389 20:44
4,4010 4,4978
4,0078 4,1116
4,5323 4,6085
5,1412 5,2831
390 20:45
4,4010 4,4978
4,0078 4,1116
4,5323 4,6085
5,1412 5,2831
391 20:46
4,4010 4,4978
4,0078 4,1116
4,5323 4,6085
5,1412 5,2831
392 20:47
4,4010 4,4978
4,0078 4,1116
4,5323 4,6085
5,1412 5,2831
393 20:48
4,4010 4,4978
4,0078 4,1116
4,5323 4,6085
5,1412 5,2831
394 20:49
4,4010 4,4978
4,0078 4,1116
4,5323 4,6085
5,1412 5,2831
395 20:50
4,4010 4,4978
4,0078 4,1116
4,5323 4,6085
5,1412 5,2831
396 20:51
4,4010 4,4978
4,0078 4,1116
4,5323 4,6085
5,1412 5,2831
397 20:52
4,4010 4,4978
4,0078 4,1116
4,5323 4,6085
5,1412 5,2831
398 20:53
4,4010 4,4978
4,0078 4,1116
4,5323 4,6085
5,1412 5,2831
399 20:54
4,4010 4,4978
4,0078 4,1116
4,5323 4,6085
5,1412 5,2831
400 20:55
4,4010 4,4978
4,0078 4,1116
4,5323 4,6085
5,1412 5,2831
401 20:56
4,4010 4,4978
4,0078 4,1116
4,5323 4,6085
5,1412 5,2831
402 20:57
4,4010 4,4978
4,0078 4,1116
4,5323 4,6085
5,1412 5,2831
403 20:58
4,4010 4,4978
4,0078 4,1116
4,5323 4,6085
5,1412 5,2831
404 20:59
4,4010 4,4978
4,0078 4,1116
4,5323 4,6085
5,1412 5,2831
405 21:00
4,4010 4,4978
4,0078 4,1116
4,5323 4,6085
5,1412 5,2831
406 21:01
4,4010 4,4978
4,0078 4,1116
4,5323 4,6085
5,1412 5,2831
407 21:02
4,4010 4,4978
4,0078 4,1116
4,5323 4,6085
5,1412 5,2831
408 21:03
4,4010 4,4978
4,0078 4,1116
4,5323 4,6085
5,1412 5,2831
409 21:04
4,4010 4,4978
4,0078 4,1116
4,5323 4,6085
5,1412 5,2831
410 21:05
4,4010 4,4978
4,0078 4,1116
4,5323 4,6085
5,1412 5,2831
411 21:06
4,4010 4,4978
4,0078 4,1116
4,5323 4,6085
5,1412 5,2831
412 21:07
4,4010 4,4978
4,0078 4,1116
4,5323 4,6085
5,1412 5,2831
413 21:08
4,4010 4,4978
4,0078 4,1116
4,5323 4,6085
5,1412 5,2831
414 21:09
4,4010 4,4978
4,0078 4,1116
4,5323 4,6085
5,1412 5,2831
415 21:10
4,4010 4,4978
4,0078 4,1116
4,5323 4,6085
5,1412 5,2831
416 21:11
4,4010 4,4978
4,0078 4,1116
4,5323 4,6085
5,1412 5,2831
417 21:12
4,4010 4,4978
4,0078 4,1116
4,5323 4,6085
5,1412 5,2831
418 21:13
4,4010 4,4978
4,0078 4,1116
4,5323 4,6085
5,1412 5,2831
419 21:14
4,4010 4,4978
4,0078 4,1116
4,5323 4,6085
5,1412 5,2831
420 21:15
4,4010 4,4978
4,0078 4,1116
4,5323 4,6085
5,1412 5,2831
421 21:16
4,4010 4,4978
4,0078 4,1116
4,5323 4,6085
5,1412 5,2831
422 21:17
4,4010 4,4978
4,0078 4,1116
4,5323 4,6085
5,1412 5,2831
423 21:18
4,4010 4,4978
4,0078 4,1116
4,5323 4,6085
5,1412 5,2831
424 21:19
4,4010 4,4978
4,0078 4,1116
4,5323 4,6085
5,1412 5,2831
425 21:20
4,4010 4,4978
4,0078 4,1116
4,5323 4,6085
5,1412 5,2831
426 21:21
4,4010 4,4978
4,0078 4,1116
4,5323 4,6085
5,1412 5,2831
427 21:22
4,4010 4,4978
4,0078 4,1116
4,5323 4,6085
5,1412 5,2831
428 21:23
4,4010 4,4978
4,0078 4,1116
4,5323 4,6085
5,1412 5,2831
429 21:24
4,4010 4,4978
4,0078 4,1116
4,5323 4,6085
5,1412 5,2831
430 21:25
4,4010 4,4978
4,0078 4,1116
4,5323 4,6085
5,1412 5,2831
431 21:26
4,4010 4,4978
4,0078 4,1116
4,5323 4,6085
5,1412 5,2831
432 21:27
4,4010 4,4978
4,0078 4,1116
4,5323 4,6085
5,1412 5,2831
433 21:28
4,4010 4,4978
4,0078 4,1116
4,5323 4,6085
5,1412 5,2831
434 21:29
4,4010 4,4978
4,0078 4,1116
4,5323 4,6085
5,1412 5,2831
435 21:30
4,4010 4,4978
4,0078 4,1116
4,5323 4,6085
5,1412 5,2831
436 21:31
4,4010 4,4978
4,0078 4,1116
4,5323 4,6085
5,1412 5,2831
437 21:32
4,4010 4,4978
4,0078 4,1116
4,5323 4,6085
5,1412 5,2831
438 21:33
4,4010 4,4978
4,0078 4,1116
4,5323 4,6085
5,1412 5,2831
439 21:34
4,4010 4,4978
4,0078 4,1116
4,5323 4,6085
5,1412 5,2831
440 21:35
4,4010 4,4978
4,0078 4,1116
4,5323 4,6085
5,1412 5,2831
441 21:36
4,4010 4,4978
4,0078 4,1116
4,5323 4,6085
5,1412 5,2831
442 21:37
4,4010 4,4978
4,0078 4,1116
4,5323 4,6085
5,1412 5,2831
443 21:38
4,4010 4,4978
4,0078 4,1116
4,5323 4,6085
5,1412 5,2831
444 21:39
4,4010 4,4978
4,0078 4,1116
4,5323 4,6085
5,1412 5,2831
445 21:40
4,4010 4,4978
4,0078 4,1116
4,5323 4,6085
5,1412 5,2831
446 21:41
4,4010 4,4978
4,0078 4,1116
4,5323 4,6085
5,1412 5,2831
447 21:42
4,4010 4,4978
4,0078 4,1116
4,5323 4,6085
5,1412 5,2831
448 21:43
4,4010 4,4978
4,0078 4,1116
4,5323 4,6085
5,1412 5,2831
449 21:44
4,4010 4,4978
4,0078 4,1116
4,5323 4,6085
5,1412 5,2831
450 21:45
4,4010 4,4978
4,0078 4,1116
4,5323 4,6085
5,1412 5,2831
451 21:46
4,4010 4,4978
4,0078 4,1116
4,5323 4,6085
5,1412 5,2831
452 21:47
4,4010 4,4978
4,0078 4,1116
4,5323 4,6085
5,1412 5,2831
453 21:48
4,4010 4,4978
4,0078 4,1116
4,5323 4,6085
5,1412 5,2831
454 21:49
4,4010 4,4978
4,0078 4,1116
4,5323 4,6085
5,1412 5,2831
455 21:50
4,4010 4,4978
4,0078 4,1116
4,5323 4,6085
5,1412 5,2831
456 21:51
4,4010 4,4978
4,0078 4,1116
4,5323 4,6085
5,1412 5,2831
457 21:52
4,4010 4,4978
4,0078 4,1116
4,5323 4,6085
5,1412 5,2831
458 21:53
4,4010 4,4978
4,0078 4,1116
4,5323 4,6085
5,1412 5,2831
459 21:54
4,4010 4,4978
4,0078 4,1116
4,5323 4,6085
5,1412 5,2831
460 21:55
4,4010 4,4978
4,0078 4,1116
4,5323 4,6085
5,1412 5,2831
461 21:56
4,4010 4,4978
4,0078 4,1116
4,5323 4,6085
5,1412 5,2831
462 21:57
4,4010 4,4978
4,0078 4,1116
4,5323 4,6085
5,1412 5,2831
463 21:58
4,4010 4,4978
4,0078 4,1116
4,5323 4,6085
5,1412 5,2831
464 21:59
4,4010 4,4978
4,0078 4,1116
4,5323 4,6085
5,1412 5,2831
465 22:00
4,4010 4,4978
4,0078 4,1116
4,5323 4,6085
5,1412 5,2831
466 22:01
4,4010 4,4978
4,0078 4,1116
4,5323 4,6085
5,1412 5,2831
467 22:02
4,4010 4,4978
4,0078 4,1116
4,5323 4,6085
5,1412 5,2831
468 22:03
4,4010 4,4978
4,0078 4,1116
4,5323 4,6085
5,1412 5,2831
469 22:04
4,4010 4,4978
4,0078 4,1116
4,5323 4,6085
5,1412 5,2831
470 22:05
4,4010 4,4978
4,0078 4,1116
4,5323 4,6085
5,1412 5,2831
471 22:06
4,4010 4,4978
4,0078 4,1116
4,5323 4,6085
5,1412 5,2831
472 22:07
4,4010 4,4978
4,0078 4,1116
4,5323 4,6085
5,1412 5,2831
473 22:08
4,4010 4,4978
4,0078 4,1116
4,5323 4,6085
5,1412 5,2831
474 22:09
4,4010 4,4978
4,0078 4,1116
4,5323 4,6085
5,1412 5,2831
475 22:10
4,4010 4,4978
4,0078 4,1116
4,5323 4,6085
5,1412 5,2831
476 22:11
4,4010 4,4978
4,0078 4,1116
4,5323 4,6085
5,1412 5,2831
477 22:12
4,4010 4,4978
4,0078 4,1116
4,5323 4,6085
5,1412 5,2831
478 22:13
4,4010 4,4978
4,0078 4,1116
4,5323 4,6085
5,1412 5,2831
479 22:14
4,4010 4,4978
4,0078 4,1116
4,5323 4,6085
5,1412 5,2831
480 22:15
4,4010 4,4978
4,0078 4,1116
4,5323 4,6085
5,1412 5,2831
481 22:16
4,4010 4,4978
4,0078 4,1116
4,5323 4,6085
5,1412 5,2831
482 22:17
4,4010 4,4978
4,0078 4,1116
4,5323 4,6085
5,1412 5,2831
483 22:18
4,4010 4,4978
4,0078 4,1116
4,5323 4,6085
5,1412 5,2831
484 22:19
4,4010 4,4978
4,0078 4,1116
4,5323 4,6085
5,1412 5,2831
485 22:20
4,4010 4,4978
4,0078 4,1116
4,5323 4,6085
5,1412 5,2831
486 22:21
4,4010 4,4978
4,0078 4,1116
4,5323 4,6085
5,1412 5,2831
487 22:22
4,4010 4,4978
4,0078 4,1116
4,5323 4,6085
5,1412 5,2831
488 22:23
4,4010 4,4978
4,0078 4,1116
4,5323 4,6085
5,1412 5,2831
489 22:24
4,4010 4,4978
4,0078 4,1116
4,5323 4,6085
5,1412 5,2831
490 22:25
4,4010 4,4978
4,0078 4,1116
4,5323 4,6085
5,1412 5,2831
491 22:26
4,4010 4,4978
4,0078 4,1116
4,5323 4,6085
5,1412 5,2831
492 22:27
4,4010 4,4978
4,0078 4,1116
4,5323 4,6085
5,1412 5,2831
493 22:28
4,4010 4,4978
4,0078 4,1116
4,5323 4,6085
5,1412 5,2831
494 22:29
4,4010 4,4978
4,0078 4,1116
4,5323 4,6085
5,1412 5,2831
495 22:30
4,4010 4,4978
4,0078 4,1116
4,5323 4,6085
5,1412 5,2831
496 22:31
4,4010 4,4978
4,0078 4,1116
4,5323 4,6085
5,1412 5,2831
497 22:32
4,4010 4,4978
4,0078 4,1116
4,5323 4,6085
5,1412 5,2831
498 22:33
4,4010 4,4978
4,0078 4,1116
4,5323 4,6085
5,1412 5,2831
499 22:34
4,4010 4,4978
4,0078 4,1116
4,5323 4,6085
5,1412 5,2831
500 22:35
4,4010 4,4978
4,0078 4,1116
4,5323 4,6085
5,1412 5,2831
501 22:36
4,4010 4,4978
4,0078 4,1116
4,5323 4,6085
5,1412 5,2831
502 22:37
4,4010 4,4978
4,0078 4,1116
4,5323 4,6085
5,1412 5,2831
503 22:38
4,4010 4,4978
4,0078 4,1116
4,5323 4,6085
5,1412 5,2831
504 22:39
4,4010 4,4978
4,0078 4,1116
4,5323 4,6085
5,1412 5,2831
505 22:40
4,4010 4,4978
4,0078 4,1116
4,5323 4,6085
5,1412 5,2831
506 22:41
4,4010 4,4978
4,0078 4,1116
4,5323 4,6085
5,1412 5,2831
507 22:42
4,4010 4,4978
4,0078 4,1116
4,5323 4,6085
5,1412 5,2831
508 22:43
4,4010 4,4978
4,0078 4,1116
4,5323 4,6085
5,1412 5,2831
509 22:44
4,4010 4,4978
4,0078 4,1116
4,5323 4,6085
5,1412 5,2831
510 22:45
4,4010 4,4978
4,0078 4,1116
4,5323 4,6085
5,1412 5,2831
511 22:46
4,4010 4,4978
4,0078 4,1116
4,5323 4,6085
5,1412 5,2831
512 22:47
4,4010 4,4978
4,0078 4,1116
4,5323 4,6085
5,1412 5,2831
513 22:48
4,4010 4,4978
4,0078 4,1116
4,5323 4,6085
5,1412 5,2831
514 22:49
4,4010 4,4978
4,0078 4,1116
4,5323 4,6085
5,1412 5,2831
515 22:50
4,4010 4,4978
4,0078 4,1116
4,5323 4,6085
5,1412 5,2831
516 22:51
4,4010 4,4978
4,0078 4,1116
4,5323 4,6085
5,1412 5,2831
517 22:52
4,4010 4,4978
4,0078 4,1116
4,5323 4,6085
5,1412 5,2831
518 22:53
4,4010 4,4978
4,0078 4,1116
4,5323 4,6085
5,1412 5,2831
519 22:54
4,4010 4,4978
4,0078 4,1116
4,5323 4,6085
5,1412 5,2831
520 22:55
4,4010 4,4978
4,0078 4,1116
4,5323 4,6085
5,1412 5,2831
521 22:56
4,4010 4,4978
4,0078 4,1116
4,5323 4,6085
5,1412 5,2831
522 22:57
4,4010 4,4978
4,0078 4,1116
4,5323 4,6085
5,1412 5,2831
523 22:58
4,4010 4,4978
4,0078 4,1116
4,5323 4,6085
5,1412 5,2831
524 22:59
4,4010 4,4978
4,0078 4,1116
4,5323 4,6085
5,1412 5,2831
525 23:00
4,4010 4,4978
4,0078 4,1116
4,5323 4,6085
5,1412 5,2831
526 23:01
4,4010 4,4978
4,0078 4,1116
4,5323 4,6085
5,1412 5,2831
527 23:02
4,4010 4,4978
4,0078 4,1116
4,5323 4,6085
5,1412 5,2831
528 23:03
4,4010 4,4978
4,0078 4,1116
4,5323 4,6085
5,1412 5,2831
529 23:04
4,4010 4,4978
4,0078 4,1116
4,5323 4,6085
5,1412 5,2831
530 23:05
4,4010 4,4978
4,0078 4,1116
4,5323 4,6085
5,1412 5,2831
531 23:06
4,4010 4,4978
4,0078 4,1116
4,5323 4,6085
5,1412 5,2831
532 23:07
4,4010 4,4978
4,0078 4,1116
4,5323 4,6085
5,1412 5,2831
533 23:08
4,4010 4,4978
4,0078 4,1116
4,5323 4,6085
5,1412 5,2831
534 23:09
4,4010 4,4978
4,0078 4,1116
4,5323 4,6085
5,1412 5,2831
535 23:10
4,4010 4,4978
4,0078 4,1116
4,5323 4,6085
5,1412 5,2831
536 23:11
4,4010 4,4978
4,0078 4,1116
4,5323 4,6085
5,1412 5,2831
537 23:12
4,4010 4,4978
4,0078 4,1116
4,5323 4,6085
5,1412 5,2831
538 23:13
4,4010 4,4978
4,0078 4,1116
4,5323 4,6085
5,1412 5,2831
539 23:14
4,4010 4,4978
4,0078 4,1116
4,5323 4,6085
5,1412 5,2831
540 23:15
4,4010 4,4978
4,0078 4,1116
4,5323 4,6085
5,1412 5,2831
541 23:16
4,4010 4,4978
4,0078 4,1116
4,5323 4,6085
5,1412 5,2831
542 23:17
4,4010 4,4978
4,0078 4,1116
4,5323 4,6085
5,1412 5,2831
543 23:18
4,4010 4,4978
4,0078 4,1116
4,5323 4,6085
5,1412 5,2831
544 23:19
4,4010 4,4978
4,0078 4,1116
4,5323 4,6085
5,1412 5,2831
545 23:20
4,4010 4,4978
4,0078 4,1116
4,5323 4,6085
5,1412 5,2831
546 23:21
4,4010 4,4978
4,0078 4,1116
4,5323 4,6085
5,1412 5,2831
547 23:22
4,4010 4,4978
4,0078 4,1116
4,5323 4,6085
5,1412 5,2831
548 23:23
4,4010 4,4978
4,0078 4,1116
4,5323 4,6085
5,1412 5,2831
549 23:24
4,4010 4,4978
4,0078 4,1116
4,5323 4,6085
5,1412 5,2831
550 23:25
4,4010 4,4978
4,0078 4,1116
4,5323 4,6085
5,1412 5,2831
551 23:26
4,4010 4,4978
4,0078 4,1116
4,5323 4,6085
5,1412 5,2831
552 23:27
4,4010 4,4978
4,0078 4,1116
4,5323 4,6085
5,1412 5,2831
553 23:28
4,4010 4,4978
4,0078 4,1116
4,5323 4,6085
5,1412 5,2831
554 23:29
4,4010 4,4978
4,0078 4,1116
4,5323 4,6085
5,1412 5,2831
555 23:30
4,4010 4,4978
4,0078 4,1116
4,5323 4,6085
5,1412 5,2831
556 23:31
4,4010 4,4978
4,0078 4,1116
4,5323 4,6085
5,1412 5,2831
557 23:32
4,4010 4,4978
4,0078 4,1116
4,5323 4,6085
5,1412 5,2831
558 23:33
4,4010 4,4978
4,0078 4,1116
4,5323 4,6085
5,1412 5,2831
559 23:34
4,4010 4,4978
4,0078 4,1116
4,5323 4,6085
5,1412 5,2831
560 23:35
4,4010 4,4978
4,0078 4,1116
4,5323 4,6085
5,1412 5,2831
561 23:36
4,4010 4,4978
4,0078 4,1116
4,5323 4,6085
5,1412 5,2831
562 23:37
4,4010 4,4978
4,0078 4,1116
4,5323 4,6085
5,1412 5,2831
563 23:38
4,4010 4,4978
4,0078 4,1116
4,5323 4,6085
5,1412 5,2831
564 23:39
4,4010 4,4978
4,0078 4,1116
4,5323 4,6085
5,1412 5,2831
565 23:40
4,4010 4,4978
4,0078 4,1116
4,5323 4,6085
5,1412 5,2831
566 23:41
4,4010 4,4978
4,0078 4,1116
4,5323 4,6085
5,1412 5,2831
567 23:42
4,4010 4,4978
4,0078 4,1116
4,5323 4,6085
5,1412 5,2831
568 23:43
4,4010 4,4978
4,0078 4,1116
4,5323 4,6085
5,1412 5,2831
569 23:44
4,4010 4,4978
4,0078 4,1116
4,5323 4,6085
5,1412 5,2831
570 23:45
4,4010 4,4978
4,0078 4,1116
4,5323 4,6085
5,1412 5,2831
571 23:46
4,4010 4,4978
4,0078 4,1116
4,5323 4,6085
5,1412 5,2831
572 23:47
4,4010 4,4978
4,0078 4,1116
4,5323 4,6085
5,1412 5,2831
573 23:48
4,4010 4,4978
4,0078 4,1116
4,5323 4,6085
5,1412 5,2831
574 23:49
4,4010 4,4978
4,0078 4,1116
4,5323 4,6085
5,1412 5,2831
575 23:50
4,4010 4,4978
4,0078 4,1116
4,5323 4,6085
5,1412 5,2831
576 23:51
4,4010 4,4978
4,0078 4,1116
4,5323 4,6085
5,1412 5,2831
577 23:52
4,4010 4,4978
4,0078 4,1116
4,5323 4,6085
5,1412 5,2831
578 23:53
4,4010 4,4978
4,0078 4,1116
4,5323 4,6085
5,1412 5,2831
579 23:54
4,4010 4,4978
4,0078 4,1116
4,5323 4,6085
5,1412 5,2831
580 23:55
4,4010 4,4978
4,0078 4,1116
4,5323 4,6085
5,1412 5,2831
581 23:56
4,4010 4,4978
4,0078 4,1116
4,5323 4,6085
5,1412 5,2831
582 23:57
4,4010 4,4978
4,0078 4,1116
4,5323 4,6085
5,1412 5,2831
583 23:58
4,4010 4,4978
4,0078 4,1116
4,5323 4,6085
5,1412 5,2831
584 23:59
4,4010 4,4978
4,0078 4,1116
4,5323 4,6085
5,1412 5,2831
585 00:00
4,4010 4,4978
4,0078 4,1116
4,5323 4,6085
5,1412 5,2831
586 00:01
4,4010 4,4978
4,0078 4,1116
4,5323 4,6085
5,1412 5,2831
587 00:02
4,4010 4,4978
4,0078 4,1116
4,5323 4,6085
5,1412 5,2831
588 00:03
4,4010 4,4978
4,0078 4,1116
4,5323 4,6085
5,1412 5,2831
589 00:04
4,4010 4,4978
4,0078 4,1116
4,5323 4,6085
5,1412 5,2831
590 00:05
4,4010 4,4978
4,0078 4,1116
4,5323 4,6085
5,1412 5,2831
591 00:06
4,4010 4,4978
4,0078 4,1116
4,5323 4,6085
5,1412 5,2831
592 00:07
4,4010 4,4978
4,0078 4,1116
4,5323 4,6085
5,1412 5,2831
593 00:08
4,4010 4,4978
4,0078 4,1116
4,5323 4,6085
5,1412 5,2831
594 00:09
4,4010 4,4978
4,0078 4,1116
4,5323 4,6085
5,1412 5,2831
595 00:10
4,4010 4,4978
4,0078 4,1116
4,5323 4,6085
5,1412 5,2831
596 00:11
4,4010 4,4978
4,0078 4,1116
4,5323 4,6085
5,1412 5,2831
597 00:12
4,4010 4,4978
4,0078 4,1116
4,5323 4,6085
5,1412 5,2831
598 00:13
4,4010 4,4978
4,0078 4,1116
4,5323 4,6085
5,1412 5,2831
599 00:14
4,4010 4,4978
4,0078 4,1116
4,5323 4,6085
5,1412 5,2831
600 00:15
4,4010 4,4978
4,0078 4,1116
4,5323 4,6085
5,1412 5,2831
601 00:16
4,4010 4,4978
4,0078 4,1116
4,5323 4,6085
5,1412 5,2831
602 00:17
4,4010 4,4978
4,0078 4,1116
4,5323 4,6085
5,1412 5,2831
603 00:18
4,4010 4,4978
4,0078 4,1116
4,5323 4,6085
5,1412 5,2831
604 00:19
4,4010 4,4978
4,0078 4,1116
4,5323 4,6085
5,1412 5,2831
605 00:20
4,4010 4,4978
4,0078 4,1116
4,5323 4,6085
5,1412 5,2831
606 00:21
4,4010 4,4978
4,0078 4,1116
4,5323 4,6085
5,1412 5,2831
607 00:22
4,4010 4,4978
4,0078 4,1116
4,5323 4,6085
5,1412 5,2831
608 00:23
4,4010 4,4978
4,0078 4,1116
4,5323 4,6085
5,1412 5,2831
609 00:24
4,4010 4,4978
4,0078 4,1116
4,5323 4,6085
5,1412 5,2831
610 00:25
4,4010 4,4978
4,0078 4,1116
4,5323 4,6085
5,1412 5,2831
611 00:26
4,4010 4,4978
4,0078 4,1116
4,5323 4,6085
5,1412 5,2831
612 00:27
4,4010 4,4978
4,0078 4,1116
4,5323 4,6085
5,1412 5,2831
613 00:28
4,4010 4,4978
4,0078 4,1116
4,5323 4,6085
5,1412 5,2831
614 00:29
4,4010 4,4978
4,0078 4,1116
4,5323 4,6085
5,1412 5,2831
615 00:30
Definite connection error