#======================
2023-5-22
# 1.EUR, 2.USD, 3.CHF, 4.GBP
Sell Price, Buy Price
1 21:29
4,4829 4,5177
4,1440 4,1792
4,6171 4,6530
5,1574 5,1934
2 21:30
4,4840 4,5162
4,1454 4,1777
4,6183 4,6511
5,1592 5,1924
3 21:31
4,4840 4,5162
4,1457 4,1779
4,6186 4,6514
5,1595 5,1927
4 21:32
4,4850 4,5172
4,1466 4,1788
4,6193 4,6521
5,1603 5,1935
5 21:33
4,4847 4,5169
4,1460 4,1782
4,6193 4,6521
5,1600 5,1932
6 21:34
4,4847 4,5169
4,1460 4,1782
4,6193 4,6521
5,1600 5,1932
7 21:35
4,4847 4,5169
4,1459 4,1781
4,6192 4,6520
5,1605 5,1937
8 21:36
4,4847 4,5169
4,1459 4,1781
4,6192 4,6520
5,1599 5,1931
9 21:37
4,4847 4,5169
4,1465 4,1787
4,6195 4,6523
5,1604 5,1936
#======================
2023-5-22
# 1.EUR, 2.USD, 3.CHF, 4.GBP
Sell Price, Buy Price
