#======================
2023-5-24
# 1.EUR, 2.USD, 3.CHF, 4.GBP
Sell Price, Buy Price
1 09:01
4,4737 4,5059
4,1499 4,1820
4,6018 4,6346
5,1675 5,2007
2 09:02
4,4737 4,5059
4,1499 4,1820
4,6013 4,6341
5,1676 5,2008
3 09:03
4,4739 4,5061
4,1501 4,1822
4,6017 4,6345
5,1681 5,2013
4 09:04
4,4721 4,5043
4,1484 4,1805
4,6001 4,6329
5,1651 5,1983
5 09:05
4,4717 4,5039
4,1491 4,1812
4,6002 4,6330
5,1647 5,1979
6 09:06
4,4721 4,5043
4,1490 4,1811
4,6011 4,6339
5,1645 5,1979
7 09:07
4,4721 4,5043
4,1490 4,1811
4,6011 4,6339
5,1637 5,1971
8 09:08
4,4721 4,5043
4,1490 4,1811
4,6011 4,6339
5,1633 5,1967
9 09:09
4,4729 4,5051
4,1492 4,1813
4,6024 4,6352
5,1642 5,1976
10 09:10
4,4732 4,5054
4,1495 4,1816
4,6027 4,6355
5,1646 5,1980
11 09:11
4,4732 4,5054
4,1495 4,1816
4,6022 4,6350
5,1646 5,1978
12 09:12
4,4739 4,5061
4,1501 4,1822
4,6034 4,6362
5,1658 5,1990
13 09:31
4,4763 4,5085
4,1533 4,1854
4,6070 4,6398
5,1625 5,1957
14 09:32
4,4792 4,5114
4,1560 4,1881
4,6091 4,6419
5,1662 5,1994
15 09:33
4,4804 4,5126
4,1571 4,1892
4,6103 4,6431
5,1676 5,2008
16 09:34
4,4807 4,5129
4,1595 4,1916
4,6106 4,6434
5,1691 5,2023
17 09:35
4,4807 4,5129
4,1595 4,1916
4,6120 4,6448
5,1688 5,2020
18 09:36
4,4807 4,5129
4,1588 4,1909
4,6121 4,6449
5,1694 5,2026
19 09:37
4,4807 4,5129
4,1588 4,1909
4,6118 4,6446
5,1704 5,2036
20 09:38
4,4811 4,5133
4,1580 4,1901
4,6127 4,6455
5,1705 5,2037
21 09:39
4,4811 4,5133
4,1574 4,1895
4,6127 4,6455
5,1714 5,2046
22 09:40
4,4811 4,5133
4,1572 4,1893
4,6127 4,6455
5,1711 5,2043
23 09:41
4,4811 4,5133
4,1572 4,1893
4,6118 4,6446
5,1660 5,1992
24 09:42
4,4811 4,5133
4,1572 4,1893
4,6115 4,6443
5,1674 5,2006
25 09:43
4,4811 4,5133
4,1572 4,1893
4,6118 4,6446
5,1683 5,2015
26 09:44
4,4811 4,5133
4,1572 4,1893
4,6118 4,6446
5,1668 5,2000
27 09:45
4,4801 4,5123
4,1541 4,1862
4,6107 4,6435
5,1631 5,1963
28 09:46
4,4790 4,5112
4,1543 4,1864
4,6096 4,6424
5,1618 5,1950
29 09:47
4,4769 4,5091
4,1523 4,1844
4,6074 4,6402
5,1594 5,1926
30 09:48
4,4769 4,5091
4,1523 4,1844
4,6074 4,6402
5,1547 5,1879
31 09:49
4,4769 4,5091
4,1527 4,1848
4,6074 4,6402
5,1546 5,1878
32 09:50
4,4769 4,5091
4,1521 4,1842
4,6074 4,6402
5,1546 5,1878
33 09:51
4,4671 4,4993
4,1430 4,1751
4,5966 4,6294
5,1438 5,1770
34 09:52
4,4649 4,4971
4,1410 4,1731
4,5943 4,6271
5,1408 5,1740
35 09:53
4,4620 4,4942
4,1381 4,1702
4,5914 4,6242
5,1377 5,1709
36 09:54
4,4620 4,4942
4,1385 4,1706
4,5914 4,6242
5,1377 5,1709
37 09:55
4,4620 4,4942
4,1385 4,1706
4,5914 4,6242
5,1368 5,1700
38 09:56
4,4625 4,4947
4,1386 4,1707
4,5919 4,6247
5,1368 5,1701
39 09:57
4,4635 4,4957
4,1395 4,1716
4,5929 4,6257
5,1379 5,1712
40 09:58
4,4632 4,4954
4,1382 4,1703
4,5926 4,6254
5,1392 5,1725
41 09:59
4,4621 4,4943
4,1372 4,1693
4,5912 4,6240
5,1381 5,1714
42 10:00
4,4615 4,4937
4,1367 4,1688
4,5906 4,6234
5,1365 5,1698
43 10:01
4,4615 4,4937
4,1367 4,1688
4,5906 4,6234
5,1377 5,1710
44 10:02
4,4612 4,4934
4,1364 4,1685
4,5908 4,6236
5,1377 5,1710
45 10:03
4,4612 4,4934
4,1364 4,1685
4,5908 4,6236
5,1377 5,1710
46 10:04
4,4613 4,4935
4,1365 4,1686
4,5909 4,6237
5,1381 5,1714
47 10:05
4,4612 4,4934
4,1366 4,1687
4,5908 4,6236
5,1383 5,1716
48 10:06
4,4616 4,4938
4,1368 4,1689
4,5909 4,6237
5,1387 5,1720
49 10:07
4,4616 4,4938
4,1356 4,1677
4,5909 4,6237
5,1396 5,1729
50 10:08
4,4616 4,4938
4,1356 4,1677
4,5909 4,6237
5,1396 5,1729
51 10:09
4,4622 4,4944
4,1362 4,1683
4,5911 4,6239
5,1404 5,1737
52 10:10
4,4622 4,4944
4,1347 4,1668
4,5911 4,6239
5,1392 5,1725
53 10:11
4,4634 4,4956
4,1350 4,1671
4,5923 4,6251
5,1406 5,1738
54 10:12
4,4634 4,4956
4,1350 4,1671
4,5923 4,6251
5,1420 5,1752
55 10:13
4,4650 4,4972
4,1374 4,1695
4,5939 4,6267
5,1437 5,1769
56 10:14
4,4650 4,4972
4,1380 4,1701
4,5939 4,6267
5,1437 5,1769
57 10:15
4,4643 4,4965
4,1374 4,1695
4,5937 4,6265
5,1422 5,1754
58 10:16
4,4654 4,4976
4,1392 4,1713
4,5955 4,6283
5,1452 5,1784
59 10:17
4,4654 4,4976
4,1394 4,1715
4,5956 4,6284
5,1451 5,1783
60 10:18
4,4639 4,4961
4,1380 4,1701
4,5940 4,6268
5,1434 5,1766
61 10:19
4,4641 4,4963
4,1391 4,1712
4,5940 4,6268
5,1442 5,1774
62 10:20
4,4641 4,4963
4,1387 4,1708
4,5943 4,6271
5,1442 5,1774
63 10:21
4,4642 4,4964
4,1396 4,1717
4,5946 4,6274
5,1443 5,1775
64 10:22
4,4642 4,4964
4,1396 4,1717
4,5946 4,6274
5,1462 5,1794
65 10:23
4,4637 4,4959
4,1391 4,1712
4,5946 4,6274
5,1456 5,1788
66 10:24
4,4637 4,4959
4,1387 4,1708
4,5946 4,6274
5,1468 5,1800
67 10:25
4,4637 4,4959
4,1385 4,1706
4,5948 4,6276
5,1468 5,1800
68 10:26
4,4637 4,4959
4,1385 4,1706
4,5948 4,6276
5,1462 5,1794
69 10:27
4,4637 4,4959
4,1395 4,1716
4,5948 4,6276
5,1462 5,1794
70 10:28
4,4613 4,4935
4,1373 4,1694
4,5921 4,6249
5,1421 5,1753
71 10:29
4,4618 4,4940
4,1377 4,1698
4,5926 4,6254
5,1429 5,1761
72 10:30
4,4621 4,4943
4,1380 4,1701
4,5931 4,6259
5,1438 5,1770
73 10:31
4,4621 4,4943
4,1386 4,1707
4,5931 4,6259
5,1435 5,1768
74 10:32
4,4625 4,4947
4,1386 4,1707
4,5936 4,6264
5,1440 5,1773
75 10:33
4,4627 4,4949
4,1384 4,1705
4,5933 4,6261
5,1454 5,1787
76 10:34
4,4627 4,4949
4,1386 4,1707
4,5933 4,6261
5,1454 5,1787
77 10:35
4,4628 4,4950
4,1398 4,1719
4,5932 4,6260
5,1455 5,1788
78 10:36
4,4628 4,4950
4,1393 4,1714
4,5932 4,6260
5,1455 5,1787
79 10:37
4,4627 4,4949
4,1392 4,1713
4,5931 4,6259
5,1469 5,1801
80 10:38
4,4633 4,4955
4,1397 4,1718
4,5937 4,6265
5,1479 5,1811
81 10:39
4,4633 4,4955
4,1397 4,1718
4,5922 4,6250
5,1471 5,1803
82 10:40
4,4637 4,4959
4,1401 4,1722
4,5927 4,6255
5,1471 5,1803
83 10:41
4,4637 4,4959
4,1411 4,1732
4,5922 4,6250
5,1477 5,1809
84 10:42
4,4637 4,4959
4,1411 4,1732
4,5922 4,6250
5,1477 5,1809
85 10:43
4,4630 4,4952
4,1394 4,1715
4,5917 4,6245
5,1469 5,1801
86 10:44
4,4630 4,4952
4,1394 4,1715
4,5919 4,6247
5,1474 5,1806
87 10:45
4,4618 4,4940
4,1398 4,1719
4,5902 4,6230
5,1460 5,1792
88 10:46
4,4623 4,4946
4,1405 4,1726
4,5907 4,6235
5,1467 5,1799
89 10:47
4,4627 4,4950
4,1397 4,1718
4,5911 4,6239
5,1472 5,1804
90 10:48
4,4628 4,4951
4,1400 4,1721
4,5901 4,6229
5,1470 5,1802
91 10:49
4,4628 4,4951
4,1400 4,1721
4,5901 4,6229
5,1470 5,1802
92 10:50
4,4625 4,4948
4,1397 4,1718
4,5898 4,6226
5,1466 5,1798
93 10:51
4,4625 4,4947
4,1397 4,1718
4,5898 4,6226
5,1466 5,1798
94 10:52
4,4625 4,4947
4,1397 4,1718
4,5898 4,6226
5,1469 5,1801
95 10:53
4,4625 4,4947
4,1397 4,1718
4,5904 4,6232
5,1460 5,1792
96 10:54
4,4626 4,4948
4,1398 4,1719
4,5908 4,6236
5,1462 5,1794
97 10:55
4,4626 4,4948
4,1394 4,1715
4,5918 4,6246
5,1462 5,1794
98 10:56
4,4631 4,4954
4,1397 4,1718
4,5923 4,6251
5,1467 5,1799
99 10:57
4,4632 4,4955
4,1396 4,1717
4,5924 4,6252
5,1468 5,1800
100 10:58
4,4632 4,4955
4,1400 4,1721
4,5924 4,6252
5,1471 5,1803
101 10:59
4,4632 4,4955
4,1400 4,1721
4,5907 4,6235
5,1465 5,1797
102 11:00
4,4635 4,4958
4,1413 4,1734
4,5917 4,6245
5,1469 5,1801
103 11:01
4,4635 4,4957
4,1411 4,1732
4,5917 4,6245
5,1469 5,1801
104 11:02
4,4635 4,4957
4,1411 4,1732
4,5917 4,6245
5,1469 5,1801
105 11:03
4,4639 4,4961
4,1409 4,1730
4,5922 4,6250
5,1474 5,1806
106 11:04
4,4639 4,4961
4,1409 4,1730
4,5922 4,6250
5,1480 5,1812
107 11:05
4,4639 4,4961
4,1409 4,1730
4,5922 4,6250
5,1483 5,1815
108 11:06
4,4653 4,4975
4,1421 4,1742
4,5926 4,6254
5,1496 5,1828
109 11:07
4,4653 4,4975
4,1421 4,1742
4,5924 4,6252
5,1493 5,1825
110 11:08
4,4675 4,4997
4,1442 4,1763
4,5947 4,6275
5,1506 5,1838
111 11:09
4,4681 4,5003
4,1447 4,1768
4,5946 4,6274
5,1508 5,1840
112 11:10
4,4681 4,5003
4,1447 4,1768
4,5941 4,6269
5,1510 5,1842
113 11:11
4,4681 4,5003
4,1457 4,1778
4,5941 4,6269
5,1510 5,1842
114 11:12
4,4696 4,5018
4,1477 4,1798
4,5956 4,6284
5,1518 5,1850
115 11:13
4,4700 4,5022
4,1479 4,1800
4,5961 4,6289
5,1523 5,1855
116 11:14
4,4700 4,5022
4,1479 4,1800
4,5961 4,6289
5,1520 5,1852
117 11:15
4,4699 4,5021
4,1478 4,1799
4,5950 4,6278
5,1507 5,1839
118 11:16
4,4699 4,5021
4,1478 4,1799
4,5950 4,6278
5,1507 5,1839
119 11:17
4,4702 4,5024
4,1480 4,1801
4,5955 4,6283
5,1510 5,1842
120 11:18
4,4702 4,5024
4,1480 4,1801
4,5948 4,6276
5,1510 5,1842
121 11:19
4,4704 4,5026
4,1482 4,1803
4,5946 4,6274
5,1497 5,1829
122 11:20
4,4699 4,5021
4,1478 4,1799
4,5938 4,6266
5,1492 5,1824
123 11:21
4,4699 4,5021
4,1478 4,1799
4,5938 4,6266
5,1492 5,1824
124 11:22
4,4699 4,5021
4,1478 4,1799
4,5938 4,6266
5,1471 5,1803
125 11:23
4,4688 4,5010
4,1464 4,1785
4,5927 4,6255
5,1453 5,1785
126 11:24
4,4684 4,5006
4,1456 4,1777
4,5923 4,6251
5,1451 5,1783
127 11:25
4,4685 4,5007
4,1457 4,1778
4,5924 4,6252
5,1452 5,1784
128 11:26
4,4685 4,5007
4,1457 4,1778
4,5924 4,6252
5,1455 5,1787
129 11:27
4,4685 4,5007
4,1457 4,1778
4,5924 4,6252
5,1452 5,1784
130 11:28
4,4685 4,5007
4,1457 4,1778
4,5955 4,6283
5,1455 5,1787
131 11:29
4,4685 4,5007
4,1449 4,1770
4,5955 4,6283
5,1455 5,1787
132 11:30
4,4685 4,5007
4,1449 4,1770
4,5955 4,6283
5,1455 5,1787
133 11:31
4,4685 4,5007
4,1449 4,1770
4,5950 4,6278
5,1455 5,1787
134 11:32
4,4685 4,5007
4,1449 4,1770
4,5950 4,6278
5,1464 5,1796
135 11:33
4,4685 4,5007
4,1445 4,1766
4,5959 4,6287
5,1464 5,1796
136 11:34
4,4685 4,5007
4,1444 4,1765
4,5959 4,6287
5,1473 5,1805
137 11:35
4,4685 4,5007
4,1445 4,1766
4,5959 4,6287
5,1473 5,1805
138 11:36
4,4651 4,4973
4,1412 4,1733
4,5915 4,6243
5,1433 5,1765
139 11:37
4,4649 4,4971
4,1410 4,1731
4,5913 4,6241
5,1421 5,1753
140 11:38
4,4649 4,4971
4,1416 4,1737
4,5913 4,6241
5,1421 5,1753
141 11:39
4,4649 4,4971
4,1416 4,1737
4,5913 4,6241
5,1421 5,1753
142 11:40
4,4649 4,4971
4,1416 4,1737
4,5913 4,6241
5,1421 5,1753
143 11:41
4,4649 4,4971
4,1416 4,1737
4,5913 4,6241
5,1421 5,1753
144 11:42
4,4649 4,4971
4,1416 4,1737
4,5911 4,6239
5,1421 5,1753
145 11:43
4,4637 4,4959
4,1405 4,1726
4,5898 4,6226
5,1407 5,1739
146 11:44
4,4638 4,4960
4,1406 4,1727
4,5899 4,6227
5,1392 5,1724
147 11:45
4,4638 4,4960
4,1406 4,1727
4,5899 4,6227
5,1363 5,1695
148 11:46
4,4638 4,4960
4,1417 4,1738
4,5892 4,6220
5,1363 5,1695
149 11:47
4,4645 4,4967
4,1424 4,1745
4,5902 4,6230
5,1384 5,1716
150 11:48
4,4645 4,4967
4,1424 4,1745
4,5904 4,6232
5,1384 5,1716
151 11:49
4,4649 4,4971
4,1427 4,1748
4,5908 4,6236
5,1372 5,1704
152 11:50
4,4651 4,4973
4,1431 4,1752
4,5910 4,6238
5,1368 5,1700
153 11:51
4,4655 4,4977
4,1435 4,1756
4,5914 4,6242
5,1366 5,1698
154 11:52
4,4673 4,4995
4,1452 4,1773
4,5933 4,6261
5,1388 5,1720
155 11:53
4,4673 4,4995
4,1452 4,1773
4,5945 4,6273
5,1387 5,1719
156 11:54
4,4670 4,4992
4,1447 4,1768
4,5930 4,6258
5,1384 5,1716
157 11:55
4,4670 4,4992
4,1447 4,1768
4,5930 4,6258
5,1379 5,1711
158 11:56
4,4670 4,4992
4,1449 4,1770
4,5930 4,6258
5,1370 5,1702
159 11:57
4,4670 4,4992
4,1455 4,1776
4,5930 4,6258
5,1376 5,1708
160 11:58
4,4670 4,4992
4,1455 4,1776
4,5934 4,6262
5,1368 5,1700
161 11:59
4,4670 4,4992
4,1455 4,1776
4,5934 4,6262
5,1376 5,1708
162 12:00
4,4670 4,4992
4,1458 4,1779
4,5944 4,6272
5,1379 5,1711
163 12:01
4,4670 4,4992
4,1460 4,1781
4,5949 4,6277
5,1379 5,1711
164 12:02
4,4670 4,4992
4,1460 4,1781
4,5949 4,6277
5,1387 5,1719
165 12:03
4,4679 4,5001
4,1482 4,1803
4,5965 4,6293
5,1404 5,1736
166 12:04
4,4679 4,5001
4,1484 4,1805
4,5965 4,6293
5,1404 5,1736
167 12:05
4,4678 4,5000
4,1485 4,1806
4,5964 4,6292
5,1411 5,1743
168 12:06
4,4678 4,5000
4,1499 4,1820
4,5971 4,6299
5,1411 5,1743
169 12:07
4,4669 4,4991
4,1490 4,1811
4,5962 4,6290
5,1410 5,1742
170 12:08
4,4669 4,4991
4,1502 4,1823
4,5967 4,6295
5,1410 5,1742
171 12:09
4,4669 4,4991
4,1492 4,1813
4,5967 4,6295
5,1412 5,1744
172 12:10
4,4669 4,4991
4,1492 4,1813
4,5969 4,6297
5,1410 5,1742
173 12:11
4,4669 4,4992
4,1492 4,1813
4,5971 4,6299
5,1410 5,1742
174 12:12
4,4675 4,4998
4,1512 4,1833
4,5975 4,6303
5,1417 5,1749
175 12:13
4,4675 4,4998
4,1515 4,1836
4,5973 4,6301
5,1426 5,1758
176 12:14
4,4687 4,5010
4,1526 4,1847
4,5985 4,6313
5,1442 5,1774
177 12:15
4,4688 4,5011
4,1527 4,1848
4,5990 4,6318
5,1444 5,1776
178 12:16
4,4688 4,5010
4,1543 4,1864
4,5991 4,6319
5,1434 5,1766
179 12:17
4,4688 4,5010
4,1543 4,1864
4,5991 4,6319
5,1450 5,1782
180 12:18
4,4689 4,5011
4,1544 4,1865
4,5992 4,6320
5,1451 5,1783
181 12:19
4,4689 4,5011
4,1557 4,1878
4,6011 4,6339
5,1451 5,1783
182 12:20
4,4702 4,5024
4,1570 4,1891
4,6024 4,6352
5,1478 5,1810
183 12:21
4,4702 4,5024
4,1570 4,1891
4,6024 4,6352
5,1478 5,1810
184 12:22
4,4705 4,5027
4,1572 4,1893
4,6018 4,6346
5,1481 5,1813
185 12:23
4,4705 4,5027
4,1588 4,1909
4,6018 4,6346
5,1484 5,1816
186 12:24
4,4705 4,5027
4,1588 4,1909
4,6020 4,6348
5,1490 5,1822
187 12:25
4,4705 4,5027
4,1588 4,1909
4,6020 4,6348
5,1493 5,1825
188 12:26
4,4706 4,5028
4,1589 4,1910
4,6046 4,6374
5,1494 5,1826
189 12:27
4,4706 4,5028
4,1577 4,1898
4,6046 4,6374
5,1478 5,1810
190 12:28
4,4715 4,5037
4,1586 4,1907
4,6056 4,6384
5,1488 5,1820
191 12:29
4,4715 4,5037
4,1586 4,1907
4,6056 4,6384
5,1484 5,1816
192 12:30
4,4715 4,5037
4,1586 4,1907
4,6047 4,6375
5,1493 5,1825
193 12:31
4,4715 4,5037
4,1580 4,1901
4,6047 4,6375
5,1493 5,1825
194 12:32
4,4718 4,5040
4,1582 4,1903
4,6050 4,6378
5,1490 5,1822
195 12:33
4,4718 4,5040
4,1582 4,1903
4,6050 4,6378
5,1484 5,1816
196 12:34
4,4718 4,5040
4,1588 4,1909
4,6046 4,6374
5,1484 5,1816
197 12:35
4,4732 4,5054
4,1601 4,1922
4,6060 4,6388
5,1503 5,1835
198 12:36
4,4732 4,5054
4,1603 4,1924
4,6060 4,6388
5,1500 5,1833
199 12:37
4,4732 4,5054
4,1609 4,1930
4,6062 4,6390
5,1497 5,1830
200 12:38
4,4730 4,5052
4,1607 4,1928
4,6058 4,6386
5,1492 5,1825
201 12:39
4,4741 4,5063
4,1617 4,1938
4,6069 4,6397
5,1508 5,1841
202 12:40
4,4745 4,5067
4,1621 4,1942
4,6069 4,6397
5,1512 5,1845
203 12:41
4,4745 4,5067
4,1621 4,1942
4,6062 4,6390
5,1512 5,1844
204 12:42
4,4744 4,5066
4,1614 4,1935
4,6065 4,6393
5,1511 5,1843
205 12:43
4,4741 4,5063
4,1608 4,1929
4,6064 4,6392
5,1500 5,1832
206 12:44
4,4740 4,5062
4,1607 4,1928
4,6057 4,6385
5,1499 5,1831
207 12:45
4,4740 4,5062
4,1603 4,1924
4,6057 4,6385
5,1499 5,1831
208 12:46
4,4739 4,5062
4,1602 4,1923
4,6061 4,6389
5,1498 5,1831
209 12:47
4,4737 4,5060
4,1600 4,1921
4,6058 4,6386
5,1491 5,1824
210 12:48
4,4737 4,5060
4,1616 4,1937
4,6053 4,6381
5,1491 5,1824
211 12:49
4,4737 4,5060
4,1616 4,1937
4,6053 4,6381
5,1494 5,1827
212 12:50
4,4737 4,5060
4,1616 4,1937
4,6053 4,6381
5,1488 5,1821
213 12:51
4,4721 4,5043
4,1585 4,1906
4,6037 4,6365
5,1467 5,1800
214 12:52
4,4721 4,5043
4,1585 4,1906
4,6034 4,6362
5,1467 5,1800
215 12:53
4,4719 4,5041
4,1583 4,1904
4,6032 4,6360
5,1465 5,1798
216 12:54
4,4719 4,5041
4,1578 4,1899
4,6032 4,6360
5,1465 5,1798
217 12:55
4,4710 4,5032
4,1569 4,1890
4,6023 4,6351
5,1472 5,1805
218 12:56
4,4710 4,5032
4,1569 4,1890
4,6023 4,6351
5,1472 5,1804
219 12:57
4,4710 4,5032
4,1569 4,1890
4,6025 4,6353
5,1472 5,1804
220 12:58
4,4703 4,5025
4,1562 4,1883
4,6016 4,6344
5,1464 5,1796
221 12:59
4,4703 4,5025
4,1572 4,1893
4,6016 4,6344
5,1476 5,1808
222 13:00
4,4703 4,5025
4,1572 4,1893
4,6016 4,6344
5,1476 5,1808
223 13:01
4,4714 4,5036
4,1583 4,1904
4,6027 4,6355
5,1489 5,1821
224 13:02
4,4714 4,5036
4,1583 4,1904
4,6027 4,6355
5,1489 5,1821
225 13:03
4,4716 4,5038
4,1585 4,1906
4,6027 4,6355
5,1497 5,1829
226 13:04
4,4716 4,5038
4,1571 4,1892
4,6027 4,6355
5,1496 5,1828
227 13:05
4,4714 4,5036
4,1569 4,1890
4,6022 4,6350
5,1493 5,1825
228 13:06
4,4712 4,5034
4,1567 4,1888
4,6025 4,6353
5,1477 5,1809
229 13:07
4,4710 4,5032
4,1565 4,1886
4,6023 4,6351
5,1475 5,1807
230 13:08
4,4710 4,5032
4,1558 4,1879
4,6021 4,6349
5,1475 5,1807
231 13:09
4,4717 4,5039
4,1564 4,1885
4,6026 4,6354
5,1483 5,1815
232 13:10
4,4717 4,5039
4,1568 4,1889
4,6026 4,6354
5,1483 5,1815
233 13:11
4,4717 4,5039
4,1560 4,1881
4,6026 4,6354
5,1480 5,1812
234 13:12
4,4712 4,5034
4,1552 4,1873
4,6020 4,6348
5,1459 5,1791
235 13:13
4,4712 4,5034
4,1552 4,1873
4,6020 4,6348
5,1457 5,1789
236 13:14
4,4712 4,5034
4,1536 4,1857
4,6020 4,6348
5,1457 5,1789
237 13:15
4,4712 4,5034
4,1540 4,1861
4,6020 4,6348
5,1457 5,1789
238 13:16
4,4712 4,5034
4,1542 4,1863
4,6020 4,6348
5,1457 5,1789
239 13:17
4,4712 4,5034
4,1542 4,1863
4,6023 4,6351
5,1480 5,1812
240 13:18
4,4712 4,5034
4,1542 4,1863
4,6023 4,6351
5,1480 5,1812
241 13:19
4,4712 4,5034
4,1542 4,1863
4,6020 4,6348
5,1477 5,1809
242 13:20
4,4722 4,5044
4,1536 4,1857
4,6031 4,6359
5,1492 5,1824
243 13:21
4,4723 4,5045
4,1537 4,1858
4,6032 4,6360
5,1493 5,1825
244 13:22
4,4724 4,5046
4,1536 4,1857
4,6033 4,6361
5,1494 5,1826
245 13:23
4,4724 4,5046
4,1534 4,1855
4,6033 4,6361
5,1494 5,1826
246 13:24
4,4724 4,5046
4,1534 4,1855
4,6028 4,6356
5,1494 5,1826
247 13:25
4,4739 4,5061
4,1548 4,1869
4,6039 4,6367
5,1491 5,1823
248 13:26
4,4739 4,5062
4,1544 4,1865
4,6039 4,6367
5,1491 5,1823
249 13:27
4,4742 4,5065
4,1543 4,1864
4,6049 4,6377
5,1494 5,1826
250 13:28
4,4743 4,5066
4,1544 4,1865
4,6050 4,6378
5,1495 5,1827
251 13:29
4,4741 4,5064
4,1542 4,1863
4,6048 4,6376
5,1493 5,1825
252 13:30
4,4741 4,5064
4,1546 4,1867
4,6046 4,6374
5,1493 5,1825
253 13:31
4,4741 4,5063
4,1544 4,1865
4,6045 4,6373
5,1493 5,1825
254 13:32
4,4737 4,5059
4,1540 4,1861
4,6042 4,6370
5,1489 5,1821
255 13:33
4,4736 4,5058
4,1539 4,1860
4,6041 4,6369
5,1481 5,1813
256 13:34
4,4736 4,5058
4,1539 4,1860
4,6040 4,6368
5,1481 5,1813
257 13:35
4,4737 4,5059
4,1542 4,1863
4,6041 4,6369
5,1482 5,1814
258 13:36
4,4731 4,5053
4,1533 4,1854
4,6028 4,6357
5,1471 5,1803
259 13:37
4,4732 4,5054
4,1533 4,1854
4,6029 4,6358
5,1479 5,1811
260 13:38
4,4729 4,5051
4,1531 4,1852
4,6021 4,6350
5,1479 5,1811
261 13:39
4,4728 4,5050
4,1534 4,1855
4,6020 4,6349
5,1478 5,1810
262 13:40
4,4728 4,5050
4,1520 4,1841
4,6018 4,6347
5,1462 5,1794
263 13:41
4,4729 4,5051
4,1521 4,1842
4,6019 4,6347
5,1464 5,1796
264 13:42
4,4733 4,5055
4,1525 4,1846
4,6011 4,6339
5,1464 5,1796
265 13:43
4,4734 4,5056
4,1526 4,1847
4,6012 4,6340
5,1467 5,1799
266 13:44
4,4761 4,5083
4,1550 4,1871
4,6030 4,6358
5,1500 5,1832
267 13:45
4,4761 4,5083
4,1535 4,1856
4,6030 4,6358
5,1492 5,1824
268 13:46
4,4769 4,5091
4,1542 4,1863
4,6038 4,6366
5,1494 5,1826
269 13:47
4,4769 4,5091
4,1552 4,1873
4,6019 4,6347
5,1492 5,1824
270 13:48
4,4761 4,5083
4,1545 4,1866
4,6011 4,6339
5,1483 5,1815
271 13:49
4,4767 4,5089
4,1551 4,1872
4,6018 4,6346
5,1499 5,1831
272 13:50
4,4770 4,5092
4,1557 4,1878
4,6025 4,6353
5,1502 5,1834
273 13:51
4,4783 4,5105
4,1569 4,1890
4,6036 4,6364
5,1526 5,1858
274 13:52
4,4783 4,5105
4,1569 4,1890
4,6038 4,6366
5,1538 5,1870
275 13:53
4,4783 4,5105
4,1580 4,1901
4,6038 4,6366
5,1541 5,1873
276 13:54
4,4783 4,5105
4,1578 4,1899
4,6038 4,6366
5,1544 5,1876
277 13:55
4,4781 4,5103
4,1573 4,1894
4,6037 4,6365
5,1533 5,1865
278 13:56
4,4786 4,5108
4,1566 4,1887
4,6040 4,6370
5,1538 5,1870
279 13:57
4,4786 4,5108
4,1566 4,1887
4,6041 4,6371
5,1538 5,1870
280 13:58
4,4808 4,5130
4,1586 4,1907
4,6063 4,6393
5,1563 5,1895
281 13:59
4,4808 4,5130
4,1578 4,1899
4,6058 4,6388
5,1560 5,1892
282 14:00
4,4808 4,5130
4,1578 4,1899
4,6058 4,6388
5,1560 5,1892
283 14:01
4,4808 4,5130
4,1578 4,1899
4,6059 4,6387
5,1551 5,1883
284 14:02
4,4755 4,5077
4,1512 4,1833
4,6005 4,6333
5,1491 5,1823
285 14:03
4,4755 4,5077
4,1512 4,1833
4,6005 4,6333
5,1491 5,1823
286 14:04
4,4768 4,5090
4,1524 4,1845
4,6019 4,6347
5,1496 5,1828
287 14:05
4,4763 4,5085
4,1493 4,1814
4,6013 4,6341
5,1488 5,1820
288 14:06
4,4769 4,5091
4,1500 4,1821
4,6020 4,6348
5,1495 5,1827
289 14:07
4,4769 4,5091
4,1500 4,1821
4,6012 4,6340
5,1495 5,1827
290 14:08
4,4769 4,5091
4,1510 4,1831
4,6012 4,6340
5,1489 5,1821
291 14:09
4,4769 4,5091
4,1514 4,1835
4,6008 4,6336
5,1486 5,1818
292 14:10
4,4769 4,5091
4,1508 4,1829
4,6005 4,6333
5,1486 5,1818
293 14:11
4,4769 4,5091
4,1510 4,1831
4,5998 4,6326
5,1486 5,1818
294 14:12
4,4769 4,5091
4,1510 4,1831
4,5998 4,6326
5,1483 5,1815
295 14:13
4,4769 4,5091
4,1510 4,1831
4,5998 4,6326
5,1486 5,1818
296 14:14
4,4717 4,5039
4,1458 4,1779
4,5945 4,6273
5,1427 5,1759
297 14:15
4,4717 4,5039
4,1460 4,1781
4,5945 4,6273
5,1427 5,1759
298 14:16
4,4716 4,5038
4,1459 4,1780
4,5943 4,6273
5,1426 5,1758
299 14:17
4,4716 4,5038
4,1461 4,1782
4,5943 4,6273
5,1435 5,1767
300 14:18
4,4725 4,5047
4,1461 4,1782
4,5952 4,6282
5,1448 5,1780
301 14:19
4,4729 4,5051
4,1469 4,1790
4,5942 4,6272
5,1453 5,1785
302 14:20
4,4732 4,5054
4,1472 4,1793
4,5947 4,6277
5,1447 5,1779
303 14:21
4,4732 4,5055
4,1457 4,1778
4,5939 4,6267
5,1447 5,1779
304 14:22
4,4732 4,5055
4,1437 4,1758
4,5939 4,6267
5,1447 5,1779
305 14:23
4,4730 4,5053
4,1435 4,1756
4,5937 4,6265
5,1431 5,1763
306 14:24
4,4730 4,5053
4,1435 4,1756
4,5937 4,6265
5,1431 5,1763
307 14:25
4,4728 4,5051
4,1433 4,1754
4,5913 4,6241
5,1429 5,1761
308 14:26
4,4728 4,5050
4,1445 4,1766
4,5913 4,6241
5,1427 5,1759
309 14:27
4,4728 4,5050
4,1443 4,1764
4,5913 4,6241
5,1427 5,1759
310 14:28
4,4728 4,5050
4,1437 4,1758
4,5913 4,6241
5,1410 5,1742
311 14:29
4,4754 4,5076
4,1465 4,1786
4,5940 4,6268
5,1440 5,1772
312 14:30
4,4754 4,5076
4,1469 4,1790
4,5952 4,6280
5,1445 5,1777
313 14:31
4,4754 4,5077
4,1475 4,1796
4,5952 4,6280
5,1445 5,1777
314 14:32
4,4754 4,5077
4,1475 4,1796
4,5952 4,6280
5,1442 5,1774
315 14:33
4,4781 4,5104
4,1500 4,1821
4,5987 4,6315
5,1471 5,1803
316 14:34
4,4781 4,5104
4,1505 4,1826
4,5987 4,6315
5,1471 5,1803
317 14:35
4,4781 4,5104
4,1505 4,1826
4,5992 4,6320
5,1471 5,1803
318 14:36
4,4781 4,5103
4,1505 4,1826
4,5992 4,6320
5,1470 5,1802
319 14:37
4,4778 4,5100
4,1503 4,1824
4,5989 4,6317
5,1470 5,1802
320 14:38
4,4778 4,5100
4,1507 4,1828
4,5989 4,6317
5,1470 5,1802
321 14:39
4,4778 4,5100
4,1501 4,1822
4,5989 4,6317
5,1459 5,1791
322 14:40
4,4773 4,5095
4,1494 4,1815
4,5983 4,6311
5,1454 5,1786
323 14:41
4,4773 4,5095
4,1504 4,1825
4,5983 4,6311
5,1454 5,1786
324 14:42
4,4773 4,5095
4,1504 4,1825
4,5983 4,6311
5,1476 5,1808
325 14:43
4,4782 4,5104
4,1508 4,1829
4,5993 4,6321
5,1487 5,1819
326 14:44
4,4786 4,5108
4,1502 4,1823
4,5997 4,6325
5,1503 5,1835
327 14:45
4,4785 4,5107
4,1501 4,1822
4,5996 4,6324
5,1502 5,1834
328 14:46
4,4788 4,5110
4,1504 4,1825
4,5999 4,6327
5,1506 5,1838
329 14:47
4,4788 4,5110
4,1516 4,1837
4,5999 4,6327
5,1514 5,1846
330 14:48
4,4796 4,5118
4,1523 4,1844
4,6004 4,6332
5,1526 5,1858
331 14:49
4,4796 4,5118
4,1511 4,1832
4,6006 4,6334
5,1535 5,1867
332 14:50
4,4796 4,5118
4,1511 4,1832
4,6006 4,6334
5,1535 5,1867
333 14:51
4,4794 4,5116
4,1508 4,1829
4,6005 4,6333
5,1526 5,1858
334 14:52
4,4794 4,5116
4,1508 4,1829
4,6005 4,6333
5,1527 5,1859
335 14:53
4,4794 4,5116
4,1508 4,1829
4,5998 4,6326
5,1515 5,1847
336 14:54
4,4797 4,5119
4,1503 4,1824
4,6001 4,6329
5,1516 5,1848
337 14:55
4,4797 4,5119
4,1501 4,1822
4,5999 4,6327
5,1516 5,1848
338 14:56
4,4797 4,5119
4,1501 4,1822
4,5999 4,6327
5,1516 5,1848
339 14:57
4,4797 4,5119
4,1501 4,1822
4,5999 4,6327
5,1510 5,1842
340 14:58
4,4797 4,5119
4,1501 4,1822
4,5994 4,6322
5,1510 5,1842
341 14:59
4,4812 4,5134
4,1514 4,1835
4,6009 4,6337
5,1530 5,1862
342 15:00
4,4816 4,5138
4,1536 4,1857
4,6018 4,6346
5,1535 5,1867
343 15:01
4,4816 4,5138
4,1536 4,1857
4,6018 4,6346
5,1540 5,1872
344 15:02
4,4832 4,5154
4,1543 4,1864
4,6034 4,6362
5,1556 5,1888
345 15:03
4,4832 4,5154
4,1543 4,1864
4,6034 4,6362
5,1556 5,1888
346 15:04
4,4826 4,5148
4,1537 4,1858
4,6028 4,6356
5,1558 5,1890
347 15:05
4,4826 4,5148
4,1537 4,1858
4,6024 4,6352
5,1582 5,1914
348 15:06
4,4826 4,5148
4,1537 4,1858
4,6024 4,6352
5,1582 5,1914
349 15:07
4,4826 4,5148
4,1543 4,1864
4,6024 4,6352
5,1582 5,1914
350 15:08
4,4826 4,5148
4,1543 4,1864
4,6024 4,6352
5,1582 5,1914
351 15:09
4,4826 4,5148
4,1537 4,1858
4,6024 4,6352
5,1582 5,1914
352 15:10
4,4803 4,5125
4,1516 4,1837
4,6000 4,6328
5,1556 5,1888
353 15:11
4,4805 4,5127
4,1518 4,1839
4,6002 4,6330
5,1558 5,1890
354 15:12
4,4804 4,5126
4,1527 4,1848
4,6001 4,6329
5,1520 5,1852
355 15:13
4,4803 4,5125
4,1528 4,1849
4,6000 4,6328
5,1526 5,1858
356 15:14
4,4801 4,5123
4,1524 4,1845
4,6005 4,6333
5,1535 5,1867
357 15:15
4,4801 4,5123
4,1514 4,1835
4,6003 4,6331
5,1532 5,1864
358 15:16
4,4798 4,5120
4,1514 4,1835
4,6000 4,6328
5,1529 5,1861
359 15:17
4,4797 4,5119
4,1518 4,1839
4,5999 4,6327
5,1539 5,1871
360 15:18
4,4797 4,5119
4,1516 4,1837
4,5999 4,6327
5,1539 5,1871
361 15:19
4,4794 4,5116
4,1516 4,1837
4,5969 4,6297
5,1521 5,1853
362 15:20
4,4795 4,5117
4,1515 4,1836
4,5970 4,6298
5,1522 5,1854
363 15:21
4,4790 4,5112
4,1510 4,1831
4,5965 4,6293
5,1517 5,1849
364 15:22
4,4794 4,5116
4,1519 4,1840
4,5969 4,6297
5,1521 5,1853
365 15:23
4,4794 4,5116
4,1519 4,1840
4,5969 4,6297
5,1521 5,1853
366 15:24
4,4794 4,5116
4,1519 4,1840
4,5969 4,6297
5,1530 5,1862
367 15:25
4,4795 4,5117
4,1520 4,1841
4,5970 4,6298
5,1531 5,1863
368 15:26
4,4795 4,5117
4,1520 4,1841
4,5982 4,6310
5,1531 5,1863
369 15:27
4,4795 4,5117
4,1517 4,1838
4,5982 4,6310
5,1534 5,1866
370 15:28
4,4795 4,5117
4,1515 4,1836
4,5987 4,6315
5,1534 5,1866
371 15:29
4,4795 4,5117
4,1515 4,1836
4,5987 4,6315
5,1539 5,1871
372 15:30
4,4785 4,5107
4,1505 4,1826
4,5981 4,6309
5,1527 5,1859
373 15:31
4,4785 4,5107
4,1521 4,1842
4,5980 4,6308
5,1543 5,1875
374 15:32
4,4785 4,5107
4,1521 4,1842
4,5981 4,6309
5,1543 5,1875
375 15:33
4,4788 4,5110
4,1526 4,1847
4,5975 4,6303
5,1547 5,1879
376 15:34
4,4787 4,5109
4,1530 4,1851
4,5965 4,6293
5,1531 5,1863
377 15:35
4,4786 4,5108
4,1537 4,1858
4,5964 4,6292
5,1530 5,1862
378 15:36
4,4786 4,5108
4,1537 4,1858
4,5964 4,6292
5,1530 5,1862
379 15:37
4,4792 4,5114
4,1541 4,1862
4,5956 4,6284
5,1528 5,1860
380 15:38
4,4792 4,5114
4,1541 4,1862
4,5958 4,6286
5,1510 5,1842
381 15:39
4,4792 4,5114
4,1532 4,1853
4,5958 4,6286
5,1516 5,1848
382 15:40
4,4788 4,5110
4,1529 4,1850
4,5951 4,6279
5,1523 5,1855
383 15:41
4,4788 4,5110
4,1533 4,1854
4,5951 4,6279
5,1523 5,1855
384 15:42
4,4788 4,5110
4,1535 4,1856
4,5951 4,6279
5,1526 5,1858
385 15:43
4,4800 4,5122
4,1546 4,1867
4,5961 4,6289
5,1521 5,1853
386 15:44
4,4800 4,5122
4,1546 4,1867
4,5968 4,6296
5,1519 5,1851
387 15:45
4,4797 4,5119
4,1543 4,1864
4,5965 4,6293
5,1525 5,1857
388 15:46
4,4798 4,5120
4,1568 4,1889
4,5971 4,6299
5,1529 5,1861
389 15:47
4,4798 4,5120
4,1568 4,1889
4,5971 4,6299
5,1529 5,1861
390 15:48
4,4798 4,5120
4,1577 4,1898
4,5971 4,6299
5,1538 5,1870
391 15:49
4,4798 4,5120
4,1568 4,1889
4,5971 4,6299
5,1538 5,1870
392 15:50
4,4776 4,5098
4,1547 4,1868
4,5948 4,6276
5,1512 5,1844
393 15:51
4,4776 4,5098
4,1547 4,1868
4,5953 4,6281
5,1503 5,1835
394 15:52
4,4776 4,5098
4,1538 4,1859
4,5953 4,6281
5,1497 5,1829
395 15:53
4,4776 4,5098
4,1539 4,1860
4,5940 4,6268
5,1497 5,1829
396 15:54
4,4776 4,5098
4,1541 4,1862
4,5934 4,6262
5,1497 5,1829
397 15:55
4,4795 4,5117
4,1561 4,1882
4,5951 4,6279
5,1519 5,1851
398 15:56
4,4802 4,5124
4,1562 4,1883
4,5959 4,6287
5,1524 5,1856
399 15:57
4,4814 4,5136
4,1582 4,1903
4,5971 4,6299
5,1532 5,1864
400 15:58
4,4814 4,5136
4,1590 4,1911
4,5964 4,6292
5,1532 5,1864
401 15:59
4,4828 4,5150
4,1609 4,1930
4,5988 4,6316
5,1548 5,1880
402 16:00
4,4828 4,5150
4,1609 4,1930
4,5988 4,6316
5,1548 5,1880
403 16:01
4,4816 4,5138
4,1596 4,1917
4,5975 4,6303
5,1525 5,1857
404 16:02
4,4816 4,5138
4,1595 4,1916
4,5967 4,6295
5,1525 5,1857
405 16:03
4,4816 4,5138
4,1595 4,1916
4,5968 4,6296
5,1525 5,1857
406 16:04
4,4816 4,5138
4,1595 4,1916
4,5968 4,6296
5,1544 5,1876
407 16:05
4,4825 4,5147
4,1604 4,1925
4,5977 4,6305
5,1555 5,1887
408 16:06
4,4825 4,5147
4,1604 4,1925
4,5978 4,6306
5,1529 5,1861
