#======================
2023-6-26
# 1.EUR, 2.USD, 3.CHF, 4.GBP
Sell Price, Buy Price
1 10:25
4,4136 4,4458
4,0520 4,0841
4,5273 4,5602
5,1675 5,2007
2 10:26
4,4128 4,4450
4,0511 4,0832
4,5265 4,5594
5,1655 5,1987
3 10:27
4,4133 4,4455
4,0512 4,0833
4,5270 4,5599
5,1658 5,1990
4 10:28
4,4145 4,4467
4,0523 4,0844
4,5282 4,5611
5,1676 5,2008
5 10:29
4,4129 4,4451
4,0502 4,0823
4,5265 4,5594
5,1653 5,1985
6 10:30
4,4131 4,4453
4,0506 4,0827
4,5270 4,5599
5,1653 5,1985
7 10:31
4,4134 4,4456
4,0520 4,0841
4,5275 4,5604
5,1660 5,1992
8 10:32
4,4166 4,4488
4,0548 4,0869
4,5309 4,5638
5,1703 5,2035
9 10:33
4,4164 4,4486
4,0546 4,0867
4,5306 4,5635
5,1694 5,2026
10 10:34
4,4154 4,4476
4,0538 4,0859
4,5296 4,5625
5,1681 5,2013
11 10:35
4,4147 4,4469
4,0530 4,0851
4,5287 4,5616
5,1672 5,2004
12 10:36
4,4145 4,4467
4,0527 4,0848
4,5275 4,5604
5,1661 5,1993
13 10:37
4,4144 4,4466
4,0528 4,0849
4,5284 4,5613
5,1659 5,1991
14 10:38
4,4141 4,4463
4,0523 4,0844
4,5283 4,5612
5,1668 5,2000
15 10:39
4,4142 4,4464
4,0528 4,0849
4,5283 4,5612
5,1670 5,2002
16 10:40
4,4145 4,4467
4,0528 4,0849
4,5285 4,5614
5,1673 5,2005
17 10:41
4,4145 4,4467
4,0534 4,0855
4,5288 4,5616
5,1679 5,2011
18 10:42
4,4144 4,4466
4,0526 4,0847
4,5285 4,5613
5,1678 5,2010
19 10:43
4,4140 4,4462
4,0526 4,0847
4,5283 4,5611
5,1673 5,2005
20 10:44
4,4141 4,4463
4,0534 4,0855
4,5284 4,5612
5,1680 5,2012
21 10:45
4,4149 4,4471
4,0541 4,0862
4,5297 4,5625
5,1669 5,2001
22 10:46
4,4145 4,4467
4,0535 4,0856
4,5284 4,5613
5,1672 5,2004
23 10:47
4,4146 4,4468
4,0531 4,0852
4,5273 4,5602
5,1670 5,2002
24 10:48
4,4144 4,4466
4,0527 4,0848
4,5272 4,5601
5,1662 5,1994
25 10:49
4,4141 4,4463
4,0523 4,0844
4,5269 4,5598
5,1644 5,1976
26 10:50
4,4140 4,4462
4,0522 4,0843
4,5268 4,5597
5,1652 5,1984
27 10:51
4,4133 4,4455
4,0514 4,0835
4,5262 4,5590
5,1643 5,1975
28 10:52
4,4133 4,4455
4,0514 4,0835
4,5276 4,5604
5,1650 5,1982
29 10:53
4,4134 4,4456
4,0520 4,0841
4,5272 4,5600
5,1656 5,1988
30 10:54
4,4132 4,4454
4,0515 4,0836
4,5272 4,5600
5,1648 5,1980
31 10:55
4,4132 4,4454
4,0515 4,0836
4,5270 4,5598
5,1648 5,1980
32 10:56
4,4131 4,4453
4,0517 4,0838
4,5268 4,5597
5,1644 5,1976
33 10:57
4,4131 4,4453
4,0515 4,0836
4,5267 4,5596
5,1644 5,1976
34 10:58
4,4126 4,4448
4,0509 4,0830
4,5256 4,5585
5,1636 5,1968
35 10:59
4,4124 4,4446
4,0507 4,0828
4,5256 4,5585
5,1633 5,1965
36 11:00
4,4117 4,4439
4,0499 4,0820
4,5247 4,5576
5,1621 5,1953
37 11:01
4,4134 4,4456
4,0513 4,0834
4,5260 4,5589
5,1642 5,1974
38 11:02
4,4139 4,4461
4,0512 4,0833
4,5258 4,5587
5,1648 5,1980
39 11:03
4,4143 4,4465
4,0508 4,0829
4,5262 4,5591
5,1652 5,1984
40 11:04
4,4146 4,4468
4,0516 4,0837
4,5269 4,5598
5,1656 5,1988
41 11:05
4,4146 4,4468
4,0516 4,0837
4,5272 4,5601
5,1656 5,1988
42 11:06
4,4172 4,4494
4,0546 4,0867
4,5298 4,5627
5,1677 5,2009
43 11:07
4,4172 4,4494
4,0544 4,0865
4,5291 4,5620
5,1668 5,2000
44 11:08
4,4164 4,4486
4,0537 4,0858
4,5290 4,5619
5,1683 5,2015
45 11:09
4,4159 4,4481
4,0534 4,0855
4,5280 4,5609
5,1676 5,2008
46 11:10
4,4165 4,4487
4,0537 4,0858
4,5284 4,5613
5,1672 5,2004
47 11:11
4,4168 4,4490
4,0538 4,0859
4,5292 4,5621
5,1682 5,2014
48 11:12
4,4167 4,4489
4,0534 4,0855
4,5291 4,5620
5,1692 5,2024
49 11:13
4,4181 4,4503
4,0550 4,0871
4,5308 4,5637
5,1709 5,2041
50 11:14
4,4175 4,4497
4,0543 4,0864
4,5301 4,5630
5,1685 5,2017
51 11:15
4,4174 4,4496
4,0540 4,0861
4,5303 4,5632
5,1692 5,2024
52 11:16
4,4162 4,4484
4,0524 4,0845
4,5286 4,5615
5,1683 5,2015
53 11:17
4,4161 4,4483
4,0521 4,0842
4,5294 4,5623
5,1673 5,2005
54 11:18
4,4161 4,4483
4,0523 4,0844
4,5293 4,5622
5,1676 5,2008
55 11:19
4,4148 4,4470
4,0511 4,0832
4,5283 4,5612
5,1661 5,1993
56 11:20
4,4153 4,4475
4,0515 4,0836
4,5288 4,5617
5,1667 5,1999
57 11:21
4,4153 4,4475
4,0514 4,0835
4,5291 4,5620
5,1667 5,1999
58 11:22
4,4155 4,4477
4,0517 4,0838
4,5293 4,5622
5,1666 5,1998
59 11:23
4,4156 4,4478
4,0520 4,0841
4,5294 4,5623
5,1670 5,2002
60 11:24
4,4159 4,4481
4,0528 4,0849
4,5299 4,5628
5,1674 5,2006
61 11:25
4,4162 4,4484
4,0533 4,0854
4,5304 4,5633
5,1665 5,1997
62 11:26
4,4161 4,4483
4,0532 4,0853
4,5296 4,5625
5,1667 5,1999
63 11:27
4,4170 4,4492
4,0538 4,0859
4,5310 4,5639
5,1678 5,2010
64 11:28
4,4174 4,4496
4,0546 4,0867
4,5314 4,5643
5,1667 5,1999
65 11:29
4,4181 4,4503
4,0544 4,0865
4,5321 4,5650
5,1670 5,2002
66 11:30
4,4191 4,4513
4,0552 4,0873
4,5332 4,5661
5,1693 5,2025
67 11:31
4,4178 4,4500
4,0538 4,0859
4,5314 4,5643
5,1663 5,1995
68 11:32
4,4179 4,4501
4,0541 4,0862
4,5315 4,5644
5,1661 5,1993
69 11:33
4,4179 4,4501
4,0541 4,0862
4,5317 4,5646
5,1660 5,1992
70 11:34
4,4191 4,4513
4,0558 4,0879
4,5332 4,5661
5,1679 5,2011
71 11:35
4,4179 4,4501
4,0541 4,0862
4,5317 4,5646
5,1662 5,1994
72 11:36
4,4185 4,4507
4,0550 4,0871
4,5323 4,5652
5,1677 5,2009
73 11:37
4,4186 4,4508
4,0546 4,0867
4,5324 4,5653
5,1675 5,2007
74 11:38
4,4180 4,4502
4,0538 4,0859
4,5314 4,5643
5,1677 5,2009
75 11:39
4,4178 4,4500
4,0538 4,0859
4,5310 4,5639
5,1668 5,2000
76 11:40
4,4179 4,4501
4,0541 4,0862
4,5317 4,5646
5,1677 5,2009
77 11:41
4,4178 4,4500
4,0536 4,0857
4,5316 4,5645
5,1672 5,2004
78 11:42
4,4175 4,4497
4,0532 4,0853
4,5310 4,5639
5,1650 5,1982
79 11:43
4,4174 4,4496
4,0531 4,0852
4,5312 4,5641
5,1652 5,1984
80 11:44
4,4183 4,4505
4,0541 4,0862
4,5324 4,5653
5,1662 5,1994
81 11:45
4,4174 4,4496
4,0531 4,0852
4,5314 4,5643
5,1652 5,1984
82 11:46
4,4170 4,4492
4,0527 4,0848
4,5311 4,5639
5,1645 5,1977
83 11:47
4,4171 4,4493
4,0528 4,0849
4,5317 4,5645
5,1645 5,1977
84 11:48
4,4173 4,4495
4,0530 4,0851
4,5321 4,5649
5,1654 5,1986
85 11:49
4,4174 4,4496
4,0533 4,0854
4,5322 4,5650
5,1649 5,1981
86 11:50
4,4174 4,4496
4,0529 4,0850
4,5318 4,5646
5,1646 5,1978
87 11:51
4,4173 4,4495
4,0517 4,0838
4,5314 4,5642
5,1639 5,1971
88 11:52
4,4169 4,4491
4,0524 4,0845
4,5313 4,5641
5,1638 5,1970
89 11:53
4,4169 4,4491
4,0528 4,0849
4,5308 4,5636
5,1634 5,1966
90 11:54
4,4175 4,4497
4,0532 4,0853
4,5313 4,5641
5,1637 5,1969
91 11:55
4,4203 4,4525
4,0555 4,0876
4,5342 4,5670
5,1676 5,2008
92 11:56
4,4203 4,4525
4,0557 4,0878
4,5347 4,5675
5,1677 5,2009
93 11:57
4,4202 4,4524
4,0555 4,0876
4,5347 4,5675
5,1676 5,2008
94 11:58
4,4191 4,4513
4,0543 4,0864
4,5335 4,5663
5,1660 5,1992
95 11:59
4,4191 4,4513
4,0548 4,0869
4,5339 4,5667
5,1657 5,1989
96 12:00
4,4184 4,4506
4,0544 4,0865
4,5330 4,5658
5,1652 5,1984
97 12:01
4,4181 4,4503
4,0545 4,0866
4,5332 4,5660
5,1645 5,1977
98 12:02
4,4172 4,4494
4,0531 4,0852
4,5318 4,5646
5,1634 5,1966
99 12:03
4,4190 4,4512
4,0550 4,0871
4,5337 4,5665
5,1659 5,1991
100 12:04
4,4196 4,4518
4,0558 4,0879
4,5344 4,5672
5,1671 5,2003
101 12:05
4,4193 4,4515
4,0554 4,0875
4,5342 4,5670
5,1668 5,2000
102 12:06
4,4196 4,4518
4,0553 4,0874
4,5356 4,5685
5,1672 5,2004
103 12:07
4,4193 4,4515
4,0548 4,0869
4,5355 4,5684
5,1663 5,1995
104 12:08
4,4177 4,4499
4,0535 4,0856
4,5361 4,5690
5,1643 5,1975
105 12:09
4,4186 4,4508
4,0542 4,0863
4,5364 4,5693
5,1652 5,1984
106 12:10
4,4188 4,4510
4,0542 4,0863
4,5357 4,5686
5,1659 5,1991
107 12:11
4,4188 4,4510
4,0538 4,0859
4,5357 4,5686
5,1661 5,1993
108 12:12
4,4183 4,4505
4,0533 4,0854
4,5352 4,5681
5,1657 5,1989
109 12:13
4,4180 4,4502
4,0529 4,0850
4,5349 4,5678
5,1653 5,1985
110 12:14
4,4182 4,4504
4,0534 4,0855
4,5348 4,5677
5,1655 5,1987
111 12:15
4,4154 4,4476
4,0509 4,0830
4,5313 4,5642
5,1621 5,1953
112 12:16
4,4158 4,4480
4,0518 4,0839
4,5314 4,5643
5,1628 5,1960
113 12:17
4,4181 4,4503
4,0535 4,0856
4,5333 4,5662
5,1653 5,1985
114 12:18
4,4180 4,4502
4,0535 4,0856
4,5332 4,5661
5,1644 5,1976
115 12:19
4,4179 4,4501
4,0534 4,0855
4,5329 4,5658
5,1646 5,1978
116 12:20
4,4186 4,4508
4,0540 4,0861
4,5334 4,5663
5,1648 5,1980
117 14:45
4,4203 4,4525
4,0478 4,0799
4,5371 4,5700
5,1460 5,1792
118 14:46
4,4203 4,4525
4,0477 4,0798
4,5369 4,5698
5,1465 5,1797
119 14:47
4,4199 4,4521
4,0474 4,0795
4,5357 4,5686
5,1467 5,1799
120 14:48
4,4201 4,4523
4,0475 4,0796
4,5358 4,5687
5,1472 5,1804
121 14:49
4,4197 4,4519
4,0469 4,0790
4,5349 4,5678
5,1476 5,1808
122 14:50
4,4196 4,4518
4,0471 4,0792
4,5349 4,5678
5,1464 5,1796
123 14:51
4,4193 4,4515
4,0474 4,0795
4,5353 4,5682
5,1475 5,1807
124 14:52
4,4193 4,4515
4,0477 4,0798
4,5350 4,5679
5,1481 5,1813
125 14:53
4,4192 4,4514
4,0478 4,0799
4,5342 4,5671
5,1483 5,1815
126 14:54
4,4200 4,4522
4,0489 4,0810
4,5350 4,5679
5,1489 5,1821
127 14:55
4,4204 4,4526
4,0486 4,0807
4,5355 4,5684
5,1495 5,1827
128 14:56
4,4203 4,4525
4,0485 4,0806
4,5355 4,5684
5,1507 5,1839
129 14:57
4,4202 4,4524
4,0478 4,0799
4,5348 4,5677
5,1499 5,1831
130 14:58
4,4187 4,4509
4,0466 4,0787
4,5328 4,5657
5,1489 5,1821
131 14:59
4,4182 4,4504
4,0460 4,0781
4,5323 4,5652
5,1483 5,1815
132 15:00
4,4162 4,4484
4,0447 4,0768
4,5307 4,5636
5,1445 5,1777
133 15:01
4,4160 4,4482
4,0445 4,0766
4,5307 4,5636
5,1446 5,1778
134 15:02
4,4160 4,4482
4,0447 4,0768
4,5307 4,5636
5,1443 5,1775
135 15:03
4,4160 4,4482
4,0445 4,0766
4,5300 4,5629
5,1437 5,1769
136 15:04
4,4171 4,4493
4,0463 4,0784
4,5311 4,5640
5,1444 5,1776
137 15:05
4,4173 4,4495
4,0459 4,0780
4,5316 4,5645
5,1451 5,1783
138 15:06
4,4171 4,4493
4,0454 4,0775
4,5311 4,5640
5,1438 5,1770
139 15:07
4,4166 4,4488
4,0451 4,0772
4,5306 4,5635
5,1435 5,1767
140 15:08
4,4169 4,4491
4,0454 4,0775
4,5302 4,5631
5,1435 5,1767
141 15:09
4,4166 4,4488
4,0449 4,0770
4,5302 4,5631
5,1429 5,1761
142 15:10
4,4167 4,4489
4,0446 4,0767
4,5305 4,5634
5,1431 5,1763
143 15:11
4,4167 4,4489
4,0448 4,0769
4,5298 4,5627
5,1430 5,1762
144 15:12
4,4165 4,4487
4,0444 4,0765
4,5296 4,5625
5,1430 5,1762
145 15:13
4,4165 4,4487
4,0446 4,0767
4,5298 4,5627
5,1437 5,1769
146 15:14
4,4168 4,4490
4,0445 4,0766
4,5299 4,5628
5,1446 5,1778
147 15:15
4,4165 4,4487
4,0444 4,0765
4,5293 4,5622
5,1446 5,1778
148 15:16
4,4168 4,4490
4,0443 4,0764
4,5294 4,5623
5,1452 5,1784
149 15:17
4,4172 4,4494
4,0447 4,0768
4,5296 4,5625
5,1457 5,1789
150 15:18
4,4173 4,4495
4,0450 4,0771
4,5297 4,5626
5,1458 5,1790
151 15:19
4,4174 4,4496
4,0458 4,0779
4,5300 4,5629
5,1465 5,1797
152 15:20
4,4175 4,4497
4,0461 4,0782
4,5301 4,5630
5,1463 5,1795
153 15:21
4,4177 4,4499
4,0461 4,0782
4,5302 4,5630
5,1466 5,1798
154 15:22
4,4176 4,4498
4,0456 4,0777
4,5310 4,5638
5,1470 5,1802
155 15:23
4,4172 4,4494
4,0453 4,0774
4,5299 4,5627
5,1460 5,1792
156 15:24
4,4174 4,4496
4,0454 4,0775
4,5305 4,5633
5,1465 5,1797
157 15:25
4,4167 4,4489
4,0444 4,0765
4,5301 4,5629
5,1456 5,1788
158 15:26
4,4168 4,4490
4,0453 4,0774
4,5299 4,5628
5,1455 5,1787
159 15:27
4,4162 4,4484
4,0449 4,0770
4,5293 4,5622
5,1451 5,1783
160 15:28
4,4149 4,4471
4,0443 4,0764
4,5284 4,5613
5,1430 5,1762
161 15:29
4,4148 4,4470
4,0442 4,0763
4,5288 4,5617
5,1441 5,1773
162 15:30
4,4150 4,4472
4,0445 4,0766
4,5290 4,5619
5,1443 5,1775
163 15:31
4,4152 4,4474
4,0447 4,0768
4,5290 4,5619
5,1434 5,1766
164 15:32
4,4152 4,4474
4,0451 4,0772
4,5292 4,5621
5,1433 5,1765
165 15:33
4,4155 4,4477
4,0461 4,0782
4,5295 4,5624
5,1440 5,1772
166 15:34
4,4167 4,4489
4,0478 4,0799
4,5300 4,5629
5,1453 5,1785
167 15:35
4,4172 4,4494
4,0476 4,0797
4,5296 4,5625
5,1464 5,1796
168 15:36
4,4169 4,4491
4,0463 4,0784
4,5298 4,5626
5,1465 5,1797
169 15:37
4,4175 4,4497
4,0461 4,0782
4,5299 4,5627
5,1479 5,1811
170 15:38
4,4173 4,4495
4,0466 4,0787
4,5295 4,5623
5,1473 5,1805
171 15:39
4,4171 4,4493
4,0474 4,0795
4,5309 4,5637
5,1473 5,1805
172 15:40
4,4171 4,4493
4,0472 4,0793
4,5304 4,5632
5,1479 5,1811
173 15:41
4,4172 4,4494
4,0475 4,0796
4,5301 4,5630
5,1483 5,1815
174 15:42
4,4172 4,4494
4,0477 4,0798
4,5301 4,5630
5,1486 5,1818
175 15:43
4,4173 4,4495
4,0478 4,0799
4,5305 4,5634
5,1473 5,1805
176 15:44
4,4176 4,4498
4,0477 4,0798
4,5312 4,5641
5,1486 5,1818
177 15:45
4,4181 4,4503
4,0487 4,0808
4,5315 4,5644
5,1491 5,1823
178 15:46
4,4180 4,4502
4,0484 4,0805
4,5308 4,5637
5,1486 5,1818
179 15:47
4,4186 4,4508
4,0490 4,0811
4,5320 4,5649
5,1497 5,1829
180 15:48
4,4185 4,4507
4,0485 4,0806
4,5319 4,5648
5,1499 5,1831
181 15:49
4,4185 4,4507
4,0487 4,0808
4,5314 4,5643
5,1496 5,1828
182 15:50
4,4169 4,4491
4,0472 4,0793
4,5302 4,5631
5,1474 5,1806
183 15:51
4,4167 4,4489
4,0474 4,0795
4,5296 4,5625
5,1466 5,1798
184 15:52
4,4169 4,4491
4,0485 4,0806
4,5293 4,5622
5,1475 5,1807
185 15:53
4,4178 4,4500
4,0488 4,0809
4,5293 4,5622
5,1479 5,1811
186 15:54
4,4178 4,4500
4,0484 4,0805
4,5291 4,5620
5,1476 5,1808
187 15:55
4,4179 4,4501
4,0481 4,0802
4,5291 4,5620
5,1464 5,1796
188 15:56
4,4178 4,4500
4,0481 4,0802
4,5298 4,5627
5,1470 5,1802
189 15:57
4,4179 4,4501
4,0477 4,0798
4,5293 4,5622
5,1464 5,1796
190 15:58
4,4186 4,4508
4,0486 4,0807
4,5299 4,5628
5,1476 5,1808
191 15:59
4,4189 4,4511
4,0491 4,0812
4,5304 4,5633
5,1495 5,1827
192 16:00
4,4188 4,4510
4,0486 4,0807
4,5305 4,5634
5,1512 5,1844
193 16:01
4,4180 4,4503
4,0482 4,0803
4,5295 4,5624
5,1505 5,1837
194 16:02
4,4172 4,4495
4,0471 4,0792
4,5296 4,5625
5,1505 5,1837
195 16:03
4,4167 4,4490
4,0476 4,0797
4,5289 4,5618
5,1500 5,1832
196 16:04
4,4166 4,4489
4,0473 4,0794
4,5278 4,5607
5,1489 5,1821
197 16:05
4,4166 4,4489
4,0468 4,0789
4,5267 4,5596
5,1483 5,1815
198 16:06
4,4166 4,4488
4,0471 4,0792
4,5260 4,5589
5,1483 5,1815
199 16:07
4,4162 4,4484
4,0466 4,0787
4,5258 4,5587
5,1484 5,1816
200 16:08
4,4163 4,4485
4,0461 4,0782
4,5259 4,5588
5,1488 5,1820
201 16:09
4,4163 4,4485
4,0455 4,0776
4,5252 4,5581
5,1479 5,1811
202 16:10
4,4148 4,4470
4,0455 4,0776
4,5239 4,5568
5,1468 5,1800
203 16:11
4,4142 4,4464
4,0451 4,0772
4,5233 4,5562
5,1449 5,1781
204 16:12
4,4141 4,4463
4,0452 4,0773
4,5232 4,5561
5,1445 5,1777
205 16:13
4,4136 4,4458
4,0451 4,0772
4,5233 4,5562
5,1438 5,1770
206 16:14
4,4136 4,4458
4,0447 4,0768
4,5226 4,5555
5,1430 5,1762
207 16:15
4,4128 4,4450
4,0442 4,0763
4,5219 4,5548
5,1423 5,1755
208 16:16
4,4128 4,4450
4,0446 4,0767
4,5216 4,5545
5,1427 5,1759
209 16:17
4,4126 4,4448
4,0438 4,0759
4,5216 4,5545
5,1427 5,1759
210 16:18
4,4126 4,4448
4,0435 4,0756
4,5209 4,5538
5,1420 5,1752
211 16:19
4,4126 4,4448
4,0435 4,0756
4,5214 4,5543
5,1424 5,1756
212 16:20
4,4126 4,4448
4,0436 4,0757
4,5219 4,5548
5,1421 5,1753
213 16:21
4,4126 4,4448
4,0440 4,0761
4,5219 4,5548
5,1418 5,1750
214 16:22
4,4129 4,4451
4,0446 4,0767
4,5221 4,5550
5,1421 5,1753
215 16:23
4,4126 4,4448
4,0442 4,0763
4,5216 4,5545
5,1415 5,1747
216 16:24
4,4111 4,4433
4,0430 4,0751
4,5199 4,5528
5,1410 5,1742
217 16:25
4,4110 4,4432
4,0424 4,0745
4,5202 4,5531
5,1403 5,1735
218 16:26
4,4110 4,4432
4,0424 4,0745
4,5202 4,5531
5,1393 5,1725
219 16:27
4,4112 4,4434
4,0429 4,0750
4,5207 4,5536
5,1402 5,1734
220 16:28
4,4109 4,4431
4,0426 4,0747
4,5199 4,5528
5,1401 5,1733
221 16:29
4,4109 4,4431
4,0425 4,0746
4,5208 4,5537
5,1398 5,1730
222 16:30
4,4136 4,4458
4,0448 4,0769
4,5236 4,5565
5,1430 5,1762
223 16:31
4,4138 4,4460
4,0449 4,0770
4,5247 4,5576
5,1420 5,1752
224 16:32
4,4138 4,4460
4,0460 4,0781
4,5261 4,5590
5,1426 5,1758
225 16:33
4,4151 4,4473
4,0472 4,0793
4,5277 4,5606
5,1453 5,1785
226 16:34
4,4158 4,4480
4,0477 4,0798
4,5279 4,5608
5,1452 5,1784
227 16:35
4,4156 4,4478
4,0477 4,0798
4,5259 4,5588
5,1456 5,1788
228 16:36
4,4161 4,4483
4,0481 4,0802
4,5264 4,5593
5,1465 5,1797
229 16:37
4,4165 4,4487
4,0489 4,0810
4,5266 4,5595
5,1473 5,1805
230 16:38
4,4161 4,4483
4,0480 4,0801
4,5259 4,5588
5,1465 5,1797
231 16:39
4,4164 4,4486
4,0488 4,0809
4,5260 4,5589
5,1471 5,1803
232 16:40
4,4162 4,4484
4,0490 4,0811
4,5257 4,5586
5,1468 5,1800
233 16:41
4,4165 4,4487
4,0496 4,0817
4,5256 4,5584
5,1472 5,1804
234 16:42
4,4165 4,4487
4,0485 4,0806
4,5244 4,5572
5,1469 5,1801
235 16:43
4,4197 4,4519
4,0518 4,0839
4,5280 4,5608
5,1497 5,1829
236 16:44
4,4206 4,4528
4,0530 4,0851
4,5284 4,5612
5,1505 5,1837
237 16:45
4,4200 4,4522
4,0532 4,0853
4,5287 4,5615
5,1502 5,1834
238 16:46
4,4203 4,4525
4,0537 4,0858
4,5290 4,5618
5,1496 5,1828
239 16:47
4,4203 4,4525
4,0535 4,0856
4,5290 4,5618
5,1496 5,1828
240 16:48
4,4208 4,4530
4,0541 4,0862
4,5282 4,5610
5,1511 5,1843
241 16:49
4,4209 4,4531
4,0537 4,0858
4,5287 4,5615
5,1520 5,1852
242 16:50
4,4209 4,4531
4,0526 4,0847
4,5283 4,5611
5,1515 5,1847
243 16:51
4,4217 4,4539
4,0546 4,0867
4,5296 4,5624
5,1536 5,1868
244 16:52
4,4217 4,4539
4,0548 4,0869
4,5304 4,5632
5,1536 5,1868
245 16:53
4,4217 4,4539
4,0542 4,0863
4,5312 4,5640
5,1555 5,1887
246 16:54
4,4226 4,4548
4,0534 4,0855
4,5305 4,5633
5,1562 5,1894
247 16:55
4,4224 4,4546
4,0517 4,0838
4,5303 4,5631
5,1559 5,1891
248 16:56
4,4221 4,4543
4,0513 4,0834
4,5297 4,5625
5,1547 5,1879
249 16:57
4,4219 4,4541
4,0522 4,0843
4,5297 4,5625
5,1546 5,1878
250 16:58
4,4217 4,4539
4,0524 4,0845
4,5291 4,5619
5,1541 5,1873
251 16:59
4,4207 4,4529
4,0514 4,0835
4,5277 4,5605
5,1534 5,1866
252 17:00
4,4198 4,4520
4,0510 4,0831
4,5271 4,5599
5,1526 5,1858
253 17:01
4,4198 4,4520
4,0513 4,0834
4,5271 4,5599
5,1529 5,1861
254 17:02
4,4201 4,4523
4,0524 4,0845
4,5275 4,5603
5,1536 5,1868
255 17:03
4,4203 4,4525
4,0528 4,0849
4,5282 4,5610
5,1542 5,1874
256 17:04
4,4202 4,4524
4,0517 4,0838
4,5289 4,5617
5,1546 5,1878
257 17:05
4,4203 4,4525
4,0520 4,0841
4,5290 4,5618
5,1552 5,1884
258 17:06
4,4207 4,4529
4,0516 4,0837
4,5296 4,5624
5,1563 5,1895
259 17:07
4,4207 4,4529
4,0516 4,0837
4,5301 4,5629
5,1566 5,1898
260 17:08
4,4207 4,4529
4,0520 4,0841
4,5301 4,5629
5,1572 5,1904
261 17:09
4,4227 4,4549
4,0538 4,0859
4,5329 4,5657
5,1584 5,1916
262 20:30
4,4229 4,4557
4,0522 4,0850
4,5280 4,5614
5,1587 5,1926
263 20:31
4,4229 4,4557
4,0518 4,0850
4,5280 4,5614
5,1587 5,1925
264 20:32
4,4231 4,4558
4,0518 4,0845
4,5278 4,5615
5,1589 5,1926
265 20:33
4,4231 4,4558
4,0518 4,0845
4,5277 4,5609
5,1589 5,1926
266 20:34
4,4229 4,4557
4,0514 4,0846
4,5277 4,5610
5,1587 5,1926
267 20:35
4,4231 4,4558
4,0514 4,0845
4,5277 4,5613
5,1587 5,1919
268 20:36
4,4229 4,4557
4,0518 4,0850
4,5277 4,5610
5,1587 5,1925
269 20:37
4,4229 4,4557
4,0518 4,0850
4,5277 4,5610
5,1587 5,1925
270 20:38
4,4229 4,4557
4,0518 4,0850
4,5277 4,5610
5,1587 5,1925
271 20:39
4,4229 4,4557
4,0522 4,0854
4,5277 4,5610
5,1588 5,1931
272 20:40
4,4229 4,4557
4,0524 4,0853
4,5277 4,5610
5,1593 5,1931
273 20:41
4,4229 4,4557
4,0524 4,0853
4,5276 4,5614
5,1593 5,1931
274 20:42
4,4229 4,4557
4,0524 4,0853
4,5276 4,5614
5,1593 5,1931
275 20:43
4,4229 4,4557
4,0524 4,0853
4,5280 4,5614
5,1593 5,1931
276 20:44
4,4229 4,4557
4,0522 4,0854
4,5280 4,5614
5,1593 5,1931
277 20:45
4,4219 4,4559
4,0512 4,0856
4,5271 4,5612
5,1581 5,1933
278 20:46
4,4229 4,4557
4,0522 4,0850
4,5278 4,5611
5,1587 5,1926
279 20:47
4,4229 4,4557
4,0524 4,0853
4,5277 4,5610
5,1593 5,1931
280 20:48
4,4231 4,4558
4,0526 4,0854
4,5273 4,5610
5,1589 5,1926
281 20:49
4,4231 4,4558
4,0526 4,0854
4,5275 4,5609
5,1589 5,1926
282 20:50
4,4229 4,4557
4,0520 4,0849
4,5272 4,5605
5,1587 5,1926
283 20:51
4,4231 4,4558
4,0522 4,0850
4,5272 4,5604
5,1589 5,1926
284 20:52
4,4231 4,4558
4,0521 4,0852
4,5272 4,5604
5,1587 5,1919
285 20:53
4,4229 4,4557
4,0522 4,0854
4,5266 4,5604
5,1587 5,1919
286 20:54
4,4229 4,4557
4,0522 4,0850
4,5277 4,5610
5,1581 5,1919
287 20:55
4,4229 4,4557
4,0522 4,0850
4,5277 4,5610
5,1581 5,1919
288 20:56
4,4229 4,4557
4,0522 4,0850
4,5278 4,5615
5,1581 5,1919
289 20:57
4,4231 4,4558
4,0522 4,0850
4,5277 4,5609
5,1583 5,1920
290 20:58
4,4231 4,4558
4,0518 4,0849
4,5282 4,5615
5,1577 5,1914
291 20:59
4,4232 4,4559
4,0519 4,0846
4,5283 4,5616
5,1578 5,1915
292 21:00
4,4234 4,4561
4,0517 4,0848
4,5285 4,5618
5,1580 5,1917
293 21:01
4,4236 4,4563
4,0523 4,0851
4,5287 4,5619
5,1588 5,1920
294 21:02
4,4236 4,4562
4,0521 4,0850
4,5287 4,5619
5,1589 5,1925
295 21:03
4,4236 4,4563
4,0523 4,0855
4,5287 4,5620
5,1581 5,1919
296 21:04
4,4236 4,4563
4,0525 4,0854
4,5287 4,5619
5,1588 5,1925
297 21:05
4,4236 4,4562
4,0523 4,0850
4,5287 4,5619
5,1588 5,1920
298 21:06
4,4236 4,4563
4,0519 4,0850
4,5287 4,5620
5,1583 5,1920
299 21:07
4,4236 4,4562
4,0519 4,0850
4,5287 4,5619
5,1583 5,1919
300 21:08
4,4237 4,4564
4,0524 4,0852
4,5283 4,5615
5,1590 5,1927
301 21:09
4,4236 4,4562
4,0524 4,0854
4,5284 4,5615
5,1589 5,1925
302 21:10
4,4237 4,4563
4,0529 4,0859
4,5285 4,5616
5,1590 5,1926
303 21:11
4,4238 4,4563
4,0525 4,0855
4,5284 4,5614
5,1591 5,1926
304 21:12
4,4236 4,4562
4,0532 4,0858
4,5284 4,5615
5,1595 5,1931
305 21:13
4,4236 4,4563
4,0530 4,0861
4,5282 4,5614
5,1599 5,1931
306 21:14
4,4236 4,4565
4,0534 4,0868
4,5282 4,5616
5,1601 5,1940
307 21:15
4,4240 4,4566
4,0543 4,0873
4,5285 4,5618
5,1605 5,1941
308 21:16
4,4237 4,4571
4,0546 4,0881
4,5285 4,5628
5,1608 5,1954
309 21:17
4,4238 4,4567
4,0543 4,0873
4,5284 4,5618
5,1608 5,1948
310 21:18
4,4239 4,4567
4,0546 4,0874
4,5292 4,5625
5,1611 5,1950
311 21:19
4,4240 4,4566
4,0547 4,0873
4,5293 4,5624
5,1612 5,1948
312 21:20
4,4240 4,4566
4,0549 4,0876
4,5293 4,5624
5,1613 5,1948
313 21:21
4,4241 4,4568
4,0542 4,0873
4,5292 4,5624
5,1605 5,1943
314 21:22
4,4240 4,4566
4,0543 4,0873
4,5293 4,5624
5,1605 5,1941
315 21:23
4,4240 4,4566
4,0547 4,0873
4,5293 4,5624
5,1605 5,1941
316 21:24
4,4240 4,4566
4,0553 4,0880
4,5297 4,5628
5,1612 5,1948
317 21:25
4,4240 4,4566
4,0553 4,0880
4,5297 4,5628
5,1612 5,1948
318 21:26
4,4240 4,4567
4,0553 4,0881
4,5291 4,5627
5,1610 5,1948
319 21:27
4,4240 4,4567
4,0549 4,0881
4,5291 4,5623
5,1610 5,1948
320 21:28
4,4240 4,4567
4,0556 4,0883
4,5295 4,5627
5,1610 5,1948
321 21:29
4,4240 4,4567
4,0556 4,0883
4,5295 4,5627
5,1610 5,1948
322 21:30
4,4241 4,4567
4,0557 4,0884
4,5292 4,5624
5,1614 5,1949
323 21:31
4,4241 4,4567
4,0559 4,0889
4,5294 4,5625
5,1613 5,1949
324 21:32
4,4219 4,4583
4,0538 4,0904
4,5270 4,5640
5,1588 5,1969
325 21:33
4,4241 4,4567
4,0559 4,0887
4,5289 4,5620
5,1613 5,1949
326 21:34
4,4241 4,4567
4,0554 4,0885
4,5289 4,5620
5,1613 5,1950
327 21:35
4,4241 4,4567
4,0555 4,0884
4,5289 4,5620
5,1613 5,1949
328 21:36
4,4241 4,4567
4,0559 4,0889
4,5294 4,5625
5,1613 5,1949
329 21:37
4,4218 4,4582
4,0537 4,0902
4,5265 4,5639
5,1592 5,1972
330 21:38
4,4217 4,4581
4,0536 4,0901
4,5264 4,5635
5,1585 5,1965
331 21:39
4,4217 4,4581
4,0536 4,0901
4,5263 4,5633
5,1585 5,1965
332 21:40
4,4217 4,4581
4,0536 4,0901
4,5268 4,5638
5,1585 5,1965
333 21:41
4,4241 4,4567
4,0559 4,0889
4,5294 4,5625
5,1613 5,1949
334 21:42
4,4241 4,4567
4,0559 4,0889
4,5288 4,5624
5,1613 5,1949
335 21:43
4,4241 4,4567
4,0559 4,0889
4,5289 4,5622
5,1613 5,1949
336 21:44
4,4241 4,4567
4,0561 4,0888
4,5289 4,5620
5,1618 5,1950
337 21:45
4,4219 4,4585
4,0542 4,0906
4,5270 4,5642
5,1588 5,1971
338 21:46
4,4222 4,4585
4,0544 4,0908
4,5273 4,5642
5,1591 5,1970
339 21:47
4,4222 4,4585
4,0544 4,0908
4,5273 4,5646
5,1593 5,1969
340 21:48
4,4222 4,4585
4,0548 4,0908
4,5278 4,5647
5,1595 5,1975
341 21:49
4,4222 4,4585
4,0548 4,0908
4,5278 4,5647
5,1595 5,1969
342 21:50
4,4222 4,4585
4,0548 4,0912
4,5278 4,5647
5,1596 5,1975
343 21:51
4,4221 4,4583
4,0548 4,0908
4,5277 4,5645
5,1589 5,1967
344 21:52
4,4241 4,4567
4,0565 4,0892
4,5297 4,5633
5,1613 5,1953
345 21:53
4,4241 4,4567
4,0561 4,0892
4,5303 4,5634
5,1618 5,1950
346 21:54
4,4223 4,4584
4,0548 4,0907
4,5282 4,5650
5,1591 5,1967
347 21:55
4,4222 4,4582
4,0545 4,0903
4,5282 4,5648
5,1592 5,1967
348 21:56
4,4223 4,4582
4,0540 4,0901
4,5283 4,5648
5,1585 5,1954
349 21:57
4,4223 4,4580
4,0540 4,0899
4,5283 4,5646
5,1573 5,1946
350 21:58
4,4223 4,4580
4,0540 4,0899
4,5283 4,5646
5,1573 5,1946
351 21:59
4,4223 4,4582
4,0540 4,0897
4,5274 4,5639
5,1569 5,1941
352 22:00
4,4222 4,4582
4,0540 4,0901
4,5278 4,5644
5,1567 5,1942
353 22:01
4,4222 4,4582
4,0535 4,0894
4,5269 4,5636
5,1572 5,1948
354 22:02
4,4240 4,4568
4,0549 4,0882
4,5291 4,5625
5,1589 5,1925
355 22:03
4,4232 4,4559
4,0540 4,0869
4,5283 4,5616
5,1576 5,1908
356 22:04
4,4232 4,4559
4,0541 4,0872
4,5283 4,5616
5,1578 5,1915
357 22:05
4,4217 4,4577
4,0529 4,0891
4,5268 4,5634
5,1562 5,1937
358 22:06
4,4217 4,4577
4,0529 4,0891
4,5268 4,5634
5,1568 5,1943
359 22:07
4,4231 4,4559
4,0542 4,0874
4,5282 4,5616
5,1583 5,1921
360 22:08
4,4230 4,4558
4,0541 4,0873
4,5281 4,5615
5,1582 5,1914
361 22:09
4,4230 4,4559
4,0539 4,0872
4,5281 4,5616
5,1576 5,1915
362 22:10
4,4230 4,4559
4,0543 4,0872
4,5281 4,5616
5,1576 5,1915
363 22:11
4,4230 4,4559
4,0543 4,0876
4,5281 4,5616
5,1580 5,1920
364 22:12
4,4228 4,4557
4,0541 4,0874
4,5279 4,5614
5,1578 5,1918
365 22:13
4,4228 4,4557
4,0541 4,0874
4,5279 4,5617
5,1578 5,1918
366 22:14
4,4227 4,4555
4,0542 4,0874
4,5282 4,5615
5,1579 5,1918
367 22:15
4,4223 4,4555
4,0538 4,0873
4,5278 4,5616
5,1575 5,1918
368 22:16
4,4223 4,4555
4,0538 4,0874
4,5280 4,5617
5,1575 5,1918
369 22:17
4,4223 4,4555
4,0542 4,0874
4,5280 4,5617
5,1575 5,1918
370 22:18
4,4223 4,4555
4,0542 4,0874
4,5274 4,5612
5,1575 5,1918
371 22:19
4,4224 4,4560
4,0543 4,0879
4,5281 4,5622
5,1576 5,1923
372 22:20
4,4223 4,4555
4,0542 4,0874
4,5280 4,5617
5,1580 5,1916
373 22:21
4,4223 4,4555
4,0542 4,0878
4,5280 4,5617
5,1581 5,1924
374 22:22
4,4223 4,4555
4,0542 4,0878
4,5280 4,5617
5,1575 5,1918
375 22:23
4,4220 4,4556
4,0539 4,0879
4,5271 4,5617
5,1570 5,1918
376 22:24
4,4220 4,4556
4,0539 4,0879
4,5271 4,5617
5,1570 5,1918
377 22:25
4,4220 4,4557
4,0539 4,0879
4,5271 4,5618
5,1570 5,1919
378 22:26
4,4218 4,4554
4,0537 4,0876
4,5269 4,5615
5,1569 5,1916
379 22:27
4,4219 4,4555
4,0542 4,0878
4,5276 4,5617
5,1570 5,1917
380 22:28
4,4218 4,4555
4,0539 4,0876
4,5273 4,5615
5,1567 5,1915
381 22:29
4,4221 4,4558
4,0540 4,0880
4,5276 4,5618
5,1571 5,1920
382 22:30
4,4222 4,4558
4,0545 4,0881
4,5279 4,5620
5,1572 5,1920
383 22:31
4,4223 4,4564
4,0549 4,0891
4,5279 4,5630
5,1579 5,1934
384 22:32
4,4221 4,4557
4,0547 4,0887
4,5277 4,5623
5,1577 5,1925
385 22:33
4,4222 4,4563
4,0548 4,0888
4,5277 4,5623
5,1577 5,1931
386 22:34
4,4223 4,4558
4,0548 4,0883
4,5278 4,5618
5,1580 5,1919
387 22:35
4,4221 4,4557
4,0548 4,0884
4,5272 4,5618
5,1577 5,1925
388 22:36
4,4221 4,4557
4,0548 4,0884
4,5272 4,5618
5,1577 5,1923
389 22:37
4,4221 4,4557
4,0548 4,0884
4,5272 4,5614
5,1578 5,1921
390 22:38
4,4219 4,4556
4,0544 4,0881
4,5274 4,5617
5,1575 5,1924
391 22:39
4,4218 4,4554
4,0545 4,0885
4,5273 4,5615
5,1575 5,1922
392 22:40
4,4216 4,4554
4,0543 4,0881
4,5267 4,5615
5,1571 5,1921
393 22:41
4,4217 4,4556
4,0542 4,0881
4,5268 4,5617
5,1573 5,1924
394 22:42
4,4217 4,4556
4,0542 4,0881
4,5268 4,5617
5,1571 5,1923
395 22:43
4,4217 4,4555
4,0544 4,0882
4,5268 4,5616
5,1579 5,1929
396 22:44
4,4217 4,4556
4,0542 4,0881
4,5268 4,5617
5,1571 5,1923
397 22:45
4,4217 4,4556
4,0542 4,0881
4,5268 4,5617
5,1571 5,1923
398 22:46
4,4218 4,4559
4,0543 4,0884
4,5273 4,5620
5,1578 5,1932
399 22:47
4,4214 4,4556
4,0537 4,0882
4,5271 4,5618
5,1577 5,1924
400 22:48
4,4221 4,4566
4,0543 4,0887
4,5272 4,5627
5,1583 5,1940
401 22:49
4,4214 4,4558
4,0535 4,0881
4,5265 4,5615
5,1572 5,1928
402 22:50
4,4189 4,4598
4,0511 4,0916
4,5238 4,5656
5,1542 5,1970
403 22:51
4,4214 4,4576
4,0533 4,0896
4,5265 4,5633
5,1569 5,1947
404 22:52
4,4214 4,4576
4,0533 4,0896
4,5265 4,5633
5,1569 5,1947
405 22:53
4,4192 4,4602
4,0513 4,0921
4,5242 4,5660
5,1548 5,1975
406 22:54
4,4215 4,4575
4,0538 4,0895
4,5262 4,5633
5,1576 5,1952
407 22:55
4,4149 4,4640
4,0477 4,0959
4,5191 4,5699
5,1504 5,2017
408 22:56
4,4211 4,4549
4,0535 4,0877
4,5258 4,5607
5,1565 5,1917
409 22:57
4,4210 4,4567
4,0528 4,0887
4,5255 4,5623
5,1559 5,1936
410 22:58
4,4212 4,4565
4,0534 4,0889
4,5262 4,5622
5,1559 5,1933
411 22:59
4,4210 4,4567
4,0532 4,0891
4,5256 4,5619
5,1558 5,1931
412 23:00
4,4212 4,4565
4,0506 4,0885
4,5215 4,5653
5,1549 5,1952
413 23:01
4,4212 4,4565
4,0504 4,0885
4,5215 4,5653
5,1547 5,1951
414 23:02
4,4211 4,4566
4,0523 4,0887
4,5140 4,5706
5,1534 5,1955
415 23:03
4,4211 4,4566
4,0519 4,0891
4,5077 4,5768
5,1539 5,1965
416 23:04
4,4211 4,4566
4,0519 4,0891
4,5081 4,5768
5,1539 5,1965
417 23:05
4,4211 4,4566
4,0519 4,0891
4,5081 4,5768
5,1539 5,1965
418 23:06
4,4211 4,4566
4,0525 4,0894
4,5211 4,5786
5,1551 5,1968
419 23:07
4,4211 4,4566
4,0525 4,0894
4,5229 4,5786
5,1548 5,1953
420 23:08
4,4100 4,4676
4,0425 4,0996
4,5117 4,5900
5,1427 5,2061
421 23:09
4,4119 4,4657
4,0443 4,0979
4,5136 4,5881
5,1449 5,2033
422 23:10
4,4126 4,4650
4,0448 4,0971
4,5143 4,5874
5,1457 5,2025
423 23:11
4,4129 4,4648
4,0450 4,0961
4,5144 4,5870
5,1461 5,2022
424 23:12
4,4130 4,4647
4,0426 4,0962
4,5118 4,5864
5,1438 5,2015
425 23:13
4,4130 4,4647
4,0441 4,0965
4,5128 4,5865
5,1448 5,2020
426 23:14
4,4130 4,4646
4,0441 4,0964
4,5134 4,5865
5,1450 5,2020
427 23:15
4,4130 4,4646
4,0441 4,0964
4,5134 4,5865
5,1450 5,2020
428 23:16
4,4130 4,4646
4,0441 4,0964
4,5134 4,5865
5,1414 5,2014
429 23:17
4,4130 4,4646
4,0442 4,0962
4,5128 4,5864
5,1408 5,2014
430 23:18
4,4129 4,4645
4,0441 4,0957
4,5127 4,5863
5,1413 5,2014
431 23:19
4,4129 4,4645
4,0449 4,0961
4,5136 4,5864
5,1413 5,2013
432 23:20
4,4211 4,4566
4,0515 4,0887
4,5225 4,5786
5,1498 5,1928
433 23:21
4,4211 4,4566
4,0518 4,0883
4,5225 4,5786
5,1498 5,1928
434 23:22
4,4211 4,4566
4,0525 4,0890
4,5225 4,5789
5,1542 5,1946
435 23:23
4,4211 4,4566
4,0523 4,0887
4,5225 4,5786
5,1509 5,1935
436 23:24
Definite connection error