#======================
2023-10-10
# 1.EUR, 2.USD, 3.CHF, 4.GBP
Sell Price, Buy Price
1 08:48:21
4,5436 4,5758
4,3042 4,3364
4,7460 4,7788
5,2619 5,2951
2 08:49:20
4,5424 4,5746
4,3022 4,3344
4,7440 4,7768
5,2603 5,2935
3 08:50:20
4,5404 4,5726
4,3004 4,3326
4,7418 4,7746
5,2579 5,2911
4 08:51:21
4,5408 4,5730
4,3009 4,3331
4,7427 4,7755
5,2582 5,2914
5 08:52:21
4,5413 4,5735
4,3012 4,3334
4,7435 4,7763
5,2588 5,2920
6 08:53:21
4,5411 4,5733
4,3005 4,3327
4,7433 4,7761
5,2589 5,2921
7 08:54:20
4,5412 4,5734
4,3011 4,3333
4,7441 4,7769
5,2591 5,2923
8 08:55:20
4,5420 4,5742
4,3018 4,3340
4,7453 4,7781
5,2600 5,2932
9 08:56:21
4,5431 4,5753
4,3016 4,3338
4,7461 4,7789
5,2612 5,2944
10 08:57:21
4,5438 4,5760
4,3028 4,3350
4,7477 4,7805
5,2618 5,2950
11 08:58:21
4,5442 4,5764
4,3027 4,3349
4,7488 4,7816
5,2616 5,2948
12 08:59:21
4,5436 4,5758
4,3022 4,3344
4,7480 4,7808
5,2606 5,2938
13 09:00:20
4,5437 4,5759
4,3022 4,3344
4,7485 4,7813
5,2604 5,2936
14 09:01:20
4,5438 4,5760
4,3013 4,3335
4,7476 4,7804
5,2602 5,2934
15 09:02:21
4,5439 4,5761
4,3004 4,3326
4,7489 4,7817
5,2600 5,2932
16 09:03:21
4,5424 4,5746
4,3000 4,3322
4,7466 4,7794
5,2586 5,2918
17 09:04:21
4,5413 4,5735
4,2994 4,3316
4,7466 4,7794
5,2572 5,2904
18 09:05:20
4,5418 4,5740
4,2998 4,3320
4,7471 4,7799
5,2573 5,2905
19 09:06:20
4,5424 4,5746
4,3014 4,3335
4,7465 4,7793
5,2571 5,2903
20 09:07:21
4,5416 4,5738
4,2998 4,3319
4,7465 4,7793
5,2564 5,2896
21 09:08:21
4,5424 4,5746
4,3006 4,3327
4,7474 4,7802
5,2570 5,2902
22 09:09:21
4,5425 4,5747
4,3007 4,3328
4,7471 4,7799
5,2564 5,2896
23 09:10:20
4,5423 4,5745
4,3005 4,3326
4,7475 4,7803
5,2557 5,2889
24 09:11:20
4,5427 4,5749
4,2995 4,3316
4,7474 4,7803
5,2556 5,2889
25 09:12:21
4,5417 4,5739
4,2995 4,3316
4,7458 4,7787
5,2552 5,2885
26 09:13:21
4,5413 4,5735
4,2996 4,3317
4,7447 4,7776
5,2548 5,2881
27 09:14:21
4,5418 4,5740
4,2996 4,3317
4,7449 4,7778
5,2556 5,2889
28 09:15:21
4,5417 4,5739
4,3001 4,3322
4,7463 4,7792
5,2559 5,2892
29 09:16:21
4,5405 4,5727
4,2981 4,3302
4,7447 4,7776
5,2548 5,2880
30 09:17:21
4,5413 4,5735
4,3006 4,3327
4,7459 4,7788
5,2565 5,2897
31 09:18:20
4,5415 4,5737
4,3020 4,3341
4,7452 4,7781
5,2569 5,2901
32 09:19:20
4,5411 4,5733
4,3014 4,3335
4,7444 4,7773
5,2564 5,2896
33 09:20:21
4,5414 4,5736
4,3013 4,3334
4,7446 4,7775
5,2573 5,2905
34 09:21:21
4,5414 4,5736
4,3009 4,3330
4,7456 4,7783
5,2578 5,2910
35 09:22:21
4,5418 4,5740
4,3009 4,3330
4,7453 4,7780
5,2585 5,2917
36 09:23:20
4,5408 4,5730
4,3001 4,3322
4,7435 4,7762
5,2576 5,2908
37 09:24:20
4,5415 4,5737
4,3010 4,3331
4,7452 4,7779
5,2584 5,2916
38 09:25:21
4,5393 4,5715
4,2983 4,3304
4,7427 4,7754
5,2559 5,2891
39 09:26:21
4,5409 4,5731
4,3008 4,3329
4,7435 4,7764
5,2576 5,2908
40 09:27:20
4,5409 4,5731
4,3012 4,3333
4,7420 4,7749
5,2578 5,2910
41 09:28:20
4,5409 4,5731
4,3010 4,3331
4,7413 4,7742
5,2578 5,2910
42 09:29:21
4,5410 4,5732
4,3009 4,3330
4,7419 4,7748
5,2582 5,2914
43 09:30:21
4,5396 4,5718
4,2990 4,3311
4,7397 4,7726
5,2564 5,2896
44 09:31:21
4,5396 4,5718
4,2981 4,3302
4,7390 4,7718
5,2556 5,2888
45 09:32:21
4,5396 4,5718
4,2985 4,3306
4,7392 4,7720
5,2562 5,2894
46 09:33:20
4,5398 4,5720
4,2985 4,3306
4,7395 4,7723
5,2560 5,2892
47 09:34:20
4,5396 4,5718
4,2984 4,3305
4,7397 4,7725
5,2559 5,2891
48 09:35:21
4,5397 4,5719
4,2987 4,3308
4,7409 4,7737
5,2561 5,2893
49 09:36:21
4,5395 4,5717
4,2979 4,3300
4,7399 4,7728
5,2562 5,2894
50 09:37:21
4,5374 4,5696
4,2963 4,3284
4,7379 4,7708
5,2544 5,2876
51 09:38:20
4,5377 4,5699
4,2955 4,3276
4,7390 4,7719
5,2547 5,2879
52 09:39:20
4,5381 4,5703
4,2959 4,3280
4,7401 4,7730
5,2555 5,2887
53 09:40:21
4,5382 4,5704
4,2956 4,3277
4,7406 4,7735
5,2557 5,2889
54 09:41:21
4,5383 4,5705
4,2943 4,3264
4,7413 4,7741
5,2556 5,2888
55 09:42:21
4,5382 4,5704
4,2935 4,3256
4,7413 4,7741
5,2555 5,2887
56 09:43:20
4,5381 4,5703
4,2940 4,3261
4,7404 4,7732
5,2551 5,2883
57 09:44:20
4,5382 4,5704
4,2943 4,3264
4,7406 4,7734
5,2546 5,2878
58 09:45:21
4,5382 4,5704
4,2948 4,3269
4,7403 4,7731
5,2544 5,2876
59 09:46:21
4,5385 4,5707
4,2955 4,3276
4,7406 4,7734
5,2543 5,2876
60 09:47:20
4,5403 4,5725
4,2978 4,3299
4,7423 4,7751
5,2558 5,2891
61 09:48:20
4,5406 4,5728
4,2971 4,3292
4,7428 4,7756
5,2558 5,2891
62 09:49:20
4,5425 4,5747
4,2991 4,3312
4,7445 4,7773
5,2578 5,2911
63 09:50:21
4,5422 4,5744
4,2987 4,3308
4,7441 4,7769
5,2573 5,2906
64 09:51:21
4,5418 4,5740
4,2982 4,3303
4,7436 4,7764
5,2564 5,2896
65 09:52:20
4,5426 4,5748
4,2994 4,3315
4,7437 4,7765
5,2580 5,2912
66 09:53:20
4,5425 4,5747
4,2993 4,3314
4,7433 4,7761
5,2584 5,2916
67 09:54:21
4,5428 4,5750
4,2994 4,3315
4,7434 4,7762
5,2588 5,2920
68 09:55:21
4,5433 4,5755
4,2994 4,3315
4,7440 4,7768
5,2593 5,2925
69 09:56:21
4,5430 4,5752
4,2984 4,3305
4,7436 4,7764
5,2578 5,2910
70 09:57:21
4,5429 4,5751
4,2980 4,3301
4,7432 4,7760
5,2585 5,2917
71 09:58:21
4,5429 4,5751
4,2974 4,3295
4,7442 4,7770
5,2583 5,2915
72 09:59:21
4,5428 4,5750
4,2969 4,3290
4,7441 4,7769
5,2582 5,2914
73 10:00:21
4,5429 4,5751
4,2968 4,3289
4,7444 4,7772
5,2586 5,2918
74 10:01:20
4,5429 4,5751
4,2976 4,3297
4,7452 4,7780
5,2574 5,2906
75 10:02:20
4,5428 4,5750
4,2963 4,3284
4,7460 4,7788
5,2572 5,2904
76 10:03:21
4,5412 4,5734
4,2948 4,3269
4,7437 4,7765
5,2552 5,2884
77 10:04:21
4,5420 4,5742
4,2955 4,3276
4,7426 4,7754
5,2560 5,2892
78 10:05:21
4,5413 4,5735
4,2951 4,3272
4,7416 4,7744
5,2546 5,2878
79 10:06:20
4,5393 4,5715
4,2924 4,3245
4,7391 4,7720
5,2519 5,2852
80 10:07:20
4,5394 4,5716
4,2925 4,3246
4,7390 4,7719
5,2514 5,2847
81 10:08:21
4,5398 4,5720
4,2928 4,3249
4,7394 4,7723
5,2512 5,2845
82 10:09:21
4,5416 4,5738
4,2945 4,3266
4,7414 4,7743
5,2533 5,2866
83 10:10:20
4,5416 4,5738
4,2947 4,3268
4,7420 4,7749
5,2533 5,2866
84 10:11:20
4,5416 4,5738
4,2950 4,3271
4,7420 4,7749
5,2536 5,2868
85 10:12:21
4,5424 4,5746
4,2955 4,3276
4,7428 4,7757
5,2546 5,2878
86 10:13:21
4,5421 4,5743
4,2954 4,3275
4,7428 4,7757
5,2545 5,2877
87 10:14:21
4,5408 4,5730
4,2911 4,3232
4,7412 4,7741
5,2531 5,2863
88 10:15:20
4,5410 4,5732
4,2911 4,3232
4,7417 4,7746
5,2531 5,2863
89 10:16:20
4,5419 4,5741
4,2918 4,3239
4,7429 4,7757
5,2555 5,2887
90 10:17:21
4,5420 4,5742
4,2921 4,3242
4,7425 4,7753
5,2566 5,2898
91 10:18:21
4,5422 4,5744
4,2933 4,3254
4,7430 4,7758
5,2575 5,2907
92 10:19:21
4,5422 4,5744
4,2945 4,3266
4,7432 4,7760
5,2578 5,2910
93 10:20:20
4,5422 4,5744
4,2947 4,3268
4,7428 4,7756
5,2577 5,2909
94 10:21:20
4,5425 4,5747
4,2952 4,3273
4,7433 4,7761
5,2583 5,2916
95 10:22:21
4,5424 4,5746
4,2930 4,3251
4,7429 4,7757
5,2583 5,2916
96 10:23:21
4,5424 4,5746
4,2935 4,3256
4,7432 4,7760
5,2579 5,2912
97 10:24:21
4,5424 4,5746
4,2932 4,3253
4,7427 4,7755
5,2569 5,2902
98 10:25:21
4,5423 4,5745
4,2929 4,3250
4,7416 4,7744
5,2574 5,2907
99 10:26:20
4,5424 4,5746
4,2926 4,3247
4,7412 4,7740
5,2576 5,2908
100 10:27:21
4,5409 4,5731
4,2896 4,3217
4,7394 4,7722
5,2548 5,2880
101 10:28:21
4,5405 4,5727
4,2890 4,3211
4,7388 4,7716
5,2546 5,2878
102 10:29:21
4,5421 4,5743
4,2901 4,3222
4,7389 4,7717
5,2562 5,2894
103 10:30:21
4,5411 4,5733
4,2881 4,3202
4,7382 4,7710
5,2553 5,2885
104 10:31:21
4,5407 4,5729
4,2856 4,3177
4,7360 4,7689
5,2538 5,2870
105 10:32:21
4,5408 4,5730
4,2857 4,3178
4,7365 4,7694
5,2540 5,2872
106 10:33:20
4,5410 4,5732
4,2861 4,3182
4,7367 4,7696
5,2548 5,2880
107 10:34:21
4,5413 4,5735
4,2857 4,3178
4,7368 4,7697
5,2551 5,2883
108 10:35:21
4,5423 4,5745
4,2871 4,3192
4,7373 4,7702
5,2567 5,2899
109 10:36:21
4,5425 4,5747
4,2866 4,3187
4,7368 4,7696
5,2582 5,2914
110 10:37:21
4,5425 4,5747
4,2870 4,3191
4,7368 4,7696
5,2593 5,2925
111 10:38:20
4,5419 4,5741
4,2861 4,3182
4,7364 4,7692
5,2577 5,2909
112 10:39:20
4,5422 4,5744
4,2870 4,3191
4,7375 4,7703
5,2587 5,2919
113 10:40:21
4,5394 4,5716
4,2834 4,3155
4,7349 4,7677
5,2567 5,2899
114 10:41:21
4,5397 4,5719
4,2838 4,3159
4,7350 4,7679
5,2570 5,2902
115 10:42:21
4,5394 4,5716
4,2833 4,3154
4,7348 4,7677
5,2570 5,2902
116 10:43:20
4,5395 4,5717
4,2834 4,3155
4,7349 4,7678
5,2565 5,2897
117 10:44:20
4,5416 4,5738
4,2852 4,3173
4,7368 4,7697
5,2593 5,2925
118 10:45:21
4,5417 4,5739
4,2853 4,3174
4,7379 4,7708
5,2596 5,2928
119 10:46:21
4,5416 4,5738
4,2848 4,3169
4,7374 4,7702
5,2595 5,2927
120 10:47:21
4,5414 4,5736
4,2824 4,3145
4,7362 4,7690
5,2581 5,2913
121 10:48:21
4,5401 4,5723
4,2815 4,3136
4,7351 4,7679
5,2565 5,2897
122 10:49:20
4,5403 4,5725
4,2819 4,3140
4,7355 4,7683
5,2570 5,2902
123 10:50:20
4,5400 4,5722
4,2815 4,3136
4,7353 4,7681
5,2560 5,2892
124 10:51:21
4,5397 4,5719
4,2808 4,3129
4,7352 4,7680
5,2555 5,2887
125 10:52:21
4,5402 4,5724
4,2807 4,3128
4,7360 4,7688
5,2571 5,2903
126 10:53:20
4,5397 4,5719
4,2802 4,3123
4,7354 4,7682
5,2558 5,2890
127 10:54:20
4,5409 4,5731
4,2804 4,3125
4,7361 4,7689
5,2568 5,2900
128 10:55:21
4,5405 4,5727
4,2797 4,3118
4,7361 4,7689
5,2564 5,2896
129 10:56:21
4,5412 4,5734
4,2804 4,3125
4,7368 4,7696
5,2566 5,2898
130 10:57:21
4,5415 4,5737
4,2818 4,3139
4,7365 4,7693
5,2566 5,2898
131 10:58:21
4,5416 4,5738
4,2825 4,3146
4,7371 4,7699
5,2575 5,2907
132 10:59:20
4,5416 4,5738
4,2830 4,3151
4,7367 4,7695
5,2578 5,2910
133 11:00:20
4,5417 4,5739
4,2829 4,3150
4,7370 4,7698
5,2581 5,2913
134 11:01:20
4,5417 4,5739
4,2831 4,3152
4,7363 4,7691
5,2578 5,2910
135 11:02:21
4,5410 4,5732
4,2826 4,3147
4,7340 4,7668
5,2555 5,2887
136 11:03:20
4,5410 4,5732
4,2832 4,3153
4,7343 4,7671
5,2567 5,2899
137 11:04:21
4,5404 4,5726
4,2843 4,3164
4,7342 4,7670
5,2553 5,2885
138 11:05:21
4,5407 4,5729
4,2821 4,3142
4,7339 4,7667
5,2541 5,2873
139 11:06:20
4,5407 4,5729
4,2823 4,3144
4,7343 4,7671
5,2539 5,2871
140 11:07:20
4,5404 4,5726
4,2816 4,3137
4,7336 4,7664
5,2525 5,2857
141 11:08:21
4,5404 4,5726
4,2829 4,3150
4,7337 4,7665
5,2532 5,2864
142 11:09:20
4,5406 4,5728
4,2838 4,3159
4,7339 4,7667
5,2532 5,2864
143 11:10:21
4,5406 4,5728
4,2832 4,3153
4,7349 4,7677
5,2535 5,2867
144 11:11:21
4,5405 4,5727
4,2833 4,3154
4,7349 4,7677
5,2543 5,2875
145 11:12:20
4,5404 4,5726
4,2828 4,3149
4,7346 4,7674
5,2544 5,2876
146 11:13:20
4,5405 4,5727
4,2831 4,3152
4,7352 4,7680
5,2533 5,2865
147 11:14:21
4,5405 4,5727
4,2831 4,3152
4,7350 4,7678
5,2529 5,2861
148 11:15:21
4,5402 4,5724
4,2832 4,3153
4,7344 4,7672
5,2524 5,2856
149 11:16:21
4,5394 4,5716
4,2821 4,3142
4,7334 4,7662
5,2512 5,2844
150 11:17:21
4,5388 4,5710
4,2813 4,3134
4,7320 4,7648
5,2508 5,2840
151 11:18:20
4,5392 4,5714
4,2805 4,3126
4,7324 4,7652
5,2508 5,2840
152 11:19:20
4,5384 4,5706
4,2799 4,3120
4,7321 4,7649
5,2507 5,2839
153 11:20:22
4,5384 4,5706
4,2801 4,3122
4,7320 4,7648
5,2512 5,2844
154 11:21:22
4,5386 4,5708
4,2809 4,3130
4,7321 4,7649
5,2521 5,2853
155 11:22:20
4,5387 4,5709
4,2805 4,3126
4,7324 4,7652
5,2510 5,2842
156 11:23:22
4,5387 4,5709
4,2803 4,3124
4,7320 4,7648
5,2504 5,2836
157 11:24:21
4,5394 4,5716
4,2792 4,3113
4,7326 4,7654
5,2520 5,2852
158 11:25:21
4,5394 4,5716
4,2796 4,3117
4,7341 4,7669
5,2523 5,2855
159 11:26:20
4,5384 4,5706
4,2789 4,3110
4,7336 4,7664
5,2522 5,2854
160 11:27:20
4,5391 4,5713
4,2792 4,3113
4,7346 4,7674
5,2524 5,2856
161 11:28:21
4,5387 4,5709
4,2783 4,3104
4,7342 4,7670
5,2519 5,2851
162 11:29:21
4,5384 4,5706
4,2771 4,3092
4,7338 4,7666
5,2515 5,2847
163 11:30:21
4,5385 4,5707
4,2770 4,3091
4,7341 4,7669
5,2523 5,2855
164 11:31:20
4,5397 4,5719
4,2791 4,3112
4,7351 4,7679
5,2533 5,2865
165 11:32:20
4,5391 4,5713
4,2780 4,3101
4,7343 4,7671
5,2529 5,2861
166 11:33:21
4,5380 4,5702
4,2770 4,3091
4,7334 4,7662
5,2517 5,2849
167 11:34:20
4,5377 4,5699
4,2764 4,3085
4,7328 4,7656
5,2516 5,2848
168 11:35:20
4,5369 4,5691
4,2762 4,3083
4,7325 4,7653
5,2514 5,2846
169 11:36:21
4,5377 4,5699
4,2779 4,3100
4,7329 4,7657
5,2489 5,2821
170 11:37:21
4,5388 4,5710
4,2801 4,3122
4,7342 4,7670
5,2509 5,2841
171 11:38:21
4,5383 4,5705
4,2800 4,3121
4,7337 4,7665
5,2523 5,2855
172 11:39:20
4,5385 4,5707
4,2790 4,3111
4,7339 4,7667
5,2538 5,2870
173 11:40:20
4,5392 4,5714
4,2797 4,3118
4,7344 4,7672
5,2554 5,2886
174 11:41:21
4,5386 4,5708
4,2802 4,3123
4,7336 4,7664
5,2542 5,2874
175 11:42:21
4,5389 4,5711
4,2803 4,3124
4,7341 4,7669
5,2564 5,2896
176 11:43:21
4,5389 4,5711
4,2804 4,3125
4,7341 4,7669
5,2561 5,2893
177 11:44:20
4,5417 4,5739
4,2843 4,3164
4,7373 4,7701
5,2590 5,2922
178 11:45:20
4,5408 4,5730
4,2822 4,3143
4,7361 4,7689
5,2570 5,2902
179 11:46:21
4,5425 4,5747
4,2836 4,3157
4,7381 4,7709
5,2590 5,2922
180 11:47:21
4,5431 4,5753
4,2842 4,3163
4,7385 4,7713
5,2607 5,2939
181 11:48:20
4,5442 4,5764
4,2852 4,3173
4,7398 4,7726
5,2622 5,2954
182 11:49:20
4,5448 4,5770
4,2850 4,3171
4,7403 4,7731
5,2626 5,2958
183 11:50:21
4,5451 4,5773
4,2852 4,3173
4,7405 4,7733
5,2620 5,2952
184 11:51:21
4,5458 4,5780
4,2865 4,3186
4,7413 4,7741
5,2636 5,2968
185 11:52:21
4,5459 4,5781
4,2851 4,3172
4,7413 4,7741
5,2626 5,2958
186 11:53:21
4,5460 4,5782
4,2851 4,3172
4,7412 4,7740
5,2627 5,2959
187 11:54:20
4,5445 4,5767
4,2842 4,3163
4,7399 4,7727
5,2613 5,2945
188 11:55:20
4,5444 4,5766
4,2842 4,3163
4,7398 4,7726
5,2609 5,2941
189 11:56:21
4,5444 4,5766
4,2848 4,3169
4,7394 4,7722
5,2619 5,2951
190 11:57:21
4,5443 4,5765
4,2851 4,3172
4,7395 4,7723
5,2608 5,2940
191 11:58:21
4,5439 4,5761
4,2843 4,3164
4,7394 4,7722
5,2596 5,2928
192 11:59:20
4,5438 4,5760
4,2850 4,3171
4,7390 4,7718
5,2587 5,2919
193 12:01:20
4,5448 4,5770
4,2876 4,3197
4,7402 4,7730
5,2623 5,2955
194 12:02:20
4,5447 4,5769
4,2875 4,3196
4,7399 4,7727
5,2624 5,2956
195 12:03:21
4,5446 4,5768
4,2875 4,3196
4,7398 4,7726
5,2627 5,2959
196 12:04:21
4,5422 4,5744
4,2843 4,3164
4,7372 4,7700
5,2599 5,2931
197 12:05:21
4,5414 4,5736
4,2847 4,3168
4,7363 4,7691
5,2590 5,2922
198 12:06:20
4,5413 4,5735
4,2841 4,3162
4,7361 4,7689
5,2588 5,2920
199 12:07:20
4,5416 4,5738
4,2839 4,3160
4,7369 4,7697
5,2598 5,2930
200 12:08:21
4,5417 4,5739
4,2843 4,3164
4,7371 4,7699
5,2599 5,2931
201 12:09:21
4,5418 4,5740
4,2841 4,3162
4,7373 4,7701
5,2597 5,2929
202 12:10:21
4,5420 4,5742
4,2837 4,3158
4,7370 4,7698
5,2605 5,2937
203 12:11:23
4,5419 4,5741
4,2836 4,3157
4,7370 4,7698
5,2600 5,2932
204 12:12:22
4,5440 4,5762
4,2854 4,3175
4,7387 4,7715
5,2624 5,2956
205 12:13:22
4,5425 4,5747
4,2843 4,3164
4,7367 4,7695
5,2606 5,2938
206 12:14:21
4,5429 4,5751
4,2848 4,3169
4,7373 4,7701
5,2609 5,2941
207 12:15:21
4,5422 4,5744
4,2844 4,3165
4,7366 4,7694
5,2600 5,2932
208 12:16:35
4,5407 4,5729
4,2833 4,3154
4,7341 4,7669
5,2575 5,2907
209 12:17:21
4,5430 4,5752
4,2857 4,3178
4,7366 4,7694
5,2611 5,2943
210 12:18:22
4,5425 4,5747
4,2857 4,3178
4,7362 4,7690
5,2603 5,2935
211 12:19:24
4,5423 4,5745
4,2863 4,3184
4,7364 4,7692
5,2604 5,2936
212 12:20:20
4,5425 4,5747
4,2869 4,3190
4,7369 4,7697
5,2606 5,2938
213 12:21:20
4,5424 4,5746
4,2863 4,3184
4,7372 4,7700
5,2606 5,2938
214 12:22:21
4,5423 4,5745
4,2864 4,3185
4,7369 4,7697
5,2612 5,2944
215 12:23:21
4,5425 4,5747
4,2866 4,3187
4,7368 4,7696
5,2610 5,2942
216 12:24:21
4,5422 4,5744
4,2870 4,3191
4,7366 4,7694
5,2610 5,2942
217 12:25:21
4,5423 4,5745
4,2870 4,3191
4,7364 4,7692
5,2606 5,2938
218 12:26:20
4,5423 4,5745
4,2868 4,3189
4,7361 4,7689
5,2606 5,2938
219 12:27:20
4,5417 4,5739
4,2863 4,3184
4,7358 4,7686
5,2600 5,2932
220 12:28:22
4,5419 4,5741
4,2860 4,3181
4,7362 4,7690
5,2608 5,2940
221 12:29:22
4,5418 4,5740
4,2866 4,3187
4,7363 4,7691
5,2609 5,2941
222 12:30:20
4,5423 4,5745
4,2869 4,3190
4,7369 4,7697
5,2612 5,2944
223 12:31:21
4,5422 4,5744
4,2864 4,3185
4,7358 4,7686
5,2608 5,2940
224 12:32:21
4,5425 4,5747
4,2860 4,3181
4,7370 4,7698
5,2611 5,2943
225 12:33:21
4,5425 4,5747
4,2856 4,3177
4,7368 4,7696
5,2612 5,2944
226 12:34:21
4,5425 4,5747
4,2862 4,3183
4,7368 4,7696
5,2611 5,2943
227 12:35:21
4,5425 4,5747
4,2862 4,3183
4,7368 4,7696
5,2611 5,2943
228 12:36:20
4,5426 4,5748
4,2872 4,3193
4,7370 4,7698
5,2607 5,2939
229 12:37:20
4,5427 4,5749
4,2874 4,3195
4,7365 4,7693
5,2603 5,2935
230 12:38:20
4,5426 4,5748
4,2865 4,3186
4,7365 4,7693
5,2604 5,2936
231 12:39:21
4,5427 4,5749
4,2864 4,3185
4,7365 4,7693
5,2604 5,2936
232 12:40:21
4,5421 4,5743
4,2860 4,3181
4,7359 4,7687
5,2593 5,2925
233 12:41:21
4,5423 4,5745
4,2862 4,3183
4,7362 4,7690
5,2603 5,2935
234 12:42:20
4,5434 4,5756
4,2868 4,3189
4,7373 4,7701
5,2610 5,2942
235 12:43:20
4,5436 4,5758
4,2866 4,3187
4,7382 4,7710
5,2619 5,2951
236 12:44:20
4,5436 4,5758
4,2868 4,3189
4,7385 4,7713
5,2622 5,2954
237 12:45:21
4,5426 4,5748
4,2865 4,3186
4,7377 4,7705
5,2609 5,2941
238 12:46:21
4,5431 4,5753
4,2868 4,3189
4,7382 4,7710
5,2615 5,2947
239 12:47:20
4,5432 4,5754
4,2873 4,3194
4,7384 4,7712
5,2620 5,2952
240 12:48:20
4,5442 4,5764
4,2885 4,3206
4,7396 4,7724
5,2633 5,2965
241 12:49:21
4,5442 4,5764
4,2883 4,3204
4,7393 4,7721
5,2628 5,2960
242 12:50:21
4,5444 4,5766
4,2890 4,3211
4,7398 4,7726
5,2633 5,2965
243 12:51:21
4,5444 4,5766
4,2888 4,3209
4,7407 4,7735
5,2640 5,2972
244 12:52:21
4,5447 4,5769
4,2891 4,3212
4,7406 4,7734
5,2640 5,2972
245 12:53:21
4,5448 4,5770
4,2892 4,3213
4,7405 4,7733
5,2635 5,2967
246 12:54:20
4,5447 4,5769
4,2892 4,3213
4,7405 4,7733
5,2637 5,2969
247 12:55:21
4,5460 4,5782
4,2906 4,3227
4,7418 4,7746
5,2646 5,2978
248 12:56:32
4,5456 4,5778
4,2906 4,3227
4,7413 4,7741
5,2639 5,2971
249 12:57:21
4,5456 4,5778
4,2910 4,3231
4,7408 4,7736
5,2630 5,2962
250 12:58:22
4,5458 4,5780
4,2920 4,3241
4,7406 4,7734
5,2629 5,2961
251 12:59:21
4,5459 4,5781
4,2917 4,3238
4,7407 4,7735
5,2630 5,2962
252 13:00:20
4,5459 4,5781
4,2915 4,3236
4,7413 4,7741
5,2633 5,2965
253 13:01:20
4,5456 4,5778
4,2924 4,3245
4,7400 4,7728
5,2632 5,2964
254 13:02:21
4,5443 4,5765
4,2908 4,3229
4,7388 4,7716
5,2608 5,2940
255 13:03:21
4,5446 4,5768
4,2913 4,3234
4,7383 4,7711
5,2592 5,2924
256 13:04:21
4,5440 4,5762
4,2905 4,3226
4,7367 4,7695
5,2587 5,2919
257 13:05:21
4,5441 4,5763
4,2912 4,3233
4,7373 4,7701
5,2590 5,2922
258 13:06:20
4,5442 4,5764
4,2913 4,3234
4,7376 4,7704
5,2597 5,2929
259 13:07:20
4,5437 4,5759
4,2912 4,3233
4,7366 4,7694
5,2597 5,2929
260 13:08:21
4,5442 4,5764
4,2922 4,3243
4,7370 4,7698
5,2601 5,2933
261 13:09:21
4,5440 4,5762
4,2915 4,3236
4,7369 4,7697
5,2595 5,2927
262 13:10:21
4,5439 4,5761
4,2930 4,3251
4,7368 4,7696
5,2603 5,2935
263 13:11:21
4,5444 4,5766
4,2947 4,3268
4,7375 4,7703
5,2606 5,2938
264 13:12:21
4,5447 4,5769
4,2948 4,3269
4,7386 4,7714
5,2615 5,2947
265 13:13:20
4,5447 4,5769
4,2950 4,3271
4,7382 4,7710
5,2619 5,2951
266 13:14:20
4,5445 4,5767
4,2942 4,3263
4,7376 4,7704
5,2620 5,2952
267 13:15:21
4,5445 4,5767
4,2934 4,3255
4,7373 4,7701
5,2616 5,2948
268 13:16:22
4,5445 4,5767
4,2926 4,3247
4,7384 4,7712
5,2619 5,2951
269 13:17:21
4,5445 4,5767
4,2934 4,3255
4,7379 4,7707
5,2616 5,2948
270 13:18:21
4,5446 4,5768
4,2924 4,3245
4,7375 4,7703
5,2617 5,2949
271 13:19:21
4,5445 4,5767
4,2926 4,3247
4,7377 4,7705
5,2613 5,2945
272 13:20:21
4,5443 4,5765
4,2926 4,3247
4,7375 4,7703
5,2608 5,2940
273 13:21:20
4,5433 4,5755
4,2926 4,3247
4,7362 4,7690
5,2599 5,2931
274 13:22:21
4,5423 4,5745
4,2930 4,3251
4,7345 4,7673
5,2588 5,2920
275 13:23:21
4,5402 4,5724
4,2897 4,3218
4,7324 4,7652
5,2564 5,2896
276 13:24:21
4,5401 4,5723
4,2903 4,3224
4,7324 4,7652
5,2562 5,2894
277 13:25:20
4,5400 4,5722
4,2901 4,3222
4,7317 4,7645
5,2561 5,2893
278 13:26:20
4,5397 4,5719
4,2906 4,3227
4,7313 4,7641
5,2563 5,2895
279 13:27:20
4,5418 4,5740
4,2927 4,3248
4,7334 4,7662
5,2590 5,2922
280 13:28:21
4,5405 4,5727
4,2914 4,3235
4,7322 4,7650
5,2573 5,2905
281 13:29:21
4,5406 4,5728
4,2916 4,3237
4,7317 4,7645
5,2577 5,2909
282 13:30:21
4,5408 4,5730
4,2922 4,3243
4,7314 4,7642
5,2577 5,2909
283 13:31:20
4,5408 4,5730
4,2914 4,3235
4,7315 4,7643
5,2579 5,2911
284 13:32:20
4,5407 4,5729
4,2923 4,3244
4,7317 4,7645
5,2579 5,2911
285 13:33:20
4,5407 4,5729
4,2927 4,3248
4,7318 4,7646
5,2580 5,2912
286 13:34:21
4,5410 4,5732
4,2932 4,3253
4,7321 4,7649
5,2579 5,2911
287 13:35:21
4,5407 4,5729
4,2930 4,3251
4,7315 4,7643
5,2578 5,2910
288 13:36:21
4,5402 4,5724
4,2926 4,3247
4,7313 4,7641
5,2576 5,2908
289 13:37:21
4,5388 4,5710
4,2907 4,3228
4,7308 4,7636
5,2554 5,2886
290 13:38:20
4,5383 4,5705
4,2892 4,3213
4,7305 4,7633
5,2551 5,2883
291 13:39:20
4,5379 4,5701
4,2886 4,3207
4,7299 4,7627
5,2543 5,2875
292 13:40:21
4,5377 4,5699
4,2882 4,3203
4,7304 4,7632
5,2535 5,2867
293 13:41:21
4,5373 4,5695
4,2880 4,3201
4,7289 4,7617
5,2533 5,2865
294 13:42:21
4,5383 4,5705
4,2902 4,3223
4,7298 4,7626
5,2545 5,2877
295 13:43:20
4,5378 4,5700
4,2893 4,3214
4,7290 4,7618
5,2537 5,2869
296 13:44:21
4,5377 4,5699
4,2894 4,3215
4,7289 4,7617
5,2541 5,2873
297 13:45:21
4,5377 4,5699
4,2899 4,3220
4,7289 4,7617
5,2534 5,2866
298 13:46:21
4,5377 4,5699
4,2907 4,3228
4,7286 4,7614
5,2535 5,2867
299 13:47:21
4,5378 4,5700
4,2908 4,3229
4,7285 4,7613
5,2533 5,2865
300 13:48:21
4,5369 4,5691
4,2903 4,3224
4,7281 4,7609
5,2526 5,2858
301 13:49:21
4,5394 4,5716
4,2921 4,3242
4,7309 4,7637
5,2561 5,2893
302 13:50:20
4,5397 4,5719
4,2923 4,3244
4,7315 4,7643
5,2564 5,2896
303 13:51:20
4,5403 4,5725
4,2936 4,3257
4,7321 4,7649
5,2569 5,2901
304 13:52:21
4,5404 4,5726
4,2932 4,3253
4,7327 4,7655
5,2572 5,2904
305 13:53:21
4,5414 4,5736
4,2950 4,3271
4,7340 4,7668
5,2590 5,2922
306 13:54:21
4,5412 4,5734
4,2952 4,3273
4,7346 4,7674
5,2582 5,2914
307 13:55:21
4,5412 4,5734
4,2945 4,3266
4,7345 4,7673
5,2577 5,2909
308 13:56:21
4,5420 4,5742
4,2958 4,3279
4,7354 4,7682
5,2592 5,2924
309 13:57:20
4,5424 4,5746
4,2953 4,3274
4,7360 4,7688
5,2598 5,2930
310 13:58:20
4,5427 4,5749
4,2949 4,3270
4,7360 4,7688
5,2601 5,2933
311 13:59:21
4,5434 4,5756
4,2962 4,3283
4,7377 4,7705
5,2606 5,2938
312 14:00:21
4,5434 4,5756
4,2960 4,3281
4,7364 4,7692
5,2610 5,2942
313 14:01:21
4,5436 4,5758
4,2964 4,3285
4,7370 4,7698
5,2612 5,2944
314 14:02:21
4,5399 4,5721
4,2920 4,3241
4,7334 4,7662
5,2571 5,2903
315 14:03:21
4,5402 4,5724
4,2924 4,3245
4,7337 4,7665
5,2572 5,2904
316 14:04:21
4,5400 4,5722
4,2918 4,3239
4,7340 4,7668
5,2572 5,2904
317 14:05:21
4,5394 4,5716
4,2906 4,3227
4,7338 4,7666
5,2565 5,2897
318 14:06:21
4,5397 4,5719
4,2909 4,3230
4,7344 4,7672
5,2573 5,2905
319 14:07:21
4,5393 4,5715
4,2906 4,3227
4,7346 4,7674
5,2569 5,2901
320 14:08:21
4,5392 4,5714
4,2909 4,3230
4,7342 4,7670
5,2567 5,2899
321 14:09:20
4,5393 4,5715
4,2905 4,3226
4,7340 4,7668
5,2568 5,2900
322 14:10:20
4,5396 4,5718
4,2900 4,3221
4,7338 4,7666
5,2571 5,2903
323 14:11:20
4,5394 4,5716
4,2902 4,3223
4,7336 4,7664
5,2569 5,2901
324 14:12:21
4,5400 4,5722
4,2910 4,3231
4,7329 4,7657
5,2577 5,2909
325 14:13:21
4,5405 4,5727
4,2908 4,3229
4,7313 4,7641
5,2579 5,2911
326 14:14:20
4,5405 4,5727
4,2908 4,3229
4,7308 4,7636
5,2582 5,2914
327 14:15:20
4,5404 4,5726
4,2904 4,3225
4,7310 4,7638
5,2582 5,2914
328 14:16:21
4,5404 4,5726
4,2916 4,3237
4,7300 4,7628
5,2581 5,2913
329 14:17:21
4,5405 4,5727
4,2916 4,3237
4,7298 4,7626
5,2584 5,2916
330 14:18:21
4,5403 4,5725
4,2925 4,3246
4,7296 4,7624
5,2580 5,2912
331 14:19:21
4,5401 4,5723
4,2931 4,3252
4,7294 4,7622
5,2580 5,2912
332 14:20:21
4,5401 4,5723
4,2917 4,3238
4,7306 4,7634
5,2587 5,2919
333 14:21:20
4,5400 4,5722
4,2924 4,3245
4,7305 4,7633
5,2592 5,2924
334 14:22:20
4,5400 4,5722
4,2931 4,3252
4,7316 4,7644
5,2596 5,2928
335 14:23:21
4,5399 4,5721
4,2920 4,3241
4,7320 4,7648
5,2594 5,2926
336 14:24:21
4,5396 4,5718
4,2924 4,3245
4,7319 4,7647
5,2591 5,2923
337 14:25:21
4,5410 4,5732
4,2934 4,3255
4,7331 4,7659
5,2608 5,2940
338 14:26:21
4,5393 4,5715
4,2915 4,3236
4,7315 4,7643
5,2574 5,2906
339 14:27:20
4,5391 4,5713
4,2905 4,3226
4,7315 4,7643
5,2568 5,2900
340 14:28:20
4,5391 4,5713
4,2912 4,3233
4,7316 4,7644
5,2573 5,2905
341 14:29:21
4,5398 4,5720
4,2919 4,3240
4,7323 4,7651
5,2578 5,2910
342 14:30:21
4,5390 4,5712
4,2905 4,3226
4,7310 4,7638
5,2568 5,2900
343 14:31:21
4,5370 4,5692
4,2865 4,3186
4,7304 4,7632
5,2548 5,2880
344 14:32:21
4,5367 4,5689
4,2867 4,3188
4,7298 4,7626
5,2538 5,2870
345 14:33:21
4,5367 4,5689
4,2860 4,3181
4,7293 4,7621
5,2538 5,2870
346 14:34:20
4,5369 4,5691
4,2866 4,3187
4,7292 4,7620
5,2540 5,2872
347 14:35:20
4,5369 4,5691
4,2866 4,3187
4,7296 4,7624
5,2541 5,2873
348 14:36:20
4,5373 4,5695
4,2868 4,3189
4,7300 4,7628
5,2545 5,2877
349 14:37:21
4,5374 4,5696
4,2861 4,3182
4,7291 4,7619
5,2534 5,2866
350 14:38:21
4,5374 4,5696
4,2871 4,3192
4,7288 4,7616
5,2540 5,2872
351 14:39:21
4,5372 4,5694
4,2848 4,3169
4,7293 4,7621
5,2537 5,2869
352 14:40:21
4,5375 4,5697
4,2848 4,3169
4,7297 4,7625
5,2537 5,2869
353 14:41:21
4,5353 4,5675
4,2833 4,3154
4,7271 4,7599
5,2510 5,2842
354 14:42:20
4,5352 4,5674
4,2843 4,3164
4,7256 4,7584
5,2507 5,2839
355 14:43:20
4,5352 4,5674
4,2832 4,3153
4,7259 4,7587
5,2509 5,2841
356 14:44:21
4,5353 4,5675
4,2833 4,3154
4,7256 4,7584
5,2513 5,2845
357 14:45:21
4,5354 4,5676
4,2834 4,3155
4,7256 4,7584
5,2503 5,2835
358 14:46:21
4,5351 4,5673
4,2827 4,3148
4,7247 4,7575
5,2492 5,2824
359 14:47:21
4,5338 4,5660
4,2814 4,3135
4,7234 4,7562
5,2468 5,2800
360 14:48:21
4,5339 4,5661
4,2822 4,3143
4,7230 4,7558
5,2464 5,2796
361 14:49:21
4,5344 4,5666
4,2823 4,3144
4,7230 4,7558
5,2466 5,2798
362 14:50:21
4,5339 4,5661
4,2815 4,3136
4,7222 4,7550
5,2460 5,2792
363 14:51:21
4,5337 4,5659
4,2816 4,3137
4,7222 4,7550
5,2455 5,2787
364 14:52:20
4,5341 4,5663
4,2824 4,3145
4,7215 4,7543
5,2454 5,2786
365 14:53:21
4,5341 4,5663
4,2814 4,3135
4,7207 4,7535
5,2457 5,2789
366 14:54:21
4,5343 4,5665
4,2811 4,3132
4,7203 4,7531
5,2456 5,2788
367 14:55:20
4,5343 4,5665
4,2810 4,3131
4,7195 4,7523
5,2451 5,2783
368 14:57:20
4,5349 4,5671
4,2809 4,3130
4,7201 4,7529
5,2460 5,2792
369 14:58:21
4,5346 4,5668
4,2806 4,3127
4,7187 4,7515
5,2456 5,2788
370 14:59:21
4,5342 4,5664
4,2798 4,3119
4,7180 4,7508
5,2451 5,2783
371 15:00:21
4,5342 4,5664
4,2805 4,3126
4,7196 4,7524
5,2452 5,2784
372 15:01:20
4,5358 4,5680
4,2832 4,3153
4,7210 4,7538
5,2467 5,2799
373 15:02:20
4,5349 4,5671
4,2831 4,3152
4,7194 4,7522
5,2455 5,2787
374 15:03:20
4,5342 4,5664
4,2817 4,3138
4,7191 4,7519
5,2449 5,2781
375 15:04:21
4,5344 4,5666
4,2826 4,3147
4,7190 4,7518
5,2451 5,2783
376 15:05:21
4,5328 4,5650
4,2809 4,3130
4,7176 4,7504
5,2437 5,2769
377 15:06:21
4,5330 4,5652
4,2810 4,3131
4,7179 4,7507
5,2443 5,2775
378 15:07:21
4,5323 4,5645
4,2797 4,3118
4,7159 4,7487
5,2433 5,2765
379 15:08:20
4,5322 4,5644
4,2806 4,3127
4,7153 4,7481
5,2433 5,2765
380 15:09:20
4,5323 4,5645
4,2812 4,3133
4,7148 4,7476
5,2426 5,2758
381 15:10:20
4,5323 4,5645
4,2813 4,3134
4,7139 4,7467
5,2426 5,2758
382 15:11:21
4,5318 4,5640
4,2806 4,3127
4,7155 4,7483
5,2425 5,2757
383 15:12:21
4,5319 4,5641
4,2810 4,3131
4,7169 4,7497
5,2434 5,2766
384 15:13:21
4,5316 4,5638
4,2800 4,3121
4,7164 4,7492
5,2428 5,2760
385 15:14:20
4,5274 4,5596
4,2732 4,3053
4,7122 4,7450
5,2373 5,2705
386 15:15:20
4,5275 4,5597
4,2731 4,3052
4,7123 4,7451
5,2374 5,2706
387 15:16:21
4,5271 4,5593
4,2725 4,3046
4,7120 4,7436
5,2366 5,2698
388 15:17:21
4,5286 4,5608
4,2741 4,3062
4,7125 4,7453
5,2384 5,2716
389 15:18:21
4,5271 4,5593
4,2726 4,3047
4,7120 4,7443
5,2370 5,2702
390 15:19:20
4,5259 4,5581
4,2713 4,3034
4,7120 4,7431
5,2355 5,2687
391 15:20:20
4,5269 4,5591
4,2727 4,3048
4,7120 4,7445
5,2361 5,2693
392 15:21:21
4,5258 4,5580
4,2715 4,3036
4,7120 4,7439
5,2357 5,2689
393 15:22:22
4,5249 4,5571
4,2714 4,3035
4,7120 4,7437
5,2340 5,2672
394 15:23:22
4,5250 4,5572
4,2722 4,3043
4,7120 4,7438
5,2341 5,2673
395 15:24:21
4,5264 4,5586
4,2743 4,3064
4,7132 4,7460
5,2359 5,2691
396 15:25:21
4,5280 4,5602
4,2762 4,3083
4,7148 4,7476
5,2376 5,2708
397 15:26:20
4,5275 4,5597
4,2758 4,3079
4,7144 4,7472
5,2372 5,2704
398 15:27:20
4,5288 4,5610
4,2764 4,3085
4,7158 4,7486
5,2386 5,2718
399 15:28:21
4,5298 4,5620
4,2767 4,3088
4,7167 4,7495
5,2398 5,2730
400 15:29:21
4,5297 4,5619
4,2763 4,3084
4,7166 4,7494
5,2399 5,2731
401 15:30:21
4,5263 4,5585
4,2730 4,3051
4,7131 4,7459
5,2357 5,2689
402 15:31:20
4,5288 4,5610
4,2760 4,3081
4,7157 4,7485
5,2387 5,2719
403 15:32:21
4,5305 4,5627
4,2764 4,3085
4,7177 4,7505
5,2410 5,2742
404 15:33:21
4,5284 4,5606
4,2743 4,3064
4,7162 4,7490
5,2382 5,2714
405 15:34:21
4,5285 4,5607
4,2740 4,3061
4,7166 4,7494
5,2386 5,2718
406 15:35:20
4,5289 4,5611
4,2752 4,3073
4,7177 4,7505
5,2387 5,2719
407 15:36:20
4,5281 4,5603
4,2753 4,3074
4,7167 4,7495
5,2381 5,2713
408 15:37:21
4,5298 4,5620
4,2772 4,3093
4,7181 4,7509
5,2406 5,2738
409 15:38:21
4,5286 4,5608
4,2758 4,3079
4,7169 4,7497
5,2394 5,2726
410 15:39:21
4,5286 4,5608
4,2758 4,3079
4,7165 4,7493
5,2390 5,2722
411 15:40:20
4,5292 4,5614
4,2763 4,3084
4,7175 4,7503
5,2397 5,2729
412 15:41:20
4,5288 4,5610
4,2764 4,3085
4,7171 4,7499
5,2395 5,2727
413 15:42:20
4,5281 4,5603
4,2749 4,3070
4,7164 4,7492
5,2387 5,2719
414 15:43:21
4,5266 4,5588
4,2734 4,3055
4,7150 4,7478
5,2369 5,2701
415 15:44:21
4,5260 4,5582
4,2739 4,3060
4,7144 4,7472
5,2364 5,2696
416 15:45:21
4,5257 4,5579
4,2736 4,3057
4,7143 4,7471
5,2353 5,2685
417 15:46:20
4,5261 4,5583
4,2746 4,3067
4,7142 4,7470
5,2362 5,2694
418 15:47:20
4,5263 4,5585
4,2746 4,3067
4,7145 4,7473
5,2366 5,2698
419 15:48:21
4,5265 4,5587
4,2747 4,3068
4,7152 4,7480
5,2364 5,2696
420 15:49:21
4,5275 4,5597
4,2766 4,3087
4,7164 4,7492
5,2374 5,2706
421 15:50:21
4,5273 4,5595
4,2756 4,3077
4,7158 4,7486
5,2374 5,2706
422 15:51:21
4,5273 4,5595
4,2743 4,3064
4,7153 4,7481
5,2378 5,2710
423 15:52:21
4,5270 4,5592
4,2741 4,3062
4,7148 4,7476
5,2378 5,2710
424 15:53:20
4,5268 4,5590
4,2746 4,3067
4,7148 4,7476
5,2369 5,2701
425 15:54:20
4,5268 4,5590
4,2740 4,3061
4,7145 4,7473
5,2365 5,2697
426 15:55:20
4,5265 4,5587
4,2740 4,3061
4,7141 4,7469
5,2369 5,2701
427 15:56:20
4,5279 4,5601
4,2749 4,3070
4,7153 4,7481
5,2379 5,2711
428 15:57:21
4,5269 4,5591
4,2745 4,3066
4,7151 4,7479
5,2376 5,2708
429 15:58:21
4,5261 4,5583
4,2730 4,3051
4,7138 4,7466
5,2358 5,2690
430 15:59:21
4,5260 4,5582
4,2717 4,3038
4,7136 4,7464
5,2355 5,2687
431 16:00:20
4,5261 4,5583
4,2719 4,3040
4,7148 4,7476
5,2364 5,2696
432 16:01:20
4,5252 4,5574
4,2698 4,3019
4,7135 4,7463
5,2341 5,2673
433 16:02:20
4,5223 4,5545
4,2672 4,2993
4,7121 4,7449
5,2312 5,2644
434 16:03:21
4,5230 4,5552
4,2668 4,2989
4,7128 4,7456
5,2319 5,2651
435 16:04:21
4,5218 4,5540
4,2642 4,2963
4,7113 4,7441
5,2308 5,2640
436 16:05:20
4,5219 4,5541
4,2648 4,2969
4,7117 4,7445
5,2304 5,2636
437 16:06:21
4,5221 4,5543
4,2653 4,2974
4,7111 4,7439
5,2305 5,2637
438 16:07:21
4,5227 4,5549
4,2662 4,2983
4,7113 4,7441
5,2307 5,2639
439 16:08:20
4,5228 4,5550
4,2660 4,2981
4,7109 4,7437
5,2311 5,2643
440 16:09:20
4,5228 4,5550
4,2650 4,2971
4,7106 4,7434
5,2313 5,2645
441 16:10:20
4,5217 4,5539
4,2642 4,2963
4,7098 4,7426
5,2304 5,2636
442 16:11:21
4,5216 4,5538
4,2643 4,2964
4,7099 4,7427
5,2306 5,2638
443 16:12:21
4,5219 4,5541
4,2645 4,2966
4,7104 4,7432
5,2309 5,2641
444 16:13:21
4,5220 4,5542
4,2635 4,2956
4,7106 4,7434
5,2314 5,2646
445 16:14:21
4,5214 4,5536
4,2629 4,2950
4,7094 4,7422
5,2310 5,2642
446 16:15:21
4,5211 4,5533
4,2635 4,2956
4,7094 4,7422
5,2313 5,2645
447 16:16:20
4,5218 4,5540
4,2641 4,2962
4,7102 4,7430
5,2324 5,2656
448 16:17:20
4,5226 4,5548
4,2660 4,2981
4,7112 4,7440
5,2339 5,2671
449 16:18:21
4,5210 4,5532
4,2644 4,2965
4,7095 4,7423
5,2317 5,2649
450 16:19:21
4,5201 4,5523
4,2631 4,2952
4,7086 4,7414
5,2304 5,2636
451 16:20:21
4,5206 4,5528
4,2638 4,2959
4,7091 4,7419
5,2310 5,2642
452 16:21:21
4,5224 4,5546
4,2656 4,2977
4,7102 4,7430
5,2323 5,2655
453 16:22:20
4,5225 4,5547
4,2676 4,2997
4,7106 4,7434
5,2335 5,2667
454 16:23:20
4,5229 4,5551
4,2675 4,2996
4,7114 4,7442
5,2335 5,2667
455 16:24:21
4,5229 4,5551
4,2667 4,2988
4,7110 4,7438
5,2330 5,2662
456 16:25:21
4,5212 4,5534
4,2655 4,2976
4,7092 4,7420
5,2315 5,2647
457 16:26:21
4,5211 4,5533
4,2640 4,2961
4,7102 4,7430
5,2315 5,2647
458 16:27:20
4,5224 4,5546
4,2646 4,2967
4,7110 4,7438
5,2324 5,2656
459 16:28:20
4,5219 4,5541
4,2636 4,2957
4,7105 4,7433
5,2312 5,2644
460 16:29:20
4,5230 4,5552
4,2650 4,2971
4,7111 4,7439
5,2322 5,2654
461 16:30:21
4,5232 4,5554
4,2658 4,2979
4,7118 4,7446
5,2325 5,2657
462 16:31:21
4,5238 4,5560
4,2672 4,2993
4,7117 4,7445
5,2337 5,2669
463 16:32:21
4,5248 4,5570
4,2687 4,3008
4,7127 4,7455
5,2346 5,2678
464 16:33:20
4,5244 4,5566
4,2674 4,2995
4,7113 4,7441
5,2341 5,2673
465 16:34:20
4,5246 4,5568
4,2673 4,2994
4,7118 4,7446
5,2347 5,2679
466 16:35:21
4,5242 4,5564
4,2668 4,2989
4,7111 4,7439
5,2348 5,2680
467 16:36:21
4,5243 4,5565
4,2668 4,2989
4,7107 4,7435
5,2347 5,2679
468 16:37:21
4,5228 4,5550
4,2656 4,2977
4,7094 4,7422
5,2329 5,2661
469 16:38:21
4,5230 4,5552
4,2660 4,2981
4,7101 4,7429
5,2338 5,2670
470 16:39:21
4,5230 4,5552
4,2657 4,2978
4,7102 4,7430
5,2338 5,2670
471 16:40:20
4,5236 4,5558
4,2676 4,2997
4,7108 4,7436
5,2332 5,2664
472 16:41:20
4,5246 4,5568
4,2690 4,3011
4,7106 4,7434
5,2344 5,2676
473 16:42:21
4,5258 4,5580
4,2709 4,3030
4,7124 4,7452
5,2361 5,2693
474 16:43:21
4,5264 4,5586
4,2710 4,3031
4,7142 4,7470
5,2376 5,2708
475 16:44:21
4,5269 4,5591
4,2725 4,3046
4,7161 4,7489
5,2382 5,2714
476 16:45:20
4,5262 4,5584
4,2720 4,3041
4,7154 4,7482
5,2376 5,2708
477 16:46:20
4,5256 4,5578
4,2727 4,3048
4,7143 4,7471
5,2372 5,2704
478 16:47:21
4,5253 4,5575
4,2715 4,3036
4,7145 4,7473
5,2373 5,2705
479 16:48:21
4,5252 4,5574
4,2715 4,3036
4,7146 4,7474
5,2384 5,2716
480 16:49:21
4,5260 4,5582
4,2723 4,3044
4,7154 4,7482
5,2377 5,2709
481 16:50:21
4,5263 4,5585
4,2736 4,3057
4,7160 4,7488
5,2391 5,2723
482 16:51:21
4,5272 4,5594
4,2746 4,3067
4,7172 4,7500
5,2401 5,2733
483 16:52:20
4,5276 4,5598
4,2734 4,3055
4,7174 4,7502
5,2409 5,2741
484 16:53:21
4,5274 4,5596
4,2732 4,3053
4,7171 4,7499
5,2389 5,2721
485 16:54:21
4,5281 4,5603
4,2738 4,3059
4,7184 4,7512
5,2403 5,2735
486 16:55:21
4,5273 4,5595
4,2731 4,3052
4,7173 4,7501
5,2387 5,2719
487 16:56:21
4,5296 4,5618
4,2757 4,3078
4,7197 4,7525
5,2413 5,2745
488 16:57:20
4,5277 4,5599
4,2735 4,3056
4,7177 4,7505
5,2394 5,2726
489 16:58:20
4,5275 4,5597
4,2731 4,3052
4,7178 4,7506
5,2396 5,2728
490 16:59:21
4,5274 4,5596
4,2721 4,3042
4,7171 4,7499
5,2392 5,2724
491 17:00:21
4,5276 4,5598
4,2726 4,3047
4,7176 4,7504
5,2392 5,2724
492 17:01:21
4,5272 4,5594
4,2718 4,3039
4,7169 4,7497
5,2389 5,2721
493 17:02:21
4,5289 4,5611
4,2740 4,3061
4,7190 4,7518
5,2416 5,2748
494 17:03:20
4,5296 4,5618
4,2735 4,3056
4,7197 4,7525
5,2423 5,2755
495 17:04:20
4,5297 4,5619
4,2738 4,3059
4,7198 4,7526
5,2430 5,2762
496 17:05:20
4,5295 4,5617
4,2723 4,3044
4,7196 4,7524
5,2418 5,2750
497 17:06:21
4,5297 4,5619
4,2725 4,3046
4,7200 4,7528
5,2419 5,2751
498 17:07:21
4,5294 4,5616
4,2721 4,3042
4,7202 4,7530
5,2415 5,2747
499 17:08:21
4,5298 4,5620
4,2722 4,3043
4,7200 4,7528
5,2416 5,2748
500 17:09:20
4,5295 4,5617
4,2720 4,3041
4,7199 4,7527
5,2413 5,2745
501 17:10:20
4,5294 4,5616
4,2719 4,3040
4,7195 4,7523
5,2408 5,2740
502 17:11:21
4,5298 4,5620
4,2737 4,3058
4,7207 4,7535
5,2420 5,2752
503 17:12:21
4,5306 4,5628
4,2744 4,3065
4,7215 4,7543
5,2432 5,2764
504 17:13:21
4,5287 4,5609
4,2714 4,3035
4,7195 4,7523
5,2404 5,2736
505 17:14:21
4,5292 4,5614
4,2720 4,3041
4,7207 4,7535
5,2417 5,2749
506 17:15:20
4,5295 4,5617
4,2726 4,3047
4,7213 4,7541
5,2419 5,2751
507 17:16:20
4,5278 4,5600
4,2697 4,3018
4,7193 4,7521
5,2390 5,2722
508 17:17:21
4,5273 4,5595
4,2694 4,3015
4,7181 4,7509
5,2380 5,2712
509 17:18:21
4,5271 4,5593
4,2685 4,3006
4,7181 4,7509
5,2379 5,2711
510 17:19:21
4,5265 4,5587
4,2677 4,2998
4,7172 4,7500
5,2368 5,2700
511 17:20:21
4,5264 4,5586
4,2676 4,2997
4,7171 4,7499
5,2370 5,2702
512 17:21:20
4,5258 4,5580
4,2681 4,3002
4,7155 4,7483
5,2360 5,2692
513 17:22:21
4,5262 4,5584
4,2688 4,3009
4,7164 4,7492
5,2371 5,2703
514 17:23:21
4,5261 4,5583
4,2685 4,3006
4,7160 4,7488
5,2370 5,2702
515 17:24:21
4,5260 4,5582
4,2699 4,3020
4,7160 4,7488
5,2369 5,2701
516 17:25:21
4,5260 4,5582
4,2691 4,3012
4,7157 4,7485
5,2369 5,2701
517 17:26:21
4,5261 4,5583
4,2695 4,3016
4,7153 4,7481
5,2370 5,2702
518 17:27:20
4,5257 4,5579
4,2694 4,3015
4,7146 4,7474
5,2363 5,2695
519 17:28:21
4,5251 4,5573
4,2678 4,2999
4,7145 4,7473
5,2362 5,2694
520 17:29:21
4,5224 4,5546
4,2653 4,2974
4,7119 4,7447
5,2332 5,2664
521 17:30:21
4,5229 4,5551
4,2663 4,2984
4,7127 4,7455
5,2352 5,2684
522 17:31:20
4,5225 4,5547
4,2654 4,2975
4,7126 4,7454
5,2347 5,2679
523 17:32:20
4,5213 4,5535
4,2630 4,2954
4,7120 4,7448
5,2336 5,2668
524 17:33:21
4,5213 4,5535
4,2626 4,2950
4,7118 4,7446
5,2338 5,2670
525 17:34:21
4,5210 4,5532
4,2621 4,2942
4,7115 4,7443
5,2336 5,2668
526 17:35:21
4,5198 4,5520
4,2610 4,2931
4,7103 4,7431
5,2324 5,2656
527 17:36:21
4,5192 4,5514
4,2598 4,2922
4,7096 4,7424
5,2314 5,2646
528 17:37:20
4,5187 4,5509
4,2606 4,2927
4,7088 4,7416
5,2312 5,2644
529 17:38:20
4,5186 4,5508
4,2595 4,2916
4,7087 4,7415
5,2311 5,2643
530 17:39:21
4,5184 4,5506
4,2601 4,2922
4,7088 4,7416
5,2308 5,2640
531 17:40:21
4,5185 4,5507
4,2592 4,2913
4,7085 4,7413
5,2310 5,2642
532 17:41:20
4,5185 4,5507
4,2592 4,2913
4,7084 4,7412
5,2306 5,2638
533 17:42:21
4,5185 4,5507
4,2581 4,2902
4,7083 4,7411
5,2303 5,2635
534 17:43:21
4,5185 4,5507
4,2588 4,2909
4,7081 4,7409
5,2307 5,2639
535 17:44:21
4,5184 4,5506
4,2591 4,2912
4,7083 4,7411
5,2309 5,2641
536 17:45:21
4,5186 4,5508
4,2590 4,2911
4,7082 4,7410
5,2307 5,2639
537 17:46:20
4,5184 4,5506
4,2585 4,2906
4,7080 4,7408
5,2305 5,2637
538 17:47:20
4,5185 4,5507
4,2589 4,2910
4,7081 4,7409
5,2300 5,2632
539 17:48:21
4,5185 4,5507
4,2591 4,2912
4,7083 4,7411
5,2305 5,2637
540 17:49:21
4,5186 4,5508
4,2594 4,2915
4,7084 4,7412
5,2305 5,2637
541 17:50:21
4,5185 4,5507
4,2586 4,2907
4,7082 4,7410
5,2307 5,2639
542 17:51:21
4,5185 4,5507
4,2581 4,2902
4,7081 4,7409
5,2305 5,2637
543 17:52:21
4,5189 4,5511
4,2581 4,2902
4,7086 4,7414
5,2297 5,2629
544 17:53:21
4,5208 4,5530
4,2595 4,2916
4,7100 4,7428
5,2321 5,2653
545 17:54:20
4,5202 4,5524
4,2583 4,2904
4,7092 4,7420
5,2315 5,2647
546 17:55:20
4,5207 4,5529
4,2586 4,2907
4,7105 4,7433
5,2337 5,2669
547 17:56:20
4,5216 4,5538
4,2589 4,2910
4,7115 4,7443
5,2352 5,2684
548 17:57:20
4,5208 4,5531
4,2572 4,2896
4,7103 4,7432
5,2339 5,2671
549 17:58:21
4,5206 4,5528
4,2573 4,2894
4,7101 4,7429
5,2337 5,2669
550 17:59:21
4,5210 4,5532
4,2579 4,2900
4,7105 4,7433
5,2341 5,2673
551 18:00:21
4,5208 4,5543
4,2575 4,2914
4,7097 4,7443
5,2338 5,2690
552 18:01:20
4,5203 4,5541
4,2571 4,2914
4,7094 4,7443
5,2339 5,2686
553 18:02:20
4,5206 4,5542
4,2574 4,2915
4,7097 4,7444
5,2338 5,2679
554 18:03:21
4,5206 4,5541
4,2570 4,2906
4,7095 4,7441
5,2336 5,2682
555 18:04:21
4,5206 4,5540
4,2566 4,2905
4,7092 4,7433
5,2336 5,2676
556 18:05:21
4,5206 4,5541
4,2574 4,2914
4,7095 4,7441
5,2343 5,2684
557 18:06:21
4,5207 4,5542
4,2579 4,2919
4,7101 4,7443
5,2344 5,2687
558 18:07:21
4,5206 4,5543
4,2566 4,2907
4,7095 4,7443
5,2343 5,2692
559 18:08:20
4,5208 4,5545
4,2571 4,2913
4,7101 4,7445
5,2339 5,2692
560 18:09:20
4,5208 4,5545
4,2570 4,2909
4,7097 4,7445
5,2339 5,2687
561 18:10:21
4,5207 4,5544
4,2571 4,2913
4,7102 4,7445
5,2338 5,2687
562 18:11:21
4,5206 4,5544
4,2568 4,2909
4,7097 4,7446
5,2338 5,2690
563 18:12:21
4,5206 4,5543
4,2570 4,2908
4,7101 4,7444
5,2339 5,2687
564 18:13:21
4,5207 4,5542
4,2575 4,2915
4,7102 4,7443
5,2344 5,2686
565 18:14:20
4,5206 4,5543
4,2570 4,2912
4,7095 4,7443
5,2337 5,2686
566 18:15:20
4,5202 4,5548
4,2575 4,2925
4,7092 4,7450
5,2334 5,2693
567 18:16:21
4,5207 4,5541
4,2579 4,2918
4,7098 4,7439
5,2339 5,2684
568 18:17:21
4,5207 4,5542
4,2579 4,2919
4,7096 4,7442
5,2342 5,2687
569 18:18:21
4,5205 4,5539
4,2589 4,2928
4,7096 4,7440
5,2343 5,2688
570 18:19:21
4,5201 4,5547
4,2585 4,2934
4,7092 4,7449
5,2330 5,2690
571 18:20:20
4,5202 4,5545
4,2581 4,2928
4,7092 4,7441
5,2334 5,2694
572 18:21:20
4,5204 4,5544
4,2588 4,2933
4,7094 4,7440
5,2335 5,2687
573 18:22:21
4,5204 4,5540
4,2600 4,2941
4,7095 4,7442
5,2342 5,2689
574 18:23:21
4,5206 4,5560
4,2599 4,2957
4,7097 4,7462
5,2337 5,2705
575 18:24:21
4,5222 4,5573
4,2608 4,2963
4,7108 4,7470
5,2351 5,2713
576 18:25:20
4,5218 4,5583
4,2604 4,2973
4,7107 4,7485
5,2349 5,2731
577 18:26:20
4,5242 4,5585
4,2627 4,2974
4,7133 4,7487
5,2384 5,2738
578 18:27:21
4,5237 4,5591
4,2616 4,2974
4,7133 4,7496
5,2379 5,2747
579 18:28:21
4,5241 4,5593
4,2616 4,2968
4,7136 4,7497
5,2385 5,2751
580 18:29:20
4,5240 4,5596
4,2619 4,2979
4,7136 4,7500
5,2389 5,2759
581 18:30:20
4,5240 4,5594
4,2619 4,2977
4,7136 4,7498
5,2396 5,2765
582 18:31:21
4,5240 4,5594
4,2615 4,2973
4,7133 4,7494
5,2389 5,2755
583 18:32:21
4,5244 4,5595
4,2613 4,2968
4,7136 4,7499
5,2393 5,2757
584 18:33:21
4,5181 4,5554
4,2550 4,2925
4,7072 4,7455
5,2314 5,2708
585 18:34:21
4,5189 4,5539
4,2561 4,2912
4,7078 4,7440
5,2325 5,2688
586 18:35:21
4,5190 4,5538
4,2556 4,2908
4,7081 4,7440
5,2326 5,2687
587 18:36:20
4,5188 4,5540
4,2566 4,2918
4,7088 4,7447
5,2316 5,2682
588 18:37:20
4,5189 4,5535
4,2567 4,2917
4,7085 4,7442
5,2324 5,2682
589 18:38:21
4,5189 4,5539
4,2575 4,2929
4,7084 4,7441
5,2319 5,2682
590 18:39:21
4,5190 4,5538
4,2576 4,2928
4,7084 4,7440
5,2326 5,2687
591 18:40:21
4,5172 4,5530
4,2556 4,2908
4,7065 4,7433
5,2308 5,2670
592 18:41:20
4,5156 4,5522
4,2531 4,2900
4,7050 4,7425
5,2286 5,2669
593 18:42:20
4,5159 4,5521
4,2534 4,2896
4,7056 4,7427
5,2290 5,2667
594 18:43:21
4,5159 4,5519
4,2532 4,2893
4,7052 4,7424
5,2290 5,2665
595 18:44:21
4,5162 4,5516
4,2537 4,2895
4,7055 4,7421
5,2293 5,2661
596 18:45:21
4,5155 4,5516
4,2529 4,2890
4,7047 4,7417
5,2290 5,2666
597 18:46:20
4,5154 4,5514
4,2529 4,2892
4,7048 4,7419
5,2287 5,2662
598 18:47:21
4,5153 4,5519
4,2520 4,2889
4,7041 4,7419
5,2296 5,2675
599 18:48:21
4,5156 4,5514
4,2530 4,2891
4,7044 4,7414
5,2299 5,2672
600 18:49:21
4,5156 4,5510
4,2524 4,2882
4,7050 4,7411
5,2292 5,2660
601 18:50:20
4,5138 4,5505
4,2518 4,2884
4,7033 4,7410
5,2277 5,2660
602 18:51:20
4,5141 4,5500
4,2517 4,2879
4,7037 4,7403
5,2280 5,2652
603 18:52:21
4,5145 4,5496
4,2520 4,2872
4,7037 4,7400
5,2283 5,2649
604 18:53:21
4,5146 4,5493
4,2513 4,2865
4,7037 4,7391
5,2279 5,2639
605 18:54:21
4,5145 4,5493
4,2512 4,2865
4,7037 4,7397
5,2284 5,2641
606 18:55:20
4,5145 4,5493
4,2520 4,2869
4,7042 4,7400
5,2286 5,2647
607 18:56:20
4,5145 4,5493
4,2524 4,2877
4,7038 4,7393
5,2286 5,2647
608 18:57:21
4,5147 4,5498
4,2527 4,2881
4,7040 4,7397
5,2282 5,2645
609 18:58:21
4,5147 4,5498
4,2521 4,2873
4,7039 4,7402
5,2286 5,2645
610 18:59:21
4,5158 4,5524
4,2533 4,2899
4,7051 4,7429
5,2300 5,2682
611 19:00:20
4,5161 4,5515
4,2532 4,2890
4,7055 4,7418
5,2304 5,2672
612 19:01:20
4,5173 4,5536
4,2539 4,2905
4,7064 4,7436
5,2311 5,2689
613 19:02:21
4,5173 4,5540
4,2551 4,2919
4,7065 4,7441
5,2310 5,2694
614 19:03:21
4,5175 4,5541
4,2549 4,2915
4,7075 4,7448
5,2314 5,2697
615 19:04:21
4,5171 4,5534
4,2557 4,2923
4,7074 4,7445
5,2309 5,2688
616 19:05:21
4,5171 4,5525
4,2567 4,2929
4,7074 4,7442
5,2300 5,2672
617 19:06:20
4,5173 4,5533
4,2580 4,2944
4,7076 4,7448
5,2311 5,2687
618 19:07:20
4,5171 4,5534
4,2573 4,2939
4,7079 4,7450
5,2308 5,2686
619 19:08:21
4,5171 4,5531
4,2569 4,2932
4,7085 4,7452
5,2306 5,2684
620 19:09:20
4,5171 4,5530
4,2580 4,2943
4,7088 4,7454
5,2301 5,2677
621 19:10:20
4,5167 4,5541
4,2581 4,2958
4,7090 4,7472
5,2305 5,2696
622 19:11:21
4,5166 4,5532
4,2573 4,2943
4,7085 4,7464
5,2304 5,2687
623 19:12:21
4,5165 4,5531
4,2576 4,2945
4,7083 4,7461
5,2308 5,2690
624 19:13:20
4,5166 4,5532
4,2581 4,2946
4,7089 4,7463
5,2297 5,2679
625 19:14:20
4,5167 4,5533
4,2590 4,2956
4,7091 4,7464
5,2300 5,2683
626 19:15:21
4,5167 4,5532
4,2596 4,2965
4,7094 4,7466
5,2298 5,2679
627 19:16:21
4,5172 4,5530
4,2594 4,2953
4,7101 4,7466
5,2306 5,2678
628 19:17:21
4,5171 4,5529
4,2586 4,2948
4,7094 4,7460
5,2302 5,2676
629 19:18:20
4,5170 4,5530
4,2585 4,2945
4,7094 4,7461
5,2301 5,2677
630 19:19:20
4,5172 4,5542
4,2586 4,2959
4,7095 4,7473
5,2305 5,2692
631 19:20:21
4,5176 4,5537
4,2593 4,2954
4,7098 4,7472
5,2308 5,2684
632 19:21:21
4,5170 4,5534
4,2584 4,2949
4,7093 4,7465
5,2306 5,2687
633 19:22:20
4,5167 4,5526
4,2584 4,2943
4,7089 4,7456
5,2297 5,2669
634 19:23:20
4,5167 4,5527
4,2586 4,2950
4,7091 4,7458
5,2302 5,2677
635 19:24:20
4,5176 4,5543
4,2614 4,2980
4,7098 4,7478
5,2315 5,2698
636 19:25:21
4,5176 4,5546
4,2610 4,2983
4,7100 4,7483
5,2316 5,2697
637 19:26:21
4,5176 4,5542
4,2618 4,2983
4,7095 4,7473
5,2310 5,2691
638 19:27:20
4,5182 4,5552
4,2612 4,2985
4,7103 4,7484
5,2316 5,2702
639 19:28:20
4,5183 4,5549
4,2609 4,2978
4,7103 4,7476
5,2317 5,2699
640 19:29:21
4,5190 4,5561
4,2622 4,2995
4,7113 4,7493
5,2324 5,2712
641 19:30:21
4,5181 4,5539
4,2610 4,2970
4,7104 4,7470
5,2321 5,2694
642 19:31:20
4,5181 4,5541
4,2611 4,2971
4,7100 4,7473
5,2320 5,2696
643 19:32:20
4,5182 4,5541
4,2608 4,2970
4,7101 4,7472
5,2322 5,2695
644 19:33:21
4,5184 4,5539
4,2625 4,2984
4,7107 4,7470
5,2318 5,2687
645 19:34:21
4,5178 4,5546
4,2620 4,2987
4,7097 4,7478
5,2311 5,2696
646 19:35:20
4,5180 4,5546
4,2626 4,2995
4,7099 4,7477
5,2315 5,2696
647 19:36:20
4,5178 4,5546
4,2628 4,2995
4,7102 4,7482
5,2324 5,2709
648 19:37:21
4,5176 4,5541
4,2618 4,2982
4,7093 4,7471
5,2327 5,2708
649 19:38:21
4,5181 4,5535
4,2624 4,2978
4,7100 4,7466
5,2333 5,2701
650 19:39:21
4,5181 4,5537
4,2627 4,2982
4,7101 4,7468
5,2339 5,2709
651 19:40:20
4,5181 4,5535
4,2620 4,2978
4,7100 4,7466
5,2339 5,2708
652 19:41:21
4,5180 4,5538
4,2614 4,2975
4,7099 4,7467
5,2338 5,2710
653 19:42:21
4,5181 4,5524
4,2618 4,2961
4,7100 4,7451
5,2339 5,2694
654 19:43:21
4,5180 4,5531
4,2621 4,2976
4,7103 4,7466
5,2335 5,2701
655 19:44:20
4,5182 4,5537
4,2627 4,2982
4,7104 4,7472
5,2333 5,2703
656 19:45:20
4,5181 4,5535
4,2632 4,2986
4,7104 4,7470
5,2336 5,2707
657 19:46:21
4,5181 4,5538
4,2626 4,2987
4,7105 4,7473
5,2338 5,2710
658 19:47:21
4,5181 4,5537
4,2628 4,2988
4,7100 4,7468
5,2339 5,2709
659 19:48:21
4,5183 4,5548
4,2629 4,2993
4,7104 4,7478
5,2340 5,2722
660 19:49:21
4,5181 4,5540
4,2615 4,2977
4,7102 4,7471
5,2342 5,2718
661 19:50:20
4,5181 4,5540
4,2618 4,2981
4,7105 4,7476
5,2344 5,2718
662 19:51:20
4,5182 4,5539
4,2619 4,2980
4,7105 4,7474
5,2345 5,2717
663 19:52:21
4,5183 4,5538
4,2624 4,2983
4,7107 4,7473
5,2347 5,2716
664 19:53:21
4,5182 4,5541
4,2635 4,2998
4,7110 4,7477
5,2340 5,2717
665 19:54:21
4,5183 4,5539
4,2630 4,2990
4,7107 4,7475
5,2348 5,2719
666 19:55:21
4,5181 4,5538
4,2630 4,2987
4,7103 4,7473
5,2346 5,2719
667 19:56:21
4,5181 4,5537
4,2632 4,2988
4,7100 4,7468
5,2345 5,2715
668 19:57:21
4,5182 4,5545
4,2639 4,3004
4,7105 4,7475
5,2351 5,2731
669 19:58:21
4,5180 4,5544
4,2634 4,2999
4,7103 4,7475
5,2350 5,2730
670 19:59:21
4,5185 4,5549
4,2647 4,3014
4,7109 4,7485
5,2358 5,2739
671 20:00:20
4,5186 4,5550
4,2648 4,3012
4,7105 4,7481
5,2357 5,2743
672 20:01:20
4,5189 4,5553
4,2655 4,3021
4,7108 4,7484
5,2367 5,2748
673 20:02:21
4,5191 4,5553
4,2645 4,3011
4,7111 4,7480
5,2362 5,2740
674 20:03:21
4,5188 4,5554
4,2642 4,3008
4,7107 4,7481
5,2359 5,2741
675 20:04:21
4,5194 4,5553
4,2646 4,3009
4,7113 4,7484
5,2360 5,2734
676 20:05:21
4,5192 4,5553
4,2640 4,3005
4,7111 4,7484
5,2363 5,2739
677 20:06:20
4,5186 4,5551
4,2642 4,3008
4,7103 4,7477
5,2357 5,2738
678 20:07:20
4,5191 4,5554
4,2645 4,3010
4,7109 4,7479
5,2362 5,2741
679 20:08:20
4,5191 4,5552
4,2649 4,3013
4,7109 4,7477
5,2367 5,2741
680 20:10:20
4,5190 4,5550
4,2652 4,3012
4,7109 4,7481
5,2369 5,2744
681 20:11:20
4,5190 4,5550
4,2648 4,3011
4,7109 4,7481
5,2367 5,2743
682 20:12:21
4,5185 4,5552
4,2639 4,3009
4,7103 4,7479
5,2366 5,2750
683 20:13:21
4,5190 4,5553
4,2650 4,3013
4,7109 4,7484
5,2373 5,2752
684 20:14:21
4,5191 4,5552
4,2651 4,3016
4,7110 4,7483
5,2374 5,2751
685 20:15:21
4,5188 4,5561
4,2654 4,3030
4,7106 4,7492
5,2365 5,2755
686 20:16:20
4,5189 4,5553
4,2651 4,3018
4,7108 4,7480
5,2366 5,2746
687 20:17:20
4,5188 4,5552
4,2654 4,3021
4,7113 4,7484
5,2367 5,2746
688 20:18:21
4,5190 4,5553
4,2650 4,3017
4,7109 4,7484
5,2361 5,2740
689 20:19:21
4,5187 4,5551
4,2649 4,3016
4,7110 4,7483
5,2358 5,2738
690 20:20:21
4,5189 4,5552
4,2646 4,3012
4,7112 4,7482
5,2366 5,2745
691 20:21:20
4,5190 4,5553
4,2646 4,3011
4,7114 4,7489
5,2362 5,2740
692 20:22:20
4,5191 4,5553
4,2645 4,3011
4,7121 4,7490
5,2370 5,2745
693 20:23:21
4,5190 4,5555
4,2650 4,3019
4,7114 4,7491
5,2365 5,2741
694 20:24:21
4,5187 4,5551
4,2649 4,3016
4,7116 4,7488
5,2359 5,2740
695 20:25:21
4,5193 4,5556
4,2649 4,3016
4,7122 4,7497
5,2364 5,2742
696 20:26:20
4,5197 4,5557
4,2661 4,3023
4,7127 4,7494
5,2376 5,2746
697 20:27:20
4,5198 4,5557
4,2654 4,3017
4,7122 4,7493
5,2370 5,2745
698 20:28:21
4,5199 4,5558
4,2647 4,3010
4,7119 4,7489
5,2377 5,2751
699 20:29:21
4,5202 4,5559
4,2651 4,3011
4,7126 4,7491
5,2380 5,2752
700 20:30:21
4,5203 4,5558
4,2655 4,3010
4,7127 4,7490
5,2385 5,2751
701 20:31:20
4,5210 4,5567
4,2661 4,3022
4,7130 4,7499
5,2397 5,2762
702 20:32:20
4,5211 4,5568
4,2662 4,3019
4,7131 4,7500
5,2398 5,2763
703 20:33:21
4,5209 4,5571
4,2662 4,3028
4,7129 4,7503
5,2395 5,2767
704 20:34:21
4,5208 4,5572
4,2657 4,3025
4,7123 4,7499
5,2394 5,2768
705 20:35:21
4,5207 4,5574
4,2654 4,3025
4,7122 4,7501
5,2393 5,2776
706 20:36:21
4,5210 4,5571
4,2661 4,3026
4,7129 4,7497
5,2396 5,2772
707 20:37:20
4,5205 4,5566
4,2662 4,3026
4,7120 4,7493
5,2394 5,2767
708 20:38:21
4,5206 4,5567
4,2666 4,3028
4,7125 4,7493
5,2393 5,2768
709 20:39:21
4,5189 4,5555
4,2651 4,3017
4,7108 4,7482
5,2378 5,2754
710 20:40:21
4,5191 4,5556
4,2643 4,3012
4,7104 4,7482
5,2375 5,2756
711 20:41:21
4,5191 4,5552
4,2647 4,3008
4,7105 4,7478
5,2378 5,2750
712 20:42:20
4,5195 4,5545
4,2649 4,3003
4,7110 4,7471
5,2383 5,2743
713 20:43:20
4,5194 4,5548
4,2644 4,3002
4,7108 4,7474
5,2378 5,2746
714 20:44:20
4,5192 4,5548
4,2638 4,2998
4,7106 4,7474
5,2376 5,2746
715 20:45:21
4,5190 4,5546
4,2636 4,2996
4,7104 4,7472
5,2374 5,2745
716 20:46:21
4,5188 4,5554
4,2629 4,2998
4,7107 4,7485
5,2371 5,2753
717 20:47:21
4,5192 4,5548
4,2638 4,2998
4,7111 4,7479
5,2376 5,2746
718 20:48:20
4,5194 4,5550
4,2640 4,3000
4,7113 4,7481
5,2373 5,2744
719 20:49:20
4,5193 4,5555
4,2630 4,2995
4,7112 4,7486
5,2377 5,2755
720 20:50:20
4,5196 4,5551
4,2632 4,2991
4,7114 4,7476
5,2373 5,2743
721 20:51:21
4,5196 4,5551
4,2636 4,2995
4,7114 4,7478
5,2373 5,2743
722 20:52:21
4,5196 4,5551
4,2633 4,2989
4,7114 4,7476
5,2373 5,2743
723 20:53:20
4,5196 4,5551
4,2630 4,2988
4,7114 4,7476
5,2373 5,2743
724 20:54:20
4,5196 4,5551
4,2640 4,2995
4,7116 4,7483
5,2374 5,2745
725 20:55:21
4,5193 4,5549
4,2643 4,3003
4,7112 4,7480
5,2371 5,2741
726 20:56:21
4,5195 4,5549
4,2641 4,2998
4,7116 4,7479
5,2380 5,2748
727 20:57:21
4,5194 4,5546
4,2639 4,2996
4,7113 4,7477
5,2378 5,2744
728 20:58:21
4,5196 4,5547
4,2640 4,2995
4,7119 4,7477
5,2380 5,2745
729 20:59:20
4,5187 4,5548
4,2627 4,2992
4,7110 4,7482
5,2378 5,2752
730 21:00:20
4,5193 4,5545
4,2635 4,2991
4,7122 4,7481
5,2390 5,2757
731 21:02:20
4,5199 4,5542
4,2639 4,2983
4,7123 4,7478
5,2399 5,2755
732 21:03:21
4,5193 4,5545
4,2631 4,2987
4,7118 4,7479
5,2389 5,2755
733 21:04:21
4,5198 4,5547
4,2634 4,2987
4,7121 4,7477
5,2394 5,2756
734 21:05:21
4,5195 4,5549
4,2637 4,2995
4,7125 4,7486
5,2398 5,2766
735 21:06:21
4,5197 4,5550
4,2647 4,3003
4,7125 4,7485
5,2394 5,2761
736 21:07:20
4,5190 4,5557
4,2644 4,3010
4,7113 4,7487
5,2380 5,2763
737 21:08:20
4,5193 4,5553
4,2647 4,3007
4,7118 4,7485
5,2384 5,2759
738 21:09:21
4,5194 4,5555
4,2642 4,3007
4,7117 4,7485
5,2384 5,2761
739 21:10:21
4,5189 4,5553
4,2639 4,3007
4,7119 4,7490
5,2380 5,2759
740 21:11:21
4,5191 4,5554
4,2635 4,3002
4,7119 4,7489
5,2380 5,2758
741 21:12:21
4,5190 4,5554
4,2639 4,3002
4,7125 4,7496
5,2381 5,2760
742 21:13:21
4,5190 4,5563
4,2643 4,3015
4,7118 4,7504
5,2379 5,2770
743 21:14:20
4,5193 4,5552
4,2641 4,3000
4,7122 4,7493
5,2381 5,2757
744 21:15:21
4,5192 4,5553
4,2644 4,3005
4,7120 4,7488
5,2375 5,2752
745 21:16:21
4,5191 4,5553
4,2637 4,3003
4,7121 4,7490
5,2382 5,2759
746 21:17:21
4,5189 4,5553
4,2631 4,2998
4,7119 4,7492
5,2380 5,2759
747 21:18:21
4,5190 4,5555
4,2634 4,3003
4,7123 4,7495
5,2379 5,2759
748 21:19:20
4,5191 4,5553
4,2637 4,3003
4,7126 4,7495
5,2382 5,2759
749 21:20:20
4,5190 4,5553
4,2642 4,3009
4,7123 4,7493
5,2379 5,2758
750 21:21:21
4,5189 4,5553
4,2651 4,3019
4,7124 4,7495
5,2372 5,2756
751 21:22:21
4,5189 4,5554
4,2647 4,3015
4,7122 4,7494
5,2372 5,2753
752 21:23:21
4,5191 4,5555
4,2645 4,3013
4,7120 4,7496
5,2376 5,2755
753 21:24:21
4,5191 4,5551
4,2649 4,3013
4,7120 4,7492
5,2374 5,2750
754 21:25:20
4,5189 4,5554
4,2637 4,3006
4,7117 4,7489
5,2372 5,2753
755 21:26:20
4,5188 4,5556
4,2634 4,3006
4,7116 4,7492
5,2372 5,2757
756 21:27:21
4,5189 4,5554
4,2629 4,2998
4,7113 4,7486
5,2366 5,2747
757 21:28:21
4,5189 4,5553
4,2631 4,2999
4,7114 4,7485
5,2372 5,2752
758 21:29:21
4,5189 4,5555
4,2631 4,3001
4,7113 4,7487
5,2373 5,2756
759 21:30:21
4,5189 4,5556
4,2629 4,3000
4,7112 4,7486
5,2371 5,2755
760 21:31:21
4,5189 4,5555
4,2631 4,2999
4,7112 4,7486
5,2373 5,2756
761 21:32:21
4,5190 4,5557
4,2626 4,2997
4,7108 4,7488
5,2372 5,2756
762 21:33:20
4,5187 4,5557
4,2625 4,2999
4,7106 4,7489
5,2369 5,2757
763 21:34:21
4,5185 4,5554
4,2622 4,2994
4,7104 4,7485
5,2362 5,2753
764 21:35:20
4,5184 4,5552
4,2621 4,2992
4,7104 4,7479
5,2361 5,2746
765 21:36:20
4,5171 4,5545
4,2607 4,2982
4,7095 4,7480
5,2345 5,2737
766 21:37:20
4,5172 4,5542
4,2606 4,2979
4,7100 4,7478
5,2347 5,2733
767 21:38:20
4,5175 4,5542
4,2609 4,2979
4,7097 4,7477
5,2350 5,2733
768 21:39:20
4,5175 4,5542
4,2605 4,2973
4,7097 4,7473
5,2350 5,2733
769 21:40:21
4,5172 4,5540
4,2606 4,2977
4,7095 4,7475
5,2350 5,2734
770 21:41:21
4,5172 4,5542
4,2602 4,2975
4,7096 4,7479
5,2354 5,2741
771 21:42:21
4,5174 4,5541
4,2603 4,2974
4,7096 4,7476
5,2354 5,2738
772 21:43:20
4,5171 4,5541
4,2599 4,2970
4,7094 4,7476
5,2346 5,2733
773 21:44:20
4,5177 4,5544
4,2607 4,2977
4,7095 4,7472
5,2351 5,2735
774 21:45:21
4,5176 4,5542
4,2603 4,2971
4,7090 4,7468
5,2352 5,2734
775 21:46:21
4,5175 4,5541
4,2597 4,2966
4,7089 4,7468
5,2351 5,2734
776 21:47:21
4,5172 4,5543
4,2590 4,2963
4,7085 4,7467
5,2347 5,2734
777 21:48:21
4,5174 4,5542
4,2592 4,2963
4,7087 4,7463
5,2349 5,2734
778 21:49:20
4,5200 4,5552
4,2620 4,2973
4,7115 4,7480
5,2386 5,2753
779 21:50:20
4,5198 4,5551
4,2612 4,2967
4,7116 4,7476
5,2383 5,2750
780 21:51:20
4,5199 4,5550
4,2611 4,2967
4,7113 4,7476
5,2384 5,2749
781 21:52:21
4,5195 4,5550
4,2611 4,2966
4,7113 4,7475
5,2379 5,2748
782 21:53:21
4,5197 4,5547
4,2615 4,2969
4,7122 4,7479
5,2383 5,2746
783 21:54:21
4,5196 4,5550
4,2618 4,2976
4,7125 4,7486
5,2381 5,2750
784 21:55:21
4,5197 4,5551
4,2615 4,2973
4,7126 4,7488
5,2386 5,2756
785 21:56:21
4,5196 4,5550
4,2617 4,2974
4,7121 4,7484
5,2386 5,2754
786 21:57:21
4,5197 4,5551
4,2615 4,2973
4,7111 4,7477
5,2388 5,2756
787 21:58:21
4,5197 4,5549
4,2619 4,2975
4,7106 4,7470
5,2388 5,2754
788 21:59:20
4,5197 4,5549
4,2619 4,2975
4,7108 4,7471
5,2388 5,2754
789 22:00:20
4,5198 4,5546
4,2616 4,2968
4,7107 4,7467
5,2384 5,2745
790 22:01:21
4,5205 4,5547
4,2629 4,2976
4,7116 4,7467
5,2397 5,2751
791 22:02:21
4,5204 4,5548
4,2624 4,2969
4,7114 4,7468
5,2397 5,2754
792 22:03:21
4,5200 4,5549
4,2620 4,2973
4,7105 4,7466
5,2397 5,2758
793 22:04:20
4,5201 4,5548
4,2621 4,2973
4,7105 4,7463
5,2398 5,2759
794 22:05:20
4,5200 4,5548
4,2620 4,2973
4,7106 4,7465
5,2397 5,2759
795 22:06:21
4,5196 4,5551
4,2620 4,2979
4,7102 4,7467
5,2391 5,2761
796 22:07:21
4,5201 4,5547
4,2621 4,2972
4,7105 4,7463
5,2399 5,2757
797 22:08:21
4,5201 4,5547
4,2625 4,2972
4,7107 4,7464
5,2398 5,2758
798 22:09:21
4,5201 4,5547
4,2625 4,2976
4,7107 4,7464
5,2398 5,2758
799 22:10:20
4,5201 4,5547
4,2626 4,2974
4,7107 4,7464
5,2398 5,2758
800 22:11:21
4,5200 4,5549
4,2620 4,2973
4,7105 4,7460
5,2391 5,2759
801 22:12:21
4,5201 4,5548
4,2617 4,2969
4,7100 4,7458
5,2391 5,2751
802 22:13:21
4,5199 4,5550
4,2615 4,2970
4,7098 4,7460
5,2390 5,2755
803 22:14:20
4,5199 4,5550
4,2615 4,2970
4,7098 4,7460
5,2390 5,2755
804 22:15:20
4,5203 4,5557
4,2620 4,2978
4,7107 4,7469
5,2395 5,2763
805 22:16:21
4,5203 4,5557
4,2616 4,2974
4,7109 4,7470
5,2395 5,2763
806 22:17:21
4,5203 4,5559
4,2620 4,2980
4,7108 4,7472
5,2395 5,2765
807 22:18:20
4,5203 4,5560
4,2618 4,2979
4,7108 4,7477
5,2393 5,2765
808 22:19:20
4,5204 4,5559
4,2627 4,2986
4,7113 4,7475
5,2396 5,2765
809 22:20:21
4,5205 4,5560
4,2624 4,2983
4,7114 4,7476
5,2397 5,2766
810 22:21:21
4,5204 4,5558
4,2621 4,2979
4,7109 4,7475
5,2390 5,2764
811 22:22:21
4,5204 4,5559
4,2619 4,2978
4,7109 4,7476
5,2390 5,2759
812 22:23:21
4,5203 4,5557
4,2620 4,2978
4,7108 4,7474
5,2389 5,2757
Connection error x5
