#======================
2023-4-12
# 1.EUR, 2.USD, 3.CHF, 4.GBP
Sell Price, Buy Price
1 08:53
4,6518 4,6841
4,2574 4,2896
4,7181 4,7511
5,2960 5,3294
2 08:54
4,6517 4,6840
4,2577 4,2899
4,7178 4,7508
5,2957 5,3291
3 08:55
4,6518 4,6841
4,2578 4,2900
4,7181 4,7511
5,2953 5,3287
4 08:56
4,6516 4,6839
4,2579 4,2901
4,7179 4,7509
5,2956 5,3290
5 08:57
4,6517 4,6840
4,2586 4,2908
4,7184 4,7514
5,2958 5,3292
6 08:58
4,6516 4,6839
4,2574 4,2896
4,7170 4,7500
5,2948 5,3282
7 08:59
4,6517 4,6840
4,2570 4,2892
4,7177 4,7507
5,2946 5,3280
8 09:00
4,6505 4,6828
4,2556 4,2878
4,7166 4,7496
5,2933 5,3267
9 09:01
4,6502 4,6825
4,2541 4,2863
4,7160 4,7490
5,2920 5,3254
10 09:02
4,6502 4,6825
4,2534 4,2856
4,7151 4,7481
5,2913 5,3247
#======================
2023-4-12
# 1.EUR, 2.USD, 3.CHF, 4.GBP
Sell Price, Buy Price
1 09:11
4,6507 4,6830
4,2540 4,2863
4,7165 4,7495
5,2914 5,3248
2 09:12
4,6508 4,6831
4,2539 4,2862
4,7166 4,7496
5,2918 5,3252
