#======================
2023-7-19
# 1.EUR, 2.USD, 3.CHF, 4.GBP
Sell Price, Buy Price
1 12:34
4,4349 4,4671
3,9510 3,9831
4,6050 4,6378
5,1125 5,1458
2 12:35
4,4342 4,4664
3,9500 3,9821
4,6035 4,6363
5,1116 5,1449
3 12:36
4,4343 4,4665
3,9501 3,9822
4,6036 4,6364
5,1118 5,1451
4 12:37
4,4343 4,4665
3,9499 3,9820
4,6034 4,6362
5,1118 5,1451
5 12:38
4,4325 4,4647
3,9487 3,9808
4,6014 4,6342
5,1100 5,1433
6 12:39
4,4323 4,4645
3,9485 3,9806
4,6013 4,6341
5,1106 5,1439
7 12:40
4,4346 4,4668
3,9506 3,9827
4,6059 4,6387
5,1136 5,1469
8 12:41
4,4346 4,4668
3,9506 3,9827
4,6059 4,6387
5,1137 5,1468
9 12:42
4,4347 4,4669
3,9510 3,9831
4,6055 4,6383
5,1123 5,1454
10 12:43
4,4346 4,4668
3,9509 3,9830
4,6054 4,6382
5,1119 5,1450
11 12:44
4,4346 4,4668
3,9509 3,9830
4,6054 4,6382
5,1119 5,1450
12 12:45
4,4360 4,4682
3,9530 3,9851
4,6068 4,6396
5,1135 5,1466
13 12:46
4,4355 4,4677
3,9526 3,9847
4,6066 4,6394
5,1128 5,1461
14 12:47
4,4353 4,4675
3,9531 3,9852
4,6064 4,6392
5,1129 5,1462
15 12:48
4,4350 4,4672
3,9523 3,9844
4,6058 4,6386
5,1122 5,1455
16 12:49
4,4352 4,4674
3,9525 3,9846
4,6060 4,6388
5,1121 5,1454
17 12:50
4,4352 4,4674
3,9528 3,9849
4,6060 4,6388
5,1122 5,1455
18 12:51
4,4356 4,4678
3,9530 3,9851
4,6057 4,6385
5,1127 5,1460
19 12:52
4,4358 4,4680
3,9532 3,9853
4,6057 4,6385
5,1129 5,1462
20 12:53
4,4358 4,4680
3,9532 3,9853
4,6052 4,6380
5,1127 5,1460
21 12:54
4,4365 4,4687
3,9538 3,9859
4,6054 4,6382
5,1135 5,1468
22 12:55
4,4348 4,4670
3,9523 3,9844
4,6036 4,6364
5,1117 5,1450
23 12:56
4,4348 4,4670
3,9521 3,9842
4,6040 4,6368
5,1117 5,1450
24 12:57
4,4348 4,4670
3,9521 3,9842
4,6041 4,6369
5,1117 5,1450
25 12:58
4,4341 4,4663
3,9522 3,9843
4,6032 4,6360
5,1109 5,1442
26 12:59
4,4348 4,4670
3,9529 3,9850
4,6039 4,6367
5,1123 5,1456
27 13:00
4,4348 4,4670
3,9529 3,9850
4,6039 4,6367
5,1100 5,1433
28 13:01
4,4348 4,4670
3,9529 3,9850
4,6033 4,6361
5,1101 5,1434
29 13:02
4,4348 4,4670
3,9529 3,9850
4,6033 4,6361
5,1100 5,1433
30 13:03
4,4348 4,4670
3,9529 3,9850
4,6041 4,6369
5,1091 5,1424
31 13:04
4,4353 4,4675
3,9537 3,9858
4,6051 4,6379
5,1094 5,1427
32 13:05
4,4353 4,4675
3,9537 3,9858
4,6051 4,6379
5,1094 5,1427
33 13:06
4,4353 4,4675
3,9537 3,9858
4,6052 4,6380
5,1095 5,1428
34 13:07
4,4359 4,4681
3,9540 3,9861
4,6065 4,6393
5,1104 5,1437
35 13:08
4,4360 4,4682
3,9541 3,9862
4,6068 4,6396
5,1097 5,1430
36 13:09
4,4360 4,4682
3,9541 3,9862
4,6068 4,6396
5,1096 5,1429
37 13:10
4,4360 4,4682
3,9541 3,9862
4,6068 4,6396
5,1096 5,1429
38 13:11
4,4360 4,4682
3,9541 3,9862
4,6068 4,6396
5,1094 5,1426
39 13:12
4,4364 4,4686
3,9548 3,9869
4,6073 4,6401
5,1099 5,1431
40 13:13
4,4371 4,4693
3,9554 3,9875
4,6079 4,6407
5,1109 5,1441
41 13:14
4,4370 4,4692
3,9569 3,9890
4,6079 4,6407
5,1123 5,1455
42 13:15
4,4370 4,4692
3,9571 3,9892
4,6081 4,6409
5,1126 5,1458
43 13:16
4,4364 4,4686
3,9565 3,9886
4,6074 4,6402
5,1122 5,1454
44 13:17
4,4364 4,4686
3,9565 3,9886
4,6074 4,6402
5,1120 5,1452
45 13:18
4,4365 4,4687
3,9567 3,9888
4,6074 4,6402
5,1120 5,1452
46 13:19
4,4365 4,4687
3,9566 3,9887
4,6073 4,6401
5,1117 5,1449
47 13:20
4,4365 4,4687
3,9559 3,9880
4,6078 4,6406
5,1120 5,1452
48 13:21
4,4365 4,4687
3,9559 3,9880
4,6078 4,6406
5,1123 5,1454
49 13:22
4,4370 4,4692
3,9564 3,9885
4,6084 4,6412
5,1126 5,1457
50 13:23
4,4381 4,4703
3,9574 3,9895
4,6095 4,6423
5,1134 5,1465
51 13:24
4,4381 4,4703
3,9574 3,9895
4,6097 4,6425
5,1136 5,1467
52 13:25
4,4381 4,4703
3,9574 3,9895
4,6093 4,6421
5,1136 5,1467
53 13:26
4,4381 4,4703
3,9571 3,9892
4,6092 4,6421
5,1136 5,1467
54 13:27
4,4381 4,4703
3,9574 3,9895
4,6092 4,6421
5,1136 5,1467
55 13:28
4,4381 4,4703
3,9574 3,9895
4,6094 4,6423
5,1136 5,1467
56 13:29
4,4381 4,4703
3,9572 3,9893
4,6092 4,6421
5,1124 5,1455
57 13:30
4,4381 4,4703
3,9572 3,9893
4,6092 4,6421
5,1121 5,1452
58 13:31
4,4401 4,4723
3,9590 3,9911
4,6105 4,6434
5,1138 5,1469
59 13:32
4,4411 4,4733
3,9590 3,9911
4,6115 4,6444
5,1155 5,1486
60 13:33
4,4411 4,4733
3,9590 3,9911
4,6110 4,6439
5,1155 5,1486
61 13:34
4,4408 4,4730
3,9587 3,9908
4,6108 4,6437
5,1167 5,1498
62 13:35
4,4403 4,4725
3,9583 3,9904
4,6102 4,6431
5,1164 5,1495
63 13:36
4,4403 4,4725
3,9588 3,9909
4,6102 4,6431
5,1167 5,1499
64 13:37
4,4403 4,4725
3,9592 3,9913
4,6110 4,6439
5,1167 5,1499
65 13:38
4,4403 4,4725
3,9587 3,9908
4,6110 4,6439
5,1173 5,1505
66 13:39
4,4403 4,4725
3,9588 3,9909
4,6110 4,6439
5,1173 5,1505
67 13:40
4,4389 4,4711
3,9576 3,9897
4,6095 4,6424
5,1157 5,1489
68 13:41
4,4390 4,4712
3,9580 3,9901
4,6096 4,6425
5,1158 5,1489
69 13:42
4,4390 4,4712
3,9582 3,9903
4,6096 4,6425
5,1117 5,1448
70 13:43
4,4390 4,4712
3,9575 3,9896
4,6096 4,6425
5,1114 5,1445
71 13:44
4,4390 4,4712
3,9573 3,9894
4,6096 4,6425
5,1114 5,1445
72 13:45
4,4390 4,4712
3,9570 3,9891
4,6101 4,6430
5,1114 5,1445
73 13:46
4,4365 4,4687
3,9542 3,9863
4,6075 4,6404
5,1084 5,1415
74 13:47
4,4365 4,4687
3,9538 3,9859
4,6079 4,6408
5,1087 5,1418
75 13:48
4,4365 4,4687
3,9536 3,9857
4,6079 4,6408
5,1087 5,1418
76 13:49
4,4367 4,4689
3,9539 3,9860
4,6082 4,6411
5,1084 5,1415
77 13:50
4,4367 4,4689
3,9539 3,9860
4,6082 4,6411
5,1081 5,1412
78 13:51
4,4366 4,4688
3,9538 3,9859
4,6077 4,6404
5,1080 5,1411
79 13:52
4,4359 4,4681
3,9533 3,9854
4,6072 4,6399
5,1072 5,1403
80 13:53
4,4359 4,4681
3,9533 3,9854
4,6072 4,6399
5,1074 5,1405
81 13:54
4,4360 4,4682
3,9534 3,9855
4,6073 4,6400
5,1076 5,1407
82 13:55
4,4359 4,4681
3,9533 3,9854
4,6077 4,6404
5,1072 5,1403
83 13:56
4,4359 4,4681
3,9531 3,9852
4,6076 4,6404
5,1068 5,1401
84 13:57
4,4349 4,4671
3,9531 3,9852
4,6058 4,6386
5,1057 5,1390
85 13:58
4,4330 4,4652
3,9514 3,9835
4,6045 4,6373
5,1016 5,1349
86 13:59
4,4326 4,4648
3,9510 3,9831
4,6044 4,6372
5,1012 5,1345
87 14:00
4,4325 4,4647
3,9510 3,9831
4,6043 4,6371
5,1011 5,1344
88 14:01
4,4325 4,4647
3,9510 3,9831
4,6044 4,6371
5,0998 5,1329
89 14:02
4,4325 4,4647
3,9507 3,9828
4,6044 4,6371
5,0995 5,1326
90 14:03
4,4325 4,4647
3,9512 3,9833
4,6037 4,6364
5,0995 5,1326
91 14:04
4,4325 4,4647
3,9505 3,9826
4,6037 4,6364
5,1009 5,1340
92 14:05
4,4336 4,4658
3,9515 3,9836
4,6049 4,6376
5,1022 5,1353
93 14:06
4,4337 4,4659
3,9515 3,9836
4,6054 4,6382
5,1014 5,1345
94 14:07
4,4336 4,4658
3,9514 3,9835
4,6053 4,6381
5,1028 5,1359
95 14:08
4,4346 4,4668
3,9523 3,9844
4,6066 4,6394
5,1046 5,1377
96 14:09
4,4345 4,4667
3,9513 3,9834
4,6064 4,6392
5,1047 5,1378
97 14:10
4,4332 4,4654
3,9502 3,9823
4,6049 4,6377
5,1032 5,1363
98 14:11
4,4330 4,4652
3,9500 3,9821
4,6042 4,6370
5,1028 5,1361
99 14:12
4,4330 4,4652
3,9500 3,9821
4,6042 4,6370
5,1028 5,1361
100 14:13
4,4330 4,4652
3,9500 3,9821
4,6042 4,6370
5,1028 5,1361
101 14:14
4,4330 4,4652
3,9500 3,9821
4,6051 4,6379
5,1037 5,1370
102 14:15
4,4330 4,4652
3,9502 3,9823
4,6049 4,6377
5,1037 5,1370
103 14:16
4,4330 4,4652
3,9500 3,9821
4,6049 4,6377
5,1036 5,1368
104 14:17
4,4325 4,4647
3,9496 3,9817
4,6044 4,6372
5,1030 5,1362
105 14:18
4,4325 4,4647
3,9496 3,9817
4,6044 4,6372
5,1031 5,1363
106 14:19
4,4325 4,4647
3,9490 3,9811
4,6044 4,6372
5,1030 5,1362
107 14:20
4,4325 4,4647
3,9496 3,9817
4,6044 4,6372
5,1030 5,1362
108 14:21
4,4301 4,4623
3,9471 3,9792
4,6019 4,6347
5,1001 5,1334
109 14:22
4,4301 4,4623
3,9469 3,9790
4,6019 4,6347
5,1004 5,1337
110 14:23
4,4301 4,4623
3,9474 3,9795
4,6019 4,6347
5,1004 5,1337
111 14:24
4,4301 4,4623
3,9474 3,9795
4,6012 4,6340
5,1004 5,1337
112 14:25
4,4294 4,4616
3,9464 3,9785
4,6004 4,6332
5,0996 5,1329
113 14:26
4,4285 4,4607
3,9463 3,9784
4,6007 4,6335
5,0995 5,1328
114 14:27
4,4285 4,4607
3,9465 3,9786
4,6007 4,6335
5,1006 5,1339
115 14:28
4,4285 4,4607
3,9470 3,9791
4,6007 4,6335
5,1012 5,1345
116 14:29
4,4289 4,4611
3,9481 3,9802
4,6011 4,6339
5,1004 5,1337
117 14:30
4,4289 4,4611
3,9483 3,9804
4,6011 4,6339
5,0993 5,1326
118 14:31
4,4289 4,4611
3,9480 3,9801
4,6014 4,6341
5,0993 5,1326
119 14:32
4,4289 4,4611
3,9480 3,9801
4,6019 4,6346
5,1005 5,1338
120 14:33
4,4289 4,4611
3,9480 3,9801
4,6019 4,6346
5,0996 5,1329
121 14:34
4,4289 4,4611
3,9480 3,9801
4,6019 4,6346
5,0999 5,1332
122 14:35
4,4289 4,4611
3,9480 3,9801
4,6014 4,6341
5,0999 5,1332
123 14:36
4,4270 4,4592
3,9468 3,9789
4,5994 4,6322
5,0978 5,1310
124 14:37
4,4272 4,4594
3,9470 3,9791
4,5996 4,6324
5,0981 5,1313
125 14:38
4,4272 4,4594
3,9456 3,9777
4,5999 4,6327
5,0981 5,1313
126 14:39
4,4282 4,4604
3,9474 3,9795
4,6011 4,6339
5,0992 5,1324
127 14:40
4,4280 4,4602
3,9475 3,9796
4,6009 4,6337
5,0989 5,1321
128 14:41
4,4277 4,4599
3,9472 3,9793
4,6006 4,6334
5,1004 5,1336
129 14:42
4,4278 4,4600
3,9473 3,9794
4,6007 4,6335
5,1005 5,1337
130 14:43
4,4278 4,4600
3,9473 3,9794
4,6004 4,6332
5,1005 5,1337
131 14:44
4,4266 4,4588
3,9474 3,9795
4,5991 4,6319
5,0990 5,1322
132 14:45
4,4265 4,4587
3,9458 3,9779
4,5990 4,6318
5,0981 5,1313
133 14:46
4,4264 4,4586
3,9462 3,9783
4,5992 4,6319
5,0989 5,1320
134 14:47
4,4266 4,4588
3,9464 3,9785
4,5995 4,6322
5,0986 5,1317
135 14:48
4,4266 4,4588
3,9464 3,9785
4,6000 4,6327
5,1000 5,1331
136 14:49
4,4266 4,4588
3,9464 3,9785
4,6002 4,6329
5,1001 5,1332
137 14:50
4,4266 4,4588
3,9479 3,9800
4,6002 4,6329
5,0996 5,1327
138 14:51
4,4266 4,4588
3,9479 3,9800
4,6002 4,6330
5,0997 5,1328
139 14:52
4,4261 4,4583
3,9471 3,9792
4,5997 4,6325
5,0992 5,1323
140 14:53
4,4261 4,4583
3,9471 3,9792
4,5997 4,6325
5,0989 5,1320
141 14:54
4,4263 4,4585
3,9461 3,9782
4,5998 4,6326
5,0988 5,1319
142 14:55
4,4266 4,4588
3,9461 3,9782
4,5997 4,6325
5,0991 5,1322
143 14:56
4,4266 4,4588
3,9450 3,9771
4,5998 4,6327
5,0988 5,1319
144 14:57
4,4266 4,4588
3,9450 3,9771
4,6000 4,6329
5,0991 5,1322
145 14:58
4,4261 4,4583
3,9446 3,9767
4,5999 4,6328
5,0987 5,1318
146 14:59
4,4262 4,4584
3,9446 3,9767
4,5994 4,6323
5,0986 5,1317
147 15:00
4,4262 4,4584
3,9446 3,9767
4,5999 4,6328
5,0986 5,1317
148 15:01
4,4262 4,4584
3,9450 3,9771
4,5999 4,6328
5,0986 5,1317
149 15:02
4,4263 4,4585
3,9451 3,9772
4,6000 4,6329
5,0987 5,1318
150 15:03
4,4269 4,4591
3,9455 3,9776
4,6007 4,6336
5,1000 5,1331
151 15:04
4,4271 4,4593
3,9455 3,9776
4,6009 4,6338
5,0994 5,1325
152 15:05
4,4268 4,4590
3,9454 3,9775
4,6005 4,6334
5,0991 5,1322
153 15:06
4,4270 4,4592
3,9456 3,9777
4,6009 4,6337
5,0996 5,1327
154 15:07
4,4271 4,4593
3,9449 3,9770
4,6022 4,6350
5,0997 5,1328
155 15:08
4,4276 4,4598
3,9453 3,9774
4,6026 4,6354
5,0997 5,1328
156 15:09
4,4280 4,4602
3,9457 3,9778
4,6030 4,6358
5,1007 5,1338
157 15:10
4,4280 4,4602
3,9462 3,9783
4,6030 4,6358
5,1007 5,1338
158 15:11
4,4276 4,4598
3,9459 3,9780
4,6026 4,6353
5,0999 5,1332
159 15:12
4,4276 4,4598
3,9459 3,9780
4,6026 4,6353
5,1006 5,1339
160 15:13
4,4276 4,4598
3,9460 3,9781
4,6027 4,6354
5,1003 5,1336
161 15:14
4,4280 4,4602
3,9457 3,9778
4,6030 4,6357
5,1006 5,1339
162 15:15
4,4280 4,4602
3,9459 3,9780
4,6035 4,6362
5,1003 5,1336
163 15:16
4,4276 4,4598
3,9456 3,9777
4,6032 4,6360
5,1002 5,1335
164 15:17
4,4277 4,4599
3,9457 3,9778
4,6031 4,6359
5,1004 5,1337
165 15:18
4,4278 4,4600
3,9455 3,9776
4,6031 4,6359
5,0992 5,1325
166 15:19
4,4278 4,4600
3,9455 3,9776
4,6019 4,6347
5,0992 5,1325
167 15:20
4,4280 4,4602
3,9457 3,9778
4,6014 4,6342
5,0991 5,1324
168 15:21
4,4278 4,4600
3,9455 3,9776
4,6009 4,6337
5,0990 5,1322
169 15:22
4,4278 4,4600
3,9455 3,9776
4,6009 4,6337
5,0990 5,1322
170 15:23
4,4278 4,4600
3,9455 3,9776
4,6009 4,6337
5,0997 5,1329
171 15:24
4,4278 4,4600
3,9455 3,9776
4,6007 4,6335
5,0997 5,1329
172 15:25
4,4271 4,4593
3,9455 3,9776
4,6000 4,6328
5,0974 5,1306
173 15:26
4,4269 4,4591
3,9455 3,9776
4,5991 4,6319
5,0974 5,1306
174 15:27
4,4270 4,4592
3,9459 3,9780
4,5984 4,6312
5,0969 5,1301
175 15:28
4,4270 4,4592
3,9455 3,9776
4,5984 4,6312
5,0963 5,1295
176 15:29
4,4270 4,4592
3,9455 3,9776
4,5986 4,6314
5,0963 5,1295
177 15:30
4,4270 4,4592
3,9455 3,9776
4,5984 4,6312
5,0955 5,1287
178 15:31
4,4270 4,4592
3,9455 3,9776
4,5982 4,6310
5,0959 5,1292
179 15:32
4,4264 4,4586
3,9447 3,9768
4,5976 4,6304
5,0961 5,1294
180 15:33
4,4264 4,4586
3,9441 3,9762
4,5998 4,6326
5,0944 5,1277
181 15:34
4,4264 4,4586
3,9443 3,9764
4,5998 4,6326
5,0944 5,1277
182 15:35
4,4239 4,4561
3,9421 3,9742
4,5974 4,6302
5,0915 5,1248
183 15:36
4,4239 4,4561
3,9417 3,9738
4,5973 4,6301
5,0916 5,1247
184 15:37
4,4239 4,4561
3,9417 3,9738
4,5973 4,6301
5,0916 5,1247
185 15:38
4,4249 4,4571
3,9426 3,9747
4,5983 4,6311
5,0928 5,1259
186 15:39
4,4249 4,4571
3,9426 3,9747
4,5993 4,6321
5,0928 5,1259
187 15:40
4,4242 4,4564
3,9420 3,9741
4,5984 4,6312
5,0920 5,1251
188 15:41
4,4243 4,4565
3,9426 3,9747
4,5985 4,6313
5,0912 5,1244
189 15:42
4,4242 4,4564
3,9425 3,9746
4,5984 4,6312
5,0910 5,1242
190 15:43
4,4244 4,4566
3,9427 3,9748
4,5986 4,6314
5,0913 5,1245
191 15:44
4,4244 4,4566
3,9427 3,9748
4,5981 4,6309
5,0904 5,1236
192 15:45
4,4244 4,4566
3,9427 3,9748
4,5981 4,6309
5,0904 5,1236
193 15:46
4,4229 4,4551
3,9414 3,9735
4,5966 4,6293
5,0866 5,1197
194 15:47
4,4228 4,4550
3,9422 3,9743
4,5965 4,6292
5,0860 5,1191
195 15:48
4,4228 4,4550
3,9420 3,9741
4,5950 4,6277
5,0863 5,1194
196 15:49
4,4236 4,4558
3,9425 3,9746
4,5958 4,6285
5,0872 5,1203
197 15:50
4,4235 4,4557
3,9426 3,9747
4,5957 4,6284
5,0871 5,1202
198 15:51
4,4236 4,4558
3,9418 3,9739
4,5960 4,6289
5,0890 5,1221
199 15:52
4,4236 4,4558
3,9418 3,9739
4,5963 4,6292
5,0889 5,1220
200 15:53
4,4237 4,4559
3,9419 3,9740
4,5964 4,6293
5,0891 5,1222
201 15:54
4,4216 4,4538
3,9400 3,9721
4,5942 4,6271
5,0893 5,1224
202 15:55
4,4216 4,4538
3,9400 3,9721
4,5941 4,6270
5,0895 5,1226
203 15:56
4,4216 4,4538
3,9400 3,9721
4,5941 4,6270
5,0895 5,1226
204 15:57
4,4215 4,4537
3,9399 3,9720
4,5937 4,6266
5,0892 5,1223
205 15:58
4,4216 4,4538
3,9408 3,9729
4,5940 4,6269
5,0893 5,1224
206 15:59
4,4215 4,4537
3,9415 3,9736
4,5950 4,6279
5,0892 5,1223
207 16:00
4,4219 4,4541
3,9419 3,9740
4,5950 4,6279
5,0896 5,1227
208 16:01
4,4219 4,4541
3,9435 3,9756
4,5951 4,6279
5,0901 5,1234
209 16:02
4,4219 4,4541
3,9435 3,9756
4,5941 4,6269
5,0901 5,1234
210 16:03
4,4219 4,4541
3,9426 3,9747
4,5941 4,6269
5,0898 5,1231
211 16:04
4,4219 4,4541
3,9424 3,9745
4,5946 4,6274
5,0904 5,1237
212 16:05
4,4212 4,4534
3,9420 3,9741
4,5936 4,6264
5,0898 5,1231
213 16:06
4,4212 4,4534
3,9420 3,9741
4,5931 4,6259
5,0903 5,1234
214 16:07
4,4212 4,4534
3,9422 3,9743
4,5930 4,6258
5,0903 5,1234
215 16:08
4,4224 4,4546
3,9439 3,9760
4,5936 4,6264
5,0917 5,1248
216 16:09
4,4224 4,4546
3,9448 3,9769
4,5936 4,6264
5,0917 5,1248
217 16:10
4,4224 4,4546
3,9448 3,9769
4,5934 4,6262
5,0902 5,1233
218 16:11
4,4226 4,4548
3,9480 3,9801
4,5941 4,6269
5,0903 5,1236
219 16:12
4,4226 4,4548
3,9480 3,9801
4,5941 4,6269
5,0926 5,1259
220 16:13
4,4226 4,4548
3,9494 3,9815
4,5941 4,6269
5,0919 5,1252
221 16:14
4,4226 4,4548
3,9512 3,9833
4,5941 4,6269
5,0927 5,1260
222 16:15
4,4226 4,4548
3,9512 3,9833
4,5941 4,6269
5,0927 5,1260
223 16:16
4,4226 4,4548
3,9511 3,9832
4,5926 4,6253
5,0920 5,1251
224 16:17
4,4226 4,4548
3,9490 3,9811
4,5922 4,6249
5,0925 5,1256
225 16:18
4,4226 4,4548
3,9488 3,9809
4,5922 4,6249
5,0929 5,1260
226 16:19
4,4237 4,4559
3,9513 3,9834
4,5934 4,6261
5,0949 5,1280
227 16:20
4,4237 4,4559
3,9514 3,9835
4,5933 4,6260
5,0943 5,1274
228 16:21
4,4236 4,4558
3,9503 3,9824
4,5932 4,6260
5,0938 5,1271
229 16:22
4,4236 4,4558
3,9503 3,9824
4,5930 4,6258
5,0938 5,1271
230 16:23
4,4244 4,4566
3,9510 3,9831
4,5938 4,6266
5,0939 5,1272
231 16:24
4,4221 4,4543
3,9507 3,9828
4,5914 4,6242
5,0923 5,1256
232 16:25
4,4223 4,4545
3,9516 3,9837
4,5916 4,6244
5,0932 5,1265
233 16:26
4,4225 4,4547
3,9518 3,9839
4,5919 4,6247
5,0943 5,1276
234 16:27
4,4226 4,4548
3,9519 3,9840
4,5920 4,6248
5,0945 5,1278
235 16:28
4,4219 4,4541
3,9506 3,9827
4,5891 4,6219
5,0936 5,1269
236 16:29
4,4219 4,4541
3,9506 3,9827
4,5893 4,6221
5,0936 5,1269
237 16:30
4,4208 4,4530
3,9495 3,9816
4,5879 4,6207
5,0923 5,1256
238 16:31
4,4212 4,4534
3,9499 3,9820
4,5884 4,6212
5,0928 5,1261
239 16:32
4,4217 4,4539
3,9504 3,9825
4,5889 4,6217
5,0953 5,1286
240 16:33
4,4220 4,4542
3,9507 3,9828
4,5892 4,6220
5,0950 5,1283
241 16:34
4,4221 4,4543
3,9507 3,9828
4,5892 4,6220
5,0950 5,1283
242 16:35
4,4240 4,4562
3,9554 3,9875
4,5913 4,6241
5,0972 5,1305
243 16:36
4,4240 4,4562
3,9551 3,9872
4,5913 4,6241
5,0961 5,1294
244 16:37
4,4240 4,4562
3,9544 3,9865
4,5913 4,6241
5,0961 5,1294
245 16:38
4,4240 4,4562
3,9544 3,9865
4,5961 4,6289
5,0961 5,1294
246 16:39
4,4240 4,4562
3,9544 3,9865
4,5956 4,6284
5,0964 5,1297
247 16:40
4,4240 4,4562
3,9539 3,9860
4,5956 4,6284
5,0967 5,1300
248 16:41
4,4240 4,4562
3,9539 3,9860
4,5956 4,6284
5,0964 5,1297
249 16:42
4,4240 4,4562
3,9539 3,9860
4,5956 4,6284
5,0964 5,1297
250 16:43
4,4240 4,4562
3,9539 3,9860
4,5951 4,6279
5,0964 5,1297
251 16:44
4,4248 4,4570
3,9546 3,9867
4,5957 4,6285
5,0973 5,1306
252 16:45
4,4248 4,4570
3,9542 3,9863
4,5964 4,6292
5,0973 5,1306
253 16:46
4,4248 4,4570
3,9547 3,9868
4,5964 4,6292
5,0958 5,1291
254 16:47
4,4248 4,4570
3,9556 3,9877
4,5964 4,6292
5,0958 5,1291
255 16:48
4,4267 4,4589
3,9572 3,9893
4,5984 4,6312
5,0980 5,1313
256 16:49
4,4267 4,4589
3,9572 3,9893
4,5984 4,6312
5,0980 5,1313
257 16:50
4,4267 4,4589
3,9600 3,9921
4,5984 4,6312
5,1008 5,1341
258 16:51
4,4296 4,4618
3,9628 3,9949
4,6024 4,6352
5,1043 5,1376
259 16:52
4,4296 4,4618
3,9627 3,9948
4,6034 4,6362
5,1045 5,1378
260 16:53
4,4254 4,4576
3,9573 3,9894
4,5992 4,6320
5,0998 5,1331
261 16:54
4,4257 4,4579
3,9575 3,9896
4,5995 4,6323
5,1006 5,1339
262 16:55
4,4249 4,4571
3,9560 3,9881
4,5981 4,6309
5,0997 5,1330
263 16:56
4,4235 4,4557
3,9539 3,9860
4,5975 4,6303
5,0972 5,1305
264 16:57
4,4231 4,4553
3,9536 3,9857
4,5970 4,6298
5,0977 5,1310
265 16:58
4,4231 4,4553
3,9523 3,9844
4,5970 4,6298
5,0976 5,1309
266 16:59
4,4248 4,4570
3,9538 3,9859
4,6006 4,6334
5,0995 5,1328
267 17:00
4,4248 4,4570
3,9538 3,9859
4,6000 4,6328
5,0995 5,1328
268 17:01
4,4248 4,4570
3,9538 3,9859
4,6004 4,6332
5,0976 5,1309
269 17:02
4,4248 4,4570
3,9538 3,9859
4,6004 4,6332
5,0978 5,1311
270 17:03
4,4248 4,4570
3,9531 3,9852
4,6012 4,6340
5,0978 5,1311
271 17:04
4,4248 4,4570
3,9522 3,9843
4,6017 4,6345
5,0978 5,1311
272 17:05
4,4248 4,4570
3,9529 3,9850
4,6016 4,6344
5,0999 5,1332
273 17:06
4,4234 4,4556
3,9507 3,9828
4,5989 4,6317
5,0980 5,1313
274 17:07
4,4236 4,4558
3,9508 3,9829
4,5989 4,6317
5,0981 5,1314
275 17:08
4,4250 4,4572
3,9519 3,9840
4,6007 4,6335
5,1008 5,1341
276 17:09
4,4250 4,4572
3,9526 3,9847
4,6007 4,6335
5,1001 5,1334
277 17:10
4,4249 4,4571
3,9525 3,9846
4,6006 4,6334
5,1000 5,1333
278 17:11
4,4246 4,4568
3,9524 3,9845
4,6002 4,6330
5,0996 5,1329
279 17:12
4,4246 4,4568
3,9510 3,9831
4,6002 4,6330
5,0993 5,1326
280 17:13
4,4242 4,4564
3,9508 3,9829
4,5998 4,6326
5,0989 5,1322
281 17:14
4,4240 4,4562
3,9501 3,9822
4,5992 4,6320
5,0975 5,1308
282 17:15
4,4239 4,4561
3,9500 3,9821
4,5990 4,6318
5,0973 5,1306
283 17:16
4,4238 4,4560
3,9500 3,9821
4,5989 4,6317
5,0976 5,1309
284 17:17
4,4238 4,4560
3,9500 3,9821
4,5989 4,6317
5,0964 5,1297
285 17:18
4,4246 4,4568
3,9506 3,9827
4,5997 4,6325
5,0960 5,1293
286 17:19
4,4249 4,4571
3,9508 3,9829
4,5989 4,6317
5,0959 5,1292
287 17:20
4,4249 4,4571
3,9513 3,9834
4,5989 4,6317
5,0962 5,1295
288 17:21
4,4249 4,4571
3,9516 3,9837
4,5992 4,6320
5,0965 5,1298
289 17:22
4,4249 4,4571
3,9516 3,9837
4,5992 4,6320
5,0962 5,1295
290 17:23
4,4249 4,4571
3,9516 3,9837
4,5992 4,6320
5,0965 5,1298
291 17:24
4,4247 4,4569
3,9504 3,9825
4,5989 4,6317
5,0962 5,1295
292 17:25
4,4247 4,4569
3,9512 3,9833
4,5984 4,6312
5,0950 5,1283
293 17:26
4,4244 4,4566
3,9510 3,9831
4,5981 4,6309
5,0953 5,1286
294 17:27
4,4258 4,4580
3,9522 3,9843
4,5994 4,6322
5,0978 5,1311
295 17:28
4,4266 4,4588
3,9522 3,9843
4,5999 4,6327
5,0987 5,1320
296 17:29
4,4266 4,4588
3,9522 3,9843
4,5999 4,6327
5,0987 5,1320
297 17:30
4,4266 4,4588
3,9524 3,9845
4,5999 4,6327
5,0987 5,1320
298 17:31
4,4263 4,4585
3,9522 3,9843
4,5992 4,6320
5,0980 5,1313
299 17:32
4,4263 4,4585
3,9515 3,9836
4,5987 4,6315
5,0978 5,1311
300 17:33
4,4262 4,4584
3,9516 3,9837
4,5981 4,6309
5,0980 5,1313
301 17:34
4,4262 4,4584
3,9518 3,9839
4,5981 4,6309
5,0980 5,1313
302 17:35
4,4262 4,4584
3,9528 3,9849
4,5981 4,6309
5,0977 5,1310
303 17:36
4,4262 4,4584
3,9530 3,9851
4,5981 4,6309
5,0977 5,1310
304 17:37
4,4262 4,4584
3,9528 3,9849
4,5981 4,6309
5,0977 5,1310
305 17:38
4,4294 4,4616
3,9554 3,9875
4,6014 4,6342
5,1013 5,1346
306 17:39
4,4294 4,4616
3,9554 3,9875
4,6014 4,6342
5,1005 5,1338
307 17:40
4,4291 4,4613
3,9552 3,9873
4,5994 4,6322
5,1007 5,1340
308 17:41
4,4293 4,4615
3,9554 3,9875
4,6022 4,6350
5,1010 5,1343
309 17:42
4,4293 4,4615
3,9554 3,9875
4,6019 4,6347
5,1008 5,1341
310 17:43
4,4294 4,4616
3,9558 3,9879
4,6019 4,6347
5,1008 5,1341
311 17:44
4,4294 4,4616
3,9558 3,9879
4,6019 4,6347
5,1023 5,1356
312 17:45
4,4297 4,4619
3,9561 3,9882
4,6026 4,6354
5,1026 5,1359
313 17:46
4,4292 4,4614
3,9557 3,9878
4,6022 4,6350
5,1033 5,1366
314 17:47
4,4288 4,4610
3,9553 3,9874
4,6018 4,6346
5,1021 5,1354
315 17:48
4,4288 4,4610
3,9544 3,9865
4,6013 4,6341
5,1031 5,1364
316 17:49
4,4288 4,4610
3,9544 3,9865
4,6013 4,6341
5,1034 5,1367
317 17:50
4,4288 4,4610
3,9544 3,9865
4,6013 4,6341
5,1034 5,1367
318 17:51
4,4288 4,4610
3,9548 3,9869
4,6013 4,6341
5,1027 5,1360
319 17:52
4,4288 4,4610
3,9539 3,9860
4,6015 4,6343
5,1031 5,1364
320 17:53
4,4288 4,4610
3,9541 3,9862
4,6018 4,6346
5,1040 5,1373
321 17:54
4,4288 4,4610
3,9541 3,9862
4,6018 4,6346
5,1047 5,1380
322 17:55
4,4288 4,4610
3,9549 3,9870
4,6018 4,6346
5,1047 5,1380
323 17:56
4,4271 4,4593
3,9531 3,9852
4,6000 4,6328
5,1028 5,1361
324 17:57
4,4272 4,4594
3,9532 3,9853
4,6001 4,6329
5,1033 5,1366
325 17:58
4,4270 4,4592
3,9533 3,9854
4,5999 4,6327
5,1034 5,1367
326 17:59
4,4269 4,4591
3,9533 3,9854
4,5998 4,6326
5,1029 5,1362
327 18:00
4,4260 4,4587
3,9528 3,9855
4,5984 4,6317
5,1020 5,1358
328 18:01
4,4269 4,4597
3,9538 3,9865
4,5998 4,6332
5,1043 5,1382
329 18:02
4,4284 4,4609
3,9546 3,9875
4,6013 4,6344
5,1056 5,1389
330 18:03
4,4285 4,4611
3,9563 3,9889
4,6021 4,6352
5,1075 5,1412
331 18:04
4,4297 4,4622
3,9568 3,9897
4,6032 4,6363
5,1087 5,1421
332 18:05
4,4295 4,4621
3,9575 3,9904
4,6030 4,6362
5,1079 5,1415
333 18:06
4,4293 4,4624
3,9584 3,9914
4,6033 4,6370
5,1081 5,1423
334 18:07
4,4291 4,4625
3,9574 3,9911
4,6031 4,6376
5,1096 5,1443
335 18:08
4,4305 4,4647
3,9588 3,9928
4,6050 4,6398
5,1113 5,1468
336 18:09
4,4313 4,4654
3,9590 3,9930
4,6053 4,6406
5,1115 5,1468
337 18:10
4,4313 4,4651
3,9594 3,9931
4,6058 4,6402
5,1135 5,1479
338 18:11
4,4315 4,4651
3,9607 3,9942
4,6066 4,6409
5,1130 5,1479
339 18:12
4,4311 4,4642
3,9603 3,9937
4,6066 4,6403
5,1130 5,1473
340 18:13
4,4308 4,4636
3,9604 3,9935
4,6062 4,6396
5,1128 5,1467
341 18:14
4,4311 4,4638
3,9609 3,9940
4,6066 4,6399
5,1137 5,1470
342 18:15
4,4304 4,4636
3,9598 3,9932
4,6059 4,6402
5,1129 5,1472
343 18:16
4,4308 4,4637
3,9606 3,9935
4,6067 4,6402
5,1134 5,1468
344 18:17
4,4306 4,4638
3,9609 3,9944
4,6065 4,6403
5,1126 5,1463
345 18:18
4,4310 4,4640
3,9609 3,9942
4,6074 4,6410
5,1125 5,1467
346 18:19
4,4306 4,4637
3,9609 3,9942
4,6070 4,6407
5,1120 5,1462
347 18:20
4,4300 4,4632
3,9611 3,9942
4,6064 4,6402
5,1119 5,1456
348 18:21
4,4297 4,4631
3,9608 3,9945
4,6061 4,6401
5,1116 5,1462
349 18:22
4,4300 4,4632
3,9610 3,9944
4,6064 4,6402
5,1119 5,1456
350 18:23
4,4300 4,4633
3,9611 3,9943
4,6064 4,6403
5,1113 5,1457
351 18:24
4,4300 4,4632
3,9611 3,9942
4,6064 4,6402
5,1113 5,1456
352 18:25
4,4300 4,4632
3,9613 3,9947
4,6064 4,6402
5,1119 5,1462
353 18:26
4,4300 4,4632
3,9611 3,9942
4,6064 4,6402
5,1119 5,1462
354 18:27
4,4300 4,4632
3,9607 3,9942
4,6064 4,6402
5,1113 5,1456
355 18:28
4,4300 4,4632
3,9609 3,9943
4,6059 4,6397
5,1107 5,1450
356 18:29
4,4300 4,4632
3,9607 3,9942
4,6059 4,6397
5,1108 5,1452
357 18:30
4,4300 4,4632
3,9608 3,9940
4,6059 4,6397
5,1108 5,1450
358 18:31
4,4302 4,4633
3,9606 3,9939
4,6062 4,6399
5,1108 5,1447
359 18:32
4,4302 4,4633
3,9606 3,9940
4,6061 4,6398
5,1108 5,1451
360 18:33
4,4302 4,4633
3,9606 3,9940
4,6066 4,6403
5,1115 5,1463
361 18:34
4,4302 4,4633
3,9602 3,9936
4,6061 4,6398
5,1115 5,1457
362 18:35
4,4301 4,4633
3,9598 3,9933
4,6060 4,6398
5,1117 5,1461
363 18:36
4,4301 4,4633
3,9594 3,9929
4,6061 4,6400
5,1115 5,1459
364 18:37
4,4307 4,4642
3,9601 3,9936
4,6066 4,6406
5,1121 5,1467
365 18:38
4,4333 4,4663
3,9619 3,9952
4,6094 4,6435
5,1145 5,1486
366 18:39
4,4333 4,4664
3,9619 3,9953
4,6093 4,6430
5,1155 5,1498
367 18:40
4,4333 4,4664
3,9618 3,9949
4,6093 4,6430
5,1157 5,1499
368 18:41
4,4333 4,4664
3,9611 3,9942
4,6089 4,6430
5,1154 5,1496
369 18:42
4,4333 4,4664
3,9605 3,9939
4,6093 4,6430
5,1155 5,1493
370 18:43
4,4351 4,4677
3,9615 3,9945
4,6107 4,6439
5,1177 5,1510
371 18:44
4,4346 4,4671
3,9610 3,9938
4,6107 4,6438
5,1168 5,1501
372 18:45
4,4357 4,4679
3,9624 3,9945
4,6119 4,6447
5,1185 5,1518
373 18:46
4,4359 4,4681
3,9621 3,9944
4,6120 4,6448
5,1186 5,1519
374 18:47
4,4357 4,4679
3,9623 3,9944
4,6127 4,6455
5,1183 5,1516
375 18:48
4,4362 4,4684
3,9621 3,9942
4,6133 4,6461
5,1190 5,1523
376 18:49
4,4350 4,4672
3,9614 3,9936
4,6121 4,6449
5,1182 5,1515
377 18:50
4,4348 4,4670
3,9608 3,9929
4,6114 4,6442
5,1179 5,1512
378 18:51
4,4350 4,4672
3,9617 3,9938
4,6112 4,6442
5,1182 5,1515
379 18:52
4,4350 4,4672
3,9621 3,9942
4,6113 4,6443
5,1182 5,1515
380 18:53
4,4348 4,4670
3,9620 3,9943
4,6109 4,6437
5,1180 5,1513
381 18:54
4,4345 4,4670
3,9616 3,9944
4,6106 4,6441
5,1176 5,1512
382 18:55
4,4343 4,4670
3,9618 3,9946
4,6104 4,6441
5,1174 5,1511
383 18:56
4,4345 4,4670
3,9620 3,9948
4,6106 4,6439
5,1176 5,1511
384 18:57
4,4348 4,4670
3,9626 3,9948
4,6113 4,6441
5,1179 5,1512
385 18:58
4,4348 4,4670
3,9615 3,9940
4,6109 4,6437
5,1179 5,1512
386 18:59
4,4343 4,4665
3,9615 3,9936
4,6099 4,6427
5,1174 5,1507
387 19:00
4,4339 4,4662
3,9607 3,9931
4,6089 4,6418
5,1166 5,1499
388 19:01
4,4338 4,4660
3,9609 3,9932
4,6084 4,6412
5,1164 5,1497
389 19:02
4,4338 4,4662
3,9609 3,9934
4,6080 4,6415
5,1164 5,1498
390 19:03
4,4338 4,4663
3,9605 3,9934
4,6078 4,6410
5,1168 5,1503
391 19:04
4,4336 4,4664
3,9605 3,9933
4,6074 4,6407
5,1166 5,1505
392 19:05
4,4337 4,4664
3,9607 3,9934
4,6078 4,6411
5,1167 5,1505
393 19:06
4,4336 4,4664
3,9604 3,9935
4,6077 4,6411
5,1166 5,1505
394 19:07
4,4344 4,4667
3,9609 3,9935
4,6085 4,6415
5,1177 5,1510
395 19:08
4,4348 4,4674
3,9608 3,9937
4,6091 4,6422
5,1181 5,1517
396 19:09
4,4354 4,4688
3,9617 3,9950
4,6097 4,6442
5,1194 5,1540
397 19:10
4,4354 4,4689
3,9616 3,9953
4,6091 4,6432
5,1193 5,1533
398 19:11
4,4354 4,4689
3,9619 3,9954
4,6091 4,6432
5,1192 5,1539
399 19:12
4,4359 4,4687
3,9625 3,9956
4,6093 4,6426
5,1199 5,1536
400 19:13
4,4359 4,4687
3,9618 3,9949
4,6093 4,6426
5,1199 5,1538
401 19:14
4,4362 4,4689
3,9623 3,9950
4,6094 4,6427
5,1202 5,1544
402 19:15
4,4358 4,4687
3,9616 3,9945
4,6091 4,6430
5,1202 5,1543
403 19:16
4,4361 4,4689
3,9620 3,9948
4,6094 4,6432
5,1207 5,1540
404 19:17
4,4356 4,4688
3,9615 3,9950
4,6093 4,6431
5,1196 5,1540
405 19:18
4,4359 4,4690
3,9618 3,9952
4,6096 4,6433
5,1207 5,1546
406 19:19
4,4358 4,4688
3,9613 3,9946
4,6095 4,6431
5,1210 5,1552
407 19:20
4,4356 4,4688
3,9611 3,9946
4,6093 4,6431
5,1207 5,1550
408 19:21
4,4357 4,4688
3,9616 3,9950
4,6095 4,6436
5,1206 5,1549
409 19:22
4,4355 4,4685
3,9618 3,9947
4,6097 4,6433
5,1200 5,1542
410 19:23
4,4354 4,4686
3,9617 3,9948
4,6096 4,6434
5,1199 5,1542
411 19:24
4,4356 4,4686
3,9619 3,9949
4,6098 4,6434
5,1207 5,1548
412 19:25
4,4358 4,4686
3,9621 3,9949
4,6100 4,6434
5,1209 5,1548
413 19:26
4,4357 4,4679
3,9627 3,9948
4,6101 4,6432
5,1214 5,1547
414 19:27
4,4364 4,4689
3,9635 3,9960
4,6106 4,6437
5,1222 5,1558
415 19:28
4,4364 4,4689
3,9635 3,9964
4,6102 4,6437
5,1222 5,1558
416 19:29
4,4360 4,4686
3,9630 3,9960
4,6097 4,6429
5,1217 5,1554
417 19:30
4,4387 4,4709
3,9650 3,9975
4,6125 4,6453
5,1248 5,1581
418 19:31
4,4388 4,4710
3,9644 3,9969
4,6131 4,6459
5,1249 5,1582
419 19:32
4,4403 4,4729
3,9657 3,9986
4,6147 4,6479
5,1267 5,1604
420 19:33
4,4404 4,4731
3,9656 3,9983
4,6147 4,6479
5,1258 5,1593
421 19:34
4,4406 4,4735
3,9656 3,9986
4,6150 4,6485
5,1257 5,1598
422 19:35
4,4404 4,4735
3,9653 3,9984
4,6148 4,6485
5,1250 5,1592
423 19:36
4,4406 4,4735
3,9656 3,9988
4,6150 4,6485
5,1253 5,1593
424 19:37
4,4404 4,4730
3,9659 3,9985
4,6144 4,6481
5,1258 5,1594
425 19:38
4,4404 4,4731
3,9657 3,9984
4,6142 4,6480
5,1256 5,1594
426 19:39
4,4402 4,4731
3,9656 3,9988
4,6141 4,6476
5,1252 5,1587
427 19:40
4,4402 4,4731
3,9656 3,9988
4,6141 4,6476
5,1254 5,1588
428 19:41
4,4404 4,4731
3,9657 3,9984
4,6142 4,6480
5,1255 5,1588
429 19:42
4,4404 4,4730
3,9655 3,9985
4,6143 4,6475
5,1258 5,1594
430 19:43
4,4402 4,4730
3,9657 3,9987
4,6142 4,6481
5,1254 5,1593
431 19:44
4,4414 4,4738
3,9659 3,9985
4,6159 4,6494
5,1279 5,1614
432 19:45
4,4400 4,4735
3,9639 3,9976
4,6144 4,6485
5,1269 5,1615
433 19:46
4,4399 4,4733
3,9637 3,9973
4,6143 4,6483
5,1264 5,1610
434 19:47
4,4400 4,4735
3,9640 3,9978
4,6144 4,6485
5,1269 5,1616
435 19:48
4,4400 4,4735
3,9636 3,9973
4,6144 4,6485
5,1269 5,1616
436 19:49
4,4387 4,4748
3,9631 3,9989
4,6129 4,6497
5,1255 5,1629
437 19:50
4,4386 4,4747
3,9628 3,9988
4,6129 4,6502
5,1252 5,1629
438 19:51
4,4390 4,4743
3,9633 3,9984
4,6132 4,6492
5,1258 5,1626
439 19:52
4,4396 4,4728
3,9640 3,9971
4,6140 4,6478
5,1266 5,1610
440 19:53
4,4396 4,4728
3,9640 3,9972
4,6140 4,6478
5,1266 5,1610
441 19:54
4,4395 4,4727
3,9635 3,9970
4,6139 4,6477
5,1267 5,1610
442 19:55
4,4394 4,4729
3,9634 3,9971
4,6133 4,6474
5,1262 5,1609
443 19:56
4,4396 4,4729
3,9635 3,9968
4,6135 4,6474
5,1264 5,1609
444 19:57
4,4396 4,4729
3,9635 3,9968
4,6135 4,6474
5,1258 5,1603
445 19:58
4,4396 4,4729
3,9635 3,9968
4,6135 4,6474
5,1260 5,1605
446 19:59
4,4384 4,4714
3,9626 3,9955
4,6127 4,6463
5,1246 5,1588
447 20:00
4,4384 4,4706
3,9622 3,9947
4,6127 4,6459
5,1251 5,1584
448 20:01
4,4376 4,4720
3,9615 3,9958
4,6119 4,6469
5,1242 5,1602
449 20:02
4,4376 4,4719
3,9621 3,9962
4,6119 4,6468
5,1236 5,1592
450 20:03
4,4384 4,4706
3,9622 3,9947
4,6126 4,6454
5,1250 5,1583
451 20:04
4,4380 4,4713
3,9618 3,9953
4,6123 4,6462
5,1247 5,1591
452 20:05
4,4377 4,4719
3,9616 3,9959
4,6121 4,6474
5,1243 5,1598
453 20:06
4,4384 4,4706
3,9622 3,9947
4,6126 4,6454
5,1248 5,1581
454 20:07
4,4383 4,4705
3,9626 3,9947
4,6131 4,6459
5,1244 5,1577
455 20:08
4,4384 4,4706
3,9626 3,9951
4,6131 4,6459
5,1244 5,1577
456 20:09
4,4384 4,4706
3,9624 3,9948
4,6129 4,6460
5,1242 5,1575
457 20:10
4,4385 4,4707
3,9626 3,9948
4,6133 4,6461
5,1243 5,1576
458 20:11
4,4384 4,4706
3,9623 3,9944
4,6127 4,6455
5,1239 5,1572
459 20:12
4,4384 4,4706
3,9623 3,9944
4,6127 4,6455
5,1242 5,1575
460 20:13
4,4379 4,4719
3,9619 3,9959
4,6122 4,6468
5,1241 5,1593
461 20:14
4,4379 4,4720
3,9620 3,9963
4,6127 4,6474
5,1244 5,1599
462 20:15
4,4384 4,4706
3,9631 3,9955
4,6132 4,6460
5,1245 5,1578
463 20:16
4,4384 4,4706
3,9628 3,9952
4,6132 4,6460
5,1245 5,1578
464 20:17
4,4384 4,4706
3,9626 3,9951
4,6131 4,6459
5,1245 5,1578
465 20:18
4,4384 4,4706
3,9630 3,9951
4,6132 4,6460
5,1245 5,1578
466 20:19
4,4384 4,4706
3,9633 3,9954
4,6127 4,6455
5,1245 5,1578
467 20:20
4,4384 4,4706
3,9633 3,9954
4,6127 4,6455
5,1242 5,1575
468 20:21
4,4384 4,4706
3,9637 3,9959
4,6126 4,6454
5,1244 5,1577
469 20:22
4,4384 4,4706
3,9636 3,9961
4,6126 4,6454
5,1244 5,1577
470 20:23
4,4384 4,4706
3,9636 3,9961
4,6122 4,6450
5,1244 5,1577
471 20:24
4,4379 4,4719
3,9628 3,9967
4,6122 4,6468
5,1241 5,1593
472 20:25
4,4379 4,4720
3,9628 3,9968
4,6116 4,6464
5,1239 5,1593
473 20:26
4,4379 4,4720
3,9624 3,9965
4,6118 4,6467
5,1245 5,1593
474 20:27
4,4379 4,4720
3,9624 3,9967
4,6116 4,6464
5,1239 5,1587
475 20:28
4,4384 4,4708
3,9625 3,9950
4,6122 4,6452
5,1243 5,1576
476 20:29
4,4384 4,4708
3,9623 3,9951
4,6122 4,6452
5,1239 5,1574
477 20:30
4,4385 4,4710
3,9622 3,9951
4,6123 4,6454
5,1239 5,1572
478 20:31
4,4385 4,4710
3,9622 3,9947
4,6123 4,6454
5,1240 5,1576
479 20:32
4,4379 4,4720
3,9617 3,9956
4,6116 4,6464
5,1232 5,1587
480 20:33
4,4379 4,4720
3,9617 3,9956
4,6116 4,6464
5,1233 5,1587
481 20:34
4,4384 4,4708
3,9623 3,9947
4,6122 4,6452
5,1239 5,1574
482 20:35
4,4385 4,4710
3,9622 3,9951
4,6123 4,6454
5,1239 5,1574
483 20:36
4,4379 4,4719
3,9619 3,9961
4,6118 4,6465
5,1234 5,1588
484 20:37
4,4379 4,4720
3,9617 3,9956
4,6116 4,6464
5,1233 5,1587
485 20:38
4,4377 4,4720
3,9615 3,9956
4,6115 4,6468
5,1231 5,1587
486 20:39
4,4377 4,4719
3,9613 3,9957
4,6116 4,6465
5,1231 5,1584
487 20:40
4,4377 4,4719
3,9613 3,9957
4,6116 4,6461
5,1231 5,1580
488 20:41
4,4379 4,4719
3,9615 3,9957
4,6113 4,6460
5,1229 5,1581
489 20:42
4,4379 4,4719
3,9619 3,9957
4,6113 4,6460
5,1229 5,1581
490 20:43
4,4377 4,4717
3,9613 3,9955
4,6115 4,6461
5,1231 5,1584
491 20:44
4,4375 4,4719
3,9611 3,9956
4,6114 4,6465
5,1229 5,1586
492 20:45
4,4375 4,4719
3,9611 3,9957
4,6118 4,6468
5,1229 5,1586
493 20:46
4,4375 4,4719
3,9611 3,9956
4,6123 4,6473
5,1233 5,1587
494 20:47
4,4375 4,4719
3,9611 3,9956
4,6123 4,6473
5,1229 5,1586
495 20:48
4,4392 4,4715
3,9630 3,9956
4,6140 4,6468
5,1248 5,1582
496 20:49
4,4393 4,4715
3,9630 3,9955
4,6141 4,6469
5,1243 5,1576
497 20:50
4,4392 4,4714
3,9630 3,9956
4,6140 4,6468
5,1242 5,1575
498 20:51
4,4393 4,4715
3,9637 3,9962
4,6141 4,6469
5,1249 5,1582
499 20:52
4,4392 4,4714
3,9634 3,9959
4,6141 4,6469
5,1249 5,1582
500 20:53
4,4398 4,4722
3,9639 3,9967
4,6151 4,6481
5,1253 5,1586
501 20:54
4,4393 4,4736
3,9633 3,9975
4,6145 4,6495
5,1244 5,1600
502 20:55
4,4395 4,4732
3,9632 3,9968
4,6148 4,6491
5,1252 5,1602
503 20:56
4,4393 4,4736
3,9622 3,9967
4,6145 4,6495
5,1250 5,1600
504 20:57
4,4392 4,4734
3,9629 3,9970
4,6146 4,6495
5,1243 5,1598
505 20:58
4,4392 4,4734
3,9626 3,9969
4,6145 4,6497
5,1255 5,1610
506 20:59
4,4390 4,4712
3,9625 3,9946
4,6143 4,6471
5,1258 5,1591
507 21:00
4,4384 4,4706
3,9612 3,9938
4,6140 4,6469
5,1252 5,1585
508 21:01
4,4384 4,4706
3,9610 3,9936
4,6141 4,6469
5,1260 5,1593
509 21:02
4,4377 4,4723
3,9606 3,9954
4,6135 4,6488
5,1250 5,1610
510 21:03
4,4377 4,4723
3,9602 3,9949
4,6138 4,6493
5,1240 5,1600
511 21:04
4,4367 4,4724
3,9592 3,9945
4,6128 4,6492
5,1226 5,1598
512 21:05
4,4377 4,4723
3,9606 3,9950
4,6140 4,6493
5,1238 5,1598
513 21:06
4,4378 4,4722
3,9611 3,9953
4,6141 4,6492
5,1239 5,1597
514 21:07
4,4378 4,4722
3,9611 3,9953
4,6141 4,6492
5,1239 5,1597
515 21:08
4,4384 4,4706
3,9620 3,9942
4,6146 4,6474
5,1245 5,1578
516 21:09
4,4385 4,4707
3,9620 3,9941
4,6147 4,6475
5,1246 5,1579
517 21:10
4,4385 4,4707
3,9624 3,9945
4,6142 4,6470
5,1246 5,1579
518 21:11
4,4384 4,4706
3,9620 3,9942
4,6141 4,6469
5,1245 5,1578
519 21:12
4,4384 4,4706
3,9620 3,9942
4,6146 4,6474
5,1248 5,1581
520 21:13
4,4384 4,4706
3,9616 3,9942
4,6142 4,6474
5,1245 5,1578
521 21:14
4,4384 4,4706
3,9613 3,9939
4,6141 4,6469
5,1245 5,1578
522 21:15
4,4384 4,4706
3,9616 3,9938
4,6141 4,6469
5,1245 5,1578
523 21:16
4,4380 4,4723
3,9611 3,9952
4,6136 4,6486
5,1241 5,1597
524 21:17
4,4380 4,4723
3,9607 3,9952
4,6136 4,6486
5,1241 5,1597
525 21:18
4,4380 4,4723
3,9607 3,9948
4,6136 4,6486
5,1241 5,1597
526 21:19
4,4385 4,4710
3,9611 3,9938
4,6138 4,6469
5,1244 5,1577
527 21:20
4,4385 4,4710
3,9612 3,9938
4,6138 4,6473
5,1246 5,1582
528 21:21
4,4368 4,4724
3,9597 3,9950
4,6120 4,6488
5,1227 5,1598
529 21:22
4,4383 4,4708
3,9609 3,9938
4,6140 4,6471
5,1247 5,1580
530 21:23
4,4385 4,4708
3,9611 3,9936
4,6142 4,6470
5,1251 5,1584
531 21:24
4,4385 4,4708
3,9608 3,9935
4,6142 4,6470
5,1251 5,1584
532 21:25
4,4380 4,4721
3,9607 3,9946
4,6141 4,6489
5,1246 5,1599
533 21:26
4,4380 4,4721
3,9603 3,9946
4,6141 4,6489
5,1241 5,1595
534 21:27
4,4380 4,4721
3,9600 3,9943
4,6137 4,6490
5,1241 5,1595
535 21:28
4,4380 4,4721
3,9600 3,9943
4,6141 4,6489
5,1241 5,1595
536 21:29
4,4380 4,4721
3,9603 3,9946
4,6141 4,6489
5,1245 5,1600
537 21:30
4,4373 4,4719
3,9599 3,9947
4,6140 4,6492
5,1239 5,1598
538 21:31
4,4380 4,4721
3,9603 3,9946
4,6141 4,6489
5,1246 5,1599
539 21:32
4,4385 4,4710
3,9608 3,9933
4,6146 4,6482
5,1252 5,1588
540 21:33
4,4385 4,4710
3,9608 3,9937
4,6147 4,6478
5,1252 5,1588
541 21:34
4,4380 4,4720
3,9609 3,9947
4,6143 4,6490
5,1248 5,1600
542 21:35
4,4374 4,4721
3,9603 3,9951
4,6130 4,6484
5,1246 5,1606
543 21:36
4,4374 4,4721
3,9605 3,9954
4,6130 4,6484
5,1246 5,1606
544 21:37
4,4379 4,4721
3,9612 3,9952
4,6133 4,6486
5,1252 5,1608
545 21:38
4,4380 4,4721
3,9615 3,9955
4,6136 4,6484
5,1259 5,1613
546 21:39
4,4380 4,4721
3,9615 3,9955
4,6133 4,6480
5,1258 5,1606
547 21:40
4,4377 4,4722
3,9615 3,9958
4,6130 4,6481
5,1249 5,1607
548 21:41
4,4380 4,4721
3,9618 3,9957
4,6133 4,6480
5,1258 5,1612
549 21:42
4,4379 4,4721
3,9619 3,9959
4,6132 4,6480
5,1257 5,1612
550 21:43
4,4379 4,4721
3,9622 3,9962
4,6137 4,6486
5,1263 5,1613
551 21:44
4,4379 4,4721
3,9618 3,9961
4,6137 4,6486
5,1263 5,1618
552 21:45
4,4381 4,4722
3,9620 3,9962
4,6137 4,6485
5,1265 5,1619
553 21:46
4,4381 4,4722
3,9620 3,9962
4,6137 4,6485
5,1265 5,1612
554 21:47
4,4383 4,4710
3,9620 3,9951
4,6140 4,6472
5,1268 5,1606
555 21:48
4,4381 4,4709
3,9620 3,9952
4,6134 4,6468
5,1266 5,1605
556 21:49
4,4381 4,4709
3,9624 3,9952
4,6140 4,6473
5,1266 5,1605
557 21:50
4,4383 4,4709
3,9622 3,9952
4,6140 4,6472
5,1268 5,1606
558 21:51
4,4383 4,4709
3,9618 3,9947
4,6136 4,6472
5,1268 5,1605
559 21:52
4,4377 4,4720
3,9612 3,9954
4,6133 4,6483
5,1261 5,1617
560 21:53
4,4376 4,4720
3,9612 3,9954
4,6134 4,6485
5,1260 5,1617
561 21:54
4,4377 4,4722
3,9611 3,9954
4,6129 4,6485
5,1255 5,1613
562 21:55
4,4370 4,4704
3,9606 3,9939
4,6122 4,6463
5,1252 5,1597
563 21:56
4,4369 4,4704
3,9598 3,9936
4,6121 4,6462
5,1257 5,1598
564 21:57
4,4358 4,4698
3,9585 3,9926
4,6110 4,6456
5,1245 5,1598
565 21:58
4,4357 4,4695
3,9584 3,9921
4,6104 4,6448
5,1244 5,1595
566 21:59
4,4357 4,4695
3,9581 3,9921
4,6105 4,6454
5,1244 5,1595
567 22:00
4,4357 4,4695
3,9581 3,9921
4,6109 4,6454
5,1245 5,1595
568 22:01
4,4357 4,4695
3,9581 3,9921
4,6114 4,6458
5,1251 5,1601
569 22:02
4,4356 4,4695
3,9578 3,9917
4,6122 4,6467
5,1248 5,1600
570 22:03
4,4342 4,4706
3,9567 3,9930
4,6103 4,6479
5,1232 5,1613
571 22:04
4,4354 4,4695
3,9577 3,9920
4,6120 4,6467
5,1252 5,1606
572 22:05
4,4354 4,4695
3,9580 3,9923
4,6120 4,6467
5,1252 5,1606
573 22:06
4,4343 4,4708
3,9572 3,9936
4,6108 4,6480
5,1245 5,1620
574 22:07
4,4353 4,4695
3,9581 3,9925
4,6119 4,6467
5,1258 5,1608
575 22:08
4,4354 4,4695
3,9588 3,9928
4,6121 4,6472
5,1257 5,1610
576 22:09
4,4353 4,4695
3,9585 3,9929
4,6119 4,6467
5,1257 5,1612
577 22:10
4,4353 4,4695
3,9585 3,9929
4,6119 4,6467
5,1253 5,1612
578 22:11
4,4353 4,4695
3,9585 3,9925
4,6119 4,6467
5,1251 5,1606
579 22:12
4,4351 4,4695
3,9583 3,9929
4,6117 4,6467
5,1249 5,1606
580 22:13
4,4352 4,4697
3,9587 3,9929
4,6118 4,6469
5,1250 5,1608
581 22:14
4,4351 4,4696
3,9585 3,9928
4,6111 4,6467
5,1249 5,1607
582 22:15
4,4351 4,4696
3,9585 3,9928
4,6117 4,6468
5,1247 5,1606
583 22:16
4,4351 4,4696
3,9585 3,9928
4,6117 4,6468
5,1249 5,1607
584 22:17
4,4351 4,4696
3,9585 3,9928
4,6117 4,6468
5,1249 5,1601
585 22:18
4,4351 4,4696
3,9586 3,9932
4,6117 4,6468
5,1243 5,1601
586 22:19
4,4351 4,4696
3,9586 3,9932
4,6117 4,6468
5,1243 5,1601
587 22:20
4,4351 4,4696
3,9588 3,9931
4,6116 4,6472
5,1245 5,1601
588 22:21
4,4352 4,4696
3,9591 3,9933
4,6119 4,6474
5,1251 5,1609
589 22:22
4,4352 4,4696
3,9591 3,9933
4,6123 4,6473
5,1250 5,1607
590 22:23
4,4336 4,4710
3,9572 3,9945
4,6102 4,6489
5,1231 5,1624
591 22:24
4,4352 4,4696
3,9591 3,9933
4,6123 4,6473
5,1250 5,1607
592 22:25
4,4352 4,4696
3,9587 3,9933
4,6119 4,6474
5,1250 5,1607
593 22:26
4,4352 4,4696
3,9587 3,9929
4,6118 4,6468
5,1250 5,1607
594 22:27
4,4341 4,4709
3,9577 3,9940
4,6108 4,6483
5,1237 5,1616
595 22:28
4,4341 4,4709
3,9577 3,9944
4,6108 4,6483
5,1238 5,1624
596 22:29
4,4353 4,4698
3,9586 3,9933
4,6118 4,6470
5,1250 5,1609
597 22:30
4,4353 4,4698
3,9586 3,9929
4,6118 4,6470
5,1250 5,1609
598 22:31
4,4341 4,4712
3,9577 3,9943
4,6106 4,6484
5,1236 5,1625
599 22:32
4,4340 4,4708
3,9572 3,9939
4,6107 4,6482
5,1236 5,1621
600 22:33
4,4340 4,4708
3,9572 3,9939
4,6101 4,6481
5,1236 5,1621
601 22:34
4,4352 4,4696
3,9583 3,9928
4,6118 4,6468
5,1250 5,1607
602 22:35
4,4352 4,4696
3,9583 3,9928
4,6114 4,6469
5,1250 5,1607
603 22:36
4,4337 4,4713
3,9571 3,9941
4,6102 4,6486
5,1234 5,1628
604 22:37
4,4350 4,4696
3,9582 3,9926
4,6116 4,6468
5,1254 5,1613
605 22:38
4,4340 4,4709
3,9572 3,9940
4,6104 4,6482
5,1235 5,1623
606 22:39
4,4338 4,4708
3,9570 3,9939
4,6103 4,6481
5,1234 5,1621
607 22:40
4,4338 4,4708
3,9574 3,9939
4,6104 4,6487
5,1234 5,1621
608 22:41
4,4344 4,4698
3,9577 3,9931
4,6111 4,6472
5,1241 5,1610
609 22:42
4,4344 4,4699
3,9579 3,9931
4,6109 4,6471
5,1241 5,1611
610 22:43
4,4344 4,4699
3,9575 3,9930
4,6109 4,6471
5,1241 5,1611
611 22:44
4,4344 4,4699
3,9575 3,9930
4,6109 4,6471
5,1241 5,1611
612 22:45
4,4342 4,4698
3,9575 3,9931
4,6109 4,6475
5,1245 5,1617
613 22:46
4,4344 4,4698
3,9579 3,9930
4,6115 4,6475
5,1241 5,1616
614 22:47
4,4344 4,4698
3,9577 3,9931
4,6111 4,6475
5,1241 5,1610
615 22:48
4,4344 4,4698
3,9577 3,9931
4,6115 4,6475
5,1241 5,1610
616 22:49
4,4344 4,4701
3,9575 3,9932
4,6113 4,6477
5,1241 5,1618
617 22:50
4,4339 4,4718
3,9574 3,9948
4,6109 4,6496
5,1241 5,1634
618 22:51
4,4340 4,4715
3,9572 3,9945
4,6110 4,6493
5,1241 5,1634
619 22:52
4,4340 4,4715
3,9574 3,9945
4,6109 4,6497
5,1241 5,1635
620 22:53
4,4330 4,4716
3,9567 3,9946
4,6101 4,6500
5,1231 5,1636
621 22:54
4,4329 4,4717
3,9564 3,9948
4,6100 4,6501
5,1230 5,1637
622 22:55
4,4336 4,4716
3,9569 3,9946
4,6107 4,6500
5,1239 5,1637
623 22:56
4,4335 4,4718
3,9567 3,9944
4,6104 4,6500
5,1235 5,1638
624 22:57
4,4334 4,4718
3,9564 3,9946
4,6105 4,6502
5,1236 5,1640
625 22:58
4,4335 4,4715
3,9565 3,9943
4,6106 4,6499
5,1236 5,1635
626 22:59
4,4337 4,4715
3,9570 3,9946
4,6107 4,6497
5,1240 5,1636
627 23:00
4,4332 4,4712
3,9563 3,9957
4,6053 4,6534
5,1224 5,1641
628 23:01
4,4332 4,4712
3,9562 3,9958
4,6045 4,6543
5,1226 5,1651
629 23:02
4,4268 4,4718
3,9505 3,9967
4,5859 4,6536
5,1162 5,1650
630 23:03
4,4268 4,4718
3,9505 3,9967
4,5859 4,6536
5,1157 5,1661
631 23:04
4,4268 4,4718
3,9505 3,9967
4,5859 4,6536
5,1150 5,1647
632 23:05
4,4268 4,4718
3,9505 3,9967
4,5869 4,6574
5,1151 5,1649
633 23:06
4,4268 4,4718
3,9505 3,9963
4,6006 4,6599
5,1151 5,1637
634 23:07
4,4268 4,4718
3,9505 3,9953
4,5907 4,6536
5,1151 5,1631
635 23:08
4,4202 4,4788
3,9443 4,0015
4,5838 4,6608
5,1075 5,1713
636 23:09
4,4191 4,4795
3,9433 4,0021
4,5827 4,6616
5,1062 5,1720
637 23:10
4,4193 4,4796
3,9433 4,0024
4,5818 4,6634
5,1062 5,1719
638 23:11
4,4268 4,4718
3,9505 3,9963
4,5906 4,6564
5,1158 5,1636
639 23:12
4,4268 4,4718
3,9505 3,9963
4,5906 4,6564
5,1157 5,1637
640 23:13
4,4268 4,4718
3,9505 3,9963
4,5906 4,6564
5,1157 5,1637
641 23:14
4,4268 4,4718
3,9504 3,9959
4,5906 4,6554
5,1151 5,1637
642 23:15
4,4268 4,4718
3,9504 3,9959
4,5911 4,6551
5,1151 5,1637
643 23:16
4,4268 4,4718
3,9511 3,9962
4,5921 4,6550
5,1157 5,1637
644 23:17
4,4268 4,4718
3,9512 3,9960
4,5945 4,6550
5,1157 5,1637
645 23:18
4,4268 4,4718
3,9512 3,9960
4,5969 4,6550
5,1157 5,1637
646 23:19
4,4268 4,4718
3,9512 3,9960
4,5974 4,6555
5,1133 5,1637
647 23:20
4,4268 4,4718
3,9509 3,9953
4,5973 4,6549
5,1155 5,1630
648 23:21
4,4268 4,4718
3,9509 3,9953
4,5979 4,6550
5,1151 5,1625
649 23:22
4,4268 4,4718
3,9509 3,9953
4,5978 4,6544
5,1157 5,1631
650 23:23
4,4268 4,4718
3,9510 3,9959
4,5979 4,6550
5,1157 5,1637
651 23:24
4,4268 4,4718
3,9515 3,9963
4,5987 4,6559
5,1152 5,1635
652 23:25
4,4268 4,4718
3,9515 3,9962
4,6023 4,6553
5,1167 5,1642
653 23:26
4,4268 4,4718
3,9512 3,9960
4,6012 4,6563
5,1163 5,1642
654 23:27
4,4269 4,4724
3,9508 3,9959
4,5997 4,6551
5,1162 5,1643
655 23:28
4,4269 4,4724
3,9509 3,9961
4,6008 4,6565
5,1156 5,1641
656 23:29
4,4269 4,4724
3,9509 3,9961
4,6012 4,6551
5,1162 5,1641
657 23:30
Definite connection error