#======================
2023-8-23
# 1.EUR, 2.USD, 3.CHF, 4.GBP
Sell Price, Buy Price
1 08:34
4,4505 4,4827
4,1000 4,1321
4,6583 4,6911
5,2277 5,2610
2 08:35
4,4509 4,4831
4,1004 4,1325
4,6591 4,6919
5,2281 5,2614
3 08:36
4,4507 4,4829
4,1005 4,1326
4,6584 4,6912
5,2276 5,2609
4 08:37
4,4496 4,4818
4,0994 4,1315
4,6572 4,6900
5,2265 5,2598
5 08:38
4,4496 4,4818
4,0992 4,1313
4,6574 4,6902
5,2268 5,2601
6 08:39
4,4501 4,4823
4,0993 4,1314
4,6572 4,6900
5,2280 5,2613
7 08:40
4,4500 4,4822
4,0994 4,1315
4,6570 4,6898
5,2285 5,2618
8 08:41
4,4498 4,4820
4,0994 4,1315
4,6569 4,6897
5,2280 5,2613
9 08:42
4,4486 4,4808
4,0977 4,1298
4,6556 4,6884
5,2266 5,2599
10 08:43
4,4488 4,4810
4,0976 4,1297
4,6559 4,6887
5,2262 5,2595
11 08:44
4,4478 4,4800
4,0956 4,1277
4,6554 4,6882
5,2247 5,2580
12 08:45
4,4474 4,4796
4,0953 4,1274
4,6553 4,6881
5,2245 5,2578
13 08:46
4,4480 4,4802
4,0955 4,1276
4,6565 4,6893
5,2247 5,2580
14 08:47
4,4485 4,4807
4,0961 4,1282
4,6570 4,6898
5,2252 5,2585
15 08:48
4,4485 4,4807
4,0961 4,1282
4,6573 4,6901
5,2253 5,2586
16 08:49
4,4490 4,4812
4,0962 4,1283
4,6580 4,6908
5,2259 5,2592
17 08:50
4,4490 4,4812
4,0964 4,1285
4,6577 4,6905
5,2258 5,2591
18 08:51
4,4495 4,4817
4,0966 4,1287
4,6580 4,6908
5,2264 5,2597
19 08:52
4,4487 4,4809
4,0957 4,1278
4,6576 4,6904
5,2260 5,2593
20 08:53
4,4474 4,4796
4,0945 4,1266
4,6560 4,6888
5,2242 5,2575
21 08:54
4,4474 4,4796
4,0944 4,1265
4,6559 4,6887
5,2240 5,2573
22 08:55
4,4473 4,4795
4,0943 4,1264
4,6556 4,6884
5,2239 5,2572
23 08:56
4,4475 4,4797
4,0941 4,1262
4,6557 4,6885
5,2238 5,2571
24 08:57
4,4475 4,4797
4,0935 4,1256
4,6557 4,6885
5,2228 5,2561
25 08:58
4,4486 4,4808
4,0949 4,1270
4,6571 4,6899
5,2244 5,2577
26 08:59
4,4487 4,4809
4,0954 4,1275
4,6578 4,6906
5,2247 5,2580
27 09:00
4,4487 4,4809
4,0958 4,1279
4,6577 4,6905
5,2258 5,2591
28 09:01
4,4496 4,4818
4,0959 4,1280
4,6592 4,6920
5,2289 5,2622
29 09:02
4,4501 4,4823
4,0972 4,1293
4,6596 4,6924
5,2293 5,2626
30 09:03
4,4506 4,4828
4,0977 4,1298
4,6596 4,6924
5,2292 5,2625
31 09:04
4,4509 4,4831
4,0980 4,1301
4,6607 4,6935
5,2303 5,2636
32 09:05
4,4516 4,4838
4,0990 4,1311
4,6623 4,6951
5,2312 5,2645
33 09:06
4,4521 4,4843
4,0999 4,1320
4,6613 4,6941
5,2317 5,2650
34 09:07
4,4522 4,4844
4,0997 4,1318
4,6621 4,6949
5,2320 5,2653
35 09:08
4,4513 4,4835
4,0983 4,1304
4,6619 4,6947
5,2301 5,2634
36 09:09
4,4508 4,4830
4,0981 4,1302
4,6612 4,6940
5,2298 5,2631
37 09:10
4,4510 4,4832
4,0983 4,1304
4,6621 4,6949
5,2298 5,2631
38 09:11
4,4513 4,4835
4,0985 4,1306
4,6629 4,6957
5,2307 5,2639
39 09:12
4,4512 4,4834
4,0984 4,1305
4,6642 4,6970
5,2309 5,2641
40 09:13
4,4508 4,4830
4,0975 4,1296
4,6645 4,6973
5,2295 5,2627
41 09:14
4,4509 4,4831
4,0976 4,1297
4,6649 4,6977
5,2294 5,2626
42 09:15
4,4512 4,4834
4,0982 4,1303
4,6632 4,6960
5,2300 5,2632
43 09:16
4,4532 4,4854
4,0977 4,1299
4,6637 4,6965
5,2310 5,2642
44 09:17
4,4528 4,4850
4,0978 4,1299
4,6634 4,6962
5,2306 5,2638
45 09:18
4,4532 4,4854
4,0984 4,1305
4,6639 4,6967
5,2314 5,2646
46 09:19
4,4535 4,4857
4,0988 4,1309
4,6649 4,6977
5,2320 5,2652
47 09:20
4,4529 4,4851
4,0979 4,1300
4,6638 4,6966
5,2312 5,2644
48 09:21
4,4528 4,4850
4,0978 4,1299
4,6635 4,6964
5,2306 5,2638
49 09:22
4,4527 4,4849
4,0978 4,1299
4,6644 4,6973
5,2306 5,2638
50 09:23
4,4528 4,4850
4,0976 4,1297
4,6649 4,6978
5,2315 5,2647
51 09:24
4,4529 4,4851
4,0970 4,1291
4,6653 4,6982
5,2317 5,2649
52 09:25
4,4525 4,4847
4,0962 4,1283
4,6648 4,6977
5,2308 5,2640
53 09:26
4,4525 4,4847
4,0952 4,1273
4,6646 4,6975
5,2305 5,2637
54 09:27
4,4512 4,4834
4,0942 4,1263
4,6636 4,6966
5,2290 5,2622
55 09:28
4,4520 4,4842
4,0958 4,1279
4,6653 4,6983
5,2301 5,2633
56 09:29
4,4518 4,4840
4,0957 4,1278
4,6648 4,6978
5,2291 5,2623
57 09:30
4,4520 4,4842
4,1022 4,1343
4,6648 4,6979
5,2294 5,2626
58 09:31
4,4529 4,4851
4,1075 4,1396
4,6680 4,7008
5,2369 5,2701
59 09:32
4,4526 4,4848
4,1125 4,1446
4,6704 4,7032
5,2407 5,2739
60 09:33
4,4526 4,4848
4,1148 4,1469
4,6723 4,7051
5,2445 5,2777
61 09:34
4,4542 4,4864
4,1183 4,1504
4,6733 4,7061
5,2440 5,2772
62 09:35
4,4541 4,4863
4,1170 4,1491
4,6739 4,7067
5,2415 5,2747
63 09:36
4,4544 4,4866
4,1185 4,1506
4,6754 4,7084
5,2401 5,2733
64 09:37
4,4549 4,4871
4,1177 4,1498
4,6758 4,7088
5,2399 5,2731
65 09:38
4,4563 4,4885
4,1205 4,1526
4,6783 4,7113
5,2406 5,2738
66 09:39
4,4586 4,4908
4,1221 4,1542
4,6807 4,7137
5,2424 5,2756
67 09:40
4,4588 4,4910
4,1216 4,1537
4,6807 4,7137
5,2436 5,2768
68 09:41
4,4592 4,4914
4,1209 4,1530
4,6815 4,7143
5,2437 5,2769
69 09:42
4,4599 4,4921
4,1222 4,1543
4,6819 4,7147
5,2437 5,2769
70 09:43
4,4602 4,4924
4,1217 4,1538
4,6842 4,7170
5,2449 5,2781
71 09:44
4,4600 4,4922
4,1210 4,1531
4,6843 4,7171
5,2444 5,2776
72 09:45
4,4599 4,4921
4,1209 4,1530
4,6837 4,7165
5,2439 5,2771
73 09:46
4,4588 4,4910
4,1194 4,1515
4,6814 4,7143
5,2432 5,2764
74 09:47
4,4589 4,4911
4,1184 4,1505
4,6814 4,7143
5,2436 5,2768
75 09:48
4,4576 4,4898
4,1171 4,1492
4,6802 4,7131
5,2406 5,2738
76 09:49
4,4582 4,4904
4,1160 4,1481
4,6810 4,7139
5,2419 5,2751
77 09:50
4,4583 4,4905
4,1183 4,1504
4,6804 4,7133
5,2426 5,2758
78 09:51
4,4580 4,4902
4,1169 4,1490
4,6800 4,7128
5,2432 5,2764
79 09:52
4,4564 4,4886
4,1165 4,1486
4,6785 4,7113
5,2421 5,2753
80 09:53
4,4557 4,4879
4,1164 4,1485
4,6775 4,7103
5,2413 5,2745
81 09:54
4,4556 4,4878
4,1164 4,1485
4,6770 4,7098
5,2411 5,2743
82 09:55
4,4554 4,4876
4,1175 4,1496
4,6770 4,7098
5,2411 5,2743
83 09:56
4,4550 4,4872
4,1175 4,1496
4,6756 4,7084
5,2406 5,2738
84 09:57
4,4563 4,4885
4,1174 4,1495
4,6772 4,7100
5,2416 5,2748
85 09:58
4,4568 4,4890
4,1182 4,1503
4,6789 4,7117
5,2427 5,2759
86 09:59
4,4568 4,4890
4,1188 4,1509
4,6787 4,7115
5,2427 5,2759
87 10:00
4,4567 4,4889
4,1193 4,1514
4,6789 4,7117
5,2426 5,2758
88 10:01
4,4560 4,4882
4,1171 4,1492
4,6791 4,7119
5,2424 5,2756
89 10:02
4,4554 4,4876
4,1173 4,1494
4,6800 4,7128
5,2417 5,2749
90 10:03
4,4547 4,4869
4,1155 4,1476
4,6792 4,7120
5,2403 5,2735
91 10:04
4,4535 4,4857
4,1146 4,1467
4,6775 4,7103
5,2389 5,2721
92 10:05
4,4531 4,4853
4,1133 4,1454
4,6768 4,7096
5,2386 5,2718
93 10:06
4,4522 4,4844
4,1121 4,1442
4,6756 4,7085
5,2386 5,2718
94 10:07
4,4520 4,4842
4,1130 4,1451
4,6744 4,7073
5,2372 5,2704
95 10:35
Connection error x5
1 11:12
4,4652 4,4974
4,1276 4,1597
4,6891 4,7219
5,2327 5,2659
2 11:13
4,4653 4,4975
4,1282 4,1603
4,6891 4,7219
5,2306 5,2638
3 11:14
4,4646 4,4968
4,1275 4,1596
4,6881 4,7209
5,2297 5,2629
4 11:15
4,4633 4,4955
4,1265 4,1586
4,6872 4,7200
5,2295 5,2627
5 11:16
4,4640 4,4962
4,1270 4,1591
4,6877 4,7205
5,2300 5,2632
6 11:17
4,4645 4,4967
4,1275 4,1596
4,6883 4,7211
5,2294 5,2626
7 11:18
4,4646 4,4968
4,1287 4,1608
4,6889 4,7217
5,2292 5,2624
8 11:19
4,4640 4,4962
4,1275 4,1596
4,6880 4,7208
5,2303 5,2635
9 11:20
4,4644 4,4966
4,1273 4,1594
4,6874 4,7202
5,2289 5,2621
10 11:21
4,4644 4,4966
4,1271 4,1592
4,6874 4,7202
5,2277 5,2609
11 11:22
4,4640 4,4962
4,1269 4,1590
4,6867 4,7195
5,2278 5,2610
12 11:23
4,4641 4,4963
4,1271 4,1592
4,6864 4,7192
5,2277 5,2609
13 11:24
4,4641 4,4963
4,1277 4,1598
4,6866 4,7194
5,2274 5,2606
14 11:25
4,4635 4,4957
4,1276 4,1597
4,6859 4,7187
5,2263 5,2595
15 11:26
4,4634 4,4956
4,1281 4,1602
4,6856 4,7184
5,2255 5,2587
16 11:27
4,4631 4,4953
4,1275 4,1596
4,6856 4,7184
5,2268 5,2600
17 11:28
4,4632 4,4954
4,1268 4,1589
4,6856 4,7184
5,2247 5,2579
18 11:29
4,4633 4,4955
4,1256 4,1577
4,6853 4,7181
5,2249 5,2581
19 11:30
4,4635 4,4957
4,1258 4,1579
4,6858 4,7186
5,2248 5,2580
20 11:31
4,4635 4,4957
4,1263 4,1584
4,6860 4,7188
5,2251 5,2583
21 11:32
4,4634 4,4956
4,1268 4,1589
4,6858 4,7186
5,2248 5,2580
22 11:33
4,4628 4,4950
4,1263 4,1584
4,6855 4,7183
5,2246 5,2578
23 11:34
4,4619 4,4941
4,1249 4,1570
4,6841 4,7169
5,2239 5,2571
24 11:35
4,4624 4,4946
4,1251 4,1572
4,6849 4,7177
5,2245 5,2577
25 11:36
4,4623 4,4945
4,1252 4,1573
4,6849 4,7178
5,2255 5,2587
26 11:37
4,4629 4,4951
4,1258 4,1579
4,6852 4,7181
5,2265 5,2597
27 11:38
4,4630 4,4952
4,1256 4,1577
4,6855 4,7184
5,2274 5,2606
28 11:39
4,4632 4,4954
4,1256 4,1577
4,6859 4,7188
5,2269 5,2601
29 11:40
4,4632 4,4954
4,1253 4,1574
4,6859 4,7188
5,2266 5,2598
30 11:41
4,4631 4,4953
4,1255 4,1576
4,6864 4,7193
5,2269 5,2601
31 11:42
4,4632 4,4954
4,1245 4,1566
4,6862 4,7191
5,2264 5,2596
32 11:43
4,4632 4,4954
4,1245 4,1566
4,6869 4,7198
5,2263 5,2595
33 11:44
4,4633 4,4955
4,1260 4,1581
4,6870 4,7199
5,2258 5,2590
34 11:45
4,4646 4,4968
4,1278 4,1599
4,6884 4,7213
5,2258 5,2590
35 11:46
4,4641 4,4963
4,1269 4,1590
4,6891 4,7219
5,2252 5,2584
36 11:47
4,4637 4,4959
4,1267 4,1588
4,6877 4,7205
5,2254 5,2586
37 11:48
4,4636 4,4958
4,1270 4,1591
4,6871 4,7199
5,2237 5,2569
38 11:49
4,4637 4,4959
4,1277 4,1598
4,6872 4,7200
5,2241 5,2573
39 11:50
4,4631 4,4953
4,1277 4,1598
4,6868 4,7196
5,2212 5,2544
40 11:51
4,4630 4,4952
4,1265 4,1586
4,6865 4,7194
5,2218 5,2550
41 11:52
4,4630 4,4952
4,1265 4,1586
4,6863 4,7192
5,2215 5,2547
42 11:53
4,4629 4,4951
4,1269 4,1590
4,6860 4,7189
5,2205 5,2537
43 11:54
4,4629 4,4951
4,1268 4,1589
4,6859 4,7188
5,2205 5,2537
44 11:55
4,4630 4,4952
4,1274 4,1595
4,6865 4,7194
5,2224 5,2556
45 11:56
4,4631 4,4953
4,1271 4,1592
4,6866 4,7194
5,2225 5,2557
46 11:57
4,4640 4,4962
4,1285 4,1606
4,6873 4,7201
5,2239 5,2571
47 11:58
4,4625 4,4947
4,1277 4,1598
4,6857 4,7185
5,2215 5,2547
48 11:59
4,4635 4,4957
4,1289 4,1610
4,6868 4,7196
5,2230 5,2562
49 12:00
4,4627 4,4949
4,1278 4,1599
4,6860 4,7188
5,2225 5,2557
50 12:01
4,4618 4,4940
4,1267 4,1588
4,6850 4,7178
5,2201 5,2533
51 12:02
4,4615 4,4937
4,1264 4,1585
4,6849 4,7177
5,2200 5,2532
52 12:03
4,4614 4,4936
4,1263 4,1584
4,6848 4,7176
5,2202 5,2534
53 12:04
4,4616 4,4938
4,1269 4,1590
4,6853 4,7181
5,2217 5,2549
54 12:05
4,4616 4,4938
4,1271 4,1592
4,6850 4,7178
5,2211 5,2543
55 12:06
4,4632 4,4954
4,1293 4,1614
4,6866 4,7194
5,2229 5,2561
56 12:07
4,4637 4,4959
4,1299 4,1620
4,6881 4,7209
5,2247 5,2579
57 12:08
4,4637 4,4959
4,1297 4,1618
4,6878 4,7206
5,2256 5,2588
58 12:09
4,4640 4,4962
4,1298 4,1619
4,6889 4,7217
5,2257 5,2589
59 12:10
4,4642 4,4964
4,1298 4,1619
4,6884 4,7212
5,2265 5,2597
60 12:11
4,4637 4,4959
4,1296 4,1617
4,6877 4,7205
5,2260 5,2592
61 12:12
4,4642 4,4964
4,1300 4,1621
4,6872 4,7200
5,2265 5,2597
62 12:13
4,4643 4,4965
4,1293 4,1614
4,6873 4,7201
5,2254 5,2586
63 12:14
4,4639 4,4961
4,1289 4,1610
4,6867 4,7195
5,2250 5,2582
64 12:15
4,4640 4,4962
4,1292 4,1613
4,6865 4,7193
5,2248 5,2580
65 12:16
4,4638 4,4960
4,1286 4,1607
4,6864 4,7192
5,2237 5,2569
66 12:17
4,4634 4,4956
4,1281 4,1602
4,6861 4,7189
5,2238 5,2570
67 12:18
4,4634 4,4956
4,1282 4,1603
4,6857 4,7185
5,2225 5,2557
68 12:19
4,4636 4,4958
4,1285 4,1606
4,6862 4,7190
5,2209 5,2541
69 12:20
4,4634 4,4956
4,1288 4,1609
4,6857 4,7185
5,2204 5,2536
70 12:21
4,4637 4,4959
4,1290 4,1611
4,6877 4,7205
5,2202 5,2534
71 12:22
4,4640 4,4962
4,1289 4,1610
4,6880 4,7208
5,2211 5,2543
72 12:23
4,4642 4,4964
4,1291 4,1612
4,6882 4,7210
5,2228 5,2560
73 12:24
4,4610 4,4932
4,1260 4,1581
4,6848 4,7176
5,2192 5,2524
74 12:25
4,4613 4,4935
4,1258 4,1579
4,6847 4,7175
5,2196 5,2528
75 12:26
4,4611 4,4934
4,1261 4,1582
4,6850 4,7178
5,2196 5,2528
76 12:27
4,4618 4,4941
4,1270 4,1591
4,6857 4,7185
5,2197 5,2529
77 12:28
4,4610 4,4933
4,1265 4,1586
4,6846 4,7174
5,2195 5,2527
78 12:29
4,4600 4,4923
4,1256 4,1577
4,6827 4,7155
5,2180 5,2512
79 12:30
4,4601 4,4924
4,1262 4,1583
4,6829 4,7157
5,2172 5,2504
80 12:31
4,4605 4,4927
4,1276 4,1597
4,6834 4,7162
5,2170 5,2502
81 12:32
4,4606 4,4928
4,1273 4,1594
4,6830 4,7158
5,2163 5,2495
82 12:33
4,4606 4,4928
4,1277 4,1598
4,6830 4,7158
5,2150 5,2482
83 12:34
4,4611 4,4933
4,1274 4,1595
4,6838 4,7166
5,2169 5,2501
84 12:35
4,4608 4,4930
4,1273 4,1594
4,6830 4,7158
5,2161 5,2493
85 12:36
4,4625 4,4947
4,1280 4,1601
4,6848 4,7176
5,2181 5,2513
86 12:37
4,4587 4,4909
4,1240 4,1561
4,6809 4,7137
5,2133 5,2465
87 12:38
4,4570 4,4892
4,1223 4,1544
4,6790 4,7118
5,2118 5,2450
88 12:39
4,4581 4,4903
4,1230 4,1551
4,6800 4,7128
5,2133 5,2465
89 12:40
4,4576 4,4898
4,1226 4,1547
4,6796 4,7124
5,2131 5,2463
90 12:41
4,4572 4,4894
4,1229 4,1550
4,6790 4,7119
5,2114 5,2446
91 12:42
4,4573 4,4895
4,1227 4,1548
4,6794 4,7123
5,2111 5,2443
92 12:43
4,4577 4,4899
4,1229 4,1550
4,6798 4,7127
5,2116 5,2448
93 12:44
4,4571 4,4893
4,1227 4,1548
4,6790 4,7119
5,2115 5,2447
94 12:45
4,4573 4,4895
4,1231 4,1552
4,6792 4,7121
5,2124 5,2456
95 12:46
4,4572 4,4894
4,1232 4,1553
4,6793 4,7121
5,2121 5,2453
96 12:47
4,4573 4,4895
4,1236 4,1557
4,6796 4,7124
5,2126 5,2458
97 12:48
4,4574 4,4896
4,1238 4,1559
4,6799 4,7127
5,2129 5,2461
98 12:49
4,4573 4,4895
4,1233 4,1554
4,6797 4,7125
5,2114 5,2446
99 12:50
4,4568 4,4890
4,1234 4,1555
4,6792 4,7120
5,2105 5,2437
100 12:51
4,4590 4,4912
4,1253 4,1574
4,6818 4,7146
5,2132 5,2464
101 12:52
4,4590 4,4912
4,1253 4,1574
4,6818 4,7146
5,2138 5,2470
102 12:53
4,4590 4,4912
4,1251 4,1572
4,6817 4,7145
5,2144 5,2476
103 12:54
4,4590 4,4912
4,1245 4,1566
4,6820 4,7148
5,2142 5,2474
104 12:55
4,4607 4,4929
4,1262 4,1583
4,6835 4,7163
5,2157 5,2489
105 12:56
4,4585 4,4907
4,1242 4,1563
4,6807 4,7135
5,2131 5,2463
106 12:57
4,4611 4,4933
4,1264 4,1585
4,6832 4,7160
5,2184 5,2516
107 12:58
4,4609 4,4931
4,1264 4,1585
4,6830 4,7158
5,2187 5,2519
108 12:59
4,4611 4,4933
4,1270 4,1591
4,6834 4,7162
5,2165 5,2497
109 13:00
4,4607 4,4929
4,1268 4,1589
4,6828 4,7156
5,2154 5,2486
110 13:01
4,4609 4,4931
4,1279 4,1600
4,6838 4,7167
5,2151 5,2483
111 13:02
4,4616 4,4938
4,1290 4,1611
4,6845 4,7174
5,2162 5,2494
112 13:03
4,4612 4,4934
4,1279 4,1600
4,6838 4,7167
5,2157 5,2489
113 13:04
4,4617 4,4939
4,1291 4,1612
4,6839 4,7168
5,2165 5,2497
114 13:05
4,4608 4,4930
4,1269 4,1590
4,6826 4,7155
5,2164 5,2496
115 13:06
4,4616 4,4938
4,1280 4,1601
4,6838 4,7166
5,2187 5,2519
116 13:07
4,4612 4,4934
4,1277 4,1598
4,6834 4,7162
5,2197 5,2529
117 13:08
4,4613 4,4935
4,1276 4,1597
4,6834 4,7162
5,2207 5,2539
118 13:09
4,4613 4,4935
4,1269 4,1590
4,6835 4,7163
5,2205 5,2537
119 13:10
4,4616 4,4938
4,1278 4,1599
4,6840 4,7168
5,2204 5,2536
120 13:11
4,4617 4,4939
4,1279 4,1600
4,6838 4,7166
5,2202 5,2534
121 13:12
4,4619 4,4941
4,1285 4,1606
4,6840 4,7168
5,2202 5,2534
122 13:13
4,4622 4,4944
4,1297 4,1618
4,6846 4,7174
5,2214 5,2546
123 13:14
4,4623 4,4945
4,1288 4,1609
4,6847 4,7175
5,2221 5,2553
124 13:15
4,4622 4,4944
4,1291 4,1612
4,6848 4,7176
5,2211 5,2543
125 13:16
4,4621 4,4943
4,1285 4,1606
4,6845 4,7173
5,2213 5,2545
126 13:17
4,4630 4,4952
4,1290 4,1611
4,6852 4,7180
5,2231 5,2563
127 13:18
4,4629 4,4951
4,1289 4,1610
4,6852 4,7180
5,2223 5,2555
128 13:19
4,4630 4,4952
4,1283 4,1604
4,6852 4,7180
5,2220 5,2552
129 13:20
4,4629 4,4951
4,1281 4,1602
4,6853 4,7181
5,2220 5,2552
130 13:21
4,4628 4,4950
4,1274 4,1595
4,6852 4,7180
5,2215 5,2547
131 13:22
4,4629 4,4951
4,1273 4,1594
4,6852 4,7180
5,2201 5,2533
132 13:23
4,4628 4,4950
4,1276 4,1597
4,6852 4,7180
5,2184 5,2516
133 13:24
4,4629 4,4951
4,1277 4,1598
4,6851 4,7179
5,2177 5,2509
134 13:25
4,4626 4,4948
4,1276 4,1597
4,6851 4,7179
5,2179 5,2511
135 13:26
4,4614 4,4936
4,1263 4,1584
4,6836 4,7164
5,2158 5,2490
136 13:27
4,4613 4,4935
4,1264 4,1585
4,6839 4,7167
5,2158 5,2490
137 13:28
4,4611 4,4933
4,1259 4,1580
4,6847 4,7175
5,2153 5,2485
138 13:29
4,4618 4,4940
4,1273 4,1594
4,6852 4,7180
5,2165 5,2497
139 13:30
4,4618 4,4940
4,1269 4,1590
4,6850 4,7178
5,2162 5,2494
140 13:31
4,4612 4,4934
4,1257 4,1578
4,6849 4,7177
5,2162 5,2494
141 13:32
4,4611 4,4933
4,1253 4,1574
4,6847 4,7175
5,2159 5,2491
142 13:33
4,4611 4,4933
4,1251 4,1572
4,6848 4,7176
5,2156 5,2488
143 13:34
4,4610 4,4932
4,1252 4,1573
4,6846 4,7174
5,2164 5,2496
144 13:35
4,4614 4,4936
4,1253 4,1574
4,6847 4,7175
5,2177 5,2509
145 13:36
4,4612 4,4934
4,1250 4,1571
4,6846 4,7174
5,2176 5,2508
146 13:37
4,4613 4,4935
4,1249 4,1570
4,6847 4,7175
5,2173 5,2505
147 13:38
4,4609 4,4931
4,1245 4,1566
4,6840 4,7168
5,2166 5,2498
148 13:39
4,4614 4,4936
4,1246 4,1567
4,6850 4,7178
5,2168 5,2500
149 13:40
4,4604 4,4926
4,1239 4,1560
4,6840 4,7168
5,2151 5,2483
150 13:41
4,4604 4,4926
4,1237 4,1558
4,6840 4,7168
5,2160 5,2492
151 13:42
4,4603 4,4925
4,1230 4,1551
4,6861 4,7189
5,2153 5,2485
152 13:43
4,4603 4,4925
4,1228 4,1549
4,6866 4,7194
5,2159 5,2491
153 13:44
4,4606 4,4928
4,1232 4,1553
4,6859 4,7187
5,2165 5,2497
154 13:45
4,4609 4,4931
4,1241 4,1562
4,6850 4,7178
5,2160 5,2492
155 13:46
4,4609 4,4932
4,1243 4,1564
4,6850 4,7178
5,2162 5,2494
156 13:47
4,4609 4,4932
4,1241 4,1562
4,6850 4,7178
5,2166 5,2498
157 13:48
4,4609 4,4932
4,1239 4,1560
4,6845 4,7173
5,2162 5,2494
158 13:49
4,4612 4,4935
4,1240 4,1561
4,6840 4,7168
5,2157 5,2489
159 13:50
4,4605 4,4928
4,1234 4,1555
4,6836 4,7164
5,2152 5,2484
160 13:51
4,4607 4,4929
4,1241 4,1562
4,6835 4,7163
5,2151 5,2483
161 13:52
4,4611 4,4933
4,1249 4,1570
4,6835 4,7163
5,2156 5,2488
162 13:53
4,4610 4,4932
4,1248 4,1569
4,6836 4,7164
5,2161 5,2493
163 13:54
4,4604 4,4926
4,1240 4,1561
4,6825 4,7153
5,2148 5,2480
164 13:55
4,4604 4,4926
4,1248 4,1569
4,6825 4,7153
5,2147 5,2479
165 13:56
4,4608 4,4930
4,1259 4,1580
4,6836 4,7164
5,2152 5,2484
166 13:57
4,4604 4,4926
4,1252 4,1573
4,6833 4,7161
5,2145 5,2477
167 13:58
4,4604 4,4926
4,1250 4,1571
4,6830 4,7158
5,2139 5,2471
168 13:59
4,4606 4,4928
4,1254 4,1575
4,6828 4,7156
5,2145 5,2477
169 14:00
4,4609 4,4931
4,1255 4,1576
4,6830 4,7158
5,2141 5,2473
170 14:01
4,4606 4,4928
4,1256 4,1577
4,6827 4,7156
5,2141 5,2473
171 14:02
4,4602 4,4924
4,1254 4,1575
4,6832 4,7161
5,2133 5,2465
172 14:03
4,4599 4,4921
4,1246 4,1567
4,6830 4,7159
5,2136 5,2468
173 14:04
4,4596 4,4918
4,1243 4,1564
4,6825 4,7154
5,2129 5,2461
174 14:05
4,4603 4,4925
4,1255 4,1576
4,6831 4,7160
5,2134 5,2466
175 14:06
4,4604 4,4926
4,1255 4,1576
4,6829 4,7157
5,2141 5,2473
176 14:07
4,4607 4,4929
4,1260 4,1581
4,6838 4,7166
5,2139 5,2471
177 14:08
4,4606 4,4928
4,1273 4,1594
4,6839 4,7167
5,2125 5,2457
178 14:09
4,4604 4,4926
4,1275 4,1596
4,6840 4,7168
5,2117 5,2449
179 14:10
4,4600 4,4922
4,1273 4,1594
4,6831 4,7159
5,2097 5,2429
180 14:11
4,4596 4,4918
4,1270 4,1591
4,6829 4,7157
5,2099 5,2431
181 14:12
4,4596 4,4918
4,1264 4,1585
4,6828 4,7156
5,2104 5,2436
182 14:13
4,4592 4,4914
4,1254 4,1575
4,6822 4,7150
5,2103 5,2435
183 14:14
4,4586 4,4908
4,1243 4,1564
4,6816 4,7144
5,2084 5,2416
184 14:15
4,4581 4,4903
4,1235 4,1556
4,6811 4,7139
5,2078 5,2410
185 14:16
4,4582 4,4904
4,1243 4,1564
4,6802 4,7131
5,2079 5,2411
186 14:17
4,4583 4,4905
4,1244 4,1565
4,6807 4,7136
5,2080 5,2412
187 14:18
4,4594 4,4916
4,1260 4,1581
4,6824 4,7153
5,2096 5,2428
188 14:19
4,4591 4,4913
4,1255 4,1576
4,6823 4,7152
5,2089 5,2421
189 14:20
4,4590 4,4912
4,1262 4,1583
4,6822 4,7151
5,2098 5,2430
190 14:21
4,4615 4,4937
4,1285 4,1606
4,6855 4,7183
5,2127 5,2459
191 14:22
4,4597 4,4919
4,1265 4,1586
4,6835 4,7163
5,2109 5,2441
192 14:23
4,4605 4,4927
4,1272 4,1593
4,6843 4,7171
5,2118 5,2450
193 14:24
4,4599 4,4921
4,1265 4,1586
4,6841 4,7169
5,2115 5,2447
194 14:25
4,4601 4,4923
4,1266 4,1587
4,6844 4,7172
5,2119 5,2451
195 14:26
4,4604 4,4926
4,1269 4,1590
4,6852 4,7180
5,2131 5,2463
196 14:27
4,4602 4,4924
4,1269 4,1590
4,6845 4,7173
5,2139 5,2471
197 14:28
4,4590 4,4912
4,1258 4,1579
4,6832 4,7160
5,2131 5,2463
198 14:29
4,4583 4,4905
4,1260 4,1581
4,6833 4,7161
5,2133 5,2465
199 14:30
4,4581 4,4903
4,1254 4,1575
4,6828 4,7156
5,2121 5,2453
200 14:31
4,4585 4,4907
4,1250 4,1571
4,6837 4,7166
5,2125 5,2457
201 14:32
4,4585 4,4907
4,1247 4,1568
4,6834 4,7163
5,2122 5,2454
202 14:33
4,4587 4,4909
4,1262 4,1583
4,6847 4,7176
5,2125 5,2457
203 14:34
4,4588 4,4910
4,1255 4,1576
4,6843 4,7172
5,2120 5,2452
204 14:35
4,4586 4,4908
4,1260 4,1581
4,6848 4,7177
5,2127 5,2459
205 14:36
4,4580 4,4902
4,1262 4,1583
4,6841 4,7170
5,2119 5,2451
206 14:37
4,4579 4,4901
4,1254 4,1575
4,6835 4,7164
5,2118 5,2450
207 14:38
4,4579 4,4901
4,1256 4,1577
4,6834 4,7163
5,2112 5,2444
208 14:39
4,4578 4,4900
4,1257 4,1578
4,6835 4,7164
5,2105 5,2437
209 14:40
4,4579 4,4901
4,1255 4,1576
4,6835 4,7164
5,2103 5,2435
210 14:41
4,4579 4,4901
4,1252 4,1573
4,6836 4,7164
5,2094 5,2426
211 14:42
4,4579 4,4901
4,1248 4,1569
4,6836 4,7164
5,2091 5,2423
212 14:43
4,4578 4,4900
4,1236 4,1557
4,6835 4,7163
5,2093 5,2425
213 14:44
4,4577 4,4899
4,1237 4,1558
4,6831 4,7159
5,2087 5,2419
214 14:45
4,4572 4,4894
4,1232 4,1553
4,6822 4,7150
5,2085 5,2417
215 14:46
4,4575 4,4897
4,1231 4,1552
4,6822 4,7150
5,2090 5,2422
216 14:47
4,4580 4,4902
4,1236 4,1557
4,6822 4,7150
5,2101 5,2433
217 14:48
4,4571 4,4893
4,1231 4,1552
4,6810 4,7138
5,2097 5,2429
218 14:49
4,4582 4,4904
4,1245 4,1566
4,6822 4,7150
5,2113 5,2445
219 14:50
4,4579 4,4901
4,1239 4,1560
4,6826 4,7154
5,2122 5,2454
220 14:51
4,4579 4,4902
4,1237 4,1558
4,6836 4,7165
5,2131 5,2463
221 14:52
4,4577 4,4900
4,1237 4,1558
4,6821 4,7150
5,2123 5,2455
222 14:53
4,4579 4,4902
4,1244 4,1565
4,6825 4,7154
5,2127 5,2459
223 14:54
4,4580 4,4903
4,1252 4,1573
4,6829 4,7158
5,2124 5,2456
224 14:55
4,4580 4,4903
4,1260 4,1581
4,6826 4,7155
5,2125 5,2457
225 14:56
4,4581 4,4903
4,1265 4,1586
4,6824 4,7152
5,2129 5,2461
226 14:57
4,4582 4,4904
4,1266 4,1587
4,6829 4,7157
5,2128 5,2460
227 14:58
4,4582 4,4904
4,1264 4,1585
4,6831 4,7159
5,2140 5,2472
228 14:59
4,4581 4,4903
4,1262 4,1583
4,6829 4,7157
5,2149 5,2481
229 15:00
4,4586 4,4908
4,1264 4,1585
4,6831 4,7159
5,2148 5,2480
230 15:01
4,4580 4,4902
4,1259 4,1580
4,6830 4,7158
5,2147 5,2479
231 15:02
4,4589 4,4911
4,1263 4,1584
4,6841 4,7169
5,2164 5,2496
232 15:03
4,4585 4,4907
4,1254 4,1575
4,6837 4,7165
5,2166 5,2498
233 15:04
4,4581 4,4903
4,1254 4,1575
4,6833 4,7161
5,2161 5,2493
234 15:05
4,4576 4,4898
4,1245 4,1566
4,6834 4,7162
5,2151 5,2483
235 15:06
4,4569 4,4891
4,1225 4,1546
4,6828 4,7157
5,2141 5,2473
236 15:07
4,4571 4,4893
4,1205 4,1526
4,6824 4,7153
5,2127 5,2459
237 15:08
4,4572 4,4894
4,1218 4,1539
4,6819 4,7148
5,2129 5,2461
238 15:09
4,4571 4,4893
4,1216 4,1537
4,6820 4,7149
5,2137 5,2469
239 15:10
4,4564 4,4886
4,1203 4,1524
4,6805 4,7134
5,2134 5,2466
240 15:11
4,4558 4,4880
4,1190 4,1511
4,6804 4,7132
5,2115 5,2447
241 15:12
4,4563 4,4885
4,1195 4,1516
4,6802 4,7130
5,2136 5,2468
242 15:13
4,4558 4,4880
4,1194 4,1515
4,6793 4,7121
5,2127 5,2459
243 15:14
4,4569 4,4891
4,1208 4,1529
4,6808 4,7136
5,2122 5,2454
244 15:15
4,4566 4,4888
4,1198 4,1519
4,6823 4,7151
5,2125 5,2457
245 15:16
4,4572 4,4894
4,1204 4,1525
4,6826 4,7154
5,2117 5,2449
246 15:17
4,4570 4,4892
4,1199 4,1520
4,6826 4,7154
5,2108 5,2440
247 15:18
4,4564 4,4886
4,1200 4,1521
4,6811 4,7139
5,2102 5,2434
248 15:19
4,4562 4,4884
4,1192 4,1513
4,6809 4,7137
5,2099 5,2431
249 15:20
4,4567 4,4889
4,1187 4,1508
4,6812 4,7140
5,2104 5,2436
250 15:21
4,4574 4,4896
4,1188 4,1509
4,6816 4,7144
5,2116 5,2448
251 15:22
4,4574 4,4896
4,1190 4,1511
4,6816 4,7144
5,2113 5,2445
252 15:23
4,4583 4,4905
4,1194 4,1515
4,6820 4,7148
5,2120 5,2452
253 15:24
4,4584 4,4906
4,1185 4,1506
4,6831 4,7159
5,2114 5,2446
254 15:25
4,4588 4,4910
4,1187 4,1508
4,6840 4,7168
5,2129 5,2461
255 15:26
4,4590 4,4912
4,1186 4,1507
4,6855 4,7184
5,2132 5,2464
256 15:27
4,4594 4,4916
4,1189 4,1510
4,6858 4,7187
5,2126 5,2458
257 15:28
4,4593 4,4915
4,1178 4,1499
4,6855 4,7184
5,2125 5,2457
258 15:29
4,4588 4,4910
4,1171 4,1492
4,6853 4,7182
5,2126 5,2458
259 15:30
4,4589 4,4911
4,1173 4,1494
4,6851 4,7180
5,2129 5,2461
260 15:31
4,4589 4,4911
4,1167 4,1488
4,6846 4,7174
5,2129 5,2461
261 15:32
4,4586 4,4908
4,1164 4,1485
4,6843 4,7171
5,2136 5,2468
262 15:33
4,4588 4,4910
4,1151 4,1472
4,6840 4,7168
5,2132 5,2464
263 15:34
4,4594 4,4916
4,1158 4,1479
4,6846 4,7174
5,2136 5,2468
264 15:35
4,4592 4,4914
4,1160 4,1481
4,6850 4,7178
5,2152 5,2484
265 15:36
4,4591 4,4913
4,1169 4,1490
4,6848 4,7177
5,2154 5,2486
266 15:37
4,4592 4,4914
4,1172 4,1493
4,6852 4,7181
5,2167 5,2499
267 15:38
4,4594 4,4916
4,1185 4,1506
4,6856 4,7185
5,2163 5,2495
268 15:39
4,4603 4,4925
4,1198 4,1519
4,6861 4,7190
5,2173 5,2505
269 15:40
4,4600 4,4922
4,1191 4,1512
4,6855 4,7184
5,2161 5,2493
270 15:41
4,4595 4,4917
4,1188 4,1509
4,6850 4,7179
5,2153 5,2485
271 15:42
4,4600 4,4922
4,1191 4,1512
4,6853 4,7181
5,2161 5,2493
272 15:43
4,4603 4,4925
4,1194 4,1515
4,6854 4,7182
5,2165 5,2497
273 15:44
4,4602 4,4924
4,1195 4,1516
4,6841 4,7169
5,2148 5,2480
274 15:45
4,4601 4,4923
4,1183 4,1504
4,6839 4,7167
5,2151 5,2484
275 15:46
4,4599 4,4921
4,1138 4,1459
4,6861 4,7189
5,2151 5,2483
276 15:47
4,4600 4,4922
4,1151 4,1472
4,6858 4,7186
5,2146 5,2478
277 15:48
4,4589 4,4911
4,1125 4,1446
4,6858 4,7186
5,2136 5,2468
278 15:49
4,4569 4,4891
4,1105 4,1426
4,6833 4,7161
5,2107 5,2439
279 15:50
4,4568 4,4890
4,1121 4,1442
4,6830 4,7158
5,2106 5,2438
280 15:51
4,4568 4,4890
4,1121 4,1442
4,6829 4,7157
5,2107 5,2440
281 15:52
4,4565 4,4887
4,1118 4,1439
4,6821 4,7149
5,2110 5,2443
282 15:53
4,4571 4,4893
4,1126 4,1447
4,6820 4,7148
5,2123 5,2456
283 15:54
4,4585 4,4907
4,1152 4,1473
4,6824 4,7152
5,2140 5,2473
284 15:55
4,4589 4,4911
4,1158 4,1479
4,6832 4,7160
5,2146 5,2479
285 15:56
4,4589 4,4911
4,1154 4,1475
4,6841 4,7170
5,2157 5,2490
286 15:57
4,4584 4,4906
4,1129 4,1450
4,6837 4,7166
5,2167 5,2500
287 15:58
4,4579 4,4901
4,1127 4,1448
4,6833 4,7162
5,2169 5,2502
288 15:59
4,4578 4,4900
4,1119 4,1440
4,6824 4,7153
5,2165 5,2498
289 16:00
4,4580 4,4902
4,1129 4,1450
4,6835 4,7164
5,2180 5,2513
290 16:01
4,4574 4,4896
4,1126 4,1447
4,6829 4,7158
5,2161 5,2493
291 16:02
4,4581 4,4903
4,1136 4,1457
4,6843 4,7172
5,2155 5,2487
292 16:03
4,4577 4,4899
4,1119 4,1440
4,6839 4,7168
5,2144 5,2476
293 16:04
4,4574 4,4896
4,1106 4,1427
4,6833 4,7162
5,2140 5,2472
294 17:13
4,4494 4,4816
4,0996 4,1317
4,6658 4,6986
5,2080 5,2412
295 17:14
4,4482 4,4804
4,0980 4,1301
4,6650 4,6978
5,2075 5,2407
296 17:15
4,4480 4,4802
4,0980 4,1301
4,6643 4,6971
5,2071 5,2403
297 17:16
4,4480 4,4802
4,0987 4,1308
4,6633 4,6961
5,2077 5,2409
298 17:17
4,4481 4,4803
4,0988 4,1309
4,6639 4,6967
5,2083 5,2415
299 17:18
4,4480 4,4802
4,0991 4,1312
4,6634 4,6962
5,2083 5,2415
300 17:19
4,4482 4,4804
4,0987 4,1308
4,6633 4,6961
5,2087 5,2419
301 17:20
4,4476 4,4798
4,0985 4,1306
4,6624 4,6952
5,2077 5,2409
302 17:21
4,4476 4,4798
4,0983 4,1304
4,6634 4,6962
5,2080 5,2412
303 17:22
4,4475 4,4797
4,0984 4,1305
4,6637 4,6965
5,2079 5,2411
304 17:23
4,4474 4,4796
4,0978 4,1299
4,6637 4,6965
5,2076 5,2408
305 17:24
4,4476 4,4798
4,0983 4,1304
4,6640 4,6968
5,2080 5,2412
306 17:25
4,4475 4,4797
4,0984 4,1305
4,6640 4,6968
5,2076 5,2408
307 17:26
4,4475 4,4797
4,0984 4,1305
4,6642 4,6970
5,2079 5,2411
308 17:27
4,4476 4,4798
4,0985 4,1306
4,6641 4,6969
5,2092 5,2424
309 17:28
4,4475 4,4797
4,0977 4,1298
4,6643 4,6971
5,2092 5,2424
310 17:29
4,4476 4,4798
4,0986 4,1307
4,6640 4,6968
5,2093 5,2425
311 17:30
4,4476 4,4798
4,0976 4,1297
4,6641 4,6969
5,2094 5,2426
312 17:31
4,4477 4,4799
4,0980 4,1301
4,6637 4,6965
5,2097 5,2429
313 17:32
4,4475 4,4797
4,0979 4,1300
4,6636 4,6964
5,2095 5,2427
314 17:33
4,4475 4,4797
4,0979 4,1300
4,6636 4,6964
5,2101 5,2433
315 17:34
4,4475 4,4797
4,0977 4,1298
4,6638 4,6966
5,2104 5,2436
316 17:35
4,4473 4,4795
4,0976 4,1297
4,6634 4,6962
5,2104 5,2436
317 17:36
4,4473 4,4795
4,0974 4,1295
4,6634 4,6962
5,2101 5,2433
318 17:37
4,4475 4,4797
4,0976 4,1297
4,6635 4,6963
5,2103 5,2435
319 17:38
4,4475 4,4797
4,0969 4,1290
4,6633 4,6961
5,2103 5,2435
320 17:39
4,4476 4,4798
4,0964 4,1285
4,6644 4,6972
5,2102 5,2434
321 17:40
4,4475 4,4797
4,0950 4,1271
4,6637 4,6965
5,2103 5,2435
322 17:41
4,4475 4,4797
4,0939 4,1260
4,6633 4,6961
5,2104 5,2436
323 17:42
4,4475 4,4797
4,0948 4,1269
4,6625 4,6953
5,2103 5,2435
324 17:43
4,4475 4,4797
4,0966 4,1287
4,6634 4,6962
5,2098 5,2430
325 17:44
4,4477 4,4799
4,0971 4,1292
4,6635 4,6963
5,2100 5,2432
326 17:45
4,4482 4,4804
4,0974 4,1295
4,6638 4,6966
5,2106 5,2438
327 17:46
4,4483 4,4805
4,0963 4,1284
4,6641 4,6969
5,2107 5,2439
328 17:47
4,4483 4,4805
4,0967 4,1288
4,6640 4,6968
5,2104 5,2436
329 17:48
4,4483 4,4805
4,0963 4,1284
4,6640 4,6968
5,2094 5,2426
330 17:49
4,4477 4,4799
4,0948 4,1269
4,6630 4,6958
5,2093 5,2425
331 17:50
4,4476 4,4798
4,0946 4,1267
4,6624 4,6952
5,2084 5,2416
332 17:51
4,4479 4,4801
4,0948 4,1269
4,6627 4,6955
5,2090 5,2422
333 17:52
4,4478 4,4800
4,0945 4,1266
4,6622 4,6950
5,2085 5,2417
334 17:53
4,4476 4,4798
4,0945 4,1266
4,6622 4,6950
5,2084 5,2416
335 17:54
4,4476 4,4798
4,0945 4,1266
4,6622 4,6950
5,2084 5,2416
336 17:55
4,4477 4,4799
4,0943 4,1264
4,6625 4,6953
5,2088 5,2420
337 17:56
4,4476 4,4798
4,0941 4,1262
4,6619 4,6947
5,2083 5,2415
338 17:57
4,4476 4,4798
4,0943 4,1264
4,6621 4,6949
5,2083 5,2415
339 17:58
4,4476 4,4798
4,0947 4,1268
4,6624 4,6952
5,2086 5,2418
340 17:59
4,4451 4,4773
4,0921 4,1242
4,6594 4,6922
5,2055 5,2387
341 18:00
4,4451 4,4774
4,0919 4,1246
4,6583 4,6911
5,2057 5,2389
342 18:01
4,4449 4,4773
4,0906 4,1235
4,6581 4,6911
5,2055 5,2387
343 18:02
4,4447 4,4773
4,0908 4,1239
4,6579 4,6911
5,2048 5,2385
344 18:03
4,4449 4,4774
4,0916 4,1243
4,6584 4,6917
5,2053 5,2385
345 18:04
4,4455 4,4786
4,0919 4,1255
4,6588 4,6925
5,2063 5,2398
346 18:05
4,4456 4,4788
4,0925 4,1261
4,6585 4,6927
5,2059 5,2402
347 18:06
4,4461 4,4792
4,0936 4,1268
4,6593 4,6935
5,2068 5,2410
348 18:07
4,4458 4,4787
4,0937 4,1270
4,6590 4,6930
5,2066 5,2405
349 18:08
4,4459 4,4787
4,0938 4,1267
4,6592 4,6926
5,2079 5,2414
350 18:09
4,4457 4,4786
4,0932 4,1265
4,6589 4,6929
5,2071 5,2410
351 18:10
4,4458 4,4784
4,0945 4,1272
4,6601 4,6933
5,2085 5,2421
352 18:11
4,4460 4,4786
4,0935 4,1266
4,6598 4,6930
5,2086 5,2418
353 18:12
4,4457 4,4781
4,0936 4,1265
4,6590 4,6920
5,2084 5,2417
354 18:13
4,4461 4,4787
4,0937 4,1267
4,6591 4,6922
5,2090 5,2425
355 18:14
4,4461 4,4783
4,0936 4,1263
4,6584 4,6912
5,2088 5,2420
356 18:15
4,4463 4,4786
4,0933 4,1258
4,6581 4,6910
5,2080 5,2412
357 18:16
4,4462 4,4792
4,0931 4,1261
4,6581 4,6918
5,2084 5,2425
358 18:17
4,4460 4,4792
4,0921 4,1257
4,6578 4,6916
5,2088 5,2431
359 18:18
4,4460 4,4789
4,0924 4,1254
4,6578 4,6913
5,2085 5,2425
360 18:19
4,4461 4,4794
4,0924 4,1257
4,6576 4,6915
5,2081 5,2421
361 18:20
4,4460 4,4792
4,0921 4,1257
4,6574 4,6913
5,2074 5,2418
362 18:21
4,4461 4,4794
4,0921 4,1255
4,6573 4,6913
5,2069 5,2414
363 18:22
4,4460 4,4792
4,0918 4,1254
4,6574 4,6913
5,2069 5,2412
364 18:23
4,4460 4,4792
4,0913 4,1246
4,6574 4,6913
5,2068 5,2412
365 18:24
4,4461 4,4794
4,0905 4,1242
4,6573 4,6913
5,2063 5,2408
366 18:25
4,4460 4,4792
4,0914 4,1250
4,6579 4,6918
5,2068 5,2412
367 18:26
4,4462 4,4795
4,0914 4,1247
4,6579 4,6919
5,2064 5,2409
368 18:27
4,4463 4,4797
4,0913 4,1251
4,6582 4,6923
5,2066 5,2406
369 18:28
4,4449 4,4773
4,0892 4,1218
4,6568 4,6903
5,2055 5,2388
370 18:29
4,4457 4,4789
4,0903 4,1239
4,6575 4,6913
5,2060 5,2403
371 18:30
4,4461 4,4794
4,0905 4,1238
4,6578 4,6918
5,2063 5,2408
372 18:31
4,4473 4,4801
4,0921 4,1250
4,6597 4,6931
5,2084 5,2422
373 18:32
4,4471 4,4801
4,0924 4,1258
4,6590 4,6926
5,2088 5,2423
374 18:33
4,4473 4,4801
4,0928 4,1257
4,6597 4,6931
5,2089 5,2429
375 18:34
4,4474 4,4803
4,0926 4,1256
4,6598 4,6933
5,2084 5,2424
376 18:35
4,4474 4,4802
4,0927 4,1259
4,6598 4,6932
5,2085 5,2423
377 18:36
4,4472 4,4798
4,0925 4,1255
4,6596 4,6928
5,2082 5,2418
378 18:37
4,4474 4,4802
4,0925 4,1254
4,6599 4,6938
5,2085 5,2423
379 18:38
4,4474 4,4803
4,0925 4,1258
4,6598 4,6937
5,2084 5,2422
380 18:39
4,4474 4,4803
4,0925 4,1258
4,6597 4,6937
5,2085 5,2424
381 18:40
4,4474 4,4803
4,0925 4,1258
4,6603 4,6938
5,2085 5,2424
382 18:41
4,4473 4,4802
4,0924 4,1257
4,6602 4,6937
5,2076 5,2416
383 18:42
4,4473 4,4801
4,0928 4,1261
4,6607 4,6941
5,2084 5,2422
384 18:43
4,4472 4,4798
4,0925 4,1255
4,6611 4,6947
5,2083 5,2419
385 18:44
4,4472 4,4800
4,0925 4,1257
4,6610 4,6948
5,2083 5,2422
386 18:45
4,4474 4,4802
4,0930 4,1262
4,6612 4,6946
5,2084 5,2422
387 18:46
4,4474 4,4806
4,0929 4,1264
4,6617 4,6956
5,2090 5,2434
388 18:47
4,4476 4,4809
4,0938 4,1275
4,6618 4,6958
5,2092 5,2436
389 18:48
4,4478 4,4811
4,0932 4,1269
4,6622 4,6961
5,2101 5,2446
390 18:49
4,4479 4,4811
4,0935 4,1271
4,6623 4,6961
5,2104 5,2447
391 18:50
4,4480 4,4813
4,0938 4,1271
4,6624 4,6963
5,2116 5,2461
392 18:51
4,4482 4,4815
4,0940 4,1277
4,6626 4,6965
5,2112 5,2457
393 18:52
4,4481 4,4813
4,0937 4,1273
4,6625 4,6963
5,2112 5,2455
394 18:53
4,4481 4,4813
4,0937 4,1273
4,6630 4,6968
5,2111 5,2455
395 18:54
4,4483 4,4814
4,0937 4,1272
4,6626 4,6968
5,2119 5,2461
396 18:55
4,4482 4,4815
4,0932 4,1269
4,6626 4,6965
5,2124 5,2468
397 18:56
4,4480 4,4808
4,0931 4,1260
4,6624 4,6958
5,2129 5,2462
398 18:57
4,4478 4,4809
4,0932 4,1267
4,6622 4,6959
5,2126 5,2461
399 18:58
4,4483 4,4811
4,0938 4,1267
4,6632 4,6966
5,2133 5,2466
400 18:59
4,4477 4,4807
4,0933 4,1265
4,6617 4,6954
5,2114 5,2455
401 19:00
4,4473 4,4801
4,0932 4,1265
4,6612 4,6947
5,2108 5,2446
402 19:01
4,4473 4,4803
4,0932 4,1263
4,6602 4,6938
5,2103 5,2444
403 19:02
4,4473 4,4803
4,0928 4,1263
4,6612 4,6949
5,2103 5,2444
404 19:03
4,4475 4,4806
4,0930 4,1266
4,6622 4,6960
5,2097 5,2439
405 19:04
4,4475 4,4807
4,0931 4,1267
4,6624 4,6963
5,2099 5,2442
406 19:05
4,4476 4,4807
4,0935 4,1269
4,6623 4,6961
5,2111 5,2454
407 19:06
4,4476 4,4807
4,0938 4,1269
4,6623 4,6961
5,2098 5,2440
408 19:07
4,4472 4,4810
4,0939 4,1280
4,6621 4,6966
5,2101 5,2451
409 19:08
4,4475 4,4811
4,0939 4,1275
4,6624 4,6967
5,2104 5,2450
410 19:09
4,4476 4,4811
4,0938 4,1277
4,6623 4,6965
5,2105 5,2452
411 19:10
4,4478 4,4811
4,0940 4,1277
4,6621 4,6965
5,2114 5,2459
412 19:11
4,4478 4,4809
4,0944 4,1280
4,6625 4,6963
5,2113 5,2455
413 19:12
4,4480 4,4803
4,0946 4,1274
4,6629 4,6958
5,2116 5,2449
414 19:13
4,4478 4,4806
4,0949 4,1281
4,6627 4,6961
5,2114 5,2452
415 19:14
4,4481 4,4807
4,0943 4,1274
4,6630 4,6962
5,2118 5,2455
416 19:15
4,4480 4,4803
4,0949 4,1274
4,6623 4,6957
5,2116 5,2448
417 19:16
4,4479 4,4805
4,0949 4,1280
4,6623 4,6955
5,2122 5,2459
418 19:17
4,4478 4,4807
4,0944 4,1274
4,6622 4,6957
5,2119 5,2459
419 19:18
4,4477 4,4808
4,0944 4,1276
4,6621 4,6958
5,2124 5,2466
420 19:19
4,4477 4,4807
4,0937 4,1271
4,6621 4,6957
5,2126 5,2467
421 19:20
4,4479 4,4806
4,0934 4,1262
4,6623 4,6956
5,2117 5,2452
422 19:21
4,4482 4,4807
4,0929 4,1259
4,6626 4,6957
5,2118 5,2453
423 19:22
4,4482 4,4807
4,0925 4,1254
4,6626 4,6957
5,2117 5,2453
424 19:23
4,4483 4,4808
4,0917 4,1244
4,6626 4,6962
5,2118 5,2454
425 19:24
4,4482 4,4808
4,0918 4,1245
4,6626 4,6958
5,2125 5,2461
426 19:25
4,4480 4,4806
4,0920 4,1248
4,6624 4,6956
5,2127 5,2459
427 19:26
4,4482 4,4807
4,0922 4,1250
4,6626 4,6957
5,2129 5,2465
428 19:27
4,4483 4,4808
4,0922 4,1247
4,6627 4,6958
5,2138 5,2473
429 19:28
4,4481 4,4807
4,0922 4,1248
4,6625 4,6957
5,2136 5,2473
430 19:29
4,4488 4,4810
4,0934 4,1255
4,6632 4,6960
5,2131 5,2463
431 19:30
4,4506 4,4828
4,0952 4,1274
4,6651 4,6979
5,2155 5,2487
432 19:31
4,4502 4,4826
4,0940 4,1269
4,6647 4,6977
5,2156 5,2489
433 19:32
4,4497 4,4819
4,0936 4,1259
4,6642 4,6970
5,2148 5,2480
434 19:33
4,4496 4,4818
4,0935 4,1261
4,6640 4,6968
5,2146 5,2478
435 19:34
4,4501 4,4823
4,0939 4,1266
4,6646 4,6974
5,2153 5,2485
436 19:35
4,4498 4,4821
4,0940 4,1268
4,6643 4,6972
5,2149 5,2481
437 19:36
4,4500 4,4822
4,0942 4,1265
4,6645 4,6973
5,2158 5,2490
438 19:37
4,4503 4,4825
4,0949 4,1273
4,6648 4,6976
5,2161 5,2493
439 19:38
4,4497 4,4823
4,0939 4,1270
4,6642 4,6974
5,2154 5,2486
440 19:39
4,4495 4,4824
4,0940 4,1273
4,6639 4,6973
5,2153 5,2486
441 19:40
4,4494 4,4822
4,0940 4,1269
4,6639 4,6974
5,2152 5,2491
442 19:41
4,4499 4,4825
4,0937 4,1268
4,6644 4,6981
5,2156 5,2488
443 19:42
4,4500 4,4826
4,0934 4,1265
4,6650 4,6982
5,2152 5,2488
444 19:43
4,4496 4,4827
4,0937 4,1272
4,6645 4,6982
5,2152 5,2489
445 19:44
4,4496 4,4827
4,0938 4,1270
4,6635 4,6977
5,2152 5,2494
446 19:45
4,4497 4,4823
4,0939 4,1270
4,6632 4,6968
5,2155 5,2492
447 19:46
4,4488 4,4822
4,0936 4,1274
4,6627 4,6973
5,2143 5,2489
448 19:47
4,4492 4,4825
4,0938 4,1272
4,6630 4,6969
5,2142 5,2486
449 19:48
4,4493 4,4825
4,0937 4,1273
4,6633 4,6972
5,2149 5,2493
450 19:49
4,4490 4,4826
4,0933 4,1272
4,6630 4,6973
5,2140 5,2488
451 19:50
4,4493 4,4825
4,0935 4,1268
4,6633 4,6972
5,2145 5,2482
452 19:51
4,4495 4,4826
4,0937 4,1269
4,6633 4,6971
5,2146 5,2483
453 19:52
4,4494 4,4822
4,0936 4,1265
4,6629 4,6967
5,2145 5,2477
454 19:53
4,4491 4,4821
4,0935 4,1269
4,6626 4,6963
5,2135 5,2477
455 19:54
4,4493 4,4823
4,0935 4,1266
4,6628 4,6965
5,2144 5,2479
456 19:55
4,4490 4,4825
4,0936 4,1271
4,6628 4,6970
5,2139 5,2481
457 19:56
4,4494 4,4823
4,0935 4,1268
4,6633 4,6968
5,2144 5,2476
458 19:57
4,4491 4,4823
4,0935 4,1271
4,6631 4,6970
5,2142 5,2479
459 19:58
4,4489 4,4829
4,0936 4,1275
4,6629 4,6976
5,2134 5,2487
460 19:59
4,4482 4,4815
4,0928 4,1261
4,6626 4,6965
5,2124 5,2469
461 20:00
4,4478 4,4812
4,0934 4,1268
4,6618 4,6959
5,2121 5,2466
462 20:01
4,4481 4,4813
4,0941 4,1277
4,6625 4,6963
5,2123 5,2467
463 20:02
4,4482 4,4815
4,0940 4,1273
4,6626 4,6965
5,2124 5,2469
464 20:03
4,4480 4,4815
4,0940 4,1278
4,6624 4,6965
5,2128 5,2475
465 20:04
4,4480 4,4815
4,0938 4,1277
4,6624 4,6965
5,2128 5,2475
466 20:05
4,4483 4,4814
4,0941 4,1273
4,6627 4,6964
5,2131 5,2473
467 20:06
4,4482 4,4815
4,0942 4,1277
4,6626 4,6965
5,2136 5,2480
468 20:07
4,4482 4,4815
4,0942 4,1277
4,6626 4,6965
5,2142 5,2480
469 20:08
4,4482 4,4815
4,0940 4,1277
4,6626 4,6965
5,2143 5,2488
470 20:09
4,4475 4,4827
4,0934 4,1285
4,6615 4,6974
5,2134 5,2496
471 20:10
4,4477 4,4829
4,0934 4,1287
4,6617 4,6976
5,2137 5,2497
472 20:11
4,4485 4,4814
4,0939 4,1273
4,6624 4,6959
5,2145 5,2485
473 20:12
4,4485 4,4814
4,0939 4,1273
4,6624 4,6959
5,2145 5,2485
474 20:13
4,4485 4,4814
4,0943 4,1273
4,6619 4,6954
5,2141 5,2480
475 20:14
4,4485 4,4814
4,0947 4,1277
4,6614 4,6949
5,2145 5,2485
476 20:15
4,4485 4,4814
4,0950 4,1283
4,6609 4,6944
5,2145 5,2485
477 20:16
4,4485 4,4814
4,0950 4,1283
4,6609 4,6944
5,2145 5,2485
478 20:17
4,4485 4,4814
4,0958 4,1288
4,6609 4,6944
5,2145 5,2485
479 20:18
4,4485 4,4814
4,0962 4,1294
4,6609 4,6944
5,2145 5,2485
480 20:19
4,4485 4,4814
4,0962 4,1292
4,6614 4,6949
5,2139 5,2479
481 20:20
4,4484 4,4814
4,0961 4,1292
4,6613 4,6953
5,2140 5,2481
482 20:21
4,4484 4,4814
4,0961 4,1296
4,6613 4,6949
5,2134 5,2475
483 20:22
4,4479 4,4826
4,0957 4,1307
4,6602 4,6956
5,2127 5,2482
484 20:23
4,4484 4,4814
4,0961 4,1296
4,6618 4,6954
5,2134 5,2469
485 20:24
4,4484 4,4814
4,0961 4,1292
4,6618 4,6954
5,2128 5,2469
486 20:25
4,4484 4,4814
4,0961 4,1292
4,6613 4,6949
5,2128 5,2463
487 20:26
4,4482 4,4815
4,0955 4,1288
4,6611 4,6950
5,2124 5,2469
488 20:27
4,4482 4,4814
4,0953 4,1289
4,6611 4,6949
5,2126 5,2465
489 20:28
4,4482 4,4814
4,0957 4,1289
4,6611 4,6949
5,2120 5,2463
490 20:29
4,4482 4,4814
4,0959 4,1292
4,6611 4,6949
5,2120 5,2463
491 20:30
4,4480 4,4815
4,0954 4,1290
4,6608 4,6954
5,2110 5,2455
492 20:31
4,4480 4,4815
4,0953 4,1292
4,6612 4,6952
5,2110 5,2457
493 20:32
4,4481 4,4814
4,0954 4,1291
4,6615 4,6954
5,2110 5,2454
494 20:33
4,4481 4,4814
4,0955 4,1289
4,6615 4,6954
5,2116 5,2454
495 20:34
4,4481 4,4814
4,0962 4,1296
4,6623 4,6963
5,2110 5,2454
496 20:35
4,4480 4,4814
4,0959 4,1297
4,6634 4,6974
5,2116 5,2456
497 20:36
4,4481 4,4814
4,0961 4,1298
4,6630 4,6969
5,2117 5,2462
498 20:37
4,4479 4,4813
4,0965 4,1299
4,6628 4,6968
5,2110 5,2455
499 20:38
4,4481 4,4815
4,0962 4,1297
4,6626 4,6971
5,2111 5,2457
500 20:39
4,4481 4,4816
4,0959 4,1297
4,6635 4,6976
5,2115 5,2457
501 20:40
4,4481 4,4816
4,0959 4,1297
4,6635 4,6976
5,2111 5,2458
502 20:41
4,4481 4,4815
4,0958 4,1294
4,6636 4,6981
5,2112 5,2453
503 20:42
4,4481 4,4815
4,0958 4,1293
4,6640 4,6981
5,2111 5,2451
504 20:43
4,4479 4,4825
4,0957 4,1306
4,6638 4,6991
5,2109 5,2469
505 20:44
4,4487 4,4823
4,0969 4,1305
4,6642 4,6989
5,2112 5,2460
506 20:45
4,4488 4,4825
4,0968 4,1309
4,6647 4,6990
5,2113 5,2462
507 20:46
4,4488 4,4825
4,0973 4,1313
4,6642 4,6986
5,2113 5,2462
508 20:47
4,4488 4,4825
4,0966 4,1305
4,6642 4,6985
5,2113 5,2462
509 20:48
4,4479 4,4836
4,0960 4,1316
4,6632 4,6997
5,2096 5,2469
510 20:49
4,4477 4,4837
4,0958 4,1318
4,6630 4,6998
5,2094 5,2470
511 20:50
4,4481 4,4832
4,0962 4,1316
4,6630 4,6993
5,2099 5,2464
512 20:51
4,4483 4,4827
4,0965 4,1309
4,6638 4,6989
5,2108 5,2458
513 20:52
4,4485 4,4827
4,0963 4,1309
4,6640 4,6989
5,2105 5,2459
514 20:53
4,4483 4,4829
4,0956 4,1305
4,6638 4,6991
5,2101 5,2461
515 20:54
4,4484 4,4828
4,0958 4,1306
4,6644 4,6995
5,2110 5,2467
516 20:55
4,4485 4,4828
4,0957 4,1304
4,6643 4,6993
5,2110 5,2461
517 20:56
4,4485 4,4830
4,0951 4,1299
4,6643 4,6995
5,2103 5,2461
518 20:57
4,4485 4,4828
4,0947 4,1293
4,6638 4,6988
5,2110 5,2463
519 20:58
4,4484 4,4828
4,0958 4,1302
4,6647 4,6998
5,2116 5,2473
520 20:59
4,4484 4,4815
4,0961 4,1293
4,6651 4,6989
5,2126 5,2462
521 21:00
4,4484 4,4813
4,0957 4,1290
4,6656 4,6992
5,2121 5,2460
522 21:01
4,4484 4,4813
4,0959 4,1291
4,6656 4,6992
5,2126 5,2466
523 21:02
4,4483 4,4814
4,0956 4,1291
4,6664 4,7003
5,2131 5,2469
524 21:03
4,4481 4,4813
4,0948 4,1284
4,6650 4,6989
5,2125 5,2462
525 21:04
4,4481 4,4813
4,0944 4,1280
4,6649 4,6989
5,2117 5,2461
526 21:05
4,4482 4,4815
4,0936 4,1273
4,6654 4,6994
5,2112 5,2457
527 21:06
4,4482 4,4815
4,0940 4,1273
4,6655 4,6994
5,2106 5,2451
528 21:07
4,4482 4,4813
4,0940 4,1275
4,6649 4,6989
5,2112 5,2451
529 21:08
4,4486 4,4814
4,0948 4,1277
4,6656 4,6995
5,2112 5,2451
530 21:09
4,4482 4,4815
4,0940 4,1277
4,6654 4,6994
5,2106 5,2451
531 21:10
4,4484 4,4813
4,0946 4,1280
4,6651 4,6987
5,2107 5,2447
532 21:11
4,4481 4,4812
4,0943 4,1279
4,6648 4,6988
5,2104 5,2440
533 21:12
4,4482 4,4814
4,0944 4,1277
4,6656 4,6995
5,2107 5,2450
534 21:13
4,4484 4,4816
4,0951 4,1283
4,6654 4,6993
5,2108 5,2452
535 21:14
4,4483 4,4815
4,0950 4,1282
4,6652 4,6991
5,2107 5,2445
536 21:15
4,4483 4,4816
4,0948 4,1285
4,6650 4,6990
5,2107 5,2452
537 21:16
4,4481 4,4815
4,0948 4,1286
4,6650 4,6991
5,2105 5,2451
538 21:17
4,4481 4,4815
4,0948 4,1282
4,6649 4,6995
5,2105 5,2451
539 21:18
4,4484 4,4814
4,0951 4,1285
4,6658 4,6995
5,2110 5,2451
540 21:19
4,4484 4,4814
4,0951 4,1281
4,6658 4,6995
5,2103 5,2443
541 21:20
4,4491 4,4824
4,0956 4,1290
4,6663 4,7003
5,2114 5,2455
542 21:21
4,4491 4,4827
4,0957 4,1297
4,6666 4,7013
5,2111 5,2459
543 21:22
4,4494 4,4828
4,0960 4,1298
4,6673 4,7013
5,2114 5,2460
544 21:23
4,4496 4,4834
4,0960 4,1299
4,6670 4,7020
5,2117 5,2467
545 21:24
4,4498 4,4836
4,0956 4,1298
4,6678 4,7023
5,2119 5,2469
546 21:25
4,4498 4,4834
4,0956 4,1296
4,6678 4,7021
5,2119 5,2467
547 21:26
4,4498 4,4834
4,0956 4,1296
4,6676 4,7020
5,2119 5,2467
548 21:27
4,4500 4,4837
4,0956 4,1293
4,6678 4,7023
5,2121 5,2470
549 21:28
4,4489 4,4825
4,0943 4,1281
4,6667 4,7011
5,2109 5,2459
550 21:29
4,4487 4,4820
4,0937 4,1270
4,6664 4,7004
5,2105 5,2450
551 21:30
4,4494 4,4831
4,0939 4,1280
4,6668 4,7011
5,2114 5,2463
552 21:31
4,4493 4,4831
4,0947 4,1288
4,6667 4,7011
5,2119 5,2469
553 21:32
4,4493 4,4831
4,0948 4,1286
4,6667 4,7011
5,2119 5,2469
554 21:33
4,4496 4,4835
4,0950 4,1292
4,6669 4,7015
5,2129 5,2474
555 21:34
4,4495 4,4833
4,0949 4,1289
4,6670 4,7015
5,2128 5,2474
556 21:35
4,4495 4,4833
4,0949 4,1290
4,6670 4,7015
5,2128 5,2478
557 21:36
4,4496 4,4837
4,0945 4,1290
4,6664 4,7012
5,2128 5,2482
558 21:37
4,4493 4,4833
4,0944 4,1288
4,6663 4,7010
5,2133 5,2486
559 21:38
4,4493 4,4831
4,0944 4,1286
4,6658 4,7002
5,2132 5,2482
560 21:39
4,4488 4,4826
4,0939 4,1281
4,6657 4,7002
5,2126 5,2476
561 21:40
4,4493 4,4831
4,0940 4,1282
4,6663 4,7008
5,2132 5,2483
562 21:41
4,4492 4,4830
4,0939 4,1281
4,6661 4,7005
5,2130 5,2480
563 21:42
4,4493 4,4832
4,0942 4,1281
4,6661 4,7007
5,2130 5,2482
564 21:43
4,4494 4,4833
4,0939 4,1282
4,6662 4,7008
5,2139 5,2490
565 21:44
4,4496 4,4834
4,0943 4,1281
4,6666 4,7011
5,2142 5,2493
566 21:45
4,4497 4,4836
4,0942 4,1281
4,6665 4,7011
5,2136 5,2487
567 21:46
4,4495 4,4833
4,0942 4,1284
4,6665 4,7010
5,2141 5,2490
568 21:47
4,4495 4,4830
4,0944 4,1279
4,6663 4,7005
5,2133 5,2479
569 21:48
4,4494 4,4830
4,0944 4,1283
4,6668 4,7011
5,2140 5,2487
570 21:49
4,4495 4,4833
4,0946 4,1288
4,6670 4,7015
5,2140 5,2484
571 21:50
4,4499 4,4833
4,0945 4,1280
4,6668 4,7014
5,2138 5,2484
572 21:51
4,4497 4,4833
4,0948 4,1284
4,6670 4,7014
5,2138 5,2485
573 21:52
4,4497 4,4833
4,0948 4,1284
4,6667 4,7014
5,2136 5,2484
574 21:53
4,4494 4,4831
4,0947 4,1288
4,6668 4,7011
5,2131 5,2481
575 21:54
4,4495 4,4832
4,0944 4,1285
4,6669 4,7012
5,2132 5,2482
576 21:55
4,4494 4,4829
4,0947 4,1286
4,6662 4,7008
5,2131 5,2479
577 21:56
4,4497 4,4832
4,0953 4,1288
4,6665 4,7007
5,2130 5,2477
578 21:57
4,4496 4,4832
4,0954 4,1294
4,6666 4,7009
5,2135 5,2483
579 21:58
4,4498 4,4833
4,0954 4,1293
4,6666 4,7008
5,2131 5,2478
580 21:59
4,4498 4,4834
4,0956 4,1292
4,6668 4,7011
5,2125 5,2473
581 22:00
4,4497 4,4834
4,0951 4,1291
4,6661 4,7008
5,2124 5,2467
582 22:01
