#======================
2023-6-9
# 1.EUR, 2.USD, 3.CHF, 4.GBP
Sell Price, Buy Price
1 10:39
4,4523 4,4846
4,1361 4,1684
4,5911 4,6241
5,1923 5,2256
2 10:40
4,4538 4,4861
4,1377 4,1700
4,5931 4,6261
5,1940 5,2273
3 10:41
4,4538 4,4861
4,1373 4,1696
4,5931 4,6261
5,1936 5,2270
4 10:42
4,4538 4,4861
4,1373 4,1696
4,5931 4,6261
5,1936 5,2270
5 10:43
4,4542 4,4865
4,1381 4,1704
4,5936 4,6266
5,1935 5,2269
6 10:44
4,4544 4,4867
4,1383 4,1706
4,5938 4,6268
5,1940 5,2274
7 10:45
4,4541 4,4864
4,1380 4,1703
4,5942 4,6272
5,1939 5,2273
8 10:46
4,4539 4,4862
4,1384 4,1707
4,5942 4,6272
5,1940 5,2274
9 10:47
4,4535 4,4858
4,1380 4,1703
4,5945 4,6275
5,1942 5,2276
10 10:48
4,4535 4,4858
4,1380 4,1703
4,5952 4,6282
5,1942 5,2276
11 10:49
4,4529 4,4852
4,1363 4,1686
4,5946 4,6276
5,1931 5,2265
12 10:50
4,4529 4,4852
4,1367 4,1690
4,5946 4,6276
5,1932 5,2266
13 10:51
4,4529 4,4852
4,1363 4,1686
4,5955 4,6285
5,1932 5,2266
14 10:52
4,4528 4,4851
4,1366 4,1689
4,5954 4,6284
5,1930 5,2264
15 10:53
4,4533 4,4856
4,1372 4,1695
4,5955 4,6285
5,1937 5,2271
16 10:54
4,4533 4,4856
4,1372 4,1695
4,5955 4,6285
5,1937 5,2271
17 10:55
4,4533 4,4856
4,1376 4,1699
4,5950 4,6280
5,1924 5,2258
18 10:56
4,4533 4,4856
4,1374 4,1697
4,5950 4,6280
5,1931 5,2264
19 10:57
4,4537 4,4860
4,1387 4,1710
4,5955 4,6285
5,1940 5,2273
20 10:58
4,4537 4,4860
4,1396 4,1719
4,5955 4,6285
5,1940 5,2273
21 10:59
4,4537 4,4860
4,1396 4,1719
4,5955 4,6285
5,1940 5,2273
22 11:00
4,4531 4,4854
4,1375 4,1698
4,5949 4,6279
5,1933 5,2266
23 11:01
4,4531 4,4854
4,1373 4,1696
4,5948 4,6278
5,1932 5,2266
24 11:02
4,4531 4,4854
4,1368 4,1691
4,5948 4,6278
5,1929 5,2263
25 11:03
4,4533 4,4856
4,1369 4,1692
4,5937 4,6267
5,1932 5,2266
26 11:04
4,4534 4,4857
4,1359 4,1682
4,5938 4,6268
5,1933 5,2267
27 11:05
4,4534 4,4857
4,1363 4,1686
4,5938 4,6268
5,1929 5,2263
28 11:06
4,4534 4,4857
4,1363 4,1686
4,5933 4,6263
5,1926 5,2260
29 11:07
4,4534 4,4857
4,1380 4,1703
4,5933 4,6263
5,1926 5,2260
30 11:08
4,4534 4,4857
4,1380 4,1703
4,5933 4,6263
5,1923 5,2257
31 11:09
4,4535 4,4858
4,1383 4,1706
4,5934 4,6264
5,1922 5,2256
32 11:10
4,4533 4,4856
4,1377 4,1700
4,5948 4,6278
5,1919 5,2253
33 11:11
4,4533 4,4856
4,1377 4,1700
4,5948 4,6278
5,1920 5,2253
34 11:12
4,4531 4,4854
4,1375 4,1698
4,5949 4,6279
5,1924 5,2257
35 11:13
4,4531 4,4854
4,1379 4,1702
4,5949 4,6279
5,1924 5,2257
36 11:14
4,4531 4,4854
4,1379 4,1702
4,5947 4,6277
5,1918 5,2251
37 11:15
4,4527 4,4850
4,1377 4,1700
4,5943 4,6273
5,1910 5,2243
38 11:16
4,4527 4,4850
4,1375 4,1698
4,5926 4,6256
5,1906 5,2240
39 11:17
4,4532 4,4855
4,1380 4,1703
4,5931 4,6261
5,1906 5,2240
40 11:18
4,4532 4,4855
4,1380 4,1703
4,5931 4,6261
5,1921 5,2255
41 11:19
4,4528 4,4851
4,1369 4,1692
4,5920 4,6250
5,1914 5,2248
42 11:20
4,4523 4,4846
4,1364 4,1687
4,5915 4,6245
5,1905 5,2239
43 11:21
4,4526 4,4849
4,1369 4,1692
4,5917 4,6247
5,1915 5,2248
44 11:22
4,4528 4,4851
4,1371 4,1694
4,5913 4,6243
5,1917 5,2250
45 11:23
4,4528 4,4851
4,1369 4,1692
4,5913 4,6243
5,1917 5,2250
46 11:24
4,4526 4,4849
4,1374 4,1697
4,5911 4,6241
5,1915 5,2248
47 11:25
4,4526 4,4849
4,1375 4,1698
4,5908 4,6238
5,1909 5,2242
48 11:26
4,4526 4,4849
4,1367 4,1690
4,5908 4,6238
5,1909 5,2242
49 11:27
4,4526 4,4849
4,1367 4,1690
4,5908 4,6238
5,1906 5,2239
50 11:28
4,4526 4,4849
4,1367 4,1690
4,5908 4,6238
5,1909 5,2242
51 11:29
4,4518 4,4841
4,1359 4,1682
4,5907 4,6237
5,1903 5,2236
52 11:30
4,4518 4,4841
4,1359 4,1682
4,5907 4,6237
5,1902 5,2235
53 11:31
4,4515 4,4838
4,1355 4,1678
4,5899 4,6229
5,1899 5,2232
54 11:32
4,4515 4,4838
4,1355 4,1678
4,5899 4,6229
5,1896 5,2229
55 11:33
4,4515 4,4838
4,1357 4,1680
4,5899 4,6229
5,1899 5,2232
56 11:34
4,4515 4,4838
4,1360 4,1683
4,5899 4,6229
5,1902 5,2235
57 11:35
4,4510 4,4833
4,1354 4,1677
4,5892 4,6222
5,1896 5,2229
58 11:36
4,4512 4,4835
4,1354 4,1677
4,5887 4,6217
5,1892 5,2226
59 11:37
4,4512 4,4835
4,1356 4,1679
4,5887 4,6217
5,1892 5,2226
60 11:38
4,4512 4,4835
4,1352 4,1675
4,5887 4,6217
5,1882 5,2216
61 11:39
4,4512 4,4835
4,1357 4,1680
4,5878 4,6208
5,1891 5,2225
62 11:40
4,4512 4,4835
4,1358 4,1681
4,5868 4,6198
5,1889 5,2223
63 11:41
4,4514 4,4837
4,1359 4,1682
4,5867 4,6197
5,1885 5,2219
64 11:42
4,4515 4,4838
4,1362 4,1685
4,5870 4,6200
5,1891 5,2225
65 11:43
4,4513 4,4836
4,1355 4,1678
4,5882 4,6212
5,1892 5,2226
66 11:44
4,4513 4,4836
4,1361 4,1684
4,5882 4,6212
5,1892 5,2226
67 11:45
4,4511 4,4834
4,1358 4,1681
4,5877 4,6207
5,1892 5,2226
68 11:46
4,4515 4,4838
4,1361 4,1684
4,5884 4,6214
5,1896 5,2229
69 11:47
4,4515 4,4838
4,1361 4,1684
4,5882 4,6212
5,1899 5,2232
70 11:48
4,4515 4,4838
4,1361 4,1684
4,5882 4,6212
5,1899 5,2232
71 11:49
4,4512 4,4835
4,1357 4,1680
4,5878 4,6208
5,1895 5,2228
72 11:50
4,4510 4,4833
4,1356 4,1679
4,5876 4,6206
5,1888 5,2221
73 11:51
4,4506 4,4829
4,1355 4,1678
4,5873 4,6203
5,1889 5,2222
74 11:52
4,4507 4,4830
4,1351 4,1674
4,5866 4,6196
5,1889 5,2222
75 11:53
4,4510 4,4833
4,1357 4,1680
4,5867 4,6197
5,1892 5,2225
76 11:54
4,4510 4,4833
4,1357 4,1680
4,5871 4,6201
5,1892 5,2225
77 11:55
4,4510 4,4833
4,1357 4,1680
4,5867 4,6197
5,1892 5,2225
78 11:56
4,4509 4,4832
4,1356 4,1679
4,5866 4,6196
5,1890 5,2224
79 11:57
4,4510 4,4833
4,1365 4,1688
4,5866 4,6196
5,1894 5,2228
80 11:58
4,4515 4,4838
4,1378 4,1701
4,5875 4,6205
5,1901 5,2235
81 11:59
4,4508 4,4831
4,1369 4,1692
4,5865 4,6195
5,1892 5,2226
82 12:00
4,4507 4,4830
4,1368 4,1691
4,5864 4,6194
5,1900 5,2234
83 12:01
4,4507 4,4830
4,1370 4,1693
4,5864 4,6194
5,1897 5,2231
84 12:02
4,4505 4,4828
4,1369 4,1692
4,5853 4,6183
5,1901 5,2235
85 12:03
4,4495 4,4818
4,1356 4,1679
4,5842 4,6172
5,1889 5,2223
86 12:04
4,4495 4,4818
4,1357 4,1680
4,5840 4,6170
5,1890 5,2224
87 12:05
4,4494 4,4817
4,1356 4,1679
4,5838 4,6168
5,1891 5,2225
88 12:06
4,4496 4,4819
4,1358 4,1681
4,5836 4,6166
5,1892 5,2226
89 12:07
4,4496 4,4819
4,1355 4,1678
4,5839 4,6169
5,1893 5,2227
90 12:08
4,4495 4,4818
4,1353 4,1676
4,5832 4,6162
5,1889 5,2223
91 12:09
4,4495 4,4818
4,1357 4,1680
4,5828 4,6158
5,1892 5,2226
92 12:10
4,4496 4,4819
4,1358 4,1681
4,5827 4,6157
5,1894 5,2228
93 12:11
4,4496 4,4819
4,1358 4,1681
4,5827 4,6157
5,1895 5,2228
94 12:12
4,4496 4,4819
4,1362 4,1685
4,5827 4,6157
5,1907 5,2240
95 12:13
4,4496 4,4819
4,1364 4,1687
4,5829 4,6159
5,1907 5,2240
96 12:14
4,4496 4,4819
4,1358 4,1681
4,5829 4,6159
5,1917 5,2250
97 12:15
4,4496 4,4819
4,1356 4,1679
4,5827 4,6157
5,1916 5,2249
98 12:16
4,4503 4,4826
4,1363 4,1686
4,5834 4,6164
5,1919 5,2252
99 12:17
4,4501 4,4824
4,1359 4,1682
4,5832 4,6162
5,1916 5,2249
100 12:18
4,4501 4,4824
4,1359 4,1682
4,5832 4,6162
5,1916 5,2249
101 12:19
4,4507 4,4830
4,1361 4,1684
4,5843 4,6173
5,1929 5,2262
102 12:20
4,4516 4,4839
4,1367 4,1690
4,5864 4,6194
5,1924 5,2257
103 12:21
4,4516 4,4839
4,1367 4,1690
4,5866 4,6196
5,1923 5,2257
104 12:22
4,4516 4,4839
4,1367 4,1690
4,5864 4,6194
5,1923 5,2257
105 12:23
4,4516 4,4839
4,1365 4,1688
4,5865 4,6195
5,1923 5,2257
106 12:24
4,4516 4,4839
4,1365 4,1688
4,5864 4,6194
5,1930 5,2264
107 12:25
4,4516 4,4839
4,1371 4,1694
4,5864 4,6194
5,1932 5,2266
108 12:26
4,4516 4,4839
4,1365 4,1688
4,5864 4,6194
5,1933 5,2266
109 12:27
4,4516 4,4839
4,1365 4,1688
4,5864 4,6194
5,1933 5,2266
110 12:28
4,4518 4,4841
4,1369 4,1692
4,5866 4,6196
5,1935 5,2268
111 12:29
4,4518 4,4841
4,1369 4,1692
4,5868 4,6198
5,1936 5,2269
112 12:30
4,4518 4,4841
4,1369 4,1692
4,5868 4,6198
5,1930 5,2263
113 12:31
4,4518 4,4841
4,1373 4,1696
4,5866 4,6196
5,1935 5,2269
114 12:32
4,4518 4,4841
4,1373 4,1696
4,5871 4,6201
5,1941 5,2275
115 12:33
4,4518 4,4841
4,1381 4,1704
4,5871 4,6201
5,1944 5,2278
116 12:34
4,4518 4,4841
4,1381 4,1704
4,5871 4,6201
5,1944 5,2278
117 12:35
4,4518 4,4841
4,1379 4,1702
4,5871 4,6201
5,1944 5,2278
118 12:36
4,4518 4,4841
4,1379 4,1702
4,5868 4,6198
5,1947 5,2281
119 12:37
4,4509 4,4832
4,1374 4,1697
4,5859 4,6189
5,1937 5,2271
120 12:38
4,4510 4,4833
4,1375 4,1698
4,5851 4,6181
5,1944 5,2278
121 12:39
4,4510 4,4833
4,1377 4,1700
4,5841 4,6171
5,1934 5,2268
122 12:40
4,4508 4,4831
4,1375 4,1698
4,5838 4,6168
5,1932 5,2266
123 12:41
4,4506 4,4829
4,1368 4,1691
4,5839 4,6169
5,1930 5,2264
124 12:42
4,4517 4,4840
4,1378 4,1701
4,5851 4,6181
5,1955 5,2289
125 12:43
4,4517 4,4840
4,1378 4,1701
4,5851 4,6181
5,1957 5,2291
126 12:44
4,4517 4,4840
4,1378 4,1701
4,5851 4,6181
5,1952 5,2286
127 12:45
4,4517 4,4840
4,1372 4,1695
4,5851 4,6181
5,1952 5,2286
128 12:46
4,4517 4,4840
4,1372 4,1695
4,5853 4,6183
5,1942 5,2276
129 12:47
4,4517 4,4840
4,1368 4,1691
4,5855 4,6185
5,1946 5,2280
130 12:48
4,4511 4,4834
4,1363 4,1686
4,5849 4,6179
5,1936 5,2270
131 12:49
4,4511 4,4834
4,1361 4,1684
4,5849 4,6179
5,1927 5,2261
132 12:50
4,4508 4,4831
4,1362 4,1685
4,5844 4,6174
5,1922 5,2256
133 12:51
4,4509 4,4832
4,1361 4,1684
4,5847 4,6177
5,1924 5,2258
134 12:52
4,4505 4,4828
4,1355 4,1678
4,5846 4,6176
5,1919 5,2253
135 12:53
4,4501 4,4824
4,1351 4,1674
4,5844 4,6174
5,1915 5,2249
136 12:54
4,4500 4,4823
4,1350 4,1673
4,5843 4,6173
5,1914 5,2248
137 12:55
4,4500 4,4823
4,1350 4,1673
4,5840 4,6170
5,1908 5,2242
138 12:56
4,4497 4,4820
4,1346 4,1669
4,5837 4,6167
5,1904 5,2238
139 12:57
4,4498 4,4821
4,1350 4,1673
4,5836 4,6166
5,1902 5,2236
140 12:58
4,4499 4,4822
4,1355 4,1678
4,5837 4,6167
5,1906 5,2240
141 12:59
4,4500 4,4823
4,1354 4,1677
4,5845 4,6175
5,1911 5,2245
142 13:00
4,4498 4,4821
4,1351 4,1674
4,5843 4,6173
5,1905 5,2239
143 13:01
4,4486 4,4809
4,1337 4,1660
4,5826 4,6156
5,1894 5,2228
144 13:02
4,4486 4,4809
4,1341 4,1664
4,5828 4,6158
5,1891 5,2225
145 13:03
4,4485 4,4808
4,1338 4,1661
4,5829 4,6159
5,1890 5,2224
146 13:04
4,4485 4,4808
4,1340 4,1663
4,5830 4,6160
5,1893 5,2227
147 13:05
4,4484 4,4807
4,1336 4,1659
4,5831 4,6161
5,1886 5,2220
148 13:06
4,4484 4,4807
4,1334 4,1657
4,5817 4,6147
5,1886 5,2220
149 13:07
4,4486 4,4809
4,1336 4,1659
4,5816 4,6146
5,1894 5,2228
150 13:08
4,4486 4,4809
4,1334 4,1657
4,5814 4,6144
5,1894 5,2228
151 13:09
4,4486 4,4809
4,1336 4,1659
4,5814 4,6144
5,1882 5,2216
152 13:10
4,4486 4,4809
4,1334 4,1657
4,5814 4,6144
5,1885 5,2219
153 13:11
4,4486 4,4809
4,1334 4,1657
4,5814 4,6144
5,1885 5,2219
154 13:12
4,4486 4,4809
4,1332 4,1655
4,5814 4,6144
5,1885 5,2219
155 13:13
4,4486 4,4809
4,1324 4,1647
4,5814 4,6144
5,1891 5,2225
156 13:14
4,4486 4,4809
4,1318 4,1641
4,5812 4,6142
5,1891 5,2225
157 13:15
4,4486 4,4809
4,1316 4,1639
4,5809 4,6139
5,1897 5,2231
158 13:16
4,4485 4,4808
4,1323 4,1646
4,5808 4,6138
5,1896 5,2230
159 13:17
4,4485 4,4808
4,1321 4,1644
4,5809 4,6139
5,1896 5,2230
160 13:18
4,4485 4,4808
4,1321 4,1644
4,5808 4,6138
5,1899 5,2233
161 13:19
4,4494 4,4817
4,1322 4,1645
4,5813 4,6143
5,1904 5,2238
162 13:20
4,4489 4,4812
4,1317 4,1640
4,5805 4,6135
5,1898 5,2232
163 13:21
4,4489 4,4812
4,1315 4,1638
4,5808 4,6138
5,1898 5,2232
164 13:22
4,4488 4,4811
4,1317 4,1640
4,5808 4,6138
5,1886 5,2220
165 13:23
4,4489 4,4812
4,1318 4,1641
4,5800 4,6130
5,1887 5,2221
166 13:24
4,4496 4,4819
4,1317 4,1640
4,5806 4,6136
5,1894 5,2228
167 13:25
4,4497 4,4820
4,1316 4,1639
4,5807 4,6137
5,1886 5,2220
168 13:26
4,4497 4,4820
4,1314 4,1637
4,5807 4,6137
5,1881 5,2215
169 13:27
4,4497 4,4820
4,1316 4,1639
4,5807 4,6137
5,1881 5,2215
170 13:28
4,4497 4,4820
4,1318 4,1641
4,5810 4,6140
5,1890 5,2224
171 13:29
4,4497 4,4820
4,1320 4,1643
4,5815 4,6145
5,1890 5,2224
172 13:30
4,4490 4,4813
4,1311 4,1634
4,5800 4,6130
5,1882 5,2216
173 13:31
4,4490 4,4813
4,1311 4,1634
4,5800 4,6130
5,1885 5,2219
174 13:32
4,4490 4,4813
4,1311 4,1634
4,5796 4,6126
5,1894 5,2228
175 13:33
4,4490 4,4813
4,1315 4,1638
4,5796 4,6126
5,1894 5,2228
176 13:34
4,4489 4,4812
4,1306 4,1629
4,5795 4,6125
5,1893 5,2227
177 13:35
4,4499 4,4822
4,1318 4,1641
4,5806 4,6136
5,1908 5,2242
178 13:36
4,4501 4,4824
4,1325 4,1648
4,5807 4,6137
5,1908 5,2242
179 13:37
4,4501 4,4824
4,1322 4,1645
4,5795 4,6125
5,1907 5,2241
180 13:38
4,4502 4,4825
4,1328 4,1651
4,5801 4,6131
5,1908 5,2242
181 13:39
4,4500 4,4823
4,1320 4,1643
4,5797 4,6127
5,1900 5,2234
182 13:40
4,4491 4,4814
4,1301 4,1624
4,5790 4,6120
5,1890 5,2224
183 13:41
4,4491 4,4814
4,1297 4,1620
4,5782 4,6112
5,1898 5,2232
184 13:42
4,4491 4,4814
4,1297 4,1620
4,5782 4,6112
5,1892 5,2226
185 13:43
4,4491 4,4814
4,1291 4,1614
4,5782 4,6112
5,1892 5,2226
186 13:44
4,4491 4,4814
4,1291 4,1614
4,5780 4,6110
5,1892 5,2226
187 13:45
4,4491 4,4814
4,1289 4,1612
4,5776 4,6106
5,1889 5,2223
188 13:46
4,4491 4,4814
4,1289 4,1612
4,5776 4,6106
5,1889 5,2223
189 13:47
4,4470 4,4793
4,1268 4,1591
4,5754 4,6084
5,1865 5,2199
190 13:48
4,4470 4,4793
4,1268 4,1591
4,5761 4,6091
5,1865 5,2199
191 13:49
4,4470 4,4793
4,1266 4,1589
4,5756 4,6086
5,1878 5,2212
192 13:50
4,4464 4,4787
4,1264 4,1587
4,5750 4,6080
5,1871 5,2205
193 13:51
4,4461 4,4784
4,1259 4,1582
4,5754 4,6084
5,1866 5,2200
194 13:52
4,4453 4,4776
4,1254 4,1577
4,5748 4,6078
5,1859 5,2193
195 13:53
4,4453 4,4776
4,1252 4,1575
4,5743 4,6073
5,1863 5,2197
196 13:54
4,4452 4,4775
4,1251 4,1574
4,5742 4,6072
5,1855 5,2189
197 13:55
4,4449 4,4772
4,1248 4,1571
4,5739 4,6069
5,1855 5,2189
198 13:56
4,4449 4,4772
4,1232 4,1555
4,5739 4,6069
5,1855 5,2189
199 13:57
4,4429 4,4752
4,1222 4,1545
4,5723 4,6053
5,1832 5,2166
200 13:58
4,4443 4,4766
4,1233 4,1556
4,5742 4,6072
5,1845 5,2179
201 13:59
4,4442 4,4765
4,1240 4,1563
4,5741 4,6071
5,1844 5,2178
202 14:00
4,4438 4,4761
4,1248 4,1571
4,5749 4,6079
5,1855 5,2189
203 14:01
4,4436 4,4759
4,1246 4,1569
4,5752 4,6082
5,1859 5,2193
204 14:02
4,4436 4,4759
4,1234 4,1557
4,5747 4,6077
5,1852 5,2186
205 14:03
4,4430 4,4753
4,1221 4,1544
4,5737 4,6067
5,1833 5,2167
206 14:04
4,4430 4,4753
4,1222 4,1545
4,5729 4,6059
5,1833 5,2167
207 14:05
4,4429 4,4752
4,1228 4,1551
4,5729 4,6059
5,1832 5,2166
208 14:06
4,4428 4,4751
4,1228 4,1551
4,5729 4,6059
5,1821 5,2155
209 14:07
4,4428 4,4751
4,1228 4,1551
4,5728 4,6058
5,1823 5,2157
210 14:08
4,4416 4,4739
4,1215 4,1538
4,5716 4,6046
5,1800 5,2134
211 14:09
4,4416 4,4739
4,1215 4,1538
4,5716 4,6046
5,1800 5,2134
212 14:10
4,4416 4,4739
4,1209 4,1532
4,5706 4,6036
5,1803 5,2137
213 14:11
4,4416 4,4739
4,1213 4,1536
4,5706 4,6036
5,1806 5,2140
214 14:12
4,4416 4,4739
4,1205 4,1528
4,5706 4,6036
5,1806 5,2140
215 14:13
4,4416 4,4739
4,1215 4,1538
4,5706 4,6036
5,1806 5,2140
216 14:14
4,4417 4,4740
4,1212 4,1535
4,5707 4,6037
5,1808 5,2142
217 14:15
4,4417 4,4740
4,1210 4,1533
4,5707 4,6037
5,1804 5,2138
218 14:16
4,4423 4,4746
4,1216 4,1539
4,5714 4,6044
5,1817 5,2151
219 14:17
4,4425 4,4748
4,1210 4,1533
4,5718 4,6048
5,1819 5,2153
220 14:18
4,4425 4,4748
4,1213 4,1536
4,5718 4,6048
5,1819 5,2153
221 14:19
4,4428 4,4751
4,1210 4,1533
4,5721 4,6051
5,1817 5,2151
222 14:20
4,4429 4,4752
4,1209 4,1532
4,5715 4,6045
5,1818 5,2152
223 14:21
4,4429 4,4752
4,1209 4,1532
4,5723 4,6053
5,1818 5,2152
224 14:22
4,4427 4,4750
4,1208 4,1531
4,5721 4,6051
5,1816 5,2150
225 14:23
4,4425 4,4748
4,1206 4,1529
4,5728 4,6058
5,1819 5,2153
226 14:24
4,4426 4,4749
4,1210 4,1533
4,5728 4,6058
5,1825 5,2159
227 16:06
Definite connection error