#======================
2023-9-15
# 1.EUR, 2.USD, 3.CHF, 4.GBP
Sell Price, Buy Price
Connection error x5
1 07:28:20
4,6143 4,6495
4,3317 4,3670
4,8377 4,8732
5,3866 5,4233
2 07:29:21
4,6143 4,6495
4,3321 4,3670
4,8371 4,8731
5,3866 5,4234
3 07:30:21
4,6138 4,6496
4,3317 4,3670
4,8366 4,8732
5,3866 5,4235
4 07:31:21
4,6138 4,6496
4,3313 4,3670
4,8366 4,8732
5,3861 5,4235
5 07:32:21
4,6138 4,6496
4,3317 4,3670
4,8361 4,8727
5,3861 5,4235
6 07:33:20
4,6138 4,6496
4,3318 4,3676
4,8361 4,8727
5,3861 5,4234
7 07:34:20
4,6145 4,6499
4,3324 4,3678
4,8368 4,8730
5,3869 5,4239
8 07:35:21
4,6145 4,6499
4,3324 4,3678
4,8368 4,8730
5,3869 5,4239
9 07:36:21
4,6145 4,6503
4,3324 4,3682
4,8368 4,8734
5,3869 5,4243
10 07:37:21
4,6154 4,6509
4,3331 4,3686
4,8383 4,8742
5,3871 5,4242
11 07:38:20
4,6153 4,6508
4,3334 4,3689
4,8376 4,8738
5,3870 5,4241
12 07:39:20
4,6153 4,6508
4,3334 4,3689
4,8376 4,8738
5,3870 5,4241
13 07:40:21
4,6153 4,6508
4,3334 4,3689
4,8376 4,8738
5,3870 5,4241
14 07:41:21
4,6160 4,6513
4,3341 4,3694
4,8383 4,8743
5,3879 5,4247
15 07:42:21
4,6160 4,6513
4,3341 4,3694
4,8383 4,8743
5,3879 5,4247
16 07:43:20
4,6160 4,6513
4,3341 4,3694
4,8383 4,8743
5,3879 5,4247
17 07:44:20
4,6160 4,6513
4,3341 4,3694
4,8383 4,8743
5,3879 5,4247
18 07:45:21
4,6160 4,6513
4,3341 4,3694
4,8383 4,8743
5,3879 5,4247
19 07:46:21
4,6160 4,6513
4,3341 4,3694
4,8378 4,8738
5,3879 5,4247
20 07:47:20
4,6160 4,6513
4,3341 4,3694
4,8383 4,8743
5,3879 5,4247
21 07:48:20
4,6160 4,6513
4,3345 4,3694
4,8383 4,8743
5,3879 5,4247
22 07:49:21
4,6160 4,6513
4,3345 4,3694
4,8383 4,8743
5,3879 5,4247
23 07:50:21
4,6160 4,6513
4,3332 4,3685
4,8383 4,8743
5,3879 5,4247
24 07:51:21
4,6160 4,6513
4,3332 4,3685
4,8383 4,8743
5,3879 5,4247
25 07:52:21
4,6160 4,6513
4,3332 4,3681
4,8383 4,8743
5,3879 5,4247
26 07:53:20
4,6160 4,6513
4,3332 4,3681
4,8383 4,8743
5,3879 5,4247
27 07:54:21
4,6160 4,6513
4,3332 4,3681
4,8384 4,8739
5,3879 5,4247
28 07:55:21
4,6160 4,6513
4,3332 4,3681
4,8384 4,8739
5,3879 5,4247
29 07:56:21
4,6160 4,6513
4,3332 4,3681
4,8383 4,8743
5,3879 5,4247
30 07:57:20
4,6160 4,6513
4,3332 4,3681
4,8383 4,8743
5,3879 5,4247
31 07:58:20
4,6160 4,6513
4,3328 4,3677
4,8383 4,8743
5,3879 5,4247
32 07:59:21
4,6160 4,6513
4,3328 4,3677
4,8389 4,8744
5,3879 5,4247
33 08:00:21
4,6160 4,6513
4,3328 4,3677
4,8387 4,8744
5,3879 5,4247
34 08:01:21
4,6160 4,6513
4,3328 4,3677
4,8387 4,8744
5,3879 5,4247
35 08:02:21
4,6160 4,6513
4,3328 4,3677
4,8387 4,8744
5,3879 5,4247
36 08:03:20
4,6160 4,6513
4,3324 4,3673
4,8394 4,8749
5,3879 5,4247
37 08:04:20
4,6160 4,6513
4,3316 4,3669
4,8388 4,8748
5,3879 5,4247
38 08:05:21
4,6160 4,6513
4,3324 4,3677
4,8388 4,8748
5,3879 5,4247
39 08:06:21
4,6160 4,6513
4,3320 4,3673
4,8388 4,8748
5,3879 5,4247
40 08:07:21
4,6160 4,6513
4,3320 4,3673
4,8388 4,8748
5,3879 5,4247
41 08:08:20
4,6160 4,6513
4,3320 4,3673
4,8378 4,8738
5,3879 5,4247
42 08:09:21
4,6160 4,6513
4,3312 4,3661
4,8378 4,8738
5,3879 5,4247
43 08:10:21
4,6160 4,6513
4,3316 4,3669
4,8378 4,8738
5,3879 5,4247
44 08:11:21
4,6160 4,6513
4,3316 4,3669
4,8378 4,8738
5,3879 5,4247
45 08:12:21
4,6160 4,6513
4,3312 4,3661
4,8378 4,8738
5,3879 5,4247
46 08:13:20
4,6160 4,6513
4,3312 4,3665
4,8378 4,8738
5,3879 5,4247
47 08:14:20
4,6160 4,6513
4,3312 4,3665
4,8373 4,8733
5,3879 5,4247
48 08:15:21
4,6160 4,6513
4,3316 4,3665
4,8373 4,8733
5,3879 5,4247
49 08:16:21
4,6160 4,6513
4,3304 4,3657
4,8373 4,8733
5,3879 5,4247
50 08:17:21
4,6160 4,6513
4,3308 4,3657
4,8373 4,8733
5,3879 5,4247
51 08:18:20
4,6160 4,6513
4,3300 4,3649
4,8373 4,8733
5,3879 5,4247
52 08:19:20
4,6160 4,6513
4,3296 4,3645
4,8368 4,8728
5,3879 5,4247
53 08:20:21
4,6160 4,6513
4,3296 4,3645
4,8368 4,8728
5,3879 5,4247
54 08:21:21
4,6160 4,6513
4,3296 4,3645
4,8373 4,8733
5,3879 5,4247
55 08:22:21
4,6160 4,6513
4,3296 4,3645
4,8373 4,8733
5,3879 5,4247
56 08:23:21
4,6160 4,6513
4,3296 4,3645
4,8373 4,8733
5,3879 5,4247
57 08:24:20
4,6160 4,6513
4,3296 4,3645
4,8363 4,8723
5,3879 5,4247
58 08:25:21
4,6160 4,6513
4,3296 4,3645
4,8363 4,8723
5,3879 5,4247
59 08:26:21
4,6160 4,6513
4,3296 4,3645
4,8342 4,8698
5,3879 5,4247
60 08:27:21
4,6160 4,6513
4,3296 4,3645
4,8343 4,8704
5,3879 5,4247
61 08:28:20
4,6160 4,6513
4,3296 4,3645
4,8342 4,8698
5,3879 5,4247
62 08:29:20
4,6160 4,6513
4,3289 4,3637
4,8334 4,8692
5,3879 5,4247
63 08:30:21
4,6160 4,6513
4,3288 4,3641
4,8334 4,8692
5,3879 5,4247
64 08:31:21
4,6160 4,6513
4,3288 4,3641
4,8334 4,8692
5,3879 5,4247
65 08:32:21
4,6160 4,6513
4,3288 4,3641
4,8334 4,8692
5,3879 5,4247
66 08:33:21
4,6160 4,6513
4,3288 4,3641
4,8334 4,8692
5,3879 5,4247
67 08:34:20
4,6160 4,6513
4,3288 4,3641
4,8334 4,8692
5,3879 5,4247
68 08:35:20
4,6160 4,6513
4,3288 4,3641
4,8334 4,8692
5,3879 5,4247
69 08:36:21
4,6160 4,6513
4,3288 4,3641
4,8334 4,8692
5,3879 5,4247
70 08:37:21
4,6160 4,6513
4,3288 4,3641
4,8334 4,8692
5,3879 5,4247
71 08:38:21
4,6160 4,6513
4,3288 4,3641
4,8334 4,8692
5,3879 5,4247
72 08:39:20
4,6160 4,6513
4,3288 4,3641
4,8334 4,8692
5,3879 5,4247
73 08:40:20
4,6160 4,6513
4,3288 4,3641
4,8334 4,8692
5,3879 5,4247
74 08:41:21
4,6160 4,6513
4,3288 4,3641
4,8334 4,8692
5,3879 5,4247
75 08:42:21
4,6160 4,6513
4,3288 4,3641
4,8334 4,8692
5,3879 5,4247
76 08:43:21
4,6160 4,6513
4,3288 4,3641
4,8334 4,8692
5,3879 5,4247
77 08:44:21
4,6160 4,6513
4,3288 4,3641
4,8334 4,8692
5,3879 5,4247
78 08:45:21
4,6160 4,6513
4,3288 4,3641
4,8334 4,8692
5,3879 5,4247
79 08:46:20
4,6160 4,6513
4,3288 4,3641
4,8334 4,8692
5,3879 5,4247
80 08:47:20
4,6204 4,6532
4,3313 4,3644
4,8384 4,8718
5,3879 5,4214
81 08:48:21
4,6206 4,6533
4,3316 4,3648
4,8380 4,8718
5,3876 5,4214
82 08:49:21
4,6206 4,6533
4,3324 4,3652
4,8386 4,8719
5,3886 5,4221
83 08:50:21
4,6203 4,6532
4,3319 4,3654
4,8382 4,8718
5,3883 5,4223
84 08:51:20
4,6205 4,6532
4,3322 4,3651
4,8389 4,8723
5,3885 5,4220
85 08:52:20
4,6197 4,6533
4,3311 4,3652
4,8378 4,8721
5,3873 5,4220
86 08:53:21
4,6198 4,6531
4,3320 4,3658
4,8382 4,8724
5,3878 5,4223
87 08:54:21
4,6200 4,6530
4,3326 4,3657
4,8387 4,8722
5,3887 5,4230
88 08:55:20
4,6192 4,6520
4,3323 4,3656
4,8387 4,8721
5,3886 5,4226
89 08:56:20
4,6184 4,6518
4,3313 4,3650
4,8379 4,8719
5,3873 5,4217
90 08:57:21
4,6184 4,6516
4,3315 4,3648
4,8379 4,8717
5,3870 5,4213
91 08:58:21
4,6194 4,6518
4,3325 4,3648
4,8394 4,8724
5,3880 5,4215
92 08:59:20
4,6195 4,6519
4,3329 4,3652
4,8393 4,8723
5,3882 5,4217
93 09:00:20
4,6196 4,6520
4,3329 4,3652
4,8393 4,8723
5,3879 5,4214
94 09:01:21
4,6198 4,6522
4,3335 4,3658
4,8395 4,8725
5,3882 5,4217
95 09:02:21
4,6196 4,6520
4,3344 4,3667
4,8365 4,8695
5,3879 5,4214
96 09:03:21
4,6207 4,6531
4,3354 4,3677
4,8381 4,8711
5,3893 5,4228
97 09:04:20
4,6207 4,6531
4,3354 4,3677
4,8383 4,8713
5,3881 5,4216
98 09:05:20
4,6207 4,6531
4,3356 4,3679
4,8383 4,8713
5,3885 5,4220
99 09:06:20
4,6209 4,6532
4,3358 4,3680
4,8395 4,8726
5,3885 5,4219
100 09:07:21
4,6239 4,6562
4,3386 4,3708
4,8427 4,8758
5,3923 5,4257
101 09:08:21
4,6239 4,6562
4,3386 4,3708
4,8429 4,8760
5,3923 5,4257
102 09:09:21
4,6260 4,6583
4,3406 4,3728
4,8452 4,8783
5,3954 5,4288
103 09:10:20
4,6257 4,6580
4,3395 4,3717
4,8451 4,8782
5,3951 5,4285
104 09:11:20
4,6249 4,6572
4,3387 4,3709
4,8448 4,8777
5,3949 5,4283
105 09:12:21
4,6251 4,6574
4,3390 4,3712
4,8464 4,8793
5,3951 5,4285
106 09:13:21
4,6251 4,6574
4,3389 4,3711
4,8463 4,8792
5,3956 5,4290
107 09:14:20
4,6250 4,6573
4,3388 4,3710
4,8472 4,8801
5,3959 5,4293
108 09:15:20
4,6255 4,6578
4,3401 4,3723
4,8470 4,8799
5,3964 5,4298
109 09:16:21
4,6254 4,6577
4,3400 4,3722
4,8468 4,8798
5,3966 5,4300
110 09:17:21
4,6254 4,6577
4,3404 4,3726
4,8468 4,8798
5,3966 5,4300
111 09:18:21
4,6254 4,6577
4,3404 4,3726
4,8468 4,8798
5,3966 5,4300
112 09:19:20
4,6235 4,6558
4,3386 4,3708
4,8447 4,8777
5,3939 5,4273
113 09:20:20
4,6237 4,6560
4,3403 4,3725
4,8450 4,8780
5,3955 5,4289
114 09:21:21
4,6229 4,6552
4,3395 4,3717
4,8444 4,8774
5,3943 5,4277
115 09:22:21
4,6229 4,6552
4,3407 4,3729
4,8444 4,8774
5,3943 5,4277
116 09:23:21
4,6215 4,6538
4,3392 4,3714
4,8430 4,8760
5,3907 5,4241
117 09:24:20
4,6215 4,6538
4,3392 4,3714
4,8430 4,8760
5,3904 5,4238
118 09:25:21
4,6237 4,6560
4,3405 4,3727
4,8442 4,8772
5,3930 5,4264
119 09:26:21
4,6237 4,6560
4,3404 4,3726
4,8442 4,8773
5,3930 5,4264
120 09:27:21
4,6237 4,6560
4,3399 4,3721
4,8435 4,8766
5,3930 5,4264
121 09:28:20
4,6246 4,6569
4,3403 4,3725
4,8442 4,8773
5,3935 5,4269
122 09:29:20
4,6241 4,6564
4,3401 4,3723
4,8437 4,8768
5,3932 5,4266
123 09:30:21
4,6241 4,6564
4,3401 4,3723
4,8434 4,8765
5,3939 5,4273
124 09:31:21
4,6253 4,6576
4,3408 4,3731
4,8445 4,8775
5,3952 5,4286
125 09:32:21
4,6242 4,6565
4,3391 4,3714
4,8414 4,8744
5,3939 5,4273
126 09:33:21
4,6249 4,6572
4,3404 4,3727
4,8423 4,8753
5,3948 5,4282
127 09:34:20
4,6249 4,6572
4,3408 4,3731
4,8423 4,8753
5,3941 5,4275
128 09:35:20
4,6249 4,6572
4,3398 4,3721
4,8421 4,8751
5,3938 5,4272
129 09:36:21
4,6249 4,6572
4,3392 4,3715
4,8421 4,8751
5,3940 5,4274
130 09:37:21
4,6249 4,6572
4,3400 4,3723
4,8421 4,8751
5,3941 5,4275
131 09:38:21
4,6249 4,6572
4,3396 4,3719
4,8429 4,8759
5,3951 5,4285
132 09:39:20
4,6257 4,6580
4,3405 4,3728
4,8444 4,8774
5,3960 5,4294
133 09:40:21
4,6258 4,6581
4,3402 4,3725
4,8445 4,8775
5,3971 5,4305
134 09:41:21
4,6258 4,6581
4,3406 4,3729
4,8445 4,8775
5,3970 5,4304
135 09:42:21
4,6253 4,6576
4,3402 4,3725
4,8443 4,8773
5,3965 5,4299
136 09:43:21
4,6246 4,6569
4,3399 4,3722
4,8435 4,8765
5,3956 5,4290
137 09:44:20
4,6251 4,6574
4,3402 4,3725
4,8441 4,8771
5,3969 5,4303
138 09:45:20
4,6249 4,6572
4,3398 4,3721
4,8439 4,8769
5,3967 5,4301
139 09:46:21
4,6248 4,6571
4,3397 4,3720
4,8437 4,8767
5,3981 5,4315
140 09:47:21
4,6248 4,6571
4,3397 4,3720
4,8445 4,8775
5,3981 5,4315
141 09:48:20
4,6250 4,6573
4,3398 4,3721
4,8447 4,8777
5,3970 5,4304
142 09:49:20
4,6249 4,6572
4,3398 4,3721
4,8456 4,8786
5,3961 5,4295
143 09:50:21
4,6254 4,6577
4,3395 4,3718
4,8462 4,8792
5,3961 5,4295
144 09:51:21
4,6253 4,6576
4,3400 4,3723
4,8466 4,8796
5,3954 5,4288
145 09:52:21
4,6254 4,6577
4,3400 4,3723
4,8466 4,8796
5,3950 5,4284
146 09:53:20
4,6246 4,6569
4,3377 4,3700
4,8444 4,8774
5,3942 5,4276
147 09:54:20
4,6258 4,6581
4,3390 4,3713
4,8455 4,8785
5,3968 5,4302
148 09:55:21
4,6258 4,6581
4,3388 4,3711
4,8453 4,8783
5,3968 5,4302
149 09:56:21
4,6258 4,6583
4,3378 4,3701
4,8459 4,8789
5,3966 5,4300
150 09:57:21
4,6259 4,6584
4,3381 4,3704
4,8468 4,8798
5,3966 5,4300
151 09:58:20
4,6256 4,6581
4,3379 4,3702
4,8470 4,8800
5,3960 5,4294
152 09:59:20
4,6251 4,6576
4,3374 4,3697
4,8472 4,8802
5,3954 5,4288
153 10:00:20
4,6204 4,6543
4,3330 4,3665
4,8420 4,8770
5,3900 5,4251
154 10:01:21
4,6247 4,6575
4,3369 4,3696
4,8470 4,8805
5,3966 5,4300
155 10:02:21
4,6247 4,6575
4,3369 4,3696
4,8464 4,8794
5,3966 5,4300
156 10:03:21
4,6256 4,6579
4,3378 4,3701
4,8471 4,8801
5,3968 5,4302
157 10:04:20
4,6256 4,6579
4,3378 4,3701
4,8471 4,8801
5,3974 5,4308
158 10:05:20
4,6256 4,6579
4,3367 4,3690
4,8453 4,8783
5,3974 5,4308
159 10:06:21
4,6256 4,6579
4,3376 4,3699
4,8453 4,8783
5,3971 5,4305
160 10:07:21
4,6258 4,6581
4,3382 4,3705
4,8454 4,8784
5,3968 5,4302
161 10:08:20
4,6258 4,6581
4,3382 4,3705
4,8454 4,8784
5,3974 5,4308
162 10:09:21
4,6241 4,6564
4,3366 4,3689
4,8435 4,8765
5,3953 5,4287
163 10:10:21
4,6237 4,6560
4,3362 4,3685
4,8429 4,8759
5,3953 5,4287
164 10:11:21
4,6237 4,6560
4,3354 4,3677
4,8429 4,8759
5,3953 5,4287
165 10:12:21
4,6238 4,6561
4,3350 4,3673
4,8429 4,8759
5,3953 5,4287
166 10:13:20
4,6238 4,6561
4,3348 4,3671
4,8424 4,8754
5,3953 5,4287
167 10:14:21
4,6237 4,6560
4,3358 4,3681
4,8424 4,8754
5,3946 5,4280
168 10:15:21
4,6237 4,6560
4,3348 4,3671
4,8421 4,8751
5,3943 5,4277
169 10:16:21
4,6242 4,6565
4,3353 4,3676
4,8424 4,8754
5,3949 5,4283
170 10:17:21
4,6245 4,6568
4,3353 4,3676
4,8424 4,8754
5,3952 5,4286
171 10:18:20
4,6245 4,6568
4,3353 4,3676
4,8424 4,8754
5,3946 5,4280
172 10:19:20
4,6245 4,6568
4,3353 4,3676
4,8424 4,8754
5,3946 5,4280
173 10:20:21
4,6245 4,6568
4,3353 4,3676
4,8424 4,8754
5,3944 5,4278
174 10:21:21
4,6220 4,6543
4,3332 4,3655
4,8393 4,8723
5,3918 5,4251
175 10:22:21
4,6226 4,6549
4,3338 4,3661
4,8399 4,8729
5,3926 5,4259
176 10:23:20
4,6228 4,6551
4,3337 4,3660
4,8401 4,8731
5,3933 5,4266
177 10:24:20
4,6216 4,6539
4,3326 4,3649
4,8388 4,8718
5,3919 5,4252
178 10:25:21
4,6206 4,6529
4,3321 4,3644
4,8378 4,8708
5,3908 5,4241
179 10:26:21
4,6205 4,6530
4,3321 4,3644
4,8391 4,8721
5,3907 5,4241
180 10:27:21
4,6205 4,6530
4,3323 4,3646
4,8396 4,8726
5,3907 5,4241
181 10:28:21
4,6205 4,6530
4,3321 4,3644
4,8396 4,8726
5,3910 5,4244
182 10:29:21
4,6205 4,6530
4,3321 4,3644
4,8396 4,8726
5,3910 5,4244
183 10:30:20
4,6210 4,6535
4,3324 4,3647
4,8401 4,8731
5,3916 5,4250
184 10:31:20
4,6213 4,6536
4,3325 4,3648
4,8406 4,8736
5,3922 5,4255
185 10:32:21
4,6214 4,6537
4,3326 4,3649
4,8414 4,8744
5,3923 5,4256
186 10:33:21
4,6213 4,6536
4,3325 4,3648
4,8413 4,8743
5,3925 5,4258
187 10:34:21
4,6211 4,6534
4,3337 4,3660
4,8401 4,8731
5,3923 5,4256
188 10:35:21
4,6209 4,6532
4,3328 4,3651
4,8399 4,8729
5,3921 5,4254
189 10:36:21
4,6209 4,6532
4,3334 4,3657
4,8399 4,8729
5,3917 5,4251
190 10:37:21
4,6209 4,6532
4,3340 4,3663
4,8399 4,8729
5,3914 5,4248
191 10:38:21
4,6209 4,6532
4,3336 4,3659
4,8394 4,8724
5,3914 5,4248
192 10:39:21
4,6209 4,6532
4,3336 4,3659
4,8392 4,8722
5,3920 5,4254
193 10:40:21
4,6209 4,6532
4,3334 4,3657
4,8392 4,8722
5,3929 5,4263
194 10:41:21
4,6209 4,6532
4,3334 4,3657
4,8393 4,8723
5,3926 5,4260
195 10:42:20
4,6209 4,6532
4,3334 4,3657
4,8392 4,8722
5,3914 5,4248
196 10:43:20
4,6173 4,6496
4,3295 4,3618
4,8352 4,8682
5,3879 5,4213
197 10:44:21
4,6175 4,6498
4,3300 4,3623
4,8348 4,8678
5,3895 5,4229
198 10:45:21
4,6135 4,6458
4,3262 4,3585
4,8304 4,8634
5,3850 5,4184
199 10:46:21
4,6124 4,6447
4,3252 4,3575
4,8293 4,8623
5,3837 5,4172
200 10:47:21
4,6133 4,6456
4,3263 4,3586
4,8302 4,8632
5,3841 5,4176
201 10:48:20
4,6136 4,6459
4,3265 4,3588
4,8307 4,8637
5,3853 5,4188
202 10:49:20
4,6131 4,6454
4,3254 4,3577
4,8299 4,8629
5,3847 5,4182
203 10:50:21
4,6148 4,6471
4,3265 4,3588
4,8321 4,8651
5,3875 5,4210
204 10:51:21
4,6149 4,6472
4,3263 4,3586
4,8326 4,8656
5,3875 5,4209
205 10:52:21
4,6143 4,6466
4,3256 4,3579
4,8310 4,8640
5,3869 5,4203
206 10:53:20
4,6137 4,6460
4,3248 4,3571
4,8303 4,8633
5,3848 5,4182
207 10:54:20
4,6140 4,6463
4,3259 4,3582
4,8301 4,8631
5,3849 5,4183
208 10:55:21
4,6144 4,6467
4,3264 4,3587
4,8305 4,8635
5,3853 5,4187
209 10:56:21
4,6144 4,6467
4,3262 4,3585
4,8305 4,8635
5,3859 5,4193
210 10:57:21
4,6144 4,6467
4,3260 4,3583
4,8305 4,8635
5,3859 5,4193
211 10:58:20
4,6144 4,6467
4,3260 4,3583
4,8310 4,8640
5,3859 5,4193
212 10:59:20
4,6127 4,6450
4,3246 4,3569
4,8288 4,8618
5,3833 5,4167
213 11:00:20
4,6128 4,6451
4,3250 4,3573
4,8289 4,8619
5,3835 5,4169
214 11:01:21
4,6143 4,6466
4,3263 4,3586
4,8304 4,8634
5,3852 5,4186
215 11:02:21
4,6144 4,6467
4,3271 4,3594
4,8306 4,8636
5,3847 5,4181
216 11:03:21
4,6144 4,6467
4,3265 4,3588
4,8306 4,8636
5,3844 5,4178
217 11:04:20
4,6144 4,6467
4,3263 4,3586
4,8308 4,8638
5,3844 5,4178
218 11:05:21
4,6144 4,6467
4,3265 4,3588
4,8308 4,8638
5,3841 5,4175
219 11:06:21
4,6144 4,6467
4,3267 4,3590
4,8308 4,8638
5,3841 5,4175
220 11:07:21
4,6144 4,6467
4,3265 4,3588
4,8310 4,8640
5,3844 5,4178
221 11:08:21
4,6144 4,6467
4,3263 4,3586
4,8311 4,8641
5,3841 5,4175
222 11:09:20
4,6144 4,6467
4,3263 4,3586
4,8311 4,8641
5,3847 5,4181
223 11:10:20
4,6147 4,6470
4,3280 4,3603
4,8314 4,8644
5,3847 5,4181
224 11:11:21
4,6141 4,6464
4,3276 4,3599
4,8322 4,8653
5,3840 5,4174
225 11:12:21
4,6149 4,6472
4,3281 4,3604
4,8330 4,8661
5,3849 5,4183
226 11:13:20
4,6149 4,6472
4,3281 4,3604
4,8325 4,8656
5,3853 5,4187
227 11:14:20
4,6149 4,6472
4,3279 4,3602
4,8326 4,8657
5,3859 5,4193
228 11:15:21
4,6149 4,6472
4,3283 4,3606
4,8325 4,8656
5,3856 5,4190
229 11:16:21
4,6158 4,6481
4,3292 4,3615
4,8336 4,8666
5,3855 5,4189
230 11:17:20
4,6160 4,6483
4,3294 4,3617
4,8337 4,8667
5,3859 5,4193
231 11:18:20
4,6160 4,6483
4,3294 4,3617
4,8337 4,8667
5,3874 5,4208
232 11:19:21
4,6149 4,6472
4,3283 4,3606
4,8325 4,8655
5,3859 5,4193
233 11:20:21
4,6148 4,6471
4,3281 4,3604
4,8325 4,8655
5,3860 5,4194
234 11:21:21
4,6147 4,6470
4,3280 4,3603
4,8324 4,8654
5,3859 5,4193
235 11:22:20
4,6148 4,6471
4,3278 4,3601
4,8327 4,8657
5,3860 5,4194
236 11:23:20
4,6145 4,6468
4,3278 4,3601
4,8330 4,8660
5,3848 5,4182
237 11:24:21
4,6122 4,6445
4,3246 4,3569
4,8306 4,8636
5,3815 5,4149
238 11:25:21
4,6123 4,6446
4,3254 4,3577
4,8306 4,8636
5,3818 5,4152
239 11:26:21
4,6123 4,6446
4,3259 4,3582
4,8306 4,8636
5,3816 5,4150
240 11:27:20
4,6139 4,6462
4,3268 4,3591
4,8318 4,8648
5,3835 5,4169
241 11:28:20
4,6139 4,6462
4,3266 4,3589
4,8315 4,8645
5,3835 5,4169
242 11:29:21
4,6137 4,6460
4,3264 4,3587
4,8313 4,8643
5,3832 5,4166
243 11:30:21
4,6136 4,6459
4,3255 4,3578
4,8313 4,8643
5,3832 5,4166
244 11:31:21
4,6137 4,6460
4,3252 4,3575
4,8305 4,8635
5,3827 5,4161
245 11:32:21
4,6146 4,6469
4,3262 4,3585
4,8318 4,8648
5,3840 5,4174
246 11:33:20
4,6145 4,6468
4,3254 4,3577
4,8314 4,8644
5,3829 5,4163
247 11:34:20
4,6147 4,6470
4,3259 4,3582
4,8314 4,8644
5,3838 5,4172
248 11:35:21
4,6151 4,6474
4,3261 4,3584
4,8313 4,8643
5,3843 5,4177
249 11:36:22
4,6151 4,6474
4,3261 4,3584
4,8313 4,8643
5,3836 5,4170
250 11:37:23
4,6151 4,6474
4,3261 4,3584
4,8318 4,8648
5,3839 5,4173
251 11:38:20
4,6151 4,6474
4,3261 4,3584
4,8311 4,8641
5,3843 5,4177
252 11:39:20
4,6165 4,6488
4,3276 4,3599
4,8328 4,8658
5,3856 5,4190
253 11:40:21
4,6158 4,6481
4,3272 4,3595
4,8321 4,8651
5,3852 5,4186
254 11:41:21
4,6160 4,6483
4,3272 4,3595
4,8322 4,8653
5,3853 5,4187
255 11:42:21
4,6162 4,6485
4,3274 4,3597
4,8321 4,8652
5,3856 5,4190
256 11:43:20
4,6161 4,6484
4,3275 4,3598
4,8323 4,8654
5,3851 5,4185
257 11:44:20
4,6158 4,6481
4,3276 4,3599
4,8325 4,8656
5,3851 5,4185
258 11:45:21
4,6157 4,6480
4,3275 4,3598
4,8324 4,8655
5,3856 5,4190
259 11:46:21
4,6156 4,6479
4,3272 4,3595
4,8324 4,8654
5,3852 5,4186
260 11:47:21
4,6155 4,6478
4,3273 4,3596
4,8317 4,8647
5,3842 5,4176
261 11:48:21
4,6159 4,6482
4,3277 4,3600
4,8322 4,8652
5,3849 5,4183
262 11:49:20
4,6159 4,6482
4,3277 4,3600
4,8322 4,8652
5,3852 5,4186
263 11:51:20
4,6164 4,6487
4,3282 4,3605
4,8326 4,8657
5,3861 5,4195
264 11:52:20
4,6162 4,6485
4,3276 4,3599
4,8324 4,8655
5,3856 5,4190
265 11:53:21
4,6159 4,6482
4,3277 4,3600
4,8321 4,8652
5,3849 5,4183
266 11:54:21
4,6157 4,6480
4,3275 4,3598
4,8318 4,8649
5,3843 5,4177
267 11:55:21
4,6155 4,6478
4,3275 4,3598
4,8321 4,8652
5,3841 5,4175
268 11:56:21
4,6151 4,6474
4,3271 4,3594
4,8317 4,8648
5,3837 5,4171
269 11:57:20
4,6155 4,6478
4,3278 4,3601
4,8325 4,8656
5,3842 5,4176
270 11:58:21
4,6155 4,6478
4,3277 4,3600
4,8324 4,8655
5,3841 5,4175
271 11:59:21
4,6156 4,6479
4,3284 4,3607
4,8330 4,8661
5,3836 5,4170
272 12:00:21
4,6156 4,6479
4,3290 4,3613
4,8331 4,8662
5,3837 5,4171
273 12:01:21
4,6156 4,6479
4,3278 4,3601
4,8328 4,8659
5,3833 5,4167
274 12:02:20
4,6156 4,6479
4,3278 4,3601
4,8325 4,8656
5,3827 5,4161
275 12:03:21
4,6154 4,6477
4,3276 4,3599
4,8321 4,8652
5,3825 5,4159
276 12:04:21
4,6153 4,6476
4,3280 4,3603
4,8322 4,8653
5,3826 5,4160
277 12:05:21
4,6150 4,6473
4,3273 4,3596
4,8316 4,8647
5,3817 5,4151
278 12:06:20
4,6156 4,6479
4,3279 4,3601
4,8323 4,8654
5,3818 5,4152
279 12:07:20
4,6154 4,6477
4,3276 4,3598
4,8323 4,8654
5,3821 5,4155
280 12:08:21
4,6153 4,6476
4,3273 4,3595
4,8319 4,8650
5,3823 5,4157
281 12:09:21
4,6154 4,6477
4,3272 4,3594
4,8323 4,8654
5,3831 5,4165
282 12:10:21
4,6154 4,6477
4,3272 4,3594
4,8320 4,8651
5,3831 5,4165
283 12:11:21
4,6154 4,6477
4,3268 4,3591
4,8315 4,8646
5,3824 5,4158
284 12:12:20
4,6155 4,6478
4,3267 4,3590
4,8314 4,8645
5,3825 5,4159
285 12:14:20
4,6156 4,6479
4,3266 4,3589
4,8316 4,8647
5,3833 5,4167
286 12:15:20
4,6155 4,6478
4,3267 4,3590
4,8311 4,8642
5,3825 5,4159
287 12:16:20
4,6155 4,6478
4,3267 4,3590
4,8312 4,8642
5,3819 5,4153
288 12:17:21
4,6157 4,6480
4,3269 4,3592
4,8309 4,8639
5,3825 5,4159
289 12:18:21
4,6157 4,6480
4,3271 4,3594
4,8314 4,8644
5,3828 5,4162
290 12:19:21
4,6156 4,6479
4,3274 4,3597
4,8315 4,8645
5,3824 5,4158
291 12:20:21
4,6155 4,6478
4,3273 4,3596
4,8317 4,8647
5,3826 5,4160
292 12:21:20
4,6155 4,6478
4,3273 4,3596
4,8325 4,8655
5,3826 5,4160
293 12:22:20
4,6158 4,6481
4,3276 4,3599
4,8326 4,8656
5,3835 5,4169
294 12:23:21
4,6156 4,6479
4,3284 4,3607
4,8327 4,8657
5,3830 5,4164
295 12:24:21
4,6157 4,6480
4,3283 4,3606
4,8331 4,8661
5,3834 5,4168
296 12:25:21
4,6158 4,6481
4,3286 4,3609
4,8331 4,8661
5,3835 5,4169
297 12:26:21
4,6156 4,6479
4,3286 4,3609
4,8328 4,8659
5,3827 5,4161
298 12:27:21
4,6156 4,6479
4,3290 4,3613
4,8325 4,8656
5,3827 5,4161
299 12:28:21
4,6154 4,6477
4,3288 4,3611
4,8325 4,8656
5,3821 5,4155
300 12:29:21
4,6155 4,6478
4,3290 4,3613
4,8330 4,8661
5,3817 5,4151
301 12:30:20
4,6156 4,6479
4,3296 4,3619
4,8331 4,8662
5,3823 5,4157
302 12:31:20
4,6155 4,6478
4,3289 4,3612
4,8326 4,8657
5,3818 5,4152
303 12:32:21
4,6156 4,6479
4,3292 4,3615
4,8328 4,8659
5,3820 5,4154
304 12:33:21
4,6156 4,6479
4,3290 4,3613
4,8330 4,8661
5,3824 5,4158
305 12:34:21
4,6156 4,6479
4,3284 4,3607
4,8328 4,8659
5,3823 5,4157
306 12:35:20
4,6155 4,6478
4,3283 4,3606
4,8323 4,8654
5,3816 5,4150
307 12:36:20
4,6155 4,6478
4,3283 4,3606
4,8322 4,8653
5,3816 5,4150
308 12:37:21
4,6155 4,6478
4,3283 4,3606
4,8325 4,8655
5,3813 5,4147
309 12:38:21
4,6164 4,6487
4,3290 4,3613
4,8329 4,8659
5,3823 5,4157
310 12:39:21
4,6163 4,6486
4,3293 4,3616
4,8328 4,8658
5,3822 5,4156
311 12:40:21
4,6166 4,6489
4,3302 4,3625
4,8329 4,8659
5,3817 5,4151
312 12:41:21
4,6159 4,6482
4,3289 4,3612
4,8322 4,8652
5,3808 5,4142
313 12:42:20
4,6159 4,6482
4,3289 4,3612
4,8327 4,8657
5,3818 5,4152
314 12:43:20
4,6159 4,6482
4,3289 4,3612
4,8324 4,8654
5,3798 5,4132
315 12:44:20
4,6161 4,6484
4,3287 4,3610
4,8324 4,8654
5,3794 5,4128
316 12:45:21
4,6164 4,6487
4,3296 4,3619
4,8337 4,8667
5,3804 5,4138
317 12:46:21
4,6166 4,6489
4,3309 4,3632
4,8336 4,8666
5,3819 5,4153
318 12:47:21
4,6166 4,6489
4,3308 4,3631
4,8337 4,8667
5,3809 5,4143
319 12:48:20
4,6165 4,6488
4,3306 4,3629
4,8332 4,8662
5,3792 5,4126
320 12:49:20
4,6167 4,6490
4,3305 4,3628
4,8335 4,8665
5,3799 5,4133
321 12:50:21
4,6175 4,6498
4,3316 4,3639
4,8343 4,8673
5,3810 5,4144
322 12:51:21
4,6175 4,6498
4,3316 4,3639
4,8337 4,8668
5,3814 5,4148
323 12:52:21
4,6200 4,6523
4,3339 4,3662
4,8363 4,8694
5,3843 5,4177
324 12:53:21
4,6200 4,6523
4,3341 4,3664
4,8368 4,8699
5,3840 5,4174
325 12:54:20
4,6196 4,6519
4,3342 4,3665
4,8364 4,8695
5,3838 5,4172
326 12:55:20
4,6188 4,6511
4,3345 4,3668
4,8359 4,8690
5,3833 5,4167
327 12:56:21
4,6189 4,6512
4,3345 4,3668
4,8359 4,8690
5,3833 5,4167
328 12:57:21
4,6165 4,6488
4,3327 4,3650
4,8337 4,8668
5,3819 5,4153
329 12:58:21
4,6165 4,6488
4,3329 4,3652
4,8335 4,8666
5,3821 5,4155
330 12:59:21
4,6165 4,6488
4,3329 4,3652
4,8334 4,8665
5,3814 5,4148
331 13:00:20
4,6165 4,6488
4,3325 4,3648
4,8335 4,8666
5,3807 5,4141
332 13:01:20
4,6165 4,6488
4,3329 4,3652
4,8338 4,8668
5,3808 5,4142
333 13:02:21
4,6164 4,6487
4,3330 4,3653
4,8342 4,8672
5,3817 5,4151
334 13:03:21
4,6166 4,6489
4,3330 4,3653
4,8336 4,8666
5,3806 5,4140
335 13:04:21
4,6163 4,6486
4,3327 4,3650
4,8330 4,8660
5,3796 5,4130
336 13:05:21
4,6158 4,6481
4,3323 4,3646
4,8326 4,8656
5,3795 5,4129
337 13:06:20
4,6152 4,6475
4,3319 4,3642
4,8318 4,8649
5,3792 5,4126
338 13:07:21
4,6149 4,6472
4,3308 4,3631
4,8307 4,8638
5,3784 5,4118
339 13:08:21
4,6146 4,6469
4,3305 4,3628
4,8304 4,8635
5,3780 5,4114
340 13:09:21
4,6155 4,6478
4,3314 4,3637
4,8311 4,8642
5,3778 5,4112
341 13:10:21
4,6158 4,6481
4,3319 4,3642
4,8315 4,8646
5,3777 5,4111
342 13:11:21
4,6156 4,6479
4,3315 4,3638
4,8316 4,8646
5,3777 5,4111
343 13:12:20
4,6157 4,6480
4,3318 4,3641
4,8320 4,8650
5,3779 5,4113
344 13:13:20
4,6157 4,6480
4,3318 4,3641
4,8324 4,8654
5,3781 5,4115
345 13:14:21
4,6160 4,6483
4,3316 4,3639
4,8323 4,8653
5,3789 5,4123
346 13:15:21
4,6158 4,6481
4,3315 4,3638
4,8321 4,8651
5,3788 5,4122
347 13:16:20
4,6161 4,6484
4,3326 4,3649
4,8326 4,8656
5,3788 5,4122
348 13:17:20
4,6165 4,6488
4,3329 4,3652
4,8333 4,8663
5,3790 5,4124
349 13:18:20
4,6165 4,6488
4,3325 4,3648
4,8332 4,8662
5,3789 5,4123
350 13:19:21
4,6161 4,6484
4,3323 4,3646
4,8328 4,8658
5,3785 5,4119
351 13:20:21
4,6162 4,6485
4,3321 4,3644
4,8325 4,8655
5,3787 5,4121
352 13:21:21
4,6161 4,6484
4,3317 4,3640
4,8327 4,8657
5,3785 5,4119
353 13:22:21
4,6159 4,6482
4,3316 4,3639
4,8327 4,8657
5,3786 5,4120
354 13:23:20
4,6158 4,6481
4,3312 4,3635
4,8324 4,8654
5,3781 5,4115
355 13:24:20
4,6156 4,6479
4,3310 4,3633
4,8323 4,8653
5,3779 5,4113
356 13:25:21
4,6155 4,6478
4,3308 4,3631
4,8317 4,8647
5,3782 5,4116
357 13:26:21
4,6157 4,6480
4,3307 4,3630
4,8317 4,8647
5,3783 5,4117
358 13:27:21
4,6156 4,6479
4,3306 4,3629
4,8313 4,8643
5,3785 5,4119
359 13:28:21
4,6156 4,6479
4,3308 4,3631
4,8313 4,8643
5,3785 5,4119
360 13:29:20
4,6166 4,6489
4,3320 4,3643
4,8324 4,8654
5,3798 5,4132
361 13:30:20
4,6165 4,6488
4,3321 4,3644
4,8323 4,8653
5,3796 5,4130
362 13:31:21
4,6163 4,6486
4,3325 4,3648
4,8323 4,8653
5,3794 5,4128
363 13:32:21
4,6162 4,6485
4,3324 4,3647
4,8317 4,8647
5,3789 5,4123
364 13:33:21
4,6164 4,6487
4,3326 4,3649
4,8322 4,8652
5,3792 5,4126
365 13:34:20
4,6165 4,6488
4,3327 4,3650
4,8325 4,8655
5,3783 5,4117
366 13:35:22
4,6172 4,6495
4,3336 4,3659
4,8328 4,8658
5,3779 5,4113
367 13:36:21
4,6183 4,6506
4,3346 4,3669
4,8342 4,8671
5,3792 5,4126
368 13:37:21
4,6207 4,6530
4,3368 4,3691
4,8364 4,8693
5,3808 5,4142
369 13:38:21
4,6232 4,6555
4,3393 4,3716
4,8396 4,8725
5,3837 5,4171
370 13:39:20
4,6237 4,6560
4,3396 4,3719
4,8400 4,8729
5,3842 5,4176
371 13:40:20
4,6236 4,6559
4,3394 4,3717
4,8397 4,8726
5,3848 5,4182
372 13:41:21
4,6236 4,6559
4,3388 4,3711
4,8397 4,8727
5,3847 5,4181
373 13:42:21
4,6210 4,6533
4,3361 4,3684
4,8367 4,8697
5,3817 5,4151
374 13:43:21
4,6204 4,6527
4,3348 4,3671
4,8364 4,8694
5,3811 5,4145
375 13:44:20
4,6201 4,6524
4,3349 4,3672
4,8361 4,8691
5,3810 5,4144
376 13:45:21
4,6200 4,6523
4,3350 4,3673
4,8359 4,8689
5,3818 5,4152
377 13:46:21
4,6201 4,6524
4,3349 4,3672
4,8358 4,8687
5,3822 5,4156
378 13:47:21
4,6188 4,6511
4,3339 4,3662
4,8344 4,8673
5,3809 5,4143
379 13:48:20
4,6194 4,6517
4,3348 4,3671
4,8353 4,8682
5,3818 5,4152
380 13:49:20
4,6203 4,6526
4,3361 4,3684
4,8363 4,8692
5,3834 5,4168
381 13:50:21
4,6202 4,6525
4,3362 4,3685
4,8362 4,8691
5,3824 5,4158
382 13:51:21
4,6201 4,6524
4,3367 4,3690
4,8361 4,8690
5,3829 5,4163
383 13:52:21
4,6203 4,6526
4,3369 4,3692
4,8362 4,8691
5,3831 5,4165
384 13:53:21
4,6201 4,6524
4,3363 4,3686
4,8360 4,8689
5,3832 5,4166
385 13:54:20
4,6197 4,6520
4,3357 4,3680
4,8356 4,8685
5,3818 5,4152
386 13:55:20
4,6190 4,6513
4,3359 4,3682
4,8354 4,8683
5,3810 5,4144
387 13:56:21
4,6189 4,6512
4,3353 4,3676
4,8350 4,8679
5,3808 5,4142
388 13:57:21
4,6189 4,6512
4,3353 4,3676
4,8345 4,8674
5,3805 5,4139
389 13:58:21
4,6190 4,6513
4,3357 4,3680
4,8348 4,8677
5,3812 5,4146
390 13:59:20
4,6185 4,6508
4,3352 4,3675
4,8341 4,8670
5,3810 5,4144
391 14:00:20
4,6181 4,6504
4,3344 4,3667
4,8337 4,8666
5,3806 5,4140
392 14:01:21
4,6183 4,6506
4,3347 4,3670
4,8337 4,8667
5,3814 5,4148
393 14:02:21
4,6183 4,6506
4,3348 4,3671
4,8337 4,8667
5,3805 5,4139
394 14:03:21
4,6183 4,6506
4,3350 4,3673
4,8341 4,8671
5,3806 5,4140
395 14:04:21
4,6180 4,6503
4,3347 4,3670
4,8333 4,8663
5,3803 5,4137
396 14:05:21
4,6183 4,6506
4,3350 4,3673
4,8342 4,8672
5,3811 5,4145
397 14:06:21
4,6182 4,6505
4,3345 4,3668
4,8337 4,8668
5,3810 5,4144
398 14:07:20
4,6182 4,6505
4,3345 4,3668
4,8337 4,8668
5,3810 5,4144
399 14:08:20
4,6151 4,6474
4,3304 4,3627
4,8297 4,8628
5,3769 5,4103
400 14:09:21
4,6149 4,6472
4,3302 4,3625
4,8295 4,8626
5,3768 5,4102
401 14:10:21
4,6135 4,6458
4,3291 4,3614
4,8280 4,8611
5,3751 5,4085
402 14:11:22
4,6132 4,6455
4,3286 4,3609
4,8278 4,8607
5,3752 5,4086
403 14:12:23
4,6163 4,6486
4,3322 4,3645
4,8311 4,8640
5,3792 5,4126
404 14:13:20
4,6171 4,6494
4,3335 4,3658
4,8318 4,8647
5,3799 5,4133
405 14:14:20
4,6168 4,6491
4,3330 4,3653
4,8316 4,8645
5,3794 5,4128
406 14:15:22
4,6169 4,6492
4,3331 4,3654
4,8312 4,8641
5,3792 5,4126
407 14:16:21
4,6163 4,6486
4,3323 4,3646
4,8303 4,8632
5,3778 5,4112
408 14:17:21
4,6157 4,6480
4,3316 4,3639
4,8292 4,8621
5,3781 5,4115
409 14:18:21
4,6156 4,6479
4,3313 4,3636
4,8296 4,8625
5,3780 5,4114
410 14:19:20
4,6156 4,6479
4,3309 4,3632
4,8291 4,8620
5,3773 5,4107
411 14:20:20
4,6156 4,6479
4,3302 4,3625
4,8285 4,8614
5,3770 5,4104
412 14:21:21
4,6157 4,6480
4,3295 4,3618
4,8286 4,8617
5,3775 5,4109
413 14:22:21
4,6157 4,6480
4,3297 4,3620
4,8283 4,8614
5,3771 5,4105
414 14:23:21
4,6156 4,6479
4,3301 4,3624
4,8287 4,8618
5,3767 5,4101
415 14:24:21
4,6170 4,6493
4,3322 4,3645
4,8299 4,8630
5,3784 5,4118
416 14:25:21
4,6160 4,6483
4,3313 4,3636
4,8291 4,8622
5,3772 5,4106
417 14:26:20
4,6161 4,6484
4,3317 4,3640
4,8293 4,8622
5,3770 5,4104
418 14:27:20
4,6160 4,6483
4,3317 4,3640
4,8295 4,8624
5,3775 5,4109
419 14:28:20
4,6161 4,6484
4,3319 4,3642
4,8296 4,8625
5,3776 5,4110
420 14:29:21
4,6155 4,6478
4,3310 4,3633
4,8290 4,8619
5,3769 5,4103
421 14:30:21
4,6132 4,6455
4,3293 4,3616
4,8270 4,8599
5,3731 5,4065
422 14:31:21
4,6130 4,6453
4,3302 4,3625
4,8281 4,8611
5,3730 5,4064
423 14:32:21
4,6126 4,6449
4,3292 4,3615
4,8266 4,8596
5,3732 5,4066
424 14:33:20
4,6154 4,6477
4,3323 4,3646
4,8291 4,8621
5,3761 5,4095
425 14:34:20
4,6165 4,6488
4,3344 4,3667
4,8308 4,8638
5,3777 5,4111
426 14:35:21
4,6158 4,6481
4,3342 4,3665
4,8306 4,8636
5,3767 5,4101
427 14:36:21
4,6159 4,6482
4,3348 4,3671
4,8309 4,8639
5,3765 5,4099
428 14:37:20
4,6166 4,6489
4,3354 4,3677
4,8316 4,8646
5,3772 5,4106
429 14:38:20
4,6167 4,6490
4,3362 4,3685
4,8322 4,8652
5,3776 5,4110
430 14:39:21
4,6167 4,6490
4,3360 4,3683
4,8325 4,8655
5,3770 5,4104
431 14:40:21
4,6176 4,6499
4,3374 4,3697
4,8343 4,8673
5,3777 5,4111
432 14:41:21
4,6168 4,6491
4,3367 4,3690
4,8336 4,8665
5,3777 5,4111
433 14:42:21
4,6170 4,6493
4,3371 4,3694
4,8338 4,8667
5,3777 5,4111
434 14:43:21
4,6162 4,6485
4,3351 4,3674
4,8330 4,8659
5,3761 5,4095
435 14:44:20
4,6163 4,6486
4,3347 4,3670
4,8325 4,8654
5,3762 5,4096
436 14:45:20
4,6163 4,6486
4,3351 4,3674
4,8330 4,8659
5,3762 5,4096
437 14:46:21
4,6163 4,6486
4,3341 4,3664
4,8330 4,8660
5,3759 5,4093
438 14:47:21
4,6161 4,6484
4,3344 4,3667
4,8324 4,8654
5,3756 5,4090
439 14:48:21
4,6161 4,6484
4,3342 4,3665
4,8324 4,8654
5,3763 5,4097
440 14:49:20
4,6161 4,6484
4,3344 4,3667
4,8328 4,8658
5,3766 5,4100
441 14:50:21
4,6161 4,6484
4,3344 4,3667
4,8321 4,8651
5,3760 5,4094
442 14:51:21
4,6164 4,6487
4,3350 4,3673
4,8324 4,8654
5,3760 5,4094
443 14:52:21
4,6161 4,6484
4,3341 4,3664
4,8318 4,8648
5,3750 5,4084
444 14:53:20
4,6159 4,6482
4,3346 4,3669
4,8318 4,8648
5,3754 5,4088
445 14:54:20
4,6160 4,6483
4,3347 4,3670
4,8317 4,8647
5,3756 5,4090
446 14:55:21
4,6159 4,6482
4,3340 4,3663
4,8314 4,8644
5,3758 5,4092
447 14:56:21
4,6160 4,6483
4,3339 4,3662
4,8315 4,8645
5,3753 5,4087
448 14:57:21
4,6164 4,6487
4,3340 4,3663
4,8316 4,8646
5,3751 5,4085
449 14:58:21
4,6160 4,6483
4,3337 4,3660
4,8311 4,8641
5,3737 5,4071
450 14:59:21
4,6162 4,6485
4,3341 4,3664
4,8315 4,8645
5,3740 5,4074
451 15:00:20
4,6163 4,6486
4,3344 4,3667
4,8316 4,8646
5,3734 5,4068
452 15:01:20
4,6164 4,6487
4,3335 4,3658
4,8319 4,8649
5,3723 5,4057
453 15:02:21
4,6163 4,6486
4,3328 4,3651
4,8316 4,8646
5,3719 5,4053
454 15:03:21
4,6165 4,6488
4,3333 4,3656
4,8320 4,8650
5,3727 5,4061
455 15:04:21
4,6165 4,6488
4,3331 4,3654
4,8318 4,8648
5,3736 5,4070
456 15:05:20
4,6165 4,6488
4,3329 4,3652
4,8308 4,8638
5,3740 5,4074
457 15:06:20
4,6164 4,6487
4,3328 4,3651
4,8306 4,8637
5,3739 5,4073
458 15:07:21
4,6164 4,6487
4,3322 4,3645
4,8303 4,8634
5,3735 5,4069
459 15:08:21
4,6168 4,6491
4,3328 4,3651
4,8307 4,8638
5,3746 5,4080
460 15:09:21
4,6166 4,6489
4,3314 4,3637
4,8305 4,8636
5,3744 5,4078
461 15:10:20
4,6162 4,6485
4,3308 4,3631
4,8298 4,8629
5,3740 5,4074
462 15:11:21
4,6162 4,6485
4,3300 4,3623
4,8293 4,8624
5,3739 5,4073
463 15:12:21
4,6161 4,6484
4,3289 4,3612
4,8290 4,8621
5,3738 5,4072
464 15:13:21
4,6163 4,6486
4,3292 4,3615
4,8288 4,8619
5,3743 5,4077
465 15:14:21
4,6144 4,6467
4,3271 4,3594
4,8267 4,8598
5,3728 5,4062
466 15:15:20
4,6145 4,6468
4,3272 4,3595
4,8265 4,8596
5,3723 5,4057
467 15:16:20
4,6151 4,6474
4,3274 4,3597
4,8278 4,8608
5,3737 5,4071
468 15:17:21
4,6151 4,6474
4,3288 4,3611
4,8278 4,8608
5,3737 5,4071
469 15:18:21
4,6143 4,6466
4,3284 4,3607
4,8275 4,8605
5,3711 5,4045
470 15:19:20
4,6138 4,6461
4,3279 4,3602
4,8266 4,8596
5,3702 5,4036
471 15:20:20
4,6138 4,6461
4,3282 4,3605
4,8264 4,8594
5,3709 5,4043
472 15:21:21
4,6139 4,6462
4,3272 4,3595
4,8261 4,8592
5,3703 5,4037
473 15:22:20
4,6139 4,6462
4,3274 4,3597
4,8261 4,8592
5,3706 5,4040
474 15:23:20
4,6143 4,6466
4,3274 4,3597
4,8259 4,8590
5,3702 5,4036
475 15:24:21
4,6144 4,6467
4,3271 4,3594
4,8249 4,8580
5,3703 5,4037
476 15:25:21
4,6149 4,6472
4,3269 4,3592
4,8254 4,8585
5,3712 5,4046
477 15:26:21
4,6151 4,6474
4,3269 4,3592
4,8256 4,8587
5,3711 5,4045
478 15:27:20
4,6154 4,6477
4,3286 4,3609
4,8259 4,8590
5,3718 5,4052
479 15:28:20
4,6165 4,6488
4,3297 4,3620
4,8271 4,8602
5,3734 5,4068
480 15:29:20
4,6164 4,6487
4,3300 4,3623
4,8270 4,8601
5,3735 5,4069
481 15:30:21
4,6169 4,6492
4,3288 4,3611
4,8273 4,8604
5,3738 5,4072
482 15:31:21
4,6169 4,6492
4,3296 4,3619
4,8273 4,8604
5,3741 5,4075
483 15:32:21
4,6173 4,6496
4,3300 4,3623
4,8282 4,8613
5,3752 5,4086
484 15:33:20
4,6176 4,6499
4,3303 4,3626
4,8287 4,8618
5,3755 5,4089
485 15:34:21
4,6173 4,6496
4,3303 4,3626
4,8283 4,8614
5,3759 5,4093
486 15:35:21
4,6172 4,6495
4,3291 4,3614
4,8283 4,8614
5,3757 5,4091
487 15:36:21
4,6170 4,6493
4,3291 4,3614
4,8282 4,8612
5,3749 5,4083
488 15:37:21
4,6170 4,6493
4,3297 4,3620
4,8282 4,8612
5,3749 5,4083
489 15:38:21
4,6172 4,6495
4,3301 4,3624
4,8279 4,8609
5,3751 5,4085
490 15:39:20
4,6172 4,6495
4,3291 4,3614
4,8281 4,8611
5,3747 5,4081
491 15:40:20
4,6171 4,6494
4,3284 4,3607
4,8279 4,8609
5,3747 5,4081
492 15:41:21
4,6176 4,6499
4,3301 4,3624
4,8286 4,8616
5,3749 5,4083
493 15:42:21
4,6188 4,6511
4,3308 4,3631
4,8296 4,8626
5,3764 5,4098
494 15:43:21
4,6185 4,6508
4,3324 4,3647
4,8296 4,8626
5,3762 5,4096
495 15:44:21
4,6185 4,6508
4,3320 4,3643
4,8293 4,8623
5,3760 5,4094
496 15:45:20
4,6177 4,6500
4,3314 4,3637
4,8290 4,8620
5,3760 5,4094
497 15:46:21
4,6181 4,6504
4,3324 4,3647
4,8294 4,8624
5,3762 5,4096
498 15:47:21
4,6182 4,6505
4,3327 4,3650
4,8303 4,8633
5,3762 5,4096
499 15:48:21
4,6182 4,6505
4,3327 4,3650
4,8305 4,8635
5,3766 5,4100
500 15:49:21
4,6185 4,6508
4,3338 4,3661
4,8308 4,8638
5,3776 5,4110
501 15:50:20
4,6186 4,6509
4,3335 4,3658
4,8303 4,8633
5,3770 5,4104
502 15:51:20
4,6185 4,6508
4,3334 4,3657
4,8297 4,8628
5,3769 5,4103
503 15:52:21
4,6188 4,6511
4,3337 4,3660
4,8300 4,8631
5,3773 5,4107
504 15:53:21
4,6195 4,6518
4,3339 4,3662
4,8308 4,8639
5,3778 5,4112
505 15:54:20
4,6198 4,6521
4,3338 4,3661
4,8306 4,8637
5,3779 5,4113
506 15:55:20
4,6202 4,6525
4,3336 4,3659
4,8305 4,8636
5,3777 5,4111
507 15:56:21
4,6188 4,6511
4,3316 4,3639
4,8286 4,8616
5,3757 5,4091
508 15:57:21
4,6193 4,6516
4,3329 4,3652
4,8296 4,8626
5,3760 5,4094
509 15:58:21
4,6196 4,6519
4,3327 4,3650
4,8299 4,8629
5,3756 5,4090
510 15:59:20
4,6197 4,6520
4,3331 4,3654
4,8298 4,8628
5,3755 5,4089
511 16:00:20
4,6193 4,6516
4,3327 4,3650
4,8296 4,8626
5,3744 5,4078
512 16:01:21
4,6189 4,6512
4,3282 4,3605
4,8272 4,8602
5,3746 5,4080
513 16:02:21
4,6189 4,6512
4,3260 4,3583
4,8272 4,8602
5,3733 5,4067
514 16:03:20
4,6169 4,6492
4,3228 4,3551
4,8254 4,8584
5,3711 5,4045
515 16:04:20
4,6173 4,6496
4,3223 4,3546
4,8258 4,8588
5,3703 5,4037
516 16:05:20
4,6189 4,6512
4,3242 4,3565
4,8262 4,8592
5,3739 5,4073
517 16:06:21
4,6177 4,6500
4,3229 4,3552
4,8251 4,8582
5,3729 5,4063
518 16:07:21
4,6177 4,6500
4,3213 4,3536
4,8248 4,8579
5,3720 5,4054
519 16:08:20
4,6173 4,6496
4,3203 4,3526
4,8251 4,8582
5,3712 5,4046
520 16:09:20
4,6182 4,6505
4,3235 4,3558
4,8264 4,8595
5,3735 5,4069
521 16:10:21
4,6205 4,6528
4,3253 4,3576
4,8290 4,8621
5,3765 5,4099
522 16:11:21
4,6205 4,6528
4,3250 4,3573
4,8279 4,8610
5,3764 5,4098
523 16:12:21
4,6200 4,6523
4,3252 4,3575
4,8275 4,8606
5,3765 5,4099
524 16:13:20
4,6200 4,6523
4,3264 4,3587
4,8275 4,8606
5,3759 5,4093
525 16:14:20
4,6200 4,6523
4,3275 4,3598
4,8282 4,8613
5,3764 5,4098
526 16:15:21
4,6200 4,6523
4,3280 4,3603
4,8286 4,8617
5,3758 5,4092
527 16:16:21
4,6199 4,6522
4,3288 4,3611
4,8289 4,8619
5,3751 5,4085
528 16:17:20
4,6195 4,6518
4,3276 4,3599
4,8293 4,8623
5,3762 5,4096
529 16:18:20
4,6195 4,6518
4,3272 4,3595
4,8281 4,8611
5,3756 5,4090
530 16:19:21
4,6193 4,6516
4,3258 4,3581
4,8279 4,8609
5,3750 5,4084
531 16:20:21
4,6194 4,6517
4,3265 4,3588
4,8280 4,8610
5,3745 5,4079
532 16:21:21
4,6195 4,6518
4,3278 4,3601
4,8282 4,8613
5,3748 5,4082
533 16:22:20
4,6194 4,6517
4,3285 4,3608
4,8289 4,8620
5,3752 5,4086
534 16:23:20
4,6193 4,6516
4,3276 4,3599
4,8283 4,8614
5,3747 5,4081
535 16:24:21
4,6183 4,6506
4,3272 4,3595
4,8274 4,8605
5,3735 5,4069
536 16:25:21
4,6179 4,6502
4,3273 4,3596
4,8267 4,8598
5,3724 5,4058
537 16:26:21
4,6179 4,6502
4,3279 4,3602
4,8273 4,8604
5,3731 5,4065
538 16:27:21
4,6178 4,6501
4,3266 4,3589
4,8267 4,8598
5,3726 5,4060
539 16:28:20
4,6178 4,6501
4,3269 4,3592
4,8262 4,8593
5,3727 5,4061
540 16:29:21
4,6185 4,6508
4,3280 4,3603
4,8269 4,8600
5,3729 5,4063
541 16:30:21
4,6175 4,6498
4,3269 4,3592
4,8256 4,8587
5,3715 5,4049
542 16:31:21
4,6183 4,6506
4,3283 4,3606
4,8267 4,8598
5,3730 5,4064
543 16:32:20
4,6183 4,6506
4,3287 4,3610
4,8267 4,8598
5,3720 5,4054
544 16:33:20
4,6185 4,6508
4,3286 4,3609
4,8271 4,8602
5,3722 5,4056
545 16:34:21
4,6186 4,6509
4,3291 4,3614
4,8277 4,8608
5,3726 5,4060
546 16:35:21
4,6185 4,6508
4,3297 4,3620
4,8279 4,8610
5,3729 5,4063
547 16:36:21
4,6185 4,6508
4,3305 4,3628
4,8281 4,8611
5,3721 5,4056
548 16:37:21
4,6186 4,6509
4,3306 4,3629
4,8286 4,8616
5,3703 5,4038
549 16:38:20
4,6184 4,6507
4,3298 4,3621
4,8284 4,8614
5,3721 5,4056
550 16:39:21
4,6182 4,6505
4,3300 4,3623
4,8280 4,8610
5,3721 5,4056
551 16:40:21
4,6181 4,6504
4,3300 4,3623
4,8277 4,8607
5,3717 5,4052
552 16:41:21
4,6140 4,6463
4,3238 4,3561
4,8227 4,8558
5,3645 5,3979
553 16:42:20
4,6119 4,6442
4,3213 4,3536
4,8195 4,8526
5,3623 5,3957
554 16:43:20
4,6122 4,6445
4,3240 4,3563
4,8203 4,8534
5,3645 5,3979
555 16:44:21
4,6161 4,6484
4,3268 4,3591
4,8236 4,8567
5,3688 5,4022
556 16:45:21
4,6161 4,6484
4,3260 4,3583
4,8239 4,8570
5,3692 5,4026
557 16:46:21
4,6149 4,6472
4,3237 4,3560
4,8221 4,8552
5,3677 5,4011
558 16:47:21
4,6149 4,6472
4,3238 4,3561
4,8218 4,8549
5,3680 5,4014
559 16:48:20
4,6133 4,6456
4,3224 4,3547
4,8202 4,8533
5,3658 5,3992
560 16:49:20
4,6149 4,6472
4,3247 4,3570
4,8223 4,8554
5,3682 5,4016
561 16:50:21
4,6150 4,6473
4,3248 4,3571
4,8222 4,8553
5,3681 5,4015
562 16:51:21
4,6151 4,6474
4,3255 4,3578
4,8229 4,8560
5,3679 5,4013
563 16:52:21
4,6161 4,6484
4,3277 4,3600
4,8241 4,8572
5,3697 5,4031
564 16:53:20
4,6161 4,6484
4,3286 4,3609
4,8249 4,8580
5,3700 5,4034
565 16:54:20
4,6161 4,6484
4,3292 4,3615
4,8259 4,8590
5,3701 5,4035
566 16:55:21
4,6171 4,6494
4,3306 4,3629
4,8269 4,8600
5,3710 5,4044
567 16:56:21
4,6169 4,6492
4,3298 4,3621
4,8259 4,8590
5,3675 5,4009
568 16:57:20
4,6165 4,6488
4,3285 4,3608
4,8254 4,8585
5,3678 5,4012
569 16:58:20
4,6168 4,6491
4,3281 4,3604
4,8251 4,8582
5,3686 5,4020
570 16:59:21
4,6173 4,6496
4,3288 4,3611
4,8257 4,8588
5,3688 5,4022
571 17:00:21
4,6184 4,6507
4,3310 4,3633
4,8271 4,8602
5,3705 5,4039
572 17:01:21
4,6184 4,6507
4,3296 4,3619
4,8268 4,8599
5,3711 5,4045
573 17:02:20
4,6187 4,6510
4,3307 4,3630
4,8271 4,8602
5,3707 5,4041
574 17:03:20
4,6193 4,6516
4,3313 4,3636
4,8277 4,8608
5,3713 5,4047
575 17:04:21
4,6199 4,6522
4,3322 4,3645
4,8271 4,8602
5,3710 5,4044
576 17:05:21
4,6196 4,6519
4,3315 4,3638
4,8262 4,8593
5,3703 5,4037
577 17:06:21
4,6197 4,6520
4,3321 4,3644
4,8264 4,8595
5,3696 5,4030
578 17:07:20
4,6197 4,6520
4,3331 4,3654
4,8254 4,8585
5,3692 5,4026
579 17:08:20
4,6205 4,6528
4,3325 4,3648
4,8272 4,8603
5,3704 5,4038
580 17:09:21
4,6193 4,6516
4,3308 4,3631
4,8264 4,8595
5,3706 5,4040
581 17:10:21
4,6198 4,6521
4,3311 4,3634
4,8270 4,8601
5,3712 5,4046
582 17:11:21
4,6200 4,6523
4,3307 4,3630
4,8274 4,8605
5,3718 5,4052
583 17:12:20
4,6197 4,6520
4,3304 4,3627
4,8272 4,8603
5,3715 5,4049
584 17:13:21
4,6195 4,6518
4,3305 4,3628
4,8272 4,8603
5,3709 5,4043
585 17:14:21
4,6185 4,6508
4,3291 4,3614
4,8269 4,8600
5,3703 5,4037
586 17:15:21
4,6184 4,6507
4,3289 4,3612
4,8273 4,8604
5,3703 5,4037
587 17:16:21
4,6190 4,6513
4,3286 4,3609
4,8277 4,8608
5,3706 5,4040
588 17:17:20
4,6182 4,6505
4,3278 4,3601
4,8266 4,8597
5,3697 5,4031
589 17:18:21
4,6178 4,6501
4,3276 4,3599
4,8264 4,8595
5,3692 5,4026
590 17:19:21
4,6154 4,6477
4,3249 4,3572
4,8241 4,8572
5,3664 5,3998
591 17:20:21
4,6153 4,6476
4,3253 4,3576
4,8243 4,8574
5,3666 5,4000
592 17:21:20
4,6171 4,6494
4,3276 4,3599
4,8268 4,8599
5,3671 5,4005
593 17:22:20
4,6195 4,6518
4,3303 4,3626
4,8295 4,8626
5,3704 5,4038
594 17:23:21
4,6199 4,6522
4,3292 4,3615
4,8294 4,8625
5,3711 5,4045
595 17:24:21
4,6196 4,6519
4,3287 4,3610
4,8304 4,8635
5,3707 5,4041
596 17:25:21
4,6204 4,6527
4,3303 4,3626
4,8307 4,8638
5,3716 5,4050
597 17:26:21
4,6201 4,6524
4,3298 4,3621
4,8299 4,8630
5,3714 5,4048
598 17:27:20
4,6205 4,6528
4,3298 4,3621
4,8303 4,8634
5,3717 5,4051
599 17:28:20
4,6199 4,6522
4,3290 4,3613
4,8298 4,8629
5,3710 5,4044
600 17:29:21
4,6206 4,6529
4,3288 4,3611
4,8311 4,8642
5,3712 5,4046
601 17:30:21
4,6207 4,6530
4,3288 4,3611
4,8310 4,8641
5,3711 5,4045
602 17:31:22
4,6208 4,6531
4,3288 4,3611
4,8304 4,8635
5,3711 5,4045
603 17:32:21
4,6207 4,6530
4,3285 4,3608
4,8304 4,8635
5,3713 5,4047
604 17:33:20
4,6206 4,6529
4,3291 4,3614
4,8299 4,8630
5,3710 5,4044
605 17:34:20
4,6217 4,6540
4,3308 4,3631
4,8308 4,8639
5,3722 5,4056
606 17:35:21
4,6219 4,6542
4,3316 4,3639
4,8312 4,8643
5,3714 5,4048
607 17:36:21
4,6220 4,6543
4,3317 4,3640
4,8316 4,8647
5,3715 5,4049
608 17:37:21
4,6220 4,6543
4,3313 4,3636
4,8320 4,8651
5,3715 5,4049
609 17:38:20
4,6219 4,6542
4,3323 4,3646
4,8325 4,8656
5,3715 5,4049
610 17:39:21
4,6218 4,6541
4,3327 4,3650
4,8326 4,8657
5,3713 5,4047
611 17:40:21
4,6218 4,6541
4,3326 4,3649
4,8329 4,8660
5,3713 5,4047
612 17:41:21
4,6218 4,6541
4,3323 4,3646
4,8332 4,8663
5,3714 5,4048
613 17:42:20
4,6217 4,6540
4,3309 4,3632
4,8326 4,8657
5,3716 5,4050
614 17:43:20
4,6217 4,6540
4,3304 4,3627
4,8325 4,8656
5,3712 5,4046
615 17:44:21
4,6217 4,6540
4,3306 4,3629
4,8322 4,8653
5,3706 5,4040
616 17:45:21
4,6221 4,6544
4,3306 4,3629
4,8324 4,8655
5,3707 5,4041
617 17:46:21
4,6221 4,6544
4,3309 4,3632
4,8325 4,8656
5,3708 5,4042
618 17:47:20
4,6222 4,6545
4,3310 4,3633
4,8326 4,8657
5,3709 5,4043
619 17:48:20
4,6222 4,6545
4,3307 4,3630
4,8328 4,8659
5,3715 5,4049
620 17:49:21
4,6223 4,6546
4,3302 4,3625
4,8327 4,8658
5,3723 5,4057
621 17:50:21
4,6222 4,6545
4,3311 4,3634
4,8331 4,8662
5,3718 5,4052
622 17:51:21
4,6222 4,6545
4,3312 4,3635
4,8326 4,8657
5,3718 5,4052
623 17:52:21
4,6222 4,6545
4,3309 4,3632
4,8326 4,8657
5,3709 5,4043
624 17:53:20
4,6221 4,6544
4,3315 4,3638
4,8329 4,8660
5,3707 5,4041
625 17:54:21
4,6221 4,6544
4,3316 4,3639
4,8325 4,8656
5,3705 5,4039
626 17:55:21
4,6211 4,6534
4,3303 4,3626
4,8314 4,8645
5,3690 5,4024
627 17:56:21
4,6217 4,6540
4,3302 4,3625
4,8320 4,8651
5,3690 5,4024
628 17:57:20
4,6222 4,6545
4,3309 4,3632
4,8323 4,8654
5,3696 5,4030
629 17:58:20
4,6215 4,6538
4,3311 4,3634
4,8318 4,8649
5,3692 5,4026
630 17:59:21
4,6212 4,6535
4,3300 4,3623
4,8315 4,8646
5,3675 5,4009
631 18:00:21
4,6205 4,6536
4,3294 4,3627
4,8314 4,8648
5,3666 5,4013
632 18:01:21
4,6194 4,6546
4,3279 4,3636
4,8300 4,8661
5,3667 5,4034
633 18:02:20
4,6199 4,6535
4,3289 4,3631
4,8307 4,8653
5,3673 5,4022
634 18:03:20
4,6198 4,6551
4,3283 4,3642
4,8307 4,8669
5,3672 5,4040
635 18:04:21
4,6204 4,6543
4,3285 4,3626
4,8312 4,8661
5,3673 5,4025
636 18:05:21
4,6204 4,6543
4,3281 4,3622
4,8313 4,8661
5,3673 5,4025
637 18:06:21
4,6198 4,6549
4,3267 4,3624
4,8300 4,8661
5,3665 5,4034
638 18:07:21
4,6198 4,6552
4,3262 4,3621
4,8295 4,8659
5,3658 5,4028
639 18:08:20
4,6199 4,6548
4,3265 4,3615
4,8291 4,8650
5,3654 5,4018
640 18:09:20
4,6198 4,6552
4,3262 4,3617
4,8289 4,8658
5,3653 5,4022
641 18:10:21
4,6196 4,6551
4,3261 4,3620
4,8283 4,8648
5,3658 5,4023
642 18:11:21
4,6196 4,6553
4,3262 4,3624
4,8284 4,8656
5,3664 5,4037
643 18:12:21
4,6194 4,6556
4,3264 4,3630
4,8280 4,8657
5,3661 5,4040
644 18:13:20
4,6193 4,6558
4,3259 4,3628
4,8280 4,8655
5,3660 5,4042
645 18:14:20
4,6195 4,6559
4,3259 4,3624
4,8277 4,8651
5,3662 5,4043
646 18:15:20
4,6194 4,6559
4,3260 4,3626
4,8281 4,8656
5,3661 5,4043
647 18:17:20
4,6194 4,6558
4,3258 4,3627
4,8282 4,8660
5,3661 5,4041
648 18:18:20
4,6194 4,6560
4,3260 4,3630
4,8281 4,8657
5,3665 5,4045
649 18:19:21
4,6195 4,6559
4,3251 4,3620
4,8282 4,8656
5,3662 5,4043
650 18:20:21
4,6193 4,6556
4,3255 4,3619
4,8276 4,8654
5,3660 5,4040
651 18:21:21
4,6195 4,6559
4,3255 4,3620
4,8282 4,8656
5,3662 5,4037
652 18:22:43
4,6195 4,6559
4,3259 4,3624
4,8282 4,8656
5,3662 5,4043
653 18:23:22
4,6195 4,6561
4,3264 4,3633
4,8282 4,8658
5,3668 5,4051
654 18:24:28
4,6193 4,6558
4,3267 4,3636
4,8285 4,8661
5,3666 5,4048
655 18:25:21
4,6194 4,6558
4,3268 4,3636
4,8286 4,8660
5,3673 5,4048
656 18:26:21
4,6193 4,6558
4,3272 4,3640
4,8295 4,8670
5,3673 5,4055
657 18:27:20
4,6193 4,6558
4,3275 4,3640
4,8291 4,8671
5,3672 5,4048
658 18:28:20
4,6197 4,6554
4,3275 4,3637
4,8294 4,8661
5,3678 5,4051
659 18:29:21
4,6195 4,6559
4,3277 4,3641
4,8286 4,8662
5,3679 5,4055
660 18:30:21
4,6195 4,6559
4,3281 4,3649
4,8281 4,8660
5,3681 5,4062
661 18:31:20
4,6198 4,6556
4,3286 4,3645
4,8290 4,8658
5,3691 5,4064
662 18:32:20
4,6195 4,6557
4,3289 4,3651
4,8281 4,8658
5,3687 5,4066
663 18:33:21
4,6193 4,6560
4,3287 4,3654
4,8285 4,8662
5,3685 5,4069
664 18:34:21
4,6193 4,6558
4,3287 4,3652
4,8290 4,8665
5,3691 5,4073
665 18:35:21
4,6193 4,6558
4,3283 4,3652
4,8286 4,8666
5,3692 5,4075
666 18:36:20
4,6194 4,6556
4,3287 4,3654
4,8286 4,8658
5,3692 5,4071
667 18:37:20
4,6194 4,6560
4,3288 4,3658
4,8280 4,8661
5,3691 5,4075
668 18:38:21
4,6203 4,6544
4,3300 4,3643
4,8296 4,8645
5,3709 5,4063
669 18:39:21
4,6208 4,6545
4,3301 4,3640
4,8305 4,8652
5,3715 5,4065
670 18:40:20
4,6210 4,6546
4,3299 4,3637
4,8307 4,8652
5,3717 5,4066
671 18:41:20
4,6195 4,6557
4,3281 4,3647
4,8287 4,8659
5,3698 5,4074
672 18:42:21
4,6216 4,6545
4,3297 4,3632
4,8311 4,8653
5,3725 5,4059
673 18:43:21
4,6218 4,6545
4,3303 4,3637
4,8317 4,8653
5,3727 5,4066
674 18:44:20
4,6218 4,6545
4,3304 4,3636
4,8317 4,8653
5,3727 5,4066
675 18:45:20
4,6233 4,6559
4,3319 4,3648
4,8326 4,8665
5,3744 5,4081
676 18:46:20
4,6235 4,6558
4,3323 4,3649
4,8330 4,8666
5,3746 5,4080
677 18:47:21
4,6235 4,6558
4,3319 4,3649
4,8329 4,8660
5,3746 5,4080
678 18:48:21
4,6223 4,6558
4,3307 4,3644
4,8318 4,8666
5,3732 5,4080
679 18:49:21
4,6220 4,6555
4,3304 4,3645
4,8313 4,8662
5,3732 5,4077
680 18:50:20
4,6221 4,6557
4,3309 4,3651
4,8313 4,8658
5,3729 5,4078
681 18:51:20
4,6221 4,6557
4,3309 4,3651
4,8314 4,8664
5,3736 5,4085
682 18:52:20
4,6221 4,6557
4,3313 4,3655
4,8313 4,8658
5,3736 5,4085
683 18:53:21
4,6221 4,6557
4,3313 4,3655
4,8314 4,8664
5,3742 5,4091
684 18:54:21
4,6221 4,6557
4,3309 4,3647
4,8313 4,8658
5,3736 5,4085
685 18:55:20
4,6222 4,6558
4,3314 4,3656
4,8314 4,8659
5,3737 5,4085
686 18:56:20
4,6222 4,6558
4,3312 4,3651
4,8310 4,8660
5,3737 5,4086
687 18:57:21
4,6222 4,6558
4,3314 4,3656
4,8310 4,8656
5,3735 5,4083
688 18:58:21
4,6208 4,6568
4,3300 4,3661
4,8295 4,8664
5,3720 5,4091
689 18:59:21
4,6220 4,6557
4,3304 4,3647
4,8309 4,8655
5,3735 5,4085
690 19:00:20
4,6220 4,6558
4,3308 4,3648
4,8307 4,8654
5,3729 5,4079
691 19:02:20
4,6220 4,6558
4,3310 4,3651
4,8307 4,8654
5,3729 5,4080
692 19:03:20
4,6220 4,6557
4,3316 4,3659
4,8309 4,8655
5,3735 5,4079
693 19:04:21
4,6221 4,6559
4,3317 4,3661
4,8308 4,8655
5,3736 5,4087
694 19:05:21
4,6223 4,6557
4,3319 4,3659
4,8310 4,8653
5,3738 5,4084
695 19:06:21
4,6224 4,6558
4,3324 4,3664
4,8311 4,8654
5,3739 5,4086
696 19:07:20
4,6226 4,6560
4,3326 4,3662
4,8315 4,8657
5,3735 5,4081
697 19:08:20
4,6223 4,6560
4,3323 4,3662
4,8312 4,8657
5,3740 5,4089
698 19:09:21
4,6223 4,6560
4,3323 4,3662
4,8312 4,8658
5,3738 5,4088
699 19:10:21
4,6223 4,6560
4,3319 4,3662
4,8312 4,8658
5,3732 5,4082
700 19:11:21
4,6224 4,6562
4,3316 4,3660
4,8311 4,8658
5,3727 5,4078
701 19:12:20
4,6222 4,6561
4,3314 4,3655
4,8311 4,8659
5,3731 5,4077
702 19:13:20
4,6223 4,6561
4,3319 4,3659
4,8310 4,8657
5,3732 5,4077
703 19:14:21
4,6223 4,6561
4,3315 4,3659
4,8305 4,8652
5,3726 5,4077
704 19:15:21
4,6221 4,6563
4,3309 4,3657
4,8298 4,8649
5,3722 5,4078
705 20:24:21
4,6238 4,6574
4,3350 4,3692
4,8327 4,8677
5,3724 5,4073
706 20:25:21
4,6238 4,6574
4,3350 4,3692
4,8326 4,8671
5,3724 5,4073
707 20:26:21
4,6238 4,6574
4,3354 4,3696
4,8322 4,8671
5,3724 5,4072
708 20:27:21
4,6238 4,6574
4,3354 4,3696
4,8326 4,8671
5,3730 5,4078
709 20:28:20
4,6238 4,6574
4,3358 4,3700
4,8326 4,8671
5,3730 5,4078
710 20:29:20
4,6238 4,6574
4,3362 4,3704
4,8326 4,8671
5,3730 5,4078
711 20:30:21
4,6238 4,6576
4,3362 4,3706
4,8326 4,8673
5,3731 5,4082
712 20:31:21
4,6242 4,6573
4,3366 4,3703
4,8332 4,8672
5,3736 5,4078
713 20:32:21
4,6242 4,6573
4,3366 4,3699
4,8332 4,8672
5,3736 5,4078
714 20:33:21
4,6242 4,6573
4,3366 4,3699
4,8332 4,8672
5,3736 5,4078
715 20:34:20
4,6244 4,6574
4,3366 4,3703
4,8332 4,8671
5,3738 5,4079
716 20:35:20
4,6254 4,6584
4,3373 4,3709
4,8344 4,8682
5,3748 5,4090
717 20:36:21
4,6254 4,6584
4,3373 4,3709
4,8344 4,8682
5,3748 5,4090
718 20:37:21
4,6245 4,6587
4,3364 4,3712
4,8333 4,8684
5,3739 5,4094
719 20:38:20
4,6244 4,6588
4,3363 4,3709
4,8332 4,8685
5,3737 5,4095
720 20:39:20
4,6244 4,6588
4,3359 4,3708
4,8332 4,8685
5,3743 5,4101
721 20:40:21
4,6252 4,6583
4,3371 4,3708
4,8342 4,8681
5,3755 5,4098
722 20:41:21
4,6254 4,6584
4,3369 4,3705
4,8344 4,8682
5,3756 5,4097
723 20:42:21
4,6254 4,6583
4,3369 4,3704
4,8344 4,8681
5,3756 5,4096
724 20:43:20
4,6254 4,6583
4,3373 4,3708
4,8339 4,8676
5,3756 5,4096
725 20:44:20
4,6254 4,6583
4,3373 4,3709
4,8339 4,8676
5,3756 5,4096
726 20:45:21
4,6254 4,6583
4,3369 4,3704
4,8339 4,8676
5,3762 5,4096
727 20:46:21
4,6249 4,6586
4,3372 4,3715
4,8334 4,8679
5,3756 5,4107
728 20:47:21
4,6253 4,6586
4,3376 4,3715
4,8343 4,8684
5,3767 5,4111
729 20:48:21
4,6256 4,6588
4,3383 4,3717
4,8345 4,8690
5,3769 5,4113
730 20:49:20
4,6256 4,6588
4,3379 4,3717
4,8351 4,8691
5,3769 5,4113
731 20:50:20
4,6252 4,6587
4,3379 4,3716
4,8348 4,8696
5,3767 5,4114
732 20:51:20
4,6252 4,6587
4,3379 4,3716
4,8352 4,8695
5,3767 5,4114
733 20:52:21
4,6252 4,6587
4,3379 4,3720
4,8358 4,8702
5,3767 5,4114
734 20:53:21
4,6253 4,6587
4,3384 4,3720
4,8358 4,8700
5,3766 5,4112
735 20:54:21
4,6252 4,6587
4,3383 4,3720
4,8352 4,8695
5,3767 5,4114
736 20:55:20
4,6256 4,6587
4,3387 4,3720
4,8356 4,8695
5,3771 5,4113
737 20:56:20
4,6257 4,6589
4,3388 4,3726
4,8357 4,8697
5,3771 5,4115
738 20:57:21
4,6257 4,6589
4,3384 4,3718
4,8352 4,8692
5,3772 5,4111
739 20:58:21
4,6257 4,6589
4,3380 4,3718
4,8357 4,8697
5,3764 5,4108
740 20:59:21
4,6251 4,6574
4,3382 4,3711
4,8350 4,8681
5,3751 5,4085
741 21:00:21
4,6249 4,6572
4,3381 4,3708
4,8343 4,8674
5,3748 5,4082
742 21:01:20
4,6249 4,6572
4,3381 4,3708
4,8343 4,8674
5,3755 5,4089
743 21:02:21
4,6249 4,6572
4,3385 4,3712
4,8343 4,8674
5,3750 5,4084
744 21:03:21
4,6249 4,6572
4,3377 4,3704
4,8338 4,8669
5,3749 5,4083
745 21:04:21
4,6253 4,6576
4,3379 4,3702
4,8345 4,8676
5,3754 5,4088
746 21:05:21
4,6253 4,6576
4,3379 4,3702
4,8343 4,8674
5,3754 5,4088
747 21:06:21
4,6252 4,6588
4,3379 4,3721
4,8342 4,8686
5,3759 5,4101
748 21:07:20
4,6252 4,6588
4,3379 4,3721
4,8342 4,8686
5,3755 5,4102
749 21:08:20
4,6252 4,6588
4,3379 4,3721
4,8342 4,8686
5,3753 5,4102
750 21:09:20
4,6246 4,6571
4,3378 4,3710
4,8336 4,8669
5,3751 5,4085
751 21:10:20
4,6248 4,6571
4,3376 4,3706
4,8338 4,8669
5,3749 5,4083
752 21:11:21
4,6249 4,6572
4,3380 4,3709
4,8338 4,8669
5,3743 5,4077
753 21:12:21
4,6243 4,6582
4,3379 4,3721
4,8333 4,8681
5,3737 5,4089
754 21:13:21
4,6242 4,6583
4,3375 4,3721
4,8327 4,8677
5,3730 5,4085
755 21:14:20
4,6242 4,6583
4,3375 4,3721
4,8327 4,8677
5,3730 5,4085
756 21:15:21
4,6242 4,6583
4,3375 4,3721
4,8327 4,8677
5,3730 5,4085
757 21:16:21
4,6242 4,6583
4,3375 4,3721
4,8327 4,8677
5,3730 5,4085
758 21:17:21
4,6242 4,6583
4,3375 4,3721
4,8332 4,8682
5,3736 5,4084
759 21:18:21
4,6242 4,6583
4,3375 4,3721
4,8326 4,8681
5,3736 5,4090
760 21:19:21
4,6242 4,6583
4,3375 4,3721
4,8332 4,8682
5,3736 5,4090
761 21:20:20
4,6242 4,6583
4,3371 4,3713
4,8326 4,8681
5,3736 5,4091
762 21:21:20
4,6242 4,6583
4,3371 4,3717
4,8327 4,8677
5,3736 5,4090
763 21:22:20
4,6242 4,6583
4,3371 4,3717
4,8327 4,8677
5,3737 5,4092
764 21:23:21
4,6242 4,6583
4,3371 4,3717
4,8327 4,8677
5,3741 5,4095
765 21:24:21
4,6242 4,6583
4,3371 4,3713
4,8327 4,8677
5,3743 5,4096
766 21:25:21
4,6242 4,6583
4,3371 4,3717
4,8327 4,8677
5,3742 5,4096
767 21:26:21
4,6254 4,6583
4,3381 4,3716
4,8339 4,8676
5,3756 5,4096
768 21:27:20
4,6254 4,6583
4,3381 4,3712
4,8339 4,8676
5,3756 5,4096
769 21:28:20
4,6254 4,6584
4,3377 4,3713
4,8339 4,8677
5,3756 5,4097
770 21:29:21
4,6256 4,6584
4,3379 4,3713
4,8341 4,8677
5,3758 5,4097
771 21:30:21
4,6257 4,6588
4,3380 4,3718
4,8342 4,8681
5,3759 5,4104
772 21:31:21
4,6267 4,6592
4,3390 4,3718
4,8352 4,8685
5,3771 5,4107
773 21:32:21
4,6258 4,6590
4,3381 4,3719
4,8343 4,8683
5,3759 5,4097
774 21:33:21
4,6255 4,6588
4,3382 4,3721
4,8340 4,8681
5,3758 5,4097
775 21:34:21
4,6260 4,6592
4,3387 4,3725
4,8345 4,8685
5,3763 5,4106
776 21:35:21
4,6258 4,6590
4,3385 4,3719
4,8339 4,8683
5,3759 5,4103
777 21:36:20
4,6258 4,6588
4,3381 4,3717
4,8338 4,8676
5,3760 5,4101
778 21:37:20
4,6258 4,6592
4,3381 4,3721
4,8338 4,8680
5,3765 5,4105
779 21:38:21
4,6258 4,6592
4,3383 4,3720
4,8338 4,8680
5,3766 5,4113
780 21:39:21
4,6257 4,6590
4,3384 4,3720
4,8338 4,8684
5,3765 5,4111
781 21:40:21
4,6260 4,6592
4,3389 4,3728
4,8344 4,8685
5,3768 5,4106
782 21:41:21
4,6259 4,6592
4,3390 4,3727
4,8344 4,8685
5,3769 5,4114
783 21:42:21
4,6258 4,6587
4,3385 4,3720
4,8343 4,8680
5,3768 5,4109
784 21:43:21
4,6261 4,6593
4,3390 4,3725
4,8345 4,8686
5,3769 5,4113
785 21:44:21
4,6260 4,6591
4,3387 4,3725
4,8346 4,8686
5,3770 5,4113
786 21:45:20
4,6258 4,6590
4,3385 4,3723
4,8348 4,8688
5,3765 5,4103
787 21:46:20
4,6257 4,6592
4,3388 4,3725
4,8348 4,8692
5,3765 5,4107
788 21:47:21
4,6257 4,6590
4,3388 4,3723
4,8347 4,8688
5,3765 5,4111
789 21:48:21
4,6257 4,6590
4,3388 4,3728
4,8347 4,8694
5,3765 5,4111
790 21:49:21
4,6257 4,6590
4,3388 4,3727
4,8353 4,8695
5,3765 5,4111
791 21:50:20
4,6257 4,6590
4,3388 4,3727
4,8348 4,8693
5,3765 5,4111
792 21:51:20
4,6262 4,6589
4,3393 4,3727
4,8357 4,8692
5,3771 5,4109
793 21:52:21
4,6263 4,6593
4,3392 4,3729
4,8352 4,8691
5,3779 5,4120
794 21:53:21
4,6263 4,6593
4,3392 4,3729
4,8352 4,8691
5,3779 5,4120
795 21:54:21
4,6263 4,6593
4,3398 4,3730
4,8352 4,8695
5,3779 5,4120
796 21:55:21
4,6280 4,6603
4,3415 4,3742
4,8374 4,8706
5,3799 5,4133
797 21:56:21
4,6281 4,6604
4,3413 4,3739
4,8372 4,8703
5,3799 5,4133
798 21:57:21
4,6279 4,6602
4,3411 4,3734
4,8370 4,8701
5,3794 5,4128
799 21:58:21
4,6280 4,6603
4,3410 4,3733
4,8371 4,8702
5,3792 5,4126
800 21:59:20
4,6276 4,6603
4,3406 4,3735
4,8367 4,8702
5,3794 5,4132
801 22:00:21
4,6274 4,6603
4,3408 4,3743
4,8365 4,8702
5,3792 5,4133
802 22:01:21
4,6274 4,6604
4,3404 4,3736
4,8360 4,8698
5,3790 5,4132
803 22:02:21
4,6274 4,6604
4,3408 4,3744
4,8361 4,8703
5,3784 5,4126
804 22:03:21
4,6269 4,6606
4,3407 4,3746
4,8356 4,8701
5,3779 5,4129
805 22:04:21
4,6271 4,6606
4,3409 4,3746
4,8353 4,8701
5,3783 5,4130
806 22:05:21
4,6275 4,6609
4,3413 4,3749
4,8359 4,8702
5,3786 5,4133
807 22:06:20
4,6274 4,6608
4,3412 4,3748
4,8354 4,8701
5,3791 5,4138
808 22:07:20
4,6273 4,6606
4,3419 4,3754
4,8359 4,8700
5,3798 5,4143
809 22:08:21
4,6273 4,6606
4,3415 4,3754
4,8359 4,8700
5,3791 5,4129
810 22:09:21
4,6273 4,6606
4,3415 4,3754
4,8360 4,8702
5,3785 5,4130
811 22:10:21
4,6273 4,6606
4,3416 4,3755
4,8360 4,8706
5,3785 5,4130
812 22:11:20
4,6273 4,6606
4,3415 4,3754
4,8360 4,8706
5,3785 5,4130
813 22:12:20
4,6271 4,6606
4,3418 4,3756
4,8357 4,8700
5,3783 5,4130
814 22:13:20
4,6273 4,6606
4,3415 4,3754
4,8359 4,8700
5,3785 5,4130
815 22:14:21
4,6272 4,6605
4,3410 4,3749
4,8357 4,8699
5,3781 5,4128
816 22:15:21
4,6263 4,6605
4,3401 4,3748
4,8343 4,8699
5,3771 5,4127
817 22:16:21
4,6267 4,6604
4,3409 4,3748
4,8353 4,8699
5,3777 5,4127
818 22:17:21
4,6265 4,6605
4,3407 4,3752
4,8347 4,8698
5,3775 5,4128
819 22:18:20
4,6261 4,6604
4,3404 4,3749
4,8345 4,8699
5,3778 5,4135
820 22:19:20
4,6261 4,6604
4,3401 4,3749
4,8341 4,8698
5,3771 5,4128
821 22:20:21
4,6256 4,6599
4,3397 4,3745
4,8336 4,8693
5,3764 5,4120
822 22:21:21
4,6256 4,6599
4,3399 4,3748
4,8340 4,8693
5,3765 5,4122
823 22:22:21
4,6256 4,6599
4,3399 4,3748
4,8342 4,8694
5,3765 5,4122
824 22:23:21
4,6253 4,6602
4,3396 4,3751
4,8339 4,8697
5,3761 5,4125
825 22:24:21
4,6253 4,6602
4,3396 4,3751
4,8339 4,8697
5,3761 5,4125
826 22:25:21
4,6251 4,6604
4,3394 4,3749
4,8337 4,8699
5,3759 5,4127
827 22:26:21
4,6252 4,6603
4,3396 4,3748
4,8338 4,8698
5,3760 5,4132
828 22:27:20
4,6252 4,6603
4,3396 4,3748
4,8338 4,8698
5,3760 5,4126
829 22:28:20
4,6252 4,6603
4,3388 4,3744
4,8337 4,8702
5,3760 5,4126
830 22:30:20
4,6253 4,6605
4,3387 4,3744
4,8342 4,8704
5,3760 5,4124
831 22:31:21
4,6256 4,6599
4,3388 4,3736
4,8347 4,8699
5,3759 5,4116
832 22:32:21
4,6256 4,6599
4,3392 4,3736
4,8342 4,8696
5,3759 5,4116
833 22:33:21
4,6251 4,6604
4,3383 4,3741
4,8337 4,8699
5,3753 5,4122
834 22:34:21
4,6251 4,6604
4,3383 4,3741
4,8331 4,8698
5,3753 5,4122
835 22:35:21
4,6256 4,6599
4,3388 4,3736
4,8337 4,8689
5,3759 5,4116
836 22:36:21
4,6256 4,6601
4,3390 4,3737
4,8342 4,8696
5,3765 5,4118
837 22:37:21
4,6258 4,6601
4,3394 4,3742
4,8344 4,8696
5,3761 5,4118
838 22:38:20
4,6256 4,6601
4,3388 4,3738
4,8336 4,8695
5,3759 5,4118
839 22:39:21
4,6256 4,6601
4,3388 4,3738
4,8342 4,8696
5,3752 5,4114
840 22:40:21
4,6256 4,6599
4,3388 4,3736
4,8342 4,8694
5,3753 5,4110
841 22:41:21
4,6256 4,6599
4,3388 4,3736
4,8342 4,8694
5,3753 5,4110
842 22:42:21
4,6249 4,6606
4,3381 4,3743
4,8335 4,8701
5,3745 5,4118
843 22:43:21
4,6268 4,6601
4,3394 4,3733
4,8353 4,8700
5,3767 5,4112
844 22:44:21
4,6268 4,6601
4,3395 4,3731
4,8353 4,8700
5,3767 5,4112
845 22:45:21
4,6258 4,6600
4,3383 4,3732
4,8342 4,8694
5,3753 5,4110
846 22:46:21
4,6256 4,6599
4,3384 4,3732
4,8342 4,8694
5,3753 5,4110
847 22:47:22
4,6253 4,6602
4,3385 4,3739
4,8323 4,8686
5,3761 5,4125
848 22:48:21
4,6253 4,6602
4,3384 4,3735
4,8330 4,8691
5,3761 5,4125
849 22:49:21
4,6253 4,6602
4,3385 4,3735
4,8334 4,8692
5,3761 5,4125
850 22:50:21
4,6251 4,6604
4,3383 4,3741
4,8330 4,8693
5,3759 5,4127
851 22:51:21
4,6251 4,6604
4,3379 4,3741
4,8326 4,8693
5,3759 5,4127
852 22:52:21
4,6252 4,6603
4,3380 4,3736
4,8327 4,8693
5,3754 5,4127
853 22:53:21
4,6252 4,6603
4,3380 4,3736
4,8327 4,8692
5,3754 5,4121
854 22:54:21
4,6253 4,6602
4,3381 4,3735
4,8328 4,8691
5,3761 5,4125
855 22:55:21
4,6250 4,6612
4,3373 4,3742
4,8325 4,8701
5,3751 5,4130
856 22:56:21
4,6250 4,6612
4,3376 4,3743
4,8324 4,8702
5,3751 5,4136
857 22:57:21
4,6250 4,6612
4,3377 4,3746
4,8318 4,8696
5,3752 5,4129
858 22:58:21
4,6251 4,6611
4,3377 4,3758
4,8319 4,8694
5,3752 5,4135
859 22:59:21
4,6246 4,6616
4,3376 4,3755
4,8310 4,8700
5,3745 5,4133
860 23:00:21
4,5948 4,6864
4,3074 4,4057
4,8116 4,8853
5,3428 5,4497
861 23:01:21
4,5948 4,6864
4,3074 4,4057
4,8116 4,8853
5,3428 5,4497
862 23:02:21
4,5948 4,6864
4,3074 4,4057
4,8116 4,8853
5,3428 5,4497
863 23:03:21
4,5948 4,6864
4,3074 4,4057
4,8116 4,8853
5,3428 5,4497
864 23:04:21
4,5948 4,6864
4,3074 4,4057
4,8116 4,8853
5,3428 5,4497
865 23:05:21
4,5948 4,6864
4,3074 4,4057
4,8116 4,8853
5,3428 5,4497
866 23:06:21
4,5948 4,6864
4,3074 4,4057
4,8116 4,8853
5,3428 5,4497
867 23:07:22
4,5948 4,6864
4,3074 4,4057
4,8116 4,8853
5,3428 5,4497
868 23:08:21
4,5948 4,6864
4,3074 4,4057
4,8116 4,8853
5,3428 5,4497
869 23:09:21
4,5948 4,6864
4,3074 4,4057
4,8116 4,8853
5,3428 5,4497
870 23:10:21
4,5948 4,6864
4,3074 4,4057
4,8116 4,8853
5,3428 5,4497
871 23:11:21
4,5948 4,6864
4,3074 4,4057
4,8116 4,8853
5,3428 5,4497
872 23:12:21
4,5948 4,6864
4,3074 4,4057
4,8116 4,8853
5,3428 5,4497
873 23:13:22
4,5948 4,6864
4,3074 4,4057
4,8116 4,8853
5,3428 5,4497
874 23:14:25
4,5948 4,6864
4,3074 4,4057
4,8116 4,8853
5,3428 5,4497
875 23:15:20
4,5948 4,6864
4,3074 4,4057
4,8116 4,8853
5,3428 5,4497
876 23:16:21
4,5948 4,6864
4,3074 4,4057
4,8116 4,8853
5,3428 5,4497
877 23:17:24
4,5948 4,6864
4,3074 4,4057
4,8116 4,8853
5,3428 5,4497
878 23:18:20
4,5948 4,6864
4,3074 4,4057
4,8116 4,8853
5,3428 5,4497
879 23:19:21
4,5948 4,6864
4,3074 4,4057
4,8116 4,8853
5,3428 5,4497
880 23:20:21
4,5948 4,6864
4,3074 4,4057
4,8116 4,8853
5,3428 5,4497
881 23:21:21
4,5948 4,6864
4,3074 4,4057
4,8116 4,8853
5,3428 5,4497
882 23:22:21
4,5948 4,6864
4,3074 4,4057
4,8116 4,8853
5,3428 5,4497
883 23:23:22
4,5948 4,6864
4,3074 4,4057
4,8116 4,8853
5,3428 5,4497
884 23:24:21
4,5948 4,6864
4,3074 4,4057
4,8116 4,8853
5,3428 5,4497
885 23:25:21
4,5948 4,6864
4,3074 4,4057
4,8116 4,8853
5,3428 5,4497
886 23:26:21
4,5948 4,6864
4,3074 4,4057
4,8116 4,8853
5,3428 5,4497
887 23:27:21
4,5948 4,6864
4,3074 4,4057
4,8116 4,8853
5,3428 5,4497
888 23:28:21
4,5948 4,6864
4,3074 4,4057
4,8116 4,8853
5,3428 5,4497
889 23:29:20
4,5948 4,6864
4,3074 4,4057
4,8116 4,8853
5,3428 5,4497
890 23:30:21
4,5948 4,6864
4,3074 4,4057
4,8116 4,8853
5,3428 5,4497
891 23:31:21
4,5948 4,6864
4,3074 4,4057
4,8116 4,8853
5,3428 5,4497
892 23:32:21
4,5948 4,6864
4,3074 4,4057
4,8116 4,8853
5,3428 5,4497
893 23:33:21
4,5948 4,6864
4,3074 4,4057
4,8116 4,8853
5,3428 5,4497
894 23:34:21
4,5948 4,6864
4,3074 4,4057
4,8116 4,8853
5,3428 5,4497
895 23:35:21
4,5948 4,6864
4,3074 4,4057
4,8116 4,8853
5,3428 5,4497
896 23:36:21
4,5948 4,6864
4,3074 4,4057
4,8116 4,8853
5,3428 5,4497
897 23:37:20
4,5948 4,6864
4,3074 4,4057
4,8116 4,8853
5,3428 5,4497
898 23:38:21
4,5948 4,6864
4,3074 4,4057
4,8116 4,8853
5,3428 5,4497
899 23:39:21
4,5948 4,6864
4,3074 4,4057
4,8116 4,8853
5,3428 5,4497
900 23:40:21
4,5948 4,6864
4,3074 4,4057
4,8116 4,8853
5,3428 5,4497
901 23:41:21
4,5948 4,6864
4,3074 4,4057
4,8116 4,8853
5,3428 5,4497
902 23:42:20
4,5948 4,6864
4,3074 4,4057
4,8116 4,8853
5,3428 5,4497
903 23:43:20
4,5948 4,6864
4,3074 4,4057
4,8116 4,8853
5,3428 5,4497
904 23:44:20
4,5948 4,6864
4,3074 4,4057
4,8116 4,8853
5,3428 5,4497
905 23:45:21
4,5948 4,6864
4,3074 4,4057
4,8116 4,8853
5,3428 5,4497
906 23:46:21
4,5948 4,6864
4,3074 4,4057
4,8116 4,8853
5,3428 5,4497
907 23:47:21
4,5948 4,6864
4,3074 4,4057
4,8116 4,8853
5,3428 5,4497
908 23:48:21
4,5948 4,6864
4,3074 4,4057
4,8116 4,8853
5,3428 5,4497
909 23:49:21
4,5948 4,6864
4,3074 4,4057
4,8116 4,8853
5,3428 5,4497
910 23:50:21
4,5948 4,6864
4,3074 4,4057
4,8116 4,8853
5,3428 5,4497
911 23:51:21
4,5948 4,6864
4,3074 4,4057
4,8116 4,8853
5,3428 5,4497
912 23:52:21
4,5948 4,6864
4,3074 4,4057
4,8116 4,8853
5,3428 5,4497
913 23:53:21
4,5948 4,6864
4,3074 4,4057
4,8116 4,8853
5,3428 5,4497
914 23:54:21
4,5948 4,6864
4,3074 4,4057
4,8116 4,8853
5,3428 5,4497
915 23:55:21
4,5948 4,6864
4,3074 4,4057
4,8116 4,8853
5,3428 5,4497
916 23:56:21
4,5948 4,6864
4,3074 4,4057
4,8116 4,8853
5,3428 5,4497
917 23:57:21
4,5948 4,6864
4,3074 4,4057
4,8116 4,8853
5,3428 5,4497
918 23:58:21
4,5948 4,6864
4,3074 4,4057
4,8116 4,8853
5,3428 5,4497
919 23:59:21
4,5948 4,6864
4,3074 4,4057
4,8116 4,8853
5,3428 5,4497
920 00:00:21
4,5953 4,6867
4,3075 4,4056
4,8128 4,8861
5,3429 5,4496
