#======================
2023-7-20
# 1.EUR, 2.USD, 3.CHF, 4.GBP
Sell Price, Buy Price
1 11:51
4,4354 4,4678
3,9553 3,9876
4,6076 4,6406
5,1116 5,1451
2 11:52
4,4365 4,4689
3,9563 3,9886
4,6088 4,6418
5,1126 5,1461
3 11:53
4,4347 4,4671
3,9542 3,9865
4,6071 4,6401
5,1111 5,1446
4 11:54
4,4348 4,4672
3,9544 3,9867
4,6078 4,6408
5,1115 5,1450
5 11:55
4,4348 4,4672
3,9545 3,9868
4,6078 4,6408
5,1110 5,1445
6 11:56
4,4350 4,4673
3,9545 3,9868
4,6080 4,6410
5,1112 5,1445
7 11:57
4,4351 4,4674
3,9550 3,9873
4,6087 4,6417
5,1113 5,1446
8 11:58
4,4350 4,4673
3,9551 3,9874
4,6087 4,6417
5,1112 5,1445
9 11:59
4,4351 4,4674
3,9548 3,9871
4,6087 4,6417
5,1116 5,1449
10 12:00
4,4347 4,4670
3,9548 3,9871
4,6088 4,6418
5,1109 5,1442
11 12:01
4,4350 4,4673
3,9549 3,9872
4,6095 4,6425
5,1106 5,1439
12 12:02
4,4350 4,4673
3,9549 3,9872
4,6100 4,6430
5,1106 5,1439
13 12:03
4,4332 4,4655
3,9540 3,9863
4,6082 4,6412
5,1090 5,1423
14 12:04
4,4334 4,4657
3,9542 3,9865
4,6093 4,6423
5,1094 5,1427
15 12:05
4,4329 4,4652
3,9536 3,9859
4,6091 4,6421
5,1093 5,1426
16 12:06
4,4330 4,4654
3,9543 3,9866
4,6088 4,6418
5,1093 5,1426
17 12:07
4,4332 4,4656
3,9548 3,9871
4,6092 4,6422
5,1096 5,1429
18 12:08
4,4333 4,4657
3,9553 3,9876
4,6096 4,6426
5,1097 5,1430
19 12:09
4,4333 4,4657
3,9564 3,9887
4,6089 4,6419
5,1094 5,1427
20 12:10
4,4337 4,4661
3,9560 3,9883
4,6090 4,6420
5,1094 5,1427
21 12:11
4,4338 4,4661
3,9556 3,9879
4,6093 4,6423
5,1095 5,1428
22 12:12
4,4337 4,4660
3,9557 3,9880
4,6089 4,6419
5,1092 5,1425
23 12:13
4,4345 4,4668
3,9564 3,9887
4,6100 4,6430
5,1097 5,1430
24 12:14
4,4345 4,4668
3,9563 3,9886
4,6100 4,6430
5,1098 5,1431
25 12:15
4,4348 4,4671
3,9562 3,9885
4,6101 4,6431
5,1092 5,1425
26 12:16
4,4348 4,4671
3,9558 3,9881
4,6103 4,6433
5,1086 5,1419
27 12:17
4,4342 4,4665
3,9549 3,9872
4,6096 4,6426
5,1082 5,1415
28 12:18
4,4342 4,4665
3,9547 3,9870
4,6097 4,6427
5,1085 5,1418
29 12:19
4,4345 4,4668
3,9552 3,9875
4,6102 4,6432
5,1082 5,1415
30 12:20
4,4345 4,4668
3,9545 3,9868
4,6098 4,6428
5,1086 5,1419
31 12:21
4,4345 4,4668
3,9550 3,9873
4,6099 4,6429
5,1088 5,1421
32 12:22
4,4342 4,4665
3,9544 3,9867
4,6094 4,6424
5,1082 5,1415
33 12:23
4,4345 4,4668
3,9546 3,9869
4,6092 4,6422
5,1091 5,1424
34 12:24
4,4341 4,4664
3,9545 3,9868
4,6093 4,6423
5,1087 5,1420
35 12:25
4,4341 4,4664
3,9545 3,9868
4,6089 4,6419
5,1096 5,1429
36 12:26
4,4341 4,4664
3,9546 3,9869
4,6091 4,6421
5,1095 5,1428
37 12:27
4,4341 4,4664
3,9546 3,9869
4,6091 4,6421
5,1099 5,1432
38 12:28
4,4341 4,4664
3,9544 3,9867
4,6093 4,6423
5,1110 5,1443
39 12:29
4,4340 4,4663
3,9544 3,9867
4,6087 4,6417
5,1107 5,1440
40 12:30
4,4344 4,4667
3,9550 3,9873
4,6090 4,6420
5,1101 5,1434
41 12:31
4,4348 4,4671
3,9558 3,9881
4,6084 4,6414
5,1104 5,1437
42 12:32
4,4345 4,4668
3,9552 3,9875
4,6090 4,6420
5,1104 5,1437
43 12:33
4,4345 4,4668
3,9543 3,9866
4,6086 4,6416
5,1100 5,1433
44 12:34
4,4347 4,4670
3,9543 3,9866
4,6082 4,6412
5,1099 5,1432
45 12:35
4,4349 4,4672
3,9546 3,9869
4,6084 4,6414
5,1105 5,1438
46 12:36
4,4347 4,4670
3,9545 3,9868
4,6074 4,6404
5,1115 5,1448
47 12:37
4,4350 4,4673
3,9548 3,9871
4,6086 4,6416
5,1118 5,1451
48 12:38
4,4349 4,4672
3,9546 3,9869
4,6087 4,6417
5,1108 5,1441
49 12:39
4,4343 4,4666
3,9540 3,9863
4,6076 4,6406
5,1098 5,1431
50 12:40
4,4349 4,4672
3,9548 3,9871
4,6084 4,6414
5,1102 5,1435
51 12:41
4,4350 4,4673
3,9542 3,9865
4,6086 4,6416
5,1095 5,1428
52 12:42
4,4354 4,4677
3,9537 3,9860
4,6085 4,6415
5,1099 5,1432
53 12:43
4,4355 4,4678
3,9541 3,9864
4,6082 4,6412
5,1085 5,1418
54 12:44
4,4355 4,4678
3,9543 3,9866
4,6086 4,6416
5,1085 5,1418
55 12:45
4,4355 4,4678
3,9554 3,9877
4,6089 4,6419
5,1091 5,1424
56 12:46
4,4356 4,4679
3,9561 3,9884
4,6101 4,6431
5,1080 5,1413
57 12:47
4,4360 4,4683
3,9578 3,9901
4,6106 4,6436
5,1083 5,1416
58 12:48
4,4359 4,4682
3,9582 3,9905
4,6112 4,6442
5,1079 5,1412
59 12:49
4,4361 4,4684
3,9585 3,9908
4,6116 4,6446
5,1071 5,1404
60 12:50
4,4359 4,4682
3,9589 3,9912
4,6113 4,6443
5,1072 5,1405
61 12:51
4,4347 4,4671
3,9579 3,9902
4,6094 4,6424
5,1056 5,1390
62 12:52
4,4348 4,4672
3,9584 3,9907
4,6088 4,6418
5,1065 5,1399
63 12:53
4,4347 4,4671
3,9579 3,9902
4,6105 4,6435
5,1070 5,1404
64 12:54
4,4345 4,4669
3,9578 3,9901
4,6106 4,6436
5,1074 5,1408
65 12:55
4,4345 4,4669
3,9574 3,9897
4,6105 4,6435
5,1074 5,1408
66 12:56
4,4345 4,4668
3,9573 3,9896
4,6102 4,6432
5,1074 5,1407
67 12:57
4,4345 4,4668
3,9575 3,9898
4,6102 4,6432
5,1059 5,1392
68 12:58
4,4346 4,4669
3,9574 3,9897
4,6101 4,6431
5,1066 5,1399
69 12:59
4,4339 4,4662
3,9564 3,9887
4,6090 4,6420
5,1058 5,1391
70 13:00
4,4338 4,4661
3,9569 3,9892
4,6087 4,6417
5,1059 5,1392
71 13:01
4,4336 4,4660
3,9568 3,9891
4,6086 4,6416
5,1064 5,1397
72 13:02
4,4335 4,4659
3,9567 3,9890
4,6085 4,6415
5,1063 5,1396
73 13:03
4,4343 4,4667
3,9568 3,9891
4,6090 4,6420
5,1074 5,1407
74 13:04
4,4347 4,4671
3,9574 3,9897
4,6096 4,6426
5,1080 5,1413
75 13:05
4,4344 4,4668
3,9577 3,9900
4,6094 4,6424
5,1085 5,1418
76 13:06
4,4345 4,4669
3,9573 3,9896
4,6092 4,6422
5,1103 5,1436
77 13:07
4,4345 4,4669
3,9576 3,9899
4,6088 4,6418
5,1107 5,1440
78 13:08
4,4346 4,4670
3,9580 3,9903
4,6096 4,6426
5,1098 5,1431
79 13:09
4,4344 4,4668
3,9577 3,9900
4,6097 4,6427
5,1088 5,1421
80 13:10
4,4345 4,4669
3,9581 3,9904
4,6095 4,6425
5,1085 5,1418
81 13:11
4,4338 4,4661
3,9569 3,9892
4,6089 4,6419
5,1094 5,1427
82 13:12
4,4340 4,4663
3,9567 3,9890
4,6090 4,6420
5,1093 5,1426
83 13:13
4,4341 4,4664
3,9570 3,9893
4,6090 4,6420
5,1093 5,1426
84 13:14
4,4345 4,4668
3,9577 3,9900
4,6092 4,6422
5,1085 5,1418
85 13:15
4,4349 4,4672
3,9591 3,9914
4,6094 4,6424
5,1083 5,1416
86 13:16
4,4348 4,4672
3,9594 3,9917
4,6098 4,6428
5,1092 5,1425
87 13:17
4,4347 4,4671
3,9588 3,9911
4,6097 4,6427
5,1091 5,1424
88 13:18
4,4343 4,4667
3,9581 3,9904
4,6096 4,6426
5,1084 5,1417
89 13:19
4,4337 4,4661
3,9569 3,9892
4,6092 4,6422
5,1076 5,1409
90 13:20
4,4332 4,4656
3,9571 3,9894
4,6091 4,6421
5,1074 5,1407
91 13:21
4,4338 4,4661
3,9576 3,9899
4,6094 4,6424
5,1076 5,1410
92 13:22
4,4340 4,4663
3,9574 3,9897
4,6092 4,6422
5,1077 5,1411
93 13:23
4,4343 4,4666
3,9577 3,9900
4,6092 4,6422
5,1072 5,1406
94 13:24
4,4345 4,4668
3,9580 3,9903
4,6094 4,6424
5,1078 5,1412
95 13:25
4,4345 4,4668
3,9578 3,9901
4,6092 4,6422
5,1072 5,1406
96 13:26
4,4346 4,4669
3,9577 3,9900
4,6091 4,6421
5,1076 5,1410
97 13:27
4,4342 4,4665
3,9574 3,9897
4,6086 4,6416
5,1071 5,1405
98 13:28
4,4342 4,4665
3,9574 3,9897
4,6077 4,6407
5,1056 5,1390
99 13:29
4,4336 4,4659
3,9565 3,9888
4,6070 4,6400
5,1059 5,1393
100 13:30
4,4339 4,4662
3,9568 3,9891
4,6073 4,6403
5,1056 5,1390
101 13:31
4,4338 4,4662
3,9568 3,9891
4,6069 4,6399
5,1053 5,1387
102 13:32
4,4336 4,4660
3,9564 3,9887
4,6062 4,6392
5,1048 5,1382
103 13:33
4,4338 4,4662
3,9562 3,9885
4,6070 4,6400
5,1047 5,1381
104 13:34
4,4339 4,4663
3,9553 3,9876
4,6069 4,6399
5,1046 5,1380
105 13:35
4,4340 4,4664
3,9554 3,9877
4,6073 4,6403
5,1044 5,1378
106 13:36
4,4325 4,4649
3,9540 3,9863
4,6063 4,6393
5,1023 5,1357
107 13:37
4,4324 4,4648
3,9539 3,9862
4,6057 4,6387
5,1019 5,1353
108 13:38
4,4323 4,4647
3,9537 3,9860
4,6057 4,6387
5,1016 5,1349
109 13:39
4,4323 4,4647
3,9535 3,9858
4,6049 4,6379
5,1013 5,1346
110 13:40
4,4330 4,4654
3,9538 3,9861
4,6056 4,6386
5,1021 5,1354
111 13:41
4,4332 4,4655
3,9539 3,9862
4,6059 4,6389
5,1022 5,1355
112 13:42
4,4336 4,4659
3,9537 3,9860
4,6063 4,6393
5,1030 5,1363
113 13:43
4,4335 4,4658
3,9538 3,9861
4,6065 4,6395
5,1023 5,1356
114 13:44
4,4335 4,4658
3,9546 3,9869
4,6060 4,6390
5,1040 5,1373
115 13:45
4,4337 4,4660
3,9550 3,9873
4,6066 4,6396
5,1048 5,1381
116 13:46
4,4340 4,4663
3,9553 3,9876
4,6065 4,6395
5,1055 5,1388
117 13:47
4,4338 4,4661
3,9553 3,9876
4,6058 4,6388
5,1056 5,1389
118 13:48
4,4339 4,4662
3,9557 3,9880
4,6064 4,6394
5,1060 5,1393
119 13:49
4,4339 4,4662
3,9561 3,9884
4,6054 4,6384
5,1057 5,1390
120 13:50
4,4339 4,4662
3,9561 3,9884
4,6052 4,6382
5,1051 5,1384
121 13:51
4,4339 4,4662
3,9557 3,9880
4,6054 4,6384
5,1046 5,1379
122 13:52
4,4338 4,4661
3,9555 3,9878
4,6056 4,6386
5,1041 5,1374
123 13:53
4,4336 4,4659
3,9546 3,9869
4,6056 4,6386
5,1039 5,1372
124 13:54
4,4334 4,4657
3,9540 3,9863
4,6058 4,6388
5,1033 5,1366
125 13:55
4,4332 4,4655
3,9542 3,9865
4,6052 4,6382
5,1032 5,1365
126 13:56
4,4329 4,4652
3,9529 3,9852
4,6042 4,6372
5,1023 5,1356
127 13:57
4,4329 4,4652
3,9532 3,9855
4,6042 4,6372
5,1025 5,1358
128 13:58
4,4331 4,4654
3,9541 3,9864
4,6043 4,6373
5,1025 5,1358
129 13:59
4,4332 4,4655
3,9549 3,9872
4,6047 4,6377
5,1028 5,1361
130 14:00
4,4331 4,4654
3,9550 3,9873
4,6044 4,6374
5,1024 5,1357
131 14:01
4,4332 4,4655
3,9563 3,9886
4,6037 4,6367
5,1031 5,1364
132 14:02
4,4333 4,4656
3,9573 3,9896
4,6043 4,6373
5,1032 5,1365
133 14:03
4,4333 4,4656
3,9574 3,9897
4,6040 4,6370
5,1035 5,1368
134 14:04
4,4332 4,4655
3,9579 3,9902
4,6018 4,6348
5,1032 5,1365
135 14:05
4,4332 4,4655
3,9581 3,9904
4,6011 4,6341
5,1025 5,1358
136 14:06
4,4335 4,4658
3,9582 3,9905
4,6012 4,6342
5,1038 5,1371
137 14:07
4,4335 4,4658
3,9592 3,9915
4,6012 4,6342
5,1040 5,1373
138 14:08
4,4336 4,4659
3,9593 3,9916
4,6010 4,6340
5,1048 5,1381
139 14:09
4,4337 4,4660
3,9600 3,9923
4,6014 4,6344
5,1031 5,1364
140 14:10
4,4328 4,4651
3,9582 3,9905
4,6000 4,6330
5,1029 5,1362
141 14:11
4,4331 4,4655
3,9599 3,9922
4,6002 4,6332
5,1023 5,1356
142 14:12
4,4328 4,4652
3,9591 3,9914
4,6004 4,6334
5,1016 5,1349
143 14:13
4,4328 4,4652
3,9592 3,9915
4,6000 4,6330
5,1016 5,1349
144 14:14
4,4328 4,4652
3,9590 3,9913
4,6004 4,6334
5,1014 5,1347
145 14:15
4,4328 4,4652
3,9583 3,9906
4,6003 4,6333
5,1013 5,1346
146 14:16
4,4328 4,4651
3,9576 3,9899
4,6005 4,6335
5,1006 5,1339
147 14:17
4,4327 4,4650
3,9578 3,9901
4,5999 4,6329
5,1002 5,1335
148 14:18
4,4328 4,4651
3,9576 3,9899
4,5995 4,6325
5,0997 5,1330
149 14:19
4,4330 4,4653
3,9581 3,9904
4,5992 4,6322
5,0997 5,1330
150 14:20
4,4328 4,4651
3,9583 3,9906
4,5990 4,6320
5,0997 5,1330
151 14:21
4,4327 4,4650
3,9586 3,9909
4,5975 4,6305
5,0995 5,1329
152 14:22
4,4326 4,4649
3,9590 3,9913
4,5974 4,6304
5,0991 5,1325
153 14:23
4,4328 4,4651
3,9598 3,9921
4,5970 4,6300
5,0995 5,1329
154 14:24
4,4329 4,4652
3,9603 3,9926
4,5964 4,6294
5,1000 5,1334
155 14:25
4,4327 4,4650
3,9594 3,9917
4,5960 4,6290
5,1001 5,1335
156 14:26
4,4324 4,4648
3,9593 3,9916
4,5959 4,6288
5,0999 5,1332
157 14:27
4,4306 4,4630
3,9570 3,9893
4,5946 4,6275
5,0974 5,1307
158 14:28
4,4296 4,4620
3,9558 3,9881
4,5935 4,6264
5,0964 5,1297
159 14:29
4,4316 4,4640
3,9582 3,9905
4,5951 4,6280
5,0982 5,1315
160 14:30
4,4313 4,4639
3,9591 3,9914
4,5946 4,6279
5,0981 5,1318
161 14:31
4,4313 4,4637
3,9604 3,9927
4,5942 4,6272
5,0986 5,1319
162 14:32
4,4329 4,4652
3,9607 3,9930
4,5969 4,6298
5,1028 5,1361
163 14:33
4,4322 4,4645
3,9608 3,9931
4,5956 4,6285
5,1014 5,1347
164 14:34
4,4321 4,4644
3,9616 3,9939
4,5969 4,6298
5,1014 5,1347
165 14:35
4,4324 4,4647
3,9620 3,9943
4,5973 4,6302
5,1013 5,1346
166 14:36
4,4319 4,4643
3,9613 3,9936
4,5978 4,6307
5,1011 5,1344
167 14:37
4,4294 4,4618
3,9596 3,9919
4,5952 4,6281
5,0993 5,1326
168 14:38
4,4318 4,4642
3,9628 3,9951
4,5977 4,6306
5,1025 5,1358
169 14:39
4,4294 4,4618
3,9611 3,9934
4,5949 4,6278
5,0983 5,1316
170 14:40
4,4304 4,4628
3,9626 3,9949
4,5953 4,6282
5,0980 5,1313
171 14:41
4,4302 4,4625
3,9617 3,9940
4,5942 4,6272
5,0973 5,1307
172 14:42
4,4304 4,4627
3,9611 3,9934
4,5951 4,6281
5,0987 5,1321
173 14:43
4,4309 4,4632
3,9616 3,9939
4,5942 4,6272
5,0992 5,1326
174 14:44
4,4314 4,4637
3,9634 3,9957
4,5944 4,6274
5,0995 5,1329
175 14:45
4,4297 4,4620
3,9617 3,9940
4,5926 4,6256
5,0977 5,1311
176 14:46
4,4280 4,4604
3,9601 3,9924
4,5917 4,6247
5,0967 5,1300
177 14:47
4,4279 4,4603
3,9600 3,9923
4,5932 4,6262
5,0977 5,1310
178 14:48
4,4284 4,4608
3,9598 3,9921
4,5936 4,6266
5,0986 5,1319
179 14:49
4,4288 4,4612
3,9605 3,9928
4,5935 4,6265
5,0995 5,1328
180 14:50
4,4289 4,4613
3,9602 3,9925
4,5944 4,6274
5,0998 5,1331
181 14:51
4,4290 4,4614
3,9605 3,9928
4,5947 4,6277
5,1005 5,1338
182 14:52
4,4288 4,4612
3,9597 3,9920
4,5949 4,6279
5,0997 5,1330
183 14:53
4,4276 4,4600
3,9585 3,9908
4,5933 4,6263
5,0984 5,1317
184 14:54
4,4276 4,4600
3,9587 3,9910
4,5942 4,6272
5,0987 5,1320
185 14:55
4,4278 4,4602
3,9587 3,9910
4,5942 4,6272
5,0992 5,1325
186 14:56
4,4285 4,4608
3,9594 3,9917
4,5944 4,6273
5,1001 5,1334
187 14:57
4,4287 4,4610
3,9590 3,9913
4,5939 4,6268
5,0997 5,1330
188 14:58
4,4290 4,4613
3,9590 3,9913
4,5943 4,6272
5,0999 5,1332
189 14:59
4,4294 4,4617
3,9600 3,9923
4,5948 4,6277
5,1011 5,1344
190 15:00
4,4295 4,4618
3,9606 3,9929
4,5923 4,6252
5,1012 5,1345
191 15:01
4,4299 4,4622
3,9621 3,9944
4,5932 4,6261
5,1020 5,1353
192 15:02
4,4291 4,4614
3,9593 3,9916
4,5929 4,6258
5,1017 5,1350
193 15:03
4,4293 4,4616
3,9605 3,9928
4,5926 4,6255
5,1014 5,1347
194 15:04
4,4294 4,4617
3,9609 3,9932
4,5932 4,6261
5,1012 5,1345
195 15:05
4,4276 4,4599
3,9599 3,9922
4,5899 4,6228
5,0987 5,1320
196 15:06
4,4276 4,4599
3,9606 3,9929
4,5901 4,6231
5,0985 5,1318
197 15:07
4,4263 4,4586
3,9606 3,9929
4,5887 4,6217
5,0970 5,1303
198 15:08
4,4272 4,4595
3,9615 3,9938
4,5901 4,6231
5,0980 5,1313
199 15:09
4,4274 4,4597
3,9613 3,9936
4,5903 4,6233
5,0976 5,1309
200 15:10
4,4274 4,4597
3,9606 3,9929
4,5901 4,6231
5,0977 5,1310
201 15:11
4,4282 4,4606
3,9620 3,9943
4,5908 4,6238
5,0989 5,1322
202 15:12
4,4282 4,4606
3,9619 3,9942
4,5908 4,6238
5,0987 5,1320
203 15:13
4,4282 4,4606
3,9615 3,9938
4,5909 4,6239
5,0986 5,1319
204 15:14
4,4311 4,4635
3,9638 3,9961
4,5942 4,6272
5,1036 5,1369
205 15:15
4,4319 4,4643
3,9649 3,9972
4,5951 4,6281
5,1045 5,1378
206 15:16
4,4315 4,4638
3,9639 3,9962
4,5941 4,6270
5,1023 5,1356
207 15:17
4,4290 4,4613
3,9605 3,9928
4,5922 4,6251
5,0994 5,1327
208 15:18
4,4274 4,4597
3,9583 3,9906
4,5910 4,6239
5,0982 5,1315
209 15:19
4,4279 4,4602
3,9585 3,9908
4,5914 4,6243
5,0985 5,1318
210 15:20
4,4281 4,4604
3,9593 3,9916
4,5921 4,6250
5,0994 5,1327
211 15:21
4,4290 4,4613
3,9602 3,9925
4,5928 4,6257
5,0998 5,1331
212 15:22
4,4288 4,4611
3,9598 3,9921
4,5932 4,6261
5,0998 5,1331
213 15:23
4,4272 4,4595
3,9579 3,9902
4,5918 4,6247
5,0976 5,1309
214 15:24
4,4277 4,4600
3,9588 3,9911
4,5931 4,6260
5,0979 5,1312
215 15:25
4,4281 4,4604
3,9592 3,9915
4,5934 4,6263
5,0979 5,1312
216 15:26
4,4285 4,4608
3,9599 3,9922
4,5941 4,6271
5,0984 5,1317
217 15:27
4,4285 4,4608
3,9590 3,9913
4,5943 4,6273
5,0989 5,1322
218 15:28
4,4285 4,4608
3,9587 3,9910
4,5948 4,6278
5,0983 5,1316
219 15:29
4,4288 4,4611
3,9588 3,9911
4,5946 4,6276
5,0984 5,1317
220 15:30
4,4297 4,4620
3,9594 3,9917
4,5943 4,6273
5,0984 5,1317
221 15:31
4,4297 4,4621
3,9598 3,9921
4,5939 4,6269
5,0996 5,1329
222 15:32
4,4298 4,4622
3,9599 3,9922
4,5952 4,6282
5,1007 5,1340
223 15:33
4,4297 4,4621
3,9595 3,9918
4,5944 4,6274
5,1004 5,1337
224 15:34
4,4298 4,4622
3,9598 3,9921
4,5943 4,6273
5,1005 5,1338
225 15:35
4,4299 4,4623
3,9609 3,9932
4,5937 4,6267
5,1006 5,1339
226 15:36
4,4302 4,4625
3,9616 3,9939
4,5949 4,6279
5,1014 5,1347
227 15:37
4,4303 4,4626
3,9619 3,9942
4,5950 4,6280
5,1017 5,1350
228 15:38
4,4303 4,4626
3,9616 3,9939
4,5949 4,6279
5,1013 5,1346
229 15:39
4,4302 4,4625
3,9624 3,9947
4,5946 4,6276
5,1011 5,1344
230 15:40
4,4303 4,4626
3,9624 3,9947
4,5940 4,6270
5,1010 5,1343
231 15:41
4,4302 4,4625
3,9624 3,9947
4,5947 4,6277
5,1003 5,1336
232 15:42
4,4303 4,4626
3,9617 3,9940
4,5945 4,6275
5,1007 5,1340
233 15:43
4,4302 4,4625
3,9615 3,9938
4,5946 4,6276
5,1009 5,1342
234 15:44
4,4299 4,4622
3,9614 3,9937
4,5945 4,6275
5,1006 5,1339
235 15:45
4,4301 4,4624
3,9620 3,9943
4,5950 4,6280
5,1010 5,1343
236 15:46
4,4303 4,4626
3,9614 3,9937
4,5956 4,6286
5,1019 5,1352
237 15:47
4,4300 4,4623
3,9620 3,9943
4,5956 4,6286
5,1015 5,1348
238 15:48
4,4301 4,4624
3,9621 3,9944
4,5960 4,6290
5,1016 5,1349
239 15:49
4,4299 4,4622
3,9616 3,9939
4,5959 4,6289
5,1017 5,1350
240 15:50
4,4304 4,4627
3,9617 3,9940
4,5963 4,6293
5,1029 5,1362
241 15:51
4,4301 4,4624
3,9615 3,9938
4,5960 4,6290
5,1034 5,1367
242 15:52
4,4301 4,4624
3,9615 3,9938
4,5958 4,6288
5,1036 5,1369
243 15:53
4,4297 4,4620
3,9611 3,9934
4,5960 4,6290
5,1030 5,1363
244 15:54
4,4299 4,4622
3,9607 3,9930
4,5958 4,6288
5,1029 5,1362
245 15:55
4,4299 4,4622
3,9608 3,9931
4,5960 4,6290
5,1029 5,1362
246 15:56
4,4298 4,4621
3,9607 3,9930
4,5958 4,6288
5,1027 5,1360
247 15:57
4,4298 4,4621
3,9615 3,9938
4,5954 4,6284
5,1028 5,1361
248 15:58
4,4286 4,4609
3,9598 3,9921
4,5948 4,6278
5,1010 5,1343
249 15:59
4,4277 4,4600
3,9594 3,9917
4,5944 4,6274
5,1004 5,1337
250 16:00
4,4268 4,4591
3,9576 3,9899
4,5930 4,6260
5,0986 5,1319
251 16:01
4,4263 4,4586
3,9574 3,9897
4,5923 4,6253
5,0984 5,1317
252 16:02
4,4257 4,4580
3,9566 3,9889
4,5916 4,6246
5,0978 5,1311
253 16:03
4,4229 4,4552
3,9525 3,9848
4,5878 4,6208
5,0955 5,1288
254 16:04
4,4223 4,4546
3,9533 3,9856
4,5869 4,6199
5,0956 5,1289
255 16:05
4,4216 4,4539
3,9533 3,9856
4,5860 4,6190
5,0940 5,1273
256 16:06
4,4241 4,4565
3,9567 3,9890
4,5884 4,6214
5,0971 5,1304
257 16:07
4,4247 4,4571
3,9576 3,9899
4,5877 4,6207
5,0970 5,1303
258 16:08
4,4192 4,4516
3,9544 3,9867
4,5817 4,6147
5,0915 5,1248
259 16:09
4,4199 4,4523
3,9550 3,9873
4,5828 4,6158
5,0922 5,1255
260 16:10
4,4219 4,4543
3,9591 3,9914
4,5830 4,6160
5,0947 5,1280
261 16:11
4,4231 4,4554
3,9601 3,9924
4,5831 4,6160
5,0959 5,1292
262 16:12
4,4240 4,4563
3,9602 3,9925
4,5838 4,6167
5,0981 5,1314
263 16:13
4,4237 4,4560
3,9596 3,9919
4,5820 4,6149
5,0984 5,1317
264 16:14
4,4237 4,4560
3,9612 3,9935
4,5811 4,6140
5,0978 5,1311
265 16:15
4,4242 4,4565
3,9616 3,9939
4,5812 4,6141
5,0981 5,1314
266 16:16
4,4242 4,4565
3,9623 3,9946
4,5812 4,6141
5,0977 5,1310
267 16:17
4,4248 4,4571
3,9630 3,9953
4,5822 4,6151
5,0985 5,1318
268 16:18
4,4252 4,4575
3,9643 3,9966
4,5822 4,6151
5,0989 5,1322
269 16:19
4,4252 4,4575
3,9639 3,9962
4,5817 4,6146
5,0978 5,1311
270 16:20
4,4277 4,4600
3,9660 3,9983
4,5841 4,6170
5,1004 5,1337
271 16:21
4,4274 4,4598
3,9662 3,9985
4,5836 4,6165
5,1004 5,1337
272 16:22
4,4275 4,4599
3,9659 3,9982
4,5839 4,6168
5,1011 5,1344
273 16:23
4,4271 4,4595
3,9668 3,9991
4,5828 4,6157
5,1022 5,1355
274 16:24
4,4282 4,4606
3,9678 4,0001
4,5844 4,6173
5,1035 5,1368
275 16:25
4,4283 4,4607
3,9682 4,0005
4,5845 4,6174
5,1034 5,1367
276 16:26
4,4289 4,4612
3,9701 4,0024
4,5856 4,6187
5,1056 5,1389
277 16:27
4,4297 4,4620
3,9714 4,0037
4,5865 4,6196
5,1068 5,1401
278 16:28
4,4294 4,4617
3,9715 4,0038
4,5862 4,6193
5,1071 5,1404
279 16:29
4,4276 4,4599
3,9698 4,0021
4,5848 4,6179
5,1056 5,1389
280 16:30
4,4274 4,4597
3,9707 4,0030
4,5872 4,6203
5,1065 5,1398
281 16:31
4,4278 4,4602
3,9705 4,0028
4,5890 4,6219
5,1070 5,1403
282 16:32
4,4280 4,4604
3,9726 4,0049
4,5896 4,6225
5,1088 5,1421
283 16:33
4,4291 4,4615
3,9732 4,0055
4,5904 4,6233
5,1100 5,1433
284 16:34
4,4289 4,4613
3,9731 4,0054
4,5899 4,6228
5,1092 5,1425
285 16:35
4,4308 4,4632
3,9751 4,0074
4,5930 4,6259
5,1118 5,1451
286 16:36
4,4294 4,4618
3,9735 4,0058
4,5908 4,6239
5,1102 5,1435
287 16:37
4,4296 4,4620
3,9735 4,0058
4,5915 4,6246
5,1094 5,1427
288 16:38
4,4262 4,4586
3,9710 4,0033
4,5874 4,6205
5,1063 5,1396
289 16:39
4,4253 4,4577
3,9700 4,0023
4,5857 4,6188
5,1051 5,1384
290 16:40
4,4259 4,4583
3,9713 4,0036
4,5834 4,6165
5,1067 5,1400
291 16:41
4,4264 4,4587
3,9713 4,0036
4,5845 4,6174
5,1068 5,1401
292 16:42
4,4264 4,4587
3,9716 4,0039
4,5833 4,6162
5,1072 5,1405
293 16:43
4,4273 4,4596
3,9725 4,0048
4,5863 4,6192
5,1083 5,1416
294 16:44
4,4270 4,4593
3,9733 4,0056
4,5850 4,6179
5,1080 5,1413
295 16:45
4,4284 4,4607
3,9736 4,0059
4,5881 4,6210
5,1085 5,1418
296 16:46
4,4273 4,4596
3,9728 4,0051
4,5877 4,6206
5,1049 5,1382
297 16:47
4,4268 4,4591
3,9716 4,0039
4,5883 4,6212
5,1073 5,1406
298 16:48
4,4270 4,4593
3,9715 4,0038
4,5886 4,6215
5,1084 5,1417
299 16:49
4,4268 4,4591
3,9725 4,0048
4,5881 4,6210
5,1085 5,1418
300 16:50
4,4266 4,4589
3,9716 4,0039
4,5883 4,6212
5,1086 5,1419
301 16:51
4,4265 4,4588
3,9722 4,0045
4,5881 4,6210
5,1084 5,1417
302 16:52
4,4266 4,4589
3,9716 4,0039
4,5877 4,6206
5,1082 5,1415
303 16:53
4,4269 4,4592
3,9717 4,0040
4,5884 4,6213
5,1080 5,1413
304 16:54
4,4269 4,4592
3,9719 4,0042
4,5875 4,6204
5,1077 5,1410
305 16:55
4,4268 4,4591
3,9724 4,0047
4,5862 4,6191
5,1073 5,1406
306 16:56
4,4269 4,4592
3,9719 4,0042
4,5873 4,6202
5,1064 5,1397
307 16:57
4,4272 4,4595
3,9725 4,0048
4,5873 4,6202
5,1077 5,1410
308 16:58
4,4276 4,4599
3,9725 4,0048
4,5882 4,6211
5,1076 5,1409
309 16:59
4,4278 4,4601
3,9721 4,0044
4,5889 4,6218
5,1081 5,1414
310 17:00
4,4279 4,4602
3,9719 4,0042
4,5895 4,6224
5,1085 5,1418
311 17:01
4,4279 4,4602
3,9719 4,0042
4,5895 4,6224
5,1085 5,1418
312 17:02
4,4279 4,4602
3,9719 4,0042
4,5895 4,6224
5,1085 5,1418
313 17:03
4,4279 4,4602
3,9719 4,0042
4,5895 4,6224
5,1085 5,1418
314 17:04
4,4279 4,4602
3,9719 4,0042
4,5895 4,6224
5,1085 5,1418
315 17:05
4,4279 4,4602
3,9719 4,0042
4,5895 4,6224
5,1085 5,1418
316 17:06
4,4288 4,4611
3,9706 4,0029
4,5891 4,6220
5,1093 5,1426
317 17:07
4,4297 4,4620
3,9717 4,0040
4,5891 4,6220
5,1100 5,1433
318 17:08
4,4298 4,4621
3,9718 4,0041
4,5878 4,6207
5,1088 5,1421
319 17:09
4,4306 4,4629
3,9733 4,0056
4,5892 4,6221
5,1102 5,1435
320 17:10
4,4301 4,4624
3,9733 4,0056
4,5884 4,6213
5,1096 5,1429
321 17:11
4,4306 4,4629
3,9724 4,0047
4,5905 4,6234
5,1105 5,1438
322 17:12
4,4292 4,4615
3,9709 4,0032
4,5885 4,6214
5,1089 5,1422
323 17:13
4,4291 4,4614
3,9712 4,0035
4,5877 4,6206
5,1097 5,1430
324 17:14
4,4290 4,4613
3,9711 4,0034
4,5878 4,6207
5,1104 5,1437
325 17:15
4,4311 4,4634
3,9740 4,0063
4,5897 4,6226
5,1122 5,1455
326 17:16
4,4309 4,4632
3,9739 4,0062
4,5909 4,6238
5,1120 5,1453
327 17:17
4,4319 4,4642
3,9758 4,0081
4,5911 4,6240
5,1141 5,1474
328 17:18
4,4319 4,4642
3,9758 4,0081
4,5905 4,6234
5,1128 5,1461
329 17:19
4,4321 4,4644
3,9765 4,0088
4,5902 4,6231
5,1124 5,1457
330 17:20
4,4321 4,4644
3,9767 4,0090
4,5903 4,6232
5,1128 5,1461
331 17:21
4,4324 4,4647
3,9766 4,0089
4,5906 4,6235
5,1126 5,1459
332 17:22
4,4323 4,4646
3,9766 4,0089
4,5912 4,6241
5,1133 5,1466
333 17:23
4,4323 4,4646
3,9760 4,0083
4,5924 4,6253
5,1134 5,1467
334 17:24
4,4322 4,4645
3,9766 4,0089
4,5917 4,6246
5,1130 5,1463
335 17:25
4,4327 4,4650
3,9766 4,0089
4,5925 4,6254
5,1129 5,1462
336 17:26
4,4327 4,4650
3,9775 4,0098
4,5918 4,6247
5,1138 5,1471
337 17:27
4,4323 4,4646
3,9773 4,0096
4,5924 4,6253
5,1137 5,1470
338 17:28
4,4324 4,4647
3,9766 4,0089
4,5924 4,6253
5,1137 5,1470
339 17:29
4,4312 4,4635
3,9763 4,0086
4,5912 4,6241
5,1126 5,1459
340 17:30
4,4312 4,4635
3,9764 4,0087
4,5912 4,6241
5,1129 5,1462
341 17:31
4,4312 4,4635
3,9764 4,0087
4,5919 4,6248
5,1129 5,1462
342 17:32
4,4304 4,4627
3,9762 4,0085
4,5915 4,6244
5,1126 5,1459
343 17:33
4,4310 4,4633
3,9766 4,0089
4,5922 4,6251
5,1139 5,1472
344 17:34
4,4310 4,4633
3,9766 4,0089
4,5919 4,6248
5,1141 5,1474
345 17:35
4,4324 4,4647
3,9781 4,0104
4,5941 4,6270
5,1161 5,1494
346 17:36
4,4321 4,4644
3,9778 4,0101
4,5941 4,6270
5,1161 5,1494
347 17:37
4,4324 4,4647
3,9780 4,0103
4,5946 4,6275
5,1163 5,1496
348 17:38
4,4322 4,4645
3,9778 4,0101
4,5942 4,6271
5,1160 5,1493
349 17:39
4,4324 4,4647
3,9783 4,0106
4,5944 4,6273
5,1164 5,1497
350 17:40
4,4325 4,4648
3,9780 4,0103
4,5947 4,6276
5,1162 5,1495
351 17:41
4,4324 4,4647
3,9786 4,0109
4,5940 4,6269
5,1158 5,1491
352 17:42
4,4323 4,4646
3,9776 4,0099
4,5933 4,6262
5,1157 5,1490
353 17:43
4,4322 4,4645
3,9783 4,0106
4,5928 4,6257
5,1156 5,1489
354 17:44
4,4321 4,4644
3,9792 4,0115
4,5922 4,6251
5,1159 5,1492
355 17:45
4,4318 4,4641
3,9790 4,0113
4,5919 4,6248
5,1151 5,1484
356 17:46
4,4319 4,4642
3,9793 4,0116
4,5917 4,6246
5,1150 5,1483
357 17:47
4,4321 4,4644
3,9794 4,0117
4,5912 4,6241
5,1152 5,1485
358 17:48
4,4323 4,4646
3,9794 4,0117
4,5909 4,6238
5,1153 5,1486
359 17:49
4,4319 4,4642
3,9801 4,0124
4,5910 4,6239
5,1149 5,1482
360 17:50
4,4320 4,4643
3,9806 4,0129
4,5911 4,6240
5,1156 5,1489
361 17:51
4,4318 4,4641
3,9800 4,0123
4,5904 4,6233
5,1157 5,1490
362 17:52
4,4318 4,4641
3,9797 4,0120
4,5902 4,6231
5,1157 5,1490
363 17:53
4,4316 4,4639
3,9793 4,0116
4,5902 4,6231
5,1161 5,1494
364 17:54
4,4319 4,4642
3,9796 4,0119
4,5900 4,6229
5,1170 5,1503
365 17:55
4,4320 4,4643
3,9798 4,0121
4,5896 4,6225
5,1172 5,1505
366 17:56
4,4320 4,4643
3,9796 4,0119
4,5889 4,6218
5,1171 5,1504
367 17:57
4,4320 4,4643
3,9795 4,0118
4,5887 4,6216
5,1168 5,1501
368 17:58
4,4322 4,4645
3,9791 4,0114
4,5886 4,6215
5,1170 5,1503
369 17:59
4,4319 4,4642
3,9796 4,0119
4,5888 4,6217
5,1167 5,1500
370 18:00
4,4310 4,4637
3,9786 4,0117
4,5886 4,6215
5,1156 5,1489
371 18:01
4,4314 4,4638
3,9785 4,0114
4,5880 4,6215
5,1149 5,1482
372 18:02
4,4311 4,4636
3,9780 4,0110
4,5895 4,6228
5,1150 5,1483
373 18:03
4,4311 4,4638
3,9776 4,0108
4,5892 4,6225
5,1150 5,1483
374 18:04
4,4311 4,4638
3,9783 4,0114
4,5892 4,6225
5,1151 5,1484
375 18:05
4,4312 4,4643
3,9786 4,0119
4,5898 4,6235
5,1150 5,1490
376 18:06
4,4315 4,4645
3,9785 4,0120
4,5897 4,6237
5,1157 5,1497
377 18:07
4,4315 4,4645
3,9785 4,0120
4,5901 4,6237
5,1157 5,1497
378 18:08
4,4315 4,4644
3,9783 4,0116
4,5901 4,6236
5,1163 5,1502
379 18:09
4,4314 4,4646
3,9782 4,0118
4,5904 4,6242
5,1160 5,1503
380 18:10
4,4317 4,4647
3,9781 4,0113
4,5908 4,6244
5,1171 5,1511
381 18:11
4,4316 4,4646
3,9784 4,0117
4,5901 4,6242
5,1170 5,1510
382 18:12
4,4315 4,4646
3,9791 4,0123
4,5902 4,6239
5,1170 5,1511
383 18:13
4,4323 4,4655
3,9801 4,0133
4,5905 4,6247
5,1183 5,1526
384 18:14
4,4339 4,4666
3,9816 4,0144
4,5921 4,6254
5,1198 5,1534
385 18:15
4,4337 4,4668
3,9818 4,0150
4,5915 4,6252
5,1189 5,1531
386 18:16
4,4338 4,4665
3,9819 4,0147
4,5916 4,6253
5,1195 5,1532
387 18:17
4,4337 4,4666
3,9821 4,0155
4,5919 4,6254
5,1200 5,1539
388 18:18
4,4337 4,4666
3,9821 4,0155
4,5924 4,6259
5,1200 5,1539
389 18:19
4,4338 4,4668
3,9823 4,0157
4,5923 4,6260
5,1207 5,1546
390 18:20
4,4337 4,4663
3,9827 4,0158
4,5924 4,6256
5,1194 5,1530
391 18:21
4,4341 4,4664
3,9837 4,0163
4,5928 4,6257
5,1204 5,1537
392 18:22
4,4339 4,4666
3,9830 4,0162
4,5926 4,6259
5,1202 5,1539
393 18:23
4,4339 4,4666
3,9834 4,0162
4,5926 4,6263
5,1208 5,1545
394 18:24
4,4339 4,4666
3,9837 4,0168
4,5931 4,6264
5,1208 5,1545
395 18:25
4,4340 4,4667
3,9842 4,0170
4,5938 4,6270
5,1205 5,1541
396 18:26
4,4346 4,4671
3,9846 4,0173
4,5930 4,6260
5,1206 5,1540
397 18:27
4,4346 4,4672
3,9847 4,0177
4,5924 4,6260
5,1204 5,1539
398 18:28
4,4345 4,4669
3,9842 4,0168
4,5932 4,6262
5,1209 5,1543
399 18:29
4,4345 4,4669
3,9841 4,0170
4,5932 4,6262
5,1216 5,1549
400 18:30
4,4344 4,4668
3,9837 4,0166
4,5931 4,6261
5,1228 5,1561
401 18:31
4,4342 4,4666
3,9838 4,0167
4,5930 4,6264
5,1223 5,1556
402 18:32
4,4342 4,4666
3,9835 4,0164
4,5934 4,6268
5,1220 5,1553
403 18:33
4,4342 4,4669
3,9840 4,0168
4,5939 4,6272
5,1229 5,1562
404 18:34
4,4343 4,4669
3,9839 4,0170
4,5940 4,6276
5,1230 5,1565
405 18:35
4,4341 4,4669
3,9845 4,0176
4,5938 4,6274
5,1234 5,1571
406 18:36
4,4337 4,4666
3,9843 4,0177
4,5929 4,6264
5,1236 5,1569
407 18:37
4,4344 4,4670
3,9851 4,0182
4,5931 4,6266
5,1237 5,1572
408 18:38
4,4339 4,4668
3,9856 4,0186
4,5931 4,6266
5,1232 5,1571
409 18:39
4,4344 4,4670
3,9851 4,0182
4,5940 4,6273
5,1243 5,1576
410 18:40
4,4339 4,4668
3,9856 4,0186
4,5931 4,6266
5,1232 5,1571
411 18:41
4,4339 4,4668
3,9852 4,0186
4,5931 4,6266
5,1238 5,1571
412 18:42
4,4340 4,4669
3,9852 4,0185
4,5933 4,6269
5,1235 5,1573
413 18:43
4,4340 4,4672
3,9856 4,0192
4,5931 4,6268
5,1245 5,1587
414 18:44
4,4340 4,4672
3,9858 4,0191
4,5928 4,6269
5,1244 5,1587
415 18:45
4,4336 4,4672
3,9863 4,0203
4,5932 4,6273
5,1244 5,1587
416 18:46
4,4338 4,4670
3,9865 4,0201
4,5939 4,6276
5,1249 5,1591
417 18:47
4,4339 4,4662
3,9870 4,0193
4,5936 4,6265
5,1250 5,1583
418 18:48
4,4339 4,4664
3,9870 4,0200
4,5942 4,6272
5,1257 5,1591
419 18:49
4,4340 4,4665
3,9871 4,0201
4,5943 4,6273
5,1270 5,1604
420 18:50
4,4340 4,4666
3,9865 4,0196
4,5941 4,6272
5,1274 5,1609
421 18:51
4,4342 4,4667
3,9858 4,0187
4,5945 4,6275
5,1271 5,1606
422 18:52
4,4342 4,4668
3,9860 4,0191
4,5943 4,6274
5,1271 5,1607
423 18:53
4,4338 4,4666
3,9861 4,0193
4,5939 4,6272
5,1266 5,1603
424 18:54
4,4335 4,4667
3,9855 4,0187
4,5940 4,6273
5,1256 5,1599
425 18:55
4,4334 4,4667
3,9854 4,0191
4,5940 4,6279
5,1257 5,1601
426 18:56
4,4334 4,4667
3,9856 4,0192
4,5940 4,6279
5,1263 5,1601
427 18:57
4,4332 4,4658
3,9851 4,0182
4,5938 4,6270
5,1255 5,1591
428 18:58
4,4329 4,4654
3,9850 4,0180
4,5935 4,6267
5,1251 5,1584
429 18:59
4,4326 4,4652
3,9843 4,0171
4,5927 4,6259
5,1242 5,1576
430 19:00
4,4325 4,4650
3,9839 4,0167
4,5922 4,6257
5,1246 5,1581
431 19:01
4,4326 4,4649
3,9836 4,0163
4,5926 4,6255
5,1250 5,1583
432 19:02
4,4326 4,4649
3,9832 4,0159
4,5917 4,6246
5,1246 5,1579
433 19:03
4,4324 4,4653
3,9838 4,0172
4,5915 4,6250
5,1244 5,1586
434 19:04
4,4326 4,4650
3,9839 4,0165
4,5913 4,6247
5,1240 5,1573
435 19:05
4,4325 4,4650
3,9838 4,0169
4,5908 4,6244
5,1247 5,1581
436 19:06
4,4325 4,4652
3,9838 4,0167
4,5913 4,6245
5,1247 5,1583
437 19:07
4,4326 4,4654
3,9831 4,0164
4,5903 4,6237
5,1247 5,1585
438 19:08
4,4326 4,4654
3,9833 4,0165
4,5894 4,6228
5,1245 5,1578
439 19:09
4,4327 4,4650
3,9837 4,0164
4,5899 4,6228
5,1247 5,1580
440 19:10
4,4327 4,4650
3,9845 4,0169
4,5899 4,6228
5,1248 5,1581
441 19:11
4,4327 4,4650
3,9841 4,0165
4,5897 4,6226
5,1247 5,1580
442 19:12
4,4327 4,4650
3,9845 4,0168
4,5897 4,6226
5,1248 5,1581
443 19:13
4,4327 4,4650
3,9842 4,0168
4,5899 4,6228
5,1252 5,1585
444 19:14
4,4320 4,4661
3,9839 4,0179
4,5892 4,6239
5,1246 5,1593
445 19:15
4,4320 4,4661
3,9835 4,0179
4,5888 4,6235
5,1246 5,1599
446 19:16
4,4328 4,4652
3,9840 4,0169
4,5895 4,6224
5,1254 5,1587
447 19:17
4,4326 4,4651
3,9840 4,0170
4,5898 4,6229
5,1254 5,1588
448 19:18
4,4328 4,4652
3,9844 4,0173
4,5899 4,6234
5,1254 5,1587
449 19:19
4,4328 4,4652
3,9847 4,0176
4,5900 4,6230
5,1254 5,1587
450 19:20
4,4312 4,4663
3,9834 4,0187
4,5880 4,6238
5,1236 5,1601
451 19:21
4,4325 4,4652
3,9843 4,0171
4,5888 4,6225
5,1259 5,1593
452 19:22
4,4325 4,4652
3,9843 4,0171
4,5884 4,6222
5,1259 5,1595
453 19:23
4,4314 4,4663
3,9836 4,0183
4,5877 4,6233
5,1244 5,1607
454 19:24
4,4327 4,4653
3,9840 4,0168
4,5890 4,6226
5,1265 5,1600
455 19:25
4,4326 4,4653
3,9839 4,0168
4,5895 4,6227
5,1268 5,1601
456 19:26
4,4326 4,4654
3,9836 4,0168
4,5897 4,6236
5,1264 5,1601
457 19:27
4,4326 4,4654
3,9836 4,0168
4,5902 4,6241
5,1264 5,1601
458 19:28
4,4326 4,4654
3,9831 4,0164
4,5908 4,6242
5,1264 5,1601
459 19:29
4,4326 4,4654
3,9835 4,0164
4,5904 4,6242
5,1264 5,1601
460 19:30
4,4326 4,4654
3,9829 4,0160
4,5908 4,6242
5,1263 5,1596
461 19:31
4,4326 4,4654
3,9831 4,0164
4,5908 4,6242
5,1258 5,1596
462 19:32
4,4326 4,4654
3,9836 4,0168
4,5908 4,6246
5,1265 5,1603
463 19:33
4,4326 4,4654
3,9831 4,0164
4,5912 4,6245
5,1264 5,1601
464 19:34
4,4326 4,4653
3,9833 4,0165
4,5917 4,6251
5,1266 5,1602
465 19:35
4,4326 4,4654
3,9829 4,0161
4,5912 4,6245
5,1264 5,1601
466 19:36
4,4326 4,4654
3,9831 4,0160
4,5913 4,6251
5,1264 5,1601
467 19:37
4,4319 4,4661
3,9818 4,0163
4,5906 4,6254
5,1257 5,1604
468 19:38
4,4320 4,4662
3,9822 4,0167
4,5907 4,6255
5,1258 5,1612
469 19:39
4,4326 4,4654
3,9829 4,0161
4,5912 4,6245
5,1264 5,1597
470 19:40
4,4326 4,4654
3,9829 4,0161
4,5908 4,6246
5,1264 5,1601
471 19:41
4,4325 4,4654
3,9823 4,0154
4,5913 4,6247
5,1265 5,1603
472 19:42
4,4326 4,4652
3,9817 4,0148
4,5912 4,6243
5,1264 5,1599
473 19:43
4,4313 4,4648
3,9804 4,0142
4,5895 4,6240
5,1245 5,1591
474 19:44
4,4311 4,4647
3,9793 4,0132
4,5892 4,6234
5,1240 5,1587
475 19:45
4,4312 4,4648
3,9793 4,0130
4,5892 4,6239
5,1242 5,1590
476 19:46
4,4312 4,4648
3,9791 4,0131
4,5889 4,6235
5,1242 5,1590
477 19:47
4,4314 4,4648
3,9791 4,0127
4,5890 4,6236
5,1238 5,1584
478 19:48
4,4311 4,4647
3,9794 4,0130
4,5888 4,6234
5,1236 5,1582
479 19:49
4,4311 4,4647
3,9794 4,0130
4,5883 4,6227
5,1236 5,1581
480 19:50
4,4312 4,4646
3,9797 4,0132
4,5889 4,6229
5,1239 5,1584
481 19:51
4,4312 4,4646
3,9797 4,0132
4,5884 4,6224
5,1241 5,1586
482 19:52
4,4311 4,4644
3,9794 4,0132
4,5888 4,6227
5,1246 5,1586
483 19:53
4,4312 4,4648
3,9794 4,0134
4,5888 4,6229
5,1248 5,1594
484 19:54
4,4323 4,4655
3,9808 4,0144
4,5905 4,6243
5,1259 5,1602
485 19:55
4,4316 4,4651
3,9809 4,0148
4,5898 4,6239
5,1254 5,1600
486 19:56
4,4319 4,4652
3,9808 4,0145
4,5901 4,6244
5,1251 5,1594
487 19:57
4,4321 4,4656
3,9810 4,0149
4,5908 4,6249
5,1248 5,1594
488 19:58
4,4321 4,4657
3,9810 4,0150
4,5912 4,6254
5,1258 5,1599
489 19:59
4,4321 4,4656
3,9814 4,0149
4,5914 4,6254
5,1260 5,1606
490 20:00
4,4322 4,4655
3,9815 4,0149
4,5911 4,6253
5,1261 5,1599
491 20:01
4,4322 4,4655
3,9816 4,0151
4,5914 4,6248
5,1261 5,1599
492 20:02
4,4329 4,4665
3,9824 4,0160
4,5916 4,6261
5,1268 5,1616
493 20:03
4,4335 4,4667
3,9828 4,0165
4,5922 4,6260
5,1269 5,1611
494 20:04
4,4348 4,4681
3,9845 4,0182
4,5937 4,6275
5,1285 5,1629
495 20:05
4,4352 4,4682
3,9845 4,0179
4,5944 4,6280
5,1289 5,1629
496 20:06
4,4358 4,4682
3,9853 4,0182
4,5950 4,6279
5,1298 5,1631
497 20:07
4,4352 4,4691
3,9848 4,0187
4,5949 4,6294
5,1295 5,1645
498 20:08
4,4354 4,4692
3,9846 4,0187
4,5951 4,6295
5,1296 5,1645
499 20:09
4,4354 4,4692
3,9843 4,0181
4,5956 4,6300
5,1296 5,1639
500 20:10
4,4354 4,4692
3,9843 4,0181
4,5956 4,6300
5,1296 5,1639
501 20:11
4,4354 4,4692
3,9850 4,0192
4,5956 4,6300
5,1296 5,1645
502 20:12
4,4354 4,4689
3,9850 4,0189
4,5956 4,6297
5,1297 5,1644
503 20:13
4,4356 4,4690
3,9852 4,0190
4,5958 4,6298
5,1292 5,1637
504 20:14
4,4356 4,4691
3,9856 4,0192
4,5960 4,6300
5,1296 5,1640
505 20:15
4,4358 4,4691
3,9854 4,0191
4,5960 4,6299
5,1296 5,1633
506 20:16
4,4358 4,4691
3,9857 4,0194
4,5965 4,6304
5,1296 5,1633
507 20:17
4,4360 4,4691
3,9852 4,0187
4,5962 4,6299
5,1298 5,1633
508 20:18
4,4349 4,4686
3,9847 4,0187
4,5951 4,6294
5,1286 5,1633
509 20:19
4,4354 4,4689
3,9858 4,0194
4,5961 4,6303
5,1293 5,1638
510 20:20
4,4356 4,4690
3,9859 4,0197
4,5963 4,6303
5,1298 5,1643
511 20:21
4,4350 4,4685
3,9857 4,0196
4,5947 4,6288
5,1287 5,1633
512 20:22
4,4356 4,4690
3,9859 4,0197
4,5952 4,6297
5,1299 5,1641
513 20:23
4,4356 4,4690
3,9859 4,0197
4,5958 4,6298
5,1298 5,1643
514 20:24
4,4356 4,4690
3,9859 4,0197
4,5958 4,6298
5,1298 5,1637
515 20:25
4,4337 4,4696
3,9842 4,0203
4,5939 4,6304
5,1272 5,1646
516 20:26
4,4338 4,4698
3,9842 4,0203
4,5940 4,6306
5,1279 5,1647
517 20:27
4,4351 4,4685
3,9855 4,0191
4,5953 4,6293
5,1287 5,1632
518 20:28
4,4352 4,4686
3,9856 4,0194
4,5959 4,6299
5,1295 5,1633
519 20:29
4,4349 4,4683
3,9856 4,0194
4,5950 4,6290
5,1284 5,1630
520 20:30
4,4349 4,4686
3,9860 4,0201
4,5956 4,6299
5,1285 5,1634
521 20:31
4,4349 4,4685
3,9859 4,0196
4,5954 4,6297
5,1290 5,1632
522 20:32
4,4349 4,4685
3,9855 4,0192
4,5956 4,6298
5,1284 5,1631
523 20:33
4,4349 4,4685
3,9853 4,0193
4,5956 4,6302
5,1291 5,1639
524 20:34
4,4349 4,4685
3,9856 4,0196
4,5960 4,6302
5,1290 5,1637
525 20:35
4,4349 4,4685
3,9856 4,0196
4,5960 4,6302
5,1290 5,1637
526 20:36
4,4352 4,4688
3,9855 4,0194
4,5965 4,6307
5,1298 5,1641
527 20:37
4,4352 4,4688
3,9859 4,0195
4,5964 4,6306
5,1300 5,1641
528 20:38
4,4351 4,4688
3,9858 4,0195
4,5963 4,6310
5,1299 5,1644
529 20:39
4,4349 4,4688
3,9854 4,0196
4,5963 4,6310
5,1291 5,1642
530 20:40
4,4351 4,4689
3,9855 4,0193
4,5963 4,6310
5,1299 5,1649
531 20:41
4,4351 4,4689
3,9855 4,0193
4,5958 4,6302
5,1299 5,1642
532 20:42
4,4351 4,4690
3,9851 4,0194
4,5954 4,6304
5,1301 5,1645
533 20:43
4,4348 4,4688
3,9848 4,0191
4,5950 4,6296
5,1295 5,1646
534 20:44
4,4350 4,4688
3,9854 4,0192
4,5946 4,6295
5,1297 5,1646
535 20:45
4,4346 4,4685
3,9848 4,0190
4,5943 4,6290
5,1295 5,1644
536 20:46
4,4351 4,4688
3,9847 4,0186
4,5949 4,6297
5,1299 5,1648
537 20:47
4,4351 4,4688
3,9848 4,0186
4,5949 4,6297
5,1295 5,1645
538 20:48
4,4351 4,4688
3,9844 4,0185
4,5953 4,6296
5,1300 5,1647
539 20:49
4,4351 4,4688
3,9847 4,0188
4,5953 4,6296
5,1299 5,1642
540 20:50
4,4336 4,4695
3,9835 4,0195
4,5947 4,6313
5,1277 5,1651
541 20:51
4,4338 4,4696
3,9835 4,0194
4,5953 4,6318
5,1277 5,1650
542 20:52
4,4357 4,4691
3,9853 4,0187
4,5973 4,6312
5,1299 5,1644
543 20:53
4,4357 4,4691
3,9849 4,0187
4,5973 4,6312
5,1299 5,1644
544 20:54
4,4357 4,4691
3,9848 4,0183
4,5973 4,6312
5,1301 5,1645
545 20:55
4,4356 4,4692
3,9844 4,0183
4,5972 4,6314
5,1299 5,1645
546 20:56
4,4354 4,4689
3,9846 4,0185
4,5966 4,6308
5,1298 5,1644
547 20:57
4,4355 4,4689
3,9846 4,0181
4,5967 4,6307
5,1297 5,1642
548 20:58
4,4356 4,4691
3,9848 4,0187
4,5968 4,6309
5,1300 5,1640
549 20:59
4,4345 4,4670
3,9847 4,0177
4,5956 4,6287
5,1282 5,1616
550 21:00
4,4338 4,4661
3,9846 4,0170
4,5949 4,6278
5,1272 5,1605
551 21:01
4,4340 4,4665
3,9842 4,0172
4,5951 4,6282
5,1270 5,1605
552 21:02
4,4336 4,4675
3,9837 4,0180
4,5947 4,6292
5,1264 5,1615
553 21:03
4,4329 4,4664
3,9832 4,0168
4,5940 4,6281
5,1253 5,1602
554 21:04
4,4327 4,4664
3,9831 4,0167
4,5939 4,6281
5,1255 5,1602
555 21:05
4,4329 4,4665
3,9830 4,0167
4,5940 4,6282
5,1255 5,1602
556 21:06
4,4336 4,4672
3,9837 4,0174
4,5952 4,6294
5,1263 5,1610
557 21:07
4,4326 4,4680
3,9825 4,0181
4,5941 4,6307
5,1245 5,1614
558 21:08
4,4345 4,4682
3,9842 4,0183
4,5961 4,6304
5,1274 5,1623
559 21:09
4,4345 4,4684
3,9838 4,0181
4,5961 4,6306
5,1276 5,1626
560 21:10
4,4348 4,4685
3,9845 4,0183
4,5964 4,6307
5,1278 5,1627
561 21:11
4,4351 4,4687
3,9844 4,0184
4,5962 4,6304
5,1282 5,1628
562 21:12
4,4348 4,4682
3,9841 4,0179
4,5959 4,6299
5,1277 5,1622
563 21:13
4,4331 4,4694
3,9827 4,0187
4,5948 4,6318
5,1266 5,1638
564 21:14
4,4331 4,4694
3,9827 4,0187
4,5952 4,6322
5,1266 5,1644
565 21:15
4,4330 4,4698
3,9820 4,0189
4,5950 4,6329
5,1263 5,1647
566 21:16
4,4330 4,4698
3,9824 4,0193
4,5955 4,6335
5,1263 5,1643
567 21:17
4,4330 4,4698
3,9824 4,0193
4,5959 4,6334
5,1263 5,1641
568 21:18
4,4329 4,4699
3,9827 4,0194
4,5958 4,6335
5,1262 5,1648
569 21:19
4,4330 4,4698
3,9824 4,0193
4,5959 4,6334
5,1256 5,1641
570 21:20
4,4332 4,4693
3,9828 4,0190
4,5962 4,6335
5,1261 5,1637
571 21:21
4,4332 4,4693
3,9830 4,0189
4,5963 4,6331
5,1255 5,1631
572 21:22
4,4329 4,4699
3,9824 4,0194
4,5953 4,6330
5,1254 5,1640
573 21:23
4,4329 4,4699
3,9823 4,0194
4,5953 4,6330
5,1255 5,1642
574 21:24
4,4329 4,4699
3,9821 4,0191
4,5949 4,6326
5,1256 5,1642
575 21:25
4,4329 4,4699
3,9821 4,0191
4,5949 4,6327
5,1255 5,1642
576 21:26
4,4348 4,4684
3,9837 4,0176
4,5969 4,6311
5,1277 5,1624
577 21:27
4,4348 4,4684
3,9837 4,0176
4,5974 4,6316
5,1277 5,1624
578 21:28
4,4348 4,4684
3,9838 4,0174
4,5974 4,6316
5,1277 5,1624
579 21:29
4,4332 4,4693
3,9828 4,0186
4,5958 4,6326
5,1261 5,1637
580 21:30
4,4343 4,4681
3,9836 4,0177
4,5972 4,6317
5,1277 5,1620
581 21:31
4,4348 4,4686
3,9837 4,0178
4,5974 4,6318
5,1277 5,1626
582 21:32
4,4348 4,4685
3,9839 4,0179
4,5970 4,6318
5,1284 5,1627
583 21:33
4,4349 4,4685
3,9838 4,0177
4,5970 4,6312
5,1284 5,1625
584 21:34
4,4348 4,4685
3,9838 4,0175
4,5974 4,6318
5,1279 5,1627
585 21:35
4,4350 4,4686
3,9839 4,0179
4,5971 4,6313
5,1285 5,1632
586 21:36
4,4350 4,4686
3,9836 4,0176
4,5971 4,6313
5,1285 5,1632
587 21:37
4,4350 4,4686
3,9832 4,0172
4,5969 4,6312
5,1285 5,1632
588 21:38
4,4350 4,4686
3,9832 4,0168
4,5965 4,6312
5,1285 5,1632
589 21:39
4,4350 4,4686
3,9832 4,0168
4,5960 4,6307
5,1280 5,1628
590 21:40
4,4349 4,4688
3,9831 4,0174
4,5965 4,6310
5,1279 5,1630
591 21:41
4,4350 4,4688
3,9832 4,0170
4,5966 4,6310
5,1286 5,1636
592 21:42
4,4350 4,4688
3,9832 4,0170
4,5960 4,6305
5,1292 5,1642
593 21:43
4,4350 4,4688
3,9832 4,0170
4,5960 4,6305
5,1286 5,1636
594 21:44
4,4354 4,4688
3,9832 4,0169
4,5966 4,6306
5,1290 5,1635
595 21:45
4,4357 4,4694
3,9835 4,0176
4,5970 4,6318
5,1296 5,1644
596 21:46
4,4354 4,4691
3,9839 4,0176
4,5970 4,6313
5,1298 5,1646
597 21:47
4,4354 4,4691
3,9839 4,0176
4,5970 4,6313
5,1298 5,1646
598 21:48
4,4354 4,4691
3,9839 4,0176
4,5970 4,6313
5,1298 5,1646
599 21:49
4,4354 4,4691
3,9839 4,0176
4,5970 4,6313
5,1298 5,1646
600 21:50
4,4354 4,4691
3,9840 4,0178
4,5971 4,6318
5,1298 5,1646
601 21:51
4,4354 4,4691
3,9839 4,0180
4,5970 4,6313
5,1298 5,1646
602 21:52
4,4354 4,4691
3,9847 4,0185
4,5975 4,6318
5,1298 5,1646
603 21:53
4,4327 4,4703
3,9819 4,0195
4,5943 4,6331
5,1269 5,1659
604 21:54
4,4360 4,4696
3,9847 4,0184
4,5976 4,6319
5,1303 5,1650
605 21:55
4,4359 4,4693
3,9846 4,0185
4,5976 4,6320
5,1303 5,1647
606 21:56
4,4359 4,4693
3,9846 4,0185
4,5980 4,6316
5,1303 5,1647
607 21:57
4,4358 4,4693
3,9843 4,0182
4,5975 4,6320
5,1303 5,1649
608 21:58
4,4356 4,4692
3,9841 4,0177
4,5977 4,6319
5,1298 5,1639
609 21:59
4,4356 4,4691
3,9841 4,0176
4,5977 4,6318
5,1294 5,1640
610 22:00
4,4356 4,4691
3,9839 4,0177
4,5977 4,6318
5,1294 5,1640
611 22:01
4,4360 4,4696
3,9845 4,0181
4,5981 4,6323
5,1297 5,1644
612 22:02
4,4360 4,4696
3,9847 4,0184
4,5977 4,6319
5,1297 5,1644
613 22:03
4,4360 4,4698
3,9848 4,0186
4,5981 4,6321
5,1297 5,1646
614 22:04
4,4360 4,4698
3,9848 4,0190
4,5979 4,6325
5,1303 5,1653
615 22:05
4,4359 4,4697
3,9846 4,0185
4,5976 4,6320
5,1302 5,1651
616 22:06
4,4359 4,4697
3,9846 4,0185
4,5970 4,6319
5,1302 5,1651
617 22:07
4,4360 4,4698
3,9848 4,0186
4,5968 4,6316
5,1297 5,1646
618 22:08
4,4360 4,4698
3,9848 4,0190
4,5971 4,6316
5,1303 5,1652
619 22:09
4,4360 4,4698
3,9848 4,0190
4,5971 4,6320
5,1303 5,1652
620 22:10
4,4360 4,4698
3,9852 4,0190
4,5977 4,6321
5,1303 5,1652
621 22:11
4,4358 4,4697
3,9850 4,0193
4,5975 4,6321
5,1301 5,1652
622 22:12
4,4358 4,4697
3,9850 4,0193
4,5975 4,6320
5,1303 5,1653
623 22:13
4,4346 4,4701
3,9839 4,0196
4,5963 4,6325
5,1288 5,1657
624 22:14
4,4347 4,4703
3,9840 4,0198
4,5967 4,6330
5,1295 5,1659
625 22:15
4,4347 4,4703
3,9840 4,0198
4,5967 4,6330
5,1295 5,1665
626 22:16
4,4358 4,4697
3,9850 4,0193
4,5979 4,6324
5,1309 5,1659
627 22:17
4,4358 4,4697
3,9850 4,0193
4,5979 4,6324
5,1309 5,1659
628 22:18
4,4358 4,4697
3,9850 4,0193
4,5979 4,6324
5,1303 5,1654
629 22:19
4,4343 4,4710
3,9837 4,0204
4,5965 4,6339
5,1290 5,1667
630 22:20
4,4345 4,4702
3,9839 4,0195
4,5967 4,6331
5,1287 5,1658
631 22:21
4,4347 4,4703
3,9839 4,0194
4,5967 4,6330
5,1289 5,1659
632 22:22
4,4347 4,4703
3,9839 4,0194
4,5965 4,6331
5,1289 5,1659
633 22:23
4,4347 4,4703
3,9839 4,0194
4,5967 4,6334
5,1295 5,1665
634 22:24
4,4345 4,4702
3,9839 4,0195
4,5967 4,6331
5,1293 5,1664
635 22:25
4,4357 4,4693
3,9844 4,0185
4,5978 4,6320
5,1301 5,1646
636 22:26
4,4353 4,4692
3,9842 4,0185
4,5974 4,6319
5,1297 5,1653
637 22:27
4,4351 4,4692
3,9840 4,0185
4,5972 4,6319
5,1301 5,1653
638 22:28
4,4353 4,4693
3,9846 4,0186
4,5974 4,6320
5,1301 5,1652
639 22:29
4,4353 4,4693
3,9845 4,0188
4,5974 4,6320
5,1301 5,1652
640 22:30
4,4341 4,4697
3,9835 4,0189
4,5951 4,6314
5,1287 5,1656
641 22:31
4,4341 4,4696
3,9835 4,0188
4,5952 4,6319
5,1288 5,1657
642 22:32
4,4342 4,4698
3,9836 4,0190
4,5957 4,6320
5,1289 5,1659
643 22:33
4,4342 4,4697
3,9836 4,0189
4,5959 4,6321
5,1289 5,1658
644 22:34
4,4342 4,4697
3,9836 4,0189
4,5959 4,6321
5,1289 5,1658
645 22:35
4,4341 4,4697
3,9835 4,0189
4,5962 4,6324
5,1288 5,1658
646 22:36
4,4353 4,4692
3,9846 4,0185
4,5974 4,6319
5,1303 5,1653
647 22:37
4,4351 4,4692
3,9844 4,0185
4,5968 4,6316
5,1307 5,1653
