#======================
2023-9-13
# 1.EUR, 2.USD, 3.CHF, 4.GBP
Sell Price, Buy Price
1 00:02:22
4,6353 4,6819
4,3076 4,3538
4,8339 4,8822
5,3862 5,4350
2 00:03:21
4,6353 4,6819
4,3076 4,3538
4,8339 4,8822
5,3862 5,4350
3 00:04:20
4,6350 4,6822
4,3073 4,3541
4,8335 4,8826
5,3865 5,4353
4 00:05:20
4,6350 4,6822
4,3073 4,3545
4,8339 4,8829
5,3865 5,4359
5 00:06:21
4,6347 4,6826
4,3070 4,3549
4,8337 4,8831
5,3859 5,4362
6 00:07:20
4,6350 4,6822
4,3077 4,3545
4,8339 4,8829
5,3861 5,4351
7 00:08:20
4,6311 4,6857
4,3044 4,3582
4,8327 4,8870
5,3808 5,4401
8 00:09:40
4,6350 4,6822
4,3085 4,3553
4,8345 4,8839
5,3872 5,4367
9 00:10:21
4,6350 4,6822
4,3081 4,3549
4,8346 4,8835
5,3866 5,4367
10 00:11:21
4,6278 4,6892
4,3014 4,3614
4,8327 4,8907
5,3780 5,4448
11 00:12:21
4,6350 4,6822
4,3081 4,3553
4,8351 4,8840
5,3875 5,4358
12 00:13:21
4,6278 4,6891
4,3014 4,3613
4,8327 4,8910
5,3773 5,4439
13 00:14:42
4,6288 4,6881
4,3023 4,3608
4,8327 4,8900
5,3792 5,4429
14 00:15:20
4,6299 4,6867
4,3036 4,3592
4,8327 4,8887
5,3805 5,4413
15 00:16:21
4,6303 4,6866
4,3041 4,3590
4,8327 4,8884
5,3809 5,4417
16 00:17:40
4,6303 4,6865
4,3041 4,3593
4,8327 4,8885
5,3810 5,4410
17 00:18:21
4,6350 4,6822
4,3085 4,3553
4,8351 4,8840
5,3866 5,4361
18 00:19:22
4,6350 4,6822
4,3085 4,3553
4,8351 4,8840
5,3866 5,4361
19 07:47:21
4,6416 4,6767
4,3199 4,3550
4,8439 4,8802
5,3970 5,4335
20 07:48:21
4,6415 4,6766
4,3198 4,3549
4,8438 4,8801
5,3976 5,4341
21 07:49:21
4,6415 4,6766
4,3194 4,3545
4,8437 4,8795
5,3969 5,4333
22 07:50:21
4,6414 4,6764
4,3194 4,3549
4,8438 4,8795
5,3968 5,4332
23 07:51:21
4,6411 4,6776
4,3190 4,3555
4,8432 4,8806
5,3960 5,4343
24 07:52:20
4,6411 4,6777
4,3196 4,3564
4,8440 4,8817
5,3959 5,4341
25 07:53:20
4,6404 4,6784
4,3192 4,3570
4,8433 4,8826
5,3945 5,4344
26 07:54:21
4,6403 4,6785
4,3187 4,3571
4,8430 4,8824
5,3944 5,4345
27 07:55:21
4,6400 4,6788
4,3184 4,3574
4,8427 4,8829
5,3941 5,4348
28 07:56:21
4,6409 4,6785
4,3197 4,3572
4,8438 4,8827
5,3950 5,4344
29 07:57:21
4,6403 4,6793
4,3187 4,3580
4,8431 4,8835
5,3951 5,4360
30 07:58:20
4,6411 4,6785
4,3199 4,3576
4,8444 4,8826
5,3965 5,4357
31 07:59:20
4,6431 4,6768
4,3209 4,3552
4,8470 4,8813
5,3994 5,4343
32 08:00:20
4,6411 4,6783
4,3195 4,3568
4,8449 4,8829
5,3963 5,4361
33 08:01:21
4,6419 4,6797
4,3202 4,3582
4,8454 4,8845
5,3910 5,4317
34 08:02:21
4,6438 4,6791
4,3226 4,3584
4,8475 4,8838
5,3921 5,4285
35 08:03:21
4,6446 4,6779
4,3231 4,3570
4,8484 4,8824
5,3923 5,4267
36 08:04:21
4,6443 4,6784
4,3231 4,3577
4,8481 4,8829
5,3902 5,4254
37 08:05:20
4,6463 4,6792
4,3253 4,3589
4,8502 4,8838
5,3905 5,4245
38 08:06:20
4,6479 4,6815
4,3271 4,3612
4,8515 4,8857
5,3945 5,4291
39 08:07:21
4,6479 4,6828
4,3272 4,3626
4,8513 4,8869
5,3942 5,4305
40 08:08:21
4,6479 4,6825
4,3270 4,3617
4,8510 4,8868
5,3943 5,4303
41 08:09:21
4,6486 4,6811
4,3275 4,3603
4,8516 4,8852
5,3951 5,4286
42 08:10:21
4,6478 4,6803
4,3263 4,3593
4,8507 4,8839
5,3942 5,4277
43 08:11:20
4,6471 4,6801
4,3258 4,3594
4,8501 4,8843
5,3946 5,4288
44 08:12:21
4,6430 4,6770
4,3215 4,3557
4,8458 4,8811
5,3896 5,4250
45 08:13:21
4,6416 4,6764
4,3208 4,3561
4,8450 4,8805
5,3878 5,4239
46 08:14:21
4,6428 4,6761
4,3222 4,3561
4,8460 4,8800
5,3885 5,4228
47 08:15:21
4,6429 4,6764
4,3223 4,3564
4,8461 4,8803
5,3878 5,4224
48 08:16:21
4,6457 4,6796
4,3248 4,3592
4,8490 4,8836
5,3918 5,4269
49 08:18:17
4,6472 4,6812
4,3272 4,3617
4,8503 4,8854
5,3927 5,4281
50 08:18:43
4,6472 4,6812
4,3272 4,3617
4,8503 4,8854
5,3927 5,4281
51 08:19:20
4,6497 4,6831
4,3298 4,3638
4,8534 4,8875
5,3946 5,4291
52 08:20:21
4,6496 4,6833
4,3301 4,3639
4,8527 4,8876
5,3947 5,4293
53 08:21:20
4,6493 4,6832
4,3294 4,3638
4,8528 4,8874
5,3947 5,4298
54 08:22:21
4,6506 4,6847
4,3306 4,3652
4,8542 4,8890
5,3965 5,4325
55 08:23:21
4,6508 4,6833
4,3309 4,3640
4,8545 4,8876
5,3962 5,4294
56 08:24:21
4,6499 4,6826
4,3297 4,3630
4,8535 4,8874
5,3943 5,4281
57 08:25:21
4,6483 4,6841
4,3284 4,3644
4,8520 4,8885
5,3919 5,4290
58 08:26:21
4,6497 4,6825
4,3295 4,3630
4,8534 4,8873
5,3927 5,4265
59 08:27:20
4,6517 4,6845
4,3318 4,3649
4,8565 4,8900
5,3950 5,4288
60 08:28:20
4,6507 4,6840
4,3300 4,3638
4,8563 4,8903
5,3956 5,4295
61 08:29:21
4,6509 4,6837
4,3310 4,3640
4,8567 4,8902
5,3947 5,4285
62 08:30:21
4,6546 4,6879
4,3340 4,3679
4,8607 4,8950
5,4000 5,4343
63 08:31:21
4,6553 4,6889
4,3352 4,3693
4,8612 4,8960
5,4012 5,4357
64 08:32:21
4,6568 4,6901
4,3369 4,3708
4,8632 4,8976
5,4025 5,4365
65 08:33:21
4,6571 4,6902
4,3374 4,3704
4,8633 4,8974
5,4017 5,4359
66 08:34:21
4,6588 4,6910
4,3390 4,3712
4,8652 4,8980
5,4037 5,4369
67 08:35:20
4,6560 4,6882
4,3364 4,3686
4,8630 4,8958
5,4006 5,4338
68 08:36:20
4,6560 4,6882
4,3365 4,3686
4,8629 4,8959
5,4006 5,4339
69 08:37:21
4,6555 4,6877
4,3353 4,3674
4,8624 4,8954
5,4019 5,4352
70 08:38:21
4,6568 4,6890
4,3365 4,3686
4,8637 4,8967
5,4034 5,4367
71 08:39:21
4,6578 4,6900
4,3374 4,3695
4,8648 4,8978
5,4054 5,4387
72 08:40:20
4,6570 4,6892
4,3363 4,3684
4,8647 4,8977
5,4045 5,4378
73 08:41:20
4,6580 4,6902
4,3372 4,3694
4,8658 4,8987
5,4058 5,4390
74 08:42:21
4,6580 4,6902
4,3368 4,3690
4,8658 4,8987
5,4049 5,4381
75 08:43:21
4,6587 4,6909
4,3372 4,3694
4,8660 4,8989
5,4057 5,4389
76 08:44:21
4,6587 4,6909
4,3372 4,3694
4,8660 4,8989
5,4038 5,4370
77 08:45:28
4,6587 4,6909
4,3372 4,3694
4,8660 4,8989
5,4044 5,4376
78 08:46:21
4,6588 4,6909
4,3358 4,3680
4,8660 4,8988
5,4025 5,4357
79 08:47:20
4,6588 4,6909
4,3358 4,3680
4,8660 4,8988
5,4022 5,4354
80 08:48:20
4,6566 4,6887
4,3337 4,3659
4,8636 4,8964
5,3996 5,4328
81 08:49:22
4,6565 4,6886
4,3337 4,3659
4,8614 4,8942
5,3999 5,4331
82 08:50:21
4,6551 4,6872
4,3323 4,3645
4,8598 4,8926
5,3979 5,4311
83 08:51:21
4,6551 4,6872
4,3331 4,3653
4,8598 4,8927
5,3979 5,4311
84 08:52:21
4,6535 4,6856
4,3316 4,3638
4,8582 4,8911
5,3960 5,4292
85 08:53:21
4,6535 4,6856
4,3323 4,3645
4,8589 4,8918
5,3966 5,4298
86 08:54:21
4,6547 4,6868
4,3334 4,3656
4,8602 4,8931
5,3981 5,4313
87 08:55:20
4,6546 4,6867
4,3325 4,3647
4,8601 4,8930
5,3980 5,4312
88 08:56:20
4,6552 4,6873
4,3334 4,3656
4,8605 4,8934
5,3986 5,4318
89 08:57:21
4,6554 4,6875
4,3337 4,3659
4,8610 4,8939
5,3982 5,4314
90 08:58:21
4,6555 4,6876
4,3346 4,3668
4,8611 4,8940
5,3983 5,4315
91 08:59:21
4,6565 4,6886
4,3355 4,3677
4,8621 4,8950
5,3995 5,4327
92 09:00:20
4,6565 4,6886
4,3361 4,3683
4,8621 4,8950
5,3994 5,4326
93 09:01:20
4,6565 4,6886
4,3361 4,3683
4,8619 4,8947
5,3995 5,4327
94 09:02:20
4,6566 4,6887
4,3362 4,3684
4,8621 4,8949
5,3997 5,4329
95 09:03:20
4,6566 4,6887
4,3362 4,3684
4,8620 4,8948
5,3996 5,4328
96 09:04:21
4,6566 4,6887
4,3374 4,3696
4,8620 4,8948
5,4002 5,4334
97 09:05:21
4,6566 4,6887
4,3376 4,3698
4,8620 4,8948
5,3999 5,4331
98 09:06:21
4,6541 4,6862
4,3347 4,3669
4,8597 4,8925
5,3970 5,4302
99 09:07:21
4,6541 4,6862
4,3346 4,3668
4,8597 4,8925
5,3970 5,4302
100 09:08:20
4,6541 4,6862
4,3352 4,3674
4,8604 4,8932
5,3970 5,4302
101 09:09:20
4,6541 4,6862
4,3352 4,3674
4,8607 4,8935
5,3996 5,4328
102 09:10:21
4,6547 4,6868
4,3358 4,3680
4,8603 4,8931
5,4003 5,4335
103 09:11:21
4,6545 4,6866
4,3357 4,3679
4,8601 4,8929
5,4001 5,4333
104 09:12:21
4,6545 4,6866
4,3355 4,3677
4,8604 4,8932
5,4001 5,4333
105 09:13:21
4,6534 4,6855
4,3340 4,3662
4,8592 4,8920
5,4006 5,4338
106 09:14:20
4,6533 4,6854
4,3339 4,3661
4,8591 4,8919
5,4005 5,4337
107 09:15:20
4,6533 4,6854
4,3339 4,3661
4,8590 4,8918
5,4014 5,4346
108 09:16:21
4,6532 4,6853
4,3338 4,3660
4,8588 4,8916
5,4014 5,4346
109 09:17:21
4,6529 4,6850
4,3335 4,3657
4,8579 4,8907
5,4010 5,4342
110 09:18:21
4,6529 4,6850
4,3335 4,3657
4,8579 4,8907
5,4010 5,4342
111 09:19:21
4,6513 4,6834
4,3321 4,3643
4,8563 4,8891
5,3991 5,4323
112 09:20:21
4,6509 4,6830
4,3317 4,3639
4,8556 4,8884
5,3987 5,4319
113 09:21:21
4,6509 4,6830
4,3319 4,3641
4,8557 4,8885
5,3997 5,4329
114 09:22:20
4,6506 4,6827
4,3308 4,3630
4,8552 4,8880
5,3992 5,4324
115 09:23:20
4,6506 4,6827
4,3308 4,3630
4,8552 4,8880
5,3992 5,4324
116 09:24:21
4,6506 4,6827
4,3308 4,3630
4,8552 4,8880
5,3992 5,4324
117 09:25:21
4,6506 4,6827
4,3314 4,3636
4,8552 4,8880
5,3986 5,4318
118 09:26:21
4,6493 4,6815
4,3302 4,3624
4,8538 4,8866
5,3969 5,4301
119 09:27:21
4,6488 4,6810
4,3291 4,3613
4,8534 4,8862
5,3965 5,4297
120 09:28:21
4,6473 4,6795
4,3275 4,3597
4,8516 4,8844
5,3949 5,4281
121 09:29:20
4,6489 4,6811
4,3290 4,3612
4,8523 4,8851
5,3954 5,4286
122 09:30:20
4,6489 4,6811
4,3290 4,3612
4,8522 4,8850
5,3954 5,4286
123 09:31:20
4,6447 4,6769
4,3251 4,3573
4,8479 4,8807
5,3903 5,4235
124 09:32:21
4,6447 4,6769
4,3251 4,3573
4,8479 4,8807
5,3903 5,4235
125 09:33:21
4,6447 4,6769
4,3227 4,3549
4,8479 4,8807
5,3903 5,4235
126 09:34:21
4,6447 4,6769
4,3227 4,3549
4,8479 4,8807
5,3903 5,4235
127 09:35:21
4,6447 4,6769
4,3227 4,3549
4,8466 4,8794
5,3884 5,4216
128 09:36:21
4,6447 4,6769
4,3227 4,3549
4,8466 4,8794
5,3884 5,4216
129 09:37:20
4,6410 4,6732
4,3192 4,3514
4,8427 4,8755
5,3847 5,4179
130 09:38:20
4,6410 4,6732
4,3192 4,3514
4,8427 4,8755
5,3847 5,4179
131 09:39:21
4,6410 4,6732
4,3192 4,3514
4,8427 4,8755
5,3847 5,4179
132 09:40:21
4,6392 4,6714
4,3175 4,3497
4,8408 4,8736
5,3826 5,4158
133 09:41:21
4,6392 4,6714
4,3175 4,3497
4,8405 4,8733
5,3823 5,4155
134 09:42:21
4,6392 4,6714
4,3175 4,3497
4,8408 4,8736
5,3826 5,4158
135 09:43:20
4,6392 4,6714
4,3175 4,3497
4,8408 4,8736
5,3829 5,4161
136 09:44:20
4,6383 4,6705
4,3173 4,3495
4,8399 4,8727
5,3818 5,4150
137 09:45:20
4,6383 4,6705
4,3171 4,3493
4,8399 4,8727
5,3810 5,4142
138 09:46:21
4,6384 4,6706
4,3173 4,3494
4,8400 4,8728
5,3814 5,4146
139 09:47:21
4,6384 4,6706
4,3171 4,3492
4,8400 4,8728
5,3804 5,4136
140 09:48:21
4,6384 4,6706
4,3171 4,3492
4,8400 4,8728
5,3804 5,4136
141 09:49:21
4,6384 4,6706
4,3167 4,3488
4,8400 4,8728
5,3801 5,4133
142 09:50:21
4,6384 4,6706
4,3167 4,3488
4,8400 4,8728
5,3801 5,4133
143 09:51:20
4,6424 4,6746
4,3204 4,3525
4,8438 4,8768
5,3847 5,4179
144 09:52:20
4,6424 4,6746
4,3194 4,3515
4,8438 4,8768
5,3850 5,4182
145 09:53:20
4,6428 4,6750
4,3192 4,3513
4,8442 4,8772
5,3858 5,4190
146 09:54:21
4,6439 4,6761
4,3204 4,3525
4,8454 4,8784
5,3902 5,4234
147 09:55:21
4,6430 4,6752
4,3196 4,3517
4,8447 4,8777
5,3892 5,4224
148 09:56:21
4,6440 4,6762
4,3222 4,3543
4,8458 4,8786
5,3903 5,4235
149 09:57:21
4,6463 4,6785
4,3242 4,3563
4,8487 4,8815
5,3933 5,4265
150 09:58:21
4,6463 4,6785
4,3242 4,3563
4,8487 4,8815
5,3933 5,4265
151 09:59:20
4,6463 4,6785
4,3236 4,3557
4,8487 4,8815
5,3946 5,4278
152 10:00:21
4,6463 4,6785
4,3238 4,3559
4,8487 4,8815
5,3946 5,4278
153 10:01:21
4,6463 4,6785
4,3238 4,3559
4,8482 4,8810
5,3952 5,4284
154 10:02:21
4,6463 4,6785
4,3238 4,3559
4,8482 4,8810
5,3952 5,4284
155 10:03:21
4,6463 4,6785
4,3248 4,3569
4,8482 4,8810
5,3952 5,4284
156 10:04:20
4,6457 4,6779
4,3241 4,3562
4,8473 4,8801
5,3944 5,4276
157 10:05:20
4,6457 4,6779
4,3241 4,3562
4,8473 4,8801
5,3951 5,4283
158 10:06:20
4,6498 4,6820
4,3279 4,3600
4,8517 4,8845
5,3998 5,4330
159 10:07:21
4,6491 4,6813
4,3272 4,3593
4,8511 4,8839
5,3991 5,4323
160 10:08:21
4,6491 4,6813
4,3272 4,3593
4,8511 4,8839
5,3991 5,4323
161 10:09:21
4,6483 4,6805
4,3266 4,3587
4,8503 4,8831
5,3982 5,4314
162 10:10:21
4,6484 4,6806
4,3266 4,3587
4,8507 4,8835
5,3983 5,4315
163 10:11:21
4,6466 4,6788
4,3250 4,3571
4,8488 4,8816
5,3962 5,4295
164 10:12:21
4,6455 4,6777
4,3257 4,3578
4,8476 4,8804
5,3948 5,4281
165 10:13:21
4,6454 4,6776
4,3245 4,3566
4,8474 4,8802
5,3949 5,4282
166 10:14:20
4,6453 4,6775
4,3243 4,3564
4,8469 4,8797
5,3946 5,4279
167 10:15:20
4,6453 4,6775
4,3243 4,3564
4,8469 4,8797
5,3946 5,4279
168 10:16:20
4,6453 4,6775
4,3243 4,3564
4,8469 4,8797
5,3946 5,4278
169 10:17:21
4,6453 4,6775
4,3247 4,3568
4,8469 4,8797
5,3946 5,4278
170 10:18:21
4,6442 4,6764
4,3239 4,3560
4,8458 4,8786
5,3934 5,4266
171 10:19:21
4,6445 4,6767
4,3242 4,3563
4,8453 4,8781
5,3953 5,4285
172 10:20:21
4,6446 4,6768
4,3249 4,3570
4,8455 4,8783
5,3955 5,4287
173 10:21:21
4,6459 4,6781
4,3261 4,3582
4,8468 4,8796
5,3970 5,4303
174 10:22:21
4,6446 4,6768
4,3245 4,3566
4,8455 4,8783
5,3964 5,4297
175 10:23:20
4,6445 4,6767
4,3244 4,3565
4,8448 4,8776
5,3963 5,4296
176 10:24:21
4,6445 4,6767
4,3240 4,3561
4,8448 4,8776
5,3963 5,4296
177 10:25:21
4,6445 4,6767
4,3244 4,3565
4,8448 4,8776
5,3981 5,4314
178 10:26:21
4,6445 4,6767
4,3242 4,3563
4,8446 4,8774
5,3975 5,4307
179 10:27:21
4,6446 4,6768
4,3239 4,3560
4,8447 4,8775
5,3973 5,4305
180 10:28:21
4,6446 4,6768
4,3239 4,3560
4,8447 4,8775
5,3961 5,4293
181 10:29:21
4,6446 4,6768
4,3227 4,3548
4,8447 4,8775
5,3967 5,4299
182 10:30:20
4,6446 4,6768
4,3233 4,3554
4,8449 4,8777
5,3964 5,4296
183 10:31:21
4,6446 4,6768
4,3235 4,3556
4,8449 4,8777
5,3964 5,4296
184 10:32:21
4,6446 4,6768
4,3235 4,3556
4,8447 4,8775
5,3973 5,4305
185 10:33:21
4,6446 4,6768
4,3235 4,3556
4,8447 4,8775
5,3976 5,4308
186 10:34:21
4,6446 4,6768
4,3243 4,3564
4,8459 4,8787
5,3976 5,4308
187 10:35:21
4,6454 4,6776
4,3258 4,3579
4,8468 4,8796
5,3986 5,4318
188 10:36:20
4,6454 4,6776
4,3258 4,3579
4,8468 4,8796
5,3982 5,4315
189 10:37:20
4,6459 4,6781
4,3263 4,3584
4,8473 4,8801
5,3985 5,4318
190 10:38:20
4,6459 4,6781
4,3263 4,3584
4,8463 4,8791
5,3985 5,4318
191 10:39:21
4,6459 4,6781
4,3257 4,3578
4,8468 4,8796
5,3988 5,4321
192 10:40:21
4,6462 4,6784
4,3260 4,3581
4,8471 4,8799
5,3992 5,4325
193 10:41:21
4,6462 4,6784
4,3260 4,3581
4,8471 4,8799
5,3993 5,4324
194 10:42:20
4,6462 4,6784
4,3256 4,3577
4,8473 4,8801
5,3993 5,4324
195 10:43:20
4,6462 4,6784
4,3256 4,3577
4,8473 4,8801
5,3993 5,4324
196 10:44:20
4,6462 4,6784
4,3256 4,3577
4,8473 4,8801
5,3996 5,4327
197 10:45:21
4,6227 4,6549
4,3039 4,3360
4,8228 4,8556
5,3723 5,4054
198 10:46:21
4,6227 4,6549
4,3043 4,3364
4,8223 4,8551
5,3722 5,4055
199 10:47:21
4,6227 4,6549
4,3043 4,3364
4,8223 4,8551
5,3722 5,4055
200 10:48:21
4,6227 4,6549
4,3043 4,3364
4,8223 4,8551
5,3722 5,4055
201 10:49:20
4,6227 4,6549
4,3043 4,3364
4,8221 4,8549
5,3722 5,4055
202 10:50:21
4,6282 4,6604
4,3094 4,3415
4,8279 4,8607
5,3786 5,4119
203 10:51:21
4,6282 4,6604
4,3094 4,3415
4,8279 4,8607
5,3786 5,4119
204 10:52:21
4,6282 4,6604
4,3094 4,3415
4,8279 4,8607
5,3809 5,4142
205 10:53:21
4,6280 4,6602
4,3092 4,3413
4,8277 4,8605
5,3805 5,4138
206 10:54:21
4,6280 4,6602
4,3092 4,3413
4,8277 4,8605
5,3805 5,4138
207 10:55:20
4,6280 4,6602
4,3118 4,3439
4,8284 4,8612
5,3805 5,4138
208 10:56:20
4,6243 4,6565
4,3074 4,3395
4,8245 4,8573
5,3756 5,4089
209 10:57:21
4,6244 4,6566
4,3079 4,3400
4,8243 4,8571
5,3757 5,4090
210 10:58:21
4,6228 4,6550
4,3066 4,3387
4,8220 4,8548
5,3739 5,4072
211 10:59:21
4,6222 4,6544
4,3060 4,3381
4,8213 4,8541
5,3741 5,4074
212 11:00:21
4,6222 4,6544
4,3058 4,3379
4,8215 4,8543
5,3754 5,4087
213 11:01:21
4,6222 4,6544
4,3060 4,3381
4,8213 4,8541
5,3735 5,4067
214 11:02:21
4,6222 4,6544
4,3058 4,3379
4,8213 4,8541
5,3736 5,4068
215 11:03:21
4,6222 4,6544
4,3058 4,3379
4,8210 4,8538
5,3733 5,4065
216 11:04:20
4,6252 4,6574
4,3088 4,3409
4,8244 4,8572
5,3774 5,4106
217 11:05:20
4,6254 4,6576
4,3088 4,3409
4,8246 4,8574
5,3770 5,4102
218 11:06:21
4,6238 4,6560
4,3056 4,3377
4,8230 4,8558
5,3751 5,4084
219 11:07:21
4,6227 4,6549
4,3045 4,3366
4,8219 4,8547
5,3776 5,4109
220 11:08:21
4,6232 4,6554
4,3050 4,3371
4,8225 4,8553
5,3781 5,4114
221 11:09:21
4,6232 4,6554
4,3054 4,3375
4,8221 4,8549
5,3768 5,4101
222 11:10:21
4,6232 4,6554
4,3058 4,3379
4,8221 4,8549
5,3753 5,4086
223 11:11:20
4,6232 4,6554
4,3056 4,3377
4,8221 4,8549
5,3749 5,4082
224 11:12:20
4,6232 4,6554
4,3058 4,3379
4,8223 4,8551
5,3749 5,4082
225 11:13:21
4,6232 4,6554
4,3058 4,3379
4,8223 4,8551
5,3749 5,4082
226 11:14:21
4,6215 4,6537
4,3042 4,3363
4,8206 4,8534
5,3730 5,4063
227 11:15:21
4,6233 4,6555
4,3059 4,3380
4,8225 4,8553
5,3742 5,4075
228 11:16:20
4,6233 4,6555
4,3059 4,3380
4,8225 4,8553
5,3746 5,4078
229 11:17:20
4,6233 4,6555
4,3061 4,3382
4,8227 4,8555
5,3746 5,4078
230 11:18:21
4,6233 4,6555
4,3061 4,3382
4,8227 4,8555
5,3746 5,4078
231 11:19:21
4,6217 4,6539
4,3052 4,3373
4,8211 4,8539
5,3722 5,4054
232 11:20:21
4,6213 4,6535
4,3048 4,3369
4,8209 4,8537
5,3715 5,4047
233 11:21:20
4,6209 4,6531
4,3046 4,3367
4,8202 4,8530
5,3710 5,4043
234 11:22:20
4,6209 4,6531
4,3046 4,3367
4,8199 4,8527
5,3710 5,4043
235 11:23:21
4,6205 4,6527
4,3039 4,3360
4,8196 4,8521
5,3709 5,4042
236 11:24:21
4,6205 4,6527
4,3042 4,3363
4,8200 4,8528
5,3709 5,4042
237 11:25:21
4,6205 4,6527
4,3046 4,3367
4,8210 4,8538
5,3709 5,4042
238 11:26:21
4,6205 4,6527
4,3046 4,3367
4,8221 4,8549
5,3710 5,4042
239 11:27:21
4,6205 4,6527
4,3046 4,3367
4,8213 4,8541
5,3710 5,4042
240 11:28:20
4,6153 4,6475
4,2999 4,3320
4,8196 4,8490
5,3653 5,3985
241 11:29:20
4,6151 4,6473
4,2997 4,3318
4,8196 4,8503
5,3653 5,3985
242 11:30:21
4,6164 4,6486
4,3013 4,3334
4,8201 4,8529
5,3669 5,4001
243 11:31:21
4,6149 4,6471
4,2995 4,3316
4,8196 4,8514
5,3657 5,3990
244 11:32:21
4,6143 4,6465
4,2989 4,3310
4,8196 4,8502
5,3646 5,3979
245 11:33:20
4,6109 4,6431
4,2957 4,3278
4,8196 4,8466
5,3600 5,3933
246 11:34:20
4,6072 4,6394
4,2923 4,3244
4,8196 4,8425
5,3554 5,3887
247 11:35:20
4,6077 4,6399
4,2927 4,3248
4,8196 4,8430
5,3563 5,3896
248 11:36:21
4,6077 4,6399
4,2927 4,3248
4,8196 4,8433
5,3563 5,3896
249 11:37:21
4,6077 4,6399
4,2927 4,3248
4,8196 4,8427
5,3563 5,3896
250 11:38:21
4,6077 4,6399
4,2927 4,3248
4,8196 4,8430
5,3557 5,3890
251 11:39:20
4,6076 4,6398
4,2926 4,3247
4,8196 4,8426
5,3553 5,3886
252 11:40:20
4,6068 4,6390
4,2919 4,3240
4,8196 4,8421
5,3545 5,3878
253 11:41:24
4,6069 4,6391
4,2920 4,3241
4,8196 4,8419
5,3545 5,3878
254 11:42:21
4,6069 4,6391
4,2914 4,3235
4,8196 4,8419
5,3545 5,3878
255 11:43:20
4,6069 4,6391
4,2914 4,3235
4,8196 4,8417
5,3539 5,3872
256 11:44:20
4,6069 4,6391
4,2932 4,3253
4,8196 4,8419
5,3541 5,3874
257 11:45:21
4,6078 4,6400
4,2938 4,3259
4,8101 4,8429
5,3555 5,3888
258 11:46:21
4,6080 4,6402
4,2940 4,3261
4,8103 4,8432
5,3561 5,3894
259 11:47:21
4,6080 4,6402
4,2941 4,3262
4,8103 4,8432
5,3558 5,3891
260 11:48:21
4,6082 4,6404
4,2944 4,3265
4,8105 4,8434
5,3560 5,3893
261 11:49:21
4,6081 4,6403
4,2941 4,3262
4,8104 4,8433
5,3557 5,3890
262 11:50:21
4,6081 4,6403
4,2943 4,3264
4,8107 4,8436
5,3559 5,3892
263 11:51:20
4,6081 4,6403
4,2941 4,3262
4,8104 4,8432
5,3560 5,3892
264 11:52:21
4,6093 4,6415
4,2947 4,3268
4,8112 4,8440
5,3574 5,3906
265 11:53:21
4,6093 4,6415
4,2947 4,3268
4,8112 4,8440
5,3571 5,3903
266 11:54:21
4,6093 4,6415
4,2955 4,3276
4,8112 4,8440
5,3574 5,3906
267 11:55:21
4,6101 4,6423
4,2962 4,3283
4,8120 4,8448
5,3583 5,3915
268 11:56:21
4,6101 4,6423
4,2964 4,3285
4,8120 4,8448
5,3580 5,3912
269 11:57:20
4,6101 4,6423
4,2964 4,3285
4,8120 4,8448
5,3577 5,3909
270 11:58:21
4,6101 4,6423
4,2964 4,3285
4,8120 4,8448
5,3577 5,3909
271 11:59:20
4,6101 4,6423
4,2964 4,3285
4,8111 4,8439
5,3577 5,3909
272 12:00:20
4,6101 4,6423
4,2964 4,3285
4,8114 4,8442
5,3576 5,3908
273 12:01:21
4,6101 4,6423
4,2958 4,3279
4,8114 4,8442
5,3570 5,3903
274 12:02:21
4,6107 4,6429
4,2963 4,3284
4,8116 4,8444
5,3577 5,3910
275 12:03:21
4,6115 4,6437
4,2973 4,3294
4,8123 4,8451
5,3587 5,3920
276 12:04:21
4,6115 4,6437
4,2973 4,3294
4,8124 4,8452
5,3586 5,3919
277 12:05:21
4,6115 4,6437
4,2975 4,3296
4,8132 4,8460
5,3586 5,3919
278 12:06:20
4,6120 4,6442
4,2979 4,3300
4,8137 4,8465
5,3591 5,3924
279 12:07:21
4,6120 4,6442
4,2973 4,3294
4,8137 4,8465
5,3591 5,3924
280 12:08:21
4,6167 4,6489
4,3018 4,3339
4,8185 4,8513
5,3649 5,3982
281 12:09:21
4,6165 4,6487
4,3016 4,3337
4,8182 4,8510
5,3644 5,3977
282 12:10:20
4,6163 4,6485
4,3022 4,3343
4,8172 4,8500
5,3639 5,3972
283 12:11:20
4,6148 4,6470
4,3007 4,3328
4,8156 4,8484
5,3622 5,3954
284 12:12:21
4,6122 4,6444
4,2980 4,3301
4,8127 4,8455
5,3592 5,3924
285 12:13:21
4,6122 4,6444
4,2980 4,3301
4,8127 4,8455
5,3592 5,3924
286 12:14:21
4,6121 4,6443
4,2978 4,3299
4,8125 4,8453
5,3590 5,3922
287 12:15:21
4,6120 4,6442
4,2977 4,3298
4,8124 4,8452
5,3583 5,3915
288 12:16:21
4,6120 4,6442
4,2977 4,3298
4,8122 4,8450
5,3585 5,3918
289 12:17:21
4,6120 4,6442
4,2977 4,3298
4,8122 4,8450
5,3588 5,3921
290 12:18:21
4,6120 4,6442
4,2967 4,3288
4,8122 4,8450
5,3579 5,3912
291 12:19:21
4,6112 4,6434
4,2960 4,3281
4,8101 4,8429
5,3570 5,3903
292 12:20:20
4,6112 4,6434
4,2960 4,3281
4,8101 4,8429
5,3568 5,3901
293 12:21:20
4,6119 4,6441
4,2966 4,3287
4,8106 4,8434
5,3576 5,3908
294 12:22:20
4,6119 4,6441
4,2962 4,3283
4,8106 4,8434
5,3576 5,3908
295 12:23:21
4,6119 4,6441
4,2960 4,3281
4,8111 4,8439
5,3576 5,3908
296 12:24:21
4,6119 4,6441
4,2966 4,3287
4,8111 4,8439
5,3570 5,3902
297 12:25:21
4,6098 4,6420
4,2943 4,3264
4,8089 4,8417
5,3546 5,3878
298 12:26:21
4,6098 4,6420
4,2943 4,3264
4,8089 4,8417
5,3560 5,3893
299 12:27:20
4,6099 4,6421
4,2944 4,3265
4,8090 4,8418
5,3561 5,3894
300 12:28:21
4,6099 4,6421
4,2940 4,3261
4,8090 4,8418
5,3561 5,3894
301 12:29:20
4,6103 4,6425
4,2943 4,3264
4,8094 4,8422
5,3565 5,3898
302 12:30:21
4,6104 4,6426
4,2939 4,3260
4,8093 4,8421
5,3558 5,3891
303 12:31:21
4,6105 4,6427
4,2939 4,3260
4,8093 4,8421
5,3559 5,3891
304 12:32:21
4,6104 4,6426
4,2938 4,3259
4,8092 4,8420
5,3558 5,3890
305 12:33:21
4,6107 4,6429
4,2942 4,3263
4,8096 4,8424
5,3568 5,3900
306 12:34:20
4,6108 4,6430
4,2943 4,3264
4,8102 4,8430
5,3570 5,3902
307 12:35:21
4,6108 4,6430
4,2945 4,3266
4,8100 4,8428
5,3570 5,3902
308 12:36:21
4,6108 4,6430
4,2945 4,3266
4,8102 4,8431
5,3566 5,3898
309 12:37:21
4,6108 4,6430
4,2945 4,3266
4,8102 4,8431
5,3566 5,3898
310 12:38:20
4,6108 4,6430
4,2947 4,3268
4,8103 4,8432
5,3566 5,3898
311 12:39:20
4,6108 4,6430
4,2950 4,3271
4,8103 4,8432
5,3566 5,3898
312 12:40:20
4,6108 4,6430
4,2951 4,3272
4,8103 4,8432
5,3566 5,3898
313 12:41:21
4,6108 4,6430
4,2951 4,3272
4,8103 4,8432
5,3563 5,3895
314 12:42:21
4,6108 4,6430
4,2949 4,3270
4,8107 4,8436
5,3557 5,3889
315 12:43:21
4,6108 4,6430
4,2949 4,3270
4,8107 4,8436
5,3557 5,3889
316 12:44:21
4,6108 4,6430
4,2953 4,3274
4,8102 4,8431
5,3557 5,3889
317 12:45:20
4,6150 4,6472
4,2992 4,3313
4,8146 4,8475
5,3606 5,3938
318 12:46:20
4,6150 4,6472
4,2992 4,3313
4,8147 4,8475
5,3606 5,3938
319 12:47:21
4,6161 4,6483
4,3001 4,3322
4,8158 4,8486
5,3618 5,3950
320 12:48:21
4,6169 4,6491
4,3014 4,3335
4,8172 4,8500
5,3618 5,3950
321 12:49:21
4,6170 4,6492
4,3020 4,3341
4,8180 4,8508
5,3619 5,3951
322 12:50:21
4,6169 4,6491
4,3017 4,3338
4,8176 4,8504
5,3619 5,3951
323 12:51:21
4,6169 4,6491
4,3015 4,3336
4,8176 4,8504
5,3622 5,3954
324 12:52:21
4,6133 4,6455
4,2982 4,3304
4,8129 4,8457
5,3580 5,3912
325 12:53:21
4,6134 4,6456
4,2983 4,3304
4,8135 4,8463
5,3589 5,3921
326 12:54:20
4,6124 4,6446
4,2962 4,3284
4,8119 4,8447
5,3575 5,3907
327 12:55:20
4,6099 4,6421
4,2936 4,3257
4,8093 4,8421
5,3547 5,3879
328 12:56:21
4,6099 4,6421
4,2936 4,3257
4,8092 4,8421
5,3547 5,3879
329 12:57:21
4,6099 4,6421
4,2936 4,3257
4,8087 4,8416
5,3565 5,3897
330 12:58:21
4,6094 4,6416
4,2927 4,3248
4,8080 4,8409
5,3565 5,3897
331 12:59:21
4,6096 4,6418
4,2929 4,3250
4,8087 4,8416
5,3568 5,3900
332 13:00:21
4,6096 4,6418
4,2927 4,3248
4,8085 4,8414
5,3568 5,3900
333 13:01:20
4,6096 4,6418
4,2925 4,3246
4,8085 4,8414
5,3584 5,3916
334 13:02:20
4,6096 4,6418
4,2925 4,3246
4,8085 4,8414
5,3584 5,3916
335 13:03:21
4,6096 4,6418
4,2931 4,3252
4,8085 4,8414
5,3584 5,3916
336 13:04:21
4,6096 4,6418
4,2931 4,3252
4,8085 4,8414
5,3581 5,3913
337 13:05:21
4,6096 4,6418
4,2931 4,3252
4,8085 4,8414
5,3581 5,3913
338 13:06:21
4,6078 4,6399
4,2912 4,3233
4,8066 4,8394
5,3559 5,3891
339 13:07:21
4,6078 4,6399
4,2922 4,3243
4,8073 4,8401
5,3562 5,3894
340 13:08:20
4,6076 4,6397
4,2917 4,3238
4,8071 4,8399
5,3555 5,3887
341 13:09:20
4,6076 4,6397
4,2921 4,3242
4,8071 4,8399
5,3562 5,3894
342 13:10:20
4,6086 4,6407
4,2937 4,3258
4,8087 4,8415
5,3574 5,3906
343 13:11:21
4,6086 4,6407
4,2941 4,3262
4,8087 4,8415
5,3574 5,3906
344 13:12:21
4,6086 4,6407
4,2939 4,3260
4,8087 4,8415
5,3574 5,3906
345 13:13:21
4,6098 4,6419
4,2950 4,3271
4,8099 4,8427
5,3591 5,3923
346 13:14:21
4,6098 4,6419
4,2952 4,3273
4,8099 4,8427
5,3594 5,3926
347 13:15:21
4,6121 4,6442
4,2970 4,3291
4,8121 4,8449
5,3621 5,3953
348 13:16:20
4,6122 4,6443
4,2970 4,3291
4,8121 4,8449
5,3622 5,3954
349 13:17:20
4,6122 4,6443
4,2970 4,3291
4,8121 4,8449
5,3622 5,3954
350 13:18:21
4,6122 4,6443
4,2972 4,3293
4,8121 4,8449
5,3622 5,3954
351 13:19:21
4,6122 4,6443
4,2972 4,3293
4,8121 4,8449
5,3622 5,3954
352 13:20:21
4,6122 4,6443
4,2972 4,3293
4,8121 4,8449
5,3622 5,3954
353 13:21:21
4,6121 4,6442
4,2971 4,3292
4,8123 4,8451
5,3620 5,3952
354 13:22:21
4,6124 4,6445
4,2978 4,3299
4,8126 4,8454
5,3624 5,3956
355 13:23:21
4,6124 4,6445
4,2978 4,3299
4,8128 4,8456
5,3624 5,3956
356 13:24:21
4,6124 4,6445
4,2976 4,3297
4,8128 4,8456
5,3624 5,3956
357 13:25:20
4,6104 4,6425
4,2950 4,3271
4,8108 4,8436
5,3598 5,3930
358 13:26:20
4,6124 4,6445
4,2966 4,3287
4,8128 4,8456
5,3621 5,3953
359 13:27:21
4,6126 4,6447
4,2966 4,3287
4,8130 4,8458
5,3623 5,3955
360 13:28:21
4,6104 4,6425
4,2943 4,3264
4,8107 4,8435
5,3598 5,3930
361 13:29:21
4,6101 4,6422
4,2937 4,3258
4,8104 4,8432
5,3588 5,3920
362 13:30:20
4,6101 4,6422
4,2939 4,3260
4,8090 4,8418
5,3588 5,3920
363 13:31:20
4,6101 4,6422
4,2935 4,3256
4,8092 4,8420
5,3588 5,3920
364 13:32:21
4,6101 4,6422
4,2935 4,3256
4,8089 4,8417
5,3591 5,3923
365 13:33:21
4,6101 4,6422
4,2933 4,3254
4,8091 4,8419
5,3591 5,3923
366 13:34:21
4,6101 4,6422
4,2931 4,3252
4,8089 4,8417
5,3591 5,3923
367 13:35:21
4,6101 4,6422
4,2929 4,3250
4,8089 4,8417
5,3585 5,3917
368 13:36:21
4,6101 4,6422
4,2931 4,3252
4,8089 4,8417
5,3583 5,3915
369 13:37:20
4,6001 4,6322
4,2832 4,3153
4,7978 4,8306
5,3446 5,3778
370 13:38:21
4,5997 4,6318
4,2830 4,3151
4,7979 4,8307
5,3458 5,3790
371 13:39:21
4,5997 4,6318
4,2830 4,3151
4,7979 4,8307
5,3458 5,3790
372 13:40:21
4,5967 4,6288
4,2802 4,3123
4,7948 4,8276
5,3424 5,3756
373 13:41:20
4,5969 4,6290
4,2804 4,3125
4,7949 4,8277
5,3425 5,3757
374 13:42:21
4,5969 4,6290
4,2804 4,3125
4,7954 4,8282
5,3441 5,3773
375 13:43:21
4,6011 4,6332
4,2843 4,3164
4,7998 4,8326
5,3487 5,3819
376 13:44:21
4,6011 4,6332
4,2843 4,3164
4,8003 4,8331
5,3477 5,3809
377 13:45:21
4,6013 4,6334
4,2855 4,3176
4,8005 4,8333
5,3479 5,3811
378 13:46:20
4,6008 4,6329
4,2851 4,3172
4,8003 4,8331
5,3474 5,3806
379 13:47:20
4,6019 4,6340
4,2860 4,3181
4,8014 4,8342
5,3486 5,3818
380 13:48:21
4,6019 4,6340
4,2858 4,3179
4,8014 4,8342
5,3486 5,3818
381 13:49:21
4,6019 4,6340
4,2858 4,3179
4,8014 4,8342
5,3486 5,3818
382 13:50:21
4,6019 4,6340
4,2852 4,3173
4,8014 4,8342
5,3486 5,3818
383 13:51:21
4,6019 4,6340
4,2852 4,3173
4,8014 4,8342
5,3486 5,3818
384 13:52:20
4,6019 4,6340
4,2852 4,3173
4,8009 4,8337
5,3483 5,3815
385 13:53:20
4,6019 4,6340
4,2846 4,3167
4,8009 4,8337
5,3502 5,3834
386 13:54:21
4,6019 4,6340
4,2850 4,3171
4,8009 4,8337
5,3502 5,3834
387 13:55:21
4,6078 4,6399
4,2906 4,3227
4,8071 4,8399
5,3562 5,3894
388 13:56:21
4,6078 4,6399
4,2906 4,3227
4,8068 4,8396
5,3562 5,3894
389 13:57:20
4,6078 4,6399
4,2906 4,3227
4,8068 4,8396
5,3565 5,3897
390 13:58:20
4,6078 4,6399
4,2906 4,3227
4,8068 4,8396
5,3559 5,3891
391 13:59:21
4,6078 4,6399
4,2912 4,3233
4,8068 4,8396
5,3552 5,3884
392 14:00:21
4,6044 4,6365
4,2879 4,3200
4,8032 4,8360
5,3514 5,3846
393 14:01:21
4,6044 4,6365
4,2879 4,3200
4,8032 4,8360
5,3514 5,3846
394 14:02:20
4,6044 4,6365
4,2879 4,3200
4,8032 4,8360
5,3522 5,3854
395 14:03:20
4,6047 4,6368
4,2895 4,3216
4,8036 4,8364
5,3529 5,3861
396 14:04:21
4,6048 4,6369
4,2892 4,3213
4,8032 4,8360
5,3514 5,3846
397 14:05:21
4,6045 4,6366
4,2888 4,3209
4,8026 4,8354
5,3510 5,3842
398 14:06:21
4,6049 4,6370
4,2892 4,3213
4,8027 4,8355
5,3515 5,3847
399 14:07:21
4,6061 4,6382
4,2904 4,3225
4,8043 4,8371
5,3527 5,3859
400 14:08:21
4,6080 4,6401
4,2935 4,3256
4,8062 4,8390
5,3554 5,3886
401 14:09:21
4,6102 4,6423
4,2950 4,3271
4,8086 4,8414
5,3580 5,3912
402 14:10:20
4,6102 4,6423
4,2950 4,3271
4,8086 4,8414
5,3577 5,3909
403 14:11:21
4,6076 4,6397
4,2926 4,3247
4,8051 4,8379
5,3547 5,3879
404 14:12:21
4,6072 4,6393
4,2930 4,3251
4,8047 4,8375
5,3542 5,3874
405 14:13:21
4,6060 4,6381
4,2921 4,3242
4,8034 4,8362
5,3528 5,3860
406 14:14:20
4,6060 4,6381
4,2921 4,3242
4,8034 4,8362
5,3525 5,3857
407 14:15:20
4,6056 4,6377
4,2918 4,3240
4,8030 4,8358
5,3524 5,3856
408 14:16:21
4,6055 4,6376
4,2904 4,3225
4,8016 4,8344
5,3522 5,3854
409 14:17:21
4,6055 4,6376
4,2905 4,3227
4,8019 4,8347
5,3526 5,3858
410 14:18:21
4,6051 4,6372
4,2900 4,3221
4,8024 4,8352
5,3523 5,3855
411 14:19:20
4,6051 4,6372
4,2900 4,3221
4,8024 4,8352
5,3523 5,3855
412 14:20:21
4,6080 4,6401
4,2927 4,3250
4,8058 4,8386
5,3558 5,3890
413 14:21:20
4,6088 4,6409
4,2935 4,3256
4,8071 4,8399
5,3566 5,3898
414 14:22:20
4,6088 4,6409
4,2943 4,3264
4,8071 4,8399
5,3566 5,3898
415 14:23:21
4,6078 4,6399
4,2933 4,3254
4,8060 4,8388
5,3552 5,3884
416 14:24:21
4,6078 4,6399
4,2933 4,3254
4,8068 4,8396
5,3558 5,3890
417 14:25:21
4,6086 4,6407
4,2941 4,3262
4,8084 4,8412
5,3561 5,3893
418 14:26:21
4,6086 4,6407
4,2945 4,3266
4,8083 4,8411
5,3561 5,3893
419 14:27:20
4,6086 4,6407
4,2939 4,3260
4,8079 4,8407
5,3561 5,3893
420 14:28:20
4,6086 4,6407
4,2933 4,3254
4,8079 4,8407
5,3558 5,3890
421 14:29:21
4,6086 4,6407
4,2929 4,3250
4,8079 4,8407
5,3558 5,3890
422 14:30:21
4,6086 4,6407
4,2929 4,3250
4,8068 4,8396
5,3558 5,3890
423 14:31:21
4,6105 4,6431
4,2944 4,3273
4,8068 4,8407
5,3566 5,3903
424 14:32:21
4,6103 4,6424
4,3015 4,3336
4,8074 4,8402
5,3562 5,3894
425 14:33:20
4,6096 4,6420
4,3006 4,3332
4,8063 4,8399
5,3586 5,3921
426 14:34:21
4,6096 4,6420
4,3006 4,3332
4,8074 4,8405
5,3586 5,3921
427 14:35:21
4,6096 4,6420
4,2941 4,3263
4,8080 4,8411
5,3586 5,3921
428 14:36:21
4,6095 4,6421
4,2940 4,3263
4,8078 4,8412
5,3586 5,3921
429 14:37:21
4,6095 4,6421
4,2940 4,3263
4,8066 4,8400
5,3555 5,3890
430 14:38:21
4,6053 4,6376
4,2902 4,3223
4,8023 4,8354
5,3500 5,3832
431 14:39:20
4,6055 4,6378
4,2823 4,3144
4,8024 4,8355
5,3508 5,3840
432 14:40:20
4,6036 4,6359
4,2845 4,3166
4,8005 4,8336
5,3490 5,3822
433 14:41:21
4,6037 4,6360
4,2842 4,3163
4,8005 4,8336
5,3490 5,3822
434 14:42:28
4,6064 4,6387
4,2867 4,3188
4,8020 4,8351
5,3522 5,3854
435 14:43:21
4,6064 4,6387
4,2867 4,3188
4,8020 4,8351
5,3522 5,3854
436 14:44:21
4,6064 4,6387
4,2867 4,3188
4,8018 4,8349
5,3521 5,3853
437 14:45:21
4,6098 4,6421
4,2899 4,3220
4,8053 4,8384
5,3568 5,3900
438 14:46:21
4,6106 4,6427
4,2906 4,3227
4,8073 4,8401
5,3576 5,3908
439 14:47:20
4,6058 4,6379
4,2887 4,3208
4,8022 4,8350
5,3520 5,3852
440 14:48:20
4,6058 4,6379
4,2887 4,3208
4,8032 4,8360
5,3520 5,3852
441 14:49:21
4,6058 4,6379
4,2887 4,3208
4,8032 4,8360
5,3520 5,3852
442 14:50:29
4,6041 4,6362
4,2871 4,3192
4,8002 4,8330
5,3500 5,3832
443 14:51:20
4,6041 4,6362
4,2807 4,3128
4,8010 4,8341
5,3500 5,3832
444 14:52:20
4,6041 4,6362
4,2807 4,3128
4,8010 4,8341
5,3503 5,3835
445 14:53:21
4,6041 4,6362
4,2795 4,3116
4,8005 4,8336
5,3503 5,3835
446 14:54:21
4,6023 4,6344
4,2778 4,3099
4,7986 4,8317
5,3486 5,3818
447 14:55:21
4,6024 4,6345
4,2788 4,3110
4,7987 4,8318
5,3486 5,3818
448 14:56:20
4,6030 4,6351
4,2786 4,3107
4,7995 4,8323
5,3493 5,3825
449 14:57:21
4,6030 4,6351
4,2786 4,3107
4,7995 4,8323
5,3493 5,3825
450 14:58:20
4,6030 4,6351
4,2786 4,3107
4,8005 4,8333
5,3508 5,3840
451 14:59:20
4,6030 4,6351
4,2786 4,3107
4,8008 4,8336
5,3509 5,3841
452 15:00:20
4,6030 4,6351
4,2786 4,3107
4,8008 4,8336
5,3499 5,3831
453 15:01:21
4,6030 4,6351
4,2838 4,3159
4,8004 4,8332
5,3496 5,3828
454 15:02:21
4,6044 4,6365
4,2852 4,3173
4,8019 4,8347
5,3520 5,3852
455 15:03:21
4,6047 4,6368
4,2854 4,3175
4,8022 4,8350
5,3516 5,3848
456 15:04:21
4,6033 4,6354
4,2841 4,3162
4,8007 4,8335
5,3500 5,3832
457 15:05:21
4,6033 4,6354
4,2828 4,3149
4,8008 4,8336
5,3500 5,3832
458 15:06:20
4,6029 4,6350
4,2826 4,3147
4,8003 4,8332
5,3492 5,3824
459 15:07:20
4,6029 4,6350
4,2826 4,3147
4,8003 4,8332
5,3485 5,3817
460 15:08:20
4,6029 4,6350
4,2828 4,3149
4,7994 4,8323
5,3485 5,3817
461 15:09:20
4,6029 4,6350
4,2828 4,3149
4,7994 4,8323
5,3485 5,3817
462 15:10:20
4,6021 4,6342
4,2821 4,3142
4,7986 4,8315
5,3475 5,3807
463 15:11:21
4,6020 4,6341
4,2838 4,3159
4,7985 4,8313
5,3501 5,3833
464 15:12:21
4,6020 4,6341
4,2838 4,3159
4,7985 4,8313
5,3504 5,3836
465 15:13:21
4,6020 4,6341
4,2838 4,3159
4,7985 4,8313
5,3521 5,3853
466 15:14:20
4,6020 4,6341
4,2870 4,3191
4,7985 4,8313
5,3522 5,3854
467 15:15:21
4,6042 4,6363
4,2890 4,3211
4,8008 4,8336
5,3551 5,3883
468 15:16:21
4,6042 4,6363
4,2890 4,3211
4,8011 4,8339
5,3551 5,3883
469 15:17:21
4,6028 4,6349
4,2877 4,3198
4,8009 4,8337
5,3535 5,3867
470 15:18:20
4,6028 4,6349
4,2877 4,3198
4,8004 4,8332
5,3532 5,3864
471 15:19:20
4,6028 4,6349
4,2875 4,3196
4,8004 4,8332
5,3532 5,3864
472 15:20:20
4,6036 4,6357
4,2884 4,3205
4,8012 4,8340
5,3541 5,3873
473 15:21:21
4,6024 4,6345
4,2873 4,3194
4,7999 4,8327
5,3536 5,3868
474 15:22:21
4,6012 4,6333
4,2862 4,3183
4,7986 4,8314
5,3516 5,3848
475 15:23:21
4,6009 4,6330
4,2859 4,3180
4,7983 4,8311
5,3512 5,3844
476 15:24:21
4,6005 4,6326
4,2856 4,3177
4,7967 4,8295
5,3508 5,3840
477 15:25:20
4,5984 4,6305
4,2768 4,3089
4,7937 4,8265
5,3469 5,3801
478 15:26:21
4,5981 4,6302
4,2774 4,3095
4,7935 4,8263
5,3475 5,3807
479 15:27:21
4,5982 4,6303
4,2774 4,3095
4,7936 4,8264
5,3475 5,3807
480 15:28:21
4,5982 4,6303
4,2774 4,3095
4,7936 4,8264
5,3475 5,3807
481 15:29:20
4,5980 4,6301
4,2778 4,3099
4,7943 4,8271
5,3473 5,3805
482 15:30:20
4,5979 4,6300
4,2793 4,3114
4,7942 4,8270
5,3472 5,3804
483 15:31:21
4,5979 4,6300
4,2793 4,3114
4,7945 4,8273
5,3472 5,3804
484 15:32:21
4,5979 4,6300
4,2759 4,3080
4,7945 4,8273
5,3481 5,3813
485 15:33:21
4,5971 4,6292
4,2744 4,3065
4,7929 4,8257
5,3472 5,3804
486 15:34:21
4,5990 4,6311
4,2765 4,3086
4,7949 4,8277
5,3494 5,3826
487 15:35:21
4,5985 4,6306
4,2761 4,3082
4,7951 4,8279
5,3482 5,3814
488 15:36:20
4,5978 4,6299
4,2761 4,3082
4,7947 4,8275
5,3480 5,3812
489 15:37:20
4,5981 4,6302
4,2763 4,3084
4,7949 4,8277
5,3483 5,3815
490 15:38:21
4,5979 4,6300
4,2762 4,3083
4,7948 4,8276
5,3513 5,3845
491 15:39:21
4,5980 4,6301
4,2762 4,3083
4,7948 4,8276
5,3513 5,3845
492 15:40:21
4,5980 4,6301
4,2754 4,3075
4,7940 4,8268
5,3513 5,3845
493 15:41:20
4,5980 4,6301
4,2772 4,3093
4,7943 4,8271
5,3503 5,3835
494 15:42:20
4,5989 4,6310
4,2781 4,3102
4,7953 4,8281
5,3521 5,3853
495 15:43:20
4,5989 4,6310
4,2790 4,3111
4,7952 4,8280
5,3514 5,3846
496 15:44:21
4,5989 4,6310
4,2790 4,3111
4,7955 4,8283
5,3514 5,3846
497 15:45:21
4,5989 4,6310
4,2790 4,3111
4,7955 4,8283
5,3514 5,3846
498 15:46:21
4,5989 4,6310
4,2800 4,3121
4,7955 4,8283
5,3514 5,3846
499 15:47:21
4,6004 4,6325
4,2814 4,3135
4,7970 4,8298
5,3532 5,3864
500 15:48:21
4,6004 4,6325
4,2814 4,3135
4,7970 4,8298
5,3532 5,3864
501 15:49:20
4,6004 4,6325
4,2826 4,3147
4,7978 4,8306
5,3532 5,3864
502 15:50:20
4,6004 4,6325
4,2826 4,3147
4,7968 4,8296
5,3546 5,3878
503 15:51:20
4,6004 4,6325
4,2838 4,3159
4,7968 4,8296
5,3546 5,3878
504 15:52:21
4,5974 4,6295
4,2810 4,3131
4,7937 4,8265
5,3511 5,3843
505 15:53:22
4,5947 4,6268
4,2785 4,3106
4,7915 4,8243
5,3469 5,3801
506 15:54:21
4,5921 4,6242
4,2755 4,3076
4,7892 4,8220
5,3444 5,3776
507 15:55:20
4,5921 4,6242
4,2755 4,3076
4,7894 4,8222
5,3445 5,3777
508 15:56:21
4,5920 4,6242
4,2765 4,3086
4,7894 4,8222
5,3454 5,3786
509 15:57:20
4,5920 4,6242
4,2767 4,3088
4,7894 4,8222
5,3456 5,3788
510 15:58:20
4,5920 4,6242
4,2755 4,3076
4,7892 4,8220
5,3456 5,3788
511 15:59:21
4,5920 4,6242
4,2755 4,3076
4,7892 4,8220
5,3454 5,3786
512 16:00:21
4,5920 4,6242
4,2755 4,3076
4,7894 4,8222
5,3467 5,3799
513 16:01:21
4,5921 4,6242
4,2755 4,3076
4,7897 4,8225
5,3470 5,3802
514 16:02:20
4,5921 4,6242
4,2755 4,3076
4,7897 4,8225
5,3470 5,3802
515 16:03:21
4,5921 4,6242
4,2755 4,3076
4,7897 4,8225
5,3457 5,3789
516 16:04:21
4,5919 4,6240
4,2754 4,3075
4,7882 4,8210
5,3455 5,3787
517 16:05:21
4,5920 4,6241
4,2754 4,3075
4,7888 4,8216
5,3456 5,3788
518 16:06:20
4,5957 4,6278
4,2789 4,3110
4,7927 4,8255
5,3497 5,3829
519 16:07:20
4,5952 4,6273
4,2784 4,3105
4,7916 4,8244
5,3483 5,3815
520 16:08:21
4,5952 4,6273
4,2784 4,3105
4,7916 4,8244
5,3483 5,3815
521 16:09:21
4,5979 4,6300
4,2810 4,3131
4,7943 4,8271
5,3519 5,3851
522 16:10:21
4,5979 4,6300
4,2809 4,3130
4,7942 4,8270
5,3518 5,3850
523 16:11:20
4,5979 4,6300
4,2855 4,3176
4,7957 4,8285
5,3537 5,3869
524 16:12:20
4,5979 4,6300
4,2843 4,3164
4,7957 4,8285
5,3525 5,3857
525 16:13:21
4,5979 4,6300
4,2843 4,3164
4,7957 4,8285
5,3525 5,3857
526 16:14:21
4,5957 4,6278
4,2823 4,3144
4,7934 4,8262
5,3505 5,3837
527 16:15:20
4,5954 4,6275
4,2806 4,3127
4,7931 4,8259
5,3508 5,3840
528 16:16:20
4,5954 4,6275
4,2806 4,3127
4,7932 4,8260
5,3508 5,3840
529 16:17:21
4,5954 4,6275
4,2806 4,3127
4,7939 4,8267
5,3509 5,3841
530 16:18:21
4,5954 4,6275
4,2806 4,3127
4,7934 4,8262
5,3505 5,3837
531 16:19:21
4,5982 4,6303
4,2840 4,3161
4,7963 4,8291
5,3537 5,3869
532 16:20:20
4,5983 4,6304
4,2841 4,3162
4,7957 4,8285
5,3523 5,3855
533 16:21:21
4,6005 4,6326
4,2852 4,3173
4,7982 4,8310
5,3548 5,3880
534 16:22:21
4,5993 4,6314
4,2840 4,3161
4,7970 4,8298
5,3544 5,3876
535 16:23:21
4,5988 4,6309
4,2843 4,3164
4,7964 4,8292
5,3531 5,3863
536 16:24:21
4,5988 4,6309
4,2843 4,3164
4,7964 4,8292
5,3531 5,3863
537 16:25:20
4,5988 4,6309
4,2843 4,3164
4,7964 4,8292
5,3540 5,3872
538 16:26:20
4,5948 4,6269
4,2806 4,3127
4,7925 4,8253
5,3497 5,3829
539 16:27:21
4,5931 4,6252
4,2787 4,3108
4,7902 4,8230
5,3476 5,3808
540 16:28:21
4,5922 4,6243
4,2778 4,3099
4,7893 4,8221
5,3458 5,3790
541 16:29:20
4,5923 4,6244
4,2779 4,3100
4,7894 4,8222
5,3459 5,3791
542 16:30:20
4,5923 4,6244
4,2779 4,3100
4,7894 4,8222
5,3462 5,3794
543 16:31:21
4,5928 4,6249
4,2786 4,3107
4,7902 4,8230
5,3459 5,3791
544 16:32:21
4,5924 4,6245
4,2782 4,3103
4,7895 4,8223
5,3454 5,3786
545 16:33:21
4,5924 4,6245
4,2782 4,3103
4,7895 4,8223
5,3454 5,3786
546 16:34:20
4,5924 4,6245
4,2782 4,3103
4,7898 4,8226
5,3455 5,3787
547 16:35:20
4,5924 4,6245
4,2790 4,3111
4,7900 4,8228
5,3451 5,3783
548 16:36:21
4,5924 4,6245
4,2790 4,3111
4,7900 4,8228
5,3451 5,3783
549 16:37:21
4,5915 4,6236
4,2781 4,3102
4,7890 4,8218
5,3440 5,3772
550 16:38:21
4,5915 4,6236
4,2757 4,3078
4,7890 4,8218
5,3440 5,3772
551 16:39:20
4,5926 4,6247
4,2768 4,3089
4,7897 4,8225
5,3453 5,3785
552 16:40:20
4,5926 4,6247
4,2760 4,3081
4,7897 4,8225
5,3453 5,3785
553 16:41:21
4,5925 4,6247
4,2760 4,3081
4,7897 4,8225
5,3456 5,3788
554 16:42:21
4,5925 4,6247
4,2756 4,3077
4,7897 4,8225
5,3456 5,3788
555 16:43:21
4,5925 4,6247
4,2752 4,3073
4,7902 4,8230
5,3456 5,3788
556 16:44:21
4,5925 4,6247
4,2752 4,3073
4,7899 4,8227
5,3456 5,3788
557 16:45:20
4,5904 4,6226
4,2734 4,3055
4,7876 4,8204
5,3432 5,3764
558 16:46:20
4,5904 4,6226
4,2734 4,3055
4,7876 4,8204
5,3432 5,3764
559 16:47:20
4,5904 4,6226
4,2734 4,3055
4,7875 4,8203
5,3432 5,3764
560 16:48:21
4,5921 4,6243
4,2750 4,3071
4,7895 4,8223
5,3445 5,3777
561 16:49:21
4,5922 4,6244
4,2751 4,3072
4,7897 4,8225
5,3447 5,3779
562 16:50:21
4,5922 4,6244
4,2751 4,3072
4,7897 4,8225
5,3447 5,3779
563 16:51:21
4,5938 4,6260
4,2790 4,3111
4,7920 4,8248
5,3465 5,3797
564 16:52:20
4,5938 4,6260
4,2786 4,3107
4,7920 4,8248
5,3462 5,3794
565 16:53:20
4,5950 4,6272
4,2798 4,3119
4,7936 4,8264
5,3465 5,3797
566 16:54:21
4,5951 4,6273
4,2798 4,3119
4,7936 4,8264
5,3477 5,3809
567 16:55:21
4,5951 4,6273
4,2798 4,3119
4,7939 4,8267
5,3486 5,3818
568 16:56:21
4,5951 4,6273
4,2798 4,3119
4,7936 4,8264
5,3491 5,3823
569 16:57:20
4,5987 4,6309
4,2831 4,3152
4,7969 4,8297
5,3533 5,3865
570 16:58:20
4,5978 4,6300
4,2823 4,3144
4,7959 4,8287
5,3522 5,3854
571 16:59:21
4,5978 4,6300
4,2823 4,3144
4,7967 4,8295
5,3522 5,3854
572 17:00:21
4,5973 4,6295
4,2819 4,3140
4,7957 4,8285
5,3506 5,3838
573 17:01:21
4,5978 4,6300
4,2823 4,3144
4,7962 4,8290
5,3506 5,3838
574 17:02:20
4,5990 4,6312
4,2831 4,3152
4,7975 4,8303
5,3520 5,3852
575 17:03:20
4,6001 4,6323
4,2840 4,3161
4,7986 4,8314
5,3532 5,3864
576 17:04:21
4,6004 4,6326
4,2844 4,3165
4,7990 4,8318
5,3537 5,3869
577 17:05:21
4,6004 4,6326
4,2844 4,3165
4,7995 4,8323
5,3536 5,3868
578 17:06:21
4,6004 4,6326
4,2844 4,3165
4,7995 4,8323
5,3536 5,3868
579 17:07:21
4,6004 4,6326
4,2834 4,3155
4,7990 4,8318
5,3536 5,3868
580 17:08:20
4,6006 4,6328
4,2835 4,3156
4,7999 4,8327
5,3538 5,3870
581 17:09:20
4,6009 4,6331
4,2840 4,3161
4,8004 4,8332
5,3535 5,3867
582 17:10:20
4,6009 4,6331
4,2840 4,3161
4,8004 4,8332
5,3538 5,3870
583 17:11:21
4,6009 4,6331
4,2840 4,3161
4,8004 4,8332
5,3541 5,3873
584 17:12:21
4,6009 4,6331
4,2840 4,3161
4,8004 4,8332
5,3541 5,3873
585 17:13:21
4,5983 4,6305
4,2808 4,3129
4,7978 4,8306
5,3512 5,3844
586 17:14:21
4,5983 4,6305
4,2808 4,3129
4,7975 4,8303
5,3512 5,3844
587 17:15:21
4,5983 4,6305
4,2808 4,3129
4,7975 4,8303
5,3512 5,3844
588 17:16:20
4,5983 4,6305
4,2808 4,3129
4,7975 4,8303
5,3518 5,3850
589 17:17:20
4,5985 4,6307
4,2806 4,3127
4,7977 4,8305
5,3520 5,3852
590 17:18:21
4,5986 4,6308
4,2806 4,3127
4,7978 4,8306
5,3518 5,3850
591 17:19:21
4,5986 4,6308
4,2806 4,3127
4,7978 4,8306
5,3521 5,3853
592 17:20:21
4,5980 4,6302
4,2801 4,3122
4,7980 4,8308
5,3515 5,3847
593 17:21:21
4,5980 4,6302
4,2801 4,3122
4,7980 4,8308
5,3515 5,3847
594 17:22:21
4,5997 4,6319
4,2817 4,3138
4,7997 4,8325
5,3534 5,3866
595 17:23:20
4,5995 4,6317
4,2815 4,3136
4,7995 4,8323
5,3532 5,3864
596 17:24:20
4,5995 4,6317
4,2815 4,3136
4,7995 4,8323
5,3538 5,3870
597 17:25:21
4,5995 4,6317
4,2807 4,3128
4,7995 4,8323
5,3538 5,3870
598 17:26:21
4,6008 4,6330
4,2823 4,3144
4,8008 4,8336
5,3553 5,3885
599 17:27:21
4,6008 4,6330
4,2823 4,3144
4,8011 4,8339
5,3553 5,3885
600 17:28:21
4,6011 4,6333
4,2826 4,3147
4,8019 4,8347
5,3557 5,3889
601 17:29:21
4,6011 4,6333
4,2826 4,3147
4,8016 4,8344
5,3556 5,3888
602 17:30:20
4,6008 4,6330
4,2823 4,3144
4,8014 4,8342
5,3553 5,3885
603 17:31:20
4,6005 4,6327
4,2821 4,3142
4,8011 4,8339
5,3550 5,3882
604 17:32:21
4,6006 4,6328
4,2821 4,3142
4,8011 4,8339
5,3529 5,3861
605 17:33:21
4,6006 4,6328
4,2821 4,3142
4,8009 4,8337
5,3529 5,3861
606 17:34:21
4,6006 4,6328
4,2841 4,3162
4,8006 4,8334
5,3529 5,3861
607 17:35:21
4,6010 4,6332
4,2845 4,3166
4,8013 4,8341
5,3534 5,3866
608 17:36:21
4,6010 4,6332
4,2855 4,3176
4,8013 4,8341
5,3534 5,3866
609 17:37:20
4,6019 4,6341
4,2864 4,3186
4,8023 4,8351
5,3544 5,3876
610 17:38:20
4,6013 4,6335
4,2861 4,3184
4,8019 4,8347
5,3537 5,3869
611 17:39:21
4,6019 4,6341
4,2868 4,3189
4,8026 4,8354
5,3546 5,3878
612 17:40:21
4,6020 4,6342
4,2868 4,3189
4,8026 4,8354
5,3553 5,3885
613 17:41:21
4,6021 4,6343
4,2869 4,3190
4,8024 4,8352
5,3555 5,3887
614 17:42:20
4,6021 4,6343
4,2869 4,3190
4,8024 4,8352
5,3555 5,3887
615 17:43:20
4,6021 4,6343
4,2869 4,3190
4,8027 4,8355
5,3555 5,3887
616 17:44:21
4,6021 4,6343
4,2869 4,3190
4,8027 4,8355
5,3555 5,3887
617 17:45:21
4,6021 4,6343
4,2869 4,3190
4,8024 4,8352
5,3555 5,3887
618 17:46:21
4,6021 4,6343
4,2869 4,3190
4,8027 4,8355
5,3555 5,3887
619 17:47:20
4,6021 4,6343
4,2869 4,3190
4,8027 4,8355
5,3555 5,3887
620 17:48:21
4,6020 4,6342
4,2868 4,3189
4,8026 4,8354
5,3554 5,3886
621 17:49:20
4,6020 4,6342
4,2868 4,3189
4,8021 4,8349
5,3554 5,3886
622 17:50:20
4,6020 4,6342
4,2868 4,3189
4,8021 4,8349
5,3557 5,3889
623 17:51:21
4,6020 4,6342
4,2868 4,3189
4,8021 4,8349
5,3557 5,3889
624 17:52:21
4,6013 4,6335
4,2862 4,3183
4,8019 4,8347
5,3553 5,3885
625 17:53:21
4,6013 4,6335
4,2858 4,3179
4,8019 4,8347
5,3553 5,3885
626 17:54:21
4,6013 4,6335
4,2860 4,3181
4,8019 4,8347
5,3553 5,3885
627 17:55:21
4,6013 4,6335
4,2864 4,3185
4,8019 4,8347
5,3553 5,3885
628 17:56:21
4,6016 4,6338
4,2867 4,3188
4,8022 4,8350
5,3547 5,3879
629 17:57:20
4,6016 4,6338
4,2867 4,3188
4,8022 4,8350
5,3547 5,3879
630 17:58:20
4,6016 4,6338
4,2871 4,3192
4,8022 4,8350
5,3547 5,3879
631 17:59:20
4,6016 4,6338
4,2859 4,3180
4,8022 4,8350
5,3547 5,3879
632 18:00:21
4,6000 4,6322
4,2843 4,3164
4,8005 4,8333
5,3531 5,3863
633 18:01:21
4,6000 4,6322
4,2843 4,3164
4,8003 4,8331
5,3531 5,3863
634 18:02:20
4,6000 4,6322
4,2843 4,3164
4,8003 4,8331
5,3531 5,3863
635 18:03:20
4,5998 4,6320
4,2842 4,3163
4,8003 4,8331
5,3526 5,3858
636 18:04:21
4,5998 4,6320
4,2830 4,3151
4,8003 4,8331
5,3525 5,3857
637 18:05:21
4,5997 4,6319
4,2829 4,3150
4,8002 4,8330
5,3527 5,3859
638 18:06:21
4,5995 4,6317
4,2834 4,3156
4,8000 4,8328
5,3526 5,3858
639 18:07:21
4,5995 4,6317
4,2833 4,3157
4,8000 4,8328
5,3526 5,3858
640 18:08:21
4,5995 4,6317
4,2833 4,3157
4,8000 4,8328
5,3532 5,3864
641 18:09:20
4,5995 4,6318
4,2839 4,3160
4,7998 4,8326
5,3532 5,3865
642 18:10:21
4,5995 4,6318
4,2839 4,3160
4,7997 4,8325
5,3528 5,3860
643 18:11:21
4,5995 4,6318
4,2839 4,3160
4,7995 4,8324
5,3528 5,3860
644 18:12:21
4,5993 4,6316
4,2837 4,3158
4,7993 4,8322
5,3526 5,3858
645 18:13:21
4,5995 4,6318
4,2839 4,3160
4,7995 4,8324
5,3528 5,3860
646 18:14:20
4,5994 4,6316
4,2834 4,3155
4,7994 4,8322
5,3525 5,3857
647 18:15:20
4,5995 4,6317
4,2832 4,3155
4,7995 4,8323
5,3528 5,3860
648 18:16:21
4,5995 4,6317
4,2832 4,3155
4,7992 4,8320
5,3528 5,3860
649 18:17:21
4,5995 4,6317
4,2832 4,3155
4,7995 4,8323
5,3528 5,3860
650 18:18:21
4,5994 4,6316
4,2814 4,3135
4,7994 4,8322
5,3527 5,3859
651 18:19:21
4,5994 4,6316
4,2816 4,3137
4,7986 4,8314
5,3514 5,3846
652 18:20:20
4,5994 4,6316
4,2806 4,3127
4,7986 4,8314
5,3518 5,3850
653 18:21:20
4,5994 4,6316
4,2806 4,3127
4,7986 4,8314
5,3514 5,3846
654 18:22:21
4,5994 4,6316
4,2806 4,3127
4,7987 4,8315
5,3521 5,3853
655 18:23:21
4,5996 4,6318
4,2808 4,3129
4,7989 4,8317
5,3524 5,3856
656 18:24:21
4,5996 4,6318
4,2808 4,3129
4,7991 4,8319
5,3524 5,3856
657 18:25:20
4,5992 4,6314
4,2806 4,3130
4,7987 4,8315
5,3519 5,3851
658 18:26:20
4,5992 4,6314
4,2806 4,3130
4,7992 4,8320
5,3519 5,3851
659 18:27:21
4,5995 4,6317
4,2804 4,3127
4,7992 4,8320
5,3522 5,3854
660 18:28:21
4,5994 4,6316
4,2804 4,3128
4,7989 4,8317
5,3521 5,3853
661 18:29:21
4,5994 4,6316
4,2802 4,3123
4,7992 4,8320
5,3521 5,3853
662 18:30:20
4,6000 4,6322
4,2810 4,3131
4,7998 4,8326
5,3529 5,3861
663 18:31:20
4,5996 4,6319
4,2805 4,3129
4,7996 4,8325
5,3523 5,3855
664 18:32:21
4,5994 4,6316
4,2804 4,3127
4,7995 4,8323
5,3522 5,3854
665 18:33:21
4,5995 4,6317
4,2810 4,3131
4,7996 4,8324
5,3527 5,3859
666 18:34:21
4,5993 4,6315
4,2803 4,3124
4,7993 4,8321
5,3533 5,3865
667 18:35:20
4,5993 4,6315
4,2803 4,3124
4,7993 4,8321
5,3533 5,3865
668 18:36:20
4,5994 4,6316
4,2804 4,3125
4,7994 4,8322
5,3534 5,3866
669 18:37:20
4,5993 4,6315
4,2803 4,3124
4,7993 4,8321
5,3533 5,3865
670 18:38:21
4,5994 4,6316
4,2804 4,3125
4,7994 4,8322
5,3529 5,3861
671 18:39:21
4,5994 4,6316
4,2804 4,3125
4,7994 4,8322
5,3530 5,3862
672 18:40:21
4,5994 4,6316
4,2810 4,3131
4,7994 4,8322
5,3530 5,3862
673 18:41:20
4,5994 4,6316
4,2810 4,3131
4,7994 4,8322
5,3521 5,3853
674 18:42:20
4,5994 4,6316
4,2818 4,3139
4,7994 4,8322
5,3521 5,3853
675 18:43:20
4,5994 4,6316
4,2818 4,3139
4,7994 4,8322
5,3521 5,3853
676 18:44:21
4,5994 4,6316
4,2818 4,3139
4,7994 4,8322
5,3521 5,3853
677 18:45:21
4,5993 4,6315
4,2817 4,3138
4,7988 4,8316
5,3517 5,3849
678 18:46:21
4,5993 4,6315
4,2817 4,3138
4,7988 4,8316
5,3518 5,3850
679 18:47:20
4,5993 4,6315
4,2819 4,3143
4,7988 4,8316
5,3518 5,3850
680 18:48:20
4,5993 4,6315
4,2819 4,3143
4,7988 4,8316
5,3517 5,3849
681 18:49:21
4,5993 4,6315
4,2819 4,3143
4,7988 4,8316
5,3523 5,3855
682 18:50:21
4,5994 4,6317
4,2814 4,3135
4,7989 4,8318
5,3524 5,3856
683 18:51:21
4,5994 4,6317
4,2814 4,3135
4,7989 4,8318
5,3524 5,3856
684 18:52:21
4,5996 4,6318
4,2816 4,3137
4,7991 4,8319
5,3527 5,3859
685 18:53:20
4,5996 4,6318
4,2816 4,3137
4,7991 4,8319
5,3527 5,3859
686 18:54:20
4,5996 4,6318
4,2816 4,3137
4,7991 4,8319
5,3524 5,3856
687 18:55:21
4,5994 4,6317
4,2814 4,3135
4,7989 4,8318
5,3524 5,3857
688 18:56:21
4,5993 4,6317
4,2815 4,3137
4,7988 4,8318
5,3525 5,3858
689 18:57:21
4,5994 4,6316
4,2819 4,3142
4,7989 4,8317
5,3524 5,3856
690 18:58:20
4,5994 4,6316
4,2818 4,3139
4,7989 4,8317
5,3524 5,3856
691 18:59:20
4,6009 4,6337
4,2837 4,3162
4,8005 4,8339
5,3543 5,3882
692 19:00:21
4,6009 4,6337
4,2833 4,3162
4,8005 4,8339
5,3543 5,3882
693 19:01:21
4,6009 4,6337
4,2837 4,3162
4,8000 4,8334
5,3543 5,3882
694 19:02:21
4,6006 4,6331
4,2829 4,3156
4,7997 4,8328
5,3539 5,3874
695 19:03:20
4,6012 4,6341
4,2836 4,3166
4,8003 4,8338
5,3546 5,3885
696 19:04:20
4,6012 4,6338
4,2848 4,3175
4,8003 4,8335
5,3546 5,3882
697 19:05:21
4,6030 4,6352
4,2865 4,3186
4,8021 4,8349
5,3578 5,3910
698 19:06:21
4,6030 4,6353
4,2857 4,3181
4,8019 4,8347
5,3579 5,3912
699 19:07:21
4,6030 4,6353
4,2859 4,3180
4,8019 4,8347
5,3591 5,3924
700 19:08:21
4,6030 4,6353
4,2859 4,3180
4,8017 4,8346
5,3594 5,3926
701 19:09:20
4,6030 4,6353
4,2859 4,3180
4,8019 4,8347
5,3594 5,3926
702 19:10:20
4,6037 4,6359
4,2866 4,3187
4,8029 4,8357
5,3609 5,3941
703 19:11:21
4,6037 4,6359
4,2866 4,3187
4,8024 4,8352
5,3606 5,3938
704 19:12:21
4,6037 4,6359
4,2866 4,3187
4,8024 4,8352
5,3618 5,3950
705 19:13:21
4,6042 4,6365
4,2860 4,3184
4,8029 4,8358
5,3618 5,3951
706 19:14:20
4,6042 4,6365
4,2858 4,3179
4,8029 4,8358
5,3618 5,3951
707 19:15:20
4,6042 4,6365
4,2859 4,3180
4,8029 4,8358
5,3618 5,3951
708 19:16:20
4,6042 4,6365
4,2859 4,3180
4,8024 4,8353
5,3611 5,3943
709 19:17:21
4,6042 4,6365
4,2859 4,3180
4,8021 4,8349
5,3614 5,3946
710 19:18:21
4,6037 4,6361
4,2856 4,3178
4,8013 4,8341
5,3609 5,3941
711 19:19:21
4,6037 4,6361
4,2848 4,3170
4,8013 4,8341
5,3610 5,3942
712 19:20:21
4,6038 4,6362
4,2852 4,3177
4,8014 4,8342
5,3614 5,3949
713 19:21:21
4,6038 4,6362
4,2852 4,3177
4,8014 4,8342
5,3611 5,3943
714 19:22:20
4,6035 4,6361
4,2846 4,3174
4,8011 4,8339
5,3604 5,3940
715 19:23:20
4,6035 4,6361
4,2850 4,3174
4,8007 4,8339
5,3604 5,3940
716 19:24:21
4,6035 4,6361
4,2850 4,3174
4,8007 4,8339
5,3603 5,3935
717 19:25:21
4,6035 4,6360
4,2840 4,3163
4,8007 4,8338
5,3595 5,3932
718 19:26:21
4,6036 4,6361
4,2841 4,3164
4,8008 4,8339
5,3591 5,3933
719 19:27:21
4,6036 4,6361
4,2833 4,3160
4,8008 4,8339
5,3592 5,3927
720 19:28:20
4,6036 4,6361
4,2841 4,3168
4,8008 4,8339
5,3592 5,3927
721 19:29:20
4,6036 4,6361
4,2845 4,3168
4,8008 4,8339
5,3591 5,3933
722 19:30:20
4,6045 4,6369
4,2855 4,3177
4,8017 4,8347
5,3604 5,3937
723 19:31:21
4,6045 4,6369
4,2855 4,3177
4,8012 4,8342
5,3603 5,3937
724 19:32:21
4,6070 4,6398
4,2874 4,3203
4,8039 4,8368
5,3632 5,3971
725 19:33:21
4,6068 4,6392
4,2872 4,3197
4,8035 4,8363
5,3623 5,3957
726 19:34:21
4,6070 4,6393
4,2874 4,3198
4,8033 4,8362
5,3625 5,3957
727 19:35:21
4,6071 4,6393
4,2875 4,3198
4,8034 4,8362
5,3627 5,3959
728 19:36:20
4,6071 4,6393
4,2875 4,3198
4,8034 4,8362
5,3627 5,3959
729 19:37:21
4,6078 4,6402
4,2882 4,3208
4,8042 4,8372
5,3633 5,3965
730 19:38:21
4,6078 4,6402
4,2870 4,3196
4,8050 4,8378
5,3633 5,3965
731 19:39:21
4,6078 4,6402
4,2873 4,3198
4,8052 4,8382
5,3633 5,3965
732 19:40:21
4,6078 4,6402
4,2874 4,3200
4,8052 4,8382
5,3635 5,3969
733 19:41:21
4,6079 4,6403
4,2875 4,3201
4,8053 4,8383
5,3636 5,3970
734 19:42:20
4,6081 4,6405
4,2876 4,3201
4,8055 4,8385
5,3638 5,3972
735 19:43:20
4,6081 4,6405
4,2876 4,3201
4,8055 4,8385
5,3638 5,3972
736 19:44:21
4,6084 4,6407
4,2871 4,3195
4,8058 4,8387
5,3641 5,3973
737 19:45:21
4,6084 4,6407
4,2874 4,3195
4,8058 4,8387
5,3641 5,3973
738 19:46:21
4,6084 4,6407
4,2871 4,3195
4,8058 4,8387
5,3638 5,3970
739 19:47:21
4,6085 4,6410
4,2880 4,3202
4,8059 4,8390
5,3643 5,3978
740 19:48:20
4,6083 4,6409
4,2870 4,3193
4,8057 4,8389
5,3641 5,3977
741 19:49:20
4,6086 4,6412
4,2873 4,3196
4,8060 4,8392
5,3644 5,3980
742 19:50:21
4,6086 4,6412
4,2877 4,3200
4,8060 4,8392
5,3644 5,3980
743 19:51:21
4,6081 4,6406
4,2872 4,3194
4,8058 4,8386
5,3645 5,3978
744 19:52:21
4,6079 4,6403
4,2883 4,3205
4,8059 4,8388
5,3642 5,3976
745 19:53:21
4,6079 4,6403
4,2879 4,3205
4,8058 4,8388
5,3642 5,3976
746 19:54:21
4,6079 4,6403
4,2887 4,3209
4,8058 4,8388
5,3642 5,3976
747 19:55:20
4,6079 4,6403
4,2887 4,3213
4,8058 4,8388
5,3642 5,3976
748 19:56:21
4,6065 4,6396
4,2873 4,3205
4,8043 4,8380
5,3630 5,3972
749 19:57:21
4,6065 4,6396
4,2873 4,3205
4,8043 4,8380
5,3631 5,3973
750 19:58:21
4,6077 4,6404
4,2880 4,3204
4,8050 4,8378
5,3638 5,3976
751 19:59:21
4,6076 4,6406
4,2879 4,3210
4,8050 4,8386
5,3640 5,3981
752 20:00:21
4,6055 4,6383
4,2860 4,3189
4,8028 4,8362
5,3615 5,3954
753 20:01:20
4,6048 4,6377
4,2853 4,3179
4,8019 4,8355
5,3606 5,3953
754 20:02:20
4,6053 4,6380
4,2858 4,3186
4,8026 4,8359
5,3611 5,3955
755 20:03:21
4,6060 4,6385
4,2859 4,3186
4,8033 4,8364
5,3620 5,3961
756 20:04:21
4,6053 4,6379
4,2849 4,3178
4,8026 4,8359
5,3612 5,3949
757 20:05:20
4,6053 4,6380
4,2850 4,3178
4,8026 4,8359
5,3623 5,3955
758 20:06:20
4,6053 4,6380
4,2850 4,3178
4,8026 4,8359
5,3623 5,3955
759 20:07:20
4,6053 4,6381
4,2866 4,3191
4,8032 4,8365
5,3625 5,3957
760 20:08:21
4,6055 4,6384
4,2868 4,3194
4,8033 4,8368
5,3627 5,3960
761 20:09:21
4,6055 4,6384
4,2868 4,3194
4,8033 4,8368
5,3626 5,3966
762 20:10:21
4,6055 4,6384
4,2879 4,3209
4,8038 4,8373
5,3626 5,3960
763 20:11:21
4,6055 4,6384
4,2880 4,3206
4,8037 4,8367
5,3626 5,3960
764 20:12:20
4,6055 4,6384
4,2876 4,3206
4,8037 4,8367
5,3626 5,3960
765 20:13:21
4,6054 4,6384
4,2871 4,3202
4,8038 4,8369
5,3614 5,3960
766 20:14:21
4,6059 4,6386
4,2878 4,3207
4,8041 4,8369
5,3620 5,3962
767 20:15:21
4,6051 4,6378
4,2872 4,3200
4,8028 4,8357
5,3610 5,3947
768 20:16:21
4,6059 4,6386
4,2880 4,3208
4,8036 4,8364
5,3618 5,3950
769 20:17:20
4,6058 4,6386
4,2875 4,3204
4,8037 4,8366
5,3618 5,3950
770 20:18:20
4,6059 4,6386
4,2878 4,3203
4,8036 4,8364
5,3618 5,3950
771 20:19:20
4,6055 4,6386
4,2876 4,3208
4,8032 4,8364
5,3613 5,3949
772 20:20:20
4,6055 4,6386
4,2876 4,3208
4,8032 4,8364
5,3613 5,3949
773 20:21:21
4,6055 4,6386
4,2876 4,3208
4,8032 4,8365
5,3613 5,3949
774 20:22:21
4,6055 4,6386
4,2876 4,3208
4,8028 4,8365
5,3613 5,3949
775 20:23:21
4,6055 4,6386
4,2880 4,3212
4,8033 4,8370
5,3613 5,3949
776 20:24:20
4,6055 4,6386
4,2880 4,3212
4,8033 4,8370
5,3613 5,3949
777 20:25:20
4,6055 4,6386
4,2876 4,3208
4,8033 4,8370
5,3613 5,3949
778 20:26:21
4,6054 4,6387
4,2875 4,3209
4,8027 4,8366
5,3612 5,3956
779 20:27:21
4,6054 4,6388
4,2883 4,3218
4,8027 4,8367
5,3613 5,3959
780 20:28:21
4,6059 4,6389
4,2888 4,3219
4,8032 4,8368
5,3620 5,3961
781 20:29:21
4,6056 4,6386
4,2885 4,3216
4,8029 4,8365
5,3616 5,3956
782 20:30:20
4,6057 4,6385
4,2886 4,3215
4,8030 4,8364
5,3617 5,3955
783 20:31:20
4,6057 4,6385
4,2886 4,3215
4,8030 4,8364
5,3617 5,3955
784 20:32:20
4,6057 4,6386
4,2886 4,3216
4,8034 4,8364
5,3617 5,3956
785 20:33:20
4,6057 4,6386
4,2890 4,3220
4,8030 4,8365
5,3617 5,3956
786 20:34:21
4,6057 4,6386
4,2890 4,3216
4,8030 4,8365
5,3617 5,3956
787 20:35:21
4,6058 4,6388
4,2891 4,3218
4,8031 4,8367
5,3619 5,3954
788 20:36:21
4,6058 4,6388
4,2891 4,3218
4,8031 4,8367
5,3619 5,3954
789 20:37:20
4,6071 4,6401
4,2903 4,3234
4,8050 4,8387
5,3634 5,3969
790 20:38:20
4,6069 4,6398
4,2897 4,3227
4,8046 4,8382
5,3629 5,3969
791 20:39:21
4,6069 4,6398
4,2897 4,3227
4,8047 4,8378
5,3631 5,3964
792 20:40:21
4,6068 4,6397
4,2896 4,3226
4,8045 4,8375
5,3635 5,3975
793 20:41:21
4,6068 4,6398
4,2904 4,3231
4,8046 4,8378
5,3637 5,3978
794 20:42:20
4,6071 4,6399
4,2907 4,3232
4,8050 4,8385
5,3639 5,3977
795 20:43:20
4,6071 4,6399
4,2903 4,3232
4,8050 4,8385
5,3640 5,3979
796 20:44:21
4,6071 4,6399
4,2903 4,3232
4,8056 4,8385
5,3633 5,3967
797 20:45:21
4,6071 4,6399
4,2903 4,3232
4,8056 4,8385
5,3634 5,3971
798 20:46:20
4,6071 4,6399
4,2903 4,3232
4,8056 4,8385
5,3640 5,3979
799 20:47:20
4,6071 4,6399
4,2903 4,3232
4,8056 4,8385
5,3640 5,3979
800 20:48:20
4,6069 4,6395
4,2901 4,3228
4,8052 4,8380
5,3637 5,3973
801 20:49:21
4,6069 4,6395
4,2901 4,3228
4,8052 4,8380
5,3637 5,3973
802 20:50:21
4,6069 4,6395
4,2901 4,3228
4,8047 4,8379
5,3624 5,3960
803 20:51:21
4,6073 4,6398
4,2913 4,3239
4,8052 4,8383
5,3629 5,3964
804 20:52:20
4,6073 4,6398
4,2921 4,3247
4,8052 4,8383
5,3629 5,3964
805 20:53:20
4,6073 4,6398
4,2921 4,3247
4,8052 4,8383
5,3629 5,3964
806 20:54:21
4,6120 4,6442
4,2966 4,3287
4,8103 4,8431
5,3684 5,4016
807 20:55:21
4,6114 4,6442
4,2959 4,3284
4,8100 4,8435
5,3677 5,4015
808 20:56:21
4,6114 4,6440
4,2959 4,3282
4,8099 4,8431
5,3669 5,4005
809 20:57:21
4,6114 4,6441
4,2959 4,3287
4,8099 4,8432
5,3671 5,4008
810 20:58:20
4,6114 4,6441
4,2959 4,3287
4,8099 4,8432
5,3669 5,4007
811 20:59:20
4,6093 4,6423
4,2939 4,3270
4,8078 4,8415
5,3646 5,3987
812 21:00:21
4,6088 4,6418
4,2935 4,3266
4,8072 4,8408
5,3641 5,3982
813 21:01:21
4,6081 4,6408
4,2927 4,3256
4,8069 4,8397
5,3631 5,3969
814 21:02:21
4,6076 4,6404
4,2924 4,3254
4,8066 4,8395
5,3639 5,3977
815 21:03:21
4,6076 4,6404
4,2936 4,3266
4,8066 4,8395
5,3639 5,3977
816 21:04:20
4,6084 4,6415
4,2943 4,3275
4,8072 4,8404
5,3647 5,3989
817 21:05:20
4,6083 4,6415
4,2942 4,3275
4,8073 4,8406
5,3641 5,3978
818 21:06:21
4,6083 4,6415
4,2942 4,3275
4,8073 4,8406
5,3642 5,3979
819 21:07:21
4,6083 4,6415
4,2942 4,3275
4,8073 4,8406
5,3642 5,3979
820 21:08:21
4,6083 4,6415
4,2942 4,3275
4,8073 4,8406
5,3642 5,3979
821 21:09:20
4,6083 4,6415
4,2942 4,3275
4,8073 4,8406
5,3642 5,3985
822 21:10:20
4,6083 4,6415
4,2942 4,3275
4,8073 4,8406
5,3642 5,3985
823 21:11:21
4,6083 4,6415
4,2942 4,3275
4,8073 4,8406
5,3648 5,3985
824 21:12:21
4,6083 4,6415
4,2946 4,3275
4,8073 4,8406
5,3642 5,3985
825 21:13:21
4,6084 4,6413
4,2947 4,3273
4,8072 4,8402
5,3642 5,3981
826 21:14:21
4,6084 4,6413
4,2947 4,3273
4,8072 4,8402
5,3642 5,3981
827 21:15:21
4,6084 4,6413
4,2947 4,3273
4,8073 4,8408
5,3642 5,3981
828 21:16:21
4,6084 4,6413
4,2951 4,3281
4,8073 4,8408
5,3641 5,3979
829 21:17:21
4,6084 4,6413
4,2951 4,3281
4,8073 4,8408
5,3642 5,3981
830 21:18:20
4,6084 4,6413
4,2951 4,3281
4,8073 4,8408
5,3642 5,3981
831 21:19:21
4,6084 4,6413
4,2943 4,3273
4,8073 4,8408
5,3642 5,3975
832 21:20:21
4,6084 4,6413
4,2943 4,3273
4,8073 4,8408
5,3642 5,3981
833 21:21:21
4,6084 4,6413
4,2947 4,3273
4,8073 4,8408
5,3642 5,3981
834 21:22:21
4,6084 4,6413
4,2947 4,3277
4,8073 4,8408
5,3641 5,3973
835 21:23:20
4,6082 4,6412
4,2945 4,3272
4,8071 4,8407
5,3640 5,3974
836 21:24:20
4,6084 4,6413
4,2943 4,3273
4,8073 4,8408
5,3642 5,3975
837 21:25:21
4,6083 4,6412
4,2942 4,3272
4,8072 4,8407
5,3641 5,3980
838 21:26:21
4,6083 4,6412
4,2950 4,3276
4,8072 4,8407
5,3641 5,3980
839 21:27:21
4,6083 4,6412
4,2950 4,3280
4,8072 4,8407
5,3641 5,3980
840 21:28:21
4,6081 4,6413
4,2948 4,3281
4,8070 4,8408
5,3638 5,3982
841 21:29:21
4,6083 4,6414
4,2950 4,3282
4,8072 4,8409
5,3640 5,3982
842 21:30:21
4,6083 4,6414
4,2950 4,3282
4,8072 4,8409
5,3640 5,3982
843 21:31:21
4,6083 4,6414
4,2950 4,3282
4,8072 4,8409
5,3646 5,3988
844 21:32:20
4,6081 4,6412
4,2948 4,3280
4,8070 4,8407
5,3645 5,3980
845 21:33:20
4,6081 4,6412
4,2948 4,3280
4,8070 4,8407
5,3645 5,3980
846 21:34:21
4,6081 4,6412
4,2936 4,3268
4,8070 4,8407
5,3645 5,3980
847 21:35:21
4,6081 4,6412
4,2940 4,3272
4,8070 4,8407
5,3644 5,3980
848 21:36:21
4,6081 4,6412
4,2940 4,3272
4,8070 4,8407
5,3644 5,3980
849 21:37:21
4,6081 4,6412
4,2940 4,3272
4,8070 4,8407
5,3645 5,3980
850 21:38:20
4,6081 4,6412
4,2940 4,3272
4,8070 4,8407
5,3645 5,3980
851 21:39:20
4,6075 4,6405
4,2935 4,3266
4,8064 4,8400
5,3638 5,3972
852 21:40:20
4,6075 4,6404
4,2931 4,3261
4,8064 4,8399
5,3638 5,3971
853 21:41:21
4,6075 4,6404
4,2931 4,3257
4,8064 4,8399
5,3638 5,3977
854 21:42:21
4,6075 4,6404
4,2931 4,3257
4,8064 4,8399
5,3638 5,3977
855 21:43:21
4,6075 4,6404
4,2931 4,3257
4,8064 4,8399
5,3638 5,3977
856 21:44:21
4,6075 4,6404
4,2935 4,3261
4,8064 4,8399
5,3637 5,3983
857 21:45:20
4,6076 4,6405
4,2936 4,3262
4,8065 4,8400
5,3639 5,3978
858 21:46:20
4,6076 4,6405
4,2936 4,3262
4,8065 4,8400
5,3644 5,3984
859 21:47:20
4,6075 4,6405
4,2935 4,3262
4,8064 4,8400
5,3645 5,3986
860 21:48:21
4,6075 4,6405
4,2935 4,3266
4,8064 4,8400
5,3639 5,3986
861 21:49:21
4,6074 4,6404
4,2934 4,3265
4,8063 4,8399
5,3638 5,3985
862 21:50:21
4,6074 4,6404
4,2934 4,3265
4,8063 4,8399
5,3638 5,3985
863 21:51:20
4,6079 4,6409
4,2934 4,3265
4,8068 4,8404
5,3643 5,3990
864 21:52:20
4,6079 4,6409
4,2934 4,3265
4,8069 4,8400
5,3643 5,3990
865 21:53:21
4,6075 4,6405
4,2931 4,3262
4,8065 4,8396
5,3639 5,3986
866 21:54:21
4,6075 4,6405
4,2931 4,3258
4,8064 4,8400
5,3639 5,3986
867 21:55:21
4,6075 4,6405
4,2931 4,3258
4,8065 4,8396
5,3645 5,3986
868 21:56:21
4,6075 4,6405
4,2931 4,3258
4,8065 4,8396
5,3645 5,3986
869 21:57:20
4,6078 4,6407
4,2932 4,3259
4,8066 4,8396
5,3654 5,3987
870 21:58:20
4,6076 4,6406
4,2932 4,3260
4,8066 4,8397
5,3652 5,3987
871 21:59:21
4,6078 4,6407
4,2932 4,3259
4,8066 4,8396
5,3654 5,3989
872 22:00:21
4,6078 4,6407
4,2932 4,3259
4,8066 4,8396
5,3654 5,3989
873 22:01:21
4,6076 4,6404
4,2932 4,3258
4,8066 4,8395
5,3652 5,3987
874 22:02:20
4,6076 4,6404
4,2932 4,3258
4,8066 4,8395
5,3652 5,3987
875 22:03:20
4,6076 4,6404
4,2932 4,3258
4,8066 4,8395
5,3646 5,3985
876 22:04:21
4,6076 4,6404
4,2932 4,3258
4,8066 4,8395
5,3646 5,3985
877 22:05:21
4,6076 4,6404
4,2932 4,3262
4,8071 4,8404
5,3646 5,3985
878 22:06:21
4,6075 4,6408
4,2930 4,3263
4,8069 4,8408
5,3642 5,3986
879 22:07:20
4,6073 4,6407
4,2930 4,3264
4,8067 4,8407
5,3649 5,3994
880 22:08:21
4,6073 4,6406
4,2929 4,3263
4,8067 4,8406
5,3647 5,3992
881 22:09:21
4,6072 4,6405
4,2928 4,3262
4,8066 4,8405
5,3646 5,3990
882 22:10:21
4,6072 4,6405
4,2928 4,3262
4,8066 4,8405
5,3646 5,3990
883 22:11:20
4,6072 4,6405
4,2928 4,3262
4,8066 4,8405
5,3646 5,3990
884 22:12:20
4,6071 4,6407
4,2928 4,3260
4,8065 4,8407
5,3647 5,3994
885 22:13:21
4,6071 4,6407
4,2928 4,3260
4,8065 4,8407
5,3653 5,3994
886 22:14:21
4,6071 4,6407
4,2928 4,3260
4,8065 4,8407
5,3653 5,3994
887 22:15:21
4,6071 4,6407
4,2928 4,3260
4,8065 4,8407
5,3653 5,3994
888 22:16:20
4,6071 4,6409
4,2928 4,3266
4,8071 4,8410
5,3652 5,3996
889 22:17:20
4,6071 4,6409
4,2928 4,3266
4,8065 4,8409
5,3646 5,3997
890 22:18:21
4,6071 4,6409
4,2928 4,3266
4,8065 4,8409
5,3650 5,3996
891 22:19:20
4,6070 4,6411
4,2925 4,3266
4,8062 4,8410
5,3649 5,3998
892 22:21:20
4,6069 4,6410
4,2924 4,3265
4,8061 4,8409
5,3642 5,3996
893 22:22:20
4,6069 4,6410
4,2928 4,3265
4,8061 4,8409
5,3644 5,3997
894 22:23:21
4,6068 4,6410
4,2929 4,3267
4,8062 4,8411
5,3649 5,3997
895 22:24:21
4,6071 4,6412
4,2930 4,3267
4,8064 4,8406
5,3652 5,3999
896 22:25:21
4,6071 4,6412
4,2930 4,3267
4,8064 4,8406
5,3652 5,3999
897 22:26:21
4,6070 4,6412
4,2931 4,3269
4,8059 4,8407
5,3652 5,4007
898 22:27:20
4,6066 4,6410
4,2923 4,3263
4,8050 4,8401
5,3647 5,4004
899 22:28:21
4,6066 4,6410
4,2923 4,3263
4,8050 4,8401
5,3647 5,4004
900 22:29:21
4,6069 4,6412
4,2924 4,3263
4,8057 4,8402
5,3648 5,4004
901 22:30:21
4,6068 4,6412
4,2925 4,3269
4,8056 4,8402
5,3650 5,4007
902 22:31:20
4,6073 4,6418
4,2928 4,3273
4,8057 4,8408
5,3653 5,4011
903 22:32:20
4,6074 4,6427
4,2930 4,3282
4,8058 4,8417
5,3657 5,4019
904 22:33:21
4,6074 4,6426
4,2930 4,3281
4,8059 4,8418
5,3656 5,4023
905 22:34:21
4,6077 4,6421
4,2933 4,3277
4,8061 4,8411
5,3659 5,4016
906 22:35:21
4,6076 4,6420
4,2931 4,3276
4,8060 4,8406
5,3659 5,4015
907 22:36:21
4,6076 4,6420
4,2931 4,3276
4,8060 4,8406
5,3659 5,4016
908 22:37:20
4,6076 4,6420
4,2935 4,3276
4,8060 4,8406
5,3665 5,4016
909 22:38:20
4,6076 4,6420
4,2935 4,3276
4,8056 4,8407
5,3659 5,4016
910 22:39:21
4,6080 4,6423
4,2938 4,3277
4,8058 4,8408
5,3661 5,4017
911 22:40:21
4,6080 4,6423
4,2938 4,3277
4,8058 4,8408
5,3661 5,4017
912 22:41:21
4,6080 4,6423
4,2938 4,3277
4,8058 4,8408
5,3669 5,4018
913 22:42:20
4,6079 4,6423
4,2939 4,3283
4,8059 4,8410
5,3668 5,4019
914 22:43:20
4,6079 4,6423
4,2939 4,3279
4,8059 4,8410
5,3668 5,4019
915 22:44:21
4,6075 4,6419
4,2936 4,3280
4,8054 4,8404
5,3656 5,4014
Connection error x5
