#======================
2023-10-3
# 1.EUR, 2.USD, 3.CHF, 4.GBP
Sell Price, Buy Price
1 08:31:21
4,6047 4,6369
4,3990 4,4311
4,7818 4,8146
5,3134 5,3466
2 08:32:21
4,6047 4,6369
4,3988 4,4309
4,7781 4,8109
5,3134 5,3466
3 08:33:20
4,6056 4,6378
4,3993 4,4314
4,7783 4,8111
5,3145 5,3477
4 08:34:20
4,6053 4,6375
4,3996 4,4317
4,7788 4,8116
5,3147 5,3479
5 08:35:21
4,6010 4,6338
4,3951 4,4281
4,7755 4,8089
5,3095 5,3433
6 08:36:21
4,6008 4,6336
4,3953 4,4279
4,7763 4,8100
5,3088 5,3421
7 08:37:21
4,6004 4,6326
4,3940 4,4263
4,7757 4,8085
5,3075 5,3407
8 08:38:21
4,5998 4,6324
4,3944 4,4272
4,7737 4,8069
5,3080 5,3412
9 08:39:20
4,5996 4,6318
4,3948 4,4269
4,7734 4,8062
5,3079 5,3411
10 08:40:20
4,5985 4,6307
4,3926 4,4249
4,7727 4,8055
5,3068 5,3400
11 08:41:21
4,5944 4,6266
4,3890 4,4211
4,7686 4,8014
5,3021 5,3353
12 08:42:21
4,5931 4,6253
4,3875 4,4198
4,7672 4,8000
5,3009 5,3341
13 08:43:21
4,5926 4,6248
4,3871 4,4192
4,7668 4,7996
5,3004 5,3336
14 08:44:20
4,5954 4,6276
4,3886 4,4208
4,7691 4,8019
5,3037 5,3369
15 08:45:20
4,5957 4,6279
4,3888 4,4209
4,7692 4,8020
5,3043 5,3375
16 08:46:21
4,5970 4,6292
4,3901 4,4222
4,7708 4,8036
5,3059 5,3391
17 08:47:21
4,5978 4,6300
4,3910 4,4231
4,7716 4,8044
5,3076 5,3408
18 08:48:21
4,5990 4,6312
4,3924 4,4245
4,7729 4,8057
5,3084 5,3416
19 08:49:20
4,5995 4,6317
4,3933 4,4254
4,7737 4,8065
5,3089 5,3421
20 08:50:20
4,5994 4,6316
4,3934 4,4255
4,7737 4,8065
5,3090 5,3422
21 08:51:21
4,5993 4,6315
4,3916 4,4237
4,7766 4,8094
5,3097 5,3429
22 08:52:21
4,5993 4,6315
4,3912 4,4233
4,7773 4,8101
5,3097 5,3429
23 08:53:21
4,5991 4,6313
4,3919 4,4240
4,7759 4,8087
5,3098 5,3430
24 08:54:20
4,5991 4,6313
4,3914 4,4235
4,7758 4,8086
5,3097 5,3429
25 08:55:20
4,5992 4,6314
4,3909 4,4230
4,7760 4,8088
5,3096 5,3428
26 08:56:21
4,5990 4,6312
4,3911 4,4232
4,7758 4,8086
5,3093 5,3425
27 08:57:21
4,5991 4,6313
4,3914 4,4235
4,7761 4,8089
5,3094 5,3426
28 08:58:21
4,5992 4,6314
4,3913 4,4234
4,7759 4,8087
5,3091 5,3423
29 08:59:21
4,5991 4,6313
4,3912 4,4233
4,7759 4,8087
5,3088 5,3420
30 09:00:20
4,5999 4,6321
4,3919 4,4240
4,7762 4,8090
5,3100 5,3432
31 09:01:23
4,6014 4,6336
4,3932 4,4253
4,7783 4,8111
5,3108 5,3440
32 09:02:22
4,6013 4,6335
4,3926 4,4247
4,7796 4,8124
5,3097 5,3429
33 09:03:21
4,6029 4,6351
4,3946 4,4267
4,7803 4,8131
5,3119 5,3451
34 09:04:21
4,6022 4,6344
4,3938 4,4259
4,7797 4,8125
5,3112 5,3444
35 09:05:21
4,6024 4,6346
4,3952 4,4273
4,7793 4,8121
5,3105 5,3437
36 09:06:21
4,6025 4,6347
4,3949 4,4271
4,7794 4,8122
5,3100 5,3432
37 09:07:21
4,6024 4,6346
4,3941 4,4263
4,7793 4,8121
5,3099 5,3431
38 09:08:20
4,6019 4,6341
4,3928 4,4250
4,7778 4,8106
5,3083 5,3415
39 09:09:21
4,6002 4,6324
4,3912 4,4234
4,7763 4,8091
5,3064 5,3396
40 09:10:21
4,6004 4,6326
4,3914 4,4236
4,7765 4,8093
5,3069 5,3401
41 09:11:21
4,6006 4,6328
4,3924 4,4246
4,7764 4,8092
5,3074 5,3406
42 09:12:20
4,6006 4,6328
4,3912 4,4234
4,7763 4,8091
5,3075 5,3407
43 09:13:20
4,6007 4,6329
4,3910 4,4232
4,7760 4,8088
5,3076 5,3408
44 09:14:21
4,6027 4,6349
4,3928 4,4250
4,7781 4,8109
5,3096 5,3428
45 09:15:21
4,6029 4,6351
4,3932 4,4254
4,7784 4,8112
5,3093 5,3425
46 09:16:21
4,6023 4,6345
4,3921 4,4243
4,7777 4,8105
5,3078 5,3410
47 09:17:21
4,6020 4,6342
4,3919 4,4241
4,7774 4,8102
5,3073 5,3405
48 09:18:21
4,6020 4,6342
4,3925 4,4247
4,7767 4,8095
5,3069 5,3401
49 09:19:20
4,6024 4,6346
4,3932 4,4254
4,7773 4,8101
5,3071 5,3403
50 09:20:21
4,6024 4,6346
4,3937 4,4259
4,7773 4,8101
5,3067 5,3399
51 09:21:21
4,6037 4,6359
4,3951 4,4273
4,7786 4,8114
5,3076 5,3408
52 09:22:21
4,6034 4,6356
4,3944 4,4266
4,7783 4,8111
5,3070 5,3402
53 09:23:28
4,6027 4,6349
4,3940 4,4262
4,7779 4,8107
5,3058 5,3390
54 09:24:35
4,6025 4,6347
4,3936 4,4258
4,7779 4,8107
5,3054 5,3386
55 09:25:21
4,6025 4,6347
4,3938 4,4260
4,7774 4,8102
5,3054 5,3386
56 09:26:21
4,6020 4,6342
4,3938 4,4260
4,7779 4,8107
5,3045 5,3377
57 09:27:21
4,6005 4,6327
4,3927 4,4249
4,7768 4,8096
5,3027 5,3359
58 09:28:20
4,6005 4,6327
4,3930 4,4252
4,7764 4,8092
5,3031 5,3363
59 09:29:21
4,6003 4,6325
4,3930 4,4252
4,7761 4,8089
5,3028 5,3360
60 09:30:21
4,5992 4,6314
4,3921 4,4243
4,7730 4,8058
5,3015 5,3347
61 09:31:21
4,5992 4,6314
4,3920 4,4242
4,7715 4,8043
5,3028 5,3360
62 09:32:21
4,5979 4,6301
4,3907 4,4229
4,7705 4,8033
5,3023 5,3355
63 09:33:20
4,5971 4,6293
4,3900 4,4222
4,7691 4,8019
5,3011 5,3343
64 09:34:20
4,5973 4,6295
4,3907 4,4229
4,7690 4,8018
5,3008 5,3340
65 09:35:21
4,5971 4,6293
4,3894 4,4216
4,7664 4,7992
5,2998 5,3330
66 09:36:21
4,5971 4,6293
4,3899 4,4221
4,7663 4,7991
5,3000 5,3332
67 09:37:21
4,5971 4,6293
4,3893 4,4215
4,7651 4,7979
5,3004 5,3336
68 09:38:21
4,5969 4,6291
4,3885 4,4207
4,7659 4,7987
5,3008 5,3340
69 09:39:21
4,5970 4,6292
4,3889 4,4211
4,7666 4,7994
5,3006 5,3338
70 09:40:21
4,5967 4,6289
4,3880 4,4202
4,7657 4,7985
5,3005 5,3337
71 09:41:20
4,5974 4,6296
4,3892 4,4214
4,7667 4,7995
5,3010 5,3342
72 09:42:20
4,5977 4,6299
4,3887 4,4209
4,7660 4,7988
5,2999 5,3331
73 09:43:21
4,5971 4,6293
4,3878 4,4200
4,7638 4,7966
5,2991 5,3323
74 09:44:21
4,5949 4,6271
4,3855 4,4177
4,7616 4,7944
5,2966 5,3298
75 09:45:21
4,5949 4,6271
4,3843 4,4165
4,7618 4,7946
5,2966 5,3298
76 09:46:20
4,5949 4,6271
4,3840 4,4162
4,7612 4,7940
5,2966 5,3298
77 09:47:20
4,5949 4,6271
4,3834 4,4156
4,7579 4,7907
5,2967 5,3299
78 09:48:21
4,5945 4,6267
4,3830 4,4152
4,7562 4,7890
5,2979 5,3311
79 09:49:21
4,5946 4,6268
4,3834 4,4156
4,7573 4,7901
5,2979 5,3311
80 09:50:21
4,5951 4,6273
4,3842 4,4164
4,7572 4,7900
5,2981 5,3313
81 09:51:21
4,5953 4,6275
4,3848 4,4170
4,7579 4,7907
5,2982 5,3314
82 09:52:22
4,5954 4,6276
4,3852 4,4174
4,7569 4,7897
5,2984 5,3316
83 09:53:20
4,5956 4,6278
4,3837 4,4159
4,7574 4,7902
5,2987 5,3319
84 09:54:20
4,5977 4,6299
4,3861 4,4183
4,7585 4,7913
5,3017 5,3349
85 09:55:21
4,5965 4,6287
4,3848 4,4170
4,7574 4,7902
5,3012 5,3344
86 09:56:23
4,5963 4,6285
4,3848 4,4170
4,7586 4,7914
5,3020 5,3352
87 09:57:21
4,5959 4,6281
4,3842 4,4164
4,7579 4,7907
5,3018 5,3350
88 09:58:21
4,5957 4,6279
4,3840 4,4162
4,7585 4,7913
5,3016 5,3348
89 09:59:21
4,5996 4,6318
4,3881 4,4203
4,7628 4,7956
5,3049 5,3381
90 10:00:21
4,6010 4,6332
4,3892 4,4214
4,7641 4,7969
5,3058 5,3390
91 10:01:21
4,6005 4,6327
4,3890 4,4212
4,7644 4,7972
5,3058 5,3390
92 10:02:21
4,6008 4,6330
4,3901 4,4223
4,7643 4,7971
5,3071 5,3403
93 10:03:20
4,5980 4,6302
4,3870 4,4192
4,7611 4,7939
5,3040 5,3372
94 10:04:20
4,5975 4,6297
4,3849 4,4171
4,7603 4,7931
5,3023 5,3355
95 10:05:20
4,5980 4,6302
4,3850 4,4172
4,7598 4,7926
5,3040 5,3372
96 10:06:21
4,5986 4,6308
4,3847 4,4169
4,7605 4,7933
5,3043 5,3375
97 10:07:21
4,5990 4,6312
4,3848 4,4170
4,7611 4,7939
5,3041 5,3373
98 10:08:21
4,6008 4,6330
4,3867 4,4189
4,7630 4,7958
5,3061 5,3393
99 10:09:21
4,6016 4,6338
4,3880 4,4202
4,7644 4,7972
5,3081 5,3413
100 10:10:21
4,6016 4,6338
4,3879 4,4201
4,7641 4,7969
5,3087 5,3419
101 10:11:20
4,6026 4,6348
4,3880 4,4202
4,7655 4,7983
5,3093 5,3425
102 10:12:20
4,6025 4,6347
4,3884 4,4206
4,7658 4,7986
5,3091 5,3423
103 10:13:20
4,6028 4,6350
4,3893 4,4215
4,7673 4,8001
5,3098 5,3430
104 10:14:20
4,6044 4,6366
4,3893 4,4215
4,7694 4,8022
5,3112 5,3444
105 10:15:21
4,6049 4,6371
4,3904 4,4226
4,7700 4,8028
5,3121 5,3453
106 10:16:21
4,6032 4,6354
4,3890 4,4212
4,7696 4,8024
5,3101 5,3433
107 10:17:21
4,6029 4,6351
4,3879 4,4201
4,7706 4,8034
5,3095 5,3427
108 10:18:21
4,6029 4,6351
4,3881 4,4203
4,7706 4,8034
5,3098 5,3430
109 10:19:21
4,6022 4,6344
4,3864 4,4186
4,7697 4,8025
5,3084 5,3416
110 10:20:20
4,6014 4,6336
4,3853 4,4175
4,7689 4,8017
5,3057 5,3389
111 10:21:20
4,6013 4,6335
4,3858 4,4180
4,7687 4,8015
5,3049 5,3381
112 10:22:21
4,6014 4,6336
4,3869 4,4191
4,7688 4,8016
5,3054 5,3386
113 10:23:22
4,6015 4,6337
4,3872 4,4194
4,7699 4,8027
5,3063 5,3395
114 10:24:28
4,6012 4,6334
4,3871 4,4193
4,7701 4,8029
5,3057 5,3389
115 10:25:21
4,6013 4,6335
4,3874 4,4196
4,7707 4,8035
5,3058 5,3390
116 10:26:28
4,6004 4,6326
4,3864 4,4186
4,7698 4,8026
5,3049 5,3381
117 10:27:21
4,6001 4,6323
4,3867 4,4189
4,7697 4,8025
5,3047 5,3379
118 10:28:21
4,6001 4,6323
4,3867 4,4189
4,7694 4,8022
5,3044 5,3376
119 10:29:21
4,5992 4,6314
4,3861 4,4183
4,7688 4,8016
5,3037 5,3369
120 10:30:21
4,5997 4,6319
4,3861 4,4183
4,7691 4,8019
5,3052 5,3384
121 10:31:20
4,5996 4,6318
4,3864 4,4186
4,7694 4,8022
5,3057 5,3389
122 10:32:20
4,5996 4,6318
4,3866 4,4188
4,7695 4,8023
5,3057 5,3389
123 10:33:20
4,5997 4,6319
4,3872 4,4194
4,7701 4,8029
5,3061 5,3393
124 10:34:21
4,5996 4,6318
4,3864 4,4186
4,7699 4,8027
5,3046 5,3378
125 10:35:21
4,5996 4,6318
4,3867 4,4189
4,7711 4,8039
5,3048 5,3380
126 10:36:21
4,5997 4,6319
4,3871 4,4193
4,7710 4,8038
5,3049 5,3381
127 10:37:21
4,5996 4,6318
4,3871 4,4193
4,7710 4,8038
5,3054 5,3386
128 10:38:21
4,5996 4,6318
4,3877 4,4199
4,7706 4,8034
5,3064 5,3396
129 10:39:20
4,5996 4,6318
4,3866 4,4188
4,7695 4,8023
5,3063 5,3395
130 10:40:20
4,6016 4,6338
4,3894 4,4216
4,7718 4,8046
5,3086 5,3418
131 10:41:21
4,6013 4,6335
4,3893 4,4215
4,7707 4,8035
5,3082 5,3414
132 10:42:21
4,6012 4,6334
4,3892 4,4214
4,7706 4,8034
5,3079 5,3411
133 10:43:21
4,6012 4,6334
4,3890 4,4212
4,7706 4,8034
5,3080 5,3412
134 10:44:21
4,5997 4,6319
4,3875 4,4197
4,7693 4,8021
5,3064 5,3396
135 10:45:20
4,5998 4,6320
4,3881 4,4203
4,7694 4,8022
5,3062 5,3394
136 10:46:20
4,5994 4,6316
4,3883 4,4205
4,7692 4,8020
5,3060 5,3392
137 10:47:21
4,5987 4,6309
4,3873 4,4195
4,7680 4,8008
5,3050 5,3382
138 10:48:21
4,5983 4,6305
4,3867 4,4189
4,7674 4,8002
5,3047 5,3379
139 10:49:21
4,5980 4,6302
4,3864 4,4186
4,7655 4,7983
5,3042 5,3374
140 10:50:22
4,5982 4,6304
4,3863 4,4185
4,7652 4,7980
5,3047 5,3379
141 10:51:24
4,5984 4,6306
4,3865 4,4187
4,7638 4,7966
5,3046 5,3378
142 10:52:24
4,5986 4,6308
4,3862 4,4184
4,7650 4,7978
5,3050 5,3382
143 10:53:22
4,5987 4,6309
4,3862 4,4184
4,7645 4,7973
5,3046 5,3378
144 10:55:08
4,5982 4,6304
4,3841 4,4163
4,7646 4,7974
5,3042 5,3374
145 10:55:21
4,5982 4,6304
4,3841 4,4163
4,7646 4,7974
5,3042 5,3374
146 10:56:28
4,5976 4,6298
4,3839 4,4161
4,7641 4,7969
5,3033 5,3365
147 10:57:31
4,5983 4,6305
4,3848 4,4170
4,7658 4,7986
5,3046 5,3378
148 10:58:21
4,5977 4,6299
4,3842 4,4164
4,7655 4,7983
5,3038 5,3370
149 10:59:20
4,5978 4,6300
4,3849 4,4171
4,7661 4,7989
5,3024 5,3356
150 11:00:21
4,5989 4,6311
4,3860 4,4182
4,7680 4,8008
5,3037 5,3369
151 11:01:21
4,6016 4,6338
4,3890 4,4212
4,7705 4,8033
5,3062 5,3394
152 11:02:21
4,6018 4,6340
4,3896 4,4218
4,7710 4,8038
5,3067 5,3399
153 11:03:21
4,5999 4,6321
4,3882 4,4204
4,7691 4,8019
5,3061 5,3393
154 11:04:21
4,5991 4,6313
4,3877 4,4199
4,7665 4,7993
5,3055 5,3387
155 11:05:20
4,5988 4,6310
4,3872 4,4194
4,7669 4,7997
5,3045 5,3377
156 11:06:20
4,5985 4,6307
4,3869 4,4191
4,7651 4,7979
5,3041 5,3373
157 11:07:20
4,5986 4,6308
4,3848 4,4170
4,7638 4,7966
5,3014 5,3346
158 11:08:21
4,5986 4,6308
4,3861 4,4183
4,7634 4,7962
5,3017 5,3349
159 11:09:21
4,5982 4,6304
4,3857 4,4179
4,7626 4,7954
5,3013 5,3345
160 11:10:21
4,6009 4,6331
4,3894 4,4216
4,7644 4,7972
5,3048 5,3380
161 11:11:21
4,6010 4,6332
4,3901 4,4223
4,7659 4,7987
5,3045 5,3377
162 11:12:20
4,6011 4,6333
4,3900 4,4222
4,7661 4,7989
5,3045 5,3377
163 11:13:20
4,6009 4,6331
4,3897 4,4219
4,7670 4,7998
5,3043 5,3375
164 11:14:20
4,5985 4,6307
4,3866 4,4188
4,7643 4,7971
5,3007 5,3339
165 11:15:21
4,5987 4,6309
4,3860 4,4182
4,7635 4,7963
5,3013 5,3345
166 11:16:21
4,5987 4,6309
4,3862 4,4184
4,7647 4,7975
5,3018 5,3350
167 11:17:21
4,5987 4,6309
4,3856 4,4178
4,7648 4,7976
5,3013 5,3345
168 11:18:21
4,6003 4,6325
4,3871 4,4193
4,7664 4,7992
5,3031 5,3363
169 11:19:20
4,6013 4,6335
4,3881 4,4203
4,7666 4,7994
5,3050 5,3382
170 11:20:27
4,6013 4,6335
4,3874 4,4196
4,7667 4,7995
5,3042 5,3374
171 11:21:22
4,6010 4,6331
4,3875 4,4197
4,7661 4,7989
5,3036 5,3368
172 11:22:21
4,6013 4,6334
4,3880 4,4202
4,7671 4,7999
5,3042 5,3374
173 11:23:21
4,6013 4,6334
4,3882 4,4204
4,7662 4,7990
5,3039 5,3371
174 11:24:21
4,6012 4,6333
4,3885 4,4207
4,7661 4,7989
5,3038 5,3370
175 11:25:21
4,6006 4,6327
4,3875 4,4197
4,7652 4,7980
5,3030 5,3362
176 11:26:27
4,6010 4,6331
4,3879 4,4201
4,7653 4,7981
5,3038 5,3370
177 11:27:23
4,6007 4,6328
4,3878 4,4200
4,7653 4,7981
5,3041 5,3373
178 11:28:20
4,6009 4,6330
4,3886 4,4208
4,7659 4,7987
5,3045 5,3377
179 11:29:20
4,6010 4,6331
4,3887 4,4209
4,7653 4,7981
5,3044 5,3376
180 11:30:21
4,6009 4,6330
4,3880 4,4202
4,7647 4,7975
5,3043 5,3375
181 11:31:21
4,6011 4,6332
4,3884 4,4206
4,7645 4,7973
5,3044 5,3376
182 11:32:21
4,6009 4,6330
4,3870 4,4192
4,7634 4,7962
5,3038 5,3370
183 11:33:21
4,6010 4,6331
4,3866 4,4188
4,7633 4,7961
5,3037 5,3369
184 11:34:20
4,6013 4,6334
4,3871 4,4193
4,7627 4,7955
5,3039 5,3371
185 11:35:20
4,6013 4,6334
4,3880 4,4202
4,7626 4,7954
5,3039 5,3371
186 11:36:20
4,6013 4,6334
4,3880 4,4202
4,7612 4,7940
5,3030 5,3362
187 11:37:21
4,6007 4,6328
4,3872 4,4194
4,7598 4,7926
5,3026 5,3358
188 11:38:21
4,6009 4,6330
4,3865 4,4187
4,7600 4,7928
5,3028 5,3360
189 11:39:21
4,6008 4,6329
4,3858 4,4180
4,7602 4,7930
5,3026 5,3358
190 11:40:21
4,6007 4,6328
4,3859 4,4181
4,7603 4,7931
5,3028 5,3360
191 11:41:21
4,6008 4,6330
4,3863 4,4185
4,7613 4,7941
5,3031 5,3363
192 11:42:20
4,6004 4,6326
4,3859 4,4181
4,7610 4,7938
5,3027 5,3359
193 11:43:20
4,6009 4,6331
4,3862 4,4184
4,7621 4,7949
5,3032 5,3364
194 11:44:21
4,6014 4,6336
4,3864 4,4186
4,7631 4,7959
5,3041 5,3373
195 11:45:21
4,6022 4,6344
4,3876 4,4198
4,7641 4,7969
5,3050 5,3382
196 11:46:21
4,6051 4,6372
4,3900 4,4222
4,7674 4,8002
5,3083 5,3415
197 11:47:21
4,6051 4,6372
4,3901 4,4223
4,7679 4,8007
5,3083 5,3415
198 11:48:20
4,6044 4,6365
4,3895 4,4217
4,7664 4,7992
5,3074 5,3406
199 11:49:20
4,6048 4,6369
4,3898 4,4220
4,7672 4,8000
5,3082 5,3414
200 11:50:20
4,6060 4,6381
4,3916 4,4238
4,7688 4,8016
5,3099 5,3431
201 11:51:21
4,6059 4,6381
4,3910 4,4232
4,7690 4,8018
5,3098 5,3430
202 11:52:21
4,6059 4,6381
4,3910 4,4232
4,7691 4,8019
5,3102 5,3434
203 11:53:21
4,6058 4,6380
4,3903 4,4225
4,7679 4,8007
5,3095 5,3427
204 11:54:31
4,6057 4,6379
4,3902 4,4224
4,7683 4,8011
5,3090 5,3422
205 11:55:22
4,6044 4,6366
4,3900 4,4222
4,7672 4,8000
5,3085 5,3417
206 11:56:21
4,6044 4,6366
4,3906 4,4228
4,7674 4,8002
5,3078 5,3410
207 11:57:27
4,6031 4,6353
4,3900 4,4222
4,7661 4,7989
5,3061 5,3393
208 11:58:28
4,6033 4,6355
4,3906 4,4228
4,7653 4,7981
5,3062 5,3394
209 11:59:22
4,6022 4,6344
4,3896 4,4218
4,7641 4,7969
5,3050 5,3382
210 12:00:21
4,6019 4,6341
4,3898 4,4220
4,7640 4,7968
5,3052 5,3384
211 12:01:21
4,6009 4,6330
4,3887 4,4209
4,7628 4,7956
5,3022 5,3354
212 12:02:20
4,6008 4,6329
4,3885 4,4207
4,7624 4,7952
5,3014 5,3346
213 12:03:21
4,6008 4,6329
4,3885 4,4207
4,7629 4,7957
5,3021 5,3353
214 12:04:20
4,6004 4,6325
4,3877 4,4199
4,7623 4,7951
5,3013 5,3345
215 12:05:21
4,6001 4,6322
4,3883 4,4205
4,7617 4,7945
5,3019 5,3351
216 12:06:21
4,6005 4,6327
4,3885 4,4207
4,7624 4,7952
5,3030 5,3362
217 12:07:21
4,6002 4,6324
4,3881 4,4203
4,7621 4,7949
5,3030 5,3362
218 12:08:21
4,5998 4,6320
4,3879 4,4201
4,7617 4,7945
5,3023 5,3355
219 12:09:20
4,5997 4,6319
4,3880 4,4202
4,7621 4,7949
5,3018 5,3350
220 12:10:20
4,6003 4,6325
4,3878 4,4200
4,7627 4,7955
5,3021 5,3353
221 12:11:21
4,6004 4,6325
4,3877 4,4199
4,7627 4,7955
5,3019 5,3351
222 12:12:21
4,6004 4,6325
4,3882 4,4204
4,7630 4,7958
5,2996 5,3328
223 12:13:21
4,5997 4,6318
4,3877 4,4199
4,7617 4,7945
5,2996 5,3328
224 12:14:21
4,5984 4,6305
4,3866 4,4188
4,7606 4,7934
5,2983 5,3315
225 12:15:21
4,5985 4,6306
4,3865 4,4187
4,7606 4,7934
5,2971 5,3303
226 12:16:20
4,5988 4,6309
4,3870 4,4192
4,7610 4,7938
5,2973 5,3305
227 12:17:21
4,6005 4,6326
4,3891 4,4213
4,7633 4,7961
5,3003 5,3335
228 12:18:21
4,6004 4,6325
4,3890 4,4212
4,7630 4,7958
5,3009 5,3341
229 12:19:21
4,5998 4,6319
4,3886 4,4208
4,7611 4,7939
5,3009 5,3341
230 12:20:21
4,6005 4,6326
4,3898 4,4220
4,7622 4,7950
5,3015 5,3347
231 12:21:21
4,6001 4,6322
4,3890 4,4212
4,7620 4,7948
5,3012 5,3344
232 12:22:22
4,6004 4,6325
4,3882 4,4204
4,7616 4,7944
5,3013 5,3345
233 12:23:24
4,6004 4,6325
4,3886 4,4208
4,7620 4,7948
5,3017 5,3349
234 12:24:21
4,6004 4,6325
4,3886 4,4208
4,7617 4,7945
5,3017 5,3349
235 12:25:22
4,6040 4,6361
4,3921 4,4243
4,7650 4,7978
5,3055 5,3387
236 12:26:21
4,6016 4,6337
4,3899 4,4221
4,7625 4,7953
5,3027 5,3359
237 12:27:20
4,6020 4,6341
4,3908 4,4230
4,7603 4,7931
5,3028 5,3360
238 12:28:23
4,6024 4,6345
4,3916 4,4238
4,7599 4,7927
5,3027 5,3359
239 12:29:24
4,6021 4,6342
4,3913 4,4235
4,7598 4,7926
5,3019 5,3351
240 12:30:20
4,6010 4,6331
4,3902 4,4224
4,7589 4,7917
5,3005 5,3337
241 12:31:23
4,6027 4,6348
4,3931 4,4253
4,7614 4,7942
5,3030 5,3362
242 12:32:24
4,6022 4,6343
4,3926 4,4248
4,7606 4,7934
5,3025 5,3357
243 12:33:21
4,6013 4,6334
4,3909 4,4231
4,7597 4,7925
5,3011 5,3343
244 12:34:21
4,6040 4,6361
4,3927 4,4249
4,7623 4,7951
5,3037 5,3369
245 12:35:21
4,6039 4,6360
4,3919 4,4241
4,7624 4,7952
5,3032 5,3364
246 12:36:21
4,6048 4,6369
4,3930 4,4252
4,7636 4,7964
5,3042 5,3374
247 12:37:21
4,6038 4,6359
4,3923 4,4245
4,7621 4,7949
5,3023 5,3355
248 12:38:21
4,6040 4,6361
4,3924 4,4246
4,7622 4,7950
5,3017 5,3349
249 12:39:20
4,6050 4,6371
4,3936 4,4258
4,7633 4,7961
5,3031 5,3363
250 12:40:21
4,6048 4,6369
4,3934 4,4256
4,7628 4,7956
5,3023 5,3355
251 12:42:20
4,6036 4,6358
4,3924 4,4246
4,7614 4,7942
5,3002 5,3334
252 12:43:21
4,6035 4,6357
4,3923 4,4245
4,7616 4,7944
5,3007 5,3339
253 12:44:21
4,6036 4,6358
4,3924 4,4246
4,7620 4,7948
5,3008 5,3340
254 12:45:21
4,6037 4,6359
4,3922 4,4244
4,7618 4,7946
5,3009 5,3341
255 12:46:21
4,6036 4,6358
4,3917 4,4239
4,7607 4,7935
5,3008 5,3340
256 12:47:20
4,6038 4,6360
4,3909 4,4231
4,7609 4,7937
5,2999 5,3331
257 12:48:20
4,6039 4,6361
4,3910 4,4232
4,7603 4,7931
5,3002 5,3334
258 12:49:20
4,6043 4,6365
4,3915 4,4237
4,7582 4,7910
5,3007 5,3339
259 12:50:21
4,6048 4,6370
4,3935 4,4257
4,7605 4,7933
5,3016 5,3348
260 12:51:22
4,6051 4,6373
4,3940 4,4262
4,7615 4,7943
5,3013 5,3345
261 12:52:21
4,6041 4,6363
4,3928 4,4250
4,7609 4,7937
5,3007 5,3339
262 12:53:22
4,6043 4,6365
4,3930 4,4252
4,7616 4,7944
5,3013 5,3345
263 12:54:21
4,6045 4,6367
4,3932 4,4254
4,7612 4,7940
5,3016 5,3348
264 12:55:21
4,6042 4,6364
4,3931 4,4253
4,7611 4,7939
5,3012 5,3344
265 12:56:22
4,6046 4,6368
4,3937 4,4259
4,7620 4,7948
5,3011 5,3343
266 12:57:21
4,6047 4,6369
4,3940 4,4262
4,7625 4,7953
5,3012 5,3344
267 12:58:21
4,6038 4,6360
4,3941 4,4263
4,7613 4,7941
5,3007 5,3339
268 12:59:21
4,6032 4,6354
4,3939 4,4261
4,7608 4,7936
5,2990 5,3322
269 13:00:21
4,6029 4,6351
4,3940 4,4262
4,7610 4,7938
5,2994 5,3326
270 13:01:21
4,6031 4,6352
4,3943 4,4265
4,7613 4,7941
5,3006 5,3338
271 13:02:22
4,6031 4,6352
4,3941 4,4263
4,7611 4,7939
5,3015 5,3347
272 13:03:20
4,6031 4,6352
4,3947 4,4269
4,7596 4,7924
5,3013 5,3345
273 13:04:20
4,6031 4,6352
4,3945 4,4267
4,7599 4,7927
5,3006 5,3338
274 13:05:21
4,6031 4,6352
4,3947 4,4269
4,7596 4,7924
5,3004 5,3336
275 13:06:21
4,6031 4,6352
4,3951 4,4273
4,7606 4,7934
5,3004 5,3336
276 13:07:21
4,6029 4,6350
4,3950 4,4272
4,7609 4,7937
5,3002 5,3334
277 13:08:21
4,6030 4,6351
4,3950 4,4272
4,7602 4,7930
5,3009 5,3341
278 13:09:21
4,6030 4,6351
4,3952 4,4274
4,7597 4,7925
5,3009 5,3341
279 13:10:21
4,6028 4,6349
4,3953 4,4275
4,7593 4,7921
5,3009 5,3341
280 13:11:20
4,6032 4,6353
4,3965 4,4287
4,7598 4,7926
5,3011 5,3343
281 13:12:20
4,6037 4,6358
4,3972 4,4294
4,7603 4,7931
5,3028 5,3360
282 13:13:20
4,6035 4,6356
4,3959 4,4281
4,7605 4,7933
5,3013 5,3345
283 13:14:21
4,6035 4,6356
4,3966 4,4288
4,7593 4,7921
5,3021 5,3353
284 13:15:21
4,6037 4,6358
4,3959 4,4281
4,7607 4,7935
5,3024 5,3356
285 13:16:21
4,6013 4,6334
4,3932 4,4254
4,7575 4,7903
5,2995 5,3327
286 13:17:21
4,6011 4,6332
4,3937 4,4259
4,7581 4,7909
5,3000 5,3332
287 13:18:21
4,6017 4,6338
4,3946 4,4268
4,7589 4,7917
5,3009 5,3341
288 13:19:22
4,6012 4,6333
4,3936 4,4258
4,7584 4,7912
5,3014 5,3346
289 13:20:21
4,6012 4,6333
4,3936 4,4258
4,7582 4,7910
5,3002 5,3334
290 13:21:21
4,6008 4,6329
4,3923 4,4245
4,7577 4,7905
5,2999 5,3331
291 13:22:21
4,6000 4,6321
4,3916 4,4238
4,7574 4,7902
5,2999 5,3331
292 13:23:20
4,6006 4,6327
4,3923 4,4245
4,7580 4,7908
5,3008 5,3340
293 13:24:21
4,6005 4,6326
4,3926 4,4248
4,7574 4,7902
5,3011 5,3343
294 13:25:20
4,6010 4,6331
4,3942 4,4264
4,7589 4,7917
5,3013 5,3345
295 13:26:20
4,6011 4,6332
4,3938 4,4260
4,7575 4,7903
5,3011 5,3343
296 13:27:20
4,6007 4,6328
4,3928 4,4250
4,7571 4,7899
5,3016 5,3348
297 13:28:21
4,6012 4,6333
4,3942 4,4264
4,7574 4,7902
5,3019 5,3351
298 13:29:21
4,6010 4,6331
4,3927 4,4249
4,7569 4,7897
5,3014 5,3346
299 13:30:22
4,6011 4,6332
4,3928 4,4250
4,7577 4,7905
5,3017 5,3349
300 13:31:20
4,6012 4,6333
4,3917 4,4239
4,7579 4,7907
5,3016 5,3348
301 13:32:21
4,6012 4,6333
4,3923 4,4245
4,7579 4,7907
5,3013 5,3345
302 13:33:21
4,6018 4,6339
4,3926 4,4248
4,7592 4,7920
5,3028 5,3360
303 13:34:28
4,6026 4,6347
4,3938 4,4260
4,7601 4,7929
5,3039 5,3371
304 13:35:21
4,6016 4,6337
4,3927 4,4249
4,7590 4,7918
5,3030 5,3362
305 13:36:21
4,6015 4,6336
4,3924 4,4246
4,7587 4,7915
5,3023 5,3355
306 13:37:21
4,6027 4,6348
4,3937 4,4259
4,7601 4,7929
5,3039 5,3371
307 13:38:20
4,6026 4,6347
4,3938 4,4260
4,7603 4,7931
5,3038 5,3370
308 13:39:20
4,6025 4,6346
4,3931 4,4253
4,7599 4,7927
5,3038 5,3370
309 13:40:20
4,6027 4,6348
4,3923 4,4245
4,7609 4,7937
5,3040 5,3372
310 13:41:21
4,6029 4,6350
4,3918 4,4240
4,7604 4,7932
5,3036 5,3368
311 13:42:21
4,6037 4,6358
4,3930 4,4252
4,7607 4,7935
5,3045 5,3377
312 13:43:21
4,6037 4,6358
4,3930 4,4252
4,7609 4,7937
5,3061 5,3393
313 13:44:21
4,6056 4,6377
4,3942 4,4264
4,7634 4,7962
5,3076 5,3408
314 13:45:20
4,6044 4,6365
4,3939 4,4261
4,7628 4,7956
5,3066 5,3398
315 13:46:21
4,6052 4,6373
4,3958 4,4280
4,7640 4,7968
5,3074 5,3406
316 13:47:20
4,6053 4,6374
4,3968 4,4290
4,7648 4,7976
5,3078 5,3410
317 13:48:20
4,6060 4,6381
4,3975 4,4297
4,7650 4,7978
5,3091 5,3423
318 13:49:22
4,6061 4,6382
4,3981 4,4303
4,7645 4,7973
5,3094 5,3426
319 13:50:21
4,6058 4,6379
4,3980 4,4302
4,7643 4,7971
5,3088 5,3420
320 13:51:21
4,6062 4,6383
4,3985 4,4307
4,7645 4,7973
5,3092 5,3424
321 13:52:20
4,6061 4,6382
4,3976 4,4298
4,7647 4,7975
5,3091 5,3423
322 13:53:20
4,6061 4,6382
4,3977 4,4299
4,7655 4,7983
5,3090 5,3422
323 13:54:20
4,6064 4,6385
4,3983 4,4305
4,7659 4,7987
5,3097 5,3429
324 13:55:21
4,6086 4,6407
4,3998 4,4320
4,7683 4,8011
5,3123 5,3455
325 13:56:21
4,6092 4,6413
4,4005 4,4327
4,7685 4,8013
5,3129 5,3461
326 13:57:22
4,6093 4,6414
4,3998 4,4320
4,7699 4,8027
5,3131 5,3463
327 13:58:21
4,6094 4,6415
4,4003 4,4325
4,7713 4,8041
5,3129 5,3461
328 13:59:21
4,6076 4,6397
4,3988 4,4310
4,7695 4,8023
5,3109 5,3441
329 14:00:20
4,6070 4,6391
4,3985 4,4307
4,7686 4,8014
5,3096 5,3428
330 14:01:21
4,6085 4,6406
4,3998 4,4320
4,7698 4,8026
5,3121 5,3453
331 14:02:21
4,6078 4,6399
4,3999 4,4321
4,7697 4,8025
5,3111 5,3443
332 14:03:28
4,6078 4,6399
4,4005 4,4327
4,7697 4,8025
5,3114 5,3446
333 14:04:21
4,6078 4,6399
4,4018 4,4340
4,7702 4,8030
5,3116 5,3448
334 14:05:21
4,6072 4,6393
4,4005 4,4327
4,7692 4,8020
5,3109 5,3441
335 14:06:20
4,6068 4,6389
4,3999 4,4321
4,7686 4,8014
5,3102 5,3434
336 14:07:20
4,6071 4,6392
4,4005 4,4327
4,7690 4,8018
5,3106 5,3438
337 14:09:20
4,6058 4,6379
4,3997 4,4319
4,7681 4,8009
5,3096 5,3428
338 14:10:20
4,6065 4,6386
4,4001 4,4323
4,7688 4,8016
5,3108 5,3440
339 14:11:21
4,6058 4,6379
4,3984 4,4306
4,7684 4,8012
5,3109 5,3441
340 14:12:21
4,6061 4,6382
4,3976 4,4298
4,7689 4,8017
5,3116 5,3448
341 14:13:21
4,6063 4,6384
4,3982 4,4304
4,7684 4,8012
5,3124 5,3456
342 14:14:21
4,6056 4,6377
4,3971 4,4293
4,7684 4,8012
5,3116 5,3448
343 14:15:21
4,6052 4,6373
4,3961 4,4283
4,7672 4,8000
5,3107 5,3439
344 14:16:21
4,6048 4,6369
4,3967 4,4289
4,7672 4,8000
5,3112 5,3444
345 14:17:21
4,6048 4,6369
4,3980 4,4302
4,7672 4,8000
5,3111 5,3443
346 14:18:21
4,6039 4,6360
4,3965 4,4287
4,7663 4,7991
5,3096 5,3428
347 14:19:20
4,6032 4,6353
4,3956 4,4278
4,7658 4,7986
5,3087 5,3419
348 14:20:20
4,6038 4,6359
4,3966 4,4288
4,7663 4,7991
5,3094 5,3426
349 14:21:20
4,6038 4,6359
4,3955 4,4277
4,7658 4,7986
5,3090 5,3422
350 14:22:20
4,6038 4,6359
4,3948 4,4270
4,7658 4,7986
5,3086 5,3418
351 14:23:22
4,6031 4,6352
4,3930 4,4252
4,7650 4,7978
5,3086 5,3418
352 14:24:21
4,6031 4,6352
4,3941 4,4263
4,7652 4,7980
5,3087 5,3419
353 14:25:21
4,6030 4,6351
4,3939 4,4261
4,7651 4,7979
5,3084 5,3416
354 14:26:21
4,6028 4,6349
4,3941 4,4263
4,7650 4,7978
5,3084 5,3416
355 14:27:21
4,6028 4,6349
4,3937 4,4259
4,7650 4,7978
5,3084 5,3416
356 14:28:20
4,6033 4,6354
4,3939 4,4261
4,7655 4,7983
5,3089 5,3421
357 14:29:20
4,6035 4,6356
4,3940 4,4262
4,7654 4,7982
5,3085 5,3417
358 14:31:20
4,6045 4,6367
4,3959 4,4281
4,7663 4,7991
5,3104 5,3436
359 14:32:20
4,6048 4,6370
4,3977 4,4299
4,7672 4,8000
5,3117 5,3449
360 14:33:21
4,6044 4,6366
4,3976 4,4298
4,7668 4,7996
5,3113 5,3445
361 14:34:21
4,6041 4,6363
4,3970 4,4292
4,7664 4,7992
5,3112 5,3444
362 14:35:21
4,6044 4,6366
4,3973 4,4295
4,7670 4,7998
5,3119 5,3451
363 14:36:21
4,6047 4,6368
4,3992 4,4314
4,7672 4,8000
5,3121 5,3453
364 14:37:21
4,6047 4,6368
4,3992 4,4314
4,7674 4,8002
5,3127 5,3459
365 14:38:21
4,6053 4,6374
4,4002 4,4324
4,7684 4,8012
5,3138 5,3470
366 14:39:21
4,6053 4,6374
4,4005 4,4327
4,7676 4,8004
5,3139 5,3471
367 14:40:21
4,6054 4,6375
4,3999 4,4321
4,7684 4,8012
5,3144 5,3476
368 14:41:21
4,6059 4,6380
4,4012 4,4334
4,7687 4,8015
5,3150 5,3482
369 14:42:21
4,6053 4,6374
4,4009 4,4331
4,7681 4,8009
5,3146 5,3478
370 14:43:21
4,6059 4,6380
4,4023 4,4345
4,7694 4,8022
5,3153 5,3485
371 14:44:20
4,6058 4,6379
4,4013 4,4335
4,7690 4,8018
5,3148 5,3480
372 14:45:21
4,6058 4,6379
4,4007 4,4329
4,7689 4,8017
5,3143 5,3475
373 14:46:21
4,6057 4,6378
4,3982 4,4304
4,7682 4,8010
5,3148 5,3480
374 14:47:20
4,6057 4,6378
4,3984 4,4306
4,7674 4,8002
5,3144 5,3476
375 14:48:20
4,6067 4,6388
4,3999 4,4321
4,7688 4,8016
5,3153 5,3485
376 14:49:20
4,6066 4,6387
4,4000 4,4322
4,7689 4,8017
5,3152 5,3484
377 14:50:21
4,6066 4,6387
4,4010 4,4332
4,7696 4,8024
5,3161 5,3493
378 14:51:21
4,6068 4,6389
4,4023 4,4345
4,7701 4,8029
5,3164 5,3496
379 14:52:21
4,6068 4,6389
4,4018 4,4340
4,7704 4,8032
5,3164 5,3496
380 14:53:21
4,6068 4,6389
4,4014 4,4336
4,7704 4,8032
5,3164 5,3496
381 14:54:21
4,6067 4,6388
4,4020 4,4342
4,7703 4,8031
5,3161 5,3493
382 14:55:21
4,6069 4,6390
4,4019 4,4341
4,7705 4,8033
5,3165 5,3497
383 14:56:21
4,6066 4,6387
4,4010 4,4332
4,7707 4,8035
5,3158 5,3490
384 14:57:21
4,6065 4,6386
4,4007 4,4329
4,7701 4,8029
5,3162 5,3494
385 14:58:20
4,6068 4,6389
4,4016 4,4338
4,7718 4,8046
5,3164 5,3496
386 14:59:20
4,6083 4,6404
4,4031 4,4353
4,7740 4,8068
5,3178 5,3510
387 15:00:21
4,6084 4,6405
4,4030 4,4352
4,7735 4,8063
5,3186 5,3518
388 15:01:21
4,6080 4,6401
4,4021 4,4343
4,7732 4,8060
5,3180 5,3512
389 15:02:21
4,6083 4,6404
4,4030 4,4352
4,7733 4,8061
5,3186 5,3518
390 15:03:22
4,6085 4,6406
4,4029 4,4351
4,7732 4,8060
5,3184 5,3516
391 15:04:21
4,6084 4,6405
4,4016 4,4338
4,7735 4,8063
5,3179 5,3511
392 15:05:21
4,6084 4,6405
4,4005 4,4327
4,7735 4,8063
5,3183 5,3515
393 15:06:21
4,6086 4,6407
4,3999 4,4321
4,7729 4,8057
5,3184 5,3516
394 15:07:21
4,6079 4,6400
4,3987 4,4309
4,7730 4,8058
5,3179 5,3511
395 15:08:21
4,6075 4,6396
4,3983 4,4305
4,7725 4,8053
5,3171 5,3503
396 15:09:21
4,6074 4,6395
4,3988 4,4310
4,7729 4,8057
5,3174 5,3506
397 15:10:20
4,6076 4,6397
4,3990 4,4312
4,7731 4,8059
5,3172 5,3504
398 15:11:20
4,6073 4,6394
4,3991 4,4313
4,7741 4,8069
5,3169 5,3501
399 15:12:21
4,6077 4,6398
4,4001 4,4323
4,7747 4,8075
5,3167 5,3499
400 15:13:21
4,6076 4,6397
4,4007 4,4329
4,7744 4,8072
5,3167 5,3499
401 15:14:20
4,6068 4,6389
4,3993 4,4315
4,7736 4,8064
5,3167 5,3499
402 15:15:21
4,6072 4,6393
4,4001 4,4323
4,7742 4,8070
5,3168 5,3500
403 15:16:21
4,6075 4,6396
4,4006 4,4328
4,7738 4,8066
5,3166 5,3498
404 15:17:21
4,6091 4,6412
4,4017 4,4339
4,7752 4,8080
5,3184 5,3516
405 15:18:20
4,6084 4,6405
4,4004 4,4326
4,7732 4,8060
5,3182 5,3514
406 15:19:20
4,6084 4,6405
4,4010 4,4332
4,7737 4,8065
5,3185 5,3517
407 15:20:20
4,6085 4,6406
4,4013 4,4335
4,7731 4,8059
5,3182 5,3514
408 15:21:21
4,6112 4,6434
4,4042 4,4364
4,7757 4,8085
5,3224 5,3556
409 15:22:21
4,6103 4,6425
4,4034 4,4356
4,7749 4,8077
5,3218 5,3550
410 15:23:22
4,6108 4,6430
4,4035 4,4357
4,7755 4,8083
5,3223 5,3555
411 15:24:21
4,6109 4,6431
4,4034 4,4356
4,7756 4,8084
5,3224 5,3556
412 15:25:21
4,6107 4,6429
4,4032 4,4354
4,7752 4,8080
5,3226 5,3558
413 15:26:21
4,6109 4,6430
4,4030 4,4352
4,7755 4,8083
5,3226 5,3558
414 15:27:21
4,6107 4,6428
4,4028 4,4350
4,7752 4,8080
5,3223 5,3555
415 15:28:21
4,6075 4,6396
4,3997 4,4319
4,7723 4,8051
5,3192 5,3524
416 15:29:21
4,6104 4,6425
4,4034 4,4356
4,7756 4,8084
5,3227 5,3559
417 15:30:20
4,6103 4,6424
4,4033 4,4355
4,7755 4,8083
5,3213 5,3545
418 15:31:20
4,6104 4,6425
4,4038 4,4360
4,7753 4,8081
5,3220 5,3552
419 15:32:20
4,6102 4,6423
4,4043 4,4365
4,7754 4,8082
5,3222 5,3554
420 15:33:21
4,6101 4,6422
4,4027 4,4349
4,7753 4,8081
5,3221 5,3553
421 15:34:21
4,6101 4,6422
4,4041 4,4363
4,7752 4,8080
5,3221 5,3553
422 15:35:21
4,6098 4,6419
4,4028 4,4350
4,7745 4,8073
5,3213 5,3545
423 15:36:21
4,6091 4,6412
4,4023 4,4345
4,7737 4,8065
5,3203 5,3535
424 15:37:21
4,6095 4,6416
4,4027 4,4349
4,7729 4,8057
5,3204 5,3536
425 15:38:21
4,6093 4,6414
4,4013 4,4335
4,7732 4,8060
5,3199 5,3531
426 15:39:21
4,6096 4,6417
4,4015 4,4337
4,7735 4,8063
5,3205 5,3537
427 15:40:21
4,6086 4,6407
4,3994 4,4316
4,7722 4,8050
5,3194 5,3526
428 15:41:21
4,6085 4,6406
4,3989 4,4311
4,7720 4,8048
5,3190 5,3522
429 15:42:21
4,6086 4,6407
4,3983 4,4305
4,7723 4,8051
5,3191 5,3523
430 15:43:21
4,6093 4,6414
4,3996 4,4318
4,7737 4,8065
5,3205 5,3537
431 15:44:21
4,6090 4,6411
4,3990 4,4312
4,7735 4,8063
5,3211 5,3543
432 15:45:20
4,6089 4,6410
4,3973 4,4295
4,7722 4,8050
5,3202 5,3534
433 15:46:20
4,6095 4,6416
4,3988 4,4310
4,7732 4,8060
5,3207 5,3539
434 15:47:21
4,6099 4,6420
4,4000 4,4322
4,7739 4,8067
5,3224 5,3556
435 15:48:21
4,6099 4,6420
4,3995 4,4317
4,7736 4,8064
5,3221 5,3553
436 15:49:21
4,6106 4,6427
4,4004 4,4326
4,7742 4,8070
5,3241 5,3573
437 15:50:21
4,6103 4,6424
4,3982 4,4304
4,7741 4,8069
5,3231 5,3563
438 15:51:22
4,6104 4,6425
4,3977 4,4299
4,7738 4,8066
5,3230 5,3562
439 15:52:21
4,6104 4,6425
4,3987 4,4309
4,7743 4,8071
5,3240 5,3572
440 15:53:21
4,6109 4,6430
4,3989 4,4311
4,7748 4,8076
5,3252 5,3584
441 15:54:22
4,6108 4,6429
4,3991 4,4313
4,7750 4,8078
5,3252 5,3584
442 15:55:21
4,6108 4,6429
4,3981 4,4303
4,7748 4,8076
5,3241 5,3573
443 15:56:21
4,6105 4,6426
4,3974 4,4296
4,7749 4,8077
5,3231 5,3563
444 15:57:21
4,6105 4,6426
4,3970 4,4292
4,7751 4,8079
5,3225 5,3557
445 15:58:21
4,6105 4,6426
4,3974 4,4296
4,7738 4,8066
5,3222 5,3554
446 15:59:21
4,6119 4,6440
4,4000 4,4322
4,7754 4,8082
5,3242 5,3574
447 16:00:21
4,6118 4,6439
4,4003 4,4325
4,7753 4,8081
5,3250 5,3582
448 16:01:21
4,6126 4,6447
4,4119 4,4441
4,7767 4,8095
5,3264 5,3596
449 16:02:21
4,6123 4,6444
4,4073 4,4395
4,7752 4,8080
5,3242 5,3574
450 16:03:21
4,6121 4,6442
4,4109 4,4431
4,7744 4,8072
5,3240 5,3572
451 16:04:21
4,6125 4,6446
4,4108 4,4430
4,7755 4,8083
5,3249 5,3581
452 16:05:21
4,6129 4,6450
4,4124 4,4446
4,7765 4,8093
5,3242 5,3574
453 16:06:21
4,6131 4,6452
4,4131 4,4453
4,7761 4,8089
5,3251 5,3583
454 16:07:20
4,6144 4,6465
4,4147 4,4469
4,7772 4,8100
5,3248 5,3580
455 16:08:20
4,6137 4,6458
4,4146 4,4468
4,7763 4,8091
5,3240 5,3572
456 16:09:20
4,6135 4,6456
4,4140 4,4462
4,7749 4,8077
5,3232 5,3564
457 16:10:21
4,6124 4,6445
4,4118 4,4440
4,7756 4,8084
5,3222 5,3554
458 16:11:21
4,6110 4,6431
4,4090 4,4412
4,7743 4,8071
5,3210 5,3542
459 16:12:21
4,6100 4,6421
4,4041 4,4363
4,7741 4,8069
5,3201 5,3533
460 16:13:20
4,6103 4,6424
4,4002 4,4324
4,7782 4,8110
5,3204 5,3536
461 16:14:20
4,6109 4,6430
4,4003 4,4325
4,7777 4,8105
5,3215 5,3547
462 16:15:21
4,6107 4,6428
4,4014 4,4336
4,7781 4,8109
5,3210 5,3542
463 16:16:21
4,6107 4,6428
4,4047 4,4369
4,7769 4,8097
5,3215 5,3547
464 16:17:21
4,6109 4,6430
4,4056 4,4378
4,7784 4,8112
5,3211 5,3543
465 16:18:21
4,6114 4,6435
4,4048 4,4370
4,7787 4,8115
5,3222 5,3554
466 16:19:21
4,6107 4,6428
4,4020 4,4342
4,7784 4,8112
5,3203 5,3535
467 16:20:20
4,6100 4,6421
4,4015 4,4337
4,7785 4,8113
5,3203 5,3535
468 16:21:20
4,6101 4,6422
4,3999 4,4321
4,7800 4,8128
5,3213 5,3545
469 16:22:20
4,6100 4,6421
4,3988 4,4310
4,7788 4,8116
5,3203 5,3535
470 16:23:21
4,6104 4,6425
4,4004 4,4326
4,7793 4,8121
5,3205 5,3537
471 16:24:21
4,6111 4,6432
4,4013 4,4335
4,7809 4,8137
5,3211 5,3543
472 16:25:21
4,6117 4,6438
4,4042 4,4364
4,7811 4,8139
5,3219 5,3551
473 16:26:22
4,6112 4,6433
4,4021 4,4343
4,7798 4,8126
5,3216 5,3548
474 16:27:21
4,6115 4,6436
4,4031 4,4353
4,7797 4,8125
5,3224 5,3556
475 16:28:21
4,6115 4,6436
4,4044 4,4366
4,7795 4,8123
5,3230 5,3562
476 16:29:21
4,6112 4,6433
4,4059 4,4381
4,7789 4,8117
5,3228 5,3560
477 16:30:22
4,6105 4,6426
4,4053 4,4375
4,7762 4,8090
5,3223 5,3555
478 16:31:21
4,6091 4,6412
4,4017 4,4339
4,7757 4,8085
5,3211 5,3543
479 16:32:21
4,6101 4,6422
4,4031 4,4353
4,7782 4,8110
5,3213 5,3545
480 16:33:20
4,6109 4,6430
4,4026 4,4348
4,7786 4,8114
5,3224 5,3556
481 16:34:20
4,6115 4,6436
4,4033 4,4355
4,7787 4,8115
5,3233 5,3565
482 16:35:20
4,6119 4,6440
4,4033 4,4355
4,7793 4,8121
5,3237 5,3569
483 16:36:21
4,6111 4,6432
4,4003 4,4325
4,7793 4,8121
5,3233 5,3565
484 16:37:21
4,6098 4,6419
4,3992 4,4314
4,7782 4,8110
5,3222 5,3554
485 16:38:21
4,6109 4,6430
4,4019 4,4341
4,7804 4,8132
5,3243 5,3575
486 16:39:21
4,6115 4,6436
4,4032 4,4354
4,7808 4,8136
5,3252 5,3584
487 16:40:21
4,6118 4,6439
4,4041 4,4363
4,7810 4,8138
5,3245 5,3577
488 16:41:21
4,6126 4,6447
4,4034 4,4356
4,7813 4,8141
5,3242 5,3574
489 16:42:21
4,6122 4,6443
4,4013 4,4335
4,7802 4,8130
5,3229 5,3561
490 16:43:21
4,6117 4,6438
4,4009 4,4331
4,7795 4,8123
5,3221 5,3553
491 16:44:20
4,6130 4,6451
4,4014 4,4336
4,7809 4,8137
5,3238 5,3570
492 16:45:20
4,6125 4,6446
4,4011 4,4333
4,7804 4,8132
5,3243 5,3575
493 16:46:20
4,6132 4,6453
4,4024 4,4346
4,7814 4,8142
5,3246 5,3578
494 16:47:21
4,6128 4,6449
4,4039 4,4361
4,7812 4,8140
5,3244 5,3576
495 16:48:21
4,6131 4,6452
4,4046 4,4368
4,7818 4,8146
5,3247 5,3579
496 16:49:21
4,6121 4,6442
4,4043 4,4365
4,7820 4,8148
5,3233 5,3565
497 16:50:21
4,6125 4,6446
4,4037 4,4359
4,7830 4,8158
5,3249 5,3581
498 16:51:20
4,6126 4,6447
4,4050 4,4372
4,7819 4,8147
5,3237 5,3569
499 16:52:20
4,6138 4,6459
4,4064 4,4386
4,7819 4,8147
5,3246 5,3578
500 16:53:20
4,6134 4,6455
4,4062 4,4384
4,7816 4,8144
5,3242 5,3574
501 16:54:21
4,6131 4,6452
4,4062 4,4384
4,7818 4,8146
5,3239 5,3571
502 16:55:21
4,6135 4,6456
4,4050 4,4372
4,7820 4,8148
5,3240 5,3572
503 16:56:22
4,6134 4,6455
4,4054 4,4376
4,7824 4,8152
5,3238 5,3570
504 16:57:21
4,6135 4,6456
4,4047 4,4369
4,7823 4,8151
5,3238 5,3570
505 16:58:21
4,6139 4,6460
4,4042 4,4364
4,7824 4,8152
5,3230 5,3562
506 16:59:21
4,6147 4,6468
4,4058 4,4380
4,7828 4,8156
5,3237 5,3569
507 17:00:21
4,6138 4,6459
4,4043 4,4365
4,7817 4,8145
5,3221 5,3553
508 17:01:21
4,6137 4,6458
4,4047 4,4369
4,7810 4,8138
5,3225 5,3557
509 17:02:21
4,6130 4,6451
4,4049 4,4371
4,7798 4,8126
5,3217 5,3549
510 17:03:21
4,6123 4,6444
4,4063 4,4385
4,7806 4,8134
5,3206 5,3538
511 17:04:20
4,6142 4,6463
4,4081 4,4403
4,7831 4,8159
5,3236 5,3568
512 17:05:20
4,6137 4,6458
4,4078 4,4400
4,7830 4,8158
5,3234 5,3566
513 17:06:20
4,6136 4,6457
4,4079 4,4401
4,7828 4,8156
5,3226 5,3558
514 17:07:21
4,6110 4,6431
4,4059 4,4381
4,7796 4,8124
5,3203 5,3535
515 17:08:21
4,6105 4,6426
4,4033 4,4355
4,7792 4,8120
5,3201 5,3533
516 17:09:22
4,6109 4,6430
4,4037 4,4359
4,7799 4,8127
5,3209 5,3541
517 17:10:23
4,6116 4,6437
4,4048 4,4370
4,7808 4,8136
5,3216 5,3548
518 17:11:21
4,6116 4,6437
4,4051 4,4373
4,7803 4,8131
5,3209 5,3541
519 17:12:21
4,6119 4,6440
4,4067 4,4389
4,7807 4,8135
5,3208 5,3540
520 17:13:21
4,6116 4,6437
4,4076 4,4398
4,7812 4,8140
5,3197 5,3529
521 17:14:21
4,6115 4,6436
4,4076 4,4398
4,7797 4,8125
5,3202 5,3534
522 17:15:21
4,6114 4,6435
4,4065 4,4387
4,7796 4,8124
5,3186 5,3519
523 17:16:20
4,6114 4,6435
4,4060 4,4382
4,7791 4,8119
5,3181 5,3513
524 17:17:21
4,6128 4,6449
4,4072 4,4394
4,7804 4,8132
5,3203 5,3535
525 17:18:21
4,6139 4,6460
4,4101 4,4423
4,7822 4,8150
5,3221 5,3553
526 17:19:21
4,6135 4,6456
4,4087 4,4409
4,7803 4,8131
5,3222 5,3554
527 17:20:21
4,6132 4,6453
4,4084 4,4406
4,7811 4,8139
5,3218 5,3550
528 17:21:22
4,6140 4,6461
4,4087 4,4409
4,7822 4,8150
5,3229 5,3561
529 17:22:21
4,6139 4,6460
4,4089 4,4411
4,7822 4,8150
5,3231 5,3563
530 17:23:20
4,6138 4,6459
4,4089 4,4411
4,7816 4,8144
5,3229 5,3561
531 17:24:22
4,6140 4,6461
4,4104 4,4426
4,7815 4,8143
5,3231 5,3563
532 17:25:21
4,6139 4,6460
4,4094 4,4416
4,7815 4,8143
5,3226 5,3558
533 17:26:21
4,6140 4,6461
4,4116 4,4438
4,7825 4,8153
5,3240 5,3572
534 17:27:21
4,6141 4,6462
4,4120 4,4442
4,7829 4,8157
5,3242 5,3574
535 17:28:21
4,6142 4,6463
4,4118 4,4440
4,7827 4,8155
5,3249 5,3581
536 17:29:21
4,6141 4,6462
4,4113 4,4435
4,7819 4,8147
5,3247 5,3579
537 17:30:24
4,6139 4,6460
4,4112 4,4434
4,7818 4,8146
5,3248 5,3580
538 17:31:21
4,6141 4,6462
4,4096 4,4418
4,7824 4,8152
5,3256 5,3588
539 17:32:22
4,6140 4,6461
4,4116 4,4438
4,7821 4,8149
5,3258 5,3590
540 17:33:21
4,6154 4,6475
4,4132 4,4454
4,7827 4,8155
5,3265 5,3597
541 17:34:21
4,6148 4,6469
4,4122 4,4444
4,7821 4,8149
5,3258 5,3590
542 17:35:21
4,6147 4,6468
4,4128 4,4450
4,7815 4,8143
5,3264 5,3596
543 17:36:20
4,6141 4,6462
4,4128 4,4450
4,7813 4,8141
5,3266 5,3598
544 17:37:20
4,6142 4,6463
4,4127 4,4449
4,7813 4,8141
5,3267 5,3599
545 17:38:21
4,6137 4,6458
4,4133 4,4455
4,7815 4,8143
5,3271 5,3603
546 17:39:21
4,6146 4,6467
4,4146 4,4468
4,7827 4,8155
5,3296 5,3628
547 17:40:21
4,6146 4,6467
4,4141 4,4463
4,7829 4,8157
5,3299 5,3631
548 17:41:22
4,6146 4,6467
4,4138 4,4460
4,7829 4,8157
5,3299 5,3631
549 17:42:21
4,6144 4,6465
4,4137 4,4459
4,7825 4,8153
5,3294 5,3626
550 17:43:21
4,6142 4,6463
4,4138 4,4460
4,7812 4,8140
5,3285 5,3617
551 17:44:21
4,6146 4,6467
4,4144 4,4466
4,7817 4,8145
5,3290 5,3622
552 17:45:20
4,6147 4,6468
4,4145 4,4468
4,7824 4,8152
5,3291 5,3623
553 17:46:20
4,6145 4,6466
4,4142 4,4464
4,7820 4,8148
5,3294 5,3626
554 17:47:21
4,6144 4,6465
4,4148 4,4470
4,7822 4,8150
5,3291 5,3623
555 17:48:21
4,6140 4,6461
4,4155 4,4477
4,7822 4,8150
5,3298 5,3630
556 17:49:21
4,6140 4,6461
4,4155 4,4477
4,7822 4,8150
5,3295 5,3627
557 17:50:24
4,6139 4,6460
4,4145 4,4467
4,7822 4,8150
5,3292 5,3624
558 17:51:20
4,6148 4,6469
4,4139 4,4461
4,7826 4,8154
5,3297 5,3629
559 17:52:20
4,6149 4,6470
4,4144 4,4466
4,7827 4,8155
5,3299 5,3631
560 17:53:20
4,6150 4,6471
4,4145 4,4467
4,7837 4,8165
5,3304 5,3636
561 17:54:20
4,6152 4,6473
4,4161 4,4483
4,7843 4,8171
5,3307 5,3639
562 17:55:21
4,6152 4,6473
4,4162 4,4484
4,7850 4,8178
5,3307 5,3639
563 21:36:21
4,6108 4,6451
4,4026 4,4372
4,7796 4,8151
5,3195 5,3551
564 21:37:21
4,6108 4,6451
4,4030 4,4376
4,7801 4,8156
5,3195 5,3551
565 21:38:20
4,6108 4,6451
4,4026 4,4376
4,7800 4,8150
5,3195 5,3551
566 21:39:20
4,6109 4,6452
4,4027 4,4378
4,7801 4,8151
5,3197 5,3554
567 21:40:20
4,6108 4,6451
4,4026 4,4372
4,7800 4,8150
5,3189 5,3546
568 21:41:21
4,6116 4,6452
4,4036 4,4380
4,7807 4,8155
5,3203 5,3551
569 21:42:21
4,6118 4,6481
4,4036 4,4401
4,7805 4,8181
5,3200 5,3580
570 21:43:21
4,6118 4,6481
4,4035 4,4405
4,7805 4,8181
5,3206 5,3586
571 21:44:21
4,6118 4,6482
4,4031 4,4402
4,7805 4,8182
5,3200 5,3581
572 21:45:21
4,6119 4,6483
4,4031 4,4398
4,7806 4,8181
5,3195 5,3576
573 21:46:21
4,6119 4,6484
4,4029 4,4396
4,7807 4,8186
5,3195 5,3577
574 21:47:21
4,6122 4,6481
4,4031 4,4394
4,7811 4,8182
5,3200 5,3575
575 21:48:21
4,6123 4,6487
4,4031 4,4402
4,7809 4,8187
5,3199 5,3579
576 21:49:21
4,6127 4,6486
4,4035 4,4401
4,7815 4,8187
5,3207 5,3582
577 21:50:21
4,6117 4,6490
4,4035 4,4414
4,7814 4,8196
5,3204 5,3595
578 21:51:21
4,6124 4,6488
4,4036 4,4402
4,7815 4,8193
5,3213 5,3594
579 21:52:21
4,6122 4,6486
4,4034 4,4404
4,7818 4,8190
5,3210 5,3590
580 21:53:21
4,6123 4,6482
4,4040 4,4406
4,7820 4,8188
5,3213 5,3588
581 21:54:20
4,6122 4,6485
4,4039 4,4409
4,7819 4,8191
5,3212 5,3591
582 21:55:20
4,6122 4,6481
4,4043 4,4405
4,7821 4,8192
5,3213 5,3591
583 21:56:21
4,6118 4,6480
4,4035 4,4400
4,7810 4,8185
5,3206 5,3585
584 21:57:20
4,6116 4,6475
4,4037 4,4399
4,7812 4,8180
5,3205 5,3580
585 21:58:20
4,6116 4,6472
4,4029 4,4392
4,7812 4,8176
5,3204 5,3575
586 21:59:20
4,6114 4,6481
4,4031 4,4401
4,7811 4,8191
5,3208 5,3592
587 22:00:21
4,6116 4,6467
4,4037 4,4395
4,7818 4,8182
5,3214 5,3580
588 22:01:21
4,6118 4,6470
4,4031 4,4390
4,7819 4,8183
5,3218 5,3584
589 22:02:21
4,6116 4,6467
4,4033 4,4391
4,7828 4,8192
5,3216 5,3582
590 22:03:21
4,6113 4,6464
4,4030 4,4388
4,7829 4,8190
5,3219 5,3585
591 22:04:21
4,6112 4,6466
4,4028 4,4390
4,7833 4,8195
5,3218 5,3587
592 22:05:20
4,6116 4,6466
4,4037 4,4390
4,7837 4,8195
5,3222 5,3587
593 22:06:21
4,6115 4,6466
4,4036 4,4390
4,7832 4,8196
5,3216 5,3585
594 22:07:20
4,6115 4,6466
4,4037 4,4396
4,7832 4,8196
5,3215 5,3581
Connection error x5
