#======================
2023-4-21
# 1.EUR, 2.USD, 3.CHF, 4.GBP
Sell Price, Buy Price
1 08:23
4,5796 4,6120
4,1772 4,2095
4,6740 4,7070
5,1941 5,2276
2 08:24
4,5802 4,6126
4,1775 4,2098
4,6743 4,7073
5,1947 5,2282
3 08:25
4,5801 4,6125
4,1776 4,2099
4,6743 4,7073
5,1952 5,2287
4 08:26
4,5802 4,6126
4,1781 4,2104
4,6743 4,7073
5,1947 5,2282
5 08:27
4,5803 4,6127
4,1790 4,2113
4,6752 4,7082
5,1952 5,2287
6 08:28
4,5802 4,6126
4,1793 4,2116
4,6758 4,7088
5,1953 5,2288
7 08:29
4,5809 4,6133
4,1820 4,2143
4,6767 4,7097
5,1962 5,2297
8 08:30
4,5820 4,6144
4,1825 4,2148
4,6777 4,7107
5,1968 5,2303
9 08:31
4,5824 4,6148
4,1828 4,2151
4,6780 4,7110
5,1968 5,2303
10 08:32
4,5821 4,6145
4,1833 4,2156
4,6779 4,7109
5,1969 5,2304
11 08:33
4,5814 4,6138
4,1823 4,2146
4,6769 4,7099
5,1959 5,2294
12 08:34
4,5817 4,6141
4,1826 4,2149
4,6769 4,7099
5,1962 5,2297
13 08:35
4,5817 4,6141
4,1824 4,2147
4,6768 4,7098
5,1964 5,2299
14 08:36
4,5816 4,6140
4,1836 4,2159
4,6773 4,7103
5,1963 5,2298
15 08:37
4,5814 4,6138
4,1848 4,2171
4,6780 4,7110
5,1969 5,2304
16 08:38
4,5818 4,6142
4,1844 4,2167
4,6777 4,7107
5,1969 5,2304
17 08:39
4,5819 4,6143
4,1845 4,2168
4,6780 4,7110
5,1966 5,2301
18 08:40
4,5811 4,6135
4,1831 4,2154
4,6770 4,7100
5,1958 5,2293
19 08:41
4,5812 4,6136
4,1835 4,2158
4,6773 4,7103
5,1958 5,2293
20 08:42
4,5812 4,6136
4,1835 4,2158
4,6776 4,7106
5,1962 5,2297
21 08:43
4,5809 4,6133
4,1830 4,2153
4,6767 4,7097
5,1957 5,2292
22 08:44
4,5820 4,6144
4,1840 4,2163
4,6781 4,7111
5,1972 5,2307
23 08:45
4,5819 4,6143
4,1841 4,2164
4,6778 4,7108
5,1970 5,2305
24 08:46
4,5821 4,6145
4,1846 4,2169
4,6777 4,7107
5,1968 5,2303
25 08:47
4,5821 4,6145
4,1853 4,2176
4,6779 4,7109
5,1970 5,2305
26 08:48
4,5822 4,6146
4,1855 4,2178
4,6780 4,7110
5,1970 5,2305
27 08:49
4,5822 4,6146
4,1857 4,2180
4,6773 4,7103
5,1972 5,2307
28 08:50
4,5820 4,6144
4,1854 4,2177
4,6779 4,7109
5,1968 5,2303
29 08:51
4,5823 4,6147
4,1860 4,2183
4,6775 4,7105
5,1971 5,2306
30 08:52
4,5827 4,6151
4,1877 4,2200
4,6784 4,7114
5,1993 5,2328
31 08:53
4,5838 4,6162
4,1878 4,2201
4,6800 4,7130
5,2001 5,2336
32 08:54
4,5839 4,6163
4,1878 4,2201
4,6801 4,7131
5,2001 5,2336
33 08:55
4,5840 4,6164
4,1890 4,2213
4,6806 4,7136
5,1990 5,2325
34 08:56
4,5838 4,6162
4,1897 4,2220
4,6805 4,7135
5,1988 5,2323
35 08:57
4,5851 4,6175
4,1912 4,2235
4,6822 4,7152
5,2001 5,2336
36 08:58
4,5852 4,6176
4,1910 4,2233
4,6824 4,7154
5,2004 5,2339
37 08:59
4,5862 4,6186
4,1911 4,2234
4,6829 4,7159
5,2006 5,2341
38 09:00
4,5870 4,6194
4,1920 4,2243
4,6845 4,7175
5,2010 5,2345
39 09:01
4,5868 4,6192
4,1907 4,2230
4,6840 4,7170
5,1998 5,2333
40 09:02
4,5871 4,6195
4,1912 4,2235
4,6844 4,7174
5,2010 5,2345
41 09:03
4,5868 4,6192
4,1907 4,2230
4,6840 4,7170
5,2016 5,2351
42 09:04
4,5858 4,6182
4,1892 4,2215
4,6830 4,7160
5,2001 5,2336
43 09:05
4,5857 4,6181
4,1897 4,2220
4,6829 4,7159
5,2003 5,2338
44 09:06
4,5853 4,6177
4,1899 4,2222
4,6834 4,7165
5,1999 5,2334
45 09:07
4,5869 4,6193
4,1908 4,2231
4,6852 4,7183
5,2008 5,2343
46 09:08
4,5869 4,6193
4,1912 4,2235
4,6852 4,7183
5,2007 5,2342
47 09:09
4,5869 4,6193
4,1908 4,2231
4,6852 4,7183
5,2008 5,2343
48 09:10
4,5871 4,6195
4,1910 4,2233
4,6852 4,7183
5,2011 5,2346
49 09:11
4,5874 4,6198
4,1914 4,2237
4,6858 4,7189
5,2008 5,2343
50 09:12
4,5874 4,6198
4,1912 4,2235
4,6855 4,7186
5,2008 5,2343
51 09:13
4,5873 4,6197
4,1915 4,2238
4,6857 4,7188
5,2004 5,2339
52 09:14
4,5873 4,6197
4,1915 4,2238
4,6854 4,7185
5,2010 5,2345
53 09:15
4,5871 4,6195
4,1915 4,2238
4,6852 4,7183
5,1999 5,2334
54 09:16
4,5874 4,6198
4,1902 4,2225
4,6857 4,7188
5,1993 5,2328
55 09:17
4,5870 4,6194
4,1899 4,2222
4,6854 4,7185
5,1983 5,2318
56 09:18
4,5870 4,6194
4,1909 4,2232
4,6855 4,7186
5,1989 5,2324
57 09:19
4,5874 4,6198
4,1906 4,2229
4,6857 4,7188
5,1993 5,2328
58 09:20
4,5878 4,6202
4,1914 4,2237
4,6859 4,7190
5,1996 5,2331
59 09:21
4,5885 4,6209
4,1911 4,2234
4,6864 4,7195
5,2000 5,2335
60 09:22
4,5888 4,6212
4,1910 4,2233
4,6867 4,7198
5,2006 5,2341
61 09:23
4,5889 4,6213
4,1907 4,2230
4,6866 4,7197
5,2013 5,2348
62 09:24
4,5889 4,6213
4,1911 4,2234
4,6866 4,7197
5,2010 5,2345
63 09:25
4,5897 4,6221
4,1918 4,2241
4,6874 4,7205
5,2019 5,2354
64 09:26
4,5903 4,6227
4,1935 4,2258
4,6882 4,7213
5,2020 5,2355
65 09:27
4,5906 4,6230
4,1930 4,2253
4,6883 4,7214
5,2020 5,2355
66 09:28
4,5907 4,6231
4,1939 4,2262
4,6882 4,7213
5,2022 5,2357
67 09:29
4,5911 4,6235
4,1935 4,2258
4,6886 4,7217
5,2022 5,2357
68 09:30
4,5911 4,6235
4,1940 4,2263
4,6888 4,7219
5,2020 5,2355
69 09:31
4,5909 4,6233
4,1929 4,2252
4,6880 4,7210
5,2015 5,2350
70 09:32
4,5908 4,6232
4,1922 4,2245
4,6866 4,7196
5,1993 5,2328
71 09:33
4,5904 4,6228
4,1921 4,2244
4,6857 4,7187
5,1983 5,2318
72 09:34
4,5903 4,6227
4,1920 4,2243
4,6858 4,7188
5,1979 5,2314
73 09:35
4,5897 4,6221
4,1901 4,2224
4,6859 4,7189
5,1969 5,2304
74 09:36
4,5894 4,6218
4,1908 4,2231
4,6857 4,7187
5,1972 5,2307
75 09:37
4,5898 4,6222
4,1911 4,2234
4,6857 4,7187
5,1964 5,2299
76 09:38
4,5899 4,6223
4,1920 4,2243
4,6854 4,7184
5,1965 5,2300
77 09:39
4,5891 4,6215
4,1922 4,2245
4,6854 4,7184
5,1962 5,2297
78 09:40
4,5890 4,6214
4,1915 4,2238
4,6847 4,7177
5,1949 5,2284
79 09:41
4,5889 4,6213
4,1909 4,2232
4,6845 4,7175
5,1945 5,2280
80 09:42
4,5893 4,6217
4,1922 4,2245
4,6856 4,7186
5,1941 5,2276
81 09:43
4,5893 4,6217
4,1924 4,2247
4,6847 4,7177
5,1947 5,2282
82 09:44
4,5886 4,6210
4,1919 4,2242
4,6844 4,7174
5,1945 5,2280
83 09:45
4,5887 4,6211
4,1930 4,2253
4,6841 4,7171
5,1943 5,2278
84 09:46
4,5888 4,6212
4,1935 4,2258
4,6842 4,7172
5,1943 5,2277
85 09:47
4,5885 4,6209
4,1942 4,2265
4,6843 4,7173
5,1945 5,2279
86 09:48
4,5884 4,6208
4,1937 4,2260
4,6835 4,7165
5,1941 5,2275
87 09:49
4,5884 4,6208
4,1927 4,2250
4,6830 4,7160
5,1929 5,2263
88 09:50
4,5881 4,6205
4,1923 4,2246
4,6823 4,7153
5,1931 5,2265
89 09:51
4,5883 4,6207
4,1913 4,2236
4,6819 4,7149
5,1934 5,2268
90 09:52
4,5883 4,6207
4,1911 4,2234
4,6820 4,7150
5,1934 5,2268
91 09:53
4,5891 4,6215
4,1905 4,2228
4,6828 4,7158
5,1937 5,2271
92 09:54
4,5888 4,6212
4,1898 4,2221
4,6825 4,7155
5,1929 5,2263
93 09:55
4,5905 4,6229
4,1906 4,2229
4,6835 4,7165
5,1944 5,2278
94 09:56
4,5899 4,6223
4,1891 4,2214
4,6824 4,7153
5,1940 5,2274
95 09:57
4,5901 4,6225
4,1900 4,2223
4,6830 4,7159
5,1958 5,2292
96 09:58
4,5901 4,6225
4,1893 4,2216
4,6836 4,7165
5,1957 5,2291
97 09:59
4,5903 4,6227
4,1895 4,2218
4,6833 4,7162
5,1967 5,2301
98 10:00
4,5905 4,6229
4,1895 4,2218
4,6840 4,7169
5,1967 5,2301
99 10:01
4,5907 4,6231
4,1893 4,2216
4,6851 4,7181
5,1964 5,2298
100 10:02
4,5904 4,6228
4,1877 4,2200
4,6849 4,7179
5,1963 5,2297
101 10:03
4,5902 4,6226
4,1867 4,2190
4,6850 4,7180
5,1970 5,2304
102 10:04
4,5898 4,6222
4,1854 4,2177
4,6842 4,7172
5,1959 5,2293
103 10:05
4,5893 4,6217
4,1851 4,2174
4,6837 4,7167
5,1954 5,2288
104 10:06
4,5879 4,6203
4,1831 4,2154
4,6816 4,7146
5,1931 5,2265
105 10:07
4,5890 4,6214
4,1833 4,2156
4,6827 4,7157
5,1939 5,2273
106 10:08
4,5890 4,6214
4,1823 4,2146
4,6827 4,7157
5,1933 5,2267
107 10:09
4,5884 4,6208
4,1816 4,2139
4,6816 4,7146
5,1922 5,2256
108 10:10
4,5876 4,6200
4,1822 4,2145
4,6813 4,7143
5,1917 5,2251
109 10:11
4,5873 4,6198
4,1819 4,2142
4,6805 4,7135
5,1917 5,2251
110 10:12
4,5868 4,6193
4,1813 4,2136
4,6801 4,7131
5,1906 5,2240
111 10:13
4,5868 4,6193
4,1828 4,2151
4,6799 4,7129
5,1920 5,2254
112 10:14
4,5866 4,6191
4,1832 4,2155
4,6801 4,7131
5,1917 5,2251
113 10:15
4,5879 4,6204
4,1855 4,2178
4,6807 4,7137
5,1931 5,2265
114 10:16
4,5871 4,6195
4,1839 4,2162
4,6795 4,7125
5,1929 5,2263
115 10:17
4,5873 4,6197
4,1840 4,2163
4,6798 4,7128
5,1928 5,2262
116 10:18
4,5872 4,6196
4,1841 4,2164
4,6796 4,7126
5,1926 5,2260
117 10:19
4,5872 4,6196
4,1836 4,2159
4,6796 4,7126
5,1930 5,2264
118 10:20
4,5872 4,6196
4,1836 4,2159
4,6796 4,7126
5,1930 5,2264
119 10:21
4,5872 4,6196
4,1832 4,2155
4,6798 4,7128
5,1933 5,2267
120 10:22
4,5872 4,6196
4,1836 4,2159
4,6791 4,7121
5,1927 5,2261
121 10:23
4,5872 4,6196
4,1838 4,2161
4,6781 4,7111
5,1927 5,2261
122 10:24
4,5870 4,6194
4,1845 4,2168
4,6789 4,7119
5,1931 5,2265
123 10:25
4,5871 4,6195
4,1850 4,2173
4,6790 4,7120
5,1932 5,2266
124 10:26
4,5872 4,6196
4,1857 4,2180
4,6791 4,7121
5,1929 5,2264
125 10:27
4,5870 4,6194
4,1853 4,2176
4,6789 4,7119
5,1921 5,2256
126 10:28
4,5869 4,6193
4,1856 4,2179
4,6792 4,7122
5,1931 5,2266
127 10:29
4,5868 4,6192
4,1855 4,2178
4,6791 4,7121
5,1937 5,2272
128 10:30
4,5865 4,6189
4,1856 4,2179
4,6788 4,7118
5,1927 5,2262
129 10:31
4,5864 4,6188
4,1850 4,2173
4,6793 4,7123
5,1960 5,2294
130 10:32
4,5864 4,6188
4,1857 4,2180
4,6806 4,7136
5,1962 5,2296
131 10:33
4,5858 4,6182
4,1856 4,2179
4,6805 4,7135
5,1953 5,2287
132 10:34
4,5858 4,6182
4,1859 4,2182
4,6805 4,7135
5,1953 5,2287
133 10:35
4,5859 4,6183
4,1864 4,2187
4,6806 4,7136
5,1960 5,2294
134 10:36
4,5859 4,6183
4,1861 4,2184
4,6804 4,7134
5,1957 5,2291
135 10:37
4,5858 4,6182
4,1852 4,2175
4,6793 4,7123
5,1948 5,2282
136 10:38
4,5853 4,6177
4,1845 4,2168
4,6786 4,7116
5,1929 5,2263
137 10:39
4,5858 4,6182
4,1846 4,2169
4,6793 4,7123
5,1934 5,2268
138 10:40
4,5860 4,6184
4,1850 4,2173
4,6800 4,7130
5,1946 5,2280
139 10:41
4,5859 4,6183
4,1856 4,2179
4,6798 4,7128
5,1944 5,2279
140 10:42
4,5858 4,6182
4,1859 4,2182
4,6805 4,7135
5,1940 5,2275
141 10:43
4,5856 4,6180
4,1846 4,2169
4,6801 4,7131
5,1934 5,2269
142 10:44
4,5856 4,6180
4,1836 4,2159
4,6798 4,7128
5,1932 5,2267
143 10:45
4,5853 4,6177
4,1832 4,2155
4,6791 4,7121
5,1927 5,2262
144 10:46
4,5855 4,6179
4,1836 4,2159
4,6795 4,7125
5,1931 5,2265
145 10:47
4,5856 4,6180
4,1846 4,2169
4,6808 4,7138
5,1943 5,2277
146 10:48
4,5856 4,6180
4,1852 4,2175
4,6813 4,7143
5,1938 5,2272
147 10:49
4,5857 4,6181
4,1849 4,2172
4,6809 4,7139
5,1940 5,2274
148 10:50
4,5856 4,6180
4,1850 4,2173
4,6810 4,7140
5,1938 5,2272
149 10:51
4,5858 4,6182
4,1857 4,2180
4,6824 4,7154
5,1940 5,2275
150 10:52
4,5856 4,6180
4,1858 4,2181
4,6816 4,7146
5,1934 5,2269
151 10:53
4,5856 4,6180
4,1848 4,2171
4,6808 4,7138
5,1916 5,2251
152 10:54
4,5859 4,6183
4,1843 4,2166
4,6816 4,7146
5,1906 5,2241
153 10:55
4,5857 4,6181
4,1843 4,2166
4,6809 4,7139
5,1903 5,2238
154 10:56
4,5856 4,6180
4,1842 4,2165
4,6808 4,7138
5,1900 5,2234
155 10:57
4,5857 4,6181
4,1845 4,2168
4,6807 4,7137
5,1898 5,2232
156 10:58
4,5857 4,6181
4,1843 4,2166
4,6804 4,7134
5,1898 5,2232
157 10:59
4,5856 4,6180
4,1838 4,2161
4,6804 4,7134
5,1903 5,2237
158 11:00
4,5856 4,6180
4,1838 4,2161
4,6813 4,7143
5,1906 5,2240
159 11:01
4,5845 4,6169
4,1828 4,2151
4,6797 4,7127
5,1899 5,2233
160 11:02
4,5847 4,6171
4,1824 4,2147
4,6800 4,7130
5,1904 5,2238
161 11:03
4,5846 4,6170
4,1827 4,2150
4,6791 4,7121
5,1904 5,2238
162 11:04
4,5844 4,6168
4,1829 4,2152
4,6789 4,7119
5,1902 5,2236
163 11:05
4,5846 4,6170
4,1835 4,2158
4,6791 4,7121
5,1901 5,2235
164 11:06
4,5844 4,6169
4,1833 4,2156
4,6786 4,7117
5,1904 5,2238
165 11:07
4,5846 4,6171
4,1831 4,2154
4,6793 4,7124
5,1903 5,2237
166 11:08
4,5847 4,6172
4,1836 4,2159
4,6792 4,7123
5,1902 5,2236
167 11:09
4,5846 4,6171
4,1829 4,2152
4,6791 4,7122
5,1901 5,2235
168 11:10
4,5848 4,6173
4,1837 4,2160
4,6794 4,7125
5,1902 5,2236
169 11:11
4,5847 4,6171
4,1849 4,2172
4,6799 4,7129
5,1902 5,2236
170 11:12
4,5849 4,6173
4,1855 4,2178
4,6801 4,7131
5,1895 5,2229
171 11:13
4,5851 4,6175
4,1855 4,2178
4,6805 4,7135
5,1894 5,2228
172 11:14
4,5854 4,6178
4,1852 4,2175
4,6801 4,7131
5,1898 5,2232
173 11:15
4,5854 4,6178
4,1861 4,2184
4,6806 4,7136
5,1898 5,2232
174 11:16
4,5850 4,6174
4,1845 4,2168
4,6807 4,7137
5,1893 5,2227
175 11:17
4,5851 4,6175
4,1851 4,2174
4,6808 4,7138
5,1886 5,2220
176 11:18
4,5851 4,6175
4,1849 4,2172
4,6808 4,7138
5,1886 5,2220
177 11:19
4,5854 4,6178
4,1852 4,2175
4,6811 4,7141
5,1889 5,2223
178 11:20
4,5854 4,6178
4,1850 4,2173
4,6811 4,7141
5,1884 5,2218
179 11:21
4,5855 4,6179
4,1839 4,2162
4,6804 4,7134
5,1876 5,2210
180 11:22
4,5856 4,6180
4,1837 4,2160
4,6806 4,7136
5,1876 5,2210
181 11:23
4,5857 4,6181
4,1835 4,2158
4,6809 4,7139
5,1881 5,2215
182 11:24
4,5867 4,6191
4,1848 4,2171
4,6822 4,7152
5,1886 5,2220
183 11:25
4,5868 4,6192
4,1849 4,2172
4,6825 4,7155
5,1890 5,2224
184 11:26
4,5886 4,6211
4,1860 4,2183
4,6838 4,7168
5,1907 5,2241
185 11:27
4,5889 4,6214
4,1872 4,2195
4,6842 4,7172
5,1914 5,2248
186 11:28
4,5891 4,6216
4,1876 4,2199
4,6844 4,7174
5,1916 5,2250
187 11:29
4,5894 4,6219
4,1879 4,2202
4,6846 4,7176
5,1917 5,2251
188 11:30
4,5894 4,6219
4,1878 4,2201
4,6841 4,7171
5,1913 5,2247
189 11:31
4,5903 4,6227
4,1887 4,2210
4,6849 4,7179
5,1924 5,2258
190 11:32
4,5902 4,6226
4,1894 4,2217
4,6850 4,7180
5,1926 5,2260
191 11:33
4,5904 4,6228
4,1901 4,2224
4,6852 4,7182
5,1918 5,2252
192 11:34
4,5907 4,6231
4,1904 4,2227
4,6860 4,7190
5,1905 5,2239
193 11:35
4,5904 4,6228
4,1907 4,2230
4,6855 4,7185
5,1909 5,2243
194 11:36
4,5901 4,6227
4,1904 4,2227
4,6859 4,7189
5,1904 5,2238
195 11:37
4,5900 4,6226
4,1895 4,2218
4,6854 4,7184
5,1907 5,2241
196 11:38
4,5902 4,6228
4,1889 4,2212
4,6849 4,7179
5,1920 5,2254
197 11:39
4,5902 4,6228
4,1887 4,2210
4,6849 4,7179
5,1912 5,2246
198 11:40
4,5907 4,6233
4,1892 4,2215
4,6856 4,7186
5,1912 5,2246
199 11:41
4,5909 4,6233
4,1889 4,2212
4,6857 4,7187
5,1907 5,2241
200 11:42
4,5911 4,6235
4,1894 4,2217
4,6859 4,7189
5,1904 5,2238
201 11:43
4,5922 4,6246
4,1906 4,2229
4,6878 4,7208
5,1927 5,2261
202 11:44
4,5924 4,6248
4,1908 4,2231
4,6878 4,7208
5,1933 5,2267
203 11:45
4,5926 4,6250
4,1912 4,2235
4,6879 4,7209
5,1929 5,2263
204 11:46
4,5927 4,6251
4,1915 4,2238
4,6880 4,7210
5,1921 5,2255
205 11:47
4,5922 4,6246
4,1908 4,2231
4,6872 4,7202
5,1925 5,2259
206 11:48
4,5922 4,6246
4,1912 4,2235
4,6871 4,7201
5,1928 5,2262
207 11:49
4,5922 4,6246
4,1910 4,2233
4,6871 4,7201
5,1931 5,2265
208 11:50
4,5923 4,6247
4,1909 4,2232
4,6874 4,7204
5,1932 5,2266
209 11:51
4,5926 4,6250
4,1922 4,2245
4,6891 4,7222
5,1932 5,2266
210 11:52
4,5924 4,6248
4,1918 4,2241
4,6887 4,7218
5,1930 5,2264
211 11:53
4,5923 4,6247
4,1919 4,2242
4,6885 4,7216
5,1927 5,2261
212 11:54
4,5917 4,6241
4,1913 4,2236
4,6880 4,7211
5,1919 5,2253
213 11:55
4,5921 4,6245
4,1921 4,2244
4,6877 4,7208
5,1929 5,2263
214 11:56
4,5921 4,6245
4,1921 4,2244
4,6879 4,7209
5,1938 5,2272
215 11:57
4,5921 4,6245
4,1915 4,2238
4,6877 4,7207
5,1939 5,2273
216 11:58
4,5922 4,6246
4,1918 4,2241
4,6880 4,7210
5,1942 5,2276
217 11:59
4,5919 4,6243
4,1917 4,2240
4,6875 4,7205
5,1940 5,2274
218 12:00
4,5919 4,6243
4,1913 4,2236
4,6870 4,7200
5,1936 5,2270
219 12:01
4,5923 4,6247
4,1928 4,2251
4,6879 4,7209
5,1939 5,2273
220 12:02
4,5925 4,6249
4,1934 4,2257
4,6883 4,7213
5,1943 5,2277
221 12:03
4,5924 4,6248
4,1933 4,2256
4,6882 4,7212
5,1948 5,2282
222 12:04
4,5925 4,6249
4,1932 4,2255
4,6881 4,7211
5,1951 5,2285
223 12:05
4,5924 4,6248
4,1935 4,2258
4,6877 4,7207
5,1948 5,2282
224 12:06
4,5924 4,6248
4,1929 4,2252
4,6882 4,7212
5,1937 5,2271
225 12:07
4,5918 4,6242
4,1920 4,2243
4,6871 4,7201
5,1930 5,2264
226 12:08
4,5917 4,6241
4,1919 4,2242
4,6863 4,7193
5,1934 5,2268
227 12:09
4,5916 4,6240
4,1920 4,2243
4,6862 4,7192
5,1936 5,2270
228 12:10
4,5913 4,6237
4,1911 4,2234
4,6859 4,7189
5,1932 5,2266
229 12:11
4,5911 4,6235
4,1904 4,2227
4,6850 4,7180
5,1915 5,2249
230 12:12
4,5903 4,6227
4,1887 4,2210
4,6842 4,7172
5,1930 5,2264
231 12:13
4,5902 4,6226
4,1880 4,2203
4,6840 4,7170
5,1908 5,2242
232 12:14
4,5905 4,6229
4,1876 4,2199
4,6847 4,7177
5,1909 5,2243
233 12:15
4,5907 4,6231
4,1873 4,2196
4,6848 4,7178
5,1906 5,2240
234 12:16
4,5914 4,6238
4,1876 4,2199
4,6853 4,7183
5,1916 5,2250
235 12:17
4,5916 4,6240
4,1887 4,2210
4,6855 4,7185
5,1919 5,2253
236 12:18
4,5920 4,6244
4,1891 4,2214
4,6859 4,7189
5,1931 5,2265
237 12:19
4,5923 4,6247
4,1892 4,2215
4,6860 4,7190
5,1932 5,2266
238 12:20
4,5920 4,6244
4,1891 4,2214
4,6856 4,7186
5,1928 5,2262
239 12:21
4,5920 4,6244
4,1893 4,2216
4,6856 4,7186
5,1922 5,2256
240 12:22
4,5918 4,6242
4,1891 4,2214
4,6854 4,7184
5,1926 5,2260
241 12:23
4,5917 4,6241
4,1881 4,2204
4,6855 4,7185
5,1916 5,2250
242 12:24
4,5910 4,6234
4,1878 4,2201
4,6849 4,7179
5,1908 5,2242
243 12:25
4,5908 4,6232
4,1878 4,2201
4,6847 4,7177
5,1906 5,2240
244 12:26
4,5906 4,6230
4,1878 4,2201
4,6846 4,7176
5,1904 5,2238
245 12:27
4,5910 4,6234
4,1874 4,2197
4,6849 4,7179
5,1905 5,2239
246 12:28
4,5917 4,6241
4,1881 4,2204
4,6853 4,7183
5,1910 5,2244
247 12:29
4,5916 4,6240
4,1878 4,2201
4,6851 4,7181
5,1906 5,2240
248 12:30
4,5917 4,6241
4,1879 4,2202
4,6849 4,7179
5,1904 5,2238
249 12:31
4,5920 4,6244
4,1880 4,2203
4,6849 4,7179
5,1908 5,2242
250 12:32
4,5930 4,6254
4,1889 4,2212
4,6862 4,7192
5,1914 5,2248
251 12:33
4,5939 4,6263
4,1895 4,2218
4,6869 4,7199
5,1915 5,2249
252 12:34
4,5945 4,6269
4,1905 4,2228
4,6875 4,7205
5,1921 5,2255
253 12:35
4,5944 4,6268
4,1903 4,2226
4,6876 4,7206
5,1920 5,2254
254 12:36
4,5941 4,6265
4,1889 4,2212
4,6868 4,7198
5,1914 5,2248
255 12:37
4,5940 4,6264
4,1884 4,2207
4,6870 4,7200
5,1907 5,2241
256 12:38
4,5939 4,6263
4,1885 4,2208
4,6864 4,7194
5,1901 5,2235
257 12:39
4,5940 4,6264
4,1881 4,2204
4,6867 4,7197
5,1907 5,2241
258 12:40
4,5940 4,6264
4,1878 4,2201
4,6867 4,7197
5,1901 5,2235
259 12:41
4,5936 4,6260
4,1883 4,2206
4,6868 4,7198
5,1896 5,2230
260 12:42
4,5936 4,6260
4,1883 4,2206
4,6866 4,7196
5,1885 5,2219
261 12:43
4,5933 4,6257
4,1878 4,2201
4,6863 4,7193
5,1896 5,2230
262 12:44
4,5930 4,6254
4,1864 4,2187
4,6861 4,7191
5,1875 5,2209
263 12:45
4,5937 4,6261
4,1872 4,2195
4,6867 4,7197
5,1880 5,2214
264 12:46
4,5939 4,6263
4,1876 4,2199
4,6859 4,7189
5,1885 5,2219
265 12:47
4,5938 4,6262
4,1884 4,2207
4,6858 4,7188
5,1887 5,2221
266 12:48
4,5937 4,6261
4,1878 4,2201
4,6859 4,7189
5,1888 5,2222
267 12:49
4,5937 4,6261
4,1884 4,2207
4,6860 4,7190
5,1900 5,2234
268 12:50
4,5945 4,6269
4,1895 4,2218
4,6875 4,7205
5,1909 5,2243
269 12:51
4,5945 4,6269
4,1902 4,2225
4,6877 4,7207
5,1910 5,2244
270 12:52
4,5944 4,6268
4,1900 4,2223
4,6881 4,7211
5,1911 5,2245
271 12:53
4,5946 4,6270
4,1907 4,2230
4,6883 4,7213
5,1911 5,2245
272 12:54
4,5947 4,6271
4,1902 4,2225
4,6879 4,7209
5,1909 5,2243
273 12:55
4,5948 4,6272
4,1899 4,2222
4,6883 4,7213
5,1904 5,2238
274 12:56
4,5946 4,6270
4,1892 4,2215
4,6878 4,7208
5,1893 5,2227
275 12:57
4,5948 4,6272
4,1899 4,2222
4,6883 4,7213
5,1901 5,2235
276 12:58
4,5947 4,6271
4,1904 4,2227
4,6884 4,7214
5,1909 5,2243
277 12:59
4,5945 4,6269
4,1902 4,2225
4,6882 4,7212
5,1910 5,2244
278 13:00
4,5943 4,6267
4,1897 4,2220
4,6882 4,7212
5,1913 5,2247
279 13:01
4,5947 4,6271
4,1903 4,2226
4,6886 4,7216
5,1915 5,2248
280 13:02
4,5948 4,6272
4,1905 4,2228
4,6883 4,7213
5,1916 5,2249
281 13:03
4,5947 4,6271
4,1906 4,2229
4,6882 4,7212
5,1912 5,2245
282 13:04
4,5946 4,6270
4,1905 4,2228
4,6881 4,7211
5,1917 5,2250
283 13:05
4,5945 4,6269
4,1900 4,2223
4,6879 4,7209
5,1918 5,2251
284 13:06
4,5941 4,6265
4,1889 4,2212
4,6873 4,7203
5,1913 5,2247
285 13:07
4,5938 4,6262
4,1894 4,2217
4,6870 4,7200
5,1916 5,2250
286 13:08
4,5939 4,6263
4,1893 4,2216
4,6871 4,7201
5,1909 5,2243
287 13:09
4,5937 4,6261
4,1886 4,2209
4,6867 4,7197
5,1904 5,2238
288 13:10
4,5939 4,6263
4,1880 4,2203
4,6864 4,7194
5,1900 5,2234
289 13:11
4,5937 4,6261
4,1874 4,2197
4,6862 4,7192
5,1897 5,2231
290 13:12
4,5934 4,6258
4,1869 4,2192
4,6859 4,7189
5,1888 5,2222
291 13:13
4,5934 4,6258
4,1871 4,2194
4,6859 4,7189
5,1890 5,2224
292 13:14
4,5935 4,6259
4,1866 4,2189
4,6855 4,7185
5,1882 5,2216
293 13:15
4,5934 4,6258
4,1862 4,2185
4,6854 4,7184
5,1885 5,2219
294 13:16
4,5931 4,6255
4,1855 4,2178
4,6853 4,7183
5,1882 5,2216
295 13:17
4,5928 4,6252
4,1849 4,2172
4,6853 4,7183
5,1874 5,2208
296 13:18
4,5933 4,6257
4,1859 4,2182
4,6858 4,7188
5,1878 5,2212
297 13:19
4,5932 4,6256
4,1864 4,2187
4,6861 4,7191
5,1880 5,2214
298 13:20
4,5932 4,6256
4,1862 4,2185
4,6862 4,7192
5,1877 5,2211
299 13:21
4,5933 4,6257
4,1865 4,2188
4,6865 4,7195
5,1884 5,2218
300 13:22
4,5933 4,6257
4,1865 4,2188
4,6867 4,7197
5,1884 5,2218
301 13:23
4,5934 4,6258
4,1858 4,2181
4,6868 4,7198
5,1882 5,2216
302 13:24
4,5935 4,6259
4,1855 4,2178
4,6869 4,7199
5,1880 5,2214
303 13:25
4,5935 4,6259
4,1834 4,2157
4,6865 4,7195
5,1868 5,2202
304 13:26
4,5931 4,6255
4,1826 4,2149
4,6861 4,7190
5,1864 5,2197
305 13:27
4,5935 4,6259
4,1838 4,2161
4,6866 4,7195
5,1866 5,2199
306 13:28
4,5936 4,6260
4,1852 4,2175
4,6867 4,7196
5,1873 5,2206
307 13:29
4,5939 4,6263
4,1859 4,2182
4,6879 4,7208
5,1873 5,2206
308 13:30
4,5939 4,6263
4,1860 4,2183
4,6877 4,7206
5,1879 5,2212
309 13:31
4,5936 4,6260
4,1856 4,2179
4,6875 4,7205
5,1876 5,2210
310 13:32
4,5935 4,6259
4,1847 4,2170
4,6872 4,7202
5,1874 5,2208
311 13:33
4,5934 4,6258
4,1844 4,2167
4,6871 4,7201
5,1880 5,2214
312 13:34
4,5934 4,6258
4,1850 4,2173
4,6871 4,7201
5,1880 5,2214
313 13:35
4,5933 4,6257
4,1847 4,2170
4,6870 4,7200
5,1875 5,2209
314 13:36
4,5926 4,6250
4,1837 4,2160
4,6863 4,7193
5,1865 5,2199
315 13:37
4,5923 4,6247
4,1833 4,2156
4,6860 4,7190
5,1861 5,2195
316 13:38
4,5921 4,6245
4,1836 4,2159
4,6860 4,7190
5,1862 5,2196
317 13:39
4,5923 4,6247
4,1834 4,2157
4,6860 4,7190
5,1863 5,2197
318 13:40
4,5922 4,6246
4,1831 4,2154
4,6859 4,7189
5,1863 5,2197
319 13:41
4,5923 4,6247
4,1829 4,2152
4,6860 4,7190
5,1867 5,2201
320 13:42
4,5922 4,6246
4,1824 4,2147
4,6856 4,7186
5,1863 5,2197
321 13:43
4,5922 4,6246
4,1828 4,2151
4,6859 4,7189
5,1863 5,2197
322 13:44
4,5921 4,6245
4,1827 4,2150
4,6855 4,7185
5,1865 5,2199
323 13:45
4,5915 4,6239
4,1814 4,2137
4,6849 4,7179
5,1852 5,2186
324 13:46
4,5922 4,6246
4,1826 4,2149
4,6856 4,7186
5,1857 5,2191
325 13:47
4,5917 4,6241
4,1818 4,2141
4,6851 4,7181
5,1852 5,2186
326 13:48
4,5919 4,6243
4,1810 4,2133
4,6852 4,7182
5,1845 5,2179
327 13:49
4,5917 4,6241
4,1797 4,2120
4,6854 4,7184
5,1846 5,2180
328 13:50
4,5916 4,6240
4,1807 4,2130
4,6857 4,7187
5,1853 5,2187
329 13:51
4,5916 4,6240
4,1807 4,2130
4,6860 4,7190
5,1847 5,2181
330 13:52
4,5917 4,6241
4,1817 4,2140
4,6865 4,7195
5,1859 5,2193
331 13:53
4,5916 4,6240
4,1820 4,2143
4,6864 4,7194
5,1859 5,2193
332 13:54
4,5916 4,6240
4,1820 4,2143
4,6869 4,7199
5,1857 5,2191
333 13:55
4,5916 4,6240
4,1822 4,2145
4,6873 4,7203
5,1855 5,2189
334 13:56
4,5916 4,6240
4,1824 4,2147
4,6883 4,7213
5,1857 5,2191
335 13:57
4,5916 4,6240
4,1828 4,2151
4,6881 4,7211
5,1859 5,2193
336 13:58
4,5916 4,6240
4,1819 4,2142
4,6886 4,7216
5,1862 5,2196
337 13:59
4,5920 4,6244
4,1816 4,2139
4,6871 4,7201
5,1855 5,2189
338 14:00
4,5923 4,6247
4,1815 4,2138
4,6874 4,7204
5,1858 5,2192
339 14:01
4,5920 4,6244
4,1818 4,2141
4,6873 4,7203
5,1864 5,2198
340 14:02
4,5928 4,6252
4,1831 4,2154
4,6879 4,7209
5,1867 5,2201
341 14:03
4,5923 4,6247
4,1823 4,2146
4,6874 4,7204
5,1861 5,2195
342 14:04
4,5925 4,6249
4,1823 4,2146
4,6878 4,7208
5,1869 5,2203
343 14:05
4,5926 4,6250
4,1826 4,2149
4,6875 4,7205
5,1868 5,2202
344 14:06
4,5931 4,6255
4,1836 4,2159
4,6881 4,7211
5,1873 5,2207
345 14:07
4,5926 4,6250
4,1831 4,2154
4,6875 4,7205
5,1870 5,2204
346 14:08
4,5926 4,6250
4,1826 4,2149
4,6874 4,7204
5,1870 5,2204
347 14:09
4,5926 4,6250
4,1829 4,2152
4,6874 4,7204
5,1869 5,2203
348 14:10
4,5922 4,6246
4,1828 4,2151
4,6869 4,7199
5,1870 5,2204
349 14:11
4,5919 4,6243
4,1819 4,2142
4,6863 4,7193
5,1868 5,2202
350 14:12
4,5913 4,6237
4,1812 4,2135
4,6852 4,7182
5,1856 5,2190
351 14:13
4,5911 4,6235
4,1804 4,2127
4,6852 4,7182
5,1854 5,2188
352 14:14
4,5912 4,6236
4,1811 4,2134
4,6855 4,7185
5,1858 5,2192
353 14:15
4,5923 4,6247
4,1823 4,2146
4,6867 4,7197
5,1870 5,2204
354 14:16
4,5919 4,6243
4,1810 4,2133
4,6860 4,7190
5,1863 5,2197
355 14:17
4,5915 4,6239
4,1814 4,2137
4,6865 4,7195
5,1861 5,2195
356 14:18
4,5916 4,6240
4,1815 4,2138
4,6867 4,7197
5,1862 5,2196
357 14:19
4,5911 4,6235
4,1808 4,2131
4,6859 4,7189
5,1857 5,2191
358 14:20
4,5912 4,6236
4,1817 4,2140
4,6867 4,7197
5,1869 5,2203
359 14:21
4,5911 4,6235
4,1818 4,2141
4,6863 4,7193
5,1871 5,2205
360 14:22
4,5912 4,6236
4,1826 4,2149
4,6868 4,7198
5,1884 5,2218
361 14:23
4,5911 4,6235
4,1829 4,2152
4,6869 4,7199
5,1886 5,2220
362 14:24
4,5906 4,6230
4,1813 4,2136
4,6864 4,7194
5,1865 5,2199
363 14:25
4,5906 4,6230
4,1813 4,2136
4,6864 4,7194
5,1865 5,2199
364 14:26
4,5901 4,6225
4,1805 4,2128
4,6853 4,7183
5,1857 5,2191
365 14:27
4,5901 4,6225
4,1805 4,2128
4,6849 4,7179
5,1860 5,2194
366 14:28
4,5898 4,6222
4,1800 4,2123
4,6846 4,7176
5,1856 5,2190
367 14:29
4,5900 4,6224
4,1802 4,2125
4,6847 4,7177
5,1856 5,2190
368 14:30
4,5896 4,6220
4,1793 4,2116
4,6844 4,7174
5,1857 5,2191
369 14:31
4,5899 4,6223
4,1793 4,2116
4,6847 4,7177
5,1858 5,2192
370 14:32
4,5904 4,6228
4,1794 4,2117
4,6852 4,7182
5,1863 5,2197
371 14:33
4,5899 4,6223
4,1761 4,2084
4,6846 4,7176
5,1854 5,2188
372 14:34
4,5902 4,6226
4,1779 4,2102
4,6848 4,7178
5,1862 5,2196
373 14:35
4,5898 4,6222
4,1781 4,2104
4,6846 4,7176
5,1862 5,2196
374 14:36
4,5897 4,6221
4,1778 4,2101
4,6843 4,7173
5,1864 5,2198
375 14:37
4,5897 4,6221
4,1772 4,2095
4,6840 4,7170
5,1867 5,2201
376 14:38
4,5898 4,6222
4,1783 4,2106
4,6836 4,7166
5,1871 5,2205
377 14:39
4,5904 4,6228
4,1781 4,2104
4,6843 4,7173
5,1872 5,2206
378 14:40
4,5904 4,6228
4,1777 4,2100
4,6840 4,7170
5,1872 5,2206
379 14:41
4,5904 4,6228
4,1785 4,2108
4,6831 4,7161
5,1872 5,2206
380 14:42
4,5896 4,6220
4,1777 4,2100
4,6825 4,7155
5,1863 5,2197
381 14:43
4,5896 4,6220
4,1775 4,2098
4,6820 4,7150
5,1866 5,2200
382 14:44
4,5900 4,6224
4,1789 4,2112
4,6819 4,7149
5,1868 5,2202
383 14:45
4,5900 4,6224
4,1787 4,2110
4,6824 4,7154
5,1861 5,2195
384 14:46
4,5896 4,6220
4,1785 4,2108
4,6817 4,7147
5,1866 5,2200
385 14:47
4,5896 4,6220
4,1787 4,2110
4,6827 4,7157
5,1866 5,2200
386 14:48
4,5898 4,6222
4,1798 4,2121
4,6834 4,7164
5,1867 5,2201
387 14:49
4,5895 4,6219
4,1792 4,2115
4,6836 4,7166
5,1869 5,2203
388 14:50
4,5895 4,6219
4,1799 4,2122
4,6838 4,7168
5,1871 5,2205
389 14:51
4,5881 4,6205
4,1790 4,2113
4,6833 4,7163
5,1858 5,2192
390 14:52
4,5874 4,6198
4,1780 4,2103
4,6824 4,7154
5,1853 5,2187
391 14:53
4,5877 4,6201
4,1771 4,2094
4,6827 4,7157
5,1855 5,2189
392 14:54
4,5886 4,6210
4,1786 4,2109
4,6846 4,7176
5,1871 5,2205
393 14:55
4,5894 4,6218
4,1791 4,2114
4,6859 4,7189
5,1878 5,2212
394 14:56
4,5895 4,6219
4,1769 4,2092
4,6848 4,7178
5,1874 5,2208
395 14:57
4,5908 4,6232
4,1784 4,2107
4,6860 4,7190
5,1885 5,2219
396 14:58
4,5908 4,6232
4,1781 4,2104
4,6859 4,7189
5,1880 5,2214
397 14:59
4,5901 4,6225
4,1774 4,2097
4,6854 4,7184
5,1877 5,2211
398 15:00
4,5902 4,6226
4,1770 4,2093
4,6852 4,7182
5,1881 5,2215
399 15:01
4,5900 4,6224
4,1771 4,2094
4,6848 4,7178
5,1879 5,2213
400 15:02
4,5900 4,6224
4,1760 4,2083
4,6843 4,7173
5,1879 5,2213
401 15:03
4,5905 4,6229
4,1763 4,2086
4,6853 4,7183
5,1891 5,2225
402 15:04
4,5909 4,6233
4,1776 4,2099
4,6862 4,7192
5,1902 5,2236
403 15:05
4,5897 4,6221
4,1767 4,2090
4,6849 4,7179
5,1891 5,2225
404 15:06
4,5895 4,6219
4,1778 4,2101
4,6856 4,7186
5,1897 5,2231
405 15:07
4,5903 4,6227
4,1780 4,2103
4,6860 4,7190
5,1903 5,2237
406 15:08
4,5896 4,6220
4,1769 4,2092
4,6856 4,7186
5,1897 5,2231
407 15:09
4,5897 4,6221
4,1775 4,2098
4,6857 4,7187
5,1899 5,2233
408 15:10
4,5887 4,6211
4,1763 4,2086
4,6845 4,7175
5,1893 5,2227
409 15:11
4,5888 4,6212
4,1766 4,2089
4,6850 4,7180
5,1894 5,2228
410 15:12
4,5890 4,6214
4,1764 4,2087
4,6854 4,7184
5,1896 5,2230
411 15:13
4,5885 4,6209
4,1760 4,2083
4,6856 4,7186
5,1890 5,2224
412 15:14
4,5888 4,6212
4,1764 4,2087
4,6855 4,7185
5,1894 5,2228
413 15:15
4,5891 4,6215
4,1765 4,2088
4,6865 4,7195
5,1895 5,2229
414 15:16
4,5893 4,6217
4,1763 4,2086
4,6867 4,7197
5,1903 5,2237
415 15:17
4,5894 4,6218
4,1760 4,2083
4,6868 4,7198
5,1904 5,2238
416 15:18
4,5893 4,6217
4,1761 4,2084
4,6865 4,7195
5,1909 5,2243
417 15:19
4,5897 4,6221
4,1761 4,2084
4,6871 4,7201
5,1913 5,2247
418 15:20
4,5893 4,6217
4,1767 4,2090
4,6866 4,7196
5,1915 5,2249
419 15:21
4,5893 4,6217
4,1761 4,2084
4,6857 4,7187
5,1912 5,2246
420 15:22
4,5894 4,6218
4,1775 4,2098
4,6866 4,7196
5,1910 5,2244
421 15:23
4,5894 4,6218
4,1781 4,2104
4,6873 4,7203
5,1904 5,2238
422 15:24
4,5896 4,6220
4,1791 4,2114
4,6868 4,7198
5,1906 5,2240
423 15:25
4,5896 4,6220
4,1790 4,2113
4,6866 4,7196
5,1916 5,2250
424 15:26
4,5891 4,6215
4,1776 4,2099
4,6865 4,7195
5,1900 5,2234
425 15:27
4,5889 4,6213
4,1769 4,2092
4,6863 4,7193
5,1899 5,2233
426 15:28
4,5889 4,6213
4,1775 4,2098
4,6858 4,7188
5,1895 5,2229
427 15:29
4,5885 4,6209
4,1769 4,2092
4,6854 4,7184
5,1885 5,2219
428 15:30
4,5884 4,6208
4,1776 4,2099
4,6860 4,7190
5,1884 5,2218
429 15:31
4,5882 4,6206
4,1774 4,2097
4,6857 4,7187
5,1873 5,2207
430 15:32
4,5882 4,6206
4,1774 4,2097
4,6859 4,7189
5,1882 5,2216
431 15:33
4,5883 4,6207
4,1773 4,2096
4,6859 4,7189
5,1883 5,2217
432 15:34
4,5879 4,6203
4,1768 4,2091
4,6851 4,7181
5,1870 5,2204
433 15:35
4,5880 4,6204
4,1760 4,2083
4,6845 4,7175
5,1861 5,2195
434 15:36
4,5884 4,6208
4,1749 4,2072
4,6853 4,7183
5,1854 5,2188
435 15:37
4,5889 4,6213
4,1759 4,2082
4,6856 4,7186
5,1863 5,2197
436 15:38
4,5889 4,6213
4,1759 4,2082
4,6858 4,7188
5,1863 5,2197
437 15:39
4,5885 4,6209
4,1750 4,2073
4,6859 4,7189
5,1852 5,2186
438 15:40
4,5886 4,6210
4,1745 4,2068
4,6857 4,7187
5,1854 5,2188
439 15:41
4,5883 4,6207
4,1743 4,2066
4,6842 4,7172
5,1848 5,2182
440 15:42
4,5882 4,6206
4,1749 4,2072
4,6842 4,7172
5,1850 5,2184
441 15:43
4,5880 4,6204
4,1744 4,2067
4,6837 4,7167
5,1849 5,2183
442 15:44
4,5879 4,6203
4,1747 4,2070
4,6840 4,7170
5,1853 5,2187
443 15:45
4,5879 4,6203
4,1746 4,2069
4,6841 4,7171
5,1855 5,2189
444 15:46
4,5893 4,6217
4,1836 4,2159
4,6845 4,7175
5,1852 5,2186
445 15:47
4,5894 4,6218
4,1833 4,2156
4,6846 4,7176
5,1855 5,2189
446 15:48
4,5892 4,6216
4,1825 4,2148
4,6834 4,7164
5,1855 5,2189
447 15:49
4,5898 4,6222
4,1850 4,2173
4,6846 4,7176
5,1867 5,2201
448 15:50
4,5899 4,6223
4,1870 4,2193
4,6840 4,7170
5,1880 5,2214
449 15:51
4,5901 4,6225
4,1878 4,2201
4,6841 4,7171
5,1879 5,2213
450 15:52
4,5898 4,6222
4,1896 4,2219
4,6838 4,7168
5,1874 5,2208
451 15:53
4,5895 4,6219
4,1881 4,2204
4,6826 4,7156
5,1873 5,2207
452 15:54
4,5890 4,6214
4,1879 4,2202
4,6823 4,7153
5,1873 5,2207
453 15:55
4,5879 4,6203
4,1875 4,2198
4,6824 4,7154
5,1867 5,2201
454 15:56
4,5899 4,6223
4,1897 4,2220
4,6847 4,7177
5,1886 5,2220
455 15:57
4,5889 4,6213
4,1886 4,2209
4,6841 4,7171
5,1887 5,2221
456 15:58
4,5879 4,6203
4,1865 4,2188
4,6826 4,7156
5,1872 5,2206
457 15:59
4,5877 4,6201
4,1865 4,2188
4,6827 4,7157
5,1868 5,2202
458 16:00
4,5867 4,6191
4,1860 4,2183
4,6816 4,7146
5,1856 5,2190
459 16:01
4,5860 4,6184
4,1871 4,2194
4,6809 4,7139
5,1854 5,2188
460 16:02
4,5865 4,6189
4,1890 4,2213
4,6816 4,7146
5,1866 5,2200
461 16:03
4,5870 4,6194
4,1883 4,2206
4,6821 4,7151
5,1871 5,2205
462 16:04
4,5870 4,6194
4,1892 4,2215
4,6825 4,7155
5,1872 5,2206
463 16:05
4,5867 4,6191
4,1906 4,2229
4,6829 4,7159
5,1886 5,2220
