#======================
2023-6-12
# 1.EUR, 2.USD, 3.CHF, 4.GBP
Sell Price, Buy Price
1 14:29
4,4243 4,4565
4,1096 4,1417
4,5389 4,5717
5,1638 5,1970
2 14:30
4,4242 4,4564
4,1095 4,1416
4,5378 4,5706
5,1638 5,1970
3 14:31
4,4245 4,4567
4,1100 4,1422
4,5384 4,5713
5,1648 5,1980
4 14:32
4,4261 4,4583
4,1119 4,1441
4,5404 4,5733
5,1668 5,2000
5 14:33
4,4260 4,4582
4,1124 4,1446
4,5408 4,5737
5,1671 5,2003
6 14:34
4,4266 4,4588
4,1125 4,1447
4,5408 4,5737
5,1672 5,2004
7 14:35
4,4264 4,4586
4,1116 4,1438
4,5401 4,5730
5,1666 5,1998
8 14:36
4,4269 4,4591
4,1128 4,1450
4,5402 4,5731
5,1675 5,2007
9 14:37
4,4266 4,4588
4,1126 4,1448
4,5387 4,5716
5,1673 5,2005
10 14:38
4,4260 4,4582
4,1115 4,1437
4,5379 4,5708
5,1663 5,1995
11 14:39
4,4260 4,4582
4,1116 4,1438
4,5374 4,5703
5,1659 5,1991
12 14:40
4,4260 4,4582
4,1113 4,1435
4,5372 4,5701
5,1657 5,1989
13 14:41
4,4260 4,4582
4,1116 4,1438
4,5382 4,5711
5,1660 5,1992
14 14:42
4,4261 4,4583
4,1113 4,1435
4,5384 4,5713
5,1655 5,1987
15 14:43
4,4261 4,4583
4,1119 4,1441
4,5382 4,5711
5,1661 5,1993
16 14:44
4,4258 4,4580
4,1116 4,1438
4,5376 4,5705
5,1656 5,1988
17 14:45
4,4261 4,4583
4,1115 4,1437
4,5369 4,5698
5,1656 5,1988
18 14:46
4,4262 4,4584
4,1112 4,1434
4,5369 4,5698
5,1654 5,1986
19 14:47
4,4263 4,4585
4,1113 4,1435
4,5370 4,5699
5,1652 5,1984
20 14:48
4,4267 4,4589
4,1113 4,1435
4,5375 4,5704
5,1657 5,1989
21 14:49
4,4270 4,4592
4,1116 4,1438
4,5377 4,5706
5,1660 5,1992
22 14:50
4,4270 4,4592
4,1105 4,1427
4,5379 4,5708
5,1654 5,1986
23 14:51
4,4272 4,4594
4,1109 4,1431
4,5382 4,5711
5,1654 5,1986
24 14:52
4,4273 4,4595
4,1109 4,1431
4,5378 4,5707
5,1654 5,1986
25 14:53
4,4272 4,4594
4,1108 4,1430
4,5379 4,5708
5,1650 5,1982
26 14:54
4,4271 4,4593
4,1106 4,1428
4,5378 4,5707
5,1649 5,1981
27 14:55
4,4269 4,4591
4,1111 4,1433
4,5378 4,5707
5,1644 5,1976
28 14:56
4,4271 4,4593
4,1109 4,1431
4,5383 4,5712
5,1646 5,1978
29 14:57
4,4267 4,4589
4,1106 4,1428
4,5381 4,5710
5,1642 5,1974
30 14:58
4,4271 4,4593
4,1119 4,1441
4,5386 4,5715
5,1640 5,1972
31 14:59
4,4269 4,4591
4,1115 4,1437
4,5388 4,5717
5,1638 5,1970
32 15:00
4,4270 4,4592
4,1112 4,1434
4,5384 4,5713
5,1633 5,1965
33 15:01
4,4271 4,4593
4,1111 4,1433
4,5384 4,5713
5,1631 5,1963
34 15:02
4,4277 4,4599
4,1109 4,1431
4,5383 4,5712
5,1635 5,1967
35 15:03
4,4284 4,4606
4,1129 4,1451
4,5384 4,5713
5,1640 5,1972
36 15:04
4,4283 4,4605
4,1130 4,1452
4,5381 4,5710
5,1638 5,1970
37 15:05
4,4279 4,4601
4,1121 4,1443
4,5372 4,5701
5,1634 5,1966
38 15:06
4,4280 4,4602
4,1114 4,1436
4,5373 4,5701
5,1629 5,1961
39 15:07
4,4284 4,4606
4,1123 4,1445
4,5380 4,5708
5,1634 5,1966
40 15:08
4,4279 4,4601
4,1112 4,1434
4,5372 4,5700
5,1623 5,1955
41 15:09
4,4285 4,4607
4,1117 4,1439
4,5381 4,5709
5,1629 5,1961
42 15:10
4,4290 4,4612
4,1130 4,1452
4,5395 4,5723
5,1640 5,1972
43 15:11
4,4293 4,4615
4,1127 4,1449
4,5394 4,5723
5,1650 5,1982
44 15:12
4,4292 4,4614
4,1125 4,1447
4,5393 4,5722
5,1657 5,1989
45 15:13
4,4291 4,4613
4,1124 4,1446
4,5392 4,5721
5,1654 5,1986
46 15:14
4,4289 4,4611
4,1122 4,1444
4,5390 4,5719
5,1649 5,1981
47 15:15
4,4287 4,4609
4,1120 4,1442
4,5388 4,5717
5,1647 5,1979
48 15:16
4,4282 4,4604
4,1110 4,1432
4,5387 4,5715
5,1641 5,1973
49 15:17
4,4259 4,4581
4,1083 4,1405
4,5361 4,5689
5,1615 5,1947
50 15:18
4,4262 4,4584
4,1086 4,1408
4,5364 4,5692
5,1618 5,1950
51 15:19
4,4263 4,4585
4,1090 4,1412
4,5365 4,5693
5,1619 5,1951
52 15:20
4,4263 4,4585
4,1092 4,1414
4,5360 4,5688
5,1615 5,1947
53 15:21
4,4263 4,4585
4,1094 4,1416
4,5365 4,5694
5,1615 5,1947
54 15:22
4,4262 4,4584
4,1097 4,1419
4,5364 4,5693
5,1608 5,1940
55 15:23
4,4261 4,4583
4,1094 4,1416
4,5363 4,5692
5,1607 5,1939
56 15:24
4,4263 4,4585
4,1094 4,1416
4,5363 4,5692
5,1607 5,1939
57 15:25
4,4264 4,4586
4,1091 4,1413
4,5364 4,5693
5,1599 5,1931
58 15:26
4,4264 4,4586
4,1097 4,1419
4,5366 4,5694
5,1598 5,1930
59 15:27
4,4267 4,4589
4,1108 4,1430
4,5372 4,5700
5,1596 5,1928
60 15:28
4,4263 4,4585
4,1106 4,1428
4,5365 4,5693
5,1584 5,1916
61 15:29
4,4263 4,4585
4,1104 4,1426
4,5358 4,5686
5,1582 5,1914
62 15:30
4,4259 4,4581
4,1100 4,1422
4,5352 4,5680
5,1587 5,1919
63 15:31
4,4259 4,4581
4,1106 4,1428
4,5352 4,5680
5,1581 5,1913
64 15:32
4,4256 4,4578
4,1099 4,1421
4,5349 4,5677
5,1584 5,1916
65 15:33
4,4256 4,4578
4,1109 4,1431
4,5344 4,5672
5,1593 5,1925
66 15:34
4,4257 4,4579
4,1110 4,1432
4,5343 4,5671
5,1593 5,1925
67 15:35
4,4257 4,4579
4,1119 4,1441
4,5348 4,5676
5,1600 5,1932
68 15:36
4,4261 4,4583
4,1133 4,1455
4,5354 4,5682
5,1605 5,1937
69 15:37
4,4266 4,4588
4,1149 4,1471
4,5355 4,5683
5,1609 5,1941
70 15:38
4,4268 4,4590
4,1155 4,1477
4,5356 4,5684
5,1620 5,1952
71 15:39
4,4268 4,4590
4,1153 4,1475
4,5354 4,5682
5,1624 5,1956
72 15:40
4,4266 4,4588
4,1149 4,1471
4,5350 4,5678
5,1617 5,1949
73 15:41
4,4265 4,4587
4,1142 4,1464
4,5354 4,5681
5,1621 5,1953
74 15:42
4,4262 4,4584
4,1145 4,1467
4,5356 4,5683
5,1619 5,1951
75 15:43
4,4251 4,4573
4,1125 4,1447
4,5345 4,5672
5,1598 5,1930
76 15:44
4,4246 4,4568
4,1128 4,1450
4,5327 4,5654
5,1587 5,1919
77 15:45
4,4275 4,4597
4,1153 4,1475
4,5355 4,5682
5,1618 5,1950
78 15:46
4,4282 4,4604
4,1166 4,1488
4,5361 4,5690
5,1619 5,1951
79 15:47
4,4284 4,4606
4,1165 4,1487
4,5361 4,5690
5,1616 5,1948
80 15:48
4,4286 4,4608
4,1175 4,1497
4,5365 4,5694
5,1609 5,1941
81 15:49
4,4284 4,4606
4,1183 4,1505
4,5373 4,5702
5,1619 5,1951
82 15:50
4,4275 4,4597
4,1186 4,1508
4,5352 4,5681
5,1619 5,1951
83 15:51
4,4272 4,4594
4,1200 4,1522
4,5348 4,5677
5,1610 5,1942
84 15:52
4,4269 4,4591
4,1198 4,1520
4,5334 4,5663
5,1610 5,1942
85 15:53
4,4264 4,4586
4,1195 4,1517
4,5331 4,5660
5,1599 5,1931
86 15:54
4,4267 4,4589
4,1179 4,1501
4,5327 4,5656
5,1590 5,1922
87 15:55
4,4276 4,4598
4,1181 4,1503
4,5328 4,5657
5,1595 5,1927
88 15:56
4,4274 4,4596
4,1178 4,1500
4,5321 4,5650
5,1587 5,1919
89 15:57
4,4274 4,4596
4,1181 4,1503
4,5320 4,5649
5,1583 5,1915
90 15:58
4,4268 4,4590
4,1163 4,1485
4,5311 4,5640
5,1570 5,1902
91 15:59
4,4266 4,4588
4,1162 4,1484
4,5312 4,5641
5,1574 5,1906
92 16:00
4,4266 4,4588
4,1159 4,1481
4,5310 4,5639
5,1571 5,1903
93 16:01
4,4266 4,4588
4,1160 4,1482
4,5314 4,5643
5,1580 5,1912
94 16:02
4,4263 4,4585
4,1154 4,1476
4,5312 4,5641
5,1567 5,1899
95 16:03
4,4265 4,4587
4,1148 4,1470
4,5311 4,5640
5,1576 5,1908
96 16:04
4,4268 4,4590
4,1149 4,1471
4,5310 4,5639
5,1576 5,1908
97 16:05
4,4281 4,4603
4,1151 4,1473
4,5321 4,5650
5,1582 5,1914
98 16:06
4,4286 4,4608
4,1160 4,1482
4,5328 4,5657
5,1585 5,1917
99 16:07
4,4281 4,4603
4,1157 4,1479
4,5319 4,5648
5,1579 5,1911
100 16:08
4,4280 4,4602
4,1160 4,1482
4,5320 4,5649
5,1578 5,1910
101 16:09
4,4283 4,4605
4,1161 4,1483
4,5320 4,5649
5,1582 5,1914
102 16:10
4,4279 4,4601
4,1165 4,1487
4,5319 4,5648
5,1577 5,1909
103 16:11
4,4282 4,4604
4,1168 4,1490
4,5326 4,5655
5,1582 5,1914
104 16:12
4,4284 4,4606
4,1173 4,1495
4,5331 4,5660
5,1590 5,1922
105 16:13
4,4285 4,4607
4,1155 4,1477
4,5325 4,5654
5,1571 5,1903
106 16:14
4,4290 4,4612
4,1152 4,1474
4,5333 4,5662
5,1575 5,1907
107 16:15
4,4293 4,4615
4,1166 4,1488
4,5340 4,5669
5,1587 5,1919
108 16:16
4,4299 4,4622
4,1172 4,1494
4,5346 4,5675
5,1591 5,1923
109 16:17
4,4291 4,4614
4,1164 4,1486
4,5334 4,5663
5,1582 5,1914
110 16:18
4,4291 4,4614
4,1172 4,1494
4,5326 4,5655
5,1573 5,1905
111 16:19
4,4293 4,4616
4,1176 4,1498
4,5333 4,5662
5,1577 5,1909
112 16:20
4,4289 4,4612
4,1178 4,1500
4,5334 4,5663
5,1564 5,1896
113 16:21
4,4292 4,4614
4,1184 4,1506
4,5337 4,5666
5,1571 5,1903
114 16:22
4,4288 4,4610
4,1179 4,1501
4,5333 4,5662
5,1572 5,1904
115 16:23
4,4286 4,4608
4,1173 4,1495
4,5331 4,5660
5,1564 5,1896
116 16:24
4,4286 4,4608
4,1177 4,1499
4,5331 4,5660
5,1564 5,1896
117 16:25
4,4286 4,4608
4,1175 4,1497
4,5328 4,5657
5,1560 5,1892
118 16:26
4,4286 4,4608
4,1171 4,1493
4,5323 4,5652
5,1551 5,1883
119 16:27
4,4283 4,4605
4,1176 4,1498
4,5318 4,5647
5,1560 5,1892
120 16:28
4,4283 4,4605
4,1184 4,1506
4,5323 4,5652
5,1557 5,1889
121 16:29
4,4284 4,4606
4,1185 4,1507
4,5321 4,5650
5,1544 5,1876
122 16:30
4,4283 4,4605
4,1184 4,1506
4,5320 4,5649
5,1550 5,1882
123 16:31
4,4285 4,4607
4,1174 4,1496
4,5322 4,5651
5,1542 5,1874
124 16:32
4,4281 4,4603
4,1165 4,1487
4,5328 4,5657
5,1543 5,1875
125 16:33
4,4282 4,4604
4,1166 4,1488
4,5326 4,5655
5,1532 5,1864
126 16:34
4,4282 4,4604
4,1164 4,1486
4,5326 4,5655
5,1539 5,1871
127 16:35
4,4282 4,4604
4,1168 4,1490
4,5331 4,5660
5,1538 5,1870
128 16:36
4,4282 4,4604
4,1169 4,1491
4,5331 4,5660
5,1541 5,1873
129 16:37
4,4283 4,4605
4,1174 4,1496
4,5341 4,5670
5,1537 5,1869
130 16:38
4,4283 4,4605
4,1176 4,1498
4,5336 4,5665
5,1542 5,1874
131 16:39
4,4282 4,4604
4,1177 4,1499
4,5340 4,5669
5,1544 5,1876
132 16:40
4,4283 4,4605
4,1172 4,1494
4,5341 4,5670
5,1544 5,1876
133 16:41
4,4279 4,4601
4,1165 4,1487
4,5342 4,5671
5,1538 5,1870
134 16:42
4,4275 4,4597
4,1163 4,1485
4,5340 4,5669
5,1524 5,1856
135 16:43
4,4274 4,4596
4,1158 4,1480
4,5330 4,5659
5,1524 5,1856
136 16:44
4,4270 4,4592
4,1162 4,1484
4,5319 4,5648
5,1527 5,1859
137 16:45
4,4266 4,4588
4,1154 4,1476
4,5315 4,5644
5,1521 5,1853
138 16:46
4,4266 4,4588
4,1158 4,1480
4,5317 4,5646
5,1529 5,1861
139 16:47
4,4270 4,4592
4,1156 4,1478
4,5312 4,5641
5,1542 5,1874
140 16:48
4,4272 4,4594
4,1156 4,1478
4,5305 4,5634
5,1542 5,1874
141 16:49
4,4272 4,4594
4,1160 4,1482
4,5307 4,5636
5,1541 5,1873
142 16:50
4,4269 4,4591
4,1157 4,1479
4,5299 4,5628
5,1537 5,1869
143 16:51
4,4267 4,4589
4,1158 4,1480
4,5291 4,5620
5,1532 5,1864
144 16:52
4,4258 4,4580
4,1149 4,1471
4,5274 4,5603
5,1531 5,1863
145 16:53
4,4247 4,4569
4,1158 4,1480
4,5266 4,5595
5,1528 5,1860
146 16:54
4,4241 4,4563
4,1166 4,1488
4,5260 4,5589
5,1515 5,1847
147 16:55
4,4242 4,4564
4,1159 4,1481
4,5262 4,5591
5,1515 5,1847
148 16:56
4,4241 4,4563
4,1151 4,1473
4,5259 4,5588
5,1511 5,1843
149 16:57
4,4244 4,4566
4,1157 4,1479
4,5260 4,5589
5,1527 5,1859
150 16:58
4,4246 4,4568
4,1171 4,1493
4,5262 4,5591
5,1532 5,1864
151 16:59
4,4260 4,4582
4,1172 4,1494
4,5295 4,5624
5,1537 5,1869
152 17:00
4,4261 4,4583
4,1177 4,1499
4,5287 4,5616
5,1543 5,1875
153 17:01
4,4264 4,4586
4,1173 4,1495
4,5286 4,5615
5,1550 5,1882
154 17:02
4,4267 4,4589
4,1182 4,1504
4,5288 4,5617
5,1548 5,1880
155 17:03
4,4264 4,4586
4,1179 4,1501
4,5275 4,5604
5,1539 5,1871
156 17:04
4,4262 4,4584
4,1180 4,1502
4,5264 4,5593
5,1533 5,1865
157 17:05
4,4261 4,4583
4,1186 4,1508
4,5258 4,5587
5,1528 5,1860
158 17:06
4,4252 4,4574
4,1163 4,1485
4,5254 4,5583
5,1513 5,1845
159 17:07
4,4256 4,4578
4,1153 4,1475
4,5260 4,5589
5,1510 5,1842
160 17:08
4,4256 4,4578
4,1151 4,1473
4,5265 4,5594
5,1511 5,1843
161 17:09
4,4255 4,4577
4,1148 4,1470
4,5269 4,5598
5,1507 5,1839
162 17:10
4,4255 4,4577
4,1142 4,1464
4,5270 4,5599
5,1505 5,1837
163 17:11
4,4255 4,4577
4,1138 4,1460
4,5273 4,5602
5,1498 5,1830
164 17:12
4,4252 4,4574
4,1141 4,1463
4,5270 4,5599
5,1491 5,1823
165 17:13
4,4244 4,4566
4,1128 4,1450
4,5259 4,5588
5,1488 5,1820
166 17:14
4,4245 4,4567
4,1131 4,1453
4,5256 4,5585
5,1486 5,1818
167 17:15
4,4246 4,4568
4,1132 4,1454
4,5249 4,5578
5,1487 5,1819
168 17:16
4,4244 4,4566
4,1137 4,1459
4,5251 4,5580
5,1489 5,1821
169 17:17
4,4246 4,4568
4,1144 4,1466
4,5246 4,5575
5,1480 5,1812
170 17:18
4,4244 4,4566
4,1144 4,1466
4,5243 4,5572
5,1488 5,1820
171 17:19
4,4244 4,4566
4,1144 4,1466
4,5257 4,5586
5,1488 5,1820
172 17:20
4,4246 4,4568
4,1138 4,1460
4,5254 4,5583
5,1500 5,1832
173 17:21
4,4248 4,4570
4,1142 4,1464
4,5266 4,5595
5,1505 5,1837
174 17:22
4,4249 4,4571
4,1142 4,1464
4,5264 4,5593
5,1508 5,1840
175 17:23
4,4250 4,4572
4,1147 4,1469
4,5263 4,5592
5,1515 5,1847
176 17:24
4,4260 4,4582
4,1155 4,1477
4,5276 4,5605
5,1523 5,1855
177 17:25
4,4254 4,4576
4,1149 4,1471
4,5262 4,5591
5,1512 5,1844
178 17:26
4,4263 4,4585
4,1148 4,1470
4,5268 4,5597
5,1516 5,1848
179 17:27
4,4262 4,4584
4,1147 4,1469
4,5264 4,5593
5,1505 5,1837
180 17:28
4,4261 4,4583
4,1144 4,1466
4,5263 4,5592
5,1505 5,1837
181 17:29
4,4261 4,4583
4,1142 4,1464
4,5261 4,5590
5,1505 5,1837
182 17:30
4,4263 4,4585
4,1149 4,1471
4,5265 4,5594
5,1498 5,1830
183 17:31
4,4263 4,4585
4,1155 4,1477
4,5268 4,5597
5,1497 5,1829
184 17:32
4,4263 4,4585
4,1157 4,1479
4,5267 4,5596
5,1501 5,1833
185 17:33
4,4264 4,4586
4,1160 4,1482
4,5270 4,5599
5,1499 5,1831
186 17:34
4,4264 4,4586
4,1156 4,1478
4,5270 4,5599
5,1499 5,1831
187 17:35
4,4263 4,4585
4,1159 4,1481
4,5272 4,5601
5,1498 5,1830
188 17:36
4,4267 4,4589
4,1161 4,1483
4,5278 4,5607
5,1508 5,1840
189 17:37
4,4267 4,4589
4,1155 4,1477
4,5278 4,5607
5,1499 5,1831
190 17:38
4,4267 4,4589
4,1165 4,1487
4,5283 4,5612
5,1502 5,1834
191 17:39
4,4267 4,4589
4,1165 4,1487
4,5283 4,5612
5,1505 5,1837
192 17:40
4,4267 4,4589
4,1167 4,1489
4,5278 4,5607
5,1502 5,1834
193 17:41
4,4267 4,4589
4,1170 4,1492
4,5278 4,5607
5,1505 5,1837
194 17:42
4,4267 4,4589
4,1163 4,1485
4,5283 4,5612
5,1502 5,1834
195 17:43
4,4270 4,4592
4,1162 4,1484
4,5286 4,5615
5,1497 5,1829
196 17:44
4,4273 4,4595
4,1161 4,1483
4,5289 4,5618
5,1495 5,1827
197 17:45
4,4273 4,4595
4,1163 4,1485
4,5282 4,5611
5,1488 5,1820
198 17:46
4,4273 4,4595
4,1169 4,1491
4,5285 4,5614
5,1462 5,1794
199 17:47
4,4274 4,4596
4,1173 4,1495
4,5285 4,5614
5,1471 5,1803
200 17:48
4,4274 4,4596
4,1179 4,1501
4,5281 4,5610
5,1474 5,1806
201 17:49
4,4274 4,4596
4,1185 4,1507
4,5280 4,5609
5,1471 5,1803
202 17:50
4,4275 4,4597
4,1184 4,1506
4,5277 4,5606
5,1476 5,1808
203 17:51
4,4275 4,4597
4,1191 4,1513
4,5275 4,5604
5,1469 5,1801
204 17:52
4,4274 4,4596
4,1181 4,1503
4,5284 4,5613
5,1465 5,1797
205 17:53
4,4275 4,4597
4,1186 4,1508
4,5286 4,5615
5,1466 5,1798
206 17:54
4,4275 4,4597
4,1184 4,1506
4,5291 4,5620
5,1476 5,1808
207 17:55
4,4281 4,4603
4,1192 4,1514
4,5295 4,5624
5,1483 5,1815
208 17:56
4,4280 4,4602
4,1195 4,1517
4,5290 4,5619
5,1483 5,1815
209 17:57
4,4280 4,4602
4,1196 4,1518
4,5287 4,5616
5,1481 5,1813
210 17:58
4,4280 4,4602
4,1202 4,1524
4,5287 4,5616
5,1481 5,1813
211 17:59
4,4279 4,4601
4,1203 4,1525
4,5286 4,5615
5,1482 5,1814
212 18:00
4,4277 4,4599
4,1196 4,1518
4,5278 4,5607
5,1478 5,1810
213 18:01
4,4281 4,4603
4,1203 4,1525
4,5288 4,5617
5,1485 5,1817
214 18:02
4,4281 4,4603
4,1197 4,1522
4,5290 4,5619
5,1486 5,1818
215 18:03
4,4281 4,4603
4,1191 4,1513
4,5296 4,5625
5,1486 5,1818
216 18:04
4,4280 4,4602
4,1191 4,1513
4,5296 4,5625
5,1491 5,1823
217 18:05
4,4279 4,4601
4,1194 4,1516
4,5301 4,5630
5,1496 5,1828
218 18:06
4,4279 4,4601
4,1189 4,1515
4,5300 4,5629
5,1495 5,1827
219 18:07
4,4281 4,4603
4,1192 4,1514
4,5288 4,5617
5,1504 5,1836
220 18:08
4,4282 4,4604
4,1189 4,1513
4,5285 4,5614
5,1505 5,1837
221 18:09
4,4282 4,4604
4,1184 4,1506
4,5277 4,5606
5,1499 5,1831
222 18:10
4,4280 4,4602
4,1187 4,1509
4,5287 4,5616
5,1497 5,1829
223 18:11
4,4280 4,4602
4,1187 4,1509
4,5283 4,5612
5,1503 5,1835
224 18:12
4,4281 4,4603
4,1194 4,1518
4,5283 4,5612
5,1510 5,1842
225 18:13
4,4284 4,4606
4,1194 4,1523
4,5287 4,5620
5,1514 5,1846
226 18:14
4,4289 4,4611
4,1199 4,1525
4,5287 4,5616
5,1519 5,1851
227 18:15
4,4289 4,4611
4,1200 4,1525
4,5282 4,5611
5,1519 5,1851
228 18:16
4,4295 4,4617
4,1207 4,1531
4,5298 4,5627
5,1527 5,1859
229 18:17
4,4296 4,4618
4,1213 4,1540
4,5300 4,5632
5,1527 5,1859
230 18:18
4,4297 4,4620
4,1213 4,1542
4,5299 4,5628
5,1529 5,1861
231 18:19
4,4303 4,4625
4,1222 4,1550
4,5301 4,5630
5,1535 5,1867
232 18:20
4,4302 4,4624
4,1225 4,1549
4,5300 4,5629
5,1534 5,1866
233 18:21
4,4303 4,4625
4,1223 4,1548
4,5301 4,5630
5,1530 5,1862
234 18:22
4,4303 4,4625
4,1219 4,1543
4,5301 4,5630
5,1524 5,1856
235 18:23
4,4303 4,4625
4,1215 4,1539
4,5302 4,5631
5,1524 5,1856
236 18:24
4,4304 4,4626
4,1217 4,1544
4,5307 4,5636
5,1524 5,1856
237 18:25
4,4309 4,4631
4,1224 4,1548
4,5307 4,5636
5,1530 5,1862
238 18:26
4,4317 4,4639
4,1232 4,1558
4,5316 4,5645
5,1546 5,1878
239 18:27
4,4316 4,4640
4,1235 4,1566
4,5315 4,5646
5,1545 5,1879
240 18:28
4,4316 4,4638
4,1234 4,1562
4,5319 4,5648
5,1550 5,1882
241 18:29
4,4316 4,4638
4,1239 4,1568
4,5310 4,5643
5,1551 5,1883
242 19:34
Definite connection error