#======================
2023-4-25
# 1.EUR, 2.USD, 3.CHF, 4.GBP
Sell Price, Buy Price
1 08:59
4,5832 4,6154
4,1458 4,1779
4,6691 4,7019
5,1763 5,2096
2 09:00
4,5828 4,6150
4,1459 4,1780
4,6689 4,7017
5,1760 5,2093
3 09:01
4,5828 4,6150
4,1482 4,1803
4,6706 4,7034
5,1781 5,2114
4 09:02
4,5831 4,6153
4,1509 4,1830
4,6709 4,7037
5,1802 5,2135
5 09:03
4,5834 4,6156
4,1508 4,1829
4,6707 4,7035
5,1791 5,2124
6 09:04
4,5838 4,6160
4,1516 4,1837
4,6716 4,7044
5,1804 5,2137
7 09:05
4,5840 4,6162
4,1540 4,1861
4,6725 4,7053
5,1807 5,2140
8 09:06
4,5842 4,6164
4,1548 4,1869
4,6737 4,7066
5,1797 5,2129
9 09:07
4,5832 4,6154
4,1534 4,1855
4,6729 4,7058
5,1779 5,2111
10 09:08
4,5834 4,6156
4,1531 4,1852
4,6731 4,7060
5,1779 5,2111
11 09:09
4,5836 4,6158
4,1531 4,1852
4,6733 4,7062
5,1790 5,2122
12 09:10
4,5833 4,6155
4,1525 4,1846
4,6728 4,7057
5,1785 5,2117
13 09:11
4,5828 4,6150
4,1512 4,1833
4,6734 4,7062
5,1781 5,2114
14 09:12
4,5831 4,6153
4,1521 4,1842
4,6733 4,7061
5,1781 5,2114
15 09:13
4,5831 4,6153
4,1526 4,1847
4,6730 4,7058
5,1791 5,2124
16 09:14
4,5829 4,6151
4,1521 4,1842
4,6731 4,7059
5,1794 5,2127
17 09:15
4,5820 4,6142
4,1511 4,1832
4,6717 4,7045
5,1787 5,2120
18 09:16
4,5819 4,6141
4,1506 4,1827
4,6716 4,7044
5,1783 5,2116
19 09:17
4,5821 4,6143
4,1504 4,1825
4,6718 4,7046
5,1776 5,2109
20 09:18
4,5818 4,6140
4,1503 4,1824
4,6722 4,7050
5,1782 5,2115
21 09:19
4,5821 4,6143
4,1513 4,1834
4,6732 4,7060
5,1779 5,2112
22 09:20
4,5822 4,6144
4,1535 4,1856
4,6752 4,7080
5,1791 5,2124
23 09:21
4,5826 4,6148
4,1550 4,1871
4,6766 4,7095
5,1797 5,2130
24 09:22
4,5823 4,6145
4,1547 4,1868
4,6760 4,7089
5,1795 5,2128
25 09:23
4,5820 4,6142
4,1529 4,1850
4,6750 4,7079
5,1790 5,2123
26 09:24
4,5808 4,6130
4,1517 4,1838
4,6743 4,7072
5,1776 5,2109
27 09:25
4,5806 4,6128
4,1515 4,1836
4,6746 4,7075
5,1771 5,2104
28 09:26
4,5801 4,6123
4,1507 4,1828
4,6747 4,7076
5,1768 5,2101
29 09:27
4,5804 4,6126
4,1509 4,1830
4,6746 4,7075
5,1775 5,2108
30 09:28
4,5806 4,6128
4,1519 4,1840
4,6750 4,7079
5,1777 5,2110
31 09:29
4,5804 4,6126
4,1513 4,1834
4,6746 4,7075
5,1772 5,2105
32 09:30
4,5805 4,6127
4,1535 4,1856
4,6759 4,7088
5,1773 5,2106
33 09:31
4,5805 4,6127
4,1523 4,1844
4,6754 4,7082
5,1770 5,2102
34 09:32
4,5807 4,6129
4,1527 4,1848
4,6763 4,7091
5,1775 5,2107
35 09:33
4,5805 4,6127
4,1523 4,1844
4,6756 4,7084
5,1775 5,2107
36 09:34
4,5804 4,6126
4,1521 4,1842
4,6758 4,7086
5,1775 5,2107
37 09:35
4,5803 4,6125
4,1512 4,1833
4,6757 4,7085
5,1785 5,2117
38 09:36
4,5804 4,6126
4,1517 4,1838
4,6763 4,7091
5,1780 5,2112
39 09:37
4,5805 4,6127
4,1519 4,1840
4,6764 4,7092
5,1790 5,2122
40 09:38
4,5814 4,6136
4,1532 4,1853
4,6777 4,7105
5,1798 5,2130
41 09:39
4,5816 4,6138
4,1541 4,1862
4,6799 4,7127
5,1800 5,2132
42 09:40
4,5813 4,6135
4,1542 4,1863
4,6789 4,7117
5,1803 5,2135
43 09:41
4,5815 4,6137
4,1542 4,1863
4,6791 4,7120
5,1798 5,2130
44 09:42
4,5814 4,6136
4,1541 4,1862
4,6773 4,7102
5,1789 5,2121
45 09:43
4,5810 4,6132
4,1541 4,1862
4,6764 4,7093
5,1781 5,2113
46 09:44
4,5811 4,6133
4,1540 4,1861
4,6767 4,7096
5,1797 5,2129
47 09:45
4,5800 4,6122
4,1527 4,1848
4,6754 4,7083
5,1779 5,2111
48 09:46
4,5797 4,6119
4,1518 4,1839
4,6756 4,7085
5,1772 5,2104
49 09:47
4,5798 4,6120
4,1517 4,1838
4,6756 4,7085
5,1779 5,2111
50 09:48
4,5797 4,6119
4,1512 4,1833
4,6756 4,7085
5,1778 5,2110
51 09:49
4,5800 4,6122
4,1508 4,1829
4,6759 4,7088
5,1781 5,2113
52 09:50
4,5813 4,6135
4,1519 4,1840
4,6769 4,7098
5,1805 5,2137
53 09:51
4,5816 4,6138
4,1518 4,1839
4,6763 4,7091
5,1800 5,2132
54 09:52
4,5823 4,6145
4,1536 4,1857
4,6775 4,7103
5,1813 5,2145
55 09:53
4,5823 4,6145
4,1540 4,1861
4,6782 4,7110
5,1808 5,2140
56 09:54
4,5821 4,6143
4,1536 4,1857
4,6777 4,7105
5,1796 5,2128
57 09:55
4,5820 4,6142
4,1539 4,1860
4,6779 4,7107
5,1795 5,2127
58 09:56
4,5816 4,6138
4,1541 4,1862
4,6787 4,7116
5,1797 5,2130
59 09:57
4,5816 4,6138
4,1533 4,1854
4,6784 4,7113
5,1788 5,2121
60 09:58
4,5815 4,6137
4,1529 4,1850
4,6783 4,7112
5,1787 5,2120
61 09:59
4,5816 4,6138
4,1526 4,1847
4,6780 4,7109
5,1779 5,2112
62 10:00
4,5817 4,6139
4,1521 4,1842
4,6786 4,7115
5,1778 5,2111
63 10:01
4,5816 4,6138
4,1528 4,1849
4,6792 4,7121
5,1785 5,2118
64 10:02
4,5818 4,6140
4,1528 4,1849
4,6808 4,7137
5,1784 5,2117
65 10:03
4,5818 4,6140
4,1524 4,1845
4,6806 4,7135
5,1788 5,2121
66 10:04
4,5820 4,6142
4,1528 4,1849
4,6813 4,7142
5,1798 5,2131
67 10:05
4,5808 4,6130
4,1524 4,1845
4,6810 4,7139
5,1791 5,2124
68 10:06
4,5806 4,6128
4,1538 4,1859
4,6803 4,7131
5,1788 5,2121
69 10:07
4,5807 4,6129
4,1535 4,1856
4,6809 4,7137
5,1790 5,2123
70 10:08
4,5817 4,6139
4,1534 4,1855
4,6817 4,7145
5,1799 5,2132
71 10:09
4,5817 4,6139
4,1538 4,1859
4,6822 4,7150
5,1801 5,2134
72 10:10
4,5814 4,6136
4,1534 4,1855
4,6818 4,7146
5,1804 5,2137
73 10:11
4,5814 4,6136
4,1535 4,1856
4,6821 4,7150
5,1788 5,2121
74 10:12
4,5816 4,6138
4,1533 4,1854
4,6825 4,7154
5,1788 5,2121
75 10:13
4,5818 4,6140
4,1531 4,1852
4,6832 4,7161
5,1788 5,2121
76 10:14
4,5831 4,6153
4,1547 4,1868
4,6850 4,7179
5,1797 5,2130
77 10:15
4,5817 4,6139
4,1534 4,1855
4,6833 4,7162
5,1786 5,2119
78 10:16
4,5822 4,6144
4,1548 4,1869
4,6844 4,7173
5,1799 5,2132
79 10:17
4,5825 4,6147
4,1542 4,1863
4,6847 4,7176
5,1801 5,2134
80 10:18
4,5826 4,6148
4,1544 4,1865
4,6845 4,7174
5,1799 5,2132
81 10:19
4,5826 4,6148
4,1546 4,1867
4,6850 4,7179
5,1805 5,2138
82 10:20
4,5827 4,6149
4,1545 4,1866
4,6849 4,7178
5,1806 5,2139
83 10:21
4,5831 4,6153
4,1551 4,1872
4,6857 4,7186
5,1814 5,2146
84 10:22
4,5834 4,6156
4,1559 4,1880
4,6865 4,7194
5,1820 5,2152
85 10:23
4,5833 4,6155
4,1551 4,1872
4,6859 4,7188
5,1816 5,2148
86 10:24
4,5833 4,6155
4,1545 4,1866
4,6855 4,7184
5,1816 5,2148
87 10:25
4,5831 4,6153
4,1539 4,1860
4,6865 4,7194
5,1811 5,2143
88 10:26
4,5825 4,6147
4,1541 4,1862
4,6854 4,7182
5,1804 5,2136
89 10:27
4,5827 4,6149
4,1547 4,1868
4,6861 4,7189
5,1809 5,2141
90 10:28
4,5825 4,6147
4,1549 4,1870
4,6859 4,7187
5,1813 5,2145
91 10:29
4,5825 4,6147
4,1551 4,1872
4,6863 4,7191
5,1816 5,2148
92 10:30
4,5834 4,6156
4,1561 4,1882
4,6873 4,7201
5,1829 5,2161
93 10:31
4,5835 4,6157
4,1566 4,1887
4,6866 4,7195
5,1821 5,2154
94 10:32
4,5831 4,6153
4,1547 4,1868
4,6853 4,7182
5,1806 5,2139
95 10:33
4,5830 4,6152
4,1546 4,1867
4,6852 4,7181
5,1801 5,2134
96 10:34
4,5821 4,6143
4,1532 4,1853
4,6851 4,7180
5,1790 5,2123
97 10:35
4,5818 4,6140
4,1522 4,1843
4,6844 4,7173
5,1787 5,2120
98 10:36
4,5819 4,6141
4,1521 4,1842
4,6838 4,7167
5,1788 5,2121
99 10:37
4,5817 4,6139
4,1523 4,1844
4,6834 4,7163
5,1781 5,2114
100 10:38
4,5818 4,6140
4,1528 4,1849
4,6847 4,7176
5,1784 5,2117
101 10:39
4,5816 4,6138
4,1526 4,1847
4,6847 4,7176
5,1785 5,2118
102 10:40
4,5811 4,6133
4,1511 4,1832
4,6836 4,7165
5,1779 5,2112
103 10:41
4,5807 4,6129
4,1504 4,1825
4,6823 4,7151
5,1775 5,2108
104 10:42
4,5806 4,6128
4,1492 4,1813
4,6817 4,7145
5,1765 5,2098
105 10:43
4,5809 4,6131
4,1494 4,1815
4,6826 4,7154
5,1774 5,2107
106 10:44
4,5810 4,6132
4,1496 4,1817
4,6836 4,7164
5,1779 5,2112
107 10:45
4,5812 4,6134
4,1499 4,1820
4,6833 4,7161
5,1772 5,2105
108 10:46
4,5812 4,6134
4,1503 4,1824
4,6824 4,7152
5,1772 5,2105
109 10:47
4,5811 4,6133
4,1500 4,1821
4,6813 4,7141
5,1763 5,2096
110 10:48
4,5817 4,6139
4,1512 4,1833
4,6822 4,7150
5,1772 5,2105
111 10:49
4,5806 4,6128
4,1489 4,1810
4,6815 4,7143
5,1756 5,2089
112 10:50
4,5805 4,6127
4,1488 4,1809
4,6809 4,7137
5,1755 5,2088
113 10:51
4,5801 4,6123
4,1482 4,1803
4,6796 4,7125
5,1744 5,2076
114 10:52
4,5806 4,6128
4,1485 4,1806
4,6805 4,7134
5,1753 5,2085
115 10:53
4,5805 4,6127
4,1487 4,1808
4,6799 4,7128
5,1755 5,2087
116 10:54
4,5806 4,6128
4,1488 4,1809
4,6810 4,7139
5,1753 5,2085
117 10:55
4,5806 4,6128
4,1492 4,1813
4,6813 4,7142
5,1756 5,2088
118 10:56
4,5807 4,6129
4,1493 4,1814
4,6809 4,7138
5,1760 5,2093
119 10:57
4,5808 4,6130
4,1486 4,1807
4,6803 4,7132
5,1768 5,2101
120 10:58
4,5804 4,6126
4,1481 4,1802
4,6804 4,7133
5,1769 5,2102
121 10:59
4,5810 4,6132
4,1492 4,1813
4,6814 4,7143
5,1778 5,2111
122 11:00
4,5809 4,6131
4,1489 4,1810
4,6804 4,7133
5,1780 5,2113
123 11:01
4,5809 4,6131
4,1493 4,1814
4,6806 4,7135
5,1780 5,2113
124 11:02
4,5809 4,6131
4,1495 4,1816
4,6809 4,7138
5,1777 5,2110
125 11:03
4,5809 4,6131
4,1488 4,1809
4,6804 4,7133
5,1774 5,2107
126 11:04
4,5810 4,6132
4,1484 4,1805
4,6800 4,7129
5,1778 5,2111
127 11:05
4,5810 4,6132
4,1484 4,1805
4,6807 4,7136
5,1778 5,2111
128 11:06
4,5812 4,6134
4,1488 4,1809
4,6802 4,7131
5,1778 5,2111
129 11:07
4,5813 4,6135
4,1495 4,1816
4,6803 4,7132
5,1782 5,2115
130 11:08
4,5813 4,6135
4,1493 4,1814
4,6801 4,7130
5,1782 5,2115
131 11:09
4,5814 4,6136
4,1494 4,1815
4,6802 4,7131
5,1783 5,2116
132 11:10
4,5817 4,6139
4,1496 4,1817
4,6807 4,7136
5,1786 5,2119
133 11:11
4,5814 4,6136
4,1490 4,1811
4,6802 4,7131
5,1783 5,2116
134 11:12
4,5814 4,6136
4,1492 4,1813
4,6804 4,7133
5,1777 5,2110
135 11:13
4,5814 4,6136
4,1496 4,1817
4,6806 4,7135
5,1777 5,2110
136 11:14
4,5809 4,6131
4,1482 4,1803
4,6804 4,7133
5,1768 5,2101
137 11:15
4,5808 4,6130
4,1483 4,1804
4,6793 4,7122
5,1767 5,2100
138 11:16
4,5805 4,6127
4,1478 4,1799
4,6790 4,7119
5,1764 5,2097
139 11:17
4,5804 4,6126
4,1477 4,1798
4,6789 4,7118
5,1766 5,2099
140 11:18
4,5802 4,6124
4,1477 4,1798
4,6789 4,7118
5,1760 5,2093
141 11:19
4,5803 4,6125
4,1482 4,1803
4,6793 4,7122
5,1759 5,2092
142 11:20
4,5792 4,6114
4,1474 4,1795
4,6782 4,7111
5,1748 5,2081
143 11:21
4,5793 4,6115
4,1477 4,1798
4,6785 4,7114
5,1748 5,2081
144 11:22
4,5793 4,6115
4,1475 4,1796
4,6780 4,7109
5,1750 5,2083
145 11:23
4,5792 4,6114
4,1479 4,1800
4,6782 4,7111
5,1752 5,2085
146 11:24
4,5793 4,6115
4,1480 4,1801
4,6783 4,7112
5,1756 5,2089
147 11:25
4,5792 4,6114
4,1478 4,1799
4,6779 4,7108
5,1743 5,2076
148 11:26
4,5792 4,6114
4,1479 4,1800
4,6779 4,7108
5,1746 5,2079
149 11:27
4,5790 4,6112
4,1485 4,1806
4,6780 4,7109
5,1747 5,2080
150 11:28
4,5792 4,6114
4,1487 4,1808
4,6789 4,7118
5,1746 5,2079
151 11:29
4,5792 4,6114
4,1485 4,1806
4,6789 4,7118
5,1743 5,2076
152 11:30
4,5790 4,6112
4,1480 4,1801
4,6787 4,7116
5,1741 5,2074
153 11:31
4,5784 4,6106
4,1473 4,1794
4,6776 4,7105
5,1735 5,2068
154 11:32
4,5772 4,6094
4,1463 4,1784
4,6766 4,7095
5,1727 5,2060
155 11:33
4,5772 4,6094
4,1461 4,1782
4,6764 4,7093
5,1721 5,2054
156 11:34
4,5771 4,6093
4,1468 4,1789
4,6768 4,7097
5,1729 5,2062
157 11:35
4,5772 4,6094
4,1475 4,1796
4,6773 4,7102
5,1736 5,2069
158 11:36
4,5771 4,6093
4,1466 4,1787
4,6770 4,7099
5,1734 5,2067
159 11:37
4,5772 4,6094
4,1463 4,1784
4,6773 4,7102
5,1735 5,2068
160 11:38
4,5772 4,6094
4,1461 4,1782
4,6771 4,7100
5,1738 5,2071
161 11:39
4,5772 4,6094
4,1461 4,1782
4,6776 4,7105
5,1741 5,2074
162 11:40
4,5776 4,6098
4,1469 4,1790
4,6780 4,7109
5,1752 5,2085
163 11:41
4,5773 4,6095
4,1466 4,1787
4,6779 4,7108
5,1745 5,2078
164 11:42
4,5772 4,6094
4,1469 4,1790
4,6773 4,7102
5,1744 5,2077
165 11:43
4,5773 4,6095
4,1468 4,1789
4,6774 4,7103
5,1745 5,2078
166 11:44
4,5772 4,6094
4,1465 4,1786
4,6773 4,7102
5,1744 5,2077
167 11:45
4,5772 4,6094
4,1465 4,1786
4,6776 4,7105
5,1750 5,2083
168 11:46
4,5764 4,6086
4,1454 4,1775
4,6782 4,7111
5,1747 5,2080
169 11:47
4,5764 4,6086
4,1460 4,1781
4,6787 4,7116
5,1750 5,2083
170 11:48
4,5767 4,6089
4,1463 4,1784
4,6792 4,7121
5,1762 5,2095
171 11:49
4,5769 4,6091
4,1466 4,1787
4,6794 4,7123
5,1767 5,2100
172 11:50
4,5770 4,6092
4,1463 4,1784
4,6795 4,7124
5,1765 5,2098
173 11:51
4,5771 4,6093
4,1462 4,1783
4,6798 4,7127
5,1761 5,2093
174 11:52
4,5772 4,6094
4,1465 4,1786
4,6797 4,7126
5,1762 5,2094
175 11:53
4,5771 4,6093
4,1462 4,1783
4,6799 4,7128
5,1767 5,2099
176 11:54
4,5772 4,6094
4,1476 4,1797
4,6807 4,7136
5,1762 5,2094
177 11:55
4,5772 4,6094
4,1480 4,1801
4,6812 4,7141
5,1762 5,2094
178 11:56
4,5773 4,6095
4,1483 4,1804
4,6813 4,7142
5,1760 5,2093
179 11:57
4,5774 4,6096
4,1478 4,1799
4,6809 4,7138
5,1766 5,2099
180 11:58
4,5773 4,6095
4,1481 4,1802
4,6803 4,7132
5,1763 5,2096
181 11:59
4,5774 4,6096
4,1488 4,1809
4,6809 4,7138
5,1773 5,2106
182 12:00
4,5773 4,6095
4,1489 4,1810
4,6810 4,7139
5,1772 5,2105
183 12:01
4,5775 4,6097
4,1491 4,1812
4,6793 4,7122
5,1765 5,2098
184 12:02
4,5772 4,6094
4,1486 4,1807
4,6790 4,7119
5,1762 5,2095
185 12:03
4,5772 4,6094
4,1484 4,1805
4,6788 4,7117
5,1756 5,2089
186 12:04
4,5771 4,6093
4,1481 4,1802
4,6787 4,7116
5,1755 5,2088
187 12:05
4,5772 4,6094
4,1482 4,1803
4,6788 4,7117
5,1750 5,2083
188 12:06
4,5775 4,6097
4,1487 4,1808
4,6786 4,7115
5,1753 5,2086
189 12:07
4,5775 4,6097
4,1479 4,1800
4,6793 4,7122
5,1756 5,2089
190 12:08
4,5775 4,6097
4,1477 4,1798
4,6791 4,7120
5,1769 5,2102
191 12:09
4,5776 4,6098
4,1476 4,1797
4,6792 4,7121
5,1781 5,2114
192 12:10
4,5775 4,6097
4,1483 4,1804
4,6788 4,7117
5,1783 5,2116
193 12:11
4,5777 4,6099
4,1489 4,1810
4,6797 4,7126
5,1791 5,2124
194 12:12
4,5777 4,6099
4,1485 4,1806
4,6797 4,7126
5,1788 5,2121
195 12:13
4,5774 4,6096
4,1486 4,1807
4,6797 4,7126
5,1788 5,2121
196 12:14
4,5774 4,6096
4,1490 4,1811
4,6794 4,7123
5,1782 5,2115
197 12:15
4,5775 4,6097
4,1491 4,1812
4,6793 4,7122
5,1777 5,2110
198 12:16
4,5773 4,6095
4,1496 4,1817
4,6789 4,7118
5,1775 5,2107
199 12:17
4,5773 4,6095
4,1494 4,1815
4,6781 4,7110
5,1772 5,2104
200 12:18
4,5774 4,6096
4,1499 4,1820
4,6789 4,7118
5,1778 5,2110
201 12:19
4,5774 4,6096
4,1493 4,1814
4,6794 4,7123
5,1773 5,2105
202 12:20
4,5773 4,6095
4,1494 4,1815
4,6793 4,7122
5,1768 5,2100
203 12:21
4,5772 4,6094
4,1497 4,1818
4,6797 4,7126
5,1768 5,2101
204 12:22
4,5770 4,6092
4,1494 4,1815
4,6793 4,7122
5,1759 5,2092
205 12:23
4,5770 4,6092
4,1493 4,1814
4,6793 4,7122
5,1760 5,2093
206 12:24
4,5770 4,6092
4,1490 4,1811
4,6790 4,7119
5,1769 5,2102
207 12:25
4,5771 4,6093
4,1493 4,1814
4,6796 4,7125
5,1777 5,2110
208 12:26
4,5766 4,6088
4,1496 4,1817
4,6791 4,7120
5,1776 5,2109
209 12:27
4,5766 4,6088
4,1492 4,1813
4,6781 4,7110
5,1781 5,2114
210 12:28
4,5766 4,6088
4,1495 4,1816
4,6779 4,7108
5,1782 5,2115
211 12:29
4,5769 4,6091
4,1498 4,1819
4,6782 4,7111
5,1779 5,2112
212 12:30
4,5770 4,6092
4,1503 4,1824
4,6781 4,7110
5,1780 5,2113
213 12:31
4,5766 4,6088
4,1496 4,1817
4,6772 4,7101
5,1773 5,2105
214 12:32
4,5770 4,6092
4,1494 4,1815
4,6773 4,7102
5,1778 5,2110
215 12:33
4,5769 4,6091
4,1500 4,1821
4,6772 4,7101
5,1773 5,2105
216 12:34
4,5766 4,6088
4,1492 4,1813
4,6767 4,7096
5,1767 5,2099
217 12:35
4,5765 4,6087
4,1497 4,1818
4,6766 4,7095
5,1769 5,2101
218 12:36
4,5765 4,6087
4,1497 4,1818
4,6766 4,7095
5,1768 5,2101
219 12:37
4,5766 4,6088
4,1490 4,1811
4,6767 4,7096
5,1767 5,2100
220 12:38
4,5767 4,6089
4,1498 4,1819
4,6766 4,7095
5,1768 5,2101
221 12:39
4,5765 4,6087
4,1489 4,1810
4,6761 4,7090
5,1763 5,2096
222 12:40
4,5768 4,6090
4,1488 4,1809
4,6759 4,7088
5,1768 5,2101
223 12:41
4,5765 4,6087
4,1483 4,1804
4,6756 4,7085
5,1752 5,2084
224 12:42
4,5766 4,6088
4,1482 4,1803
4,6757 4,7086
5,1752 5,2084
225 12:43
4,5770 4,6092
4,1488 4,1809
4,6761 4,7090
5,1760 5,2092
226 12:44
4,5770 4,6092
4,1492 4,1813
4,6764 4,7093
5,1768 5,2100
227 12:45
4,5774 4,6096
4,1499 4,1820
4,6770 4,7099
5,1788 5,2120
228 12:46
4,5769 4,6091
4,1500 4,1821
4,6765 4,7094
5,1785 5,2117
229 12:47
4,5772 4,6094
4,1503 4,1824
4,6766 4,7095
5,1791 5,2123
230 12:48
4,5773 4,6095
4,1496 4,1817
4,6767 4,7096
5,1790 5,2122
231 12:49
4,5769 4,6091
4,1502 4,1823
4,6770 4,7099
5,1788 5,2120
232 12:50
4,5770 4,6092
4,1501 4,1822
4,6771 4,7100
5,1783 5,2115
233 12:51
4,5770 4,6092
4,1503 4,1824
4,6771 4,7100
5,1777 5,2109
234 12:52
4,5770 4,6092
4,1507 4,1828
4,6771 4,7100
5,1768 5,2100
235 12:53
4,5769 4,6091
4,1508 4,1829
4,6768 4,7097
5,1767 5,2099
236 12:54
4,5768 4,6090
4,1510 4,1831
4,6759 4,7088
5,1757 5,2089
237 12:55
4,5768 4,6090
4,1516 4,1837
4,6769 4,7098
5,1757 5,2089
238 12:56
4,5767 4,6089
4,1515 4,1836
4,6766 4,7095
5,1762 5,2094
239 12:57
4,5767 4,6089
4,1523 4,1844
4,6768 4,7097
5,1765 5,2097
240 12:58
4,5767 4,6089
4,1523 4,1844
4,6761 4,7090
5,1753 5,2085
241 12:59
4,5767 4,6089
4,1527 4,1848
4,6763 4,7092
5,1750 5,2082
242 13:00
4,5767 4,6089
4,1523 4,1844
4,6758 4,7087
5,1747 5,2079
243 13:01
4,5768 4,6090
4,1526 4,1847
4,6769 4,7098
5,1737 5,2069
244 13:02
4,5768 4,6090
4,1530 4,1851
4,6769 4,7098
5,1734 5,2066
245 13:03
4,5766 4,6088
4,1528 4,1849
4,6769 4,7098
5,1743 5,2075
246 13:04
4,5766 4,6088
4,1531 4,1852
4,6777 4,7106
5,1743 5,2075
247 13:05
4,5768 4,6090
4,1533 4,1854
4,6776 4,7105
5,1745 5,2077
248 13:06
4,5767 4,6089
4,1531 4,1852
4,6775 4,7104
5,1739 5,2072
249 13:07
4,5767 4,6089
4,1539 4,1860
4,6776 4,7105
5,1742 5,2075
250 13:08
4,5770 4,6092
4,1539 4,1860
4,6777 4,7106
5,1742 5,2075
251 13:09
4,5773 4,6095
4,1538 4,1859
4,6779 4,7108
5,1742 5,2075
252 13:10
4,5774 4,6096
4,1535 4,1856
4,6775 4,7104
5,1744 5,2077
253 13:11
4,5772 4,6094
4,1526 4,1847
4,6778 4,7107
5,1742 5,2075
254 13:12
4,5773 4,6095
4,1528 4,1849
4,6779 4,7108
5,1739 5,2072
255 13:13
4,5773 4,6095
4,1525 4,1846
4,6779 4,7108
5,1742 5,2075
256 13:14
4,5775 4,6097
4,1523 4,1844
4,6776 4,7105
5,1742 5,2075
257 13:15
4,5775 4,6097
4,1529 4,1850
4,6779 4,7108
5,1736 5,2069
258 13:16
4,5775 4,6097
4,1530 4,1851
4,6776 4,7105
5,1733 5,2066
259 13:17
4,5771 4,6093
4,1525 4,1846
4,6770 4,7099
5,1722 5,2055
260 13:18
4,5769 4,6091
4,1521 4,1842
4,6758 4,7087
5,1708 5,2041
261 13:19
4,5764 4,6086
4,1518 4,1839
4,6743 4,7072
5,1700 5,2033
262 13:20
4,5762 4,6084
4,1511 4,1832
4,6734 4,7063
5,1698 5,2031
263 13:21
4,5760 4,6082
4,1517 4,1838
4,6739 4,7067
5,1699 5,2032
264 13:22
4,5759 4,6081
4,1512 4,1833
4,6736 4,7064
5,1697 5,2030
265 13:23
4,5756 4,6078
4,1507 4,1828
4,6735 4,7063
5,1697 5,2030
266 13:24
4,5751 4,6073
4,1499 4,1820
4,6737 4,7065
5,1679 5,2012
267 13:25
4,5739 4,6061
4,1488 4,1809
4,6720 4,7048
5,1663 5,1996
268 13:26
4,5738 4,6060
4,1499 4,1820
4,6719 4,7047
5,1665 5,1997
269 13:27
4,5741 4,6063
4,1501 4,1822
4,6722 4,7050
5,1668 5,2000
270 13:28
4,5744 4,6066
4,1510 4,1831
4,6732 4,7060
5,1680 5,2012
271 13:29
4,5745 4,6067
4,1512 4,1833
4,6731 4,7059
5,1684 5,2016
272 13:30
4,5741 4,6063
4,1509 4,1830
4,6722 4,7050
5,1677 5,2009
273 13:31
4,5740 4,6062
4,1504 4,1825
4,6726 4,7055
5,1673 5,2006
274 13:32
4,5742 4,6064
4,1504 4,1825
4,6709 4,7038
5,1666 5,1999
275 13:33
4,5743 4,6065
4,1501 4,1822
4,6703 4,7032
5,1662 5,1995
276 13:34
4,5742 4,6064
4,1498 4,1819
4,6709 4,7038
5,1657 5,1990
277 13:35
4,5743 4,6065
4,1505 4,1826
4,6710 4,7039
5,1653 5,1986
278 13:36
4,5743 4,6065
4,1511 4,1832
4,6717 4,7046
5,1650 5,1982
279 13:37
4,5742 4,6064
4,1508 4,1829
4,6719 4,7048
5,1652 5,1984
280 13:38
4,5741 4,6063
4,1522 4,1843
4,6729 4,7058
5,1660 5,1992
