#======================
2023-3-24
# 1.EUR, 2.USD, 3.CHF, 4.GBP
Sell Price, Buy Price
1 13:06
4,6726 4,7051
4,3566 4,3891
4,7340 4,7672
5,3204 5,3541
2 13:07
4,6737 4,7062
4,3580 4,3905
4,7364 4,7696
5,3214 5,3551
3 13:08
4,6748 4,7073
4,3593 4,3918
4,7382 4,7714
5,3228 5,3565
4 13:09
4,6754 4,7079
4,3582 4,3907
4,7376 4,7708
5,3230 5,3567
5 13:10
4,6754 4,7079
4,3567 4,3892
4,7376 4,7708
5,3233 5,3570
6 13:11
4,6748 4,7074
4,3554 4,3878
4,7360 4,7697
5,3220 5,3557
7 13:12
4,6738 4,7064
4,3541 4,3865
4,7348 4,7685
5,3203 5,3540
8 13:13
4,6726 4,7052
4,3529 4,3853
4,7321 4,7658
5,3181 5,3518
9 13:14
4,6734 4,7060
4,3540 4,3864
4,7316 4,7653
5,3195 5,3532
10 13:15
4,6735 4,7061
4,3547 4,3871
4,7331 4,7668
5,3206 5,3543
11 13:16
4,6739 4,7064
4,3549 4,3874
4,7339 4,7672
5,3210 5,3546
12 13:17
4,6754 4,7079
4,3570 4,3895
4,7352 4,7685
5,3221 5,3557
13 13:18
4,6753 4,7078
4,3571 4,3896
4,7360 4,7693
5,3224 5,3560
14 13:19
4,6755 4,7080
4,3577 4,3902
4,7371 4,7704
5,3216 5,3552
15 13:20
4,6751 4,7076
4,3573 4,3898
4,7376 4,7709
5,3216 5,3552
16 13:21
4,6744 4,7070
4,3543 4,3868
4,7373 4,7712
5,3207 5,3544
17 13:22
4,6742 4,7068
4,3543 4,3868
4,7364 4,7703
5,3196 5,3533
18 13:23
4,6743 4,7069
4,3536 4,3861
4,7362 4,7701
5,3203 5,3540
19 13:24
4,6742 4,7068
4,3545 4,3870
4,7364 4,7703
5,3202 5,3539
20 13:25
4,6743 4,7069
4,3540 4,3865
4,7362 4,7701
5,3202 5,3539
21 13:26
4,6734 4,7059
4,3529 4,3854
4,7352 4,7684
5,3187 5,3523
22 13:27
4,6740 4,7065
4,3535 4,3860
4,7362 4,7694
5,3187 5,3523
23 13:28
4,6744 4,7069
4,3536 4,3861
4,7361 4,7693
5,3192 5,3528
24 13:29
4,6740 4,7065
4,3533 4,3858
4,7353 4,7685
5,3185 5,3521
25 13:30
4,6735 4,7060
4,3526 4,3851
4,7347 4,7679
5,3173 5,3509
26 13:31
4,6707 4,7034
4,3486 4,3811
4,7326 4,7666
5,3146 5,3483
27 13:32
4,6720 4,7045
4,3499 4,3824
4,7342 4,7681
5,3160 5,3497
28 13:33
4,6716 4,7041
4,3502 4,3827
4,7334 4,7673
5,3155 5,3492
29 13:34
4,6718 4,7043
4,3493 4,3818
4,7336 4,7675
5,3156 5,3493
30 13:35
4,6722 4,7047
4,3502 4,3827
4,7331 4,7670
5,3150 5,3487
31 13:36
4,6721 4,7046
4,3482 4,3807
4,7314 4,7653
5,3131 5,3467
32 13:37
4,6729 4,7054
4,3477 4,3802
4,7322 4,7661
5,3132 5,3468
33 13:38
4,6725 4,7050
4,3460 4,3785
4,7309 4,7648
5,3131 5,3467
34 13:39
4,6718 4,7043
4,3456 4,3781
4,7287 4,7626
5,3119 5,3455
35 13:40
4,6718 4,7043
4,3476 4,3801
4,7283 4,7622
5,3125 5,3461
36 13:41
4,6719 4,7044
4,3469 4,3794
4,7287 4,7619
5,3132 5,3468
37 13:42
4,6726 4,7051
4,3501 4,3826
4,7296 4,7628
5,3139 5,3475
38 13:43
4,6730 4,7055
4,3506 4,3831
4,7303 4,7635
5,3142 5,3478
39 13:44
4,6731 4,7056
4,3505 4,3830
4,7311 4,7643
5,3152 5,3488
40 13:45
4,6717 4,7042
4,3472 4,3797
4,7288 4,7620
5,3124 5,3460
41 13:46
4,6740 4,7065
4,3497 4,3822
4,7313 4,7645
5,3149 5,3487
42 13:47
4,6735 4,7060
4,3477 4,3802
4,7299 4,7631
5,3134 5,3472
43 13:48
4,6731 4,7056
4,3479 4,3804
4,7290 4,7622
5,3127 5,3465
44 13:49
4,6742 4,7067
4,3505 4,3830
4,7301 4,7633
5,3142 5,3480
45 13:50
4,6734 4,7059
4,3498 4,3823
4,7298 4,7630
5,3139 5,3477
46 13:51
4,6727 4,7052
4,3498 4,3823
4,7286 4,7618
5,3136 5,3472
47 13:52
4,6719 4,7044
4,3503 4,3828
4,7288 4,7620
5,3130 5,3466
48 13:53
4,6719 4,7044
4,3507 4,3832
4,7290 4,7622
5,3134 5,3470
49 13:54
4,6717 4,7042
4,3498 4,3823
4,7286 4,7618
5,3122 5,3458
50 13:55
4,6718 4,7043
4,3493 4,3818
4,7291 4,7623
5,3115 5,3451
51 13:56
4,6702 4,7027
4,3470 4,3795
4,7269 4,7603
5,3096 5,3432
52 13:57
4,6706 4,7031
4,3460 4,3785
4,7264 4,7598
5,3088 5,3424
53 13:58
4,6713 4,7038
4,3464 4,3789
4,7267 4,7601
5,3099 5,3435
54 13:59
4,6710 4,7035
4,3443 4,3768
4,7239 4,7573
5,3080 5,3416
55 14:00
4,6711 4,7036
4,3454 4,3779
4,7269 4,7603
5,3099 5,3435
56 14:01
4,6712 4,7037
4,3456 4,3781
4,7269 4,7601
5,3104 5,3440
57 14:02
4,6710 4,7035
4,3437 4,3762
4,7240 4,7572
5,3097 5,3433
58 14:03
4,6710 4,7035
4,3455 4,3780
4,7247 4,7579
5,3105 5,3441
59 14:04
4,6710 4,7035
4,3466 4,3791
4,7267 4,7599
5,3102 5,3438
60 14:05
4,6709 4,7034
4,3469 4,3794
4,7270 4,7602
5,3108 5,3444
61 14:06
4,6705 4,7030
4,3459 4,3784
4,7264 4,7596
5,3107 5,3443
62 14:07
4,6695 4,7020
4,3442 4,3767
4,7254 4,7586
5,3107 5,3443
63 14:08
4,6701 4,7026
4,3455 4,3780
4,7262 4,7594
5,3114 5,3450
64 14:09
4,6697 4,7022
4,3449 4,3774
4,7256 4,7588
5,3111 5,3447
65 14:10
4,6705 4,7030
4,3473 4,3798
4,7280 4,7612
5,3123 5,3459
66 14:11
4,6683 4,7008
4,3435 4,3760
4,7252 4,7584
5,3094 5,3432
67 14:12
4,6679 4,7004
4,3433 4,3758
4,7257 4,7589
5,3086 5,3424
68 14:13
4,6677 4,7002
4,3430 4,3755
4,7251 4,7583
5,3088 5,3426
69 14:14
4,6674 4,6999
4,3430 4,3755
4,7252 4,7584
5,3086 5,3424
70 14:15
4,6679 4,7004
4,3445 4,3770
4,7262 4,7594
5,3109 5,3447
71 14:16
4,6680 4,7005
4,3435 4,3760
4,7267 4,7599
5,3088 5,3424
72 14:17
4,6691 4,7016
4,3456 4,3781
4,7278 4,7610
5,3104 5,3440
73 14:18
4,6695 4,7020
4,3461 4,3786
4,7270 4,7602
5,3108 5,3444
74 14:19
4,6695 4,7020
4,3468 4,3793
4,7280 4,7612
5,3109 5,3445
75 14:20
4,6690 4,7015
4,3460 4,3785
4,7278 4,7610
5,3097 5,3433
76 14:21
4,6691 4,7016
4,3464 4,3789
4,7295 4,7627
5,3101 5,3437
77 14:22
4,6688 4,7013
4,3454 4,3779
4,7293 4,7625
5,3101 5,3437
78 14:23
4,6686 4,7011
4,3457 4,3782
4,7302 4,7634
5,3098 5,3434
79 14:24
4,6688 4,7013
4,3466 4,3791
4,7312 4,7644
5,3113 5,3449
80 14:25
4,6686 4,7011
4,3449 4,3774
4,7307 4,7639
5,3095 5,3431
81 14:26
4,6686 4,7011
4,3434 4,3759
4,7314 4,7647
5,3082 5,3419
82 14:27
4,6685 4,7010
4,3423 4,3748
4,7313 4,7646
5,3075 5,3412
83 14:28
4,6664 4,6989
4,3390 4,3715
4,7284 4,7617
5,3058 5,3395
84 14:29
4,6665 4,6990
4,3385 4,3710
4,7267 4,7600
5,3052 5,3389
85 14:30
4,6655 4,6980
4,3347 4,3672
4,7219 4,7552
5,3019 5,3356
86 14:31
4,6655 4,6980
4,3351 4,3676
4,7223 4,7557
5,3032 5,3368
87 14:32
4,6654 4,6979
4,3349 4,3674
4,7217 4,7551
5,3026 5,3362
88 14:33
4,6668 4,6993
4,3376 4,3701
4,7259 4,7593
5,3058 5,3394
89 14:34
4,6671 4,6996
4,3381 4,3706
4,7253 4,7587
5,3069 5,3405
90 14:35
4,6672 4,6997
4,3393 4,3718
4,7243 4,7577
5,3072 5,3408
91 14:36
4,6668 4,6993
4,3386 4,3711
4,7238 4,7570
5,3062 5,3398
92 14:37
4,6674 4,6999
4,3391 4,3716
4,7239 4,7571
5,3066 5,3402
93 14:38
4,6677 4,7002
4,3389 4,3714
4,7248 4,7580
5,3062 5,3398
94 14:39
4,6674 4,6999
4,3371 4,3696
4,7251 4,7583
5,3041 5,3377
95 14:40
4,6675 4,7000
4,3377 4,3702
4,7236 4,7568
5,3046 5,3382
96 14:41
4,6675 4,7000
4,3374 4,3699
4,7224 4,7556
5,3032 5,3368
97 14:42
4,6682 4,7007
4,3397 4,3722
4,7241 4,7573
5,3039 5,3375
98 14:43
4,6687 4,7012
4,3412 4,3737
4,7260 4,7592
5,3056 5,3392
99 14:44
4,6695 4,7020
4,3413 4,3738
4,7283 4,7615
5,3066 5,3402
100 14:45
4,6689 4,7014
4,3402 4,3727
4,7289 4,7621
5,3051 5,3387
101 14:46
4,6701 4,7026
4,3445 4,3770
4,7274 4,7606
5,3053 5,3390
102 14:47
4,6699 4,7024
4,3429 4,3754
4,7282 4,7614
5,3051 5,3388
103 14:48
4,6712 4,7037
4,3461 4,3786
4,7285 4,7617
5,3057 5,3394
104 14:49
4,6712 4,7037
4,3460 4,3785
4,7286 4,7618
5,3062 5,3399
105 14:50
4,6719 4,7044
4,3468 4,3793
4,7292 4,7624
5,3059 5,3396
106 14:51
4,6716 4,7041
4,3443 4,3768
4,7284 4,7616
5,3049 5,3386
107 14:52
4,6703 4,7028
4,3429 4,3754
4,7276 4,7608
5,3031 5,3368
108 14:53
4,6700 4,7025
4,3426 4,3751
4,7274 4,7606
5,3026 5,3363
109 14:54
4,6697 4,7022
4,3413 4,3738
4,7251 4,7583
5,3010 5,3347
110 14:55
4,6687 4,7012
4,3397 4,3722
4,7231 4,7563
5,3007 5,3344
111 14:56
4,6681 4,7006
4,3386 4,3711
4,7226 4,7558
5,2999 5,3335
112 14:57
4,6681 4,7006
4,3392 4,3717
4,7215 4,7547
5,2995 5,3331
113 14:58
4,6681 4,7006
4,3388 4,3713
4,7215 4,7547
5,2998 5,3334
114 14:59
4,6685 4,7010
4,3396 4,3721
4,7215 4,7547
5,3013 5,3349
115 15:00
4,6683 4,7008
4,3399 4,3724
4,7217 4,7549
5,3013 5,3349
116 15:01
4,6680 4,7005
4,3397 4,3722
4,7210 4,7542
5,3012 5,3349
117 15:02
4,6681 4,7006
4,3395 4,3720
4,7200 4,7532
5,3019 5,3356
118 15:03
4,6680 4,7005
4,3404 4,3729
4,7192 4,7524
5,3015 5,3352
119 15:04
4,6680 4,7005
4,3407 4,3732
4,7181 4,7513
5,3034 5,3371
120 15:05
4,6672 4,6997
4,3384 4,3709
4,7187 4,7519
5,3027 5,3364
121 15:06
4,6668 4,6993
4,3380 4,3705
4,7177 4,7511
5,3023 5,3359
122 15:07
4,6655 4,6980
4,3359 4,3684
4,7166 4,7500
5,3014 5,3350
123 15:08
4,6659 4,6984
4,3355 4,3680
4,7178 4,7512
5,3025 5,3361
124 15:09
4,6655 4,6980
4,3352 4,3677
4,7183 4,7517
5,3018 5,3354
125 15:10
4,6652 4,6977
4,3337 4,3662
4,7181 4,7515
5,3002 5,3338
126 15:11
4,6654 4,6979
4,3346 4,3671
4,7184 4,7516
5,3002 5,3338
127 15:12
4,6653 4,6978
4,3336 4,3661
4,7189 4,7521
5,3006 5,3342
128 15:13
4,6654 4,6979
4,3343 4,3668
4,7200 4,7532
5,3027 5,3363
129 15:14
4,6650 4,6975
4,3337 4,3662
4,7194 4,7526
5,3030 5,3366
130 15:15
4,6654 4,6979
4,3356 4,3681
4,7181 4,7513
5,3041 5,3377
131 15:16
4,6653 4,6978
4,3362 4,3687
4,7192 4,7524
5,3039 5,3376
132 15:17
4,6654 4,6979
4,3367 4,3692
4,7191 4,7523
5,3040 5,3377
133 15:18
4,6652 4,6977
4,3357 4,3682
4,7186 4,7518
5,3040 5,3377
134 15:19
4,6651 4,6976
4,3356 4,3681
4,7185 4,7517
5,3039 5,3376
135 15:20
4,6656 4,6981
4,3363 4,3688
4,7201 4,7533
5,3041 5,3378
136 15:21
4,6656 4,6981
4,3379 4,3704
4,7207 4,7540
5,3049 5,3386
137 15:22
4,6658 4,6983
4,3393 4,3718
4,7221 4,7554
5,3056 5,3393
138 15:23
4,6661 4,6986
4,3394 4,3719
4,7220 4,7553
5,3054 5,3391
139 15:24
4,6662 4,6987
4,3402 4,3727
4,7229 4,7562
5,3073 5,3410
140 15:25
4,6662 4,6987
4,3391 4,3716
4,7232 4,7565
5,3073 5,3410
141 15:26
4,6659 4,6984
4,3392 4,3717
4,7219 4,7558
5,3073 5,3409
142 15:27
4,6653 4,6978
4,3372 4,3697
4,7202 4,7541
5,3051 5,3387
143 15:28
4,6655 4,6980
4,3370 4,3695
4,7212 4,7551
5,3060 5,3396
144 15:29
4,6653 4,6978
4,3366 4,3691
4,7226 4,7565
5,3060 5,3396
145 15:30
4,6654 4,6979
4,3375 4,3700
4,7208 4,7547
5,3057 5,3393
146 15:31
4,6653 4,6978
4,3362 4,3687
4,7202 4,7542
5,3053 5,3390
147 15:32
4,6652 4,6977
4,3357 4,3682
4,7187 4,7527
5,3050 5,3387
148 15:33
4,6646 4,6971
4,3356 4,3681
4,7194 4,7534
5,3043 5,3380
149 15:34
4,6646 4,6971
4,3364 4,3689
4,7186 4,7526
5,3049 5,3386
150 15:35
4,6639 4,6964
4,3347 4,3672
4,7167 4,7507
5,3029 5,3366
151 15:36
4,6637 4,6962
4,3349 4,3674
4,7164 4,7503
5,3036 5,3372
152 15:37
4,6640 4,6965
4,3366 4,3691
4,7175 4,7514
5,3052 5,3388
153 15:38
4,6636 4,6961
4,3358 4,3683
4,7171 4,7510
5,3046 5,3382
154 15:39
4,6642 4,6967
4,3356 4,3681
4,7167 4,7506
5,3048 5,3384
155 15:40
4,6642 4,6967
4,3360 4,3685
4,7170 4,7509
5,3048 5,3384
156 15:41
4,6637 4,6962
4,3365 4,3690
4,7192 4,7524
5,3045 5,3382
157 15:42
4,6639 4,6964
4,3363 4,3688
4,7187 4,7519
5,3044 5,3381
158 15:43
4,6641 4,6966
4,3365 4,3690
4,7197 4,7529
5,3046 5,3383
159 15:44
4,6655 4,6980
4,3370 4,3695
4,7213 4,7545
5,3056 5,3393
160 15:45
4,6652 4,6977
4,3367 4,3692
4,7201 4,7533
5,3049 5,3386
161 15:46
4,6658 4,6983
4,3365 4,3690
4,7198 4,7538
5,3052 5,3388
162 15:47
4,6662 4,6987
4,3372 4,3697
4,7204 4,7544
5,3058 5,3394
163 15:48
4,6674 4,6999
4,3388 4,3713
4,7223 4,7563
5,3076 5,3412
164 15:49
4,6676 4,7001
4,3393 4,3718
4,7218 4,7558
5,3084 5,3420
165 15:50
4,6677 4,7002
4,3400 4,3725
4,7233 4,7573
5,3076 5,3412
166 15:51
4,6677 4,7002
4,3404 4,3729
4,7238 4,7570
5,3081 5,3418
167 15:52
4,6677 4,7002
4,3406 4,3731
4,7216 4,7548
5,3081 5,3418
168 15:53
4,6677 4,7002
4,3409 4,3734
4,7231 4,7563
5,3087 5,3424
169 15:54
4,6671 4,6996
4,3411 4,3736
4,7229 4,7561
5,3080 5,3417
170 15:55
4,6671 4,6996
4,3411 4,3736
4,7232 4,7564
5,3083 5,3420
171 15:56
4,6676 4,7002
4,3406 4,3731
4,7225 4,7557
5,3093 5,3429
172 15:57
4,6674 4,7000
4,3398 4,3723
4,7235 4,7567
5,3103 5,3439
173 15:58
4,6669 4,6995
4,3397 4,3722
4,7229 4,7561
5,3095 5,3431
174 15:59
4,6670 4,6996
4,3408 4,3733
4,7238 4,7570
5,3094 5,3430
175 16:00
4,6671 4,6997
4,3415 4,3740
4,7253 4,7585
5,3100 5,3436
176 16:01
4,6673 4,6998
4,3421 4,3746
4,7257 4,7590
5,3105 5,3441
177 16:02
4,6675 4,7000
4,3431 4,3756
4,7257 4,7590
5,3110 5,3446
178 16:03
4,6663 4,6988
4,3411 4,3736
4,7235 4,7568
5,3090 5,3426
179 16:04
4,6661 4,6986
4,3396 4,3721
4,7228 4,7561
5,3082 5,3418
180 16:05
4,6661 4,6986
4,3389 4,3714
4,7228 4,7561
5,3087 5,3423
181 16:06
4,6662 4,6987
4,3390 4,3715
4,7234 4,7566
5,3091 5,3428
182 16:07
4,6666 4,6991
4,3398 4,3723
4,7233 4,7565
5,3093 5,3430
183 16:08
4,6673 4,6998
4,3427 4,3752
4,7261 4,7593
5,3115 5,3452
184 16:09
4,6679 4,7004
4,3433 4,3758
4,7271 4,7603
5,3121 5,3458
185 16:10
4,6680 4,7005
4,3429 4,3754
4,7270 4,7602
5,3121 5,3458
186 16:11
4,6681 4,7007
4,3449 4,3774
4,7272 4,7607
5,3132 5,3469
