#======================
2023-9-8
# 1.EUR, 2.USD, 3.CHF, 4.GBP
Sell Price, Buy Price
1 07:41:21
4,6004 4,6348
4,2919 4,3264
4,8164 4,8515
5,3674 5,4034
2 07:42:21
4,5996 4,6345
4,2914 4,3264
4,8158 4,8514
5,3663 5,4029
3 07:43:20
4,5995 4,6344
4,2908 4,3262
4,8155 4,8512
5,3661 5,4025
4 07:44:20
4,5994 4,6341
4,2908 4,3256
4,8155 4,8509
5,3661 5,4022
5 07:45:21
4,5989 4,6337
4,2897 4,3250
4,8149 4,8505
5,3654 5,4017
6 07:46:21
4,5986 4,6333
4,2900 4,3248
4,8147 4,8501
5,3652 5,4013
7 07:47:21
4,6000 4,6349
4,2913 4,3267
4,8162 4,8518
5,3667 5,4031
8 07:48:20
4,6005 4,6353
4,2910 4,3261
4,8165 4,8520
5,3672 5,4034
9 07:49:21
4,6002 4,6351
4,2911 4,3261
4,8164 4,8520
5,3663 5,4027
10 07:50:21
4,5994 4,6341
4,2903 4,3251
4,8155 4,8509
5,3655 5,4016
11 07:51:21
4,5993 4,6342
4,2902 4,3251
4,8154 4,8510
5,3652 5,4016
12 07:52:20
4,5988 4,6333
4,2894 4,3244
4,8149 4,8501
5,3647 5,4005
13 07:53:20
4,5997 4,6345
4,2900 4,3253
4,8157 4,8513
5,3655 5,4019
14 07:54:21
4,5996 4,6344
4,2895 4,3248
4,8158 4,8512
5,3662 5,4025
15 07:55:21
4,5994 4,6346
4,2891 4,3247
4,8164 4,8524
5,3658 5,4026
16 07:56:21
4,5982 4,6329
4,2880 4,3232
4,8153 4,8507
5,3646 5,4014
17 07:57:20
4,5985 4,6333
4,2872 4,3224
4,8155 4,8515
5,3649 5,4012
18 07:58:20
4,5985 4,6333
4,2873 4,3226
4,8149 4,8504
5,3643 5,4006
19 07:59:21
4,5991 4,6338
4,2883 4,3232
4,8157 4,8511
5,3656 5,4018
20 08:00:21
4,5990 4,6351
4,2882 4,3247
4,8147 4,8518
5,3652 5,4032
21 08:01:21
4,5989 4,6365
4,2885 4,3260
4,8153 4,8538
5,3642 5,4043
22 08:02:20
4,5983 4,6358
4,2881 4,3259
4,8148 4,8531
5,3635 5,4029
23 08:03:20
4,6007 4,6357
4,2902 4,3253
4,8173 4,8531
5,3656 5,4022
24 08:04:21
4,6009 4,6346
4,2900 4,3239
4,8181 4,8525
5,3665 5,4015
25 08:05:21
4,6011 4,6341
4,2901 4,3234
4,8181 4,8518
5,3672 5,4008
26 08:06:20
4,6010 4,6339
4,2906 4,3238
4,8181 4,8516
5,3679 5,4013
27 08:07:21
4,6012 4,6338
4,2906 4,3239
4,8177 4,8514
5,3681 5,4018
28 08:08:21
4,6007 4,6343
4,2897 4,3236
4,8172 4,8515
5,3681 5,4024
29 08:09:21
4,6009 4,6338
4,2897 4,3229
4,8180 4,8515
5,3678 5,4018
30 08:10:20
4,6006 4,6336
4,2894 4,3230
4,8182 4,8524
5,3679 5,4021
31 08:11:20
4,5996 4,6319
4,2877 4,3206
4,8178 4,8512
5,3668 5,4002
32 08:12:21
4,5991 4,6327
4,2871 4,3208
4,8175 4,8518
5,3661 5,4011
33 08:13:21
4,5998 4,6333
4,2878 4,3215
4,8179 4,8520
5,3664 5,4012
34 08:14:21
4,5993 4,6328
4,2877 4,3214
4,8174 4,8516
5,3665 5,4013
35 08:15:20
4,6003 4,6336
4,2887 4,3226
4,8185 4,8525
5,3676 5,4022
36 08:16:20
4,6004 4,6336
4,2888 4,3226
4,8179 4,8520
5,3671 5,4015
37 08:17:21
4,5990 4,6325
4,2872 4,3212
4,8165 4,8512
5,3655 5,3997
38 08:18:21
4,5999 4,6331
4,2883 4,3217
4,8170 4,8508
5,3664 5,4008
39 08:19:21
4,5987 4,6317
4,2876 4,3212
4,8162 4,8498
5,3650 5,3992
40 08:20:20
4,6000 4,6331
4,2892 4,3229
4,8186 4,8523
5,3674 5,4017
41 08:21:20
4,5995 4,6329
4,2891 4,3227
4,8181 4,8521
5,3666 5,4006
42 08:22:21
4,5994 4,6326
4,2890 4,3228
4,8179 4,8523
5,3655 5,4000
43 08:23:21
4,5988 4,6321
4,2881 4,3216
4,8178 4,8519
5,3654 5,3999
44 08:24:20
4,5949 4,6290
4,2848 4,3195
4,8143 4,8496
5,3615 5,3968
45 08:25:20
4,5952 4,6288
4,2855 4,3196
4,8151 4,8493
5,3617 5,3966
46 08:26:21
4,5965 4,6296
4,2871 4,3208
4,8165 4,8505
5,3628 5,3967
47 08:27:21
4,5961 4,6294
4,2868 4,3207
4,8151 4,8491
5,3629 5,3974
48 08:28:20
4,5960 4,6292
4,2867 4,3205
4,8149 4,8487
5,3625 5,3969
49 08:29:35
4,5958 4,6289
4,2867 4,3203
4,8147 4,8484
5,3625 5,3968
50 08:30:21
4,5951 4,6293
4,2858 4,3205
4,8138 4,8487
5,3620 5,3978
51 08:31:22
4,5943 4,6275
4,2848 4,3185
4,8142 4,8481
5,3608 5,3952
52 08:32:22
4,5952 4,6289
4,2860 4,3198
4,8151 4,8494
5,3611 5,3961
53 08:33:21
4,5954 4,6286
4,2862 4,3195
4,8153 4,8491
5,3608 5,3952
54 08:34:21
4,5955 4,6286
4,2867 4,3203
4,8154 4,8491
5,3607 5,3950
55 08:35:21
4,5970 4,6297
4,2885 4,3212
4,8170 4,8503
5,3620 5,3958
56 08:36:20
4,5978 4,6309
4,2888 4,3223
4,8183 4,8520
5,3629 5,3971
57 08:37:20
4,5981 4,6305
4,2891 4,3216
4,8181 4,8515
5,3631 5,3966
58 08:38:21
4,5975 4,6309
4,2890 4,3225
4,8180 4,8526
5,3621 5,3965
59 08:39:21
4,5974 4,6306
4,2885 4,3222
4,8174 4,8512
5,3625 5,3965
60 08:40:20
4,6001 4,6325
4,2914 4,3239
4,8202 4,8532
5,3649 5,3984
61 08:41:20
4,6001 4,6325
4,2914 4,3239
4,8202 4,8532
5,3649 5,3984
62 08:42:21
4,6003 4,6332
4,2916 4,3250
4,8209 4,8544
5,3650 5,3991
63 08:43:21
4,6012 4,6339
4,2927 4,3256
4,8229 4,8562
5,3662 5,4000
64 08:44:21
4,6008 4,6336
4,2925 4,3254
4,8225 4,8563
5,3656 5,3993
65 08:45:20
4,6004 4,6337
4,2919 4,3254
4,8216 4,8559
5,3651 5,3997
66 08:46:20
4,5996 4,6330
4,2921 4,3260
4,8223 4,8564
5,3637 5,3984
67 08:47:21
4,5995 4,6329
4,2917 4,3253
4,8211 4,8555
5,3625 5,3971
68 08:48:21
4,6007 4,6340
4,2924 4,3262
4,8224 4,8563
5,3637 5,3983
69 08:49:20
4,6028 4,6352
4,2948 4,3278
4,8246 4,8576
5,3656 5,3991
70 08:50:20
4,6028 4,6352
4,2952 4,3278
4,8246 4,8576
5,3662 5,3997
71 08:51:21
4,6029 4,6362
4,2952 4,3290
4,8247 4,8586
5,3662 5,4007
72 08:52:21
4,6024 4,6357
4,2944 4,3282
4,8240 4,8580
5,3663 5,4009
73 08:53:21
4,6024 4,6357
4,2948 4,3282
4,8245 4,8585
5,3663 5,4008
74 08:54:20
4,6022 4,6355
4,2946 4,3280
4,8238 4,8580
5,3660 5,3999
75 08:55:20
4,6021 4,6354
4,2941 4,3279
4,8237 4,8577
5,3653 5,3998
76 08:56:21
4,5999 4,6355
4,2929 4,3285
4,8211 4,8575
5,3629 5,4001
77 08:57:21
4,5998 4,6354
4,2924 4,3284
4,8205 4,8574
5,3628 5,3994
78 08:58:21
4,5997 4,6327
4,2927 4,3263
4,8218 4,8554
5,3620 5,3961
79 08:59:33
4,6008 4,6341
4,2937 4,3271
4,8230 4,8569
5,3635 5,3977
80 09:00:20
4,6009 4,6343
4,2935 4,3273
4,8225 4,8571
5,3628 5,3974
81 09:01:21
4,5988 4,6333
4,2917 4,3263
4,8188 4,8541
5,3602 5,3962
82 09:02:21
4,6011 4,6335
4,2933 4,3257
4,8210 4,8540
5,3636 5,3971
83 09:03:21
4,6001 4,6325
4,2931 4,3257
4,8192 4,8526
5,3624 5,3959
84 09:04:21
4,5998 4,6322
4,2931 4,3256
4,8190 4,8523
5,3620 5,3955
85 09:05:20
4,6000 4,6326
4,2927 4,3255
4,8193 4,8525
5,3629 5,3966
86 09:06:20
4,5998 4,6342
4,2927 4,3276
4,8195 4,8546
5,3614 5,3973
87 09:07:20
4,5991 4,6327
4,2913 4,3254
4,8197 4,8540
5,3607 5,3955
88 09:08:21
4,5982 4,6312
4,2916 4,3251
4,8177 4,8513
5,3597 5,3939
89 09:09:21
4,5991 4,6315
4,2932 4,3261
4,8189 4,8521
5,3607 5,3942
90 09:10:20
4,6008 4,6344
4,2942 4,3278
4,8213 4,8557
5,3634 5,3981
91 09:11:20
4,6006 4,6334
4,2940 4,3270
4,8202 4,8536
5,3624 5,3963
92 09:12:21
4,6003 4,6330
4,2932 4,3260
4,8193 4,8531
5,3622 5,3958
93 09:13:21
4,6000 4,6325
4,2924 4,3255
4,8190 4,8526
5,3616 5,3952
94 09:14:21
4,5971 4,6307
4,2891 4,3231
4,8161 4,8503
5,3584 5,3932
95 13:01:21
4,6040 4,6368
4,3023 4,3353
4,8237 4,8571
5,3737 5,4072
96 13:02:20
4,6038 4,6362
4,3018 4,3344
4,8232 4,8565
5,3723 5,4058
97 13:03:21
4,6020 4,6353
4,3004 4,3338
4,8216 4,8560
5,3702 5,4041
98 13:04:21
4,6019 4,6353
4,2999 4,3334
4,8227 4,8568
5,3696 5,4036
99 13:05:21
4,6018 4,6348
4,2995 4,3331
4,8221 4,8562
5,3694 5,4031
100 13:06:20
4,6017 4,6341
4,2994 4,3320
4,8224 4,8554
5,3693 5,4028
101 13:07:20
4,6015 4,6339
4,2992 4,3322
4,8218 4,8553
5,3684 5,4019
102 13:08:21
4,6013 4,6341
4,2986 4,3320
4,8216 4,8555
5,3683 5,4023
103 13:09:21
4,6008 4,6335
4,2981 4,3313
4,8209 4,8548
5,3676 5,4014
104 13:10:20
4,5996 4,6326
4,2974 4,3305
4,8202 4,8538
5,3663 5,4005
105 13:11:20
4,6006 4,6331
4,2978 4,3309
4,8217 4,8548
5,3667 5,4002
106 13:12:20
4,6006 4,6330
4,2980 4,3310
4,8217 4,8547
5,3668 5,4003
107 13:13:21
4,6014 4,6344
4,2987 4,3322
4,8231 4,8568
5,3676 5,4011
108 13:14:21
4,6012 4,6340
4,2985 4,3318
4,8230 4,8569
5,3669 5,4009
109 13:15:21
4,6022 4,6346
4,2994 4,3323
4,8234 4,8564
5,3679 5,4014
110 13:16:20
4,6023 4,6348
4,2994 4,3325
4,8220 4,8551
5,3681 5,4017
111 13:17:20
4,6034 4,6358
4,3014 4,3339
4,8237 4,8567
5,3694 5,4029
112 13:18:21
4,6030 4,6358
4,3001 4,3334
4,8232 4,8570
5,3694 5,4029
113 13:19:21
4,6024 4,6354
4,3004 4,3335
4,8237 4,8574
5,3689 5,4030
114 13:20:21
4,6033 4,6361
4,3017 4,3347
4,8241 4,8575
5,3706 5,4045
115 13:21:20
4,6050 4,6382
4,3032 4,3365
4,8264 4,8603
5,3726 5,4063
116 13:22:20
4,6055 4,6383
4,3039 4,3370
4,8270 4,8609
5,3731 5,4070
117 13:23:20
4,6054 4,6384
4,3040 4,3375
4,8273 4,8609
5,3731 5,4073
118 13:24:21
4,6054 4,6380
4,3045 4,3377
4,8278 4,8610
5,3730 5,4067
119 13:25:21
4,6056 4,6381
4,3049 4,3380
4,8275 4,8606
5,3728 5,4063
120 13:26:21
4,6053 4,6379
4,3048 4,3376
4,8268 4,8605
5,3724 5,4060
121 13:27:20
4,6050 4,6382
4,3045 4,3383
4,8265 4,8608
5,3720 5,4064
122 13:28:20
4,6052 4,6381
4,3049 4,3380
4,8276 4,8611
5,3720 5,4055
123 13:29:21
4,6046 4,6372
4,3041 4,3372
4,8270 4,8603
5,3708 5,4045
124 13:30:21
4,6050 4,6376
4,3044 4,3375
4,8271 4,8605
5,3713 5,4050
125 13:31:21
4,6046 4,6372
4,3041 4,3373
4,8265 4,8598
5,3702 5,4040
126 13:32:20
4,6048 4,6373
4,3043 4,3369
4,8265 4,8597
5,3704 5,4040
127 13:33:21
4,6048 4,6374
4,3047 4,3378
4,8267 4,8599
5,3702 5,4037
128 13:34:21
4,6048 4,6374
4,3047 4,3374
4,8257 4,8590
5,3715 5,4050
129 13:35:21
4,6048 4,6374
4,3039 4,3371
4,8262 4,8595
5,3721 5,4056
130 13:36:20
4,6051 4,6381
4,3037 4,3368
4,8251 4,8592
5,3733 5,4074
131 13:37:20
4,6055 4,6380
4,3040 4,3367
4,8253 4,8589
5,3737 5,4073
132 13:38:21
4,6054 4,6380
4,3045 4,3373
4,8264 4,8601
5,3740 5,4075
133 13:39:21
4,6056 4,6381
4,3049 4,3376
4,8275 4,8606
5,3741 5,4076
134 13:40:20
4,6054 4,6379
4,3053 4,3382
4,8278 4,8609
5,3749 5,4085
135 13:41:20
4,6052 4,6376
4,3048 4,3376
4,8281 4,8611
5,3740 5,4075
136 13:42:21
4,6047 4,6371
4,3043 4,3371
4,8275 4,8605
5,3733 5,4068
137 13:43:21
4,6046 4,6370
4,3037 4,3364
4,8274 4,8604
5,3739 5,4074
138 13:44:21
4,6047 4,6371
4,3038 4,3364
4,8276 4,8606
5,3747 5,4082
139 13:45:20
4,6047 4,6374
4,3038 4,3370
4,8276 4,8609
5,3744 5,4079
140 13:46:20
4,6043 4,6369
4,3042 4,3373
4,8282 4,8614
5,3736 5,4073
141 13:47:21
4,6047 4,6371
4,3053 4,3378
4,8281 4,8615
5,3740 5,4075
142 13:48:21
4,6037 4,6365
4,3049 4,3379
4,8270 4,8604
5,3729 5,4068
143 13:49:20
4,6042 4,6373
4,3048 4,3381
4,8270 4,8613
5,3734 5,4078
144 13:50:20
4,6043 4,6369
4,3042 4,3373
4,8268 4,8602
5,3739 5,4074
145 13:51:21
4,6039 4,6366
4,3041 4,3374
4,8262 4,8595
5,3731 5,4069
146 13:52:21
4,6041 4,6365
4,3049 4,3375
4,8264 4,8594
5,3733 5,4068
147 13:53:21
4,6037 4,6370
4,3040 4,3374
4,8255 4,8594
5,3722 5,4067
148 13:54:20
4,6051 4,6375
4,3046 4,3375
4,8265 4,8596
5,3745 5,4080
149 13:55:20
4,6038 4,6372
4,3033 4,3372
4,8257 4,8598
5,3730 5,4077
150 13:56:21
4,6029 4,6359
4,3025 4,3357
4,8242 4,8578
5,3722 5,4057
151 13:57:21
4,6030 4,6361
4,3022 4,3354
4,8243 4,8580
5,3721 5,4057
152 13:58:20
4,6031 4,6358
4,3023 4,3355
4,8244 4,8581
5,3728 5,4066
153 13:59:20
4,6035 4,6360
4,3025 4,3352
4,8248 4,8579
5,3732 5,4067
154 14:00:21
4,6033 4,6357
4,3026 4,3352
4,8251 4,8581
5,3737 5,4072
155 14:01:21
4,6030 4,6354
4,3026 4,3351
4,8239 4,8574
5,3738 5,4073
156 14:02:20
4,6028 4,6352
4,3022 4,3350
4,8241 4,8571
5,3741 5,4076
157 14:03:20
4,6029 4,6353
4,3023 4,3351
4,8237 4,8567
5,3739 5,4074
158 14:04:21
4,6030 4,6354
4,3014 4,3343
4,8238 4,8568
5,3740 5,4075
159 14:05:21
4,6029 4,6353
4,3009 4,3338
4,8232 4,8563
5,3732 5,4067
160 14:06:20
4,6030 4,6355
4,3006 4,3336
4,8226 4,8558
5,3728 5,4063
161 14:07:20
4,6023 4,6347
4,2995 4,3324
4,8225 4,8555
5,3719 5,4054
162 14:08:21
4,6024 4,6351
4,3000 4,3332
4,8226 4,8560
5,3718 5,4053
163 14:09:21
4,6026 4,6350
4,3000 4,3328
4,8229 4,8559
5,3718 5,4053
164 14:10:21
4,6031 4,6355
4,3006 4,3331
4,8229 4,8561
5,3721 5,4056
165 14:11:20
4,6030 4,6354
4,3005 4,3334
4,8227 4,8557
5,3720 5,4055
166 14:12:20
4,6028 4,6352
4,3004 4,3333
4,8225 4,8555
5,3712 5,4047
167 14:13:21
4,6027 4,6351
4,3003 4,3332
4,8229 4,8559
5,3714 5,4049
168 14:14:21
4,6028 4,6352
4,3000 4,3325
4,8220 4,8550
5,3712 5,4047
169 14:15:22
4,6027 4,6351
4,3003 4,3332
4,8224 4,8554
5,3711 5,4046
170 14:16:20
4,6026 4,6350
4,2998 4,3327
4,8224 4,8554
5,3703 5,4038
171 14:17:20
4,6029 4,6354
4,3001 4,3327
4,8226 4,8557
5,3700 5,4036
172 14:18:20
4,6026 4,6350
4,3002 4,3327
4,8228 4,8558
5,3697 5,4032
173 14:19:21
4,6025 4,6349
4,2999 4,3327
4,8223 4,8553
5,3702 5,4037
174 14:20:21
4,6024 4,6348
4,3004 4,3329
4,8221 4,8551
5,3701 5,4036
175 14:21:21
4,6021 4,6345
4,2999 4,3322
4,8218 4,8548
5,3698 5,4033
176 14:22:20
4,6025 4,6349
4,2995 4,3321
4,8225 4,8556
5,3702 5,4037
177 14:23:21
4,6013 4,6337
4,2987 4,3312
4,8214 4,8544
5,3675 5,4010
178 14:24:21
4,6000 4,6324
4,2976 4,3301
4,8196 4,8526
5,3667 5,4002
179 14:25:20
4,5997 4,6321
4,2976 4,3302
4,8199 4,8532
5,3676 5,4011
180 14:26:20
4,5990 4,6314
4,2965 4,3291
4,8197 4,8532
5,3674 5,4009
181 14:27:20
4,5992 4,6316
4,2971 4,3299
4,8197 4,8527
5,3676 5,4011
182 14:28:21
4,5985 4,6309
4,2973 4,3296
4,8196 4,8526
5,3669 5,4004
183 14:29:21
4,5980 4,6304
4,2959 4,3284
4,8180 4,8512
5,3662 5,3997
184 14:30:21
4,5981 4,6305
4,2960 4,3289
4,8177 4,8507
5,3658 5,3993
185 14:31:20
4,5978 4,6302
4,2950 4,3276
4,8173 4,8507
5,3654 5,3989
186 14:32:20
4,5982 4,6306
4,2953 4,3282
4,8182 4,8512
5,3661 5,3996
187 14:33:21
4,5978 4,6304
4,2950 4,3282
4,8178 4,8510
5,3660 5,3997
188 14:34:21
4,5972 4,6298
4,2940 4,3272
4,8167 4,8503
5,3653 5,3990
189 14:35:20
4,5974 4,6298
4,2935 4,3263
4,8159 4,8489
5,3662 5,3997
190 14:36:20
4,5976 4,6300
4,2936 4,3261
4,8166 4,8496
5,3671 5,4006
191 14:37:21
4,5971 4,6295
4,2924 4,3247
4,8176 4,8506
5,3668 5,4003
192 14:38:22
4,5969 4,6293
4,2924 4,3248
4,8163 4,8493
5,3662 5,3997
193 14:39:21
4,5972 4,6296
4,2927 4,3253
4,8177 4,8507
5,3665 5,4000
194 14:40:21
4,5963 4,6287
4,2919 4,3244
4,8167 4,8497
5,3649 5,3984
195 14:41:20
4,5960 4,6285
4,2920 4,3250
4,8158 4,8488
5,3644 5,3979
196 14:42:20
4,5970 4,6299
4,2938 4,3268
4,8175 4,8510
5,3656 5,3997
197 14:43:21
4,5978 4,6302
4,2954 4,3280
4,8183 4,8513
5,3666 5,4001
198 14:44:21
4,5980 4,6304
4,2952 4,3275
4,8190 4,8520
5,3674 5,4009
199 14:45:21
4,5968 4,6293
4,2944 4,3270
4,8176 4,8509
5,3664 5,3999
200 14:46:20
4,5983 4,6308
4,2952 4,3283
4,8191 4,8523
5,3684 5,4020
201 14:47:21
4,5974 4,6298
4,2948 4,3273
4,8182 4,8512
5,3670 5,4005
202 14:48:21
4,5977 4,6301
4,2949 4,3275
4,8178 4,8512
5,3666 5,4001
203 14:49:21
4,5985 4,6309
4,2954 4,3280
4,8189 4,8519
5,3668 5,4003
204 14:50:20
4,5966 4,6290
4,2938 4,3264
4,8165 4,8495
5,3639 5,3974
205 14:51:20
4,5967 4,6291
4,2940 4,3264
4,8166 4,8496
5,3640 5,3975
206 14:52:21
4,5979 4,6305
4,2934 4,3265
4,8179 4,8511
5,3650 5,3986
207 14:53:21
4,5974 4,6300
4,2937 4,3268
4,8170 4,8507
5,3645 5,3981
208 14:54:21
4,5980 4,6307
4,2955 4,3287
4,8180 4,8513
5,3652 5,3990
209 14:55:21
4,5980 4,6305
4,2958 4,3285
4,8175 4,8506
5,3656 5,3992
210 14:56:20
4,5980 4,6309
4,2954 4,3287
4,8170 4,8505
5,3655 5,3990
211 14:57:21
4,5979 4,6306
4,2958 4,3286
4,8169 4,8502
5,3655 5,3991
212 14:58:21
4,5954 4,6280
4,2935 4,3263
4,8138 4,8471
5,3626 5,3964
213 14:59:21
4,5963 4,6289
4,2943 4,3270
4,8147 4,8479
5,3630 5,3967
214 15:00:20
4,5959 4,6284
4,2942 4,3269
4,8138 4,8469
5,3623 5,3959
215 15:01:20
4,5957 4,6282
4,2936 4,3267
4,8136 4,8467
5,3629 5,3965
216 15:02:21
4,5956 4,6280
4,2936 4,3265
4,8130 4,8464
5,3621 5,3956
217 15:03:21
4,5955 4,6279
4,2936 4,3265
4,8139 4,8469
5,3618 5,3953
218 15:04:21
4,5955 4,6279
4,2932 4,3262
4,8139 4,8469
5,3621 5,3956
219 15:05:21
4,5953 4,6277
4,2927 4,3250
4,8139 4,8469
5,3618 5,3953
220 15:06:20
4,5946 4,6270
4,2932 4,3259
4,8134 4,8464
5,3607 5,3942
221 15:07:20
4,5956 4,6282
4,2945 4,3277
4,8125 4,8460
5,3630 5,3966
222 15:08:21
4,5957 4,6286
4,2948 4,3279
4,8131 4,8466
5,3617 5,3957
223 15:09:21
4,5956 4,6281
4,2943 4,3270
4,8123 4,8455
5,3615 5,3950
224 15:10:21
4,5956 4,6281
4,2936 4,3266
4,8114 4,8445
5,3614 5,3949
225 15:11:20
4,5955 4,6279
4,2944 4,3270
4,8118 4,8448
5,3624 5,3959
226 15:12:20
4,5950 4,6274
4,2932 4,3262
4,8118 4,8448
5,3621 5,3956
227 15:13:21
4,5955 4,6279
4,2944 4,3273
4,8119 4,8449
5,3641 5,3976
228 15:14:21
4,5955 4,6279
4,2944 4,3270
4,8118 4,8448
5,3633 5,3968
229 15:15:20
4,5947 4,6271
4,2932 4,3261
4,8110 4,8440
5,3630 5,3965
230 15:16:20
4,5941 4,6265
4,2928 4,3256
4,8103 4,8433
5,3623 5,3958
231 15:17:21
4,5940 4,6264
4,2926 4,3249
4,8097 4,8427
5,3608 5,3943
232 15:18:21
4,5939 4,6263
4,2925 4,3248
4,8091 4,8421
5,3614 5,3949
233 15:19:20
4,5941 4,6265
4,2923 4,3252
4,8090 4,8424
5,3606 5,3941
234 15:20:20
4,5934 4,6259
4,2919 4,3246
4,8080 4,8416
5,3596 5,3932
235 15:21:21
4,5928 4,6252
4,2916 4,3239
4,8075 4,8405
5,3586 5,3921
236 15:22:21
4,5945 4,6269
4,2924 4,3251
4,8090 4,8422
5,3610 5,3945
237 15:23:21
4,5947 4,6276
4,2920 4,3254
4,8090 4,8425
5,3605 5,3945
238 15:24:20
4,5941 4,6267
4,2915 4,3243
4,8084 4,8416
5,3605 5,3943
239 15:25:20
4,5942 4,6269
4,2902 4,3231
4,8080 4,8413
5,3612 5,3950
240 15:26:21
4,5922 4,6254
4,2885 4,3223
4,8064 4,8403
5,3589 5,3926
241 15:27:21
4,5934 4,6262
4,2900 4,3229
4,8081 4,8415
5,3595 5,3930
242 15:28:20
4,5934 4,6263
4,2892 4,3226
4,8071 4,8406
5,3590 5,3930
243 15:29:20
4,5934 4,6263
4,2884 4,3218
4,8067 4,8402
5,3590 5,3930
244 15:30:21
4,5932 4,6261
4,2881 4,3212
4,8062 4,8398
5,3586 5,3927
245 15:31:21
4,5931 4,6258
4,2869 4,3199
4,8063 4,8396
5,3593 5,3930
246 15:32:20
4,5928 4,6252
4,2862 4,3187
4,8049 4,8379
5,3582 5,3917
247 16:37:20
4,5881 4,6205
4,2783 4,3106
4,7993 4,8323
5,3489 5,3824
248 16:38:20
4,5879 4,6203
4,2786 4,3109
4,7991 4,8321
5,3485 5,3820
249 16:39:20
4,5879 4,6203
4,2783 4,3106
4,7998 4,8328
5,3484 5,3819
250 16:40:20
4,5882 4,6206
4,2786 4,3109
4,8001 4,8331
5,3497 5,3832
251 16:41:21
4,5882 4,6206
4,2801 4,3124
4,8006 4,8336
5,3497 5,3832
252 16:42:21
4,5898 4,6222
4,2807 4,3130
4,8026 4,8356
5,3516 5,3851
253 16:43:20
4,5889 4,6213
4,2799 4,3122
4,8017 4,8347
5,3497 5,3832
254 16:44:20
4,5889 4,6213
4,2799 4,3122
4,8017 4,8347
5,3497 5,3832
255 16:45:20
4,5889 4,6213
4,2799 4,3122
4,8022 4,8352
5,3497 5,3832
256 16:46:20
4,5889 4,6213
4,2799 4,3122
4,8022 4,8352
5,3497 5,3832
257 16:47:21
4,5887 4,6211
4,2796 4,3119
4,8017 4,8347
5,3493 5,3828
258 16:48:21
4,5888 4,6212
4,2806 4,3129
4,8020 4,8350
5,3496 5,3831
259 16:49:20
4,5888 4,6212
4,2805 4,3128
4,8007 4,8337
5,3495 5,3830
260 16:50:20
4,5892 4,6216
4,2807 4,3130
4,8012 4,8342
5,3500 5,3835
261 16:51:21
4,5890 4,6214
4,2805 4,3128
4,8008 4,8338
5,3497 5,3832
262 16:52:21
4,5890 4,6214
4,2807 4,3130
4,8012 4,8342
5,3494 5,3829
263 16:53:20
4,5890 4,6214
4,2815 4,3138
4,8012 4,8342
5,3488 5,3823
264 16:54:20
4,5892 4,6216
4,2825 4,3148
4,8019 4,8349
5,3490 5,3825
265 16:55:21
4,5891 4,6215
4,2822 4,3145
4,8016 4,8346
5,3476 5,3811
266 16:56:21
4,5891 4,6215
4,2823 4,3146
4,8011 4,8341
5,3480 5,3815
267 16:57:21
4,5891 4,6215
4,2817 4,3140
4,8011 4,8341
5,3480 5,3815
268 16:58:21
4,5891 4,6215
4,2823 4,3146
4,8016 4,8346
5,3499 5,3834
269 16:59:20
4,5919 4,6243
4,2849 4,3172
4,8045 4,8375
5,3535 5,3870
270 17:00:21
4,5919 4,6243
4,2855 4,3178
4,8045 4,8375
5,3538 5,3873
271 17:01:21
4,5922 4,6246
4,2864 4,3187
4,8058 4,8388
5,3535 5,3870
272 17:02:20
4,5924 4,6248
4,2857 4,3180
4,8060 4,8390
5,3528 5,3863
273 17:03:20
4,5912 4,6236
4,2844 4,3167
4,8048 4,8378
5,3512 5,3847
274 17:04:21
4,5923 4,6247
4,2854 4,3177
4,8059 4,8389
5,3520 5,3855
275 17:05:21
4,5930 4,6254
4,2861 4,3184
4,8067 4,8397
5,3532 5,3867
276 17:06:21
4,5930 4,6254
4,2863 4,3186
4,8057 4,8387
5,3532 5,3867
277 17:07:20
4,5932 4,6256
4,2865 4,3188
4,8061 4,8391
5,3534 5,3869
278 17:08:20
4,5939 4,6263
4,2871 4,3194
4,8069 4,8399
5,3541 5,3876
279 17:09:20
4,5941 4,6265
4,2893 4,3216
4,8070 4,8400
5,3543 5,3878
280 17:10:21
4,5937 4,6261
4,2884 4,3207
4,8072 4,8402
5,3539 5,3874
281 17:11:21
4,5937 4,6261
4,2884 4,3207
4,8072 4,8402
5,3539 5,3874
282 17:12:21
4,5940 4,6264
4,2886 4,3209
4,8072 4,8402
5,3542 5,3877
283 17:13:21
4,5939 4,6263
4,2878 4,3201
4,8071 4,8401
5,3541 5,3876
284 17:14:20
4,5939 4,6263
4,2882 4,3205
4,8071 4,8401
5,3533 5,3868
285 17:15:21
4,5934 4,6258
4,2884 4,3207
4,8068 4,8398
5,3526 5,3861
286 17:16:20
4,5912 4,6236
4,2862 4,3185
4,8046 4,8376
5,3501 5,3836
287 17:17:20
4,5907 4,6231
4,2857 4,3180
4,8040 4,8370
5,3505 5,3840
288 17:18:21
4,5902 4,6226
4,2853 4,3176
4,8038 4,8368
5,3500 5,3835
289 17:19:21
4,5902 4,6226
4,2853 4,3176
4,8033 4,8363
5,3499 5,3834
290 17:20:21
4,5903 4,6227
4,2854 4,3177
4,8034 4,8364
5,3495 5,3830
291 17:21:20
4,5902 4,6226
4,2849 4,3172
4,8033 4,8363
5,3493 5,3828
292 17:22:20
4,5904 4,6228
4,2851 4,3174
4,8035 4,8365
5,3499 5,3834
293 17:23:21
4,5904 4,6228
4,2852 4,3175
4,8032 4,8362
5,3498 5,3833
294 17:24:21
4,5904 4,6228
4,2854 4,3177
4,8029 4,8359
5,3498 5,3833
295 17:25:21
4,5916 4,6240
4,2860 4,3183
4,8042 4,8372
5,3503 5,3838
296 17:26:20
4,5916 4,6240
4,2860 4,3183
4,8042 4,8372
5,3503 5,3838
297 17:27:20
4,5932 4,6256
4,2875 4,3198
4,8059 4,8389
5,3525 5,3860
298 17:28:21
4,5951 4,6275
4,2889 4,3212
4,8079 4,8409
5,3547 5,3882
299 17:29:21
4,5949 4,6273
4,2884 4,3207
4,8076 4,8406
5,3544 5,3879
300 17:30:21
4,5949 4,6273
4,2888 4,3211
4,8076 4,8406
5,3544 5,3879
301 17:31:20
4,5951 4,6275
4,2891 4,3214
4,8069 4,8399
5,3532 5,3867
302 17:32:20
4,5955 4,6279
4,2894 4,3217
4,8072 4,8402
5,3535 5,3870
303 17:33:21
4,5948 4,6272
4,2887 4,3210
4,8065 4,8395
5,3531 5,3866
304 17:34:21
4,5961 4,6285
4,2892 4,3215
4,8079 4,8409
5,3546 5,3881
305 17:35:21
4,5961 4,6285
4,2896 4,3219
4,8079 4,8409
5,3555 5,3890
306 17:36:20
4,5961 4,6285
4,2900 4,3223
4,8079 4,8409
5,3552 5,3887
307 17:37:20
4,5962 4,6286
4,2895 4,3218
4,8085 4,8415
5,3553 5,3888
308 17:38:21
4,5961 4,6285
4,2896 4,3219
4,8084 4,8414
5,3552 5,3887
309 17:39:21
4,5961 4,6285
4,2902 4,3225
4,8084 4,8414
5,3549 5,3884
310 17:40:21
4,5960 4,6284
4,2897 4,3220
4,8086 4,8416
5,3551 5,3886
311 17:41:20
4,5960 4,6284
4,2897 4,3220
4,8086 4,8416
5,3551 5,3886
312 17:42:21
4,5962 4,6286
4,2899 4,3222
4,8088 4,8418
5,3554 5,3889
313 17:43:21
4,5955 4,6279
4,2899 4,3222
4,8084 4,8414
5,3546 5,3881
314 17:44:21
4,5958 4,6282
4,2905 4,3228
4,8089 4,8419
5,3552 5,3887
315 17:45:21
4,5957 4,6281
4,2904 4,3227
4,8088 4,8418
5,3544 5,3879
316 17:46:20
4,5956 4,6280
4,2911 4,3234
4,8079 4,8409
5,3550 5,3885
317 17:47:21
4,5958 4,6282
4,2913 4,3236
4,8081 4,8411
5,3552 5,3887
318 17:48:21
4,5957 4,6281
4,2912 4,3235
4,8080 4,8410
5,3547 5,3882
319 17:49:21
4,5957 4,6281
4,2910 4,3233
4,8072 4,8402
5,3544 5,3879
320 17:50:20
4,5957 4,6281
4,2912 4,3235
4,8075 4,8405
5,3544 5,3879
321 17:51:20
4,5957 4,6281
4,2916 4,3239
4,8050 4,8380
5,3553 5,3888
322 17:52:21
4,5957 4,6281
4,2916 4,3239
4,8052 4,8382
5,3553 5,3888
323 17:53:21
4,5957 4,6281
4,2922 4,3245
4,8052 4,8382
5,3553 5,3888
324 17:54:21
4,5957 4,6281
4,2918 4,3241
4,8052 4,8382
5,3555 5,3890
325 17:55:20
4,5957 4,6281
4,2920 4,3243
4,8054 4,8384
5,3559 5,3894
326 17:56:21
4,5961 4,6285
4,2926 4,3249
4,8054 4,8384
5,3565 5,3900
327 17:57:21
4,5960 4,6284
4,2925 4,3248
4,8068 4,8398
5,3564 5,3899
328 17:58:21
4,5959 4,6283
4,2924 4,3247
4,8067 4,8397
5,3560 5,3895
329 17:59:21
4,5959 4,6283
4,2918 4,3241
4,8067 4,8397
5,3560 5,3895
330 18:00:20
4,5956 4,6288
4,2914 4,3250
4,8064 4,8402
5,3560 5,3900
331 18:01:20
4,5955 4,6283
4,2912 4,3246
4,8053 4,8387
5,3558 5,3897
332 18:02:21
4,5948 4,6282
4,2905 4,3244
4,8046 4,8386
5,3551 5,3897
333 18:03:21
4,5949 4,6283
4,2906 4,3241
4,8047 4,8387
5,3552 5,3892
334 18:04:21
4,5949 4,6284
4,2902 4,3242
4,8045 4,8387
5,3551 5,3899
335 18:05:20
4,5953 4,6286
4,2908 4,3247
4,8046 4,8385
5,3555 5,3900
336 18:06:20
4,5953 4,6286
4,2904 4,3243
4,8046 4,8385
5,3555 5,3900
337 18:07:21
4,5951 4,6284
4,2908 4,3246
4,8044 4,8383
5,3554 5,3898
338 18:08:21
4,5950 4,6285
4,2902 4,3237
4,8043 4,8384
5,3553 5,3899
339 18:09:20
4,5950 4,6285
4,2902 4,3241
4,8041 4,8383
5,3552 5,3900
340 18:10:20
4,5951 4,6283
4,2904 4,3242
4,8044 4,8382
5,3554 5,3892
341 18:11:21
4,5954 4,6285
4,2911 4,3243
4,8047 4,8384
5,3549 5,3892
342 18:12:21
4,5955 4,6288
4,2907 4,3245
4,8048 4,8387
5,3551 5,3896
343 18:13:21
4,5955 4,6288
4,2902 4,3237
4,8048 4,8387
5,3551 5,3896
344 18:14:20
4,5954 4,6286
4,2902 4,3235
4,8042 4,8380
5,3552 5,3896
345 18:15:20
4,5955 4,6288
4,2903 4,3241
4,8042 4,8386
5,3551 5,3896
346 18:16:21
4,5954 4,6287
4,2894 4,3231
4,8047 4,8386
5,3547 5,3891
347 18:17:21
4,5951 4,6285
4,2891 4,3230
4,8044 4,8384
5,3548 5,3888
348 18:18:20
4,5950 4,6284
4,2891 4,3231
4,8048 4,8388
5,3547 5,3887
349 18:19:20
4,5950 4,6285
4,2895 4,3231
4,8046 4,8388
5,3545 5,3892
350 18:20:21
4,5942 4,6283
4,2883 4,3229
4,8038 4,8386
5,3529 5,3884
351 18:21:21
4,5950 4,6282
4,2895 4,3229
4,8048 4,8386
5,3541 5,3885
352 18:22:21
4,5950 4,6282
4,2895 4,3233
4,8043 4,8381
5,3535 5,3879
353 18:23:20
4,5944 4,6283
4,2893 4,3233
4,8040 4,8386
5,3526 5,3878
354 18:24:20
4,5944 4,6283
4,2893 4,3237
4,8036 4,8387
5,3526 5,3878
355 18:25:21
4,5949 4,6281
4,2898 4,3231
4,8042 4,8381
5,3533 5,3877
356 18:26:21
4,5956 4,6280
4,2908 4,3237
4,8044 4,8378
5,3540 5,3875
357 18:27:21
4,5956 4,6280
4,2913 4,3239
4,8049 4,8379
5,3541 5,3876
358 18:28:21
4,5956 4,6280
4,2918 4,3242
4,8049 4,8379
5,3540 5,3875
359 18:29:20
4,5955 4,6279
4,2923 4,3247
4,8048 4,8378
5,3539 5,3874
360 18:30:20
4,5955 4,6279
4,2926 4,3252
4,8061 4,8391
5,3539 5,3874
361 18:31:21
4,5957 4,6281
4,2926 4,3253
4,8058 4,8389
5,3538 5,3873
362 18:32:21
4,5954 4,6280
4,2923 4,3254
4,8053 4,8390
5,3532 5,3870
363 18:33:20
4,5951 4,6280
4,2924 4,3258
4,8054 4,8389
5,3534 5,3873
364 18:34:20
4,5956 4,6280
4,2933 4,3263
4,8060 4,8391
5,3547 5,3882
365 18:35:21
4,5956 4,6280
4,2941 4,3267
4,8060 4,8395
5,3544 5,3879
366 18:36:21
4,5955 4,6280
4,2934 4,3262
4,8057 4,8393
5,3545 5,3881
367 18:37:21
4,5957 4,6281
4,2942 4,3270
4,8064 4,8394
5,3547 5,3882
368 18:38:20
4,5958 4,6283
4,2945 4,3272
4,8066 4,8397
5,3549 5,3885
369 18:39:20
4,5958 4,6283
4,2945 4,3272
4,8071 4,8402
5,3549 5,3885
370 18:40:21
4,5946 4,6278
4,2935 4,3268
4,8059 4,8398
5,3536 5,3880
371 18:41:21
4,5956 4,6280
4,2946 4,3270
4,8069 4,8399
5,3540 5,3875
372 18:42:21
4,5949 4,6288
4,2930 4,3274
4,8062 4,8407
5,3534 5,3884
373 18:43:20
4,5946 4,6288
4,2927 4,3274
4,8059 4,8407
5,3529 5,3884
374 18:44:20
4,5947 4,6288
4,2927 4,3272
4,8058 4,8406
5,3530 5,3884
375 18:45:21
4,5951 4,6290
4,2936 4,3276
4,8063 4,8413
5,3535 5,3887
376 18:46:21
4,5950 4,6290
4,2936 4,3280
4,8068 4,8414
5,3534 5,3887
377 18:47:21
4,5954 4,6287
4,2943 4,3281
4,8072 4,8411
5,3541 5,3883
378 18:48:20
4,5952 4,6283
4,2941 4,3277
4,8066 4,8406
5,3542 5,3878
379 18:49:21
4,5957 4,6286
4,2944 4,3279
4,8075 4,8410
5,3542 5,3881
380 18:50:21
4,5950 4,6287
4,2937 4,3276
4,8068 4,8411
5,3533 5,3883
381 18:51:21
4,5947 4,6286
4,2936 4,3276
4,8063 4,8409
5,3530 5,3882
382 18:52:20
4,5950 4,6286
4,2939 4,3276
4,8064 4,8411
5,3535 5,3877
383 18:53:20
4,5957 4,6286
4,2940 4,3271
4,8075 4,8410
5,3535 5,3875
384 18:54:21
4,5951 4,6285
4,2936 4,3275
4,8069 4,8409
5,3536 5,3876
385 18:55:21
4,5951 4,6285
4,2932 4,3267
4,8069 4,8409
5,3530 5,3876
386 18:56:21
4,5951 4,6285
4,2932 4,3272
4,8069 4,8409
5,3530 5,3876
387 18:57:21
4,5950 4,6285
4,2929 4,3267
4,8064 4,8409
5,3527 5,3875
388 18:58:21
4,5955 4,6285
4,2932 4,3268
4,8069 4,8406
5,3534 5,3876
389 18:59:20
4,5955 4,6286
4,2932 4,3268
4,8068 4,8405
5,3532 5,3875
390 19:00:21
4,5947 4,6286
4,2924 4,3264
4,8065 4,8410
5,3524 5,3876
391 19:01:21
4,5957 4,6286
4,2936 4,3271
4,8075 4,8410
5,3534 5,3875
392 19:02:21
4,5956 4,6287
4,2935 4,3272
4,8077 4,8416
5,3533 5,3876
393 19:03:21
4,5950 4,6285
4,2931 4,3271
4,8073 4,8414
5,3526 5,3873
394 19:04:20
4,5946 4,6284
4,2923 4,3267
4,8069 4,8414
5,3521 5,3874
395 19:05:21
4,5950 4,6283
4,2927 4,3265
4,8073 4,8412
5,3527 5,3865
396 19:06:21
4,5953 4,6284
4,2930 4,3266
4,8076 4,8413
5,3517 5,3860
397 19:07:21
4,5953 4,6284
4,2930 4,3262
4,8074 4,8412
5,3518 5,3860
398 19:08:20
4,5950 4,6283
4,2927 4,3261
4,8073 4,8412
5,3515 5,3853
399 19:09:21
4,5955 4,6281
4,2932 4,3260
4,8078 4,8410
5,3516 5,3852
400 19:10:21
4,5954 4,6280
4,2931 4,3258
4,8077 4,8409
5,3515 5,3851
401 19:11:21
4,5953 4,6281
4,2930 4,3260
4,8076 4,8410
5,3512 5,3851
402 19:12:20
4,5953 4,6280
4,2928 4,3257
4,8076 4,8409
5,3518 5,3856
403 19:13:20
4,5954 4,6278
4,2928 4,3251
4,8076 4,8407
5,3519 5,3854
404 19:14:21
4,5952 4,6285
4,2917 4,3255
4,8070 4,8409
5,3516 5,3861
405 19:15:21
4,5951 4,6283
4,2912 4,3249
4,8069 4,8407
5,3517 5,3861
406 19:16:21
4,5951 4,6281
4,2908 4,3244
4,8074 4,8410
5,3517 5,3859
407 19:17:20
4,5952 4,6276
4,2910 4,3235
4,8069 4,8399
5,3514 5,3849
408 19:18:20
4,5953 4,6277
4,2910 4,3236
4,8071 4,8401
5,3512 5,3847
409 19:19:21
4,5953 4,6277
4,2906 4,3235
4,8071 4,8401
5,3516 5,3851
410 19:20:21
4,5947 4,6275
4,2900 4,3229
4,8065 4,8399
5,3505 5,3844
411 19:21:21
4,5946 4,6274
4,2899 4,3228
4,8064 4,8398
5,3511 5,3851
412 19:22:21
4,5941 4,6280
4,2898 4,3238
4,8058 4,8409
5,3504 5,3856
413 19:23:20
4,5939 4,6284
4,2896 4,3242
4,8056 4,8413
5,3501 5,3860
414 19:24:21
4,5939 4,6284
4,2900 4,3246
4,8060 4,8412
5,3507 5,3860
415 19:25:21
4,5938 4,6282
4,2901 4,3245
4,8061 4,8411
5,3509 5,3867
416 19:26:21
4,5946 4,6274
4,2911 4,3240
4,8069 4,8403
5,3522 5,3857
417 19:27:20
4,5940 4,6285
4,2901 4,3251
4,8062 4,8419
5,3514 5,3867
418 19:28:20
4,5941 4,6280
4,2906 4,3246
4,8062 4,8408
5,3510 5,3862
419 19:30:21
4,5947 4,6274
4,2912 4,3240
4,8070 4,8403
5,3517 5,3855
420 19:31:22
4,5947 4,6274
4,2908 4,3236
4,8070 4,8403
5,3517 5,3855
421 19:32:21
4,5947 4,6274
4,2908 4,3240
4,8070 4,8403
5,3517 5,3855
422 19:33:21
4,5947 4,6274
4,2908 4,3236
4,8070 4,8403
5,3517 5,3855
423 19:34:21
4,5947 4,6274
4,2904 4,3236
4,8065 4,8398
5,3524 5,3862
424 19:35:20
4,5946 4,6272
4,2903 4,3234
4,8064 4,8396
5,3527 5,3862
425 19:36:20
4,5946 4,6272
4,2907 4,3238
4,8064 4,8396
5,3529 5,3866
426 19:37:21
4,5946 4,6272
4,2911 4,3238
4,8064 4,8396
5,3529 5,3866
427 19:38:21
4,5940 4,6281
4,2904 4,3247
4,8051 4,8399
5,3521 5,3877
428 19:39:20
4,5940 4,6281
4,2905 4,3247
4,8051 4,8399
5,3522 5,3876
429 19:40:20
4,5940 4,6281
4,2905 4,3247
4,8051 4,8399
5,3522 5,3876
430 19:41:21
4,5940 4,6281
4,2905 4,3247
4,8056 4,8404
5,3522 5,3876
431 19:42:21
4,5947 4,6274
4,2908 4,3236
4,8065 4,8398
5,3536 5,3873
432 19:43:20
4,5947 4,6274
4,2908 4,3236
4,8065 4,8398
5,3530 5,3868
433 19:44:20
4,5940 4,6281
4,2901 4,3247
4,8056 4,8404
5,3522 5,3876
434 19:45:21
4,5946 4,6272
4,2907 4,3234
4,8059 4,8392
5,3530 5,3866
435 19:46:21
4,5951 4,6275
4,2913 4,3237
4,8063 4,8393
5,3534 5,3869
436 19:47:20
4,5951 4,6275
4,2907 4,3236
4,8063 4,8393
5,3534 5,3869
437 19:48:20
4,5945 4,6279
4,2902 4,3241
4,8058 4,8399
5,3528 5,3867
438 19:49:21
4,5945 4,6279
4,2902 4,3237
4,8058 4,8399
5,3529 5,3871
439 19:50:21
4,5945 4,6279
4,2898 4,3237
4,8058 4,8399
5,3529 5,3869
440 19:51:20
4,5945 4,6279
4,2898 4,3237
4,8058 4,8399
5,3523 5,3869
441 19:52:20
4,5952 4,6276
4,2910 4,3233
4,8065 4,8395
5,3529 5,3864
442 19:53:20
4,5951 4,6275
4,2909 4,3233
4,8064 4,8394
5,3534 5,3869
443 19:54:21
4,5951 4,6275
4,2913 4,3237
4,8064 4,8394
5,3535 5,3870
444 19:55:21
4,5947 4,6288
4,2907 4,3252
4,8058 4,8406
5,3530 5,3884
445 19:56:22
4,5947 4,6288
4,2911 4,3256
4,8058 4,8406
5,3530 5,3884
446 19:57:35
4,5951 4,6276
4,2912 4,3242
4,8064 4,8395
5,3531 5,3866
447 19:58:20
4,5950 4,6276
4,2915 4,3243
4,8063 4,8396
5,3531 5,3866
448 19:59:21
4,5950 4,6276
4,2923 4,3250
4,8063 4,8395
5,3535 5,3871
449 20:00:21
4,5950 4,6276
4,2919 4,3250
4,8068 4,8400
5,3535 5,3871
450 20:01:21
4,5951 4,6276
4,2915 4,3242
4,8063 4,8399
5,3534 5,3869
451 20:02:21
4,5954 4,6278
4,2920 4,3245
4,8066 4,8396
5,3534 5,3869
452 20:03:20
4,5954 4,6278
4,2919 4,3242
4,8066 4,8396
5,3534 5,3869
453 20:04:20
4,5945 4,6286
4,2910 4,3252
4,8056 4,8404
5,3528 5,3876
454 20:05:21
4,5954 4,6278
4,2912 4,3239
4,8071 4,8401
5,3538 5,3873
455 20:06:22
4,5953 4,6277
4,2916 4,3242
4,8069 4,8400
5,3537 5,3872
456 20:07:21
4,5951 4,6280
4,2916 4,3250
4,8069 4,8404
5,3539 5,3874
457 20:08:20
4,5951 4,6280
4,2919 4,3252
4,8069 4,8404
5,3539 5,3874
458 20:09:20
4,5951 4,6279
4,2920 4,3254
4,8069 4,8404
5,3542 5,3882
459 20:10:21
4,5953 4,6277
4,2923 4,3248
4,8070 4,8400
5,3543 5,3878
460 20:11:21
4,5953 4,6277
4,2927 4,3252
4,8070 4,8400
5,3543 5,3878
461 20:12:20
4,5955 4,6280
4,2934 4,3265
4,8073 4,8404
5,3545 5,3880
462 20:13:21
4,5953 4,6277
4,2934 4,3261
4,8070 4,8400
5,3541 5,3876
463 20:14:21
4,5953 4,6277
4,2931 4,3256
4,8070 4,8400
5,3536 5,3871
464 20:15:21
4,5950 4,6281
4,2927 4,3263
4,8068 4,8409
5,3539 5,3880
465 20:16:20
4,5955 4,6282
4,2934 4,3263
4,8078 4,8411
5,3539 5,3877
466 20:17:20
4,5953 4,6277
4,2939 4,3262
4,8076 4,8406
5,3538 5,3873
467 20:18:21
4,5953 4,6277
4,2940 4,3266
4,8074 4,8405
5,3540 5,3875
468 20:19:21
4,5953 4,6277
4,2939 4,3264
4,8070 4,8400
5,3536 5,3871
469 20:20:20
4,5953 4,6277
4,2942 4,3265
4,8070 4,8400
5,3539 5,3874
470 20:21:20
4,5953 4,6277
4,2942 4,3265
4,8070 4,8400
5,3536 5,3871
471 20:22:21
4,5945 4,6290
4,2934 4,3280
4,8061 4,8413
5,3528 5,3880
472 20:49:20
4,5956 4,6280
4,2960 4,3284
4,8069 4,8399
5,3526 5,3861
473 20:50:20
4,5957 4,6281
4,2963 4,3286
4,8070 4,8400
5,3529 5,3864
474 20:51:21
4,5958 4,6282
4,2962 4,3285
4,8071 4,8401
5,3531 5,3866
475 20:52:21
4,5961 4,6285
4,2963 4,3291
4,8074 4,8404
5,3534 5,3869
476 20:53:21
4,5959 4,6283
4,2959 4,3283
4,8072 4,8402
5,3531 5,3866
477 20:54:21
4,5956 4,6280
4,2958 4,3281
4,8069 4,8399
5,3528 5,3863
478 20:55:20
4,5955 4,6279
4,2954 4,3277
4,8067 4,8397
5,3526 5,3861
479 20:56:20
4,5956 4,6280
4,2955 4,3278
4,8068 4,8398
5,3527 5,3862
480 20:57:20
4,5956 4,6280
4,2955 4,3278
4,8071 4,8401
5,3527 5,3862
481 20:58:21
4,5959 4,6289
4,2956 4,3288
4,8072 4,8408
5,3532 5,3873
482 20:59:21
4,5959 4,6289
4,2960 4,3296
4,8078 4,8415
5,3526 5,3868
483 21:00:20
4,5957 4,6294
4,2957 4,3298
4,8074 4,8418
5,3522 5,3871
484 21:01:20
4,5958 4,6293
4,2958 4,3298
4,8076 4,8423
5,3530 5,3878
485 21:02:21
4,5958 4,6297
4,2958 4,3298
4,8080 4,8426
5,3530 5,3882
486 21:03:21
4,5963 4,6301
4,2963 4,3302
4,8081 4,8431
5,3536 5,3887
487 21:04:21
4,5963 4,6301
4,2967 4,3310
4,8076 4,8426
5,3536 5,3887
488 21:05:21
4,5963 4,6303
4,2963 4,3308
4,8082 4,8429
5,3536 5,3889
489 21:06:20
4,5959 4,6303
4,2959 4,3308
4,8078 4,8429
5,3532 5,3890
490 21:07:20
4,5968 4,6297
4,2964 4,3298
4,8087 4,8422
5,3542 5,3882
491 21:08:21
4,5957 4,6300
4,2957 4,3301
4,8074 4,8424
5,3528 5,3885
492 21:09:21
4,5957 4,6300
4,2957 4,3305
4,8070 4,8425
5,3528 5,3885
493 21:10:20
4,5957 4,6297
4,2959 4,3303
4,8071 4,8418
5,3529 5,3882
494 21:11:20
4,5957 4,6297
4,2957 4,3302
4,8071 4,8418
5,3529 5,3882
495 21:12:20
4,5967 4,6299
4,2967 4,3300
4,8081 4,8420
5,3542 5,3886
496 21:13:20
4,5968 4,6299
4,2964 4,3300
4,8080 4,8418
5,3541 5,3884
497 21:14:21
4,5968 4,6301
4,2964 4,3298
4,8080 4,8420
5,3542 5,3880
498 21:15:21
4,5967 4,6299
4,2959 4,3296
4,8081 4,8420
5,3535 5,3878
499 21:16:21
4,5967 4,6299
4,2963 4,3300
4,8081 4,8423
5,3535 5,3878
500 21:17:21
4,5968 4,6299
4,2964 4,3300
4,8087 4,8424
5,3536 5,3878
501 21:18:20
4,5985 4,6319
4,2981 4,3319
4,8105 4,8446
5,3557 5,3903
502 21:19:21
4,5985 4,6319
4,2980 4,3319
4,8103 4,8446
5,3557 5,3903
503 21:20:21
4,5984 4,6320
4,2979 4,3316
4,8102 4,8447
5,3556 5,3904
504 21:21:21
4,5987 4,6319
4,2982 4,3316
4,8107 4,8446
5,3559 5,3903
505 21:22:21
4,5987 4,6319
4,2982 4,3320
4,8107 4,8446
5,3565 5,3903
506 21:23:20
4,5986 4,6320
4,2981 4,3321
4,8100 4,8446
5,3558 5,3904
507 21:24:20
4,5985 4,6319
4,2976 4,3316
4,8099 4,8445
5,3557 5,3903
508 21:25:21
4,5985 4,6319
4,2980 4,3315
4,8100 4,8441
5,3557 5,3903
509 21:26:21
4,5980 4,6324
4,2976 4,3324
4,8095 4,8446
5,3551 5,3909
510 21:27:20
4,5987 4,6320
4,2980 4,3319
4,8100 4,8440
5,3557 5,3902
511 21:28:20
4,5985 4,6319
4,2980 4,3319
4,8100 4,8441
5,3557 5,3903
512 21:29:21
4,5987 4,6319
4,2982 4,3320
4,8102 4,8443
5,3565 5,3902
513 21:30:21
4,5985 4,6319
4,2984 4,3319
4,8099 4,8445
5,3563 5,3903
514 21:31:21
4,5985 4,6319
4,2984 4,3319
4,8101 4,8445
5,3563 5,3909
515 21:32:20
4,5986 4,6318
4,2981 4,3318
4,8100 4,8444
5,3564 5,3908
516 21:33:20
4,5986 4,6318
4,2981 4,3318
4,8106 4,8445
5,3564 5,3908
517 21:34:21
4,5986 4,6318
4,2981 4,3319
4,8105 4,8447
5,3558 5,3902
518 21:35:21
4,5986 4,6319
4,2981 4,3319
4,8109 4,8449
5,3562 5,3907
519 21:36:20
4,5986 4,6319
4,2981 4,3319
4,8109 4,8450
5,3562 5,3907
520 21:37:21
4,5986 4,6319
4,2985 4,3323
4,8109 4,8449
5,3562 5,3907
521 21:38:21
4,5989 4,6318
4,2990 4,3325
4,8107 4,8443
5,3567 5,3910
522 21:39:21
4,5985 4,6319
4,2984 4,3323
4,8110 4,8451
5,3569 5,3915
523 21:40:21
4,5987 4,6320
4,2984 4,3323
4,8110 4,8450
5,3569 5,3914
524 21:41:20
4,5986 4,6318
4,2985 4,3323
4,8111 4,8450
5,3569 5,3914
525 21:42:21
4,5986 4,6318
4,2985 4,3323
4,8105 4,8449
5,3562 5,3909
526 21:43:21
4,5987 4,6320
4,2984 4,3323
4,8105 4,8445
5,3569 5,3914
527 21:44:21
4,5987 4,6320
4,2984 4,3323
4,8105 4,8445
5,3570 5,3914
528 21:45:20
4,5987 4,6320
4,2984 4,3319
4,8105 4,8445
5,3564 5,3914
529 21:46:20
4,5987 4,6320
4,2984 4,3319
4,8110 4,8450
5,3569 5,3912
530 21:47:21
4,5985 4,6319
4,2984 4,3323
4,8115 4,8456
5,3569 5,3915
531 21:48:21
4,5987 4,6320
4,2985 4,3323
4,8115 4,8455
5,3569 5,3914
532 21:49:21
4,5987 4,6320
4,2984 4,3323
4,8115 4,8455
5,3569 5,3914
533 21:50:21
4,5987 4,6320
4,2984 4,3319
4,8116 4,8461
5,3569 5,3908
534 21:51:21
4,5987 4,6320
4,2980 4,3319
4,8115 4,8455
5,3563 5,3908
535 21:52:21
4,5987 4,6320
4,2980 4,3319
4,8115 4,8455
5,3563 5,3908
536 21:53:20
4,5985 4,6319
4,2984 4,3320
4,8115 4,8456
5,3562 5,3910
537 21:54:20
4,5985 4,6319
4,2984 4,3319
4,8116 4,8457
5,3563 5,3909
538 21:55:21
4,5987 4,6320
4,2984 4,3319
4,8115 4,8459
5,3563 5,3908
539 21:56:21
4,5987 4,6320
4,2984 4,3323
4,8116 4,8461
5,3563 5,3908
540 21:57:21
4,5987 4,6320
4,2984 4,3323
4,8122 4,8461
5,3563 5,3908
541 21:58:21
4,5987 4,6320
4,2986 4,3324
4,8122 4,8461
5,3563 5,3908
542 21:59:21
4,5994 4,6320
4,2993 4,3325
4,8129 4,8461
5,3572 5,3909
543 22:00:21
4,5994 4,6320
4,2989 4,3317
4,8129 4,8461
5,3578 5,3913
544 22:01:20
4,5996 4,6321
4,2986 4,3314
4,8121 4,8452
5,3574 5,3910
545 22:02:21
4,5994 4,6320
4,2988 4,3317
4,8119 4,8451
5,3580 5,3916
546 22:03:21
4,5996 4,6321
4,2985 4,3316
4,8115 4,8451
5,3587 5,3923
547 22:04:21
4,5995 4,6321
4,2985 4,3316
4,8116 4,8453
5,3586 5,3923
548 22:05:21
4,5995 4,6321
4,2986 4,3316
4,8120 4,8456
5,3592 5,3929
549 22:06:21
4,5995 4,6322
4,2985 4,3313
4,8120 4,8457
5,3592 5,3930
550 22:07:20
4,5990 4,6324
4,2980 4,3319
4,8120 4,8461
5,3586 5,3933
551 22:08:20
4,5996 4,6325
4,2986 4,3316
4,8126 4,8461
5,3592 5,3933
552 22:09:20
4,5993 4,6326
4,2983 4,3317
4,8128 4,8467
5,3589 5,3934
553 22:10:20
4,5992 4,6323
4,2978 4,3314
4,8132 4,8469
5,3589 5,3931
554 22:11:21
4,5993 4,6327
4,2979 4,3318
4,8129 4,8473
5,3591 5,3937
555 22:12:21
4,5993 4,6327
4,2979 4,3318
4,8130 4,8475
5,3590 5,3937
556 22:13:21
4,5993 4,6330
4,2979 4,3321
4,8122 4,8470
5,3589 5,3938
557 22:14:20
4,5993 4,6330
4,2979 4,3321
4,8128 4,8471
5,3589 5,3938
558 22:15:20
4,5992 4,6333
4,2978 4,3324
4,8126 4,8474
5,3587 5,3942
559 22:16:21
4,5991 4,6331
4,2977 4,3322
4,8131 4,8479
5,3588 5,3941
560 22:17:21
4,5991 4,6331
4,2977 4,3318
4,8118 4,8465
5,3588 5,3941
561 22:18:21
4,5990 4,6333
4,2976 4,3320
4,8115 4,8464
5,3585 5,3942
562 22:19:20
4,5991 4,6331
4,2977 4,3318
4,8121 4,8467
5,3588 5,3941
563 22:20:20
4,5991 4,6329
4,2974 4,3318
4,8117 4,8465
5,3585 5,3939
564 22:21:21
4,5987 4,6330
4,2973 4,3321
4,8115 4,8465
5,3583 5,3939
565 22:22:21
4,5988 4,6329
4,2974 4,3316
4,8116 4,8464
5,3578 5,3932
566 22:23:21
4,5989 4,6329
4,2975 4,3320
4,8119 4,8465
5,3579 5,3932
567 22:24:21
4,5990 4,6331
4,2976 4,3318
4,8114 4,8466
5,3580 5,3934
568 22:25:20
4,5991 4,6327
4,2977 4,3318
4,8117 4,8464
5,3589 5,3937
569 22:26:21
4,5993 4,6328
4,2979 4,3319
4,8123 4,8464
5,3589 5,3936
570 22:27:21
4,5991 4,6327
4,2977 4,3314
4,8121 4,8464
5,3595 5,3943
571 22:28:21
4,5991 4,6327
4,2977 4,3314
4,8121 4,8463
5,3591 5,3939
572 22:29:21
4,5990 4,6327
4,2976 4,3314
4,8120 4,8463
5,3586 5,3936
573 22:30:21
4,5991 4,6327
4,2977 4,3318
4,8116 4,8462
5,3589 5,3937
574 22:31:21
4,5991 4,6327
4,2977 4,3314
4,8111 4,8453
5,3589 5,3931
575 22:32:21
4,5989 4,6328
4,2971 4,3315
4,8107 4,8453
5,3585 5,3937
576 22:33:20
4,5991 4,6327
4,2973 4,3314
4,8111 4,8453
5,3589 5,3931
577 22:34:20
4,5991 4,6327
4,2973 4,3310
4,8107 4,8454
5,3589 5,3931
578 22:35:21
4,5988 4,6332
4,2970 4,3315
4,8107 4,8463
5,3585 5,3937
579 22:36:21
4,5989 4,6328
4,2971 4,3311
4,8108 4,8459
5,3585 5,3931
580 22:37:21
4,5990 4,6330
4,2972 4,3313
4,8111 4,8458
5,3580 5,3933
581 22:38:20
4,5992 4,6324
4,2974 4,3307
4,8108 4,8451
5,3583 5,3926
582 22:39:20
4,5992 4,6325
4,2970 4,3308
4,8112 4,8451
5,3581 5,3926
583 22:40:21
4,5991 4,6323
4,2969 4,3306
4,8111 4,8449
5,3582 5,3926
584 22:41:21
4,5991 4,6323
4,2973 4,3306
4,8111 4,8449
5,3582 5,3926
585 22:42:21
4,5992 4,6322
4,2974 4,3307
4,8112 4,8448
5,3583 5,3925
586 22:43:21
4,5992 4,6322
4,2970 4,3305
4,8112 4,8448
5,3583 5,3925
587 22:44:21
4,5992 4,6322
4,2974 4,3305
4,8112 4,8448
5,3585 5,3924
588 22:45:20
4,5993 4,6326
4,2975 4,3309
4,8113 4,8452
5,3583 5,3929
589 22:46:20
4,5992 4,6322
4,2974 4,3309
4,8113 4,8454
5,3589 5,3930
590 22:47:20
4,5991 4,6323
4,2977 4,3310
4,8112 4,8455
5,3589 5,3933
591 22:48:21
4,5991 4,6330
4,2977 4,3317
4,8120 4,8470
5,3587 5,3939
592 22:49:21
4,5989 4,6325
4,2975 4,3312
4,8129 4,8471
5,3591 5,3940
593 22:50:21
4,5975 4,6327
4,2967 4,3323
4,8109 4,8473
5,3572 5,3942
594 22:51:20
4,5973 4,6328
4,2963 4,3322
4,8107 4,8474
5,3565 5,3942
595 22:52:20
4,5972 4,6329
4,2962 4,3323
4,8106 4,8475
5,3565 5,3945
596 22:53:21
4,5973 4,6328
4,2963 4,3322
4,8107 4,8474
5,3565 5,3942
597 22:54:21
4,5973 4,6328
4,2959 4,3318
4,8107 4,8474
5,3565 5,3942
598 22:55:21
4,5975 4,6326
4,2961 4,3320
4,8109 4,8472
5,3569 5,3935
599 22:56:21
4,5969 4,6326
4,2957 4,3319
4,8102 4,8472
5,3562 5,3942
600 22:57:20
4,5966 4,6328
4,2954 4,3319
4,8102 4,8477
5,3561 5,3945
601 22:58:20
4,5967 4,6327
4,2955 4,3326
4,8104 4,8479
5,3561 5,3943
602 22:59:21
4,5968 4,6326
4,2957 4,3329
4,8102 4,8472
5,3580 5,3963
603 23:00:21
4,5656 4,6588
4,2642 4,3642
4,7890 4,8607
5,3176 5,4401
604 23:01:21
4,5656 4,6588
4,2642 4,3642
4,7890 4,8607
5,3176 5,4401
605 23:02:20
4,5656 4,6588
4,2642 4,3642
4,7890 4,8607
5,3176 5,4401
606 23:03:20
4,5656 4,6588
4,2642 4,3642
4,7890 4,8607
5,3176 5,4401
607 23:04:21
4,5656 4,6588
4,2642 4,3642
4,7890 4,8607
5,3176 5,4401
608 23:05:21
4,5656 4,6588
4,2642 4,3642
4,7890 4,8607
5,3176 5,4401
609 23:06:21
4,5656 4,6588
4,2642 4,3642
4,7890 4,8607
5,3176 5,4401
610 23:07:20
4,5656 4,6588
4,2642 4,3642
4,7890 4,8607
5,3176 5,4401
611 23:08:20
4,5656 4,6588
4,2642 4,3642
4,7890 4,8607
5,3176 5,4401
612 23:09:21
4,5656 4,6588
4,2642 4,3642
4,7890 4,8607
5,3176 5,4401
613 23:10:21
4,5656 4,6588
4,2642 4,3642
4,7890 4,8607
5,3176 5,4401
614 23:11:21
4,5656 4,6588
4,2642 4,3642
4,7890 4,8607
5,3176 5,4401
615 23:12:21
4,5656 4,6588
4,2642 4,3642
4,7890 4,8607
5,3176 5,4401
616 23:13:21
4,5656 4,6588
4,2642 4,3642
4,7890 4,8607
5,3176 5,4401
617 23:14:20
4,5656 4,6588
4,2642 4,3642
4,7890 4,8607
5,3176 5,4401
618 23:15:20
4,5656 4,6588
4,2642 4,3642
4,7890 4,8607
5,3176 5,4401
619 23:16:21
4,5656 4,6588
4,2642 4,3642
4,7890 4,8607
5,3176 5,4401
620 23:17:21
4,5656 4,6588
4,2642 4,3642
4,7890 4,8607
5,3176 5,4401
621 23:18:21
4,5656 4,6588
4,2642 4,3642
4,7890 4,8607
5,3176 5,4401
622 23:19:20
4,5656 4,6588
4,2642 4,3642
4,7890 4,8607
5,3176 5,4401
623 23:20:20
4,5656 4,6588
4,2642 4,3642
4,7890 4,8607
5,3176 5,4401
624 23:21:21
4,5656 4,6588
4,2642 4,3642
4,7890 4,8607
5,3176 5,4401
625 23:22:21
4,5656 4,6588
4,2642 4,3642
4,7890 4,8607
5,3176 5,4401
626 23:23:20
4,5656 4,6588
4,2642 4,3642
4,7890 4,8607
5,3176 5,4401
627 23:24:20
4,5656 4,6588
4,2642 4,3642
4,7890 4,8607
5,3176 5,4401
628 23:25:21
4,5656 4,6588
4,2642 4,3642
4,7890 4,8607
5,3176 5,4401
629 23:26:21
4,5656 4,6588
4,2642 4,3642
4,7890 4,8607
5,3176 5,4401
630 23:27:20
4,5656 4,6588
4,2642 4,3642
4,7890 4,8607
5,3176 5,4401
631 23:28:20
4,5656 4,6588
4,2642 4,3642
4,7890 4,8607
5,3176 5,4401
632 23:29:20
4,5656 4,6588
4,2642 4,3642
4,7890 4,8607
5,3176 5,4401
633 23:30:21
4,5656 4,6588
4,2642 4,3642
4,7890 4,8607
5,3176 5,4401
634 23:31:21
4,5656 4,6588
4,2642 4,3642
4,7890 4,8607
5,3176 5,4401
635 23:32:21
4,5656 4,6588
4,2642 4,3642
4,7890 4,8607
5,3176 5,4401
636 23:33:21
4,5656 4,6588
4,2642 4,3642
4,7890 4,8607
5,3176 5,4401
637 23:34:20
4,5656 4,6588
4,2642 4,3642
4,7890 4,8607
5,3176 5,4401
638 23:35:21
4,5656 4,6588
4,2642 4,3642
4,7890 4,8607
5,3176 5,4401
639 23:36:21
4,5656 4,6588
4,2642 4,3642
4,7890 4,8607
5,3176 5,4401
640 23:37:20
4,5656 4,6588
4,2642 4,3642
4,7890 4,8607
5,3176 5,4401
641 23:38:20
4,5656 4,6588
4,2642 4,3642
4,7890 4,8607
5,3176 5,4401
642 23:39:21
4,5656 4,6588
4,2642 4,3642
4,7890 4,8607
5,3176 5,4401
643 23:40:21
4,5656 4,6588
4,2642 4,3642
4,7890 4,8607
5,3176 5,4401
Connection error x5
