#======================
2023-6-19
# 1.EUR, 2.USD, 3.CHF, 4.GBP
Sell Price, Buy Price
1 07:52
4,4506 4,4840
4,0681 4,1016
4,5524 4,5866
5,2193 5,2529
2 07:53
4,4507 4,4841
4,0689 4,1020
4,5527 4,5868
5,2196 5,2537
3 07:54
4,4507 4,4840
4,0684 4,1019
4,5530 4,5871
5,2200 5,2534
4 07:55
4,4507 4,4840
4,0684 4,1019
4,5524 4,5870
5,2200 5,2534
5 07:56
4,4506 4,4838
4,0681 4,1014
4,5524 4,5864
5,2201 5,2534
6 07:57
4,4506 4,4837
4,0676 4,1005
4,5523 4,5857
5,2199 5,2538
7 07:58
4,4503 4,4835
4,0671 4,1004
4,5518 4,5857
5,2197 5,2530
8 07:59
4,4504 4,4835
4,0673 4,1005
4,5517 4,5855
5,2194 5,2528
9 08:00
4,4506 4,4830
4,0676 4,0998
4,5514 4,5844
5,2195 5,2523
10 08:01
4,4503 4,4825
4,0681 4,1003
4,5511 4,5841
5,2205 5,2533
11 08:02
4,4503 4,4825
4,0687 4,1009
4,5514 4,5844
5,2208 5,2536
12 08:03
4,4502 4,4824
4,0683 4,1005
4,5508 4,5838
5,2198 5,2526
13 08:04
4,4495 4,4817
4,0682 4,1004
4,5502 4,5832
5,2189 5,2517
14 08:05
4,4495 4,4817
4,0685 4,1007
4,5501 4,5831
5,2195 5,2523
15 08:06
4,4494 4,4816
4,0682 4,1004
4,5501 4,5831
5,2180 5,2508
16 08:07
4,4487 4,4809
4,0675 4,0997
4,5499 4,5829
5,2174 5,2502
17 08:08
4,4484 4,4806
4,0669 4,0991
4,5497 4,5827
5,2174 5,2502
18 08:09
4,4475 4,4797
4,0660 4,0982
4,5485 4,5815
5,2164 5,2492
19 08:10
4,4480 4,4802
4,0666 4,0988
4,5502 4,5832
5,2165 5,2493
20 08:11
4,4476 4,4798
4,0660 4,0982
4,5493 4,5823
5,2160 5,2488
21 08:12
4,4475 4,4797
4,0658 4,0980
4,5483 4,5813
5,2163 5,2491
22 08:13
4,4478 4,4800
4,0661 4,0983
4,5489 4,5819
5,2173 5,2501
23 08:14
4,4481 4,4803
4,0667 4,0989
4,5496 4,5826
5,2173 5,2501
24 08:15
4,4497 4,4819
4,0681 4,1003
4,5514 4,5844
5,2199 5,2527
25 08:16
4,4497 4,4819
4,0681 4,1003
4,5514 4,5844
5,2199 5,2527
26 08:17
4,4501 4,4823
4,0687 4,1009
4,5514 4,5844
5,2206 5,2534
27 08:18
4,4500 4,4822
4,0683 4,1005
4,5513 4,5843
5,2205 5,2533
28 08:19
4,4487 4,4809
4,0669 4,0991
4,5505 4,5835
5,2201 5,2529
29 08:20
4,4494 4,4816
4,0679 4,1001
4,5512 4,5842
5,2213 5,2541
30 08:21
4,4501 4,4823
4,0687 4,1009
4,5521 4,5851
5,2224 5,2552
31 08:22
4,4498 4,4820
4,0692 4,1014
4,5521 4,5851
5,2212 5,2540
32 08:23
4,4499 4,4821
4,0700 4,1022
4,5522 4,5852
5,2200 5,2528
33 08:24
4,4500 4,4822
4,0701 4,1023
4,5527 4,5857
5,2207 5,2535
34 08:25
4,4500 4,4822
4,0696 4,1018
4,5534 4,5864
5,2204 5,2532
35 08:26
4,4494 4,4816
4,0690 4,1012
4,5525 4,5855
5,2200 5,2528
36 08:27
4,4493 4,4815
4,0687 4,1009
4,5527 4,5857
5,2199 5,2527
37 08:28
4,4487 4,4809
4,0686 4,1008
4,5521 4,5851
5,2197 5,2525
38 08:29
4,4489 4,4811
4,0695 4,1017
4,5520 4,5850
5,2199 5,2527
39 08:30
4,4492 4,4814
4,0704 4,1026
4,5531 4,5861
5,2202 5,2530
40 08:31
4,4477 4,4799
4,0682 4,1004
4,5512 4,5842
5,2178 5,2506
41 08:32
4,4483 4,4805
4,0685 4,1007
4,5519 4,5849
5,2175 5,2503
42 08:33
4,4481 4,4803
4,0690 4,1012
4,5515 4,5845
5,2176 5,2504
43 08:34
4,4479 4,4801
4,0680 4,1002
4,5507 4,5837
5,2171 5,2499
44 08:35
4,4484 4,4806
4,0683 4,1005
4,5505 4,5835
5,2174 5,2502
45 08:36
4,4484 4,4806
4,0685 4,1007
4,5502 4,5832
5,2174 5,2502
46 14:04
4,4400 4,4723
4,0640 4,0960
4,5433 4,5762
5,2093 5,2425
47 14:05
4,4395 4,4718
4,0637 4,0957
4,5423 4,5752
5,2088 5,2420
48 14:06
4,4400 4,4721
4,0646 4,0966
4,5424 4,5753
5,2092 5,2424
49 14:07
4,4393 4,4714
4,0646 4,0966
4,5427 4,5756
5,2086 5,2418
50 14:08
4,4399 4,4720
4,0651 4,0971
4,5433 4,5762
5,2091 5,2423
51 14:09
4,4395 4,4716
4,0641 4,0961
4,5429 4,5758
5,2086 5,2418
52 14:10
4,4394 4,4715
4,0640 4,0960
4,5428 4,5757
5,2093 5,2425
53 14:11
4,4393 4,4714
4,0633 4,0953
4,5423 4,5752
5,2096 5,2428
54 14:12
4,4395 4,4716
4,0636 4,0956
4,5417 4,5746
5,2090 5,2422
55 14:13
4,4394 4,4715
4,0633 4,0953
4,5414 4,5743
5,2085 5,2417
56 14:14
4,4391 4,4712
4,0630 4,0950
4,5413 4,5742
5,2081 5,2413
57 14:15
4,4390 4,4711
4,0626 4,0946
4,5410 4,5739
5,2080 5,2412
58 14:16
4,4391 4,4714
4,0634 4,0954
4,5408 4,5737
5,2084 5,2416
59 14:17
4,4395 4,4718
4,0639 4,0959
4,5412 4,5741
5,2088 5,2420
60 14:18
4,4396 4,4719
4,0644 4,0964
4,5413 4,5742
5,2089 5,2421
61 14:19
4,4394 4,4717
4,0637 4,0957
4,5408 4,5737
5,2087 5,2419
62 14:20
4,4395 4,4718
4,0639 4,0959
4,5399 4,5728
5,2084 5,2416
63 14:21
4,4396 4,4717
4,0632 4,0952
4,5400 4,5729
5,2082 5,2414
64 14:22
4,4387 4,4708
4,0618 4,0938
4,5391 4,5720
5,2067 5,2399
65 14:23
4,4388 4,4709
4,0615 4,0935
4,5390 4,5719
5,2069 5,2401
66 14:24
4,4387 4,4708
4,0608 4,0928
4,5398 4,5727
5,2068 5,2400
67 14:25
4,4389 4,4710
4,0608 4,0928
4,5393 4,5722
5,2064 5,2396
68 14:26
4,4388 4,4709
4,0611 4,0931
4,5386 4,5715
5,2065 5,2397
69 14:27
4,4393 4,4714
4,0615 4,0935
4,5396 4,5725
5,2074 5,2406
70 14:28
4,4391 4,4712
4,0616 4,0936
4,5390 4,5719
5,2076 5,2408
71 14:29
4,4394 4,4715
4,0624 4,0944
4,5393 4,5722
5,2080 5,2412
72 14:30
4,4400 4,4721
4,0635 4,0955
4,5397 4,5726
5,2092 5,2424
73 14:31
4,4399 4,4722
4,0637 4,0957
4,5404 4,5733
5,2092 5,2424
74 14:32
4,4395 4,4718
4,0639 4,0959
4,5398 4,5727
5,2084 5,2416
75 14:33
4,4395 4,4718
4,0643 4,0963
4,5396 4,5725
5,2081 5,2413
76 14:34
4,4396 4,4719
4,0647 4,0967
4,5399 4,5728
5,2086 5,2418
77 14:35
4,4395 4,4718
4,0647 4,0967
4,5397 4,5726
5,2084 5,2416
78 14:36
4,4384 4,4705
4,0628 4,0948
4,5395 4,5724
5,2068 5,2400
79 14:37
4,4381 4,4702
4,0625 4,0945
4,5392 4,5721
5,2067 5,2399
80 14:38
4,4381 4,4702
4,0623 4,0943
4,5385 4,5714
5,2064 5,2396
81 14:39
4,4378 4,4699
4,0621 4,0941
4,5374 4,5703
5,2058 5,2390
82 14:40
4,4377 4,4698
4,0618 4,0938
4,5373 4,5702
5,2059 5,2391
83 14:41
4,4377 4,4699
4,0622 4,0942
4,5373 4,5702
5,2063 5,2395
84 14:42
4,4378 4,4700
4,0626 4,0946
4,5374 4,5703
5,2067 5,2399
85 14:43
4,4373 4,4695
4,0624 4,0944
4,5369 4,5698
5,2061 5,2393
86 14:44
4,4375 4,4697
4,0625 4,0945
4,5369 4,5698
5,2063 5,2395
87 14:45
4,4378 4,4700
4,0621 4,0941
4,5374 4,5703
5,2067 5,2399
88 14:46
4,4379 4,4700
4,0622 4,0942
4,5376 4,5704
5,2068 5,2400
89 14:47
4,4370 4,4691
4,0615 4,0935
4,5365 4,5693
5,2061 5,2393
90 14:48
4,4361 4,4682
4,0605 4,0925
4,5358 4,5686
5,2050 5,2382
91 14:49
4,4343 4,4664
4,0588 4,0908
4,5339 4,5667
5,2028 5,2360
92 14:50
4,4338 4,4659
4,0580 4,0900
4,5333 4,5661
5,2020 5,2352
93 14:51
4,4323 4,4644
4,0565 4,0885
4,5318 4,5647
5,2002 5,2334
94 14:52
4,4326 4,4647
4,0564 4,0884
4,5321 4,5650
5,2005 5,2337
95 14:53
4,4327 4,4648
4,0568 4,0888
4,5319 4,5648
5,2006 5,2338
96 14:54
4,4327 4,4648
4,0574 4,0894
4,5320 4,5649
5,2001 5,2333
97 14:55
4,4325 4,4646
4,0567 4,0887
4,5318 4,5647
5,1995 5,2327
98 14:56
4,4326 4,4648
4,0573 4,0893
4,5317 4,5646
5,1996 5,2328
99 14:57
4,4326 4,4648
4,0569 4,0889
4,5319 4,5648
5,1993 5,2325
100 14:58
4,4326 4,4648
4,0573 4,0893
4,5317 4,5646
5,1993 5,2325
101 14:59
4,4326 4,4648
4,0571 4,0891
4,5310 4,5639
5,1994 5,2326
102 15:00
4,4325 4,4647
4,0565 4,0885
4,5303 4,5632
5,1992 5,2324
103 15:01
4,4325 4,4646
4,0567 4,0887
4,5296 4,5624
5,1998 5,2330
104 15:02
4,4325 4,4646
4,0568 4,0888
4,5295 4,5623
5,1998 5,2330
105 15:03
4,4317 4,4638
4,0565 4,0885
4,5299 4,5627
5,1996 5,2328
106 15:04
4,4315 4,4636
4,0561 4,0881
4,5290 4,5618
5,1993 5,2325
107 15:05
4,4314 4,4635
4,0557 4,0877
4,5301 4,5629
5,1991 5,2323
108 15:06
4,4306 4,4627
4,0551 4,0871
4,5293 4,5622
5,1982 5,2314
109 15:07
4,4304 4,4625
4,0551 4,0871
4,5292 4,5621
5,1986 5,2318
110 15:08
4,4300 4,4621
4,0547 4,0867
4,5285 4,5614
5,1981 5,2313
111 15:09
4,4298 4,4619
4,0544 4,0864
4,5283 4,5612
5,1976 5,2308
112 15:10
4,4297 4,4618
4,0539 4,0859
4,5291 4,5620
5,1971 5,2303
113 15:11
4,4291 4,4614
4,0544 4,0864
4,5280 4,5609
5,1966 5,2298
114 15:12
4,4290 4,4613
4,0543 4,0863
4,5276 4,5605
5,1965 5,2297
115 15:13
4,4295 4,4618
4,0548 4,0868
4,5277 4,5606
5,1967 5,2299
116 15:14
4,4301 4,4624
4,0551 4,0871
4,5276 4,5605
5,1971 5,2303
117 15:15
4,4304 4,4627
4,0556 4,0876
4,5291 4,5620
5,1972 5,2304
118 15:16
4,4300 4,4621
4,0555 4,0875
4,5276 4,5605
5,1963 5,2295
119 15:17
4,4301 4,4622
4,0560 4,0880
4,5275 4,5604
5,1961 5,2293
120 15:18
4,4293 4,4614
4,0552 4,0872
4,5267 4,5596
5,1958 5,2290
121 15:19
4,4293 4,4614
4,0552 4,0872
4,5267 4,5596
5,1957 5,2289
122 15:20
4,4293 4,4614
4,0554 4,0874
4,5262 4,5591
5,1957 5,2289
123 15:21
4,4293 4,4614
4,0558 4,0878
4,5262 4,5591
5,1961 5,2293
124 15:22
4,4294 4,4615
4,0562 4,0882
4,5265 4,5594
5,1967 5,2299
125 15:23
4,4294 4,4615
4,0562 4,0882
4,5270 4,5599
5,1968 5,2300
126 15:24
4,4294 4,4615
4,0566 4,0886
4,5267 4,5596
5,1967 5,2299
127 15:25
4,4293 4,4614
4,0563 4,0883
4,5278 4,5607
5,1967 5,2299
128 15:26
4,4293 4,4616
4,0561 4,0881
4,5270 4,5599
5,1968 5,2300
129 15:27
4,4292 4,4615
4,0558 4,0878
4,5267 4,5596
5,1967 5,2299
130 15:28
4,4290 4,4613
4,0552 4,0872
4,5263 4,5592
5,1961 5,2293
131 15:29
4,4288 4,4611
4,0547 4,0867
4,5265 4,5594
5,1962 5,2294
132 15:30
4,4287 4,4610
4,0542 4,0862
4,5261 4,5590
5,1958 5,2290
133 15:31
4,4284 4,4605
4,0542 4,0862
4,5251 4,5579
5,1953 5,2285
134 15:32
4,4282 4,4603
4,0537 4,0857
4,5250 4,5578
5,1954 5,2286
135 15:33
4,4289 4,4610
4,0543 4,0863
4,5252 4,5580
5,1962 5,2294
136 15:34
4,4299 4,4620
4,0556 4,0876
4,5262 4,5590
5,1974 5,2306
137 15:35
4,4296 4,4617
4,0555 4,0875
4,5261 4,5589
5,1970 5,2302
138 15:36
4,4284 4,4606
4,0540 4,0860
4,5246 4,5575
5,1954 5,2286
139 15:37
4,4288 4,4610
4,0545 4,0865
4,5248 4,5577
5,1955 5,2287
140 15:38
4,4291 4,4613
4,0552 4,0872
4,5255 4,5584
5,1955 5,2287
141 15:39
4,4298 4,4620
4,0557 4,0877
4,5256 4,5585
5,1964 5,2296
142 15:40
4,4295 4,4617
4,0549 4,0869
4,5249 4,5578
5,1956 5,2288
143 15:41
4,4295 4,4618
4,0553 4,0873
4,5247 4,5575
5,1955 5,2287
144 15:42
4,4297 4,4620
4,0555 4,0875
4,5257 4,5585
5,1958 5,2290
145 15:43
4,4296 4,4619
4,0550 4,0870
4,5260 4,5588
5,1957 5,2289
146 15:44
4,4297 4,4620
4,0551 4,0871
4,5257 4,5585
5,1954 5,2286
147 15:45
4,4301 4,4624
4,0557 4,0877
4,5261 4,5589
5,1953 5,2285
148 15:46
4,4303 4,4626
4,0557 4,0877
4,5259 4,5588
5,1952 5,2284
149 15:47
4,4307 4,4630
4,0560 4,0880
4,5263 4,5592
5,1957 5,2289
150 15:48
4,4307 4,4630
4,0564 4,0884
4,5261 4,5590
5,1958 5,2290
151 15:49
4,4308 4,4631
4,0567 4,0887
4,5264 4,5593
5,1967 5,2299
152 15:50
4,4309 4,4632
4,0566 4,0886
4,5265 4,5594
5,1968 5,2300
153 15:51
4,4304 4,4626
4,0562 4,0882
4,5259 4,5588
5,1958 5,2290
154 15:52
4,4303 4,4625
4,0565 4,0885
4,5252 4,5581
5,1963 5,2295
155 15:53
4,4309 4,4631
4,0569 4,0889
4,5262 4,5591
5,1970 5,2302
156 15:54
4,4311 4,4633
4,0571 4,0891
4,5262 4,5591
5,1973 5,2305
157 15:55
4,4311 4,4633
4,0569 4,0889
4,5264 4,5593
5,1973 5,2305
158 15:56
4,4311 4,4634
4,0568 4,0888
4,5263 4,5592
5,1961 5,2293
159 15:57
4,4299 4,4622
4,0566 4,0886
4,5251 4,5580
5,1947 5,2279
160 15:58
4,4296 4,4619
4,0567 4,0887
4,5245 4,5574
5,1950 5,2282
161 15:59
4,4299 4,4622
4,0568 4,0888
4,5248 4,5577
5,1954 5,2286
162 16:00
4,4296 4,4619
4,0567 4,0887
4,5249 4,5578
5,1950 5,2282
163 16:01
4,4291 4,4612
4,0558 4,0878
4,5242 4,5571
5,1943 5,2275
164 16:02
4,4291 4,4612
4,0558 4,0878
4,5241 4,5570
5,1932 5,2264
165 16:03
4,4299 4,4620
4,0571 4,0891
4,5259 4,5588
5,1928 5,2260
166 16:04
4,4290 4,4611
4,0560 4,0880
4,5245 4,5574
5,1914 5,2246
167 16:05
4,4288 4,4609
4,0561 4,0881
4,5239 4,5568
5,1915 5,2247
168 16:06
4,4287 4,4610
4,0561 4,0881
4,5245 4,5574
5,1909 5,2241
169 16:07
4,4289 4,4612
4,0564 4,0884
4,5245 4,5574
5,1914 5,2246
170 16:08
4,4286 4,4609
4,0562 4,0882
4,5240 4,5569
5,1917 5,2249
171 16:09
4,4286 4,4609
4,0562 4,0882
4,5233 4,5562
5,1915 5,2247
172 16:10
4,4286 4,4609
4,0562 4,0882
4,5230 4,5559
5,1923 5,2255
173 16:11
4,4286 4,4609
4,0562 4,0882
4,5227 4,5555
5,1922 5,2255
174 16:12
4,4284 4,4607
4,0554 4,0874
4,5222 4,5550
5,1917 5,2250
175 16:13
4,4288 4,4611
4,0563 4,0883
4,5226 4,5554
5,1912 5,2245
176 16:14
4,4290 4,4613
4,0565 4,0885
4,5231 4,5559
5,1911 5,2244
177 16:15
4,4292 4,4615
4,0582 4,0902
4,5244 4,5572
5,1917 5,2250
178 16:16
4,4299 4,4622
4,0587 4,0907
4,5256 4,5585
5,1925 5,2258
179 16:17
4,4305 4,4628
4,0590 4,0910
4,5261 4,5590
5,1935 5,2268
180 16:18
4,4297 4,4620
4,0583 4,0903
4,5255 4,5584
5,1926 5,2259
181 16:19
4,4296 4,4619
4,0580 4,0900
4,5247 4,5576
5,1924 5,2257
182 16:20
4,4300 4,4623
4,0589 4,0909
4,5254 4,5583
5,1932 5,2265
183 16:21
4,4301 4,4622
4,0581 4,0901
4,5240 4,5569
5,1932 5,2265
184 16:22
4,4303 4,4624
4,0584 4,0904
4,5249 4,5578
5,1932 5,2265
185 16:23
4,4308 4,4629
4,0586 4,0906
4,5233 4,5562
5,1935 5,2268
186 16:24
4,4329 4,4650
4,0604 4,0924
4,5248 4,5577
5,1959 5,2292
187 16:25
4,4329 4,4650
4,0602 4,0922
4,5251 4,5580
5,1959 5,2292
188 16:26
4,4323 4,4646
4,0597 4,0917
4,5249 4,5578
5,1957 5,2290
189 16:27
4,4323 4,4646
4,0597 4,0917
4,5247 4,5576
5,1956 5,2289
190 16:28
4,4322 4,4645
4,0589 4,0909
4,5235 4,5564
5,1959 5,2292
191 16:29
4,4324 4,4647
4,0589 4,0909
4,5237 4,5566
5,1967 5,2300
192 16:30
4,4325 4,4648
4,0590 4,0910
4,5238 4,5567
5,1968 5,2301
193 16:31
4,4328 4,4651
4,0600 4,0920
4,5242 4,5571
5,1971 5,2304
194 16:32
4,4326 4,4649
4,0595 4,0915
4,5239 4,5568
5,1969 5,2302
195 16:33
4,4320 4,4643
4,0587 4,0907
4,5241 4,5570
5,1961 5,2294
196 16:34
4,4319 4,4642
4,0587 4,0907
4,5239 4,5568
5,1963 5,2296
197 16:35
4,4324 4,4647
4,0587 4,0907
4,5238 4,5567
5,1966 5,2299
198 16:36
4,4323 4,4644
4,0580 4,0900
4,5237 4,5566
5,1964 5,2297
199 16:37
4,4326 4,4647
4,0584 4,0904
4,5235 4,5564
5,1959 5,2292
200 16:38
4,4322 4,4643
4,0581 4,0901
4,5225 4,5554
5,1954 5,2287
201 16:39
4,4324 4,4645
4,0583 4,0903
4,5233 4,5562
5,1956 5,2289
202 16:40
4,4327 4,4648
4,0582 4,0902
4,5232 4,5561
5,1960 5,2293
203 16:41
4,4329 4,4652
4,0586 4,0906
4,5233 4,5562
5,1964 5,2296
204 16:42
4,4330 4,4653
4,0589 4,0909
4,5250 4,5579
5,1968 5,2300
205 16:43
4,4325 4,4648
4,0582 4,0902
4,5252 4,5581
5,1960 5,2292
206 16:44
4,4325 4,4648
4,0592 4,0912
4,5261 4,5590
5,1972 5,2304
207 16:45
4,4326 4,4649
4,0591 4,0911
4,5257 4,5586
5,1973 5,2305
208 16:46
4,4326 4,4649
4,0593 4,0913
4,5258 4,5587
5,1982 5,2314
209 16:47
4,4326 4,4649
4,0578 4,0898
4,5246 4,5575
5,1973 5,2305
210 16:48
4,4316 4,4639
4,0564 4,0884
4,5245 4,5574
5,1966 5,2298
211 16:49
4,4315 4,4638
4,0566 4,0886
4,5244 4,5573
5,1966 5,2298
212 16:50
4,4313 4,4636
4,0568 4,0888
4,5243 4,5572
5,1951 5,2283
213 16:51
4,4318 4,4641
4,0565 4,0885
4,5258 4,5587
5,1964 5,2296
214 16:52
4,4318 4,4641
4,0560 4,0880
4,5261 4,5590
5,1963 5,2295
215 16:53
4,4320 4,4643
4,0567 4,0887
4,5260 4,5589
5,1963 5,2295
216 16:54
4,4320 4,4643
4,0565 4,0885
4,5260 4,5589
5,1963 5,2295
217 16:55
4,4316 4,4639
4,0563 4,0883
4,5256 4,5585
5,1961 5,2293
218 16:56
4,4315 4,4638
4,0564 4,0884
4,5257 4,5586
5,1960 5,2292
219 16:57
4,4314 4,4637
4,0564 4,0884
4,5260 4,5589
5,1955 5,2287
220 16:58
4,4301 4,4624
4,0555 4,0875
4,5255 4,5584
5,1936 5,2268
221 16:59
4,4318 4,4641
4,0570 4,0890
4,5276 4,5605
5,1947 5,2279
222 17:00
4,4323 4,4646
4,0575 4,0895
4,5277 4,5606
5,1951 5,2283
223 17:01
4,4316 4,4639
4,0567 4,0887
4,5275 4,5604
5,1942 5,2274
224 17:02
4,4311 4,4634
4,0556 4,0876
4,5267 4,5596
5,1934 5,2266
225 17:03
4,4304 4,4627
4,0554 4,0874
4,5262 4,5591
5,1933 5,2265
226 17:04
4,4304 4,4627
4,0554 4,0874
4,5260 4,5589
5,1942 5,2274
227 17:05
4,4308 4,4631
4,0561 4,0881
4,5255 4,5584
5,1952 5,2284
228 17:06
4,4306 4,4629
4,0559 4,0879
4,5260 4,5589
5,1950 5,2282
229 17:07
4,4307 4,4630
4,0558 4,0878
4,5261 4,5590
5,1943 5,2275
230 17:08
4,4306 4,4629
4,0552 4,0872
4,5260 4,5589
5,1934 5,2266
231 17:09
4,4307 4,4630
4,0551 4,0871
4,5263 4,5592
5,1938 5,2270
232 17:10
4,4292 4,4615
4,0535 4,0855
4,5249 4,5578
5,1924 5,2256
233 17:11
4,4289 4,4612
4,0535 4,0855
4,5243 4,5572
5,1924 5,2256
234 17:12
4,4289 4,4612
4,0535 4,0855
4,5238 4,5567
5,1927 5,2259
235 17:13
4,4290 4,4613
4,0533 4,0853
4,5239 4,5568
5,1915 5,2247
236 17:14
4,4290 4,4613
4,0530 4,0850
4,5242 4,5571
5,1913 5,2245
237 17:15
4,4289 4,4612
4,0539 4,0859
4,5240 4,5569
5,1909 5,2241
238 17:16
4,4288 4,4611
4,0533 4,0853
4,5236 4,5565
5,1907 5,2239
239 17:17
4,4289 4,4612
4,0532 4,0852
4,5238 4,5567
5,1905 5,2237
240 17:18
4,4288 4,4611
4,0531 4,0851
4,5232 4,5561
5,1903 5,2235
241 17:19
4,4286 4,4609
4,0528 4,0848
4,5225 4,5554
5,1898 5,2230
242 17:20
4,4286 4,4609
4,0528 4,0848
4,5228 4,5557
5,1899 5,2231
243 17:21
4,4285 4,4608
4,0531 4,0851
4,5229 4,5558
5,1898 5,2230
244 17:22
4,4285 4,4608
4,0533 4,0853
4,5229 4,5558
5,1898 5,2230
245 17:23
4,4282 4,4605
4,0528 4,0848
4,5226 4,5555
5,1896 5,2228
246 17:24
4,4276 4,4599
4,0520 4,0840
4,5220 4,5549
5,1889 5,2221
247 17:25
4,4275 4,4598
4,0518 4,0838
4,5214 4,5543
5,1886 5,2218
248 17:26
4,4276 4,4599
4,0510 4,0830
4,5215 4,5544
5,1887 5,2219
249 17:27
4,4279 4,4602
4,0515 4,0835
4,5224 4,5553
5,1888 5,2220
250 17:28
4,4280 4,4603
4,0517 4,0837
4,5229 4,5558
5,1883 5,2215
251 17:29
4,4285 4,4608
4,0518 4,0838
4,5234 4,5563
5,1888 5,2220
252 17:30
4,4285 4,4608
4,0520 4,0840
4,5239 4,5568
5,1891 5,2223
253 17:31
4,4286 4,4609
4,0519 4,0839
4,5244 4,5573
5,1893 5,2225
254 17:32
4,4289 4,4612
4,0521 4,0841
4,5247 4,5576
5,1899 5,2231
255 17:33
4,4289 4,4612
4,0525 4,0845
4,5244 4,5573
5,1892 5,2224
256 17:34
4,4289 4,4612
4,0531 4,0851
4,5245 4,5574
5,1896 5,2228
257 17:35
4,4289 4,4612
4,0529 4,0849
4,5247 4,5576
5,1896 5,2228
258 17:36
4,4289 4,4612
4,0531 4,0851
4,5247 4,5576
5,1893 5,2225
259 17:37
4,4289 4,4612
4,0538 4,0858
4,5252 4,5581
5,1899 5,2231
260 17:38
4,4304 4,4627
4,0550 4,0870
4,5267 4,5596
5,1920 5,2252
261 17:39
4,4304 4,4627
4,0552 4,0872
4,5267 4,5596
5,1914 5,2246
262 17:40
4,4304 4,4627
4,0552 4,0872
4,5268 4,5597
5,1914 5,2246
263 17:41
4,4317 4,4640
4,0557 4,0877
4,5281 4,5610
5,1929 5,2261
264 17:42
4,4315 4,4638
4,0558 4,0878
4,5278 4,5607
5,1929 5,2261
265 17:43
4,4313 4,4636
4,0559 4,0879
4,5276 4,5605
5,1930 5,2262
266 17:44
4,4314 4,4637
4,0559 4,0879
4,5282 4,5611
5,1932 5,2264
267 17:45
4,4314 4,4637
4,0556 4,0876
4,5282 4,5611
5,1933 5,2265
268 17:46
4,4315 4,4638
4,0553 4,0873
4,5279 4,5608
5,1936 5,2268
269 17:47
4,4315 4,4638
4,0556 4,0876
4,5278 4,5607
5,1936 5,2268
270 17:48
4,4315 4,4638
4,0558 4,0878
4,5279 4,5608
5,1939 5,2271
271 17:49
4,4319 4,4642
4,0568 4,0888
4,5287 4,5616
5,1947 5,2279
272 17:50
4,4319 4,4642
4,0567 4,0887
4,5287 4,5616
5,1943 5,2275
273 17:51
4,4311 4,4634
4,0562 4,0882
4,5279 4,5608
5,1936 5,2268
274 17:52
4,4312 4,4635
4,0559 4,0879
4,5280 4,5609
5,1935 5,2267
275 17:53
4,4312 4,4635
4,0563 4,0883
4,5280 4,5609
5,1935 5,2267
276 17:54
4,4311 4,4634
4,0564 4,0884
4,5274 4,5603
5,1934 5,2266
277 17:55
4,4311 4,4634
4,0567 4,0887
4,5274 4,5603
5,1934 5,2266
278 17:56
4,4310 4,4633
4,0566 4,0886
4,5273 4,5602
5,1932 5,2264
279 17:57
4,4304 4,4627
4,0557 4,0877
4,5267 4,5596
5,1921 5,2253
280 17:58
4,4303 4,4626
4,0557 4,0877
4,5262 4,5591
5,1925 5,2257
281 17:59
4,4299 4,4622
4,0557 4,0877
4,5258 4,5587
5,1918 5,2250
282 18:00
4,4311 4,4636
4,0564 4,0890
4,5270 4,5601
5,1933 5,2266
283 18:01
4,4316 4,4642
4,0560 4,0889
4,5276 4,5605
5,1934 5,2266
284 18:02
4,4317 4,4641
4,0557 4,0884
4,5275 4,5604
5,1932 5,2265
285 18:03
4,4314 4,4640
4,0554 4,0878
4,5272 4,5603
5,1932 5,2264
286 18:04
4,4309 4,4635
4,0550 4,0878
4,5267 4,5598
5,1926 5,2258
287 18:05
4,4309 4,4634
4,0546 4,0874
4,5269 4,5599
5,1923 5,2257
288 18:06
4,4310 4,4634
4,0547 4,0873
4,5268 4,5597
5,1924 5,2257
289 18:07
4,4306 4,4631
4,0545 4,0872
4,5266 4,5596
5,1921 5,2253
290 18:08
4,4307 4,4632
4,0555 4,0879
4,5270 4,5602
5,1920 5,2254
291 18:09
4,4308 4,4632
4,0560 4,0883
4,5271 4,5600
5,1915 5,2248
292 18:10
4,4307 4,4631
4,0563 4,0890
4,5270 4,5599
5,1923 5,2255
293 18:11
4,4307 4,4632
4,0564 4,0891
4,5266 4,5601
5,1925 5,2257
294 18:12
4,4307 4,4632
4,0567 4,0891
4,5272 4,5602
5,1930 5,2262
295 18:13
4,4307 4,4632
4,0563 4,0891
4,5272 4,5602
5,1933 5,2267
296 18:14
4,4307 4,4632
4,0563 4,0891
4,5272 4,5602
5,1943 5,2275
297 18:15
4,4309 4,4634
4,0572 4,0896
4,5277 4,5608
5,1947 5,2281
298 18:16
4,4307 4,4632
4,0572 4,0899
4,5275 4,5606
5,1945 5,2279
299 18:17
4,4310 4,4634
4,0573 4,0900
4,5278 4,5608
5,1948 5,2281
300 18:18
4,4305 4,4630
4,0570 4,0897
4,5273 4,5604
5,1944 5,2277
301 18:19
4,4303 4,4628
4,0571 4,0897
4,5272 4,5602
5,1940 5,2274
302 18:20
4,4304 4,4628
4,0568 4,0891
4,5276 4,5605
5,1941 5,2274
303 18:21
4,4303 4,4628
4,0568 4,0895
4,5271 4,5606
5,1946 5,2280
304 18:22
4,4304 4,4630
4,0567 4,0895
4,5272 4,5607
5,1946 5,2278
305 18:23
4,4304 4,4630
4,0567 4,0895
4,5276 4,5607
5,1941 5,2276
306 18:24
4,4315 4,4643
4,0577 4,0907
4,5285 4,5621
5,1954 5,2291
307 18:25
4,4312 4,4635
4,0577 4,0901
4,5285 4,5614
5,1950 5,2282
308 18:26
4,4316 4,4639
4,0580 4,0905
4,5285 4,5616
5,1955 5,2287
309 18:27
4,4318 4,4641
4,0577 4,0903
4,5288 4,5620
5,1958 5,2290
310 18:28
4,4316 4,4639
4,0568 4,0892
4,5281 4,5613
5,1949 5,2281
311 18:29
4,4315 4,4638
4,0570 4,0892
4,5279 4,5612
5,1945 5,2277
312 18:30
4,4314 4,4637
4,0569 4,0895
4,5282 4,5611
5,1945 5,2277
313 18:31
4,4314 4,4637
4,0570 4,0895
4,5281 4,5610
5,1937 5,2269
314 18:32
4,4313 4,4636
4,0572 4,0894
4,5281 4,5610
5,1924 5,2256
315 18:33
4,4312 4,4635
4,0571 4,0897
4,5280 4,5609
5,1914 5,2246
316 18:34
4,4312 4,4635
4,0571 4,0897
4,5282 4,5614
5,1908 5,2240
317 18:35
4,4312 4,4635
4,0575 4,0901
4,5276 4,5609
5,1902 5,2234
318 18:36
4,4308 4,4631
4,0580 4,0901
4,5277 4,5609
5,1884 5,2216
319 18:37
4,4307 4,4630
4,0574 4,0900
4,5271 4,5604
5,1884 5,2216
320 18:38
4,4308 4,4631
4,0576 4,0901
4,5275 4,5604
5,1890 5,2222
321 18:39
4,4307 4,4630
4,0574 4,0900
4,5271 4,5604
5,1890 5,2222
322 18:40
4,4308 4,4631
4,0576 4,0897
4,5273 4,5605
5,1887 5,2219
323 18:41
4,4308 4,4631
4,0576 4,0897
4,5272 4,5603
5,1878 5,2210
324 18:42
4,4309 4,4632
4,0576 4,0902
4,5277 4,5606
5,1886 5,2218
325 18:43
4,4309 4,4632
4,0576 4,0898
4,5277 4,5606
5,1886 5,2218
326 18:44
4,4309 4,4632
4,0572 4,0898
4,5273 4,5606
5,1886 5,2218
327 18:45
4,4309 4,4634
4,0572 4,0900
4,5275 4,5608
5,1886 5,2220
328 18:46
4,4309 4,4632
4,0581 4,0906
4,5277 4,5610
5,1880 5,2212
329 18:47
4,4310 4,4634
4,0581 4,0908
4,5278 4,5612
5,1874 5,2206
330 18:48
4,4309 4,4632
4,0580 4,0902
4,5277 4,5610
5,1880 5,2212
331 18:49
4,4308 4,4631
4,0579 4,0905
4,5276 4,5609
5,1879 5,2211
332 18:50
4,4309 4,4632
4,0581 4,0902
4,5278 4,5610
5,1879 5,2211
333 18:51
4,4308 4,4631
4,0575 4,0901
4,5276 4,5609
5,1882 5,2214
334 18:52
4,4308 4,4631
4,0575 4,0901
4,5272 4,5605
5,1885 5,2217
335 18:53
4,4310 4,4634
4,0577 4,0904
4,5274 4,5608
5,1887 5,2219
336 18:54
4,4309 4,4632
4,0576 4,0898
4,5273 4,5606
5,1892 5,2224
337 18:55
4,4309 4,4632
4,0574 4,0899
4,5275 4,5607
5,1887 5,2219
338 18:56
4,4310 4,4633
4,0573 4,0899
4,5280 4,5612
5,1887 5,2219
339 18:57
4,4311 4,4636
4,0578 4,0906
4,5281 4,5615
5,1890 5,2223
#======================
2023-6-19
# 1.EUR, 2.USD, 3.CHF, 4.GBP
Sell Price, Buy Price
1 18:58
4,4312 4,4635
4,0584 4,0909
4,5282 4,5614
5,1884 5,2216
2 18:59
4,4309 4,4632
4,0583 4,0909
4,5277 4,5610
5,1878 5,2210
3 19:00
4,4307 4,4636
4,0583 4,0914
4,5275 4,5614
5,1878 5,2216
4 19:01
4,4304 4,4637
4,0580 4,0911
4,5275 4,5617
5,1876 5,2219
5 19:02
4,4299 4,4626
4,0572 4,0901
4,5267 4,5604
5,1869 5,2205
6 19:03
4,4300 4,4628
4,0571 4,0901
4,5268 4,5606
5,1876 5,2213
7 19:04
4,4300 4,4628
4,0575 4,0902
4,5268 4,5606
5,1875 5,2209
8 19:05
4,4298 4,4625
4,0571 4,0900
4,5272 4,5604
5,1873 5,2205
9 19:06
4,4298 4,4625
4,0571 4,0900
4,5272 4,5604
5,1874 5,2211
10 19:07
4,4299 4,4627
4,0570 4,0900
4,5271 4,5604
5,1873 5,2211
11 19:08
4,4299 4,4627
4,0570 4,0900
4,5271 4,5604
5,1881 5,2218
12 19:09
4,4298 4,4625
4,0571 4,0900
4,5272 4,5604
5,1880 5,2216
13 19:10
4,4297 4,4624
4,0570 4,0899
4,5270 4,5607
5,1879 5,2216
14 19:11
4,4297 4,4626
4,0570 4,0901
4,5276 4,5614
5,1879 5,2218
15 19:12
4,4298 4,4626
4,0569 4,0899
4,5275 4,5612
5,1878 5,2216
16 19:13
4,4297 4,4626
4,0570 4,0901
4,5276 4,5614
5,1879 5,2218
17 19:14
4,4297 4,4626
4,0570 4,0901
4,5276 4,5614
5,1879 5,2218
18 19:15
4,4298 4,4627
4,0571 4,0902
4,5276 4,5611
5,1880 5,2218
19 19:16
4,4299 4,4626
4,0572 4,0897
4,5278 4,5610
5,1887 5,2230
20 19:17
4,4298 4,4627
4,0571 4,0898
4,5277 4,5611
5,1886 5,2224
21 19:18
4,4299 4,4627
4,0570 4,0896
4,5272 4,5610
5,1887 5,2224
22 19:19
4,4299 4,4630
4,0572 4,0901
4,5273 4,5615
5,1887 5,2227
23 19:20
4,4299 4,4626
4,0572 4,0897
4,5278 4,5614
5,1887 5,2223
24 19:21
4,4299 4,4627
4,0570 4,0896
4,5276 4,5613
5,1879 5,2223
25 19:22
4,4300 4,4626
4,0571 4,0895
4,5277 4,5608
5,1882 5,2217
26 19:23
4,4300 4,4626
4,0571 4,0895
4,5272 4,5609
5,1882 5,2217
27 19:24
4,4298 4,4625
4,0571 4,0900
4,5266 4,5603
5,1886 5,2222
28 19:25
4,4298 4,4625
4,0571 4,0900
4,5266 4,5603
5,1886 5,2222
29 19:26
4,4298 4,4625
4,0571 4,0900
4,5266 4,5603
5,1886 5,2222
30 19:27
4,4298 4,4625
4,0571 4,0900
4,5266 4,5603
5,1886 5,2222
31 19:28
4,4300 4,4626
4,0571 4,0896
4,5263 4,5598
5,1882 5,2217
32 19:29
4,4300 4,4626
4,0571 4,0896
4,5263 4,5598
5,1882 5,2217
33 19:30
4,4302 4,4629
4,0571 4,0900
4,5266 4,5603
5,1884 5,2220
34 19:31
4,4302 4,4629
4,0571 4,0900
4,5266 4,5603
5,1882 5,2214
35 19:32
4,4301 4,4628
4,0570 4,0899
4,5266 4,5602
5,1878 5,2221
36 19:33
4,4304 4,4628
4,0571 4,0897
4,5267 4,5596
5,1886 5,2219
37 19:34
4,4301 4,4629
4,0564 4,0894
4,5260 4,5598
5,1883 5,2220
38 19:35
4,4297 4,4624
4,0565 4,0891
4,5256 4,5593
5,1878 5,2218
39 19:36
4,4297 4,4624
4,0565 4,0891
4,5256 4,5593
5,1879 5,2216
40 19:37
4,4297 4,4624
4,0561 4,0891
4,5256 4,5593
5,1879 5,2216
41 19:38
4,4298 4,4626
4,0562 4,0893
4,5257 4,5595
5,1878 5,2216
42 19:39
4,4298 4,4625
4,0566 4,0893
4,5257 4,5594
5,1880 5,2216
43 19:40
4,4298 4,4625
4,0566 4,0896
4,5257 4,5594
5,1874 5,2211
44 19:41
4,4298 4,4627
4,0567 4,0898
4,5257 4,5596
5,1874 5,2213
45 19:42
4,4299 4,4627
4,0563 4,0894
4,5258 4,5596
5,1887 5,2224
46 19:43
4,4299 4,4627
4,0563 4,0894
4,5258 4,5596
5,1887 5,2224
47 19:44
4,4299 4,4627
4,0563 4,0894
4,5258 4,5596
5,1887 5,2224
48 19:45
4,4299 4,4627
4,0563 4,0894
4,5258 4,5596
5,1887 5,2224
