#======================
2023-3-27
# 1.EUR, 2.USD, 3.CHF, 4.GBP
Sell Price, Buy Price
1 08:46
4,6668 4,6990
4,3382 4,3705
4,7188 4,7518
5,3076 5,3410
2 08:47
4,6688 4,7010
4,3394 4,3717
4,7209 4,7539
5,3098 5,3432
3 08:48
4,6690 4,7012
4,3388 4,3711
4,7209 4,7539
5,3087 5,3421
4 08:49
4,6681 4,7003
4,3372 4,3695
4,7200 4,7530
5,3076 5,3410
5 08:50
4,6673 4,6995
4,3361 4,3684
4,7197 4,7527
5,3070 5,3404
6 08:51
4,6685 4,7007
4,3369 4,3692
4,7215 4,7545
5,3083 5,3417
7 08:52
4,6684 4,7006
4,3367 4,3690
4,7226 4,7556
5,3080 5,3414
8 08:53
4,6673 4,6995
4,3365 4,3688
4,7226 4,7556
5,3066 5,3400
9 08:54
4,6677 4,6999
4,3363 4,3686
4,7231 4,7561
5,3071 5,3405
10 08:55
4,6670 4,6992
4,3362 4,3685
4,7218 4,7548
5,3080 5,3414
11 08:56
4,6677 4,6999
4,3361 4,3684
4,7228 4,7558
5,3085 5,3419
12 08:57
4,6679 4,7001
4,3350 4,3673
4,7227 4,7557
5,3081 5,3415
13 08:58
4,6656 4,6978
4,3343 4,3666
4,7208 4,7538
5,3088 5,3422
14 08:59
4,6664 4,6986
4,3349 4,3672
4,7214 4,7544
5,3106 5,3440
15 09:00
4,6665 4,6987
4,3350 4,3673
4,7214 4,7544
5,3113 5,3447
16 09:01
4,6661 4,6983
4,3342 4,3665
4,7216 4,7546
5,3119 5,3453
17 09:02
4,6665 4,6987
4,3349 4,3672
4,7212 4,7542
5,3116 5,3450
18 09:03
4,6666 4,6988
4,3346 4,3669
4,7213 4,7543
5,3124 5,3458
19 09:04
4,6663 4,6985
4,3319 4,3642
4,7200 4,7530
5,3110 5,3444
20 09:05
4,6677 4,6999
4,3325 4,3648
4,7206 4,7536
5,3116 5,3450
21 09:06
4,6668 4,6991
4,3317 4,3639
4,7199 4,7529
5,3116 5,3450
22 09:07
4,6666 4,6989
4,3307 4,3629
4,7200 4,7530
5,3104 5,3438
23 09:08
4,6665 4,6988
4,3298 4,3620
4,7196 4,7526
5,3099 5,3433
24 09:09
4,6665 4,6988
4,3292 4,3614
4,7195 4,7525
5,3096 5,3430
25 09:10
4,6676 4,6999
4,3307 4,3629
4,7198 4,7528
5,3102 5,3436
26 09:11
4,6675 4,6998
4,3319 4,3641
4,7198 4,7527
5,3110 5,3445
27 09:12
4,6675 4,6998
4,3326 4,3648
4,7207 4,7536
5,3122 5,3457
28 09:13
4,6658 4,6981
4,3306 4,3628
4,7186 4,7515
5,3102 5,3437
29 09:14
4,6656 4,6979
4,3308 4,3630
4,7188 4,7517
5,3108 5,3443
30 09:15
4,6656 4,6979
4,3322 4,3644
4,7192 4,7521
5,3109 5,3444
31 09:16
4,6655 4,6978
4,3329 4,3651
4,7186 4,7515
5,3103 5,3437
32 09:17
4,6656 4,6979
4,3334 4,3656
4,7187 4,7516
5,3101 5,3435
33 09:18
4,6652 4,6975
4,3322 4,3644
4,7179 4,7508
5,3086 5,3420
34 09:19
4,6655 4,6978
4,3327 4,3649
4,7182 4,7511
5,3094 5,3428
35 09:20
4,6656 4,6979
4,3331 4,3653
4,7178 4,7507
5,3087 5,3421
36 09:21
4,6660 4,6983
4,3342 4,3664
4,7185 4,7515
5,3097 5,3431
37 09:22
4,6661 4,6984
4,3344 4,3666
4,7182 4,7512
5,3097 5,3431
38 09:23
4,6659 4,6982
4,3343 4,3665
4,7190 4,7520
5,3102 5,3436
39 09:24
4,6659 4,6982
4,3351 4,3673
4,7190 4,7520
5,3105 5,3439
40 09:25
4,6658 4,6981
4,3352 4,3674
4,7203 4,7533
5,3105 5,3439
41 09:26
4,6664 4,6987
4,3358 4,3680
4,7205 4,7534
5,3117 5,3451
42 09:27
4,6664 4,6987
4,3353 4,3675
4,7208 4,7537
5,3116 5,3450
43 09:28
4,6664 4,6987
4,3355 4,3677
4,7195 4,7524
5,3107 5,3441
44 09:29
4,6666 4,6989
4,3358 4,3680
4,7200 4,7529
5,3113 5,3447
45 09:30
4,6672 4,6995
4,3365 4,3687
4,7213 4,7542
5,3119 5,3453
46 09:31
4,6669 4,6992
4,3350 4,3672
4,7205 4,7536
5,3113 5,3447
47 09:32
4,6670 4,6993
4,3363 4,3685
4,7215 4,7546
5,3119 5,3453
48 09:33
4,6664 4,6987
4,3375 4,3697
4,7214 4,7545
5,3119 5,3453
49 09:34
4,6671 4,6994
4,3380 4,3702
4,7224 4,7555
5,3127 5,3461
50 09:35
4,6670 4,6993
4,3373 4,3695
4,7236 4,7567
5,3120 5,3454
51 09:36
4,6675 4,6998
4,3364 4,3686
4,7240 4,7569
5,3127 5,3461
52 09:37
4,6671 4,6994
4,3364 4,3686
4,7245 4,7574
5,3121 5,3455
53 09:38
4,6667 4,6990
4,3348 4,3670
4,7234 4,7563
5,3113 5,3447
54 09:39
4,6668 4,6991
4,3357 4,3679
4,7238 4,7567
5,3117 5,3451
55 09:40
4,6665 4,6988
4,3364 4,3686
4,7251 4,7580
5,3117 5,3451
56 09:41
4,6665 4,6988
4,3371 4,3693
4,7259 4,7588
5,3118 5,3452
57 09:42
4,6666 4,6989
4,3359 4,3681
4,7264 4,7593
5,3112 5,3446
58 09:43
4,6661 4,6984
4,3361 4,3683
4,7260 4,7589
5,3100 5,3434
59 09:44
4,6661 4,6984
4,3351 4,3673
4,7255 4,7584
5,3095 5,3429
60 09:45
4,6661 4,6984
4,3355 4,3677
4,7255 4,7584
5,3103 5,3437
61 09:46
4,6665 4,6988
4,3377 4,3699
4,7264 4,7593
5,3115 5,3449
62 09:47
4,6673 4,6996
4,3388 4,3710
4,7274 4,7603
5,3130 5,3464
63 09:48
4,6671 4,6994
4,3398 4,3720
4,7279 4,7608
5,3121 5,3455
64 09:49
4,6668 4,6991
4,3412 4,3734
4,7274 4,7603
5,3130 5,3464
65 09:50
4,6673 4,6996
4,3423 4,3745
4,7291 4,7620
5,3137 5,3471
66 09:51
4,6674 4,6997
4,3417 4,3739
4,7301 4,7630
5,3139 5,3473
67 09:52
4,6674 4,6997
4,3432 4,3754
4,7302 4,7631
5,3146 5,3480
68 09:53
4,6669 4,6992
4,3413 4,3735
4,7296 4,7625
5,3134 5,3468
69 09:54
4,6674 4,6997
4,3407 4,3729
4,7323 4,7652
5,3142 5,3476
70 09:55
4,6675 4,6998
4,3410 4,3732
4,7315 4,7644
5,3141 5,3475
71 09:56
4,6669 4,6992
4,3398 4,3720
4,7301 4,7630
5,3128 5,3462
72 09:57
4,6674 4,6997
4,3405 4,3727
4,7292 4,7621
5,3137 5,3471
73 09:58
4,6674 4,6997
4,3407 4,3729
4,7292 4,7621
5,3140 5,3474
74 09:59
4,6673 4,6996
4,3412 4,3734
4,7300 4,7629
5,3141 5,3475
75 10:00
4,6672 4,6995
4,3403 4,3725
4,7290 4,7619
5,3128 5,3462
76 10:01
4,6674 4,6997
4,3389 4,3711
4,7273 4,7603
5,3119 5,3453
77 10:02
4,6699 4,7022
4,3413 4,3735
4,7304 4,7634
5,3137 5,3471
78 10:03
4,6668 4,6991
4,3375 4,3697
4,7271 4,7601
5,3104 5,3438
79 10:04
4,6668 4,6991
4,3367 4,3689
4,7271 4,7601
5,3112 5,3446
80 10:05
4,6724 4,7047
4,3417 4,3739
4,7333 4,7663
5,3175 5,3509
81 10:06
4,6718 4,7041
4,3415 4,3737
4,7331 4,7662
5,3181 5,3515
82 10:07
4,6719 4,7042
4,3415 4,3737
4,7332 4,7663
5,3187 5,3521
83 10:08
4,6716 4,7039
4,3406 4,3728
4,7331 4,7662
5,3178 5,3512
84 10:09
4,6694 4,7017
4,3361 4,3683
4,7304 4,7635
5,3144 5,3478
85 10:10
4,6696 4,7019
4,3375 4,3697
4,7308 4,7639
5,3158 5,3492
86 10:11
4,6685 4,7008
4,3373 4,3695
4,7305 4,7635
5,3152 5,3486
87 10:12
4,6691 4,7014
4,3371 4,3693
4,7326 4,7656
5,3142 5,3476
88 10:13
4,6689 4,7012
4,3365 4,3687
4,7324 4,7654
5,3131 5,3465
89 10:14
4,6693 4,7016
4,3375 4,3697
4,7317 4,7647
5,3148 5,3482
90 10:15
4,6701 4,7024
4,3384 4,3706
4,7322 4,7652
5,3161 5,3495
91 10:16
4,6700 4,7023
4,3403 4,3725
4,7333 4,7662
5,3172 5,3506
92 10:17
4,6699 4,7022
4,3406 4,3728
4,7344 4,7673
5,3171 5,3505
93 10:18
4,6697 4,7020
4,3409 4,3731
4,7342 4,7671
5,3181 5,3515
94 10:19
4,6688 4,7011
4,3396 4,3718
4,7338 4,7667
5,3175 5,3509
95 10:20
4,6669 4,6992
4,3373 4,3695
4,7308 4,7637
5,3155 5,3489
96 10:21
4,6670 4,6993
4,3361 4,3683
4,7309 4,7638
5,3153 5,3487
97 10:22
4,6665 4,6988
4,3343 4,3665
4,7300 4,7629
5,3134 5,3468
98 10:23
4,6661 4,6984
4,3317 4,3639
4,7296 4,7625
5,3115 5,3449
99 10:24
4,6666 4,6989
4,3327 4,3649
4,7306 4,7635
5,3118 5,3452
100 10:25
4,6663 4,6986
4,3332 4,3654
4,7291 4,7620
5,3121 5,3455
101 10:26
4,6665 4,6988
4,3330 4,3652
4,7274 4,7604
5,3121 5,3455
102 10:27
4,6666 4,6989
4,3343 4,3665
4,7265 4,7595
5,3116 5,3450
103 10:28
4,6669 4,6992
4,3346 4,3668
4,7268 4,7598
5,3121 5,3455
104 10:29
4,6663 4,6986
4,3323 4,3645
4,7254 4,7584
5,3115 5,3449
105 10:30
4,6668 4,6991
4,3333 4,3655
4,7267 4,7597
5,3124 5,3458
106 10:31
4,6668 4,6991
4,3325 4,3647
4,7262 4,7592
5,3124 5,3458
107 10:32
4,6673 4,6996
4,3324 4,3646
4,7258 4,7588
5,3139 5,3473
108 10:33
4,6673 4,6996
4,3324 4,3646
4,7272 4,7602
5,3163 5,3497
109 10:34
4,6676 4,6999
4,3329 4,3651
4,7276 4,7606
5,3164 5,3498
110 10:35
4,6677 4,7000
4,3331 4,3653
4,7261 4,7591
5,3152 5,3486
111 10:36
4,6676 4,6999
4,3336 4,3658
4,7275 4,7604
5,3163 5,3497
112 10:37
4,6672 4,6995
4,3331 4,3653
4,7266 4,7595
5,3159 5,3493
113 10:38
4,6670 4,6993
4,3331 4,3653
4,7271 4,7600
5,3145 5,3479
114 10:39
4,6675 4,6998
4,3338 4,3660
4,7274 4,7603
5,3144 5,3478
115 10:40
4,6675 4,6998
4,3348 4,3670
4,7274 4,7603
5,3150 5,3484
116 10:41
4,6675 4,6998
4,3355 4,3677
4,7278 4,7607
5,3165 5,3499
117 10:42
4,6676 4,6999
4,3356 4,3678
4,7289 4,7618
5,3160 5,3494
118 10:43
4,6679 4,7002
4,3363 4,3685
4,7292 4,7621
5,3161 5,3495
119 10:44
4,6681 4,7004
4,3357 4,3679
4,7296 4,7625
5,3167 5,3501
120 10:45
4,6681 4,7004
4,3347 4,3669
4,7280 4,7609
5,3157 5,3491
121 10:46
4,6683 4,7006
4,3349 4,3671
4,7281 4,7610
5,3165 5,3499
122 10:47
4,6682 4,7005
4,3350 4,3672
4,7286 4,7615
5,3167 5,3501
123 10:48
4,6676 4,6999
4,3339 4,3661
4,7275 4,7604
5,3157 5,3491
124 10:49
4,6677 4,7000
4,3348 4,3670
4,7293 4,7622
5,3159 5,3493
125 10:50
4,6676 4,6999
4,3341 4,3663
4,7309 4,7638
5,3148 5,3482
126 10:51
4,6676 4,6999
4,3357 4,3679
4,7309 4,7639
5,3167 5,3501
127 10:52
4,6666 4,6989
4,3338 4,3660
4,7304 4,7634
5,3158 5,3492
128 10:53
4,6668 4,6991
4,3337 4,3659
4,7300 4,7630
5,3160 5,3494
129 10:54
4,6670 4,6993
4,3341 4,3663
4,7314 4,7644
5,3165 5,3499
130 10:55
4,6671 4,6994
4,3341 4,3663
4,7324 4,7654
5,3166 5,3500
131 10:56
4,6671 4,6994
4,3341 4,3663
4,7330 4,7659
5,3169 5,3503
132 10:57
4,6671 4,6994
4,3342 4,3664
4,7326 4,7655
5,3173 5,3507
133 10:58
4,6696 4,7019
4,3371 4,3693
4,7332 4,7661
5,3202 5,3536
134 10:59
4,6694 4,7017
4,3365 4,3687
4,7324 4,7653
5,3201 5,3535
135 11:00
4,6693 4,7016
4,3363 4,3685
4,7330 4,7659
5,3204 5,3538
136 11:01
4,6698 4,7021
4,3363 4,3685
4,7333 4,7663
5,3208 5,3542
137 11:02
4,6691 4,7014
4,3360 4,3682
4,7327 4,7657
5,3199 5,3533
138 11:03
4,6680 4,7003
4,3348 4,3670
4,7312 4,7642
5,3189 5,3523
139 11:04
4,6677 4,7000
4,3346 4,3668
4,7315 4,7645
5,3183 5,3517
140 11:05
4,6680 4,7003
4,3348 4,3670
4,7317 4,7647
5,3186 5,3520
141 11:06
4,6681 4,7004
4,3352 4,3674
4,7319 4,7649
5,3188 5,3522
142 11:07
4,6683 4,7006
4,3350 4,3672
4,7311 4,7641
5,3184 5,3518
143 11:08
4,6677 4,7000
4,3344 4,3666
4,7319 4,7649
5,3180 5,3514
144 11:09
4,6677 4,7000
4,3346 4,3668
4,7339 4,7669
5,3180 5,3514
145 11:10
4,6669 4,6992
4,3336 4,3658
4,7325 4,7655
5,3170 5,3504
146 11:11
4,6665 4,6988
4,3335 4,3657
4,7311 4,7642
5,3160 5,3494
147 11:12
4,6674 4,6997
4,3350 4,3672
4,7315 4,7646
5,3170 5,3504
148 11:13
4,6678 4,7001
4,3371 4,3693
4,7324 4,7655
5,3184 5,3518
149 11:14
4,6675 4,6998
4,3372 4,3694
4,7323 4,7654
5,3183 5,3517
150 11:15
4,6676 4,6999
4,3379 4,3701
4,7323 4,7654
5,3182 5,3516
151 11:16
4,6675 4,6998
4,3386 4,3708
4,7322 4,7652
5,3184 5,3518
152 11:17
4,6679 4,7002
4,3392 4,3714
4,7329 4,7659
5,3200 5,3534
153 11:18
4,6677 4,7000
4,3380 4,3702
4,7338 4,7668
5,3194 5,3528
154 11:19
4,6673 4,6996
4,3361 4,3683
4,7296 4,7626
5,3182 5,3516
155 11:20
4,6666 4,6989
4,3345 4,3667
4,7282 4,7612
5,3164 5,3498
156 11:21
4,6666 4,6989
4,3337 4,3659
4,7279 4,7608
5,3158 5,3492
157 11:22
4,6665 4,6988
4,3338 4,3660
4,7271 4,7600
5,3153 5,3487
158 11:23
4,6665 4,6988
4,3336 4,3658
4,7281 4,7610
5,3157 5,3491
159 11:24
4,6662 4,6985
4,3332 4,3654
4,7273 4,7602
5,3148 5,3482
160 11:25
4,6658 4,6981
4,3330 4,3652
4,7271 4,7600
5,3140 5,3474
161 11:26
4,6643 4,6966
4,3318 4,3640
4,7257 4,7587
5,3134 5,3468
162 11:27
4,6647 4,6970
4,3330 4,3652
4,7257 4,7587
5,3142 5,3476
163 11:28
4,6639 4,6962
4,3324 4,3646
4,7247 4,7577
5,3129 5,3463
164 11:29
4,6649 4,6972
4,3341 4,3663
4,7267 4,7597
5,3151 5,3485
165 11:30
4,6653 4,6976
4,3341 4,3663
4,7269 4,7599
5,3165 5,3499
166 11:31
4,6659 4,6982
4,3347 4,3669
4,7274 4,7605
5,3165 5,3499
167 11:32
4,6660 4,6983
4,3356 4,3678
4,7277 4,7608
5,3169 5,3503
168 11:33
4,6659 4,6982
4,3355 4,3677
4,7271 4,7602
5,3169 5,3503
169 11:34
4,6663 4,6986
4,3355 4,3677
4,7275 4,7606
5,3170 5,3504
170 11:35
4,6662 4,6985
4,3354 4,3676
4,7272 4,7603
5,3173 5,3507
171 11:36
4,6662 4,6985
4,3356 4,3678
4,7278 4,7608
5,3172 5,3506
172 11:37
4,6660 4,6983
4,3358 4,3680
4,7292 4,7622
5,3176 5,3510
173 11:38
4,6660 4,6983
4,3360 4,3682
4,7278 4,7608
5,3173 5,3507
174 11:39
4,6661 4,6984
4,3361 4,3683
4,7279 4,7609
5,3168 5,3502
175 11:40
4,6658 4,6981
4,3356 4,3678
4,7271 4,7601
5,3165 5,3499
176 11:41
4,6663 4,6986
4,3355 4,3677
4,7276 4,7606
5,3174 5,3508
177 11:42
4,6669 4,6992
4,3370 4,3692
4,7282 4,7612
5,3189 5,3523
178 11:43
4,6677 4,7000
4,3378 4,3700
4,7290 4,7620
5,3201 5,3535
179 11:44
4,6679 4,7002
4,3390 4,3712
4,7293 4,7623
5,3198 5,3532
180 11:45
4,6683 4,7006
4,3392 4,3714
4,7307 4,7637
5,3197 5,3531
181 11:46
4,6681 4,7004
4,3376 4,3698
4,7312 4,7642
5,3191 5,3525
182 11:47
4,6676 4,6999
4,3385 4,3707
4,7304 4,7634
5,3182 5,3516
183 11:48
4,6676 4,6999
4,3377 4,3699
4,7299 4,7629
5,3176 5,3510
184 11:49
4,6675 4,6998
4,3374 4,3696
4,7298 4,7628
5,3184 5,3518
185 11:50
4,6668 4,6991
4,3368 4,3690
4,7301 4,7631
5,3170 5,3504
186 11:51
4,6671 4,6994
4,3364 4,3686
4,7301 4,7630
5,3173 5,3507
187 11:52
4,6672 4,6995
4,3363 4,3685
4,7309 4,7638
5,3165 5,3499
188 11:53
4,6670 4,6993
4,3351 4,3673
4,7305 4,7634
5,3160 5,3494
189 11:54
4,6668 4,6991
4,3342 4,3664
4,7291 4,7620
5,3149 5,3483
190 11:55
4,6668 4,6991
4,3341 4,3663
4,7272 4,7601
5,3147 5,3481
191 11:56
4,6657 4,6980
4,3331 4,3653
4,7265 4,7594
5,3127 5,3461
192 11:57
4,6673 4,6996
4,3336 4,3658
4,7279 4,7608
5,3139 5,3473
193 11:58
4,6674 4,6997
4,3337 4,3659
4,7283 4,7612
5,3140 5,3474
194 11:59
4,6675 4,6998
4,3344 4,3666
4,7288 4,7617
5,3144 5,3478
195 12:00
4,6674 4,6997
4,3356 4,3678
4,7298 4,7627
5,3144 5,3478
196 12:01
4,6674 4,6997
4,3341 4,3663
4,7302 4,7631
5,3155 5,3489
197 12:02
4,6673 4,6996
4,3346 4,3668
4,7302 4,7631
5,3151 5,3485
198 12:03
4,6675 4,6998
4,3353 4,3675
4,7301 4,7630
5,3144 5,3478
199 12:04
4,6672 4,6995
4,3349 4,3671
4,7297 4,7626
5,3144 5,3478
200 12:05
4,6671 4,6994
4,3350 4,3672
4,7299 4,7628
5,3143 5,3477
201 12:06
4,6666 4,6989
4,3327 4,3649
4,7284 4,7613
5,3146 5,3480
202 12:07
4,6666 4,6989
4,3335 4,3657
4,7283 4,7612
5,3149 5,3483
203 12:08
4,6669 4,6992
4,3338 4,3660
4,7287 4,7616
5,3153 5,3487
204 12:09
4,6668 4,6991
4,3339 4,3661
4,7284 4,7613
5,3157 5,3491
205 12:10
4,6666 4,6989
4,3337 4,3659
4,7282 4,7611
5,3153 5,3487
206 12:11
4,6675 4,6998
4,3342 4,3664
4,7303 4,7633
5,3159 5,3493
207 12:12
4,6675 4,6998
4,3342 4,3664
4,7312 4,7642
5,3159 5,3493
208 12:13
4,6675 4,6998
4,3346 4,3668
4,7309 4,7639
5,3156 5,3490
209 12:14
4,6675 4,6998
4,3342 4,3664
4,7332 4,7662
5,3147 5,3481
210 12:15
4,6686 4,7009
4,3358 4,3680
4,7344 4,7674
5,3169 5,3503
211 12:16
4,6689 4,7012
4,3361 4,3683
4,7325 4,7654
5,3181 5,3515
212 12:17
4,6694 4,7017
4,3371 4,3693
4,7327 4,7656
5,3183 5,3517
213 12:18
4,6693 4,7016
4,3361 4,3683
4,7330 4,7659
5,3180 5,3514
214 12:19
4,6693 4,7016
4,3364 4,3686
4,7331 4,7660
5,3177 5,3511
215 12:20
4,6694 4,7017
4,3369 4,3691
4,7332 4,7661
5,3181 5,3515
216 12:21
4,6694 4,7017
4,3367 4,3689
4,7351 4,7681
5,3184 5,3518
217 12:22
4,6689 4,7012
4,3359 4,3681
4,7341 4,7671
5,3178 5,3512
218 12:23
4,6688 4,7011
4,3358 4,3680
4,7350 4,7680
5,3177 5,3511
219 12:24
4,6669 4,6992
4,3348 4,3670
4,7328 4,7658
5,3159 5,3493
220 12:25
4,6675 4,6998
4,3356 4,3678
4,7334 4,7664
5,3165 5,3499
221 12:26
4,6675 4,6998
4,3359 4,3681
4,7331 4,7661
5,3168 5,3502
222 12:27
4,6675 4,6998
4,3363 4,3685
4,7334 4,7664
5,3164 5,3498
223 12:28
4,6675 4,6998
4,3357 4,3679
4,7331 4,7661
5,3159 5,3493
224 12:29
4,6676 4,6999
4,3358 4,3680
4,7319 4,7649
5,3160 5,3494
225 12:30
4,6682 4,7005
4,3362 4,3684
4,7320 4,7650
5,3167 5,3501
226 12:31
4,6682 4,7005
4,3370 4,3692
4,7324 4,7653
5,3179 5,3513
227 12:32
4,6682 4,7005
4,3364 4,3686
4,7320 4,7649
5,3179 5,3513
228 12:33
4,6682 4,7005
4,3370 4,3692
4,7320 4,7649
5,3182 5,3516
229 12:34
4,6677 4,7000
4,3370 4,3692
4,7319 4,7648
5,3168 5,3502
230 12:35
4,6677 4,7000
4,3366 4,3688
4,7324 4,7653
5,3165 5,3499
231 12:36
4,6677 4,7000
4,3366 4,3688
4,7305 4,7634
5,3171 5,3505
232 12:37
4,6678 4,7001
4,3365 4,3687
4,7306 4,7635
5,3187 5,3521
233 12:38
4,6677 4,7000
4,3360 4,3682
4,7303 4,7632
5,3186 5,3520
234 12:39
4,6677 4,7000
4,3366 4,3688
4,7309 4,7638
5,3186 5,3520
235 12:40
4,6678 4,7001
4,3363 4,3685
4,7306 4,7635
5,3187 5,3521
236 12:41
4,6681 4,7004
4,3364 4,3686
4,7328 4,7657
5,3184 5,3518
237 12:42
4,6681 4,7004
4,3361 4,3683
4,7321 4,7650
5,3180 5,3514
238 12:43
4,6680 4,7003
4,3360 4,3682
4,7320 4,7649
5,3174 5,3508
239 12:44
4,6680 4,7003
4,3358 4,3680
4,7327 4,7656
5,3177 5,3511
240 12:45
4,6680 4,7003
4,3360 4,3682
4,7332 4,7661
5,3171 5,3505
241 12:46
4,6680 4,7003
4,3356 4,3678
4,7329 4,7658
5,3173 5,3507
242 12:47
4,6685 4,7008
4,3355 4,3677
4,7339 4,7668
5,3174 5,3508
243 12:48
4,6688 4,7011
4,3354 4,3676
4,7337 4,7666
5,3177 5,3511
244 12:49
4,6689 4,7012
4,3353 4,3675
4,7336 4,7665
5,3182 5,3516
245 12:50
4,6688 4,7011
4,3356 4,3678
4,7340 4,7669
5,3180 5,3514
246 12:51
4,6690 4,7014
4,3362 4,3684
4,7347 4,7677
5,3191 5,3525
247 12:52
4,6688 4,7012
4,3356 4,3678
4,7340 4,7670
5,3189 5,3523
248 12:53
4,6691 4,7015
4,3359 4,3681
4,7334 4,7664
5,3187 5,3521
249 12:54
4,6688 4,7012
4,3358 4,3680
4,7323 4,7653
5,3189 5,3523
250 12:55
4,6689 4,7013
4,3365 4,3687
4,7331 4,7661
5,3194 5,3528
251 12:56
4,6692 4,7015
4,3354 4,3676
4,7333 4,7663
5,3188 5,3522
252 12:57
4,6697 4,7020
4,3362 4,3684
4,7347 4,7677
5,3196 5,3530
253 12:58
4,6696 4,7019
4,3371 4,3693
4,7339 4,7669
5,3195 5,3529
254 12:59
4,6688 4,7011
4,3358 4,3680
4,7317 4,7647
5,3195 5,3529
255 13:00
4,6692 4,7015
4,3355 4,3677
4,7320 4,7650
5,3198 5,3532
256 13:01
4,6694 4,7017
4,3358 4,3680
4,7327 4,7657
5,3196 5,3530
257 13:02
4,6695 4,7018
4,3362 4,3684
4,7330 4,7660
5,3200 5,3534
258 13:03
4,6694 4,7017
4,3354 4,3676
4,7325 4,7655
5,3200 5,3534
259 13:04
4,6688 4,7011
4,3345 4,3667
4,7318 4,7648
5,3186 5,3520
260 13:05
4,6686 4,7009
4,3343 4,3665
4,7325 4,7655
5,3193 5,3527
261 13:06
4,6685 4,7008
4,3343 4,3665
4,7332 4,7662
5,3192 5,3526
262 13:07
4,6686 4,7009
4,3345 4,3667
4,7316 4,7646
5,3195 5,3529
263 13:08
4,6688 4,7011
4,3340 4,3662
4,7326 4,7656
5,3213 5,3547
264 13:09
4,6684 4,7007
4,3332 4,3654
4,7318 4,7648
5,3203 5,3537
265 13:10
4,6690 4,7013
4,3345 4,3667
4,7318 4,7648
5,3206 5,3540
266 13:11
4,6708 4,7031
4,3360 4,3682
4,7341 4,7671
5,3230 5,3564
267 13:12
4,6701 4,7024
4,3353 4,3675
4,7324 4,7654
5,3219 5,3553
268 13:13
4,6710 4,7033
4,3358 4,3680
4,7329 4,7659
5,3223 5,3557
269 13:14
4,6708 4,7031
4,3360 4,3682
4,7327 4,7657
5,3221 5,3555
270 13:15
4,6708 4,7031
4,3362 4,3684
4,7322 4,7652
5,3221 5,3555
271 13:16
4,6706 4,7029
4,3360 4,3682
4,7322 4,7652
5,3219 5,3553
272 13:17
4,6707 4,7030
4,3357 4,3679
4,7318 4,7648
5,3208 5,3542
273 13:18
4,6706 4,7029
4,3350 4,3672
4,7310 4,7640
5,3195 5,3529
274 13:19
4,6706 4,7029
4,3350 4,3672
4,7310 4,7640
5,3197 5,3531
275 13:20
4,6692 4,7015
4,3319 4,3641
4,7296 4,7626
5,3163 5,3497
276 13:21
4,6690 4,7014
4,3328 4,3650
4,7307 4,7637
5,3168 5,3502
277 13:22
4,6690 4,7014
4,3323 4,3645
4,7301 4,7631
5,3164 5,3498
278 13:23
4,6688 4,7012
4,3321 4,3643
4,7299 4,7629
5,3165 5,3499
279 13:24
4,6687 4,7011
4,3321 4,3643
4,7296 4,7626
5,3179 5,3513
280 13:25
4,6687 4,7011
4,3323 4,3645
4,7294 4,7624
5,3192 5,3526
281 13:26
4,6685 4,7008
4,3323 4,3645
4,7294 4,7624
5,3186 5,3520
282 13:27
4,6686 4,7009
4,3330 4,3652
4,7309 4,7639
5,3196 5,3530
283 13:28
4,6687 4,7010
4,3331 4,3653
4,7308 4,7638
5,3200 5,3534
284 13:29
4,6687 4,7010
4,3337 4,3659
4,7315 4,7645
5,3197 5,3531
285 13:30
4,6689 4,7012
4,3343 4,3665
4,7320 4,7650
5,3200 5,3534
286 13:31
4,6689 4,7012
4,3332 4,3654
4,7326 4,7656
5,3199 5,3533
287 13:32
4,6688 4,7011
4,3331 4,3653
4,7313 4,7643
5,3192 5,3526
288 13:33
4,6680 4,7003
4,3324 4,3646
4,7294 4,7624
5,3187 5,3521
289 13:34
4,6685 4,7008
4,3329 4,3651
4,7296 4,7626
5,3189 5,3523
290 13:35
4,6685 4,7008
4,3321 4,3643
4,7289 4,7619
5,3189 5,3523
291 13:36
4,6684 4,7008
4,3318 4,3640
4,7276 4,7606
5,3185 5,3519
292 13:37
4,6684 4,7008
4,3316 4,3638
4,7288 4,7618
5,3185 5,3519
293 13:38
4,6685 4,7009
4,3317 4,3639
4,7289 4,7619
5,3185 5,3519
294 13:39
4,6685 4,7009
4,3317 4,3639
4,7289 4,7619
5,3180 5,3514
295 13:40
4,6684 4,7008
4,3317 4,3639
4,7286 4,7616
5,3178 5,3512
296 13:41
4,6683 4,7007
4,3307 4,3629
4,7277 4,7607
5,3177 5,3512
297 13:42
4,6685 4,7009
4,3310 4,3632
4,7279 4,7609
5,3170 5,3505
298 13:43
4,6684 4,7008
4,3318 4,3640
4,7278 4,7608
5,3179 5,3514
299 13:44
4,6683 4,7007
4,3316 4,3638
4,7272 4,7602
5,3177 5,3512
300 13:45
4,6683 4,7007
4,3320 4,3642
4,7275 4,7605
5,3180 5,3515
301 13:46
4,6684 4,7007
4,3318 4,3640
4,7278 4,7608
5,3176 5,3510
302 13:47
4,6684 4,7007
4,3318 4,3640
4,7278 4,7608
5,3179 5,3513
303 13:48
4,6683 4,7006
4,3317 4,3639
4,7273 4,7603
5,3172 5,3506
304 13:49
4,6683 4,7006
4,3323 4,3645
4,7281 4,7611
5,3172 5,3506
305 13:50
4,6689 4,7012
4,3322 4,3644
4,7288 4,7618
5,3174 5,3508
306 13:51
4,6689 4,7013
4,3312 4,3634
4,7285 4,7615
5,3179 5,3512
307 13:52
4,6692 4,7016
4,3325 4,3647
4,7284 4,7614
5,3180 5,3513
308 13:53
4,6694 4,7018
4,3330 4,3652
4,7288 4,7618
5,3184 5,3517
309 13:54
4,6694 4,7018
4,3327 4,3649
4,7281 4,7611
5,3183 5,3516
310 13:55
4,6695 4,7019
4,3335 4,3657
4,7282 4,7612
5,3183 5,3516
311 13:56
4,6694 4,7017
4,3343 4,3665
4,7276 4,7606
5,3183 5,3517
312 13:57
4,6694 4,7017
4,3347 4,3669
4,7279 4,7609
5,3187 5,3521
313 13:58
4,6684 4,7007
4,3342 4,3664
4,7263 4,7593
5,3184 5,3518
314 13:59
4,6683 4,7006
4,3331 4,3653
4,7269 4,7599
5,3177 5,3511
315 14:00
4,6681 4,7004
4,3331 4,3653
4,7285 4,7615
5,3173 5,3507
316 14:01
4,6682 4,7004
4,3329 4,3651
4,7286 4,7615
5,3184 5,3518
317 14:02
4,6682 4,7004
4,3326 4,3648
4,7282 4,7611
5,3184 5,3518
318 14:03
4,6680 4,7002
4,3323 4,3645
4,7280 4,7609
5,3178 5,3512
319 14:04
4,6681 4,7003
4,3322 4,3644
4,7279 4,7608
5,3181 5,3515
320 14:05
4,6677 4,6999
4,3328 4,3650
4,7277 4,7606
5,3179 5,3513
321 14:06
4,6677 4,7001
4,3329 4,3651
4,7273 4,7603
5,3177 5,3511
322 14:07
4,6676 4,7000
4,3329 4,3651
4,7266 4,7596
5,3176 5,3510
323 14:08
4,6667 4,6991
4,3310 4,3632
4,7246 4,7576
5,3159 5,3493
324 14:09
4,6667 4,6991
4,3315 4,3637
4,7249 4,7579
5,3159 5,3493
325 14:10
4,6666 4,6990
4,3308 4,3630
4,7249 4,7579
5,3153 5,3487
326 14:11
4,6668 4,6990
4,3304 4,3626
4,7249 4,7578
5,3159 5,3493
327 14:12
4,6666 4,6988
4,3300 4,3622
4,7244 4,7573
5,3154 5,3488
328 14:13
4,6667 4,6989
4,3303 4,3625
4,7246 4,7575
5,3165 5,3499
329 14:14
4,6678 4,7000
4,3316 4,3638
4,7262 4,7591
5,3174 5,3508
330 14:15
4,6678 4,7000
4,3322 4,3644
4,7262 4,7591
5,3178 5,3512
331 14:16
4,6675 4,6998
4,3318 4,3640
4,7265 4,7595
5,3172 5,3506
332 14:17
4,6683 4,7006
4,3333 4,3655
4,7279 4,7609
5,3186 5,3520
333 14:18
4,6690 4,7013
4,3343 4,3665
4,7293 4,7623
5,3186 5,3520
334 14:19
4,6692 4,7015
4,3343 4,3665
4,7294 4,7624
5,3179 5,3513
335 14:20
4,6691 4,7014
4,3346 4,3668
4,7290 4,7620
5,3176 5,3510
336 14:21
4,6696 4,7018
4,3358 4,3680
4,7296 4,7625
5,3188 5,3522
337 14:22
4,6694 4,7016
4,3347 4,3669
4,7298 4,7627
5,3183 5,3517
338 14:23
4,6687 4,7009
4,3322 4,3644
4,7290 4,7619
5,3169 5,3503
339 14:24
4,6678 4,7000
4,3318 4,3640
4,7259 4,7588
5,3159 5,3493
340 14:25
4,6680 4,7002
4,3311 4,3633
4,7249 4,7578
5,3152 5,3486
341 14:26
4,6680 4,7003
4,3304 4,3626
4,7249 4,7579
5,3143 5,3478
342 14:27
4,6681 4,7004
4,3311 4,3633
4,7248 4,7578
5,3141 5,3476
343 14:28
4,6685 4,7008
4,3315 4,3637
4,7254 4,7584
5,3144 5,3479
344 14:29
4,6686 4,7009
4,3307 4,3629
4,7251 4,7581
5,3145 5,3480
345 14:30
4,6683 4,7006
4,3309 4,3631
4,7251 4,7581
5,3138 5,3473
346 14:31
4,6676 4,6999
4,3297 4,3619
4,7238 4,7568
5,3126 5,3460
347 14:32
4,6675 4,6998
4,3297 4,3619
4,7235 4,7565
5,3122 5,3456
348 14:33
4,6674 4,6997
4,3302 4,3624
4,7228 4,7558
5,3122 5,3456
349 14:34
4,6677 4,7000
4,3299 4,3621
4,7232 4,7562
5,3125 5,3459
350 14:35
4,6680 4,7003
4,3305 4,3627
4,7236 4,7566
5,3128 5,3462
351 14:36
4,6690 4,7013
4,3319 4,3641
4,7233 4,7562
5,3134 5,3468
352 14:37
4,6686 4,7009
4,3312 4,3634
4,7233 4,7562
5,3128 5,3462
353 14:38
4,6684 4,7007
4,3316 4,3638
4,7238 4,7567
5,3128 5,3462
354 14:39
4,6680 4,7003
4,3314 4,3636
4,7221 4,7550
5,3129 5,3463
355 14:40
4,6680 4,7003
4,3312 4,3634
4,7227 4,7556
5,3125 5,3459
356 14:41
4,6678 4,7001
4,3310 4,3632
4,7222 4,7552
5,3124 5,3458
357 14:42
4,6683 4,7006
4,3318 4,3640
4,7224 4,7554
5,3131 5,3465
358 14:43
4,6685 4,7008
4,3320 4,3642
4,7240 4,7570
5,3134 5,3468
359 14:44
4,6684 4,7007
4,3323 4,3645
4,7235 4,7565
5,3132 5,3466
360 14:45
4,6685 4,7008
4,3325 4,3647
4,7240 4,7570
5,3127 5,3461
361 14:46
4,6680 4,7002
4,3325 4,3647
4,7231 4,7561
5,3126 5,3461
362 14:47
4,6684 4,7006
4,3329 4,3651
4,7236 4,7566
5,3131 5,3466
363 14:48
4,6679 4,7001
4,3330 4,3652
4,7224 4,7554
5,3120 5,3455
364 14:49
4,6676 4,6998
4,3322 4,3644
4,7212 4,7542
5,3115 5,3450
365 14:50
4,6676 4,6998
4,3313 4,3635
4,7214 4,7544
5,3114 5,3449
366 14:51
4,6661 4,6983
4,3301 4,3623
4,7203 4,7533
5,3101 5,3436
367 14:52
4,6664 4,6986
4,3318 4,3640
4,7214 4,7544
5,3109 5,3444
368 14:53
4,6670 4,6992
4,3326 4,3648
4,7213 4,7543
5,3108 5,3443
369 14:54
4,6670 4,6992
4,3320 4,3642
4,7213 4,7543
5,3099 5,3434
370 14:55
4,6664 4,6986
4,3320 4,3642
4,7211 4,7541
5,3094 5,3429
371 14:56
4,6666 4,6990
4,3319 4,3641
4,7231 4,7561
5,3100 5,3434
372 14:57
4,6668 4,6992
4,3325 4,3647
4,7233 4,7563
5,3103 5,3437
373 14:58
4,6671 4,6995
4,3334 4,3656
4,7227 4,7557
5,3096 5,3430
374 14:59
4,6676 4,7000
4,3328 4,3650
4,7225 4,7555
5,3069 5,3403
375 15:00
4,6673 4,6997
4,3318 4,3640
4,7211 4,7541
5,3066 5,3400
376 15:01
4,6659 4,6982
4,3305 4,3627
4,7205 4,7535
5,3048 5,3381
377 15:02
4,6659 4,6982
4,3313 4,3635
4,7214 4,7544
5,3054 5,3387
378 15:03
4,6684 4,7007
4,3336 4,3658
4,7238 4,7568
5,3073 5,3406
379 15:04
4,6684 4,7007
4,3338 4,3660
4,7234 4,7564
5,3076 5,3409
380 15:05
4,6681 4,7004
4,3327 4,3649
4,7237 4,7567
5,3067 5,3400
381 15:06
4,6681 4,7004
4,3319 4,3641
4,7230 4,7560
5,3073 5,3406
382 15:07
4,6681 4,7004
4,3318 4,3640
4,7220 4,7550
5,3066 5,3399
383 15:08
4,6676 4,6999
4,3311 4,3633
4,7213 4,7543
5,3065 5,3398
384 15:09
4,6669 4,6992
4,3308 4,3630
4,7206 4,7536
5,3060 5,3393
385 15:10
4,6667 4,6990
4,3303 4,3625
4,7208 4,7538
5,3054 5,3387
386 15:11
4,6664 4,6987
4,3295 4,3617
4,7219 4,7549
5,3049 5,3383
387 15:12
4,6673 4,6996
4,3301 4,3623
4,7232 4,7562
5,3060 5,3394
388 15:13
4,6670 4,6993
4,3297 4,3619
4,7223 4,7553
5,3062 5,3396
389 15:14
4,6667 4,6990
4,3294 4,3616
4,7218 4,7548
5,3065 5,3399
390 15:15
4,6673 4,6996
4,3308 4,3630
4,7233 4,7563
5,3068 5,3402
391 15:16
4,6676 4,7000
4,3308 4,3630
4,7237 4,7567
5,3061 5,3395
392 15:17
4,6674 4,6998
4,3306 4,3628
4,7237 4,7567
5,3051 5,3385
393 15:18
4,6675 4,6999
4,3303 4,3625
4,7236 4,7566
5,3059 5,3393
394 15:19
4,6674 4,6998
4,3306 4,3628
4,7230 4,7560
5,3061 5,3395
395 15:20
4,6672 4,6996
4,3301 4,3623
4,7231 4,7561
5,3063 5,3397
396 15:21
4,6686 4,7010
4,3299 4,3621
4,7237 4,7567
5,3080 5,3414
397 15:22
4,6679 4,7003
4,3295 4,3617
4,7233 4,7563
5,3079 5,3413
398 15:23
4,6672 4,6996
4,3285 4,3607
4,7218 4,7548
5,3059 5,3393
399 15:24
4,6674 4,6998
4,3288 4,3610
4,7220 4,7550
5,3070 5,3404
400 15:25
4,6671 4,6995
4,3259 4,3581
4,7207 4,7537
5,3054 5,3388
401 15:26
4,6679 4,7003
4,3260 4,3582
4,7228 4,7558
5,3055 5,3389
402 15:27
4,6675 4,6999
4,3240 4,3562
4,7209 4,7539
5,3050 5,3384
403 15:28
4,6682 4,7006
4,3245 4,3567
4,7209 4,7539
5,3055 5,3389
404 15:29
4,6688 4,7012
4,3255 4,3577
4,7223 4,7553
5,3056 5,3390
405 15:30
4,6686 4,7010
4,3245 4,3567
4,7215 4,7545
5,3053 5,3387
406 15:31
4,6683 4,7007
4,3253 4,3575
4,7215 4,7545
5,3067 5,3401
407 15:32
4,6693 4,7017
4,3249 4,3571
4,7219 4,7549
5,3066 5,3400
408 15:33
4,6688 4,7012
4,3249 4,3571
4,7225 4,7555
5,3074 5,3408
409 15:34
4,6688 4,7012
4,3253 4,3575
4,7225 4,7555
5,3074 5,3408
410 15:35
4,6687 4,7011
4,3256 4,3578
4,7224 4,7554
5,3076 5,3410
411 15:36
4,6676 4,7000
4,3250 4,3572
4,7213 4,7543
5,3069 5,3403
412 15:37
4,6676 4,7000
4,3258 4,3580
4,7215 4,7545
5,3070 5,3404
413 15:38
4,6675 4,6999
4,3267 4,3589
4,7216 4,7546
5,3074 5,3408
414 15:39
4,6676 4,7000
4,3278 4,3600
4,7217 4,7547
5,3084 5,3418
415 15:40
4,6678 4,7002
4,3279 4,3601
4,7223 4,7553
5,3092 5,3426
416 15:41
4,6676 4,7000
4,3266 4,3588
4,7208 4,7538
5,3094 5,3428
417 15:42
4,6676 4,7000
4,3264 4,3586
4,7203 4,7533
5,3097 5,3431
418 15:43
4,6675 4,6999
4,3263 4,3585
4,7195 4,7525
5,3099 5,3433
419 15:44
4,6675 4,6999
4,3247 4,3569
4,7197 4,7527
5,3123 5,3457
420 15:45
4,6677 4,7001
4,3244 4,3566
4,7201 4,7531
5,3131 5,3465
421 15:46
4,6677 4,7001
4,3251 4,3573
4,7206 4,7536
5,3134 5,3468
422 15:47
4,6678 4,7002
4,3247 4,3569
4,7207 4,7537
5,3132 5,3466
423 15:48
4,6678 4,7002
4,3262 4,3584
4,7210 4,7540
5,3136 5,3470
424 15:49
4,6676 4,7000
4,3260 4,3582
4,7200 4,7530
5,3140 5,3474
425 15:50
4,6678 4,7002
4,3263 4,3585
4,7212 4,7542
5,3147 5,3481
426 15:51
4,6676 4,7000
4,3272 4,3594
4,7206 4,7536
5,3153 5,3487
427 15:52
4,6677 4,7001
4,3279 4,3601
4,7213 4,7543
5,3162 5,3496
428 15:53
4,6676 4,6998
4,3277 4,3599
4,7213 4,7543
5,3159 5,3493
429 16:00
4,6676 4,6998
4,3277 4,3599
4,7213 4,7543
5,3159 5,3493
430 16:01
4,6677 4,6999
4,3280 4,3602
4,7213 4,7543
5,3158 5,3493
431 16:02
4,6676 4,6998
4,3283 4,3605
4,7213 4,7543
5,3160 5,3495
432 16:03
4,6673 4,6995
4,3264 4,3586
4,7208 4,7538
5,3152 5,3487
433 16:04
4,6659 4,6981
4,3245 4,3567
4,7190 4,7520
5,3132 5,3467
434 16:05
4,6661 4,6983
4,3243 4,3565
4,7191 4,7521
5,3127 5,3462
435 16:06
4,6659 4,6983
4,3248 4,3570
4,7197 4,7527
5,3141 5,3475
436 16:07
4,6657 4,6981
4,3254 4,3576
4,7203 4,7533
5,3130 5,3464
437 16:08
4,6659 4,6983
4,3243 4,3565
4,7203 4,7533
5,3133 5,3467
438 16:09
4,6659 4,6983
4,3234 4,3556
4,7200 4,7530
5,3140 5,3474
439 16:10
4,6647 4,6971
4,3221 4,3543
4,7191 4,7521
5,3152 5,3486
440 16:11
4,6649 4,6973
4,3229 4,3551
4,7192 4,7522
5,3155 5,3488
441 16:12
4,6649 4,6973
4,3237 4,3559
4,7193 4,7523
5,3161 5,3494
442 16:13
4,6652 4,6976
4,3241 4,3563
4,7197 4,7527
5,3158 5,3491
443 16:14
4,6654 4,6978
4,3251 4,3573
4,7202 4,7532
5,3160 5,3493
444 16:15
4,6656 4,6980
4,3257 4,3579
4,7204 4,7534
5,3163 5,3496
445 16:16
4,6656 4,6978
4,3248 4,3570
4,7201 4,7531
5,3161 5,3494
446 16:17
4,6673 4,6995
4,3274 4,3596
4,7219 4,7549
5,3181 5,3514
447 16:18
4,6673 4,6995
4,3295 4,3617
4,7235 4,7565
5,3197 5,3530
448 16:19
4,6675 4,6997
4,3291 4,3613
4,7235 4,7565
5,3199 5,3532
449 16:20
4,6676 4,6998
4,3287 4,3609
4,7236 4,7566
5,3193 5,3526
450 16:21
4,6679 4,7003
4,3283 4,3605
4,7235 4,7565
5,3198 5,3532
451 16:22
4,6669 4,6993
4,3260 4,3582
4,7235 4,7565
5,3190 5,3524
