#======================
2023-8-14
# 1.EUR, 2.USD, 3.CHF, 4.GBP
Sell Price, Buy Price
1 11:41
4,4191 4,4513
4,0362 4,0684
4,6021 4,6351
5,1252 5,1585
2 11:42
4,4203 4,4525
4,0373 4,0695
4,6036 4,6366
5,1266 5,1599
3 11:43
4,4205 4,4527
4,0380 4,0702
4,6039 4,6369
5,1269 5,1602
4 11:44
4,4207 4,4529
4,0380 4,0702
4,6047 4,6377
5,1267 5,1600
5 11:45
4,4211 4,4533
4,0382 4,0704
4,6049 4,6379
5,1272 5,1605
6 11:46
4,4205 4,4527
4,0375 4,0697
4,6046 4,6375
5,1271 5,1604
7 11:47
4,4211 4,4533
4,0382 4,0704
4,6052 4,6381
5,1275 5,1608
8 11:48
4,4210 4,4532
4,0374 4,0696
4,6051 4,6380
5,1268 5,1601
9 11:49
4,4207 4,4529
4,0370 4,0692
4,6045 4,6374
5,1263 5,1596
10 11:50
4,4177 4,4499
4,0342 4,0664
4,6014 4,6343
5,1227 5,1560
11 11:51
4,4175 4,4497
4,0333 4,0655
4,6014 4,6344
5,1221 5,1554
12 11:52
4,4178 4,4500
4,0336 4,0658
4,6015 4,6345
5,1231 5,1564
13 11:53
4,4183 4,4505
4,0347 4,0669
4,6018 4,6348
5,1240 5,1573
14 11:54
4,4187 4,4509
4,0353 4,0675
4,6027 4,6357
5,1247 5,1580
15 11:55
4,4185 4,4507
4,0351 4,0673
4,6030 4,6360
5,1251 5,1584
16 11:56
4,4186 4,4508
4,0350 4,0672
4,6028 4,6358
5,1252 5,1585
17 11:57
4,4185 4,4507
4,0346 4,0668
4,6027 4,6357
5,1254 5,1587
18 11:58
4,4171 4,4493
4,0338 4,0660
4,6003 4,6333
5,1240 5,1573
19 11:59
4,4178 4,4500
4,0343 4,0665
4,5998 4,6328
5,1258 5,1591
20 12:00
4,4178 4,4500
4,0341 4,0663
4,6010 4,6340
5,1252 5,1585
21 12:01
4,4184 4,4506
4,0348 4,0670
4,6022 4,6352
5,1264 5,1597
22 12:02
4,4180 4,4502
4,0345 4,0667
4,6017 4,6347
5,1260 5,1593
23 12:03
4,4182 4,4504
4,0350 4,0672
4,6024 4,6354
5,1268 5,1601
24 12:04
4,4183 4,4505
4,0357 4,0679
4,6023 4,6353
5,1266 5,1599
25 12:05
4,4183 4,4505
4,0351 4,0673
4,6011 4,6341
5,1269 5,1602
26 12:06
4,4189 4,4511
4,0355 4,0677
4,6019 4,6348
5,1274 5,1607
27 12:07
4,4193 4,4515
4,0357 4,0679
4,6024 4,6353
5,1276 5,1609
28 12:08
4,4205 4,4527
4,0362 4,0684
4,6039 4,6368
5,1296 5,1629
29 12:09
4,4213 4,4535
4,0370 4,0692
4,6047 4,6376
5,1308 5,1641
30 12:10
4,4214 4,4536
4,0372 4,0694
4,6050 4,6379
5,1317 5,1650
31 12:11
4,4213 4,4535
4,0373 4,0695
4,6044 4,6374
5,1322 5,1655
32 12:12
4,4199 4,4521
4,0359 4,0681
4,6030 4,6360
5,1310 5,1643
33 12:13
4,4197 4,4519
4,0349 4,0671
4,6027 4,6357
5,1310 5,1643
34 12:14
4,4190 4,4512
4,0348 4,0670
4,6020 4,6350
5,1301 5,1634
35 12:15
4,4210 4,4532
4,0367 4,0689
4,6037 4,6367
5,1332 5,1665
36 12:16
4,4214 4,4536
4,0372 4,0694
4,6047 4,6376
5,1332 5,1665
37 12:17
4,4213 4,4535
4,0367 4,0689
4,6046 4,6375
5,1328 5,1661
38 12:18
4,4213 4,4535
4,0369 4,0691
4,6042 4,6371
5,1328 5,1661
39 12:19
4,4205 4,4527
4,0360 4,0682
4,6031 4,6360
5,1316 5,1649
40 12:20
4,4205 4,4527
4,0360 4,0682
4,6026 4,6355
5,1316 5,1649
41 12:21
4,4199 4,4521
4,0349 4,0671
4,6019 4,6350
5,1309 5,1642
42 12:22
4,4198 4,4520
4,0350 4,0672
4,6012 4,6343
5,1311 5,1644
43 12:23
4,4202 4,4524
4,0361 4,0683
4,6020 4,6351
5,1321 5,1654
44 12:24
4,4214 4,4536
4,0376 4,0698
4,6032 4,6363
5,1335 5,1668
45 12:25
4,4218 4,4540
4,0387 4,0709
4,6035 4,6366
5,1337 5,1670
46 12:26
4,4220 4,4542
4,0389 4,0711
4,6042 4,6371
5,1339 5,1672
47 12:27
4,4220 4,4542
4,0389 4,0711
4,6047 4,6376
5,1339 5,1672
48 12:28
4,4219 4,4541
4,0388 4,0710
4,6050 4,6379
5,1341 5,1674
49 12:29
4,4219 4,4541
4,0384 4,0706
4,6052 4,6381
5,1338 5,1671
50 12:30
4,4217 4,4539
4,0382 4,0704
4,6057 4,6386
5,1341 5,1674
51 12:31
4,4216 4,4538
4,0387 4,0709
4,6057 4,6386
5,1340 5,1673
52 12:32
4,4217 4,4539
4,0377 4,0699
4,6056 4,6385
5,1339 5,1672
53 12:33
4,4233 4,4555
4,0397 4,0719
4,6070 4,6399
5,1360 5,1693
54 12:34
4,4226 4,4548
4,0394 4,0716
4,6063 4,6392
5,1356 5,1689
55 12:35
4,4198 4,4520
4,0359 4,0681
4,6033 4,6362
5,1319 5,1652
56 12:36
4,4198 4,4520
4,0362 4,0684
4,6032 4,6363
5,1316 5,1649
57 12:37
4,4194 4,4516
4,0357 4,0679
4,6033 4,6364
5,1315 5,1648
58 12:38
4,4194 4,4516
4,0350 4,0672
4,6028 4,6359
5,1318 5,1651
59 12:39
4,4190 4,4512
4,0348 4,0670
4,6024 4,6355
5,1313 5,1646
60 12:40
4,4203 4,4525
4,0361 4,0683
4,6038 4,6369
5,1326 5,1659
61 12:41
4,4198 4,4520
4,0359 4,0681
4,6036 4,6366
5,1326 5,1659
62 12:42
4,4199 4,4521
4,0362 4,0684
4,6039 4,6369
5,1324 5,1657
63 12:43
4,4200 4,4522
4,0363 4,0685
4,6040 4,6370
5,1334 5,1667
64 12:44
4,4205 4,4527
4,0370 4,0692
4,6051 4,6381
5,1343 5,1676
65 12:45
4,4207 4,4529
4,0369 4,0691
4,6047 4,6377
5,1344 5,1677
66 12:46
4,4209 4,4531
4,0364 4,0686
4,6059 4,6389
5,1356 5,1689
67 12:47
4,4186 4,4508
4,0349 4,0671
4,6038 4,6368
5,1330 5,1663
68 12:48
4,4196 4,4518
4,0354 4,0676
4,6051 4,6381
5,1331 5,1664
69 12:49
4,4198 4,4520
4,0357 4,0679
4,6053 4,6383
5,1332 5,1665
70 12:50
4,4198 4,4520
4,0361 4,0683
4,6050 4,6380
5,1335 5,1668
71 12:51
4,4182 4,4504
4,0350 4,0672
4,6039 4,6369
5,1304 5,1637
72 12:52
4,4182 4,4504
4,0356 4,0678
4,6036 4,6366
5,1307 5,1640
73 12:53
4,4180 4,4502
4,0348 4,0670
4,6034 4,6364
5,1305 5,1638
74 12:54
4,4180 4,4502
4,0354 4,0676
4,6034 4,6364
5,1305 5,1638
75 12:55
4,4180 4,4502
4,0352 4,0674
4,6034 4,6364
5,1302 5,1635
76 12:56
4,4180 4,4502
4,0352 4,0674
4,6032 4,6361
5,1305 5,1638
77 12:57
4,4179 4,4501
4,0355 4,0677
4,6033 4,6362
5,1301 5,1634
78 12:58
4,4179 4,4501
4,0355 4,0677
4,6035 4,6364
5,1304 5,1637
79 12:59
4,4186 4,4508
4,0365 4,0687
4,6040 4,6369
5,1306 5,1639
80 13:00
4,4188 4,4510
4,0370 4,0692
4,6040 4,6369
5,1305 5,1638
81 13:01
4,4183 4,4505
4,0370 4,0692
4,6035 4,6365
5,1299 5,1632
82 13:02
4,4182 4,4504
4,0369 4,0691
4,6034 4,6364
5,1298 5,1631
83 13:03
4,4182 4,4504
4,0369 4,0691
4,6036 4,6366
5,1293 5,1626
84 13:04
4,4181 4,4503
4,0364 4,0686
4,6033 4,6363
5,1291 5,1624
85 13:05
4,4181 4,4503
4,0366 4,0688
4,6035 4,6365
5,1294 5,1627
86 13:06
4,4159 4,4481
4,0348 4,0670
4,6012 4,6341
5,1271 5,1604
87 13:07
4,4149 4,4471
4,0339 4,0661
4,5999 4,6328
5,1251 5,1584
88 13:08
4,4148 4,4470
4,0338 4,0660
4,6001 4,6330
5,1250 5,1583
89 13:09
4,4147 4,4469
4,0339 4,0661
4,6000 4,6329
5,1249 5,1582
90 13:10
4,4148 4,4470
4,0340 4,0662
4,6001 4,6330
5,1250 5,1583
91 13:11
4,4142 4,4464
4,0338 4,0660
4,5992 4,6321
5,1242 5,1575
92 13:12
4,4145 4,4467
4,0348 4,0670
4,5995 4,6324
5,1246 5,1579
93 13:13
4,4134 4,4456
4,0336 4,0658
4,5986 4,6315
5,1233 5,1566
94 13:14
4,4133 4,4455
4,0335 4,0657
4,5987 4,6316
5,1235 5,1568
95 13:15
4,4133 4,4455
4,0337 4,0659
4,5985 4,6314
5,1233 5,1566
96 13:16
4,4147 4,4469
4,0348 4,0670
4,6004 4,6333
5,1252 5,1585
97 13:17
4,4155 4,4477
4,0364 4,0686
4,6012 4,6341
5,1266 5,1599
98 13:18
4,4165 4,4487
4,0372 4,0694
4,6021 4,6350
5,1278 5,1611
99 13:19
4,4170 4,4492
4,0376 4,0698
4,6024 4,6353
5,1289 5,1622
100 13:20
4,4172 4,4494
4,0380 4,0702
4,6023 4,6352
5,1296 5,1629
101 13:21
4,4162 4,4484
4,0371 4,0693
4,6009 4,6340
5,1283 5,1616
102 13:22
4,4155 4,4477
4,0363 4,0685
4,6002 4,6333
5,1276 5,1609
103 13:23
4,4154 4,4476
4,0358 4,0680
4,6001 4,6332
5,1272 5,1605
104 13:24
4,4154 4,4476
4,0360 4,0682
4,6003 4,6334
5,1272 5,1605
105 13:25
4,4159 4,4481
4,0368 4,0690
4,6009 4,6340
5,1283 5,1616
106 13:26
4,4162 4,4484
4,0369 4,0691
4,6015 4,6344
5,1287 5,1620
107 13:27
4,4150 4,4472
4,0354 4,0676
4,6003 4,6332
5,1270 5,1603
108 13:28
4,4155 4,4477
4,0361 4,0683
4,6010 4,6339
5,1276 5,1609
109 13:29
4,4161 4,4483
4,0370 4,0692
4,6017 4,6346
5,1286 5,1619
110 13:30
4,4160 4,4482
4,0363 4,0685
4,6013 4,6342
5,1285 5,1618
111 13:31
4,4162 4,4484
4,0365 4,0687
4,6014 4,6345
5,1287 5,1620
112 13:32
4,4162 4,4484
4,0367 4,0689
4,6009 4,6340
5,1290 5,1623
113 13:33
4,4163 4,4485
4,0373 4,0695
4,6012 4,6343
5,1291 5,1624
114 13:34
4,4169 4,4491
4,0377 4,0699
4,6021 4,6352
5,1295 5,1628
115 13:35
4,4174 4,4496
4,0382 4,0704
4,6027 4,6358
5,1307 5,1640
116 13:36
4,4175 4,4497
4,0381 4,0703
4,6028 4,6360
5,1311 5,1644
117 13:37
4,4175 4,4497
4,0383 4,0705
4,6028 4,6360
5,1320 5,1653
118 13:38
4,4172 4,4494
4,0374 4,0696
4,6024 4,6356
5,1316 5,1649
119 13:39
4,4169 4,4491
4,0374 4,0696
4,6019 4,6351
5,1301 5,1634
120 13:40
4,4176 4,4498
4,0384 4,0706
4,6026 4,6358
5,1303 5,1636
121 13:41
4,4172 4,4494
4,0378 4,0700
4,6023 4,6353
5,1304 5,1637
122 13:42
4,4164 4,4486
4,0369 4,0691
4,6015 4,6345
5,1292 5,1625
123 13:43
4,4164 4,4486
4,0369 4,0691
4,6012 4,6342
5,1289 5,1622
124 13:44
4,4167 4,4489
4,0372 4,0694
4,6016 4,6346
5,1299 5,1632
125 13:45
4,4162 4,4484
4,0369 4,0691
4,6013 4,6343
5,1299 5,1632
126 13:46
4,4162 4,4484
4,0371 4,0693
4,6013 4,6342
5,1302 5,1635
127 13:47
4,4162 4,4484
4,0367 4,0689
4,6008 4,6337
5,1293 5,1626
128 13:48
4,4157 4,4479
4,0366 4,0688
4,5991 4,6320
5,1284 5,1617
129 13:49
4,4161 4,4483
4,0370 4,0692
4,5997 4,6326
5,1286 5,1619
130 13:50
4,4161 4,4483
4,0366 4,0688
4,5995 4,6324
5,1282 5,1615
131 13:51
4,4162 4,4484
4,0369 4,0691
4,5996 4,6326
5,1275 5,1608
132 13:52
4,4162 4,4484
4,0371 4,0693
4,5994 4,6324
5,1275 5,1608
133 13:53
4,4162 4,4484
4,0367 4,0689
4,6001 4,6331
5,1275 5,1608
134 13:54
4,4162 4,4484
4,0365 4,0687
4,5994 4,6324
5,1272 5,1605
135 13:55
4,4171 4,4493
4,0375 4,0697
4,6002 4,6332
5,1282 5,1615
136 13:56
4,4167 4,4489
4,0370 4,0692
4,5991 4,6322
5,1287 5,1620
137 13:57
4,4166 4,4488
4,0367 4,0689
4,5979 4,6310
5,1282 5,1615
138 13:58
4,4164 4,4486
4,0363 4,0685
4,5973 4,6304
5,1277 5,1610
139 13:59
4,4161 4,4483
4,0361 4,0683
4,5970 4,6301
5,1268 5,1601
140 14:00
4,4149 4,4471
4,0356 4,0678
4,5958 4,6289
5,1256 5,1589
141 14:01
4,4150 4,4472
4,0348 4,0670
4,5953 4,6284
5,1252 5,1585
142 14:02
4,4147 4,4469
4,0357 4,0679
4,5941 4,6272
5,1249 5,1582
143 14:03
4,4145 4,4467
4,0352 4,0674
4,5941 4,6272
5,1246 5,1579
144 14:04
4,4149 4,4471
4,0355 4,0677
4,5943 4,6274
5,1248 5,1581
145 14:05
4,4159 4,4481
4,0373 4,0695
4,5949 4,6280
5,1253 5,1586
146 14:06
4,4177 4,4499
4,0396 4,0718
4,5968 4,6297
5,1271 5,1604
147 14:07
4,4172 4,4494
4,0389 4,0711
4,5957 4,6286
5,1269 5,1602
148 14:08
4,4187 4,4509
4,0417 4,0739
4,5983 4,6312
5,1282 5,1615
149 14:09
4,4212 4,4534
4,0443 4,0765
4,6012 4,6341
5,1313 5,1646
150 14:10
4,4215 4,4537
4,0449 4,0771
4,6016 4,6345
5,1316 5,1649
151 14:11
4,4209 4,4531
4,0449 4,0771
4,6011 4,6340
5,1308 5,1641
152 14:12
4,4214 4,4536
4,0454 4,0776
4,6012 4,6341
5,1309 5,1642
153 14:13
4,4219 4,4541
4,0453 4,0775
4,6012 4,6341
5,1314 5,1647
154 14:14
4,4210 4,4532
4,0437 4,0759
4,6008 4,6337
5,1307 5,1640
155 14:15
4,4215 4,4537
4,0443 4,0765
4,6013 4,6342
5,1310 5,1643
156 14:16
4,4216 4,4538
4,0441 4,0763
4,6015 4,6346
5,1304 5,1637
157 14:17
4,4207 4,4529
4,0432 4,0754
4,6011 4,6342
5,1303 5,1636
158 14:18
4,4202 4,4524
4,0435 4,0757
4,5992 4,6323
5,1292 5,1625
159 14:19
4,4176 4,4498
4,0426 4,0748
4,5959 4,6290
5,1264 5,1597
160 14:20
4,4179 4,4501
4,0433 4,0755
4,5965 4,6296
5,1277 5,1610
161 14:21
4,4173 4,4495
4,0419 4,0741
4,5944 4,6273
5,1275 5,1608
162 14:22
4,4169 4,4491
4,0413 4,0735
4,5953 4,6282
5,1268 5,1601
163 14:23
4,4164 4,4486
4,0409 4,0731
4,5952 4,6281
5,1265 5,1598
164 14:24
4,4158 4,4480
4,0400 4,0722
4,5946 4,6275
5,1259 5,1592
165 14:25
4,4175 4,4497
4,0432 4,0754
4,5969 4,6298
5,1278 5,1611
166 14:26
4,4195 4,4517
4,0450 4,0772
4,5987 4,6316
5,1303 5,1637
167 14:27
4,4190 4,4512
4,0451 4,0773
4,5988 4,6317
5,1294 5,1628
168 14:28
4,4201 4,4523
4,0470 4,0792
4,5993 4,6322
5,1307 5,1641
169 14:29
4,4214 4,4536
4,0477 4,0799
4,6012 4,6341
5,1320 5,1654
170 14:30
4,4230 4,4552
4,0493 4,0815
4,6031 4,6360
5,1337 5,1671
171 14:31
4,4244 4,4566
4,0519 4,0841
4,6045 4,6374
5,1350 5,1683
172 14:32
4,4244 4,4566
4,0517 4,0839
4,6048 4,6377
5,1352 5,1685
173 14:33
4,4239 4,4561
4,0526 4,0848
4,6042 4,6371
5,1349 5,1682
174 14:34
4,4197 4,4519
4,0484 4,0806
4,5999 4,6328
5,1295 5,1628
175 14:35
4,4193 4,4515
4,0473 4,0795
4,5995 4,6324
5,1288 5,1621
176 14:36
4,4192 4,4514
4,0473 4,0795
4,5996 4,6325
5,1289 5,1622
177 14:37
4,4190 4,4512
4,0475 4,0797
4,5994 4,6323
5,1281 5,1614
178 14:38
4,4191 4,4513
4,0474 4,0796
4,5990 4,6319
5,1281 5,1614
179 14:39
4,4200 4,4522
4,0486 4,0808
4,5999 4,6328
5,1289 5,1622
180 14:40
4,4207 4,4529
4,0493 4,0815
4,6002 4,6331
5,1297 5,1630
181 14:41
4,4212 4,4534
4,0503 4,0825
4,6009 4,6338
5,1315 5,1648
182 14:42
4,4216 4,4538
4,0508 4,0830
4,6014 4,6343
5,1313 5,1646
183 14:43
4,4227 4,4549
4,0520 4,0842
4,6027 4,6356
5,1329 5,1662
184 14:44
4,4230 4,4552
4,0531 4,0853
4,6036 4,6365
5,1324 5,1657
185 14:45
4,4235 4,4557
4,0565 4,0887
4,6043 4,6372
5,1342 5,1675
186 14:46
4,4240 4,4562
4,0560 4,0882
4,6043 4,6372
5,1344 5,1677
187 14:47
4,4253 4,4575
4,0565 4,0887
4,6053 4,6382
5,1358 5,1691
188 14:48
4,4250 4,4572
4,0562 4,0884
4,6054 4,6383
5,1347 5,1680
189 14:49
4,4250 4,4572
4,0577 4,0899
4,6056 4,6385
5,1353 5,1686
190 14:50
4,4242 4,4564
4,0575 4,0897
4,6055 4,6384
5,1344 5,1677
191 14:51
4,4244 4,4566
4,0564 4,0886
4,6066 4,6397
5,1346 5,1679
192 14:52
4,4257 4,4579
4,0563 4,0885
4,6079 4,6410
5,1361 5,1694
193 14:53
4,4242 4,4564
4,0547 4,0869
4,6061 4,6392
5,1348 5,1681
194 14:54
4,4246 4,4568
4,0549 4,0871
4,6058 4,6389
5,1358 5,1691
195 14:55
4,4245 4,4567
4,0557 4,0879
4,6062 4,6393
5,1359 5,1692
196 14:56
4,4247 4,4569
4,0561 4,0883
4,6058 4,6387
5,1361 5,1694
197 14:57
4,4213 4,4535
4,0528 4,0850
4,6021 4,6350
5,1332 5,1665
198 14:58
4,4198 4,4520
4,0522 4,0844
4,6010 4,6339
5,1319 5,1652
199 14:59
4,4212 4,4534
4,0536 4,0858
4,6024 4,6353
5,1333 5,1666
200 15:00
4,4218 4,4540
4,0542 4,0864
4,6034 4,6363
5,1345 5,1678
201 15:01
4,4222 4,4544
4,0544 4,0866
4,6038 4,6369
5,1356 5,1689
202 15:02
4,4226 4,4548
4,0558 4,0880
4,6045 4,6376
5,1361 5,1694
203 15:03
4,4223 4,4545
4,0548 4,0870
4,6044 4,6375
5,1354 5,1687
204 15:04
4,4224 4,4546
4,0543 4,0865
4,6049 4,6380
5,1360 5,1693
205 15:05
4,4223 4,4545
4,0539 4,0861
4,6049 4,6380
5,1361 5,1694
206 15:06
4,4225 4,4547
4,0552 4,0874
4,6038 4,6367
5,1360 5,1693
207 15:07
4,4233 4,4555
4,0565 4,0887
4,6043 4,6372
5,1374 5,1707
208 15:08
4,4240 4,4562
4,0586 4,0908
4,6051 4,6380
5,1383 5,1716
209 15:09
4,4246 4,4568
4,0583 4,0905
4,6063 4,6392
5,1387 5,1720
210 15:10
4,4246 4,4568
4,0571 4,0893
4,6064 4,6393
5,1376 5,1709
211 15:11
4,4248 4,4570
4,0580 4,0902
4,6060 4,6391
5,1378 5,1711
212 15:12
4,4247 4,4569
4,0578 4,0900
4,6064 4,6395
5,1377 5,1710
213 15:13
4,4230 4,4552
4,0559 4,0881
4,6047 4,6378
5,1354 5,1687
214 15:14
4,4231 4,4553
4,0559 4,0881
4,6043 4,6374
5,1355 5,1688
215 15:15
4,4234 4,4556
4,0572 4,0894
4,6051 4,6382
5,1367 5,1700
216 15:16
4,4239 4,4561
4,0581 4,0903
4,6056 4,6386
5,1370 5,1703
217 15:17
4,4240 4,4562
4,0593 4,0915
4,6054 4,6384
5,1369 5,1702
218 15:18
4,4239 4,4561
4,0593 4,0915
4,6049 4,6379
5,1364 5,1697
219 15:19
4,4244 4,4566
4,0600 4,0922
4,6048 4,6378
5,1364 5,1697
220 15:20
4,4240 4,4562
4,0598 4,0920
4,6046 4,6376
5,1366 5,1699
221 15:21
4,4239 4,4561
4,0597 4,0920
4,6052 4,6382
5,1367 5,1700
222 15:22
4,4237 4,4559
4,0598 4,0921
4,6052 4,6382
5,1368 5,1701
223 15:23
4,4233 4,4555
4,0598 4,0921
4,6046 4,6376
5,1363 5,1696
224 15:24
4,4234 4,4556
4,0611 4,0934
4,6054 4,6384
5,1365 5,1698
225 15:25
4,4233 4,4555
4,0614 4,0937
4,6058 4,6388
5,1360 5,1693
226 15:26
4,4233 4,4555
4,0615 4,0938
4,6065 4,6395
5,1363 5,1696
227 15:27
4,4231 4,4553
4,0612 4,0935
4,6068 4,6398
5,1361 5,1694
228 15:28
4,4232 4,4554
4,0620 4,0943
4,6076 4,6406
5,1380 5,1713
229 15:29
4,4226 4,4548
4,0616 4,0939
4,6069 4,6399
5,1379 5,1712
230 15:30
4,4222 4,4544
4,0617 4,0940
4,6066 4,6396
5,1375 5,1708
231 15:31
4,4222 4,4544
4,0611 4,0934
4,6075 4,6404
5,1359 5,1692
232 15:32
4,4218 4,4540
4,0613 4,0936
4,6064 4,6393
5,1352 5,1685
233 16:17
4,4315 4,4637
4,0640 4,0963
4,6204 4,6533
5,1486 5,1819
234 16:18
4,4318 4,4640
4,0626 4,0949
4,6209 4,6538
5,1486 5,1819
235 16:19
4,4316 4,4638
4,0637 4,0960
4,6202 4,6531
5,1490 5,1823
236 16:20
4,4323 4,4645
4,0638 4,0961
4,6201 4,6530
5,1492 5,1825
237 16:21
4,4321 4,4643
4,0649 4,0972
4,6210 4,6539
5,1493 5,1826
238 16:22
4,4324 4,4646
4,0646 4,0969
4,6215 4,6544
5,1496 5,1829
239 16:23
4,4322 4,4644
4,0654 4,0977
4,6218 4,6547
5,1488 5,1821
240 16:24
4,4321 4,4643
4,0660 4,0983
4,6219 4,6548
5,1489 5,1822
241 16:25
4,4323 4,4645
4,0668 4,0991
4,6226 4,6555
5,1491 5,1824
242 16:26
4,4322 4,4644
4,0666 4,0989
4,6221 4,6550
5,1491 5,1824
243 16:27
4,4326 4,4648
4,0671 4,0994
4,6233 4,6562
5,1499 5,1832
244 16:28
4,4329 4,4651
4,0677 4,1000
4,6247 4,6576
5,1507 5,1840
245 16:29
4,4328 4,4650
4,0675 4,0998
4,6249 4,6578
5,1513 5,1846
246 16:30
4,4327 4,4649
4,0677 4,1000
4,6252 4,6581
5,1513 5,1846
247 16:31
4,4370 4,4692
4,0711 4,1034
4,6297 4,6626
5,1555 5,1888
248 16:32
4,4369 4,4691
4,0712 4,1035
4,6296 4,6625
5,1555 5,1888
249 16:33
4,4371 4,4693
4,0712 4,1035
4,6295 4,6624
5,1559 5,1892
250 16:34
4,4372 4,4694
4,0691 4,1014
4,6290 4,6619
5,1542 5,1875
251 16:35
4,4372 4,4694
4,0695 4,1018
4,6297 4,6626
5,1559 5,1892
252 16:36
4,4369 4,4691
4,0677 4,1000
4,6294 4,6623
5,1548 5,1881
253 16:37
4,4367 4,4689
4,0675 4,0998
4,6292 4,6621
5,1546 5,1879
254 16:38
4,4365 4,4687
4,0675 4,0998
4,6287 4,6616
5,1546 5,1879
255 16:39
4,4348 4,4670
4,0650 4,0973
4,6272 4,6601
5,1527 5,1860
256 16:40
4,4347 4,4669
4,0652 4,0975
4,6270 4,6599
5,1531 5,1864
257 16:41
4,4343 4,4665
4,0657 4,0980
4,6269 4,6598
5,1527 5,1860
258 16:42
4,4343 4,4665
4,0656 4,0979
4,6267 4,6596
5,1524 5,1857
259 16:43
4,4328 4,4650
4,0639 4,0962
4,6256 4,6585
5,1509 5,1842
260 16:44
4,4329 4,4651
4,0643 4,0966
4,6245 4,6574
5,1511 5,1844
261 16:45
4,4368 4,4690
4,0691 4,1014
4,6293 4,6622
5,1556 5,1889
262 16:46
4,4365 4,4687
4,0691 4,1014
4,6287 4,6616
5,1546 5,1879
263 16:47
4,4368 4,4690
4,0701 4,1024
4,6286 4,6615
5,1548 5,1881
264 16:48
4,4369 4,4691
4,0701 4,1024
4,6287 4,6616
5,1551 5,1884
265 16:49
4,4368 4,4690
4,0702 4,1025
4,6286 4,6615
5,1556 5,1889
266 16:50
4,4385 4,4707
4,0704 4,1027
4,6325 4,6654
5,1573 5,1906
267 16:51
4,4394 4,4716
4,0707 4,1030
4,6332 4,6661
5,1572 5,1905
268 16:52
4,4397 4,4719
4,0712 4,1035
4,6350 4,6679
5,1574 5,1907
269 16:53
4,4380 4,4702
4,0694 4,1017
4,6330 4,6659
5,1555 5,1888
270 16:54
4,4376 4,4698
4,0689 4,1012
4,6297 4,6626
5,1541 5,1874
271 16:55
4,4368 4,4690
4,0680 4,1003
4,6286 4,6615
5,1532 5,1865
272 16:56
4,4371 4,4693
4,0692 4,1015
4,6291 4,6620
5,1554 5,1887
273 16:57
4,4379 4,4701
4,0707 4,1030
4,6297 4,6626
5,1563 5,1896
274 16:58
4,4376 4,4698
4,0695 4,1018
4,6289 4,6618
5,1553 5,1886
275 16:59
4,4373 4,4695
4,0694 4,1017
4,6281 4,6610
5,1556 5,1889
276 17:00
4,4372 4,4694
4,0691 4,1014
4,6280 4,6609
5,1552 5,1885
277 17:01
4,4373 4,4695
4,0686 4,1009
4,6281 4,6610
5,1549 5,1882
278 17:02
4,4373 4,4695
4,0686 4,1009
4,6280 4,6609
5,1549 5,1882
279 17:03
4,4373 4,4695
4,0671 4,0994
4,6279 4,6608
5,1550 5,1883
280 17:04
4,4374 4,4696
4,0670 4,0993
4,6275 4,6604
5,1554 5,1887
281 17:05
4,4366 4,4688
4,0673 4,0996
4,6271 4,6600
5,1556 5,1889
282 17:06
4,4360 4,4682
4,0668 4,0991
4,6272 4,6601
5,1553 5,1886
283 17:07
4,4358 4,4680
4,0672 4,0995
4,6265 4,6594
5,1550 5,1883
284 17:08
4,4361 4,4683
4,0680 4,1003
4,6278 4,6607
5,1560 5,1893
285 17:09
4,4360 4,4682
4,0672 4,0995
4,6277 4,6606
5,1560 5,1893
286 17:10
4,4359 4,4681
4,0675 4,0998
4,6283 4,6612
5,1561 5,1894
287 17:11
4,4359 4,4681
4,0679 4,1002
4,6279 4,6608
5,1573 5,1906
288 17:12
4,4365 4,4687
4,0684 4,1007
4,6284 4,6613
5,1579 5,1912
289 17:13
4,4367 4,4689
4,0682 4,1005
4,6289 4,6618
5,1575 5,1908
290 17:14
4,4367 4,4689
4,0669 4,0992
4,6286 4,6615
5,1572 5,1905
291 17:15
4,4370 4,4692
4,0674 4,0997
4,6297 4,6626
5,1577 5,1910
292 17:16
4,4374 4,4696
4,0661 4,0984
4,6304 4,6633
5,1581 5,1914
293 17:17
4,4374 4,4696
4,0651 4,0974
4,6303 4,6632
5,1587 5,1920
294 17:18
4,4377 4,4699
4,0650 4,0973
4,6305 4,6634
5,1600 5,1933
295 17:19
4,4375 4,4697
4,0656 4,0979
4,6300 4,6629
5,1594 5,1927
296 17:20
4,4377 4,4699
4,0664 4,0987
4,6300 4,6629
5,1591 5,1924
297 17:21
4,4377 4,4699
4,0656 4,0979
4,6300 4,6629
5,1588 5,1921
298 17:22
4,4378 4,4700
4,0655 4,0978
4,6293 4,6622
5,1585 5,1918
299 17:23
4,4377 4,4699
4,0660 4,0983
4,6298 4,6627
5,1594 5,1927
300 17:24
4,4370 4,4692
4,0653 4,0976
4,6290 4,6619
5,1591 5,1924
301 17:25
4,4377 4,4699
4,0655 4,0978
4,6302 4,6631
5,1596 5,1929
302 17:26
4,4379 4,4701
4,0650 4,0973
4,6302 4,6631
5,1619 5,1952
303 17:27
4,4376 4,4698
4,0643 4,0966
4,6296 4,6625
5,1607 5,1940
304 17:28
4,4376 4,4698
4,0643 4,0966
4,6286 4,6615
5,1610 5,1943
305 17:29
4,4369 4,4691
4,0625 4,0948
4,6277 4,6606
5,1609 5,1942
306 17:30
4,4362 4,4684
4,0622 4,0945
4,6270 4,6599
5,1580 5,1913
307 17:31
4,4365 4,4687
4,0628 4,0951
4,6272 4,6601
5,1587 5,1920
308 17:32
4,4363 4,4685
4,0628 4,0951
4,6273 4,6602
5,1584 5,1917
309 17:33
4,4365 4,4687
4,0622 4,0945
4,6272 4,6601
5,1585 5,1918
310 17:34
4,4368 4,4690
4,0627 4,0950
4,6273 4,6602
5,1583 5,1916
311 17:35
4,4373 4,4695
4,0632 4,0955
4,6276 4,6605
5,1578 5,1911
312 17:36
4,4377 4,4699
4,0632 4,0956
4,6287 4,6616
5,1587 5,1920
313 17:37
4,4377 4,4699
4,0632 4,0955
4,6297 4,6626
5,1591 5,1924
314 17:38
4,4377 4,4699
4,0628 4,0951
4,6300 4,6629
5,1597 5,1930
315 17:39
4,4378 4,4700
4,0631 4,0954
4,6301 4,6630
5,1598 5,1931
316 17:40
4,4376 4,4698
4,0627 4,0950
4,6292 4,6621
5,1595 5,1928
317 17:41
4,4368 4,4690
4,0616 4,0939
4,6288 4,6617
5,1584 5,1917
318 17:42
4,4367 4,4689
4,0615 4,0938
4,6284 4,6613
5,1578 5,1911
319 17:43
4,4363 4,4685
4,0615 4,0938
4,6282 4,6611
5,1574 5,1907
320 17:44
4,4366 4,4688
4,0619 4,0942
4,6291 4,6620
5,1581 5,1914
321 17:45
4,4366 4,4688
4,0615 4,0938
4,6291 4,6620
5,1581 5,1914
322 17:46
4,4367 4,4689
4,0609 4,0932
4,6294 4,6623
5,1584 5,1917
323 17:47
4,4366 4,4688
4,0606 4,0929
4,6288 4,6617
5,1577 5,1910
324 17:48
4,4365 4,4687
4,0605 4,0928
4,6289 4,6618
5,1582 5,1915
325 17:49
4,4364 4,4686
4,0612 4,0935
4,6286 4,6615
5,1581 5,1914
326 17:50
4,4362 4,4684
4,0614 4,0937
4,6287 4,6616
5,1582 5,1915
327 17:51
4,4361 4,4683
4,0611 4,0934
4,6285 4,6614
5,1580 5,1913
328 17:52
4,4361 4,4683
4,0607 4,0930
4,6283 4,6612
5,1580 5,1913
329 17:53
4,4359 4,4681
4,0609 4,0932
4,6279 4,6608
5,1573 5,1906
330 17:54
4,4364 4,4686
4,0618 4,0941
4,6289 4,6618
5,1581 5,1914
331 17:55
4,4366 4,4688
4,0621 4,0944
4,6290 4,6619
5,1583 5,1916
332 17:56
4,4368 4,4690
4,0624 4,0947
4,6293 4,6622
5,1580 5,1913
333 17:57
4,4367 4,4689
4,0619 4,0942
4,6292 4,6621
5,1581 5,1914
334 17:58
4,4368 4,4690
4,0619 4,0942
4,6292 4,6621
5,1586 5,1919
335 17:59
4,4357 4,4679
4,0606 4,0929
4,6281 4,6610
5,1569 5,1902
336 18:00
4,4360 4,4687
4,0613 4,0945
4,6285 4,6619
5,1570 5,1909
337 18:01
4,4359 4,4687
4,0604 4,0938
4,6288 4,6623
5,1576 5,1913
338 19:26
4,4342 4,4678
4,0581 4,0919
4,6272 4,6612
5,1557 5,1905
339 19:27
4,4341 4,4677
4,0584 4,0922
4,6266 4,6614
5,1557 5,1905
340 19:28
4,4342 4,4679
4,0586 4,0925
4,6266 4,6610
5,1555 5,1904
341 19:29
4,4342 4,4677
4,0590 4,0931
4,6266 4,6608
5,1561 5,1908
342 19:30
4,4331 4,4670
4,0578 4,0918
4,6253 4,6600
5,1549 5,1900
343 19:31
4,4327 4,4667
4,0566 4,0911
4,6251 4,6601
5,1545 5,1899
344 19:32
4,4328 4,4668
4,0567 4,0912
4,6252 4,6600
5,1552 5,1905
345 19:33
4,4328 4,4669
4,0579 4,0921
4,6255 4,6604
5,1552 5,1906
346 19:34
4,4330 4,4668
4,0585 4,0929
4,6254 4,6599
5,1561 5,1913
347 19:35
4,4332 4,4670
4,0592 4,0933
4,6256 4,6602
5,1563 5,1914
348 19:36
4,4332 4,4668
4,0590 4,0931
4,6256 4,6600
5,1557 5,1906
349 19:37
4,4327 4,4669
4,0590 4,0936
4,6251 4,6601
5,1557 5,1906
350 19:38
4,4330 4,4671
4,0590 4,0933
4,6257 4,6606
5,1564 5,1915
351 19:39
4,4328 4,4669
4,0590 4,0936
4,6260 4,6613
5,1564 5,1911
352 19:40
4,4329 4,4670
4,0591 4,0933
4,6261 4,6614
5,1565 5,1919
353 19:41
4,4333 4,4669
4,0587 4,0929
4,6269 4,6615
5,1563 5,1912
354 19:42
4,4333 4,4670
4,0586 4,0925
4,6266 4,6616
5,1564 5,1914
355 19:43
4,4333 4,4670
4,0587 4,0929
4,6267 4,6615
5,1563 5,1912
356 19:44
4,4336 4,4667
4,0588 4,0925
4,6274 4,6612
5,1566 5,1909
357 19:45
4,4320 4,4658
4,0579 4,0923
4,6258 4,6604
5,1555 5,1906
358 19:46
4,4318 4,4656
4,0584 4,0927
4,6256 4,6602
5,1552 5,1897
359 19:47
4,4320 4,4662
4,0590 4,0934
4,6258 4,6608
5,1553 5,1910
360 19:48
4,4321 4,4663
4,0587 4,0934
4,6253 4,6608
5,1550 5,1906
361 19:49
4,4300 4,4637
4,0570 4,0913
4,6231 4,6574
5,1524 5,1873
362 19:50
4,4298 4,4636
4,0570 4,0913
4,6228 4,6575
5,1518 5,1867
363 19:51
4,4297 4,4634
4,0565 4,0907
4,6229 4,6573
5,1521 5,1864
364 19:52
4,4294 4,4631
4,0561 4,0904
4,6220 4,6570
5,1512 5,1862
365 19:53
4,4295 4,4633
4,0571 4,0915
4,6223 4,6573
5,1520 5,1871
366 19:54
4,4298 4,4642
4,0577 4,0926
4,6222 4,6578
5,1524 5,1876
367 19:55
4,4311 4,4648
4,0584 4,0923
4,6237 4,6582
5,1538 5,1888
368 19:56
4,4315 4,4653
4,0585 4,0928
4,6238 4,6583
5,1543 5,1894
369 19:57
4,4295 4,4636
4,0563 4,0909
4,6211 4,6564
5,1523 5,1872
370 19:58
4,4301 4,4640
4,0569 4,0913
4,6212 4,6563
5,1532 5,1884
371 19:59
4,4312 4,4642
4,0582 4,0915
4,6225 4,6562
5,1546 5,1888
372 20:00
4,4316 4,4648
4,0587 4,0923
4,6229 4,6568
5,1551 5,1895
373 20:01
4,4320 4,4650
4,0594 4,0930
4,6233 4,6570
5,1555 5,1896
374 20:02
4,4319 4,4651
4,0590 4,0924
4,6237 4,6576
5,1554 5,1897
375 20:03
4,4322 4,4651
4,0594 4,0929
4,6240 4,6576
5,1561 5,1897
376 20:04
4,4321 4,4654
4,0586 4,0925
4,6244 4,6584
5,1561 5,1900
377 20:05
4,4321 4,4653
4,0588 4,0922
4,6240 4,6584
5,1555 5,1900
378 20:06
4,4321 4,4655
4,0584 4,0924
4,6244 4,6586
5,1557 5,1903
379 20:07
4,4322 4,4655
4,0587 4,0926
4,6239 4,6584
5,1556 5,1901
380 20:08
4,4321 4,4655
4,0591 4,0927
4,6244 4,6585
5,1556 5,1901
381 20:09
4,4322 4,4655
4,0587 4,0926
4,6250 4,6590
5,1556 5,1901
382 20:10
4,4322 4,4655
4,0587 4,0926
4,6245 4,6585
5,1562 5,1907
383 20:11
4,4322 4,4655
4,0587 4,0926
4,6245 4,6585
5,1562 5,1901
384 20:12
4,4317 4,4656
4,0582 4,0923
4,6239 4,6590
5,1557 5,1909
385 20:13
4,4318 4,4654
4,0585 4,0923
4,6242 4,6590
5,1558 5,1907
386 20:14
4,4315 4,4655
4,0582 4,0928
4,6238 4,6585
5,1555 5,1908
387 20:15
4,4318 4,4654
4,0585 4,0927
4,6241 4,6584
5,1558 5,1907
388 20:16
4,4321 4,4655
4,0591 4,0930
4,6249 4,6590
5,1563 5,1909
389 20:17
4,4318 4,4654
4,0592 4,0933
4,6241 4,6584
5,1554 5,1902
390 20:18
4,4316 4,4656
4,0586 4,0931
4,6240 4,6590
5,1557 5,1907
391 20:19
4,4321 4,4655
4,0591 4,0930
4,6245 4,6591
5,1557 5,1903
392 20:20
4,4321 4,4650
4,0590 4,0925
4,6244 4,6580
5,1556 5,1896
393 20:21
4,4322 4,4651
4,0591 4,0926
4,6245 4,6581
5,1556 5,1897
394 20:22
4,4321 4,4650
4,0590 4,0925
4,6244 4,6580
5,1556 5,1896
395 20:23
4,4321 4,4650
4,0594 4,0926
4,6244 4,6580
5,1556 5,1896
396 20:24
4,4321 4,4650
4,0593 4,0924
4,6243 4,6578
5,1555 5,1895
397 20:25
4,4321 4,4649
4,0592 4,0926
4,6240 4,6580
5,1556 5,1895
398 20:26
4,4322 4,4651
4,0591 4,0926
4,6245 4,6581
5,1557 5,1897
399 20:27
4,4320 4,4648
4,0593 4,0928
4,6239 4,6575
5,1555 5,1894
400 20:28
4,4321 4,4648
4,0594 4,0924
4,6239 4,6573
5,1554 5,1893
401 20:29
4,4322 4,4649
4,0595 4,0925
4,6240 4,6574
5,1561 5,1894
402 20:30
4,4320 4,4649
4,0593 4,0924
4,6238 4,6574
5,1559 5,1894
403 20:31
4,4318 4,4644
4,0595 4,0928
4,6236 4,6569
5,1557 5,1890
404 20:32
4,4318 4,4644
4,0595 4,0928
4,6236 4,6569
5,1558 5,1895
405 20:33
4,4319 4,4641
4,0601 4,0925
4,6236 4,6565
5,1555 5,1888
406 20:34
4,4318 4,4640
4,0599 4,0924
4,6236 4,6565
5,1556 5,1889
407 20:35
4,4318 4,4640
4,0600 4,0924
4,6237 4,6569
5,1557 5,1890
408 20:36
4,4319 4,4644
4,0595 4,0926
4,6236 4,6567
5,1557 5,1890
409 20:37
4,4319 4,4645
4,0592 4,0925
4,6237 4,6570
5,1558 5,1891
410 20:38
4,4318 4,4644
4,0595 4,0928
4,6236 4,6569
5,1554 5,1890
411 20:39
4,4319 4,4644
4,0596 4,0928
4,6237 4,6569
5,1556 5,1889
412 20:40
4,4318 4,4640
4,0599 4,0924
4,6236 4,6565
5,1552 5,1885
413 20:41
4,4320 4,4647
4,0604 4,0933
4,6243 4,6577
5,1553 5,1892
414 20:42
4,4319 4,4648
4,0603 4,0938
4,6237 4,6573
5,1552 5,1893
415 20:43
4,4318 4,4646
4,0606 4,0941
4,6241 4,6576
5,1553 5,1893
416 20:44
4,4320 4,4649
4,0611 4,0946
4,6237 4,6578
5,1555 5,1895
417 20:45
4,4318 4,4646
4,0610 4,0945
4,6236 4,6571
5,1553 5,1887
418 20:46
4,4320 4,4647
4,0616 4,0946
4,6233 4,6567
5,1553 5,1886
419 20:47
4,4319 4,4648
4,0618 4,0950
4,6232 4,6568
5,1546 5,1887
420 20:48
4,4318 4,4646
4,0619 4,0949
4,6231 4,6566
5,1541 5,1881
421 20:49
4,4318 4,4646
4,0619 4,0953
4,6226 4,6561
5,1541 5,1881
422 20:50
4,4320 4,4649
4,0627 4,0959
4,6228 4,6564
5,1543 5,1883
423 20:51
4,4318 4,4648
4,0630 4,0966
4,6231 4,6568
5,1554 5,1890
424 20:52
4,4318 4,4648
4,0634 4,0966
4,6231 4,6568
5,1547 5,1889
425 20:53
4,4319 4,4648
4,0621 4,0956
4,6232 4,6568
5,1546 5,1887
426 20:54
4,4318 4,4648
4,0630 4,0962
4,6232 4,6574
5,1547 5,1889
427 20:55
4,4318 4,4646
4,0630 4,0964
4,6236 4,6571
5,1547 5,1887
428 20:56
4,4318 4,4646
4,0634 4,0964
4,6232 4,6572
5,1547 5,1887
429 20:57
4,4318 4,4646
4,0634 4,0968
4,6231 4,6566
5,1541 5,1881
430 20:58
4,4318 4,4646
4,0636 4,0971
4,6231 4,6566
5,1546 5,1882
431 20:59
4,4321 4,4650
4,0639 4,0971
4,6234 4,6570
5,1544 5,1884
432 21:00
4,4322 4,4649
4,0640 4,0970
4,6235 4,6569
5,1545 5,1883
433 21:01
4,4322 4,4647
4,0640 4,0968
4,6234 4,6571
5,1545 5,1887
434 21:02
4,4320 4,4643
4,0638 4,0968
4,6238 4,6568
5,1543 5,1877
435 21:03
4,4319 4,4641
4,0638 4,0962
4,6243 4,6573
5,1541 5,1874
436 21:04
4,4318 4,4640
4,0630 4,0957
4,6242 4,6573
5,1540 5,1873
437 21:05
4,4318 4,4650
4,0633 4,0970
4,6242 4,6586
5,1541 5,1887
438 21:06
4,4318 4,4650
4,0634 4,0972
4,6241 4,6580
5,1541 5,1885
439 21:07
4,4317 4,4639
4,0632 4,0955
4,6239 4,6568
5,1538 5,1871
440 21:08
4,4317 4,4639
4,0634 4,0958
4,6241 4,6572
5,1539 5,1872
441 21:09
4,4317 4,4639
4,0633 4,0956
4,6243 4,6573
5,1533 5,1866
442 21:10
4,4318 4,4640
4,0635 4,0961
4,6240 4,6569
5,1540 5,1873
443 21:11
4,4318 4,4640
4,0635 4,0961
4,6240 4,6569
5,1536 5,1869
444 21:12
4,4320 4,4649
4,0634 4,0969
4,6243 4,6579
5,1541 5,1874
445 21:13
4,4318 4,4640
4,0630 4,0957
4,6236 4,6565
5,1543 5,1876
446 21:14
4,4318 4,4640
4,0634 4,0961
4,6236 4,6565
5,1546 5,1879
447 21:15
4,4318 4,4640
4,0631 4,0957
4,6235 4,6564
5,1545 5,1878
448 21:16
4,4322 4,4644
4,0627 4,0953
4,6243 4,6572
5,1552 5,1885
449 21:17
4,4322 4,4644
4,0627 4,0952
4,6243 4,6573
5,1554 5,1887
450 21:18
4,4321 4,4643
4,0629 4,0956
4,6241 4,6573
5,1556 5,1889
451 21:19
4,4321 4,4643
4,0625 4,0952
4,6244 4,6573
5,1555 5,1888
452 21:20
4,4308 4,4632
4,0613 4,0942
4,6231 4,6561
5,1541 5,1875
453 21:21
4,4299 4,4625
4,0604 4,0937
4,6221 4,6554
5,1531 5,1869
454 21:22
4,4298 4,4621
4,0603 4,0933
4,6220 4,6550
5,1529 5,1862
455 21:23
4,4294 4,4618
4,0599 4,0926
4,6216 4,6548
5,1524 5,1859
456 21:24
4,4294 4,4622
4,0600 4,0934
4,6216 4,6551
5,1525 5,1865
457 21:25
4,4294 4,4619
4,0599 4,0930
4,6216 4,6548
5,1524 5,1860
458 21:26
4,4296 4,4630
4,0605 4,0944
4,6218 4,6559
5,1526 5,1873
459 21:27
4,4295 4,4626
4,0600 4,0937
4,6216 4,6559
5,1526 5,1868
460 21:28
4,4295 4,4627
4,0601 4,0939
4,6218 4,6562
5,1525 5,1870
461 21:29
4,4297 4,4630
4,0605 4,0940
4,6218 4,6563
5,1528 5,1874
462 21:30
4,4296 4,4630
4,0602 4,0938
4,6219 4,6565
5,1528 5,1874
463 21:31
4,4294 4,4630
4,0604 4,0946
4,6216 4,6565
5,1526 5,1876
464 21:32
4,4296 4,4635
4,0605 4,0949
4,6217 4,6568
5,1527 5,1879
465 21:33
4,4297 4,4632
4,0601 4,0942
4,6218 4,6565
5,1528 5,1876
466 21:34
4,4292 4,4622
4,0595 4,0927
4,6216 4,6556
5,1522 5,1863
467 21:35
4,4297 4,4632
4,0599 4,0939
4,6219 4,6567
5,1528 5,1876
468 21:36
4,4296 4,4634
4,0594 4,0937
4,6219 4,6569
5,1527 5,1877
469 21:37
4,4296 4,4635
4,0594 4,0938
4,6223 4,6569
5,1534 5,1878
470 21:38
4,4293 4,4630
4,0590 4,0933
4,6220 4,6564
5,1523 5,1873
471 21:39
4,4292 4,4626
4,0591 4,0927
4,6224 4,6566
5,1523 5,1871
472 21:40
4,4292 4,4628
4,0589 4,0928
4,6219 4,6567
5,1528 5,1871
473 21:41
4,4294 4,4633
4,0585 4,0929
4,6220 4,6571
5,1524 5,1876
474 21:42
4,4293 4,4630
4,0588 4,0928
4,6220 4,6564
5,1523 5,1873
475 21:43
4,4295 4,4632
4,0588 4,0931
4,6221 4,6570
5,1524 5,1875
476 21:44
4,4294 4,4632
4,0581 4,0924
4,6226 4,6571
5,1526 5,1876
477 21:45
4,4297 4,4636
4,0587 4,0931
4,6229 4,6575
5,1527 5,1878
478 21:46
4,4298 4,4633
4,0587 4,0928
4,6228 4,6571
5,1534 5,1875
479 21:47
4,4296 4,4633
4,0589 4,0932
4,6226 4,6575
5,1531 5,1876
480 21:48
4,4295 4,4632
4,0589 4,0931
4,6226 4,6575
5,1532 5,1874
481 21:49
4,4294 4,4631
4,0587 4,0930
4,6225 4,6575
5,1530 5,1874
482 21:50
4,4296 4,4635
4,0589 4,0930
4,6227 4,6579
5,1525 5,1878
483 21:51
4,4296 4,4630
4,0591 4,0927
4,6233 4,6575
5,1527 5,1874
484 21:52
4,4297 4,4631
4,0592 4,0928
4,6233 4,6574
5,1527 5,1874
485 21:53
4,4297 4,4628
4,0590 4,0927
4,6234 4,6572
5,1529 5,1871
486 21:54
4,4299 4,4636
4,0597 4,0939
4,6230 4,6575
5,1536 5,1880
487 21:55
4,4297 4,4630
4,0598 4,0933
4,6228 4,6567
5,1534 5,1872
488 21:56
4,4298 4,4633
4,0613 4,0954
4,6233 4,6576
5,1533 5,1880
489 21:57
4,4297 4,4631
4,0615 4,0955
4,6234 4,6575
5,1536 5,1882
490 21:58
4,4297 4,4633
4,0614 4,0954
4,6239 4,6583
5,1541 5,1883
491 21:59
4,4296 4,4632
4,0617 4,0958
4,6245 4,6591
5,1543 5,1886
492 22:00
4,4296 4,4630
4,0621 4,0960
4,6243 4,6589
5,1545 5,1892
493 22:01
4,4294 4,4630
4,0615 4,0953
4,6245 4,6588
5,1536 5,1885
494 22:02
4,4294 4,4625
4,0606 4,0943
4,6250 4,6588
5,1529 5,1872
495 22:03
4,4291 4,4623
4,0605 4,0943
4,6247 4,6586
5,1534 5,1872
496 22:04
4,4292 4,4633
4,0605 4,0951
4,6248 4,6596
5,1534 5,1888
497 22:05
4,4293 4,4630
4,0608 4,0951
4,6247 4,6592
5,1541 5,1885
498 22:06
4,4293 4,4629
4,0611 4,0949
4,6249 4,6592
5,1541 5,1890
499 22:07
4,4285 4,4625
4,0603 4,0944
4,6242 4,6594
5,1534 5,1886
500 22:08
4,4287 4,4622
4,0604 4,0942
4,6242 4,6590
5,1533 5,1876
501 22:09
4,4286 4,4622
4,0604 4,0945
4,6243 4,6591
5,1536 5,1884
502 22:10
4,4291 4,4626
4,0607 4,0948
4,6246 4,6594
5,1539 5,1887
503 22:11
4,4286 4,4619
4,0602 4,0937
4,6240 4,6583
5,1533 5,1877
504 22:12
4,4285 4,4617
4,0600 4,0934
4,6241 4,6581
5,1533 5,1877
505 22:13
4,4285 4,4617
4,0600 4,0938
4,6236 4,6576
5,1532 5,1875
506 22:14
4,4285 4,4613
4,0599 4,0932
4,6231 4,6570
5,1537 5,1872
507 22:15
4,4286 4,4626
4,0597 4,0943
4,6232 4,6586
5,1533 5,1888
508 22:16
4,4290 4,4632
4,0599 4,0946
4,6236 4,6585
5,1538 5,1893
509 22:17
4,4290 4,4632
4,0600 4,0948
4,6236 4,6585
5,1538 5,1893
510 22:18
4,4291 4,4632
4,0603 4,0946
4,6237 4,6585
5,1539 5,1893
511 22:19
4,4291 4,4632
4,0603 4,0946
4,6231 4,6580
5,1533 5,1887
512 22:20
4,4291 4,4632
4,0603 4,0946
4,6231 4,6580
5,1533 5,1887
513 22:21
4,4291 4,4632
4,0603 4,0946
4,6231 4,6580
5,1533 5,1887
514 22:22
4,4291 4,4632
4,0603 4,0946
4,6231 4,6580
5,1533 5,1887
515 22:23
4,4291 4,4632
4,0608 4,0950
4,6226 4,6577
5,1533 5,1887
516 22:24
4,4290 4,4636
4,0607 4,0958
4,6227 4,6581
5,1527 5,1887
517 22:25
4,4291 4,4635
4,0608 4,0957
4,6233 4,6585
5,1534 5,1892
518 22:26
4,4290 4,4632
4,0612 4,0958
4,6231 4,6580
5,1532 5,1887
519 22:27
4,4291 4,4634
4,0614 4,0959
4,6231 4,6582
5,1538 5,1895
520 22:28
4,4292 4,4637
4,0612 4,0961
4,6228 4,6586
5,1539 5,1898
521 22:29
4,4291 4,4637
4,0612 4,0959
4,6228 4,6582
5,1541 5,1900
522 22:30
4,4293 4,4638
4,0614 4,0960
4,6228 4,6581
5,1552 5,1905
523 22:31
4,4294 4,4639
4,0611 4,0957
4,6234 4,6587
5,1547 5,1906
524 22:32
4,4291 4,4637
4,0608 4,0955
4,6233 4,6587
5,1540 5,1900
525 22:33
4,4294 4,4640
4,0611 4,0958
4,6236 4,6590
5,1550 5,1910
526 22:34
4,4294 4,4640
4,0611 4,0958
4,6236 4,6590
5,1550 5,1910
527 22:35
4,4286 4,4648
4,0604 4,0966
4,6227 4,6602
5,1545 5,1924
528 22:36
4,4287 4,4650
4,0603 4,0967
4,6227 4,6598
5,1546 5,1926
529 22:37
4,4287 4,4650
4,0603 4,0966
4,6228 4,6604
5,1546 5,1926
530 22:38
4,4287 4,4650
4,0603 4,0966
4,6232 4,6603
5,1546 5,1926
531 22:39
4,4293 4,4639
4,0610 4,0961
4,6240 4,6594
5,1554 5,1913
532 22:40
4,4294 4,4640
4,0612 4,0962
4,6235 4,6594
5,1556 5,1916
533 22:41
4,4293 4,4639
4,0610 4,0961
4,6234 4,6593
5,1553 5,1914
534 22:42
4,4293 4,4639
4,0610 4,0961
4,6234 4,6593
5,1547 5,1908
535 22:43
4,4294 4,4640
4,0611 4,0958
4,6235 4,6594
5,1550 5,1910
536 22:44
4,4294 4,4639
4,0613 4,0960
4,6240 4,6598
5,1541 5,1906
537 22:45
4,4291 4,4637
4,0612 4,0959
4,6237 4,6596
5,1540 5,1906
538 22:46
4,4290 4,4636
4,0611 4,0962
4,6237 4,6595
5,1545 5,1905
539 22:47
4,4291 4,4637
4,0608 4,0959
4,6238 4,6596
5,1546 5,1906
540 22:48
4,4290 4,4636
4,0607 4,0954
4,6237 4,6595
5,1545 5,1905
541 22:49
4,4292 4,4638
4,0609 4,0956
4,6238 4,6597
5,1547 5,1907
542 22:50
4,4281 4,4647
4,0599 4,0969
4,6226 4,6607
5,1533 5,1918
543 22:51
4,4283 4,4652
4,0601 4,0969
4,6227 4,6610
5,1529 5,1922
544 22:52
4,4283 4,4652
4,0601 4,0969
4,6227 4,6610
5,1529 5,1922
545 22:53
4,4308 4,4655
4,0620 4,0972
4,6255 4,6615
5,1559 5,1921
546 22:54
4,4290 4,4659
4,0603 4,0975
4,6230 4,6613
5,1538 5,1928
547 22:55
4,4286 4,4653
4,0600 4,0970
4,6232 4,6612
5,1532 5,1917
548 22:56
4,4317 4,4652
4,0627 4,0968
4,6258 4,6605
5,1569 5,1917
549 22:57
4,4317 4,4652
4,0627 4,0968
4,6258 4,6605
5,1562 5,1909
550 22:58
4,4289 4,4665
4,0600 4,0978
4,6231 4,6621
5,1543 5,1944
551 22:59
4,4292 4,4667
4,0601 4,0979
4,6238 4,6622
5,1546 5,1946
552 23:00
4,3991 4,4918
4,0303 4,1282
4,5992 4,6714
5,1212 5,2278
553 23:01
4,3991 4,4918
4,0303 4,1282
4,5992 4,6714
5,1212 5,2278
554 23:02
4,3991 4,4918
4,0303 4,1282
4,5992 4,6714
5,1212 5,2278
555 23:03
4,3991 4,4918
4,0303 4,1282
4,5992 4,6714
5,1212 5,2278
556 23:04
4,3991 4,4918
4,0303 4,1282
4,5992 4,6714
5,1212 5,2278
557 23:05
4,3991 4,4918
4,0303 4,1282
4,5992 4,6714
5,1212 5,2278
558 23:06
4,3991 4,4918
4,0303 4,1282
4,5992 4,6714
5,1212 5,2278
559 23:07
4,3991 4,4918
4,0303 4,1282
4,5992 4,6714
5,1212 5,2278
560 23:08
4,3991 4,4918
4,0303 4,1282
4,5992 4,6714
5,1212 5,2278
561 23:09
4,3991 4,4918
4,0303 4,1282
4,5992 4,6714
5,1212 5,2278
562 23:10
4,3991 4,4918
4,0303 4,1282
4,5992 4,6714
5,1212 5,2278
563 23:11
4,3991 4,4918
4,0303 4,1282
4,5992 4,6714
5,1212 5,2278
564 23:12
4,3991 4,4918
4,0303 4,1282
4,5992 4,6714
5,1212 5,2278
565 23:13
4,3991 4,4918
4,0303 4,1282
4,5992 4,6714
5,1212 5,2278
566 23:14
4,3991 4,4918
4,0303 4,1282
4,5992 4,6714
5,1212 5,2278
567 23:15
4,3991 4,4918
4,0303 4,1282
4,5992 4,6714
5,1212 5,2278
568 23:16
4,3991 4,4918
4,0303 4,1282
4,5992 4,6714
5,1212 5,2278
569 23:17
4,3991 4,4918
4,0303 4,1282
4,5992 4,6714
5,1212 5,2278
570 23:18
4,3991 4,4918
4,0303 4,1282
4,5992 4,6714
5,1212 5,2278
571 23:19
4,3991 4,4918
4,0303 4,1282
4,5992 4,6714
5,1212 5,2278
572 23:20
4,3991 4,4918
4,0303 4,1282
4,5992 4,6714
5,1212 5,2278
573 23:21
4,3991 4,4918
4,0303 4,1282
4,5992 4,6714
5,1212 5,2278
574 23:22
4,3991 4,4918
4,0303 4,1282
4,5992 4,6714
5,1212 5,2278
575 23:23
4,3991 4,4918
4,0303 4,1282
4,5992 4,6714
5,1212 5,2278
576 23:24
4,3991 4,4918
4,0303 4,1282
4,5992 4,6714
5,1212 5,2278
577 23:25
4,3991 4,4918
4,0303 4,1282
4,5992 4,6714
5,1212 5,2278
578 23:26
4,3991 4,4918
4,0303 4,1282
4,5992 4,6714
5,1212 5,2278
579 23:27
4,3991 4,4918
4,0303 4,1282
4,5992 4,6714
5,1212 5,2278
580 23:28
4,3991 4,4918
4,0303 4,1282
4,5992 4,6714
5,1212 5,2278
581 23:29
4,3991 4,4918
4,0303 4,1282
4,5992 4,6714
5,1212 5,2278
582 23:30
4,3991 4,4918
4,0303 4,1282
4,5992 4,6714
5,1212 5,2278
583 23:31
4,3991 4,4918
4,0303 4,1282
4,5992 4,6714
5,1212 5,2278
584 23:32
4,3991 4,4918
4,0303 4,1282
4,5992 4,6714
5,1212 5,2278
585 23:33
4,3991 4,4918
4,0303 4,1282
4,5992 4,6714
5,1212 5,2278
586 23:34
4,3991 4,4918
4,0303 4,1282
4,5992 4,6714
5,1212 5,2278
587 23:35
4,3991 4,4918
4,0303 4,1282
4,5992 4,6714
5,1212 5,2278
