#======================
2023-4-12
# 1.EUR, 2.USD, 3.CHF, 4.GBP
Sell Price, Buy Price
1 09:13
4,6509 4,6832
4,2544 4,2867
4,7148 4,7478
5,2918 5,3252
2 09:14
4,6519 4,6842
4,2557 4,2880
4,7168 4,7498
5,2928 5,3262
3 09:15
4,6515 4,6838
4,2555 4,2878
4,7169 4,7499
5,2932 5,3266
4 09:16
4,6517 4,6840
4,2555 4,2878
4,7167 4,7496
5,2931 5,3264
5 09:17
4,6507 4,6830
4,2546 4,2869
4,7152 4,7481
5,2929 5,3262
6 09:18
4,6510 4,6833
4,2541 4,2864
4,7155 4,7484
5,2935 5,3268
7 09:19
4,6514 4,6837
4,2551 4,2874
4,7163 4,7492
5,2940 5,3273
8 09:20
4,6529 4,6852
4,2566 4,2889
4,7175 4,7504
5,2948 5,3281
9 09:21
4,6536 4,6859
4,2567 4,2890
4,7177 4,7506
5,2959 5,3293
10 09:22
4,6539 4,6862
4,2577 4,2900
4,7184 4,7513
5,2959 5,3293
11 09:23
4,6556 4,6879
4,2603 4,2926
4,7202 4,7531
5,2977 5,3311
12 09:24
4,6561 4,6884
4,2613 4,2936
4,7212 4,7541
5,2975 5,3309
13 09:25
4,6571 4,6894
4,2626 4,2949
4,7209 4,7538
5,2989 5,3323
14 09:26
4,6570 4,6893
4,2629 4,2952
4,7208 4,7537
5,2985 5,3318
15 09:27
4,6569 4,6892
4,2630 4,2953
4,7200 4,7529
5,2978 5,3311
16 09:28
4,6563 4,6886
4,2627 4,2950
4,7204 4,7533
5,2967 5,3300
17 09:29
4,6551 4,6874
4,2612 4,2935
4,7189 4,7518
5,2949 5,3282
18 09:30
4,6550 4,6873
4,2614 4,2937
4,7193 4,7522
5,2956 5,3289
19 09:31
4,6559 4,6882
4,2629 4,2952
4,7194 4,7524
5,2964 5,3297
20 09:32
4,6556 4,6879
4,2624 4,2947
4,7181 4,7511
5,2964 5,3297
21 09:33
4,6556 4,6879
4,2624 4,2947
4,7181 4,7511
5,2963 5,3296
22 09:34
4,6556 4,6879
4,2628 4,2951
4,7186 4,7516
5,2969 5,3302
23 09:35
4,6556 4,6879
4,2622 4,2945
4,7186 4,7516
5,2970 5,3303
24 09:36
4,6554 4,6877
4,2616 4,2939
4,7187 4,7516
5,2973 5,3307
25 09:37
4,6549 4,6872
4,2616 4,2939
4,7190 4,7519
5,2959 5,3293
26 09:38
4,6543 4,6866
4,2608 4,2931
4,7188 4,7517
5,2961 5,3295
27 09:39
4,6543 4,6866
4,2612 4,2935
4,7184 4,7513
5,2955 5,3289
28 09:40
4,6529 4,6852
4,2598 4,2921
4,7171 4,7500
5,2948 5,3282
29 09:41
4,6531 4,6854
4,2605 4,2928
4,7166 4,7496
5,2944 5,3277
30 09:42
4,6529 4,6852
4,2590 4,2913
4,7154 4,7484
5,2945 5,3278
31 09:43
4,6529 4,6852
4,2591 4,2914
4,7154 4,7484
5,2937 5,3270
32 09:44
4,6530 4,6853
4,2590 4,2913
4,7155 4,7485
5,2949 5,3282
33 09:45
4,6532 4,6855
4,2586 4,2909
4,7143 4,7473
5,2948 5,3281
34 09:46
4,6528 4,6851
4,2581 4,2904
4,7141 4,7471
5,2938 5,3271
35 09:47
4,6529 4,6852
4,2580 4,2903
4,7140 4,7470
5,2942 5,3275
36 09:48
4,6525 4,6848
4,2580 4,2903
4,7140 4,7470
5,2949 5,3282
37 09:49
4,6526 4,6849
4,2579 4,2902
4,7144 4,7474
5,2941 5,3274
38 09:50
4,6525 4,6848
4,2574 4,2897
4,7140 4,7470
5,2940 5,3273
39 09:51
4,6524 4,6847
4,2569 4,2892
4,7141 4,7471
5,2933 5,3267
40 09:52
4,6522 4,6845
4,2566 4,2889
4,7137 4,7467
5,2925 5,3259
41 09:53
4,6524 4,6847
4,2567 4,2890
4,7144 4,7474
5,2933 5,3267
42 09:54
4,6522 4,6845
4,2564 4,2887
4,7145 4,7475
5,2931 5,3265
43 09:55
4,6521 4,6844
4,2559 4,2882
4,7131 4,7461
5,2914 5,3248
44 09:56
4,6523 4,6846
4,2568 4,2891
4,7136 4,7466
5,2917 5,3251
45 09:57
4,6521 4,6844
4,2573 4,2896
4,7155 4,7485
5,2915 5,3249
46 09:58
4,6520 4,6843
4,2566 4,2889
4,7150 4,7480
5,2914 5,3248
47 09:59
4,6519 4,6842
4,2561 4,2884
4,7149 4,7479
5,2906 5,3240
48 10:00
4,6522 4,6845
4,2572 4,2895
4,7162 4,7492
5,2916 5,3250
49 10:01
4,6527 4,6850
4,2578 4,2901
4,7171 4,7501
5,2912 5,3246
50 10:02
4,6527 4,6850
4,2578 4,2901
4,7178 4,7508
5,2912 5,3246
51 10:03
4,6527 4,6850
4,2584 4,2907
4,7181 4,7511
5,2912 5,3246
52 10:04
4,6528 4,6851
4,2583 4,2906
4,7179 4,7509
5,2914 5,3248
53 10:05
4,6523 4,6846
4,2574 4,2897
4,7174 4,7504
5,2911 5,3245
54 10:06
4,6517 4,6840
4,2571 4,2894
4,7159 4,7489
5,2917 5,3251
55 10:07
4,6517 4,6840
4,2578 4,2901
4,7165 4,7495
5,2906 5,3240
56 10:08
4,6515 4,6838
4,2567 4,2890
4,7159 4,7489
5,2904 5,3238
57 10:09
4,6514 4,6837
4,2553 4,2876
4,7163 4,7493
5,2912 5,3246
58 10:10
4,6505 4,6828
4,2544 4,2867
4,7149 4,7479
5,2902 5,3236
59 10:11
4,6507 4,6830
4,2553 4,2876
4,7156 4,7485
5,2907 5,3241
60 10:12
4,6505 4,6828
4,2550 4,2873
4,7149 4,7478
5,2893 5,3227
61 10:13
4,6509 4,6832
4,2551 4,2874
4,7154 4,7483
5,2891 5,3225
62 10:14
4,6506 4,6829
4,2557 4,2880
4,7156 4,7485
5,2876 5,3210
63 10:15
4,6507 4,6830
4,2551 4,2874
4,7151 4,7480
5,2865 5,3199
64 10:16
4,6506 4,6829
4,2551 4,2874
4,7140 4,7470
5,2858 5,3192
65 10:17
4,6506 4,6829
4,2547 4,2870
4,7138 4,7468
5,2859 5,3193
66 10:18
4,6509 4,6832
4,2548 4,2871
4,7144 4,7474
5,2862 5,3196
67 10:19
4,6509 4,6832
4,2549 4,2872
4,7148 4,7478
5,2861 5,3195
68 10:20
4,6509 4,6832
4,2559 4,2882
4,7157 4,7487
5,2864 5,3198
69 10:21
4,6503 4,6826
4,2556 4,2879
4,7149 4,7479
5,2860 5,3194
70 10:22
4,6503 4,6826
4,2550 4,2873
4,7149 4,7479
5,2870 5,3204
71 10:23
4,6503 4,6826
4,2558 4,2881
4,7152 4,7482
5,2874 5,3208
72 10:24
4,6502 4,6825
4,2553 4,2876
4,7151 4,7481
5,2865 5,3199
73 10:25
4,6504 4,6827
4,2559 4,2882
4,7157 4,7487
5,2865 5,3199
74 10:26
4,6501 4,6824
4,2572 4,2895
4,7147 4,7477
5,2874 5,3207
75 10:27
4,6494 4,6817
4,2564 4,2887
4,7142 4,7472
5,2860 5,3193
76 10:28
4,6498 4,6821
4,2575 4,2898
4,7154 4,7484
5,2864 5,3197
77 10:29
4,6499 4,6822
4,2572 4,2895
4,7152 4,7482
5,2862 5,3195
78 10:30
4,6505 4,6828
4,2577 4,2900
4,7158 4,7488
5,2875 5,3208
79 10:31
4,6501 4,6824
4,2570 4,2893
4,7154 4,7484
5,2868 5,3202
80 10:32
4,6504 4,6827
4,2582 4,2905
4,7162 4,7492
5,2883 5,3217
81 10:33
4,6505 4,6828
4,2587 4,2910
4,7163 4,7493
5,2876 5,3210
82 10:34
4,6501 4,6824
4,2575 4,2898
4,7159 4,7489
5,2881 5,3215
83 10:35
4,6500 4,6823
4,2572 4,2895
4,7158 4,7488
5,2878 5,3212
84 10:36
4,6489 4,6812
4,2554 4,2877
4,7149 4,7478
5,2860 5,3193
85 10:37
4,6486 4,6809
4,2550 4,2873
4,7140 4,7469
5,2862 5,3195
86 10:38
4,6483 4,6806
4,2552 4,2875
4,7135 4,7464
5,2860 5,3193
87 10:39
4,6484 4,6807
4,2554 4,2877
4,7135 4,7464
5,2860 5,3193
88 10:40
4,6473 4,6796
4,2546 4,2869
4,7127 4,7456
5,2851 5,3184
89 10:41
4,6475 4,6798
4,2546 4,2868
4,7128 4,7458
5,2853 5,3186
90 10:42
4,6473 4,6796
4,2542 4,2864
4,7128 4,7458
5,2851 5,3184
91 10:43
4,6474 4,6797
4,2543 4,2865
4,7129 4,7459
5,2852 5,3185
92 10:44
4,6465 4,6788
4,2535 4,2857
4,7113 4,7443
5,2857 5,3190
93 10:45
4,6467 4,6790
4,2536 4,2858
4,7122 4,7452
5,2853 5,3186
94 10:46
4,6468 4,6791
4,2540 4,2862
4,7124 4,7454
5,2855 5,3188
95 10:47
4,6470 4,6793
4,2551 4,2873
4,7130 4,7460
5,2863 5,3196
96 10:48
4,6468 4,6791
4,2550 4,2872
4,7121 4,7451
5,2870 5,3203
97 10:49
4,6468 4,6791
4,2547 4,2869
4,7123 4,7453
5,2869 5,3202
98 10:50
4,6477 4,6800
4,2554 4,2876
4,7135 4,7465
5,2871 5,3204
99 10:51
4,6489 4,6812
4,2565 4,2887
4,7145 4,7475
5,2884 5,3217
100 10:52
4,6487 4,6810
4,2559 4,2881
4,7140 4,7470
5,2882 5,3215
101 10:53
4,6486 4,6809
4,2554 4,2876
4,7134 4,7464
5,2874 5,3207
102 10:54
4,6488 4,6811
4,2552 4,2874
4,7136 4,7466
5,2874 5,3207
103 10:55
4,6486 4,6809
4,2543 4,2865
4,7130 4,7460
5,2869 5,3202
104 10:56
4,6486 4,6809
4,2550 4,2872
4,7130 4,7460
5,2863 5,3196
105 10:57
4,6487 4,6810
4,2553 4,2875
4,7128 4,7458
5,2861 5,3194
106 10:58
4,6485 4,6808
4,2551 4,2873
4,7129 4,7459
5,2865 5,3198
107 10:59
4,6487 4,6810
4,2557 4,2879
4,7128 4,7458
5,2867 5,3200
108 11:00
4,6484 4,6807
4,2548 4,2870
4,7118 4,7448
5,2866 5,3199
109 11:01
4,6479 4,6802
4,2534 4,2856
4,7108 4,7438
5,2861 5,3194
110 11:02
4,6489 4,6812
4,2553 4,2875
4,7127 4,7457
5,2879 5,3212
111 11:03
4,6490 4,6813
4,2552 4,2874
4,7121 4,7451
5,2879 5,3212
112 11:04
4,6490 4,6813
4,2554 4,2876
4,7128 4,7458
5,2885 5,3218
113 11:05
4,6497 4,6820
4,2561 4,2883
4,7132 4,7462
5,2899 5,3232
114 11:06
4,6511 4,6834
4,2569 4,2891
4,7151 4,7481
5,2910 5,3243
115 11:07
4,6514 4,6837
4,2576 4,2898
4,7156 4,7486
5,2907 5,3240
116 11:08
4,6510 4,6833
4,2576 4,2898
4,7159 4,7489
5,2900 5,3233
117 11:09
4,6509 4,6832
4,2569 4,2891
4,7162 4,7492
5,2897 5,3230
118 11:10
4,6510 4,6833
4,2568 4,2890
4,7171 4,7501
5,2899 5,3232
119 11:11
4,6509 4,6832
4,2573 4,2895
4,7180 4,7510
5,2898 5,3231
120 11:12
4,6512 4,6835
4,2574 4,2896
4,7180 4,7510
5,2898 5,3231
121 11:13
4,6511 4,6834
4,2565 4,2887
4,7174 4,7504
5,2891 5,3224
122 11:14
4,6511 4,6834
4,2571 4,2893
4,7179 4,7509
5,2892 5,3225
123 11:15
4,6504 4,6827
4,2561 4,2883
4,7172 4,7502
5,2889 5,3222
124 11:16
4,6511 4,6834
4,2567 4,2889
4,7174 4,7504
5,2885 5,3218
125 11:17
4,6510 4,6833
4,2564 4,2886
4,7175 4,7505
5,2884 5,3217
126 11:18
4,6510 4,6833
4,2568 4,2890
4,7178 4,7508
5,2881 5,3214
127 11:19
4,6510 4,6833
4,2568 4,2890
4,7176 4,7506
5,2881 5,3214
128 11:20
4,6509 4,6832
4,2567 4,2889
4,7177 4,7507
5,2880 5,3213
129 11:21
4,6508 4,6831
4,2566 4,2888
4,7173 4,7503
5,2876 5,3209
130 11:22
4,6508 4,6831
4,2566 4,2888
4,7173 4,7503
5,2872 5,3205
131 11:23
4,6507 4,6830
4,2558 4,2880
4,7168 4,7498
5,2869 5,3202
132 11:24
4,6509 4,6832
4,2561 4,2883
4,7172 4,7502
5,2874 5,3207
133 11:25
4,6508 4,6831
4,2562 4,2884
4,7180 4,7510
5,2876 5,3209
134 11:26
4,6508 4,6831
4,2568 4,2890
4,7173 4,7503
5,2869 5,3202
135 11:27
4,6508 4,6831
4,2569 4,2891
4,7174 4,7504
5,2873 5,3206
136 11:28
4,6505 4,6828
4,2574 4,2896
4,7178 4,7508
5,2873 5,3206
137 11:29
4,6507 4,6830
4,2573 4,2895
4,7170 4,7500
5,2875 5,3208
138 11:30
4,6507 4,6830
4,2567 4,2889
4,7170 4,7500
5,2871 5,3204
139 11:31
4,6506 4,6829
4,2563 4,2885
4,7171 4,7501
5,2871 5,3204
140 11:32
4,6508 4,6831
4,2580 4,2902
4,7181 4,7511
5,2879 5,3212
141 11:33
4,6508 4,6831
4,2582 4,2904
4,7173 4,7503
5,2885 5,3218
142 11:34
4,6507 4,6830
4,2579 4,2901
4,7175 4,7505
5,2878 5,3211
143 11:35
4,6507 4,6830
4,2577 4,2899
4,7177 4,7507
5,2880 5,3213
144 11:36
4,6507 4,6830
4,2575 4,2897
4,7179 4,7509
5,2877 5,3210
145 11:37
4,6507 4,6830
4,2573 4,2895
4,7184 4,7514
5,2878 5,3211
146 11:38
4,6507 4,6830
4,2574 4,2896
4,7185 4,7515
5,2879 5,3212
147 11:39
4,6507 4,6830
4,2567 4,2889
4,7177 4,7507
5,2877 5,3210
148 11:40
4,6507 4,6830
4,2567 4,2889
4,7170 4,7500
5,2874 5,3207
149 11:41
4,6502 4,6825
4,2563 4,2885
4,7163 4,7493
5,2872 5,3205
150 11:42
4,6490 4,6813
4,2554 4,2876
4,7150 4,7480
5,2858 5,3191
151 11:43
4,6485 4,6808
4,2547 4,2869
4,7145 4,7475
5,2853 5,3186
152 11:44
4,6486 4,6809
4,2544 4,2866
4,7146 4,7476
5,2854 5,3187
153 11:45
4,6491 4,6814
4,2539 4,2861
4,7149 4,7479
5,2854 5,3187
154 11:46
4,6489 4,6812
4,2541 4,2863
4,7142 4,7472
5,2851 5,3184
155 11:47
4,6488 4,6811
4,2540 4,2862
4,7141 4,7471
5,2844 5,3177
156 11:48
4,6486 4,6809
4,2535 4,2857
4,7134 4,7464
5,2836 5,3169
157 11:49
4,6484 4,6807
4,2537 4,2859
4,7132 4,7462
5,2827 5,3160
158 11:50
4,6484 4,6807
4,2543 4,2865
4,7137 4,7467
5,2824 5,3157
159 11:51
4,6486 4,6809
4,2542 4,2864
4,7139 4,7469
5,2824 5,3158
160 11:52
4,6486 4,6809
4,2542 4,2864
4,7139 4,7469
5,2832 5,3166
161 11:53
4,6488 4,6811
4,2537 4,2859
4,7146 4,7476
5,2832 5,3166
162 11:54
4,6498 4,6821
4,2550 4,2872
4,7156 4,7486
5,2853 5,3187
163 11:55
4,6501 4,6824
4,2548 4,2870
4,7159 4,7489
5,2856 5,3190
164 11:56
4,6496 4,6819
4,2540 4,2862
4,7152 4,7482
5,2853 5,3186
165 11:57
4,6502 4,6825
4,2543 4,2865
4,7146 4,7476
5,2850 5,3183
166 11:58
4,6499 4,6822
4,2546 4,2868
4,7145 4,7475
5,2850 5,3183
167 11:59
4,6498 4,6821
4,2553 4,2875
4,7142 4,7472
5,2855 5,3188
168 12:00
4,6497 4,6820
4,2540 4,2862
4,7145 4,7475
5,2851 5,3184
169 12:01
4,6494 4,6817
4,2532 4,2854
4,7154 4,7484
5,2850 5,3183
170 12:02
4,6495 4,6818
4,2535 4,2857
4,7157 4,7487
5,2848 5,3181
171 12:03
4,6493 4,6816
4,2539 4,2861
4,7158 4,7488
5,2855 5,3188
172 12:04
4,6494 4,6817
4,2542 4,2864
4,7168 4,7498
5,2860 5,3193
173 12:05
4,6495 4,6818
4,2538 4,2860
4,7179 4,7509
5,2861 5,3194
174 12:06
4,6494 4,6817
4,2532 4,2854
4,7176 4,7506
5,2857 5,3191
175 12:07
4,6502 4,6825
4,2543 4,2865
4,7187 4,7517
5,2884 5,3218
176 12:08
4,6505 4,6828
4,2540 4,2862
4,7185 4,7515
5,2887 5,3221
177 12:09
4,6502 4,6825
4,2535 4,2857
4,7179 4,7509
5,2880 5,3214
178 12:10
4,6503 4,6826
4,2530 4,2852
4,7189 4,7519
5,2882 5,3216
179 12:11
4,6501 4,6824
4,2529 4,2851
4,7182 4,7512
5,2881 5,3214
180 12:12
4,6502 4,6825
4,2517 4,2839
4,7169 4,7499
5,2865 5,3198
181 12:13
4,6500 4,6823
4,2525 4,2847
4,7170 4,7500
5,2872 5,3205
182 12:14
4,6501 4,6824
4,2522 4,2844
4,7169 4,7499
5,2871 5,3204
183 12:15
4,6500 4,6823
4,2530 4,2852
4,7178 4,7508
5,2867 5,3200
184 12:16
4,6502 4,6825
4,2536 4,2858
4,7175 4,7505
5,2866 5,3199
185 12:17
4,6502 4,6825
4,2538 4,2860
4,7180 4,7510
5,2863 5,3196
186 12:18
4,6505 4,6828
4,2540 4,2862
4,7180 4,7510
5,2863 5,3196
187 12:19
4,6504 4,6827
4,2542 4,2864
4,7182 4,7512
5,2860 5,3193
188 12:20
4,6505 4,6828
4,2533 4,2855
4,7173 4,7503
5,2851 5,3184
189 12:21
4,6505 4,6828
4,2542 4,2864
4,7178 4,7508
5,2851 5,3184
190 12:22
4,6505 4,6828
4,2538 4,2860
4,7175 4,7505
5,2845 5,3178
191 12:23
4,6506 4,6829
4,2539 4,2861
4,7178 4,7508
5,2855 5,3188
192 12:24
4,6505 4,6828
4,2544 4,2866
4,7177 4,7507
5,2854 5,3187
193 12:25
4,6505 4,6828
4,2540 4,2862
4,7177 4,7507
5,2857 5,3190
194 12:26
4,6504 4,6827
4,2545 4,2867
4,7170 4,7499
5,2856 5,3189
195 12:27
4,6504 4,6827
4,2555 4,2877
4,7173 4,7502
5,2857 5,3190
196 12:28
4,6499 4,6822
4,2548 4,2870
4,7170 4,7499
5,2853 5,3186
197 12:29
4,6491 4,6814
4,2547 4,2869
4,7164 4,7493
5,2843 5,3176
198 12:30
4,6491 4,6814
4,2551 4,2873
4,7164 4,7493
5,2847 5,3180
199 12:31
4,6488 4,6811
4,2540 4,2862
4,7151 4,7481
5,2841 5,3174
200 12:32
4,6486 4,6809
4,2543 4,2865
4,7151 4,7481
5,2842 5,3175
201 12:33
4,6488 4,6811
4,2542 4,2864
4,7154 4,7484
5,2841 5,3174
202 12:34
4,6474 4,6797
4,2524 4,2846
4,7139 4,7469
5,2831 5,3164
203 12:35
4,6485 4,6808
4,2532 4,2854
4,7157 4,7487
5,2847 5,3180
204 12:36
4,6479 4,6802
4,2526 4,2848
4,7156 4,7486
5,2839 5,3172
205 12:37
4,6481 4,6804
4,2530 4,2852
4,7160 4,7490
5,2839 5,3172
206 12:38
4,6485 4,6808
4,2528 4,2850
4,7158 4,7488
5,2838 5,3171
207 12:39
4,6488 4,6811
4,2525 4,2847
4,7163 4,7493
5,2841 5,3174
208 12:40
4,6489 4,6812
4,2526 4,2848
4,7157 4,7487
5,2838 5,3171
209 12:41
4,6488 4,6811
4,2525 4,2847
4,7156 4,7486
5,2841 5,3174
210 12:42
4,6487 4,6810
4,2524 4,2846
4,7150 4,7480
5,2840 5,3173
211 12:43
4,6479 4,6802
4,2521 4,2843
4,7141 4,7471
5,2841 5,3174
212 12:44
4,6485 4,6808
4,2528 4,2850
4,7143 4,7473
5,2840 5,3173
213 12:45
4,6486 4,6809
4,2531 4,2853
4,7142 4,7472
5,2848 5,3181
214 12:46
4,6486 4,6809
4,2529 4,2851
4,7142 4,7472
5,2848 5,3181
215 12:47
4,6472 4,6795
4,2520 4,2842
4,7137 4,7467
5,2832 5,3165
216 12:48
4,6468 4,6791
4,2516 4,2838
4,7131 4,7461
5,2830 5,3163
217 12:49
4,6468 4,6791
4,2512 4,2834
4,7128 4,7458
5,2827 5,3160
218 12:50
4,6469 4,6792
4,2511 4,2833
4,7129 4,7459
5,2828 5,3161
219 12:51
4,6465 4,6788
4,2506 4,2828
4,7123 4,7453
5,2821 5,3154
220 12:52
4,6460 4,6783
4,2497 4,2819
4,7113 4,7443
5,2812 5,3145
221 12:53
4,6461 4,6784
4,2500 4,2822
4,7109 4,7439
5,2816 5,3149
222 12:54
4,6459 4,6782
4,2496 4,2818
4,7109 4,7439
5,2807 5,3140
223 12:55
4,6459 4,6782
4,2498 4,2820
4,7116 4,7446
5,2814 5,3147
224 12:56
4,6461 4,6784
4,2504 4,2826
4,7121 4,7451
5,2807 5,3140
225 12:57
4,6474 4,6797
4,2518 4,2840
4,7134 4,7464
5,2823 5,3156
226 12:58
4,6475 4,6798
4,2519 4,2841
4,7133 4,7463
5,2817 5,3150
227 12:59
4,6477 4,6800
4,2530 4,2852
4,7144 4,7474
5,2823 5,3156
228 13:00
4,6476 4,6799
4,2537 4,2859
4,7139 4,7469
5,2803 5,3136
229 13:01
4,6466 4,6789
4,2528 4,2850
4,7126 4,7456
5,2780 5,3113
230 13:02
4,6476 4,6799
4,2535 4,2857
4,7124 4,7454
5,2803 5,3136
231 13:03
4,6482 4,6805
4,2545 4,2867
4,7138 4,7468
5,2815 5,3148
232 13:04
4,6484 4,6807
4,2546 4,2868
4,7140 4,7470
5,2821 5,3154
233 13:05
4,6480 4,6803
4,2541 4,2863
4,7135 4,7465
5,2820 5,3153
234 13:06
4,6481 4,6804
4,2542 4,2864
4,7129 4,7459
5,2809 5,3142
235 13:07
4,6484 4,6807
4,2548 4,2870
4,7137 4,7467
5,2812 5,3145
236 13:08
4,6487 4,6810
4,2551 4,2873
4,7145 4,7475
5,2806 5,3139
237 13:09
4,6492 4,6815
4,2560 4,2882
4,7161 4,7491
5,2806 5,3139
238 13:10
4,6490 4,6813
4,2559 4,2881
4,7162 4,7492
5,2801 5,3134
239 13:11
4,6487 4,6810
4,2555 4,2877
4,7174 4,7504
5,2807 5,3140
240 13:12
4,6485 4,6808
4,2553 4,2875
4,7167 4,7497
5,2810 5,3143
241 13:13
4,6485 4,6808
4,2549 4,2871
4,7169 4,7499
5,2810 5,3143
242 13:14
4,6481 4,6804
4,2550 4,2872
4,7163 4,7493
5,2815 5,3148
243 13:15
4,6485 4,6808
4,2551 4,2873
4,7167 4,7497
5,2813 5,3146
244 13:16
4,6484 4,6807
4,2548 4,2870
4,7166 4,7496
5,2806 5,3139
245 13:17
4,6486 4,6809
4,2550 4,2872
4,7178 4,7508
5,2815 5,3148
246 13:18
4,6486 4,6809
4,2544 4,2866
4,7173 4,7503
5,2812 5,3145
247 13:19
4,6485 4,6808
4,2545 4,2867
4,7177 4,7507
5,2810 5,3143
248 13:20
4,6489 4,6812
4,2555 4,2877
4,7197 4,7527
5,2824 5,3157
249 13:21
4,6485 4,6808
4,2547 4,2869
4,7191 4,7521
5,2819 5,3152
250 13:22
4,6482 4,6805
4,2549 4,2871
4,7183 4,7513
5,2822 5,3155
251 13:23
4,6485 4,6808
4,2549 4,2871
4,7177 4,7507
5,2826 5,3159
252 13:24
4,6477 4,6800
4,2546 4,2868
4,7176 4,7506
5,2814 5,3147
253 13:25
4,6478 4,6801
4,2543 4,2865
4,7172 4,7502
5,2818 5,3151
254 13:26
4,6484 4,6807
4,2544 4,2866
4,7183 4,7513
5,2810 5,3145
255 13:27
4,6480 4,6803
4,2539 4,2861
4,7176 4,7506
5,2809 5,3144
256 13:28
4,6475 4,6798
4,2536 4,2858
4,7171 4,7501
5,2810 5,3145
257 13:29
4,6476 4,6799
4,2539 4,2861
4,7167 4,7497
5,2811 5,3146
258 13:30
4,6476 4,6799
4,2529 4,2851
4,7158 4,7488
5,2796 5,3131
259 13:31
4,6475 4,6798
4,2532 4,2854
4,7171 4,7501
5,2796 5,3129
260 13:32
4,6473 4,6796
4,2530 4,2852
4,7169 4,7499
5,2794 5,3127
261 13:33
4,6472 4,6795
4,2518 4,2840
4,7166 4,7496
5,2793 5,3126
262 13:34
4,6474 4,6797
4,2519 4,2841
4,7165 4,7495
5,2791 5,3124
263 13:35
4,6472 4,6795
4,2522 4,2844
4,7158 4,7488
5,2780 5,3113
264 13:36
4,6470 4,6793
4,2516 4,2838
4,7161 4,7491
5,2778 5,3111
265 13:37
4,6462 4,6785
4,2509 4,2831
4,7146 4,7476
5,2763 5,3096
266 13:38
4,6462 4,6785
4,2503 4,2825
4,7148 4,7478
5,2775 5,3108
267 13:39
4,6463 4,6786
4,2512 4,2834
4,7149 4,7479
5,2777 5,3110
268 13:40
4,6461 4,6784
4,2506 4,2828
4,7147 4,7477
5,2771 5,3104
269 13:41
4,6459 4,6782
4,2498 4,2820
4,7150 4,7480
5,2772 5,3105
270 13:42
4,6459 4,6782
4,2498 4,2820
4,7150 4,7480
5,2772 5,3105
271 13:43
4,6456 4,6779
4,2493 4,2815
4,7142 4,7472
5,2768 5,3101
272 13:44
4,6456 4,6779
4,2499 4,2821
4,7145 4,7475
5,2772 5,3105
273 13:45
4,6457 4,6780
4,2512 4,2834
4,7153 4,7483
5,2779 5,3112
274 13:46
4,6457 4,6780
4,2518 4,2840
4,7153 4,7483
5,2777 5,3110
275 13:47
4,6457 4,6780
4,2516 4,2838
4,7160 4,7490
5,2779 5,3112
276 13:48
4,6457 4,6780
4,2516 4,2838
4,7159 4,7489
5,2775 5,3108
277 13:49
4,6456 4,6779
4,2521 4,2843
4,7164 4,7494
5,2778 5,3111
278 13:50
4,6456 4,6779
4,2519 4,2841
4,7164 4,7494
5,2778 5,3111
279 13:51
4,6463 4,6786
4,2525 4,2847
4,7171 4,7501
5,2794 5,3127
280 13:52
4,6469 4,6792
4,2535 4,2857
4,7177 4,7507
5,2785 5,3118
281 13:53
4,6469 4,6792
4,2543 4,2865
4,7175 4,7505
5,2783 5,3116
282 13:54
4,6469 4,6792
4,2544 4,2866
4,7175 4,7505
5,2783 5,3116
283 13:55
4,6465 4,6788
4,2535 4,2857
4,7156 4,7486
5,2767 5,3100
284 13:56
4,6466 4,6789
4,2534 4,2856
4,7160 4,7490
5,2777 5,3110
285 13:57
4,6466 4,6789
4,2538 4,2860
4,7162 4,7492
5,2788 5,3121
286 13:58
4,6462 4,6785
4,2535 4,2857
4,7163 4,7493
5,2782 5,3115
287 13:59
4,6462 4,6785
4,2532 4,2854
4,7163 4,7493
5,2788 5,3121
288 14:00
4,6461 4,6784
4,2530 4,2852
4,7160 4,7490
5,2793 5,3126
289 14:01
4,6463 4,6786
4,2535 4,2857
4,7164 4,7494
5,2789 5,3122
290 14:02
4,6463 4,6786
4,2535 4,2857
4,7164 4,7494
5,2785 5,3118
291 14:03
4,6464 4,6787
4,2534 4,2856
4,7160 4,7490
5,2790 5,3123
292 14:04
4,6460 4,6783
4,2533 4,2855
4,7161 4,7491
5,2791 5,3124
293 14:05
4,6460 4,6783
4,2526 4,2848
4,7158 4,7488
5,2791 5,3124
294 14:06
4,6457 4,6780
4,2526 4,2848
4,7154 4,7484
5,2788 5,3121
295 14:07
4,6457 4,6780
4,2524 4,2846
4,7153 4,7483
5,2791 5,3124
296 14:08
4,6455 4,6778
4,2526 4,2848
4,7149 4,7479
5,2791 5,3124
297 14:09
4,6455 4,6778
4,2528 4,2850
4,7148 4,7478
5,2788 5,3121
298 14:10
4,6457 4,6780
4,2531 4,2853
4,7149 4,7479
5,2794 5,3127
299 14:11
4,6455 4,6778
4,2523 4,2845
4,7146 4,7476
5,2791 5,3124
300 14:12
4,6451 4,6774
4,2524 4,2846
4,7144 4,7474
5,2775 5,3108
301 14:13
4,6452 4,6775
4,2534 4,2856
4,7152 4,7482
5,2787 5,3120
302 14:14
4,6457 4,6780
4,2534 4,2856
4,7153 4,7483
5,2787 5,3120
303 14:15
4,6455 4,6778
4,2528 4,2850
4,7146 4,7476
5,2779 5,3112
304 14:16
4,6463 4,6786
4,2531 4,2853
4,7136 4,7468
5,2770 5,3103
305 14:17
4,6459 4,6782
4,2520 4,2842
4,7142 4,7474
5,2757 5,3090
306 14:18
4,6460 4,6783
4,2517 4,2839
4,7141 4,7473
5,2761 5,3094
307 14:19
4,6460 4,6783
4,2520 4,2842
4,7141 4,7473
5,2758 5,3091
308 14:20
4,6460 4,6783
4,2515 4,2837
4,7136 4,7468
5,2761 5,3094
309 14:21
4,6458 4,6781
4,2527 4,2849
4,7155 4,7484
5,2771 5,3104
310 14:22
4,6451 4,6774
4,2516 4,2838
4,7150 4,7479
5,2763 5,3096
311 14:23
4,6454 4,6777
4,2525 4,2847
4,7153 4,7482
5,2763 5,3096
312 14:24
4,6456 4,6779
4,2521 4,2843
4,7153 4,7482
5,2768 5,3101
313 14:25
4,6454 4,6777
4,2523 4,2845
4,7153 4,7482
5,2767 5,3100
314 14:26
4,6454 4,6777
4,2519 4,2841
4,7146 4,7475
5,2766 5,3100
315 14:27
4,6453 4,6776
4,2520 4,2842
4,7150 4,7479
5,2771 5,3105
316 14:28
4,6453 4,6776
4,2518 4,2840
4,7150 4,7479
5,2774 5,3108
317 14:29
4,6473 4,6796
4,2541 4,2863
4,7180 4,7509
5,2788 5,3122
318 14:30
4,6467 4,6790
4,2533 4,2855
4,7153 4,7507
5,2784 5,3126
319 14:31
4,6467 4,6790
4,2358 4,2680
4,7208 4,7538
5,2800 5,3135
320 14:32
4,6458 4,6781
4,2308 4,2630
4,7127 4,7457
5,2770 5,3105
321 14:33
4,6456 4,6779
4,2284 4,2606
4,7119 4,7449
5,2725 5,3060
322 14:34
4,6457 4,6780
4,2305 4,2627
4,7129 4,7459
5,2702 5,3037
323 14:35
4,6448 4,6771
4,2277 4,2599
4,7105 4,7435
5,2691 5,3026
324 14:36
4,6440 4,6763
4,2269 4,2591
4,7107 4,7437
5,2713 5,3048
325 14:37
4,6437 4,6760
4,2269 4,2591
4,7118 4,7448
5,2731 5,3066
326 14:38
4,6438 4,6761
4,2269 4,2591
4,7129 4,7459
5,2726 5,3061
327 14:39
4,6448 4,6771
4,2303 4,2625
4,7144 4,7474
5,2726 5,3061
328 14:40
4,6471 4,6794
4,2328 4,2650
4,7157 4,7487
5,2757 5,3092
329 14:41
4,6446 4,6770
4,2295 4,2617
4,7130 4,7460
5,2740 5,3075
330 14:42
4,6448 4,6772
4,2305 4,2627
4,7136 4,7466
5,2733 5,3068
331 14:43
4,6447 4,6771
4,2309 4,2631
4,7139 4,7469
5,2742 5,3077
332 14:44
4,6446 4,6770
4,2302 4,2624
4,7135 4,7465
5,2738 5,3073
333 14:45
4,6443 4,6767
4,2317 4,2639
4,7135 4,7465
5,2735 5,3070
334 14:46
4,6449 4,6772
4,2337 4,2659
4,7140 4,7471
5,2735 5,3070
335 14:47
4,6462 4,6785
4,2365 4,2687
4,7153 4,7484
5,2757 5,3092
336 14:48
4,6457 4,6780
4,2345 4,2667
4,7131 4,7462
5,2754 5,3089
337 14:49
4,6446 4,6769
4,2318 4,2640
4,7123 4,7454
5,2753 5,3088
338 14:50
4,6442 4,6765
4,2319 4,2641
4,7128 4,7459
5,2742 5,3077
339 14:51
4,6438 4,6761
4,2300 4,2623
4,7124 4,7454
5,2741 5,3076
340 14:52
4,6437 4,6760
4,2297 4,2620
4,7132 4,7462
5,2740 5,3075
341 14:53
4,6436 4,6759
4,2305 4,2628
4,7137 4,7467
5,2739 5,3074
342 14:54
4,6437 4,6760
4,2316 4,2639
4,7140 4,7470
5,2733 5,3068
343 14:55
4,6437 4,6760
4,2313 4,2636
4,7138 4,7468
5,2732 5,3067
344 14:56
4,6432 4,6755
4,2316 4,2639
4,7151 4,7483
5,2745 5,3080
345 14:57
4,6435 4,6758
4,2311 4,2634
4,7153 4,7485
5,2744 5,3079
346 14:58
4,6433 4,6756
4,2313 4,2636
4,7156 4,7488
5,2735 5,3070
347 14:59
4,6432 4,6755
4,2318 4,2641
4,7158 4,7490
5,2737 5,3072
348 15:00
4,6442 4,6765
4,2353 4,2676
4,7171 4,7503
5,2743 5,3078
349 15:01
4,6444 4,6767
4,2358 4,2681
4,7168 4,7498
5,2740 5,3074
350 15:02
4,6444 4,6767
4,2362 4,2685
4,7173 4,7503
5,2755 5,3089
351 15:03
4,6445 4,6768
4,2341 4,2664
4,7177 4,7507
5,2744 5,3078
352 15:04
4,6443 4,6766
4,2339 4,2662
4,7163 4,7493
5,2735 5,3069
353 15:05
4,6444 4,6767
4,2350 4,2673
4,7166 4,7496
5,2720 5,3054
354 15:06
4,6441 4,6764
4,2367 4,2690
4,7170 4,7500
5,2731 5,3065
355 15:07
4,6442 4,6765
4,2358 4,2681
4,7166 4,7496
5,2738 5,3072
356 15:08
4,6437 4,6760
4,2338 4,2661
4,7157 4,7487
5,2726 5,3060
357 15:09
4,6438 4,6761
4,2339 4,2662
4,7158 4,7488
5,2730 5,3064
358 15:10
4,6437 4,6760
4,2340 4,2663
4,7159 4,7489
5,2726 5,3060
359 15:11
4,6437 4,6760
4,2334 4,2657
4,7147 4,7477
5,2720 5,3054
360 15:12
4,6437 4,6760
4,2326 4,2649
4,7152 4,7482
5,2717 5,3051
361 15:13
4,6435 4,6758
4,2313 4,2636
4,7152 4,7482
5,2724 5,3058
362 15:14
4,6430 4,6753
4,2297 4,2620
4,7150 4,7480
5,2724 5,3058
363 15:15
4,6430 4,6753
4,2301 4,2624
4,7147 4,7477
5,2730 5,3064
364 15:16
4,6429 4,6752
4,2296 4,2618
4,7144 4,7474
5,2726 5,3061
365 15:17
4,6427 4,6750
4,2286 4,2608
4,7140 4,7470
5,2729 5,3064
366 15:18
4,6427 4,6750
4,2284 4,2606
4,7142 4,7472
5,2735 5,3070
367 15:19
4,6427 4,6750
4,2288 4,2610
4,7142 4,7472
5,2735 5,3070
368 15:43
4,6459 4,6782
4,2312 4,2634
4,7165 4,7495
5,2763 5,3097
369 15:44
4,6469 4,6792
4,2336 4,2658
4,7170 4,7500
5,2768 5,3102
370 15:45
4,6468 4,6791
4,2347 4,2669
4,7176 4,7506
5,2767 5,3101
371 15:46
4,6468 4,6791
4,2351 4,2673
4,7176 4,7506
5,2763 5,3098
372 15:47
4,6467 4,6790
4,2367 4,2689
4,7180 4,7510
5,2753 5,3088
373 15:48
4,6465 4,6788
4,2360 4,2682
4,7192 4,7522
5,2757 5,3092
374 15:49
4,6467 4,6790
4,2348 4,2670
4,7190 4,7520
5,2762 5,3097
375 15:50
4,6467 4,6790
4,2334 4,2656
4,7185 4,7515
5,2756 5,3091
376 15:51
4,6469 4,6792
4,2336 4,2658
4,7187 4,7517
5,2762 5,3096
377 15:52
4,6466 4,6789
4,2334 4,2656
4,7181 4,7511
5,2756 5,3090
378 15:53
4,6460 4,6783
4,2340 4,2662
4,7175 4,7505
5,2751 5,3085
379 15:54
4,6458 4,6781
4,2324 4,2646
4,7178 4,7508
5,2744 5,3078
380 15:55
4,6452 4,6775
4,2319 4,2641
4,7172 4,7502
5,2746 5,3080
381 15:56
4,6458 4,6781
4,2319 4,2641
4,7180 4,7510
5,2750 5,3084
382 15:57
4,6459 4,6782
4,2317 4,2639
4,7189 4,7519
5,2754 5,3088
383 15:58
4,6456 4,6779
4,2311 4,2633
4,7195 4,7525
5,2750 5,3084
384 15:59
4,6455 4,6778
4,2322 4,2644
4,7199 4,7529
5,2756 5,3090
385 16:00
4,6456 4,6779
4,2320 4,2642
4,7199 4,7529
5,2759 5,3093
386 16:01
4,6455 4,6778
4,2328 4,2650
4,7204 4,7534
5,2750 5,3084
387 16:02
4,6455 4,6778
4,2306 4,2628
4,7208 4,7538
5,2755 5,3089
388 16:03
4,6453 4,6776
4,2298 4,2620
4,7208 4,7538
5,2752 5,3086
389 16:04
4,6455 4,6778
4,2283 4,2605
4,7209 4,7539
5,2752 5,3086
390 16:05
4,6454 4,6777
4,2278 4,2600
4,7210 4,7540
5,2758 5,3092
391 16:06
4,6456 4,6779
4,2268 4,2590
4,7219 4,7549
5,2759 5,3093
392 16:07
4,6451 4,6774
4,2264 4,2586
4,7200 4,7530
5,2748 5,3082
393 16:08
4,6452 4,6775
4,2267 4,2589
4,7205 4,7535
5,2749 5,3083
