#======================
2023-7-23
# 1.EUR, 2.USD, 3.CHF, 4.GBP
Sell Price, Buy Price
1 12:04
4,4116 4,5066
3,9607 4,0607
4,5899 4,6767
5,1016 5,2087
2 12:05
4,4116 4,5066
3,9607 4,0607
4,5899 4,6767
5,1016 5,2087
3 12:06
4,4116 4,5066
3,9607 4,0607
4,5899 4,6767
5,1016 5,2087
4 12:07
4,4116 4,5066
3,9607 4,0607
4,5899 4,6767
5,1016 5,2087
5 12:08
4,4116 4,5066
3,9607 4,0607
4,5899 4,6767
5,1016 5,2087
6 12:09
4,4116 4,5066
3,9607 4,0607
4,5899 4,6767
5,1016 5,2087
7 12:10
4,4116 4,5066
3,9607 4,0607
4,5899 4,6767
5,1016 5,2087
8 12:11
4,4116 4,5066
3,9607 4,0607
4,5899 4,6767
5,1016 5,2087
9 12:12
4,4116 4,5066
3,9607 4,0607
4,5899 4,6767
5,1016 5,2087
10 12:13
4,4116 4,5066
3,9607 4,0607
4,5899 4,6767
5,1016 5,2087
11 12:14
4,4116 4,5066
3,9607 4,0607
4,5899 4,6767
5,1016 5,2087
12 12:15
4,4116 4,5066
3,9607 4,0607
4,5899 4,6767
5,1016 5,2087
13 12:16
4,4116 4,5066
3,9607 4,0607
4,5899 4,6767
5,1016 5,2087
14 12:17
4,4116 4,5066
3,9607 4,0607
4,5899 4,6767
5,1016 5,2087
15 12:18
4,4116 4,5066
3,9607 4,0607
4,5899 4,6767
5,1016 5,2087
16 12:19
4,4116 4,5066
3,9607 4,0607
4,5899 4,6767
5,1016 5,2087
17 12:20
4,4116 4,5066
3,9607 4,0607
4,5899 4,6767
5,1016 5,2087
18 12:21
4,4116 4,5066
3,9607 4,0607
4,5899 4,6767
5,1016 5,2087
19 12:22
4,4116 4,5066
3,9607 4,0607
4,5899 4,6767
5,1016 5,2087
20 12:23
4,4116 4,5066
3,9607 4,0607
4,5899 4,6767
5,1016 5,2087
21 12:24
4,4116 4,5066
3,9607 4,0607
4,5899 4,6767
5,1016 5,2087
22 12:25
4,4116 4,5066
3,9607 4,0607
4,5899 4,6767
5,1016 5,2087
23 12:26
4,4116 4,5066
3,9607 4,0607
4,5899 4,6767
5,1016 5,2087
24 12:27
4,4116 4,5066
3,9607 4,0607
4,5899 4,6767
5,1016 5,2087
25 12:28
4,4116 4,5066
3,9607 4,0607
4,5899 4,6767
5,1016 5,2087
26 12:29
4,4116 4,5066
3,9607 4,0607
4,5899 4,6767
5,1016 5,2087
27 12:30
4,4116 4,5066
3,9607 4,0607
4,5899 4,6767
5,1016 5,2087
28 12:31
4,4116 4,5066
3,9607 4,0607
4,5899 4,6767
5,1016 5,2087
29 12:32
4,4116 4,5066
3,9607 4,0607
4,5899 4,6767
5,1016 5,2087
30 12:33
4,4116 4,5066
3,9607 4,0607
4,5899 4,6767
5,1016 5,2087
31 12:34
4,4116 4,5066
3,9607 4,0607
4,5899 4,6767
5,1016 5,2087
32 12:35
4,4116 4,5066
3,9607 4,0607
4,5899 4,6767
5,1016 5,2087
33 12:36
4,4116 4,5066
3,9607 4,0607
4,5899 4,6767
5,1016 5,2087
34 12:37
4,4116 4,5066
3,9607 4,0607
4,5899 4,6767
5,1016 5,2087
35 12:38
4,4116 4,5066
3,9607 4,0607
4,5899 4,6767
5,1016 5,2087
36 12:39
4,4116 4,5066
3,9607 4,0607
4,5899 4,6767
5,1016 5,2087
37 12:40
4,4116 4,5066
3,9607 4,0607
4,5899 4,6767
5,1016 5,2087
38 12:41
4,4116 4,5066
3,9607 4,0607
4,5899 4,6767
5,1016 5,2087
39 12:42
4,4116 4,5066
3,9607 4,0607
4,5899 4,6767
5,1016 5,2087
40 12:43
4,4116 4,5066
3,9607 4,0607
4,5899 4,6767
5,1016 5,2087
41 12:44
4,4116 4,5066
3,9607 4,0607
4,5899 4,6767
5,1016 5,2087
42 12:45
4,4116 4,5066
3,9607 4,0607
4,5899 4,6767
5,1016 5,2087
43 12:46
4,4116 4,5066
3,9607 4,0607
4,5899 4,6767
5,1016 5,2087
44 12:47
4,4116 4,5066
3,9607 4,0607
4,5899 4,6767
5,1016 5,2087
45 12:48
4,4116 4,5066
3,9607 4,0607
4,5899 4,6767
5,1016 5,2087
46 12:49
4,4116 4,5066
3,9607 4,0607
4,5899 4,6767
5,1016 5,2087
47 12:50
4,4116 4,5066
3,9607 4,0607
4,5899 4,6767
5,1016 5,2087
48 12:51
4,4116 4,5066
3,9607 4,0607
4,5899 4,6767
5,1016 5,2087
49 12:52
4,4116 4,5066
3,9607 4,0607
4,5899 4,6767
5,1016 5,2087
50 12:53
4,4116 4,5066
3,9607 4,0607
4,5899 4,6767
5,1016 5,2087
51 12:54
4,4116 4,5066
3,9607 4,0607
4,5899 4,6767
5,1016 5,2087
52 12:55
4,4116 4,5066
3,9607 4,0607
4,5899 4,6767
5,1016 5,2087
53 12:56
4,4116 4,5066
3,9607 4,0607
4,5899 4,6767
5,1016 5,2087
54 12:57
4,4116 4,5066
3,9607 4,0607
4,5899 4,6767
5,1016 5,2087
55 12:58
4,4116 4,5066
3,9607 4,0607
4,5899 4,6767
5,1016 5,2087
56 12:59
4,4116 4,5066
3,9607 4,0607
4,5899 4,6767
5,1016 5,2087
57 13:00
4,4116 4,5066
3,9607 4,0607
4,5899 4,6767
5,1016 5,2087
58 13:01
4,4116 4,5066
3,9607 4,0607
4,5899 4,6767
5,1016 5,2087
59 13:02
4,4116 4,5066
3,9607 4,0607
4,5899 4,6767
5,1016 5,2087
60 13:03
4,4116 4,5066
3,9607 4,0607
4,5899 4,6767
5,1016 5,2087
61 13:04
4,4116 4,5066
3,9607 4,0607
4,5899 4,6767
5,1016 5,2087
62 13:05
4,4116 4,5066
3,9607 4,0607
4,5899 4,6767
5,1016 5,2087
63 13:06
4,4116 4,5066
3,9607 4,0607
4,5899 4,6767
5,1016 5,2087
64 13:07
4,4116 4,5066
3,9607 4,0607
4,5899 4,6767
5,1016 5,2087
65 13:08
4,4116 4,5066
3,9607 4,0607
4,5899 4,6767
5,1016 5,2087
66 13:09
4,4116 4,5066
3,9607 4,0607
4,5899 4,6767
5,1016 5,2087
67 13:10
4,4116 4,5066
3,9607 4,0607
4,5899 4,6767
5,1016 5,2087
68 13:11
4,4116 4,5066
3,9607 4,0607
4,5899 4,6767
5,1016 5,2087
69 13:12
4,4116 4,5066
3,9607 4,0607
4,5899 4,6767
5,1016 5,2087
70 13:13
4,4116 4,5066
3,9607 4,0607
4,5899 4,6767
5,1016 5,2087
71 13:14
4,4116 4,5066
3,9607 4,0607
4,5899 4,6767
5,1016 5,2087
72 13:15
4,4116 4,5066
3,9607 4,0607
4,5899 4,6767
5,1016 5,2087
73 13:16
4,4116 4,5066
3,9607 4,0607
4,5899 4,6767
5,1016 5,2087
74 13:17
4,4116 4,5066
3,9607 4,0607
4,5899 4,6767
5,1016 5,2087
75 13:18
4,4116 4,5066
3,9607 4,0607
4,5899 4,6767
5,1016 5,2087
76 13:19
4,4116 4,5066
3,9607 4,0607
4,5899 4,6767
5,1016 5,2087
77 13:20
4,4116 4,5066
3,9607 4,0607
4,5899 4,6767
5,1016 5,2087
78 13:21
4,4116 4,5066
3,9607 4,0607
4,5899 4,6767
5,1016 5,2087
79 13:22
4,4116 4,5066
3,9607 4,0607
4,5899 4,6767
5,1016 5,2087
80 13:23
4,4116 4,5066
3,9607 4,0607
4,5899 4,6767
5,1016 5,2087
81 13:24
4,4116 4,5066
3,9607 4,0607
4,5899 4,6767
5,1016 5,2087
82 13:25
4,4116 4,5066
3,9607 4,0607
4,5899 4,6767
5,1016 5,2087
83 13:26
4,4116 4,5066
3,9607 4,0607
4,5899 4,6767
5,1016 5,2087
84 13:27
4,4116 4,5066
3,9607 4,0607
4,5899 4,6767
5,1016 5,2087
85 13:28
4,4116 4,5066
3,9607 4,0607
4,5899 4,6767
5,1016 5,2087
86 13:29
4,4116 4,5066
3,9607 4,0607
4,5899 4,6767
5,1016 5,2087
87 13:30
4,4116 4,5066
3,9607 4,0607
4,5899 4,6767
5,1016 5,2087
88 13:31
4,4116 4,5066
3,9607 4,0607
4,5899 4,6767
5,1016 5,2087
89 13:32
4,4116 4,5066
3,9607 4,0607
4,5899 4,6767
5,1016 5,2087
90 13:33
4,4116 4,5066
3,9607 4,0607
4,5899 4,6767
5,1016 5,2087
91 13:34
4,4116 4,5066
3,9607 4,0607
4,5899 4,6767
5,1016 5,2087
92 13:35
4,4116 4,5066
3,9607 4,0607
4,5899 4,6767
5,1016 5,2087
93 13:36
4,4116 4,5066
3,9607 4,0607
4,5899 4,6767
5,1016 5,2087
94 13:37
4,4116 4,5066
3,9607 4,0607
4,5899 4,6767
5,1016 5,2087
95 13:38
4,4116 4,5066
3,9607 4,0607
4,5899 4,6767
5,1016 5,2087
96 13:39
4,4116 4,5066
3,9607 4,0607
4,5899 4,6767
5,1016 5,2087
97 13:40
4,4116 4,5066
3,9607 4,0607
4,5899 4,6767
5,1016 5,2087
98 13:41
4,4116 4,5066
3,9607 4,0607
4,5899 4,6767
5,1016 5,2087
99 13:42
4,4116 4,5066
3,9607 4,0607
4,5899 4,6767
5,1016 5,2087
100 13:43
4,4116 4,5066
3,9607 4,0607
4,5899 4,6767
5,1016 5,2087
101 13:44
4,4116 4,5066
3,9607 4,0607
4,5899 4,6767
5,1016 5,2087
102 13:45
4,4116 4,5066
3,9607 4,0607
4,5899 4,6767
5,1016 5,2087
103 13:46
4,4116 4,5066
3,9607 4,0607
4,5899 4,6767
5,1016 5,2087
104 13:47
4,4116 4,5066
3,9607 4,0607
4,5899 4,6767
5,1016 5,2087
105 13:48
4,4116 4,5066
3,9607 4,0607
4,5899 4,6767
5,1016 5,2087
106 13:49
4,4116 4,5066
3,9607 4,0607
4,5899 4,6767
5,1016 5,2087
107 13:50
4,4116 4,5066
3,9607 4,0607
4,5899 4,6767
5,1016 5,2087
108 13:51
4,4116 4,5066
3,9607 4,0607
4,5899 4,6767
5,1016 5,2087
109 13:52
4,4116 4,5066
3,9607 4,0607
4,5899 4,6767
5,1016 5,2087
110 13:53
4,4116 4,5066
3,9607 4,0607
4,5899 4,6767
5,1016 5,2087
111 13:54
4,4116 4,5066
3,9607 4,0607
4,5899 4,6767
5,1016 5,2087
112 13:55
4,4116 4,5066
3,9607 4,0607
4,5899 4,6767
5,1016 5,2087
113 13:56
4,4116 4,5066
3,9607 4,0607
4,5899 4,6767
5,1016 5,2087
114 13:57
4,4116 4,5066
3,9607 4,0607
4,5899 4,6767
5,1016 5,2087
115 13:58
4,4116 4,5066
3,9607 4,0607
4,5899 4,6767
5,1016 5,2087
116 13:59
4,4116 4,5066
3,9607 4,0607
4,5899 4,6767
5,1016 5,2087
117 14:00
4,4116 4,5066
3,9607 4,0607
4,5899 4,6767
5,1016 5,2087
118 14:01
4,4116 4,5066
3,9607 4,0607
4,5899 4,6767
5,1016 5,2087
119 14:02
4,4116 4,5066
3,9607 4,0607
4,5899 4,6767
5,1016 5,2087
120 14:03
4,4116 4,5066
3,9607 4,0607
4,5899 4,6767
5,1016 5,2087
121 14:04
4,4116 4,5066
3,9607 4,0607
4,5899 4,6767
5,1016 5,2087
122 14:05
4,4116 4,5066
3,9607 4,0607
4,5899 4,6767
5,1016 5,2087
123 14:06
4,4116 4,5066
3,9607 4,0607
4,5899 4,6767
5,1016 5,2087
124 14:07
4,4116 4,5066
3,9607 4,0607
4,5899 4,6767
5,1016 5,2087
125 14:08
4,4116 4,5066
3,9607 4,0607
4,5899 4,6767
5,1016 5,2087
126 14:09
4,4116 4,5066
3,9607 4,0607
4,5899 4,6767
5,1016 5,2087
127 14:10
4,4116 4,5066
3,9607 4,0607
4,5899 4,6767
5,1016 5,2087
128 14:11
4,4116 4,5066
3,9607 4,0607
4,5899 4,6767
5,1016 5,2087
129 14:12
4,4116 4,5066
3,9607 4,0607
4,5899 4,6767
5,1016 5,2087
130 14:13
4,4116 4,5066
3,9607 4,0607
4,5899 4,6767
5,1016 5,2087
131 14:14
4,4116 4,5066
3,9607 4,0607
4,5899 4,6767
5,1016 5,2087
132 14:15
4,4116 4,5066
3,9607 4,0607
4,5899 4,6767
5,1016 5,2087
133 14:16
4,4116 4,5066
3,9607 4,0607
4,5899 4,6767
5,1016 5,2087
134 14:17
4,4116 4,5066
3,9607 4,0607
4,5899 4,6767
5,1016 5,2087
135 14:18
4,4116 4,5066
3,9607 4,0607
4,5899 4,6767
5,1016 5,2087
136 14:19
4,4116 4,5066
3,9607 4,0607
4,5899 4,6767
5,1016 5,2087
137 14:20
4,4116 4,5066
3,9607 4,0607
4,5899 4,6767
5,1016 5,2087
138 14:21
4,4116 4,5066
3,9607 4,0607
4,5899 4,6767
5,1016 5,2087
139 14:22
4,4116 4,5066
3,9607 4,0607
4,5899 4,6767
5,1016 5,2087
140 14:23
4,4116 4,5066
3,9607 4,0607
4,5899 4,6767
5,1016 5,2087
141 14:24
4,4116 4,5066
3,9607 4,0607
4,5899 4,6767
5,1016 5,2087
142 14:25
4,4116 4,5066
3,9607 4,0607
4,5899 4,6767
5,1016 5,2087
143 14:26
4,4116 4,5066
3,9607 4,0607
4,5899 4,6767
5,1016 5,2087
144 14:27
4,4116 4,5066
3,9607 4,0607
4,5899 4,6767
5,1016 5,2087
145 14:28
4,4116 4,5066
3,9607 4,0607
4,5899 4,6767
5,1016 5,2087
146 14:29
4,4116 4,5066
3,9607 4,0607
4,5899 4,6767
5,1016 5,2087
147 14:30
4,4116 4,5066
3,9607 4,0607
4,5899 4,6767
5,1016 5,2087
148 14:31
4,4116 4,5066
3,9607 4,0607
4,5899 4,6767
5,1016 5,2087
149 14:32
4,4116 4,5066
3,9607 4,0607
4,5899 4,6767
5,1016 5,2087
150 14:33
4,4116 4,5066
3,9607 4,0607
4,5899 4,6767
5,1016 5,2087
151 14:34
4,4116 4,5066
3,9607 4,0607
4,5899 4,6767
5,1016 5,2087
152 14:35
4,4116 4,5066
3,9607 4,0607
4,5899 4,6767
5,1016 5,2087
153 14:36
4,4116 4,5066
3,9607 4,0607
4,5899 4,6767
5,1016 5,2087
154 14:37
4,4116 4,5066
3,9607 4,0607
4,5899 4,6767
5,1016 5,2087
155 14:38
4,4116 4,5066
3,9607 4,0607
4,5899 4,6767
5,1016 5,2087
156 14:39
4,4116 4,5066
3,9607 4,0607
4,5899 4,6767
5,1016 5,2087
157 14:40
4,4116 4,5066
3,9607 4,0607
4,5899 4,6767
5,1016 5,2087
158 14:41
4,4116 4,5066
3,9607 4,0607
4,5899 4,6767
5,1016 5,2087
159 14:42
4,4116 4,5066
3,9607 4,0607
4,5899 4,6767
5,1016 5,2087
160 14:43
4,4116 4,5066
3,9607 4,0607
4,5899 4,6767
5,1016 5,2087
161 14:44
4,4116 4,5066
3,9607 4,0607
4,5899 4,6767
5,1016 5,2087
162 14:45
4,4116 4,5066
3,9607 4,0607
4,5899 4,6767
5,1016 5,2087
163 14:46
4,4116 4,5066
3,9607 4,0607
4,5899 4,6767
5,1016 5,2087
164 14:47
4,4116 4,5066
3,9607 4,0607
4,5899 4,6767
5,1016 5,2087
165 14:48
4,4116 4,5066
3,9607 4,0607
4,5899 4,6767
5,1016 5,2087
166 14:49
4,4116 4,5066
3,9607 4,0607
4,5899 4,6767
5,1016 5,2087
167 14:50
4,4116 4,5066
3,9607 4,0607
4,5899 4,6767
5,1016 5,2087
168 14:51
4,4116 4,5066
3,9607 4,0607
4,5899 4,6767
5,1016 5,2087
169 14:52
4,4116 4,5066
3,9607 4,0607
4,5899 4,6767
5,1016 5,2087
170 14:53
4,4116 4,5066
3,9607 4,0607
4,5899 4,6767
5,1016 5,2087
171 14:54
4,4116 4,5066
3,9607 4,0607
4,5899 4,6767
5,1016 5,2087
172 14:55
4,4116 4,5066
3,9607 4,0607
4,5899 4,6767
5,1016 5,2087
173 14:56
4,4116 4,5066
3,9607 4,0607
4,5899 4,6767
5,1016 5,2087
174 14:57
4,4116 4,5066
3,9607 4,0607
4,5899 4,6767
5,1016 5,2087
175 14:58
4,4116 4,5066
3,9607 4,0607
4,5899 4,6767
5,1016 5,2087
176 14:59
4,4116 4,5066
3,9607 4,0607
4,5899 4,6767
5,1016 5,2087
177 15:00
4,4116 4,5066
3,9607 4,0607
4,5899 4,6767
5,1016 5,2087
178 15:01
4,4116 4,5066
3,9607 4,0607
4,5899 4,6767
5,1016 5,2087
179 15:02
4,4116 4,5066
3,9607 4,0607
4,5899 4,6767
5,1016 5,2087
180 15:03
4,4116 4,5066
3,9607 4,0607
4,5899 4,6767
5,1016 5,2087
181 15:04
4,4116 4,5066
3,9607 4,0607
4,5899 4,6767
5,1016 5,2087
182 15:05
4,4116 4,5066
3,9607 4,0607
4,5899 4,6767
5,1016 5,2087
183 15:06
4,4116 4,5066
3,9607 4,0607
4,5899 4,6767
5,1016 5,2087
184 15:07
4,4116 4,5066
3,9607 4,0607
4,5899 4,6767
5,1016 5,2087
185 15:08
4,4116 4,5066
3,9607 4,0607
4,5899 4,6767
5,1016 5,2087
186 15:09
4,4116 4,5066
3,9607 4,0607
4,5899 4,6767
5,1016 5,2087
187 15:10
4,4116 4,5066
3,9607 4,0607
4,5899 4,6767
5,1016 5,2087
188 15:11
4,4116 4,5066
3,9607 4,0607
4,5899 4,6767
5,1016 5,2087
189 15:12
4,4116 4,5066
3,9607 4,0607
4,5899 4,6767
5,1016 5,2087
190 15:13
4,4116 4,5066
3,9607 4,0607
4,5899 4,6767
5,1016 5,2087
191 15:14
4,4116 4,5066
3,9607 4,0607
4,5899 4,6767
5,1016 5,2087
192 15:15
4,4116 4,5066
3,9607 4,0607
4,5899 4,6767
5,1016 5,2087
193 15:16
4,4116 4,5066
3,9607 4,0607
4,5899 4,6767
5,1016 5,2087
194 15:17
4,4116 4,5066
3,9607 4,0607
4,5899 4,6767
5,1016 5,2087
195 15:18
4,4116 4,5066
3,9607 4,0607
4,5899 4,6767
5,1016 5,2087
196 15:19
4,4116 4,5066
3,9607 4,0607
4,5899 4,6767
5,1016 5,2087
197 15:20
4,4116 4,5066
3,9607 4,0607
4,5899 4,6767
5,1016 5,2087
198 15:21
4,4116 4,5066
3,9607 4,0607
4,5899 4,6767
5,1016 5,2087
199 15:22
4,4116 4,5066
3,9607 4,0607
4,5899 4,6767
5,1016 5,2087
200 15:23
4,4116 4,5066
3,9607 4,0607
4,5899 4,6767
5,1016 5,2087
201 15:24
4,4116 4,5066
3,9607 4,0607
4,5899 4,6767
5,1016 5,2087
202 15:25
4,4116 4,5066
3,9607 4,0607
4,5899 4,6767
5,1016 5,2087
203 15:26
4,4116 4,5066
3,9607 4,0607
4,5899 4,6767
5,1016 5,2087
204 15:27
4,4116 4,5066
3,9607 4,0607
4,5899 4,6767
5,1016 5,2087
205 15:28
4,4116 4,5066
3,9607 4,0607
4,5899 4,6767
5,1016 5,2087
206 15:29
4,4116 4,5066
3,9607 4,0607
4,5899 4,6767
5,1016 5,2087
207 15:30
4,4116 4,5066
3,9607 4,0607
4,5899 4,6767
5,1016 5,2087
208 15:31
4,4116 4,5066
3,9607 4,0607
4,5899 4,6767
5,1016 5,2087
209 15:32
4,4116 4,5066
3,9607 4,0607
4,5899 4,6767
5,1016 5,2087
210 15:33
4,4116 4,5066
3,9607 4,0607
4,5899 4,6767
5,1016 5,2087
211 15:34
4,4116 4,5066
3,9607 4,0607
4,5899 4,6767
5,1016 5,2087
212 15:35
4,4116 4,5066
3,9607 4,0607
4,5899 4,6767
5,1016 5,2087
213 15:36
4,4116 4,5066
3,9607 4,0607
4,5899 4,6767
5,1016 5,2087
214 15:37
4,4116 4,5066
3,9607 4,0607
4,5899 4,6767
5,1016 5,2087
215 15:38
4,4116 4,5066
3,9607 4,0607
4,5899 4,6767
5,1016 5,2087
216 15:39
4,4116 4,5066
3,9607 4,0607
4,5899 4,6767
5,1016 5,2087
217 15:40
4,4116 4,5066
3,9607 4,0607
4,5899 4,6767
5,1016 5,2087
218 15:41
4,4116 4,5066
3,9607 4,0607
4,5899 4,6767
5,1016 5,2087
219 15:42
4,4116 4,5066
3,9607 4,0607
4,5899 4,6767
5,1016 5,2087
220 15:43
4,4116 4,5066
3,9607 4,0607
4,5899 4,6767
5,1016 5,2087
221 15:44
4,4116 4,5066
3,9607 4,0607
4,5899 4,6767
5,1016 5,2087
222 15:45
4,4116 4,5066
3,9607 4,0607
4,5899 4,6767
5,1016 5,2087
223 15:46
4,4116 4,5066
3,9607 4,0607
4,5899 4,6767
5,1016 5,2087
224 15:47
4,4116 4,5066
3,9607 4,0607
4,5899 4,6767
5,1016 5,2087
225 15:48
4,4116 4,5066
3,9607 4,0607
4,5899 4,6767
5,1016 5,2087
226 15:49
4,4116 4,5066
3,9607 4,0607
4,5899 4,6767
5,1016 5,2087
227 15:50
4,4116 4,5066
3,9607 4,0607
4,5899 4,6767
5,1016 5,2087
228 15:51
4,4116 4,5066
3,9607 4,0607
4,5899 4,6767
5,1016 5,2087
229 15:52
4,4116 4,5066
3,9607 4,0607
4,5899 4,6767
5,1016 5,2087
230 15:53
4,4116 4,5066
3,9607 4,0607
4,5899 4,6767
5,1016 5,2087
231 15:54
4,4116 4,5066
3,9607 4,0607
4,5899 4,6767
5,1016 5,2087
232 15:55
4,4116 4,5066
3,9607 4,0607
4,5899 4,6767
5,1016 5,2087
233 15:56
4,4116 4,5066
3,9607 4,0607
4,5899 4,6767
5,1016 5,2087
234 15:57
4,4116 4,5066
3,9607 4,0607
4,5899 4,6767
5,1016 5,2087
235 15:58
4,4116 4,5066
3,9607 4,0607
4,5899 4,6767
5,1016 5,2087
236 15:59
4,4116 4,5066
3,9607 4,0607
4,5899 4,6767
5,1016 5,2087
237 16:00
4,4116 4,5066
3,9607 4,0607
4,5899 4,6767
5,1016 5,2087
238 16:01
4,4116 4,5066
3,9607 4,0607
4,5899 4,6767
5,1016 5,2087
239 16:02
4,4116 4,5066
3,9607 4,0607
4,5899 4,6767
5,1016 5,2087
240 16:03
4,4116 4,5066
3,9607 4,0607
4,5899 4,6767
5,1016 5,2087
241 16:04
4,4116 4,5066
3,9607 4,0607
4,5899 4,6767
5,1016 5,2087
242 16:05
4,4116 4,5066
3,9607 4,0607
4,5899 4,6767
5,1016 5,2087
243 16:06
4,4116 4,5066
3,9607 4,0607
4,5899 4,6767
5,1016 5,2087
244 16:07
4,4116 4,5066
3,9607 4,0607
4,5899 4,6767
5,1016 5,2087
245 16:08
4,4116 4,5066
3,9607 4,0607
4,5899 4,6767
5,1016 5,2087
246 16:09
4,4116 4,5066
3,9607 4,0607
4,5899 4,6767
5,1016 5,2087
247 16:10
4,4116 4,5066
3,9607 4,0607
4,5899 4,6767
5,1016 5,2087
248 16:11
4,4116 4,5066
3,9607 4,0607
4,5899 4,6767
5,1016 5,2087
249 16:12
4,4116 4,5066
3,9607 4,0607
4,5899 4,6767
5,1016 5,2087
250 16:13
4,4116 4,5066
3,9607 4,0607
4,5899 4,6767
5,1016 5,2087
251 16:14
4,4116 4,5066
3,9607 4,0607
4,5899 4,6767
5,1016 5,2087
252 16:15
4,4116 4,5066
3,9607 4,0607
4,5899 4,6767
5,1016 5,2087
253 16:16
4,4116 4,5066
3,9607 4,0607
4,5899 4,6767
5,1016 5,2087
254 16:17
4,4116 4,5066
3,9607 4,0607
4,5899 4,6767
5,1016 5,2087
255 16:18
4,4116 4,5066
3,9607 4,0607
4,5899 4,6767
5,1016 5,2087
256 16:19
4,4116 4,5066
3,9607 4,0607
4,5899 4,6767
5,1016 5,2087
257 16:20
4,4116 4,5066
3,9607 4,0607
4,5899 4,6767
5,1016 5,2087
258 16:21
4,4116 4,5066
3,9607 4,0607
4,5899 4,6767
5,1016 5,2087
259 16:22
4,4116 4,5066
3,9607 4,0607
4,5899 4,6767
5,1016 5,2087
260 16:23
4,4116 4,5066
3,9607 4,0607
4,5899 4,6767
5,1016 5,2087
261 16:24
4,4116 4,5066
3,9607 4,0607
4,5899 4,6767
5,1016 5,2087
262 16:25
4,4116 4,5066
3,9607 4,0607
4,5899 4,6767
5,1016 5,2087
263 16:26
4,4116 4,5066
3,9607 4,0607
4,5899 4,6767
5,1016 5,2087
264 16:27
4,4116 4,5066
3,9607 4,0607
4,5899 4,6767
5,1016 5,2087
265 16:28
4,4116 4,5066
3,9607 4,0607
4,5899 4,6767
5,1016 5,2087
266 16:29
4,4116 4,5066
3,9607 4,0607
4,5899 4,6767
5,1016 5,2087
267 16:30
4,4116 4,5066
3,9607 4,0607
4,5899 4,6767
5,1016 5,2087
268 16:31
4,4116 4,5066
3,9607 4,0607
4,5899 4,6767
5,1016 5,2087
269 16:32
4,4116 4,5066
3,9607 4,0607
4,5899 4,6767
5,1016 5,2087
270 16:33
4,4116 4,5066
3,9607 4,0607
4,5899 4,6767
5,1016 5,2087
271 16:34
4,4116 4,5066
3,9607 4,0607
4,5899 4,6767
5,1016 5,2087
272 16:35
4,4116 4,5066
3,9607 4,0607
4,5899 4,6767
5,1016 5,2087
273 16:36
4,4116 4,5066
3,9607 4,0607
4,5899 4,6767
5,1016 5,2087
274 16:37
4,4116 4,5066
3,9607 4,0607
4,5899 4,6767
5,1016 5,2087
275 16:38
4,4116 4,5066
3,9607 4,0607
4,5899 4,6767
5,1016 5,2087
276 16:39
4,4116 4,5066
3,9607 4,0607
4,5899 4,6767
5,1016 5,2087
277 16:40
4,4116 4,5066
3,9607 4,0607
4,5899 4,6767
5,1016 5,2087
278 16:41
4,4116 4,5066
3,9607 4,0607
4,5899 4,6767
5,1016 5,2087
279 16:42
4,4116 4,5066
3,9607 4,0607
4,5899 4,6767
5,1016 5,2087
280 16:43
4,4116 4,5066
3,9607 4,0607
4,5899 4,6767
5,1016 5,2087
281 16:44
4,4116 4,5066
3,9607 4,0607
4,5899 4,6767
5,1016 5,2087
282 16:45
4,4116 4,5066
3,9607 4,0607
4,5899 4,6767
5,1016 5,2087
283 16:46
4,4116 4,5066
3,9607 4,0607
4,5899 4,6767
5,1016 5,2087
284 16:47
4,4116 4,5066
3,9607 4,0607
4,5899 4,6767
5,1016 5,2087
285 16:48
4,4116 4,5066
3,9607 4,0607
4,5899 4,6767
5,1016 5,2087
286 16:49
4,4116 4,5066
3,9607 4,0607
4,5899 4,6767
5,1016 5,2087
287 16:50
4,4116 4,5066
3,9607 4,0607
4,5899 4,6767
5,1016 5,2087
288 16:51
4,4116 4,5066
3,9607 4,0607
4,5899 4,6767
5,1016 5,2087
289 16:52
4,4116 4,5066
3,9607 4,0607
4,5899 4,6767
5,1016 5,2087
290 16:53
4,4116 4,5066
3,9607 4,0607
4,5899 4,6767
5,1016 5,2087
291 16:54
4,4116 4,5066
3,9607 4,0607
4,5899 4,6767
5,1016 5,2087
292 16:55
4,4116 4,5066
3,9607 4,0607
4,5899 4,6767
5,1016 5,2087
293 16:56
4,4116 4,5066
3,9607 4,0607
4,5899 4,6767
5,1016 5,2087
294 16:57
4,4116 4,5066
3,9607 4,0607
4,5899 4,6767
5,1016 5,2087
295 16:58
4,4116 4,5066
3,9607 4,0607
4,5899 4,6767
5,1016 5,2087
296 16:59
4,4116 4,5066
3,9607 4,0607
4,5899 4,6767
5,1016 5,2087
297 17:00
4,4116 4,5066
3,9607 4,0607
4,5899 4,6767
5,1016 5,2087
298 17:01
4,4116 4,5066
3,9607 4,0607
4,5899 4,6767
5,1016 5,2087
299 17:02
4,4116 4,5066
3,9607 4,0607
4,5899 4,6767
5,1016 5,2087
300 17:03
4,4116 4,5066
3,9607 4,0607
4,5899 4,6767
5,1016 5,2087
301 17:04
4,4116 4,5066
3,9607 4,0607
4,5899 4,6767
5,1016 5,2087
302 17:05
4,4116 4,5066
3,9607 4,0607
4,5899 4,6767
5,1016 5,2087
303 17:06
4,4116 4,5066
3,9607 4,0607
4,5899 4,6767
5,1016 5,2087
304 17:07
4,4116 4,5066
3,9607 4,0607
4,5899 4,6767
5,1016 5,2087
305 17:08
4,4116 4,5066
3,9607 4,0607
4,5899 4,6767
5,1016 5,2087
306 17:09
4,4116 4,5066
3,9607 4,0607
4,5899 4,6767
5,1016 5,2087
307 17:10
4,4116 4,5066
3,9607 4,0607
4,5899 4,6767
5,1016 5,2087
308 17:11
4,4116 4,5066
3,9607 4,0607
4,5899 4,6767
5,1016 5,2087
309 17:12
4,4116 4,5066
3,9607 4,0607
4,5899 4,6767
5,1016 5,2087
310 17:13
4,4116 4,5066
3,9607 4,0607
4,5899 4,6767
5,1016 5,2087
311 17:14
4,4116 4,5066
3,9607 4,0607
4,5899 4,6767
5,1016 5,2087
312 17:15
4,4116 4,5066
3,9607 4,0607
4,5899 4,6767
5,1016 5,2087
313 17:16
4,4116 4,5066
3,9607 4,0607
4,5899 4,6767
5,1016 5,2087
314 17:17
4,4116 4,5066
3,9607 4,0607
4,5899 4,6767
5,1016 5,2087
315 17:18
4,4116 4,5066
3,9607 4,0607
4,5899 4,6767
5,1016 5,2087
316 17:19
4,4116 4,5066
3,9607 4,0607
4,5899 4,6767
5,1016 5,2087
317 17:20
4,4116 4,5066
3,9607 4,0607
4,5899 4,6767
5,1016 5,2087
318 17:21
4,4116 4,5066
3,9607 4,0607
4,5899 4,6767
5,1016 5,2087
319 17:22
4,4116 4,5066
3,9607 4,0607
4,5899 4,6767
5,1016 5,2087
320 17:23
4,4116 4,5066
3,9607 4,0607
4,5899 4,6767
5,1016 5,2087
321 17:24
4,4116 4,5066
3,9607 4,0607
4,5899 4,6767
5,1016 5,2087
322 17:25
4,4116 4,5066
3,9607 4,0607
4,5899 4,6767
5,1016 5,2087
323 17:26
4,4116 4,5066
3,9607 4,0607
4,5899 4,6767
5,1016 5,2087
324 17:27
4,4116 4,5066
3,9607 4,0607
4,5899 4,6767
5,1016 5,2087
325 17:28
4,4116 4,5066
3,9607 4,0607
4,5899 4,6767
5,1016 5,2087
326 17:29
4,4116 4,5066
3,9607 4,0607
4,5899 4,6767
5,1016 5,2087
327 17:30
4,4116 4,5066
3,9607 4,0607
4,5899 4,6767
5,1016 5,2087
328 17:31
4,4116 4,5066
3,9607 4,0607
4,5899 4,6767
5,1016 5,2087
329 17:32
4,4116 4,5066
3,9607 4,0607
4,5899 4,6767
5,1016 5,2087
330 17:33
4,4116 4,5066
3,9607 4,0607
4,5899 4,6767
5,1016 5,2087
331 17:34
4,4116 4,5066
3,9607 4,0607
4,5899 4,6767
5,1016 5,2087
332 17:35
4,4116 4,5066
3,9607 4,0607
4,5899 4,6767
5,1016 5,2087
333 17:36
4,4116 4,5066
3,9607 4,0607
4,5899 4,6767
5,1016 5,2087
334 17:37
4,4116 4,5066
3,9607 4,0607
4,5899 4,6767
5,1016 5,2087
335 17:38
4,4116 4,5066
3,9607 4,0607
4,5899 4,6767
5,1016 5,2087
336 17:39
4,4116 4,5066
3,9607 4,0607
4,5899 4,6767
5,1016 5,2087
337 17:40
4,4116 4,5066
3,9607 4,0607
4,5899 4,6767
5,1016 5,2087
338 17:41
4,4116 4,5066
3,9607 4,0607
4,5899 4,6767
5,1016 5,2087
339 17:42
4,4116 4,5066
3,9607 4,0607
4,5899 4,6767
5,1016 5,2087
340 17:43
4,4116 4,5066
3,9607 4,0607
4,5899 4,6767
5,1016 5,2087
341 17:44
4,4116 4,5066
3,9607 4,0607
4,5899 4,6767
5,1016 5,2087
342 17:45
4,4116 4,5066
3,9607 4,0607
4,5899 4,6767
5,1016 5,2087
343 17:46
4,4116 4,5066
3,9607 4,0607
4,5899 4,6767
5,1016 5,2087
344 17:47
4,4116 4,5066
3,9607 4,0607
4,5899 4,6767
5,1016 5,2087
345 17:48
4,4116 4,5066
3,9607 4,0607
4,5899 4,6767
5,1016 5,2087
346 17:49
4,4116 4,5066
3,9607 4,0607
4,5899 4,6767
5,1016 5,2087
347 17:50
4,4116 4,5066
3,9607 4,0607
4,5899 4,6767
5,1016 5,2087
348 17:51
4,4116 4,5066
3,9607 4,0607
4,5899 4,6767
5,1016 5,2087
349 17:52
4,4116 4,5066
3,9607 4,0607
4,5899 4,6767
5,1016 5,2087
350 17:53
4,4116 4,5066
3,9607 4,0607
4,5899 4,6767
5,1016 5,2087
351 17:54
4,4116 4,5066
3,9607 4,0607
4,5899 4,6767
5,1016 5,2087
352 17:55
4,4116 4,5066
3,9607 4,0607
4,5899 4,6767
5,1016 5,2087
353 17:56
4,4116 4,5066
3,9607 4,0607
4,5899 4,6767
5,1016 5,2087
354 17:57
4,4116 4,5066
3,9607 4,0607
4,5899 4,6767
5,1016 5,2087
355 17:58
4,4116 4,5066
3,9607 4,0607
4,5899 4,6767
5,1016 5,2087
356 17:59
4,4116 4,5066
3,9607 4,0607
4,5899 4,6767
5,1016 5,2087
357 18:00
4,4116 4,5066
3,9607 4,0607
4,5899 4,6767
5,1016 5,2087
358 18:01
4,4116 4,5066
3,9607 4,0607
4,5899 4,6767
5,1016 5,2087
359 18:02
4,4116 4,5066
3,9607 4,0607
4,5899 4,6767
5,1016 5,2087
360 18:03
4,4116 4,5066
3,9607 4,0607
4,5899 4,6767
5,1016 5,2087
361 18:04
4,4116 4,5066
3,9607 4,0607
4,5899 4,6767
5,1016 5,2087
362 18:05
4,4116 4,5066
3,9607 4,0607
4,5899 4,6767
5,1016 5,2087
363 18:06
4,4116 4,5066
3,9607 4,0607
4,5899 4,6767
5,1016 5,2087
364 18:07
4,4116 4,5066
3,9607 4,0607
4,5899 4,6767
5,1016 5,2087
365 18:08
4,4116 4,5066
3,9607 4,0607
4,5899 4,6767
5,1016 5,2087
366 18:09
4,4116 4,5066
3,9607 4,0607
4,5899 4,6767
5,1016 5,2087
367 18:10
4,4116 4,5066
3,9607 4,0607
4,5899 4,6767
5,1016 5,2087
368 18:11
4,4116 4,5066
3,9607 4,0607
4,5899 4,6767
5,1016 5,2087
369 18:12
4,4116 4,5066
3,9607 4,0607
4,5899 4,6767
5,1016 5,2087
370 18:13
4,4116 4,5066
3,9607 4,0607
4,5899 4,6767
5,1016 5,2087
371 18:14
4,4116 4,5066
3,9607 4,0607
4,5899 4,6767
5,1016 5,2087
372 18:15
4,4116 4,5066
3,9607 4,0607
4,5899 4,6767
5,1016 5,2087
373 18:16
4,4116 4,5066
3,9607 4,0607
4,5899 4,6767
5,1016 5,2087
374 18:17
4,4116 4,5066
3,9607 4,0607
4,5899 4,6767
5,1016 5,2087
375 18:18
4,4116 4,5066
3,9607 4,0607
4,5899 4,6767
5,1016 5,2087
376 18:19
4,4116 4,5066
3,9607 4,0607
4,5899 4,6767
5,1016 5,2087
377 18:20
4,4116 4,5066
3,9607 4,0607
4,5899 4,6767
5,1016 5,2087
378 18:21
4,4116 4,5066
3,9607 4,0607
4,5899 4,6767
5,1016 5,2087
379 18:22
4,4116 4,5066
3,9607 4,0607
4,5899 4,6767
5,1016 5,2087
380 18:23
4,4116 4,5066
3,9607 4,0607
4,5899 4,6767
5,1016 5,2087
381 18:24
4,4116 4,5066
3,9607 4,0607
4,5899 4,6767
5,1016 5,2087
382 18:25
4,4116 4,5066
3,9607 4,0607
4,5899 4,6767
5,1016 5,2087
383 18:26
4,4116 4,5066
3,9607 4,0607
4,5899 4,6767
5,1016 5,2087
384 18:27
4,4116 4,5066
3,9607 4,0607
4,5899 4,6767
5,1016 5,2087
385 18:28
4,4116 4,5066
3,9607 4,0607
4,5899 4,6767
5,1016 5,2087
386 18:29
4,4116 4,5066
3,9607 4,0607
4,5899 4,6767
5,1016 5,2087
387 18:30
4,4116 4,5066
3,9607 4,0607
4,5899 4,6767
5,1016 5,2087
388 18:31
4,4116 4,5066
3,9607 4,0607
4,5899 4,6767
5,1016 5,2087
389 18:32
4,4116 4,5066
3,9607 4,0607
4,5899 4,6767
5,1016 5,2087
390 18:33
4,4116 4,5066
3,9607 4,0607
4,5899 4,6767
5,1016 5,2087
391 18:34
4,4116 4,5066
3,9607 4,0607
4,5899 4,6767
5,1016 5,2087
392 18:35
4,4116 4,5066
3,9607 4,0607
4,5899 4,6767
5,1016 5,2087
393 18:36
4,4116 4,5066
3,9607 4,0607
4,5899 4,6767
5,1016 5,2087
394 18:37
4,4116 4,5066
3,9607 4,0607
4,5899 4,6767
5,1016 5,2087
395 18:38
4,4116 4,5066
3,9607 4,0607
4,5899 4,6767
5,1016 5,2087
396 18:39
4,4116 4,5066
3,9607 4,0607
4,5899 4,6767
5,1016 5,2087
397 18:40
4,4116 4,5066
3,9607 4,0607
4,5899 4,6767
5,1016 5,2087
398 18:41
4,4116 4,5066
3,9607 4,0607
4,5899 4,6767
5,1016 5,2087
399 18:42
4,4116 4,5066
3,9607 4,0607
4,5899 4,6767
5,1016 5,2087
400 18:43
4,4116 4,5066
3,9607 4,0607
4,5899 4,6767
5,1016 5,2087
401 18:44
4,4116 4,5066
3,9607 4,0607
4,5899 4,6767
5,1016 5,2087
402 18:45
4,4116 4,5066
3,9607 4,0607
4,5899 4,6767
5,1016 5,2087
403 18:46
4,4116 4,5066
3,9607 4,0607
4,5899 4,6767
5,1016 5,2087
404 18:47
4,4116 4,5066
3,9607 4,0607
4,5899 4,6767
5,1016 5,2087
405 18:48
4,4116 4,5066
3,9607 4,0607
4,5899 4,6767
5,1016 5,2087
406 18:49
4,4116 4,5066
3,9607 4,0607
4,5899 4,6767
5,1016 5,2087
407 18:50
4,4116 4,5066
3,9607 4,0607
4,5899 4,6767
5,1016 5,2087
408 18:51
4,4116 4,5066
3,9607 4,0607
4,5899 4,6767
5,1016 5,2087
409 18:52
4,4116 4,5066
3,9607 4,0607
4,5899 4,6767
5,1016 5,2087
410 18:53
4,4116 4,5066
3,9607 4,0607
4,5899 4,6767
5,1016 5,2087
411 18:54
4,4116 4,5066
3,9607 4,0607
4,5899 4,6767
5,1016 5,2087
412 18:55
4,4116 4,5066
3,9607 4,0607
4,5899 4,6767
5,1016 5,2087
413 18:56
4,4116 4,5066
3,9607 4,0607
4,5899 4,6767
5,1016 5,2087
414 18:57
4,4116 4,5066
3,9607 4,0607
4,5899 4,6767
5,1016 5,2087
415 18:58
4,4116 4,5066
3,9607 4,0607
4,5899 4,6767
5,1016 5,2087
416 18:59
4,4116 4,5066
3,9607 4,0607
4,5899 4,6767
5,1016 5,2087
417 19:00
4,4116 4,5066
3,9607 4,0607
4,5899 4,6767
5,1016 5,2087
418 19:01
4,4116 4,5066
3,9607 4,0607
4,5899 4,6767
5,1016 5,2087
419 19:02
4,4116 4,5066
3,9607 4,0607
4,5899 4,6767
5,1016 5,2087
420 19:03
4,4116 4,5066
3,9607 4,0607
4,5899 4,6767
5,1016 5,2087
421 19:04
4,4116 4,5066
3,9607 4,0607
4,5899 4,6767
5,1016 5,2087
422 19:05
4,4116 4,5066
3,9607 4,0607
4,5899 4,6767
5,1016 5,2087
423 19:06
4,4116 4,5066
3,9607 4,0607
4,5899 4,6767
5,1016 5,2087
424 19:07
4,4116 4,5066
3,9607 4,0607
4,5899 4,6767
5,1016 5,2087
425 19:08
4,4116 4,5066
3,9607 4,0607
4,5899 4,6767
5,1016 5,2087
426 19:09
4,4116 4,5066
3,9607 4,0607
4,5899 4,6767
5,1016 5,2087
427 19:10
4,4116 4,5066
3,9607 4,0607
4,5899 4,6767
5,1016 5,2087
428 19:11
4,4116 4,5066
3,9607 4,0607
4,5899 4,6767
5,1016 5,2087
429 19:12
4,4116 4,5066
3,9607 4,0607
4,5899 4,6767
5,1016 5,2087
430 19:13
4,4116 4,5066
3,9607 4,0607
4,5899 4,6767
5,1016 5,2087
431 19:14
4,4116 4,5066
3,9607 4,0607
4,5899 4,6767
5,1016 5,2087
432 19:15
4,4116 4,5066
3,9607 4,0607
4,5899 4,6767
5,1016 5,2087
433 19:16
4,4116 4,5066
3,9607 4,0607
4,5899 4,6767
5,1016 5,2087
434 19:17
4,4116 4,5066
3,9607 4,0607
4,5899 4,6767
5,1016 5,2087
435 19:18
4,4116 4,5066
3,9607 4,0607
4,5899 4,6767
5,1016 5,2087
436 19:19
4,4116 4,5066
3,9607 4,0607
4,5899 4,6767
5,1016 5,2087
437 19:20
4,4116 4,5066
3,9607 4,0607
4,5899 4,6767
5,1016 5,2087
438 19:21
4,4116 4,5066
3,9607 4,0607
4,5899 4,6767
5,1016 5,2087
439 19:22
4,4116 4,5066
3,9607 4,0607
4,5899 4,6767
5,1016 5,2087
440 19:23
4,4116 4,5066
3,9607 4,0607
4,5899 4,6767
5,1016 5,2087
441 19:24
4,4116 4,5066
3,9607 4,0607
4,5899 4,6767
5,1016 5,2087
442 19:25
4,4116 4,5066
3,9607 4,0607
4,5899 4,6767
5,1016 5,2087
443 19:26
4,4116 4,5066
3,9607 4,0607
4,5899 4,6767
5,1016 5,2087
444 19:27
4,4116 4,5066
3,9607 4,0607
4,5899 4,6767
5,1016 5,2087
445 19:28
4,4116 4,5066
3,9607 4,0607
4,5899 4,6767
5,1016 5,2087
446 19:29
4,4116 4,5066
3,9607 4,0607
4,5899 4,6767
5,1016 5,2087
447 19:30
4,4116 4,5066
3,9607 4,0607
4,5899 4,6767
5,1016 5,2087
448 19:31
4,4116 4,5066
3,9607 4,0607
4,5899 4,6767
5,1016 5,2087
449 19:32
4,4116 4,5066
3,9607 4,0607
4,5899 4,6767
5,1016 5,2087
450 19:33
4,4116 4,5066
3,9607 4,0607
4,5899 4,6767
5,1016 5,2087
451 19:34
4,4116 4,5066
3,9607 4,0607
4,5899 4,6767
5,1016 5,2087
452 19:35
4,4116 4,5066
3,9607 4,0607
4,5899 4,6767
5,1016 5,2087
453 19:36
4,4116 4,5066
3,9607 4,0607
4,5899 4,6767
5,1016 5,2087
454 19:37
4,4116 4,5066
3,9607 4,0607
4,5899 4,6767
5,1016 5,2087
455 19:38
4,4116 4,5066
3,9607 4,0607
4,5899 4,6767
5,1016 5,2087
456 19:39
4,4116 4,5066
3,9607 4,0607
4,5899 4,6767
5,1016 5,2087
457 19:40
4,4116 4,5066
3,9607 4,0607
4,5899 4,6767
5,1016 5,2087
458 19:41
4,4116 4,5066
3,9607 4,0607
4,5899 4,6767
5,1016 5,2087
459 19:42
4,4116 4,5066
3,9607 4,0607
4,5899 4,6767
5,1016 5,2087
460 19:43
4,4116 4,5066
3,9607 4,0607
4,5899 4,6767
5,1016 5,2087
461 19:44
4,4116 4,5066
3,9607 4,0607
4,5899 4,6767
5,1016 5,2087
462 19:45
4,4116 4,5066
3,9607 4,0607
4,5899 4,6767
5,1016 5,2087
463 19:46
4,4116 4,5066
3,9607 4,0607
4,5899 4,6767
5,1016 5,2087
464 19:47
4,4116 4,5066
3,9607 4,0607
4,5899 4,6767
5,1016 5,2087
465 19:48
4,4116 4,5066
3,9607 4,0607
4,5899 4,6767
5,1016 5,2087
466 19:49
4,4116 4,5066
3,9607 4,0607
4,5899 4,6767
5,1016 5,2087
467 19:50
4,4116 4,5066
3,9607 4,0607
4,5899 4,6767
5,1016 5,2087
468 19:51
4,4116 4,5066
3,9607 4,0607
4,5899 4,6767
5,1016 5,2087
469 19:52
4,4116 4,5066
3,9607 4,0607
4,5899 4,6767
5,1016 5,2087
470 19:53
4,4116 4,5066
3,9607 4,0607
4,5899 4,6767
5,1016 5,2087
471 19:54
4,4116 4,5066
3,9607 4,0607
4,5899 4,6767
5,1016 5,2087
472 19:55
4,4116 4,5066
3,9607 4,0607
4,5899 4,6767
5,1016 5,2087
473 19:56
4,4116 4,5066
3,9607 4,0607
4,5899 4,6767
5,1016 5,2087
474 19:57
4,4116 4,5066
3,9607 4,0607
4,5899 4,6767
5,1016 5,2087
475 19:58
4,4116 4,5066
3,9607 4,0607
4,5899 4,6767
5,1016 5,2087
476 19:59
4,4116 4,5066
3,9607 4,0607
4,5899 4,6767
5,1016 5,2087
477 20:00
4,4116 4,5066
3,9607 4,0607
4,5899 4,6767
5,1016 5,2087
478 20:01
4,4116 4,5066
3,9607 4,0607
4,5899 4,6767
5,1016 5,2087
479 20:02
4,4116 4,5066
3,9607 4,0607
4,5899 4,6767
5,1016 5,2087
480 20:03
4,4116 4,5066
3,9607 4,0607
4,5899 4,6767
5,1016 5,2087
481 20:04
4,4116 4,5066
3,9607 4,0607
4,5899 4,6767
5,1016 5,2087
482 20:05
4,4116 4,5066
3,9607 4,0607
4,5899 4,6767
5,1016 5,2087
483 20:06
4,4116 4,5066
3,9607 4,0607
4,5899 4,6767
5,1016 5,2087
484 20:07
4,4116 4,5066
3,9607 4,0607
4,5899 4,6767
5,1016 5,2087
485 20:08
4,4116 4,5066
3,9607 4,0607
4,5899 4,6767
5,1016 5,2087
486 20:09
4,4116 4,5066
3,9607 4,0607
4,5899 4,6767
5,1016 5,2087
487 20:10
4,4116 4,5066
3,9607 4,0607
4,5899 4,6767
5,1016 5,2087
488 20:11
4,4116 4,5066
3,9607 4,0607
4,5899 4,6767
5,1016 5,2087
489 20:12
4,4116 4,5066
3,9607 4,0607
4,5899 4,6767
5,1016 5,2087
490 20:13
4,4116 4,5066
3,9607 4,0607
4,5899 4,6767
5,1016 5,2087
491 20:14
4,4116 4,5066
3,9607 4,0607
4,5899 4,6767
5,1016 5,2087
492 20:15
4,4116 4,5066
3,9607 4,0607
4,5899 4,6767
5,1016 5,2087
493 20:16
4,4116 4,5066
3,9607 4,0607
4,5899 4,6767
5,1016 5,2087
494 20:17
4,4116 4,5066
3,9607 4,0607
4,5899 4,6767
5,1016 5,2087
495 20:18
4,4116 4,5066
3,9607 4,0607
4,5899 4,6767
5,1016 5,2087
496 20:19
4,4116 4,5066
3,9607 4,0607
4,5899 4,6767
5,1016 5,2087
497 20:20
4,4116 4,5066
3,9607 4,0607
4,5899 4,6767
5,1016 5,2087
498 20:21
4,4116 4,5066
3,9607 4,0607
4,5899 4,6767
5,1016 5,2087
499 20:22
4,4116 4,5066
3,9607 4,0607
4,5899 4,6767
5,1016 5,2087
500 20:23
4,4116 4,5066
3,9607 4,0607
4,5899 4,6767
5,1016 5,2087
501 20:24
4,4116 4,5066
3,9607 4,0607
4,5899 4,6767
5,1016 5,2087
502 20:25
4,4116 4,5066
3,9607 4,0607
4,5899 4,6767
5,1016 5,2087
503 20:26
4,4116 4,5066
3,9607 4,0607
4,5899 4,6767
5,1016 5,2087
504 20:27
4,4116 4,5066
3,9607 4,0607
4,5899 4,6767
5,1016 5,2087
505 20:28
4,4116 4,5066
3,9607 4,0607
4,5899 4,6767
5,1016 5,2087
506 20:29
4,4116 4,5066
3,9607 4,0607
4,5899 4,6767
5,1016 5,2087
507 20:30
4,4116 4,5066
3,9607 4,0607
4,5899 4,6767
5,1016 5,2087
508 20:31
4,4116 4,5066
3,9607 4,0607
4,5899 4,6767
5,1016 5,2087
509 20:32
4,4116 4,5066
3,9607 4,0607
4,5899 4,6767
5,1016 5,2087
510 20:33
4,4116 4,5066
3,9607 4,0607
4,5899 4,6767
5,1016 5,2087
511 20:34
4,4116 4,5066
3,9607 4,0607
4,5899 4,6767
5,1016 5,2087
512 20:35
4,4116 4,5066
3,9607 4,0607
4,5899 4,6767
5,1016 5,2087
513 20:36
4,4116 4,5066
3,9607 4,0607
4,5899 4,6767
5,1016 5,2087
514 20:37
4,4116 4,5066
3,9607 4,0607
4,5899 4,6767
5,1016 5,2087
515 20:38
4,4116 4,5066
3,9607 4,0607
4,5899 4,6767
5,1016 5,2087
516 20:39
4,4116 4,5066
3,9607 4,0607
4,5899 4,6767
5,1016 5,2087
517 20:40
4,4116 4,5066
3,9607 4,0607
4,5899 4,6767
5,1016 5,2087
518 20:41
4,4116 4,5066
3,9607 4,0607
4,5899 4,6767
5,1016 5,2087
519 20:42
4,4116 4,5066
3,9607 4,0607
4,5899 4,6767
5,1016 5,2087
520 20:43
4,4116 4,5066
3,9607 4,0607
4,5899 4,6767
5,1016 5,2087
521 20:44
4,4116 4,5066
3,9607 4,0607
4,5899 4,6767
5,1016 5,2087
522 20:45
4,4116 4,5066
3,9607 4,0607
4,5899 4,6767
5,1016 5,2087
523 20:46
4,4116 4,5066
3,9607 4,0607
4,5899 4,6767
5,1016 5,2087
524 20:47
4,4116 4,5066
3,9607 4,0607
4,5899 4,6767
5,1016 5,2087
525 20:48
4,4116 4,5066
3,9607 4,0607
4,5899 4,6767
5,1016 5,2087
526 20:49
4,4116 4,5066
3,9607 4,0607
4,5899 4,6767
5,1016 5,2087
527 20:50
4,4116 4,5066
3,9607 4,0607
4,5899 4,6767
5,1016 5,2087
528 20:51
4,4116 4,5066
3,9607 4,0607
4,5899 4,6767
5,1016 5,2087
529 20:52
4,4116 4,5066
3,9607 4,0607
4,5899 4,6767
5,1016 5,2087
530 20:53
4,4116 4,5066
3,9607 4,0607
4,5899 4,6767
5,1016 5,2087
531 20:54
4,4116 4,5066
3,9607 4,0607
4,5899 4,6767
5,1016 5,2087
532 20:55
4,4116 4,5066
3,9607 4,0607
4,5899 4,6767
5,1016 5,2087
533 20:56
4,4116 4,5066
3,9607 4,0607
4,5899 4,6767
5,1016 5,2087
534 20:57
4,4116 4,5066
3,9607 4,0607
4,5899 4,6767
5,1016 5,2087
535 20:58
4,4116 4,5066
3,9607 4,0607
4,5899 4,6767
5,1016 5,2087
536 20:59
4,4116 4,5066
3,9607 4,0607
4,5899 4,6767
5,1016 5,2087
537 21:00
4,4116 4,5066
3,9607 4,0607
4,5899 4,6767
5,1016 5,2087
538 21:01
4,4116 4,5066
3,9607 4,0607
4,5899 4,6767
5,1016 5,2087
539 21:02
4,4116 4,5066
3,9607 4,0607
4,5899 4,6767
5,1016 5,2087
540 21:03
4,4116 4,5066
3,9607 4,0607
4,5899 4,6767
5,1016 5,2087
541 21:04
4,4116 4,5066
3,9607 4,0607
4,5899 4,6767
5,1016 5,2087
542 21:05
4,4116 4,5066
3,9607 4,0607
4,5899 4,6767
5,1016 5,2087
543 21:06
4,4116 4,5066
3,9607 4,0607
4,5899 4,6767
5,1016 5,2087
544 21:07
4,4116 4,5066
3,9607 4,0607
4,5899 4,6767
5,1016 5,2087
545 21:08
4,4116 4,5066
3,9607 4,0607
4,5899 4,6767
5,1016 5,2087
546 21:09
4,4116 4,5066
3,9607 4,0607
4,5899 4,6767
5,1016 5,2087
547 21:10
4,4116 4,5066
3,9607 4,0607
4,5899 4,6767
5,1016 5,2087
548 21:11
4,4116 4,5066
3,9607 4,0607
4,5899 4,6767
5,1016 5,2087
549 21:12
4,4116 4,5066
3,9607 4,0607
4,5899 4,6767
5,1016 5,2087
550 21:13
4,4116 4,5066
3,9607 4,0607
4,5899 4,6767
5,1016 5,2087
551 21:14
4,4116 4,5066
3,9607 4,0607
4,5899 4,6767
5,1016 5,2087
552 21:15
4,4116 4,5066
3,9607 4,0607
4,5899 4,6767
5,1016 5,2087
553 21:16
4,4116 4,5066
3,9607 4,0607
4,5899 4,6767
5,1016 5,2087
554 21:17
4,4116 4,5066
3,9607 4,0607
4,5899 4,6767
5,1016 5,2087
555 21:18
4,4116 4,5066
3,9607 4,0607
4,5899 4,6767
5,1016 5,2087
556 21:19
4,4116 4,5066
3,9607 4,0607
4,5899 4,6767
5,1016 5,2087
557 21:20
4,4116 4,5066
3,9607 4,0607
4,5899 4,6767
5,1016 5,2087
558 21:21
4,4116 4,5066
3,9607 4,0607
4,5899 4,6767
5,1016 5,2087
559 21:22
4,4116 4,5066
3,9607 4,0607
4,5899 4,6767
5,1016 5,2087
560 21:23
4,4116 4,5066
3,9607 4,0607
4,5899 4,6767
5,1016 5,2087
561 21:24
4,4116 4,5066
3,9607 4,0607
4,5899 4,6767
5,1016 5,2087
562 21:25
4,4116 4,5066
3,9607 4,0607
4,5899 4,6767
5,1016 5,2087
563 21:26
4,4116 4,5066
3,9607 4,0607
4,5899 4,6767
5,1016 5,2087
564 21:27
4,4116 4,5066
3,9607 4,0607
4,5899 4,6767
5,1016 5,2087
565 21:28
4,4116 4,5066
3,9607 4,0607
4,5899 4,6767
5,1016 5,2087
566 21:29
4,4116 4,5066
3,9607 4,0607
4,5899 4,6767
5,1016 5,2087
567 21:30
4,4116 4,5066
3,9607 4,0607
4,5899 4,6767
5,1016 5,2087
568 21:31
4,4116 4,5066
3,9607 4,0607
4,5899 4,6767
5,1016 5,2087
569 21:32
4,4116 4,5066
3,9607 4,0607
4,5899 4,6767
5,1016 5,2087
570 21:33
4,4116 4,5066
3,9607 4,0607
4,5899 4,6767
5,1016 5,2087
571 21:34
4,4116 4,5066
3,9607 4,0607
4,5899 4,6767
5,1016 5,2087
572 21:35
4,4116 4,5066
3,9607 4,0607
4,5899 4,6767
5,1016 5,2087
573 21:36
4,4116 4,5066
3,9607 4,0607
4,5899 4,6767
5,1016 5,2087
574 21:37
4,4116 4,5066
3,9607 4,0607
4,5899 4,6767
5,1016 5,2087
575 21:38
4,4116 4,5066
3,9607 4,0607
4,5899 4,6767
5,1016 5,2087
576 21:39
4,4116 4,5066
3,9607 4,0607
4,5899 4,6767
5,1016 5,2087
577 21:40
4,4116 4,5066
3,9607 4,0607
4,5899 4,6767
5,1016 5,2087
578 21:41
4,4116 4,5066
3,9607 4,0607
4,5899 4,6767
5,1016 5,2087
579 21:42
4,4116 4,5066
3,9607 4,0607
4,5899 4,6767
5,1016 5,2087
580 21:43
4,4116 4,5066
3,9607 4,0607
4,5899 4,6767
5,1016 5,2087
581 21:44
4,4116 4,5066
3,9607 4,0607
4,5899 4,6767
5,1016 5,2087
582 21:45
4,4116 4,5066
3,9607 4,0607
4,5899 4,6767
5,1016 5,2087
583 21:46
4,4116 4,5066
3,9607 4,0607
4,5899 4,6767
5,1016 5,2087
584 21:47
4,4116 4,5066
3,9607 4,0607
4,5899 4,6767
5,1016 5,2087
585 21:48
4,4116 4,5066
3,9607 4,0607
4,5899 4,6767
5,1016 5,2087
586 21:49
4,4116 4,5066
3,9607 4,0607
4,5899 4,6767
5,1016 5,2087
587 21:50
4,4116 4,5066
3,9607 4,0607
4,5899 4,6767
5,1016 5,2087
588 21:51
4,4116 4,5066
3,9607 4,0607
4,5899 4,6767
5,1016 5,2087
589 21:52
4,4116 4,5066
3,9607 4,0607
4,5899 4,6767
5,1016 5,2087
590 21:53
4,4116 4,5066
3,9607 4,0607
4,5899 4,6767
5,1016 5,2087
591 21:54
4,4116 4,5066
3,9607 4,0607
4,5899 4,6767
5,1016 5,2087
592 21:55
4,4116 4,5066
3,9607 4,0607
4,5899 4,6767
5,1016 5,2087
593 21:56
4,4116 4,5066
3,9607 4,0607
4,5899 4,6767
5,1016 5,2087
594 21:57
4,4116 4,5066
3,9607 4,0607
4,5899 4,6767
5,1016 5,2087
595 21:58
4,4116 4,5066
3,9607 4,0607
4,5899 4,6767
5,1016 5,2087
596 21:59
4,4116 4,5066
3,9607 4,0607
4,5899 4,6767
5,1016 5,2087
597 22:00
4,4116 4,5066
3,9607 4,0607
4,5899 4,6767
5,1016 5,2087
598 22:01
4,4116 4,5066
3,9607 4,0607
4,5899 4,6767
5,1016 5,2087
599 22:02
4,4116 4,5066
3,9607 4,0607
4,5899 4,6767
5,1016 5,2087
600 22:03
4,4116 4,5066
3,9607 4,0607
4,5899 4,6767
5,1016 5,2087
601 22:04
4,4116 4,5066
3,9607 4,0607
4,5899 4,6767
5,1016 5,2087
602 22:05
4,4116 4,5066
3,9607 4,0607
4,5899 4,6767
5,1016 5,2087
603 22:06
4,4116 4,5066
3,9607 4,0607
4,5899 4,6767
5,1016 5,2087
604 22:07
4,4116 4,5066
3,9607 4,0607
4,5899 4,6767
5,1016 5,2087
605 22:08
4,4116 4,5066
3,9607 4,0607
4,5899 4,6767
5,1016 5,2087
606 22:09
4,4116 4,5066
3,9607 4,0607
4,5899 4,6767
5,1016 5,2087
607 22:10
4,4116 4,5066
3,9607 4,0607
4,5899 4,6767
5,1016 5,2087
608 22:11
4,4116 4,5066
3,9607 4,0607
4,5899 4,6767
5,1016 5,2087
609 22:12
4,4116 4,5066
3,9607 4,0607
4,5899 4,6767
5,1016 5,2087
610 22:13
4,4116 4,5066
3,9607 4,0607
4,5899 4,6767
5,1016 5,2087
611 22:14
4,4116 4,5066
3,9607 4,0607
4,5899 4,6767
5,1016 5,2087
612 22:15
4,4116 4,5066
3,9607 4,0607
4,5899 4,6767
5,1016 5,2087
613 22:16
4,4116 4,5066
3,9607 4,0607
4,5899 4,6767
5,1016 5,2087
614 22:17
4,4116 4,5066
3,9607 4,0607
4,5899 4,6767
5,1016 5,2087
615 22:18
4,4116 4,5066
3,9607 4,0607
4,5899 4,6767
5,1016 5,2087
616 22:19
4,4116 4,5066
3,9607 4,0607
4,5899 4,6767
5,1016 5,2087
617 22:20
4,4116 4,5066
3,9607 4,0607
4,5899 4,6767
5,1016 5,2087
618 22:21
4,4116 4,5066
3,9607 4,0607
4,5899 4,6767
5,1016 5,2087
619 22:22
4,4116 4,5066
3,9607 4,0607
4,5899 4,6767
5,1016 5,2087
620 22:23
4,4116 4,5066
3,9607 4,0607
4,5899 4,6767
5,1016 5,2087
621 22:24
4,4116 4,5066
3,9607 4,0607
4,5899 4,6767
5,1016 5,2087
622 22:25
4,4116 4,5066
3,9607 4,0607
4,5899 4,6767
5,1016 5,2087
623 22:26
4,4116 4,5066
3,9607 4,0607
4,5899 4,6767
5,1016 5,2087
624 22:27
4,4116 4,5066
3,9607 4,0607
4,5899 4,6767
5,1016 5,2087
625 22:28
4,4116 4,5066
3,9607 4,0607
4,5899 4,6767
5,1016 5,2087
626 22:29
4,4116 4,5066
3,9607 4,0607
4,5899 4,6767
5,1016 5,2087
627 22:30
4,4116 4,5066
3,9607 4,0607
4,5899 4,6767
5,1016 5,2087
628 22:31
4,4116 4,5066
3,9607 4,0607
4,5899 4,6767
5,1016 5,2087
629 22:32
4,4116 4,5066
3,9607 4,0607
4,5899 4,6767
5,1016 5,2087
630 22:33
4,4116 4,5066
3,9607 4,0607
4,5899 4,6767
5,1016 5,2087
631 22:34
4,4116 4,5066
3,9607 4,0607
4,5899 4,6767
5,1016 5,2087
632 22:35
4,4116 4,5066
3,9607 4,0607
4,5899 4,6767
5,1016 5,2087
633 22:36
4,4116 4,5066
3,9607 4,0607
4,5899 4,6767
5,1016 5,2087
634 22:37
4,4116 4,5066
3,9607 4,0607
4,5899 4,6767
5,1016 5,2087
635 22:38
4,4116 4,5066
3,9607 4,0607
4,5899 4,6767
5,1016 5,2087
636 22:39
4,4116 4,5066
3,9607 4,0607
4,5899 4,6767
5,1016 5,2087
637 22:40
4,4116 4,5066
3,9607 4,0607
4,5899 4,6767
5,1016 5,2087
638 22:41
4,4116 4,5066
3,9607 4,0607
4,5899 4,6767
5,1016 5,2087
639 22:42
4,4116 4,5066
3,9607 4,0607
4,5899 4,6767
5,1016 5,2087
640 22:43
4,4116 4,5066
3,9607 4,0607
4,5899 4,6767
5,1016 5,2087
641 22:44
4,4116 4,5066
3,9607 4,0607
4,5899 4,6767
5,1016 5,2087
642 22:45
4,4116 4,5066
3,9607 4,0607
4,5899 4,6767
5,1016 5,2087
643 22:46
4,4116 4,5066
3,9607 4,0607
4,5899 4,6767
5,1016 5,2087
644 22:47
4,4116 4,5066
3,9607 4,0607
4,5899 4,6767
5,1016 5,2087
645 22:48
4,4116 4,5066
3,9607 4,0607
4,5899 4,6767
5,1016 5,2087
646 22:49
4,4116 4,5066
3,9607 4,0607
4,5899 4,6767
5,1016 5,2087
647 22:50
4,4116 4,5066
3,9607 4,0607
4,5899 4,6767
5,1016 5,2087
648 22:51
4,4116 4,5066
3,9607 4,0607
4,5899 4,6767
5,1016 5,2087
649 22:52
4,4116 4,5066
3,9607 4,0607
4,5899 4,6767
5,1016 5,2087
650 22:53
4,4116 4,5066
3,9607 4,0607
4,5899 4,6767
5,1016 5,2087
651 22:54
4,4116 4,5066
3,9607 4,0607
4,5899 4,6767
5,1016 5,2087
652 22:55
4,4116 4,5066
3,9607 4,0607
4,5899 4,6767
5,1016 5,2087
653 22:56
4,4116 4,5066
3,9607 4,0607
4,5899 4,6767
5,1016 5,2087
654 22:57
4,4116 4,5066
3,9607 4,0607
4,5899 4,6767
5,1016 5,2087
655 22:58
4,4116 4,5066
3,9607 4,0607
4,5899 4,6767
5,1016 5,2087
656 22:59
4,4116 4,5066
3,9607 4,0607
4,5899 4,6767
5,1016 5,2087
657 23:00
4,4116 4,5066
3,9607 4,0607
4,5899 4,6767
5,1016 5,2087
658 23:01
4,4116 4,5066
3,9607 4,0607
4,5899 4,6767
5,1016 5,2087
659 23:02
4,4116 4,5066
3,9607 4,0607
4,5899 4,6767
5,1016 5,2087
660 23:03
4,4116 4,5066
3,9607 4,0607
4,5899 4,6767
5,1016 5,2087
661 23:04
4,4116 4,5066
3,9607 4,0607
4,5899 4,6767
5,1016 5,2087
662 23:05
4,4116 4,5066
3,9607 4,0607
4,5899 4,6767
5,1016 5,2087
663 23:06
4,4116 4,5066
3,9607 4,0607
4,5899 4,6767
5,1016 5,2087
664 23:07
4,4116 4,5066
3,9607 4,0607
4,5899 4,6767
5,1016 5,2087
665 23:08
4,4116 4,5066
3,9607 4,0607
4,5899 4,6767
5,1016 5,2087
666 23:09
4,4116 4,5066
3,9607 4,0607
4,5899 4,6767
5,1016 5,2087
667 23:10
4,4116 4,5066
3,9607 4,0607
4,5899 4,6767
5,1016 5,2087
668 23:11
4,4116 4,5066
3,9607 4,0607
4,5899 4,6767
5,1016 5,2087
669 23:12
4,4116 4,5066
3,9607 4,0607
4,5899 4,6767
5,1016 5,2087
670 23:13
4,4116 4,5066
3,9607 4,0607
4,5899 4,6767
5,1016 5,2087
671 23:14
4,4116 4,5066
3,9607 4,0607
4,5899 4,6767
5,1016 5,2087
672 23:15
4,4116 4,5066
3,9607 4,0607
4,5899 4,6767
5,1016 5,2087
673 23:16
4,4116 4,5066
3,9607 4,0607
4,5899 4,6767
5,1016 5,2087
674 23:17
4,4116 4,5066
3,9607 4,0607
4,5899 4,6767
5,1016 5,2087
675 23:18
4,4116 4,5066
3,9607 4,0607
4,5899 4,6767
5,1016 5,2087
676 23:19
4,4116 4,5066
3,9607 4,0607
4,5899 4,6767
5,1016 5,2087
677 23:20
4,4116 4,5066
3,9607 4,0607
4,5899 4,6767
5,1016 5,2087
678 23:21
4,4116 4,5066
3,9607 4,0607
4,5899 4,6767
5,1016 5,2087
679 23:22
4,4116 4,5066
3,9607 4,0607
4,5899 4,6767
5,1016 5,2087
680 23:23
4,4116 4,5066
3,9607 4,0607
4,5899 4,6767
5,1016 5,2087
681 23:24
Connection error