#======================
2023-5-18
# 1.EUR, 2.USD, 3.CHF, 4.GBP
Sell Price, Buy Price
1 08:59
4,5020 4,5343
4,1584 4,1906
4,6257 4,6602
5,1839 5,2173
2 09:00
4,5020 4,5343
4,1586 4,1908
4,6259 4,6604
5,1841 5,2175
3 09:01
4,5015 4,5344
4,1578 4,1900
4,6261 4,6594
5,1842 5,2176
4 09:02
4,5018 4,5347
4,1572 4,1894
4,6260 4,6593
5,1846 5,2180
5 09:03
4,5024 4,5353
4,1575 4,1897
4,6263 4,6596
5,1852 5,2186
6 09:04
4,5020 4,5349
4,1574 4,1896
4,6262 4,6595
5,1851 5,2185
7 09:05
4,5018 4,5347
4,1576 4,1898
4,6265 4,6598
5,1851 5,2185
8 09:06
4,5020 4,5343
4,1569 4,1891
4,6255 4,6585
5,1850 5,2184
9 09:07
4,5025 4,5348
4,1579 4,1901
4,6270 4,6600
5,1853 5,2187
10 09:08
4,5027 4,5350
4,1583 4,1905
4,6265 4,6595
5,1858 5,2192
11 09:09
4,5027 4,5350
4,1583 4,1905
4,6267 4,6597
5,1861 5,2195
12 09:10
4,5024 4,5347
4,1582 4,1904
4,6264 4,6594
5,1861 5,2195
13 09:11
4,5018 4,5342
4,1579 4,1901
4,6257 4,6589
5,1858 5,2192
14 09:12
4,5015 4,5339
4,1581 4,1903
4,6251 4,6583
5,1858 5,2192
15 09:13
4,5013 4,5337
4,1579 4,1901
4,6259 4,6591
5,1858 5,2192
16 09:14
4,5013 4,5337
4,1571 4,1893
4,6254 4,6586
5,1855 5,2189
17 09:15
4,5017 4,5341
4,1575 4,1897
4,6267 4,6599
5,1857 5,2191
18 09:16
4,5019 4,5342
4,1579 4,1901
4,6264 4,6594
5,1855 5,2189
19 09:17
4,5023 4,5346
4,1604 4,1926
4,6275 4,6605
5,1865 5,2199
20 09:18
4,5028 4,5351
4,1615 4,1937
4,6287 4,6617
5,1868 5,2202
21 09:19
4,5025 4,5348
4,1598 4,1920
4,6277 4,6607
5,1856 5,2190
22 09:20
4,5029 4,5352
4,1610 4,1932
4,6281 4,6611
5,1857 5,2191
23 09:21
4,5032 4,5355
4,1607 4,1929
4,6282 4,6612
5,1849 5,2183
24 09:22
4,5036 4,5359
4,1614 4,1936
4,6284 4,6614
5,1857 5,2191
25 09:23
4,5042 4,5365
4,1624 4,1946
4,6292 4,6622
5,1864 5,2198
26 09:24
4,5043 4,5366
4,1621 4,1943
4,6293 4,6623
5,1862 5,2196
27 09:25
4,5075 4,5398
4,1656 4,1978
4,6328 4,6658
5,1899 5,2233
28 09:26
4,5111 4,5434
4,1690 4,2012
4,6368 4,6699
5,1944 5,2278
29 09:27
4,5125 4,5448
4,1706 4,2028
4,6387 4,6718
5,1962 5,2296
30 09:28
4,5140 4,5463
4,1722 4,2044
4,6402 4,6733
5,1982 5,2316
31 09:29
4,5189 4,5512
4,1763 4,2085
4,6452 4,6783
5,2034 5,2368
32 09:30
4,5165 4,5488
4,1739 4,2061
4,6428 4,6759
5,2009 5,2343
33 09:31
4,5159 4,5482
4,1732 4,2054
4,6417 4,6747
5,2005 5,2339
34 09:32
4,5171 4,5494
4,1739 4,2061
4,6429 4,6759
5,2021 5,2355
35 09:33
4,5168 4,5491
4,1746 4,2068
4,6431 4,6761
5,2014 5,2348
36 09:34
4,5161 4,5484
4,1734 4,2056
4,6417 4,6747
5,2010 5,2344
37 09:35
4,5163 4,5486
4,1735 4,2057
4,6418 4,6748
5,2014 5,2348
38 09:36
4,5161 4,5484
4,1736 4,2058
4,6417 4,6747
5,2009 5,2343
39 09:37
4,5165 4,5488
4,1743 4,2065
4,6419 4,6749
5,2017 5,2351
40 09:38
4,5166 4,5489
4,1742 4,2064
4,6415 4,6745
5,2015 5,2349
41 09:39
4,5167 4,5490
4,1735 4,2057
4,6406 4,6736
5,2046 5,2380
42 09:40
4,5175 4,5498
4,1741 4,2063
4,6414 4,6744
5,2058 5,2392
43 09:41
4,5189 4,5512
4,1744 4,2066
4,6417 4,6747
5,2059 5,2393
44 09:42
4,5188 4,5511
4,1753 4,2075
4,6423 4,6753
5,2068 5,2402
45 09:43
4,5191 4,5514
4,1756 4,2078
4,6419 4,6749
5,2071 5,2405
46 09:44
4,5191 4,5514
4,1750 4,2072
4,6417 4,6747
5,2050 5,2384
47 09:45
4,5193 4,5516
4,1755 4,2077
4,6421 4,6751
5,2055 5,2389
48 09:46
4,5195 4,5518
4,1754 4,2076
4,6421 4,6753
5,2061 5,2395
49 09:47
4,5195 4,5518
4,1748 4,2070
4,6413 4,6745
5,2062 5,2396
50 09:48
4,5193 4,5516
4,1750 4,2072
4,6410 4,6742
5,2056 5,2390
51 09:49
4,5196 4,5519
4,1754 4,2076
4,6417 4,6749
5,2068 5,2402
52 09:50
4,5201 4,5524
4,1759 4,2081
4,6422 4,6754
5,2073 5,2407
53 09:51
4,5190 4,5513
4,1745 4,2067
4,6412 4,6741
5,2063 5,2397
54 09:52
4,5189 4,5512
4,1748 4,2070
4,6410 4,6739
5,2062 5,2396
55 09:53
4,5183 4,5506
4,1744 4,2066
4,6390 4,6719
5,2056 5,2390
56 09:54
4,5183 4,5506
4,1750 4,2072
4,6393 4,6722
5,2050 5,2384
57 09:55
4,5184 4,5507
4,1755 4,2077
4,6394 4,6723
5,2051 5,2385
58 09:56
4,5191 4,5514
4,1794 4,2116
4,6392 4,6723
5,2062 5,2396
59 09:57
4,5193 4,5516
4,1804 4,2126
4,6389 4,6720
5,2061 5,2395
60 09:58
4,5189 4,5512
4,1791 4,2113
4,6387 4,6718
5,2045 5,2379
61 09:59
4,5182 4,5505
4,1773 4,2095
4,6382 4,6713
5,2043 5,2377
62 10:00
4,5181 4,5504
4,1772 4,2094
4,6386 4,6717
5,2036 5,2370
63 10:01
4,5172 4,5497
4,1768 4,2090
4,6374 4,6704
5,2026 5,2360
64 10:02
4,5179 4,5504
4,1778 4,2100
4,6386 4,6716
5,2025 5,2359
65 10:03
4,5177 4,5502
4,1773 4,2095
4,6384 4,6714
5,2029 5,2363
66 10:04
4,5184 4,5509
4,1771 4,2093
4,6391 4,6721
5,2049 5,2383
67 10:05
4,5179 4,5504
4,1767 4,2089
4,6388 4,6718
5,2044 5,2378
68 10:06
4,5178 4,5501
4,1757 4,2079
4,6382 4,6712
5,2044 5,2378
69 10:07
4,5179 4,5502
4,1754 4,2076
4,6380 4,6710
5,2042 5,2376
70 10:08
4,5174 4,5497
4,1748 4,2070
4,6382 4,6712
5,2037 5,2371
71 10:09
4,5173 4,5496
4,1749 4,2071
4,6381 4,6711
5,2033 5,2367
72 10:10
4,5167 4,5490
4,1749 4,2071
4,6378 4,6708
5,2031 5,2365
73 10:11
4,5164 4,5487
4,1750 4,2072
4,6380 4,6709
5,2025 5,2359
74 10:12
4,5167 4,5490
4,1755 4,2077
4,6383 4,6712
5,2031 5,2365
75 10:13
4,5169 4,5492
4,1759 4,2081
4,6385 4,6714
5,2028 5,2362
76 10:14
4,5167 4,5490
4,1757 4,2079
4,6381 4,6710
5,2028 5,2362
77 10:15
4,5166 4,5489
4,1756 4,2078
4,6377 4,6706
5,2018 5,2352
78 10:16
4,5165 4,5488
4,1767 4,2089
4,6372 4,6704
5,2000 5,2334
79 10:17
4,5164 4,5487
4,1758 4,2080
4,6369 4,6701
5,1995 5,2329
80 10:18
4,5171 4,5494
4,1774 4,2096
4,6378 4,6710
5,2000 5,2334
81 10:19
4,5168 4,5491
4,1769 4,2091
4,6375 4,6707
5,1993 5,2327
82 10:20
4,5168 4,5491
4,1760 4,2082
4,6373 4,6705
5,1981 5,2315
83 10:21
4,5167 4,5490
4,1757 4,2079
4,6377 4,6706
5,1984 5,2318
84 10:22
4,5166 4,5489
4,1748 4,2070
4,6378 4,6707
5,1970 5,2304
85 10:23
4,5172 4,5495
4,1756 4,2078
4,6379 4,6708
5,1974 5,2308
86 10:24
4,5172 4,5495
4,1756 4,2078
4,6381 4,6710
5,1965 5,2299
87 10:25
4,5172 4,5495
4,1757 4,2079
4,6379 4,6708
5,1965 5,2299
88 10:26
4,5173 4,5498
4,1754 4,2076
4,6381 4,6710
5,1964 5,2298
89 10:27
4,5166 4,5491
4,1745 4,2067
4,6374 4,6703
5,1957 5,2291
90 10:28
4,5169 4,5494
4,1746 4,2068
4,6372 4,6701
5,1963 5,2297
91 10:29
4,5172 4,5497
4,1758 4,2080
4,6375 4,6704
5,1960 5,2294
92 10:30
4,5176 4,5501
4,1764 4,2086
4,6379 4,6708
5,1969 5,2303
93 10:31
4,5174 4,5497
4,1755 4,2077
4,6376 4,6707
5,1970 5,2304
94 10:32
4,5170 4,5493
4,1760 4,2082
4,6375 4,6706
5,1966 5,2300
95 10:33
4,5168 4,5491
4,1754 4,2076
4,6370 4,6701
5,1961 5,2295
96 10:34
4,5166 4,5489
4,1754 4,2076
4,6368 4,6699
5,1955 5,2289
97 10:35
4,5173 4,5496
4,1770 4,2092
4,6375 4,6706
5,1960 5,2294
98 10:36
4,5173 4,5496
4,1770 4,2092
4,6374 4,6704
5,1966 5,2300
99 10:37
4,5174 4,5497
4,1767 4,2089
4,6375 4,6705
5,1965 5,2299
100 10:38
4,5177 4,5500
4,1770 4,2092
4,6378 4,6708
5,1977 5,2311
101 10:39
4,5179 4,5502
4,1773 4,2095
4,6385 4,6715
5,1985 5,2319
102 10:40
4,5181 4,5504
4,1775 4,2097
4,6392 4,6722
5,1993 5,2327
103 10:41
4,5181 4,5504
4,1768 4,2090
4,6390 4,6722
5,1985 5,2319
104 10:42
4,5186 4,5509
4,1770 4,2092
4,6397 4,6729
5,1987 5,2321
105 10:43
4,5185 4,5508
4,1768 4,2090
4,6394 4,6726
5,1989 5,2323
106 10:44
4,5183 4,5506
4,1762 4,2084
4,6384 4,6716
5,1984 5,2318
107 10:45
4,5170 4,5493
4,1750 4,2072
4,6371 4,6703
5,1969 5,2303
108 10:46
4,5171 4,5494
4,1753 4,2075
4,6368 4,6697
5,1976 5,2310
109 10:47
4,5171 4,5494
4,1751 4,2073
4,6368 4,6697
5,1976 5,2310
110 10:48
4,5163 4,5486
4,1749 4,2071
4,6355 4,6684
5,1972 5,2306
111 10:49
4,5160 4,5483
4,1748 4,2070
4,6350 4,6679
5,1969 5,2303
112 10:50
4,5165 4,5488
4,1759 4,2081
4,6357 4,6686
5,1978 5,2312
113 10:51
4,5163 4,5486
4,1747 4,2069
4,6355 4,6686
5,1958 5,2292
114 10:52
4,5163 4,5486
4,1753 4,2075
4,6355 4,6686
5,1958 5,2292
115 10:53
4,5163 4,5486
4,1753 4,2075
4,6355 4,6686
5,1955 5,2289
116 10:54
4,5164 4,5487
4,1754 4,2076
4,6356 4,6687
5,1947 5,2281
117 10:55
4,5165 4,5488
4,1761 4,2083
4,6355 4,6686
5,1945 5,2279
118 10:56
4,5168 4,5491
4,1773 4,2095
4,6364 4,6697
5,1961 5,2295
119 10:57
4,5171 4,5494
4,1774 4,2096
4,6370 4,6703
5,1967 5,2301
120 10:58
4,5173 4,5496
4,1764 4,2086
4,6369 4,6702
5,1966 5,2300
121 10:59
4,5175 4,5498
4,1764 4,2086
4,6376 4,6709
5,1972 5,2306
122 11:00
4,5172 4,5495
4,1762 4,2084
4,6373 4,6706
5,1968 5,2302
123 11:01
4,5179 4,5502
4,1768 4,2090
4,6381 4,6710
5,1976 5,2310
124 11:02
4,5177 4,5500
4,1768 4,2090
4,6384 4,6713
5,1974 5,2308
125 11:03
4,5179 4,5502
4,1772 4,2094
4,6386 4,6715
5,1980 5,2314
126 11:04
4,5177 4,5500
4,1772 4,2094
4,6384 4,6713
5,1975 5,2309
127 11:05
4,5177 4,5500
4,1772 4,2094
4,6384 4,6713
5,1977 5,2311
128 11:06
4,5176 4,5499
4,1765 4,2087
4,6375 4,6707
5,1979 5,2313
129 11:07
4,5176 4,5499
4,1765 4,2087
4,6377 4,6709
5,1979 5,2313
130 11:08
4,5176 4,5499
4,1765 4,2087
4,6377 4,6709
5,1979 5,2313
131 11:09
4,5190 4,5513
4,1778 4,2100
4,6392 4,6724
5,1998 5,2332
132 11:10
4,5191 4,5514
4,1774 4,2096
4,6398 4,6730
5,2004 5,2338
133 11:11
4,5188 4,5511
4,1770 4,2092
4,6395 4,6724
5,2005 5,2339
134 11:12
4,5190 4,5513
4,1772 4,2094
4,6397 4,6726
5,2004 5,2338
135 11:13
4,5190 4,5513
4,1772 4,2094
4,6397 4,6726
5,1998 5,2332
136 11:14
4,5192 4,5515
4,1778 4,2100
4,6395 4,6724
5,1997 5,2331
137 11:15
4,5188 4,5511
4,1776 4,2098
4,6386 4,6715
5,1995 5,2329
138 11:16
4,5186 4,5509
4,1778 4,2100
4,6383 4,6715
5,1988 5,2322
139 11:17
4,5186 4,5509
4,1790 4,2112
4,6387 4,6719
5,1987 5,2321
140 11:18
4,5186 4,5509
4,1788 4,2110
4,6383 4,6715
5,1990 5,2324
141 11:19
4,5181 4,5504
4,1795 4,2117
4,6385 4,6717
5,1990 5,2324
142 11:20
4,5185 4,5508
4,1789 4,2111
4,6386 4,6718
5,1992 5,2326
143 11:21
4,5185 4,5508
4,1785 4,2107
4,6381 4,6715
5,1998 5,2332
144 11:22
4,5186 4,5509
4,1784 4,2106
4,6390 4,6724
5,1993 5,2327
145 11:23
4,5186 4,5509
4,1790 4,2112
4,6391 4,6725
5,1988 5,2322
146 11:24
4,5186 4,5509
4,1790 4,2112
4,6391 4,6725
5,1993 5,2327
147 11:25
4,5187 4,5510
4,1799 4,2121
4,6395 4,6729
5,2000 5,2334
148 11:26
4,5187 4,5510
4,1800 4,2123
4,6398 4,6728
5,2000 5,2334
149 11:27
4,5189 4,5512
4,1812 4,2135
4,6402 4,6732
5,1996 5,2330
150 11:28
4,5185 4,5508
4,1806 4,2129
4,6396 4,6726
5,1990 5,2324
151 11:29
4,5196 4,5519
4,1815 4,2138
4,6407 4,6737
5,1999 5,2333
152 11:30
4,5192 4,5515
4,1813 4,2136
4,6410 4,6740
5,2006 5,2340
153 11:31
4,5193 4,5516
4,1792 4,2115
4,6394 4,6726
5,1983 5,2317
154 11:32
4,5193 4,5516
4,1789 4,2112
4,6394 4,6726
5,1989 5,2323
155 11:33
4,5195 4,5518
4,1785 4,2108
4,6391 4,6723
5,1991 5,2325
156 11:34
4,5201 4,5524
4,1796 4,2119
4,6397 4,6729
5,2002 5,2336
157 11:35
4,5201 4,5524
4,1794 4,2117
4,6397 4,6729
5,1998 5,2332
158 11:36
4,5201 4,5524
4,1794 4,2117
4,6398 4,6728
5,2003 5,2337
159 11:37
4,5196 4,5519
4,1782 4,2105
4,6393 4,6723
5,1996 5,2330
160 11:38
4,5198 4,5521
4,1787 4,2110
4,6395 4,6725
5,1993 5,2327
161 11:39
4,5201 4,5524
4,1788 4,2111
4,6396 4,6726
5,1992 5,2326
162 11:40
4,5194 4,5517
4,1784 4,2107
4,6391 4,6721
5,1985 5,2319
163 11:41
4,5194 4,5517
4,1782 4,2105
4,6392 4,6722
5,1978 5,2312
164 11:42
4,5195 4,5518
4,1785 4,2108
4,6393 4,6723
5,1971 5,2305
165 11:43
4,5188 4,5511
4,1776 4,2099
4,6386 4,6716
5,1969 5,2303
166 11:44
4,5189 4,5512
4,1777 4,2100
4,6387 4,6717
5,1964 5,2298
167 11:45
4,5187 4,5510
4,1775 4,2098
4,6385 4,6715
5,1965 5,2299
168 11:46
4,5195 4,5518
4,1783 4,2106
4,6393 4,6722
5,1977 5,2311
169 11:47
4,5196 4,5519
4,1785 4,2108
4,6394 4,6723
5,1981 5,2315
170 11:48
4,5197 4,5520
4,1786 4,2109
4,6395 4,6724
5,1987 5,2321
171 11:49
4,5196 4,5519
4,1785 4,2108
4,6394 4,6723
5,1987 5,2321
172 11:50
4,5198 4,5521
4,1785 4,2108
4,6401 4,6730
5,1986 5,2320
173 11:51
4,5198 4,5521
4,1785 4,2108
4,6401 4,6730
5,1995 5,2329
174 11:52
4,5206 4,5529
4,1791 4,2114
4,6409 4,6738
5,2007 5,2341
175 11:53
4,5198 4,5521
4,1776 4,2099
4,6401 4,6730
5,2001 5,2335
176 11:54
4,5201 4,5524
4,1778 4,2101
4,6401 4,6730
5,2004 5,2338
177 11:55
4,5204 4,5527
4,1781 4,2104
4,6407 4,6736
5,2010 5,2344
178 11:56
4,5207 4,5530
4,1786 4,2109
4,6414 4,6745
5,2026 5,2360
179 11:57
4,5206 4,5529
4,1791 4,2114
4,6414 4,6745
5,2025 5,2359
180 11:58
4,5206 4,5529
4,1791 4,2114
4,6414 4,6745
5,2025 5,2359
181 11:59
4,5207 4,5530
4,1792 4,2115
4,6415 4,6746
5,2024 5,2358
182 12:00
4,5209 4,5532
4,1792 4,2115
4,6417 4,6748
5,2029 5,2363
183 12:01
4,5209 4,5532
4,1790 4,2113
4,6410 4,6739
5,2026 5,2360
184 12:02
4,5208 4,5531
4,1793 4,2116
4,6411 4,6740
5,2019 5,2353
185 12:03
4,5209 4,5532
4,1796 4,2119
4,6412 4,6741
5,2015 5,2349
186 12:04
4,5210 4,5533
4,1797 4,2120
4,6413 4,6742
5,2015 5,2349
187 12:05
4,5206 4,5529
4,1793 4,2116
4,6409 4,6738
5,2010 5,2344
188 12:06
4,5206 4,5529
4,1793 4,2116
4,6406 4,6738
5,2025 5,2359
189 12:07
4,5213 4,5536
4,1803 4,2126
4,6415 4,6747
5,2034 5,2368
190 12:08
4,5213 4,5536
4,1805 4,2128
4,6418 4,6750
5,2030 5,2364
191 12:09
4,5213 4,5536
4,1805 4,2128
4,6413 4,6745
5,2030 5,2364
192 12:10
4,5212 4,5535
4,1803 4,2126
4,6415 4,6747
5,2036 5,2370
193 12:11
4,5212 4,5535
4,1804 4,2127
4,6415 4,6746
5,2032 5,2366
194 12:12
4,5211 4,5534
4,1807 4,2130
4,6419 4,6750
5,2034 5,2368
195 12:13
4,5212 4,5535
4,1810 4,2133
4,6420 4,6751
5,2035 5,2369
196 12:14
4,5212 4,5535
4,1810 4,2133
4,6420 4,6751
5,2035 5,2369
197 12:15
4,5212 4,5535
4,1812 4,2135
4,6420 4,6751
5,2038 5,2372
198 12:16
4,5218 4,5541
4,1819 4,2142
4,6425 4,6756
5,2043 5,2377
199 12:17
4,5221 4,5544
4,1826 4,2149
4,6428 4,6759
5,2052 5,2386
200 12:18
4,5228 4,5551
4,1836 4,2159
4,6438 4,6769
5,2057 5,2391
201 12:19
4,5231 4,5554
4,1841 4,2164
4,6441 4,6772
5,2060 5,2394
202 12:20
4,5234 4,5557
4,1844 4,2167
4,6446 4,6777
5,2070 5,2404
203 12:21
4,5236 4,5559
4,1852 4,2175
4,6451 4,6782
5,2078 5,2412
204 12:22
4,5218 4,5541
4,1837 4,2160
4,6435 4,6766
5,2062 5,2396
205 12:23
4,5218 4,5541
4,1827 4,2150
4,6433 4,6764
5,2060 5,2394
206 12:24
4,5218 4,5541
4,1823 4,2146
4,6425 4,6756
5,2057 5,2391
207 12:25
4,5217 4,5540
4,1828 4,2151
4,6429 4,6760
5,2059 5,2393
208 12:26
4,5218 4,5541
4,1827 4,2150
4,6430 4,6761
5,2057 5,2391
209 12:27
4,5217 4,5540
4,1826 4,2149
4,6426 4,6757
5,2049 5,2383
210 12:28
4,5223 4,5546
4,1838 4,2161
4,6440 4,6771
5,2051 5,2385
211 12:29
4,5224 4,5547
4,1837 4,2160
4,6436 4,6767
5,2058 5,2392
212 12:30
4,5226 4,5549
4,1842 4,2165
4,6440 4,6771
5,2063 5,2397
213 12:31
4,5228 4,5551
4,1846 4,2169
4,6440 4,6772
5,2063 5,2397
214 12:32
4,5228 4,5551
4,1846 4,2169
4,6440 4,6772
5,2051 5,2385
215 12:33
4,5228 4,5551
4,1852 4,2175
4,6445 4,6777
5,2057 5,2391
216 12:34
4,5228 4,5551
4,1854 4,2177
4,6445 4,6777
5,2054 5,2388
217 12:35
4,5229 4,5552
4,1847 4,2170
4,6441 4,6773
5,2055 5,2389
218 12:36
4,5230 4,5553
4,1850 4,2173
4,6441 4,6773
5,2050 5,2384
219 12:37
4,5233 4,5556
4,1851 4,2174
4,6444 4,6776
5,2047 5,2381
220 12:38
4,5229 4,5552
4,1843 4,2166
4,6440 4,6772
5,2040 5,2374
221 12:39
4,5229 4,5552
4,1847 4,2170
4,6443 4,6775
5,2043 5,2377
222 12:40
4,5227 4,5550
4,1847 4,2170
4,6438 4,6770
5,2040 5,2374
223 12:41
4,5227 4,5550
4,1847 4,2170
4,6442 4,6774
5,2040 5,2374
224 12:42
4,5228 4,5551
4,1850 4,2173
4,6446 4,6778
5,2041 5,2375
225 12:43
4,5232 4,5555
4,1852 4,2175
4,6450 4,6782
5,2043 5,2377
226 12:44
4,5232 4,5555
4,1850 4,2173
4,6450 4,6782
5,2040 5,2374
227 12:45
4,5233 4,5556
4,1851 4,2174
4,6451 4,6783
5,2041 5,2375
228 12:46
4,5232 4,5555
4,1844 4,2167
4,6444 4,6776
5,2040 5,2374
229 12:47
4,5229 4,5552
4,1835 4,2158
4,6441 4,6773
5,2034 5,2368
230 12:48
4,5229 4,5552
4,1832 4,2155
4,6439 4,6771
5,2034 5,2368
231 12:49
4,5230 4,5553
4,1826 4,2149
4,6437 4,6769
5,2029 5,2363
232 12:50
4,5234 4,5557
4,1830 4,2153
4,6441 4,6773
5,2033 5,2367
233 12:51
4,5230 4,5553
4,1821 4,2144
4,6435 4,6767
5,2029 5,2363
234 12:52
4,5235 4,5558
4,1826 4,2149
4,6440 4,6772
5,2038 5,2372
235 12:53
4,5236 4,5559
4,1826 4,2149
4,6439 4,6771
5,2039 5,2373
236 12:54
4,5236 4,5559
4,1826 4,2149
4,6439 4,6771
5,2033 5,2367
237 12:55
4,5237 4,5560
4,1825 4,2148
4,6442 4,6774
5,2034 5,2368
238 12:56
4,5243 4,5566
4,1837 4,2160
4,6454 4,6786
5,2041 5,2375
239 12:57
4,5243 4,5566
4,1839 4,2162
4,6454 4,6786
5,2044 5,2378
240 12:58
4,5244 4,5567
4,1838 4,2161
4,6455 4,6787
5,2042 5,2376
241 12:59
4,5245 4,5568
4,1837 4,2160
4,6456 4,6788
5,2043 5,2377
242 13:00
4,5245 4,5568
4,1835 4,2158
4,6456 4,6788
5,2040 5,2374
243 13:01
4,5244 4,5567
4,1836 4,2159
4,6452 4,6782
5,2033 5,2367
244 13:02
4,5245 4,5568
4,1835 4,2158
4,6453 4,6783
5,2040 5,2374
245 13:03
4,5245 4,5568
4,1837 4,2160
4,6448 4,6778
5,2037 5,2371
246 13:04
4,5250 4,5573
4,1839 4,2162
4,6453 4,6783
5,2043 5,2377
247 13:05
4,5250 4,5573
4,1845 4,2168
4,6449 4,6779
5,2040 5,2374
248 13:06
4,5249 4,5572
4,1848 4,2171
4,6454 4,6786
5,2039 5,2373
249 13:07
4,5243 4,5566
4,1841 4,2164
4,6450 4,6782
5,2032 5,2366
250 13:08
4,5244 4,5567
4,1843 4,2166
4,6451 4,6783
5,2033 5,2367
251 13:09
4,5243 4,5566
4,1844 4,2167
4,6448 4,6780
5,2029 5,2363
252 13:10
4,5245 4,5568
4,1848 4,2171
4,6452 4,6784
5,2031 5,2365
253 13:11
4,5240 4,5563
4,1840 4,2163
4,6444 4,6774
5,2023 5,2357
254 13:12
4,5232 4,5555
4,1829 4,2152
4,6436 4,6766
5,2026 5,2360
255 13:13
4,5233 4,5556
4,1829 4,2152
4,6441 4,6771
5,2036 5,2370
256 13:14
4,5232 4,5555
4,1832 4,2155
4,6436 4,6766
5,2037 5,2371
257 13:15
4,5241 4,5564
4,1835 4,2158
4,6445 4,6775
5,2045 5,2379
258 13:16
4,5241 4,5564
4,1839 4,2162
4,6444 4,6775
5,2044 5,2378
259 13:17
4,5242 4,5565
4,1845 4,2168
4,6450 4,6781
5,2049 5,2383
260 13:18
4,5242 4,5565
4,1844 4,2167
4,6447 4,6778
5,2049 5,2383
261 13:19
4,5244 4,5567
4,1845 4,2168
4,6452 4,6783
5,2060 5,2394
262 13:20
4,5244 4,5567
4,1843 4,2166
4,6447 4,6778
5,2059 5,2393
263 13:21
4,5247 4,5570
4,1844 4,2167
4,6451 4,6781
5,2063 5,2397
264 13:22
4,5248 4,5571
4,1845 4,2168
4,6452 4,6782
5,2062 5,2396
265 13:23
4,5253 4,5576
4,1848 4,2171
4,6457 4,6787
5,2076 5,2410
266 13:24
4,5256 4,5579
4,1847 4,2170
4,6463 4,6793
5,2083 5,2417
267 13:25
4,5259 4,5582
4,1859 4,2182
4,6468 4,6798
5,2086 5,2420
268 13:26
4,5255 4,5578
4,1865 4,2188
4,6467 4,6799
5,2085 5,2420
269 13:27
4,5253 4,5576
4,1863 4,2186
4,6464 4,6796
5,2085 5,2420
270 13:28
4,5252 4,5575
4,1857 4,2180
4,6459 4,6791
5,2088 5,2423
271 13:29
4,5263 4,5586
4,1869 4,2192
4,6472 4,6804
5,2107 5,2442
272 13:30
4,5266 4,5589
4,1870 4,2193
4,6471 4,6803
5,2107 5,2442
273 13:31
4,5269 4,5592
4,1874 4,2197
4,6478 4,6808
5,2116 5,2450
274 13:32
4,5273 4,5596
4,1880 4,2203
4,6483 4,6813
5,2120 5,2454
275 13:33
4,5272 4,5595
4,1877 4,2200
4,6479 4,6809
5,2125 5,2459
276 13:34
4,5278 4,5601
4,1881 4,2204
4,6485 4,6815
5,2135 5,2469
277 13:35
4,5279 4,5602
4,1876 4,2199
4,6484 4,6814
5,2136 5,2470
278 13:36
4,5281 4,5604
4,1874 4,2197
4,6492 4,6823
5,2136 5,2470
279 13:37
4,5282 4,5605
4,1875 4,2198
4,6493 4,6824
5,2137 5,2471
280 13:38
4,5282 4,5605
4,1869 4,2192
4,6493 4,6824
5,2137 5,2471
281 13:39
4,5281 4,5604
4,1870 4,2193
4,6492 4,6823
5,2132 5,2466
282 13:40
4,5280 4,5603
4,1867 4,2190
4,6491 4,6822
5,2128 5,2462
283 13:41
4,5282 4,5605
4,1863 4,2186
4,6493 4,6823
5,2134 5,2468
284 13:42
4,5282 4,5605
4,1861 4,2184
4,6493 4,6823
5,2124 5,2458
285 13:43
4,5280 4,5603
4,1861 4,2184
4,6494 4,6824
5,2128 5,2462
286 13:44
4,5273 4,5596
4,1853 4,2176
4,6486 4,6816
5,2117 5,2451
287 13:45
4,5274 4,5597
4,1857 4,2180
4,6487 4,6817
5,2125 5,2459
288 13:46
4,5272 4,5595
4,1860 4,2183
4,6490 4,6822
5,2125 5,2459
289 13:47
4,5264 4,5587
4,1852 4,2175
4,6482 4,6814
5,2115 5,2449
290 13:48
4,5269 4,5592
4,1853 4,2176
4,6487 4,6819
5,2122 5,2456
291 13:49
4,5266 4,5589
4,1850 4,2173
4,6484 4,6816
5,2118 5,2452
292 13:50
4,5266 4,5589
4,1854 4,2177
4,6484 4,6816
5,2125 5,2459
293 13:51
4,5265 4,5588
4,1853 4,2176
4,6484 4,6815
5,2123 5,2457
294 13:52
4,5261 4,5584
4,1851 4,2174
4,6480 4,6811
5,2124 5,2458
295 13:53
4,5257 4,5580
4,1854 4,2177
4,6481 4,6812
5,2123 5,2457
296 13:54
4,5255 4,5578
4,1850 4,2173
4,6478 4,6809
5,2124 5,2458
297 13:55
4,5259 4,5582
4,1853 4,2176
4,6483 4,6814
5,2125 5,2459
298 13:56
4,5253 4,5576
4,1848 4,2171
4,6479 4,6808
5,2115 5,2449
299 13:57
4,5245 4,5568
4,1837 4,2160
4,6468 4,6797
5,2109 5,2443
300 13:58
4,5246 4,5569
4,1837 4,2160
4,6474 4,6803
5,2098 5,2432
301 13:59
4,5245 4,5568
4,1837 4,2160
4,6468 4,6797
5,2094 5,2428
302 14:00
4,5246 4,5569
4,1836 4,2159
4,6469 4,6798
5,2087 5,2421
303 14:01
4,5244 4,5567
4,1836 4,2159
4,6467 4,6798
5,2084 5,2418
304 14:02
4,5240 4,5563
4,1838 4,2161
4,6468 4,6799
5,2086 5,2420
305 14:03
4,5240 4,5563
4,1832 4,2155
4,6463 4,6794
5,2085 5,2419
306 14:04
4,5239 4,5562
4,1835 4,2158
4,6462 4,6793
5,2084 5,2418
307 14:05
4,5243 4,5566
4,1841 4,2164
4,6469 4,6800
5,2092 5,2426
308 14:06
4,5243 4,5566
4,1839 4,2162
4,6471 4,6800
5,2092 5,2426
309 14:07
4,5243 4,5566
4,1841 4,2164
4,6471 4,6800
5,2092 5,2426
310 14:08
4,5241 4,5564
4,1841 4,2164
4,6469 4,6798
5,2092 5,2426
311 14:09
4,5243 4,5566
4,1839 4,2162
4,6471 4,6800
5,2098 5,2432
312 14:10
4,5244 4,5567
4,1842 4,2165
4,6467 4,6796
5,2099 5,2433
313 14:11
4,5249 4,5572
4,1842 4,2165
4,6475 4,6804
5,2107 5,2442
314 14:12
4,5250 4,5573
4,1841 4,2164
4,6473 4,6802
5,2106 5,2441
315 14:13
4,5254 4,5577
4,1843 4,2166
4,6478 4,6807
5,2105 5,2440
316 14:14
4,5255 4,5578
4,1838 4,2161
4,6474 4,6803
5,2106 5,2441
317 14:15
4,5254 4,5577
4,1835 4,2158
4,6473 4,6802
5,2099 5,2434
318 14:16
4,5258 4,5581
4,1849 4,2172
4,6484 4,6813
5,2109 5,2443
319 14:17
4,5257 4,5580
4,1850 4,2173
4,6481 4,6810
5,2099 5,2433
320 14:18
4,5259 4,5582
4,1852 4,2175
4,6485 4,6814
5,2098 5,2432
321 14:19
4,5258 4,5581
4,1852 4,2175
4,6484 4,6813
5,2103 5,2437
322 14:20
4,5257 4,5580
4,1852 4,2175
4,6481 4,6810
5,2105 5,2439
323 14:21
4,5253 4,5576
4,1844 4,2167
4,6476 4,6806
5,2097 5,2431
324 14:22
4,5247 4,5570
4,1839 4,2162
4,6470 4,6800
5,2090 5,2424
325 14:23
4,5246 4,5569
4,1839 4,2162
4,6469 4,6799
5,2095 5,2429
326 14:24
4,5243 4,5566
4,1842 4,2165
4,6471 4,6801
5,2092 5,2426
327 14:25
4,5242 4,5565
4,1847 4,2170
4,6475 4,6805
5,2091 5,2425
328 14:26
4,5239 4,5562
4,1846 4,2169
4,6466 4,6798
5,2087 5,2421
329 14:27
4,5238 4,5561
4,1844 4,2167
4,6469 4,6801
5,2083 5,2417
330 14:28
4,5234 4,5557
4,1846 4,2169
4,6470 4,6802
5,2079 5,2413
331 14:29
4,5235 4,5558
4,1847 4,2170
4,6471 4,6803
5,2088 5,2422
332 14:30
4,5232 4,5555
4,1838 4,2161
4,6459 4,6791
5,2082 5,2416
333 14:31
4,5235 4,5558
4,1868 4,2191
4,6457 4,6787
5,2089 5,2423
334 14:32
4,5238 4,5561
4,1875 4,2198
4,6460 4,6790
5,2086 5,2420
335 14:33
4,5239 4,5562
4,1893 4,2216
4,6466 4,6796
5,2087 5,2421
336 14:34
4,5243 4,5566
4,1916 4,2239
4,6477 4,6807
5,2092 5,2426
337 14:35
4,5245 4,5568
4,1916 4,2239
4,6472 4,6802
5,2094 5,2428
338 14:36
4,5245 4,5568
4,1907 4,2230
4,6472 4,6803
5,2106 5,2440
339 14:37
4,5246 4,5569
4,1906 4,2229
4,6469 4,6800
5,2113 5,2447
340 14:38
4,5247 4,5570
4,1912 4,2235
4,6476 4,6807
5,2114 5,2448
341 14:39
4,5248 4,5571
4,1923 4,2246
4,6480 4,6811
5,2110 5,2444
342 14:40
4,5249 4,5572
4,1936 4,2259
4,6476 4,6807
5,2111 5,2445
343 14:41
4,5251 4,5574
4,1932 4,2255
4,6479 4,6808
5,2107 5,2441
344 14:42
4,5245 4,5568
4,1911 4,2234
4,6473 4,6802
5,2104 5,2438
345 14:43
4,5245 4,5568
4,1912 4,2235
4,6473 4,6802
5,2109 5,2443
346 14:44
4,5248 4,5571
4,1917 4,2240
4,6476 4,6805
5,2124 5,2458
347 14:45
4,5246 4,5569
4,1910 4,2233
4,6476 4,6805
5,2128 5,2462
348 14:46
4,5240 4,5564
4,1902 4,2225
4,6480 4,6810
5,2133 5,2467
349 14:47
4,5240 4,5564
4,1904 4,2227
4,6482 4,6812
5,2137 5,2471
350 14:48
4,5238 4,5562
4,1906 4,2229
4,6480 4,6810
5,2131 5,2465
351 14:49
4,5241 4,5565
4,1920 4,2243
4,6483 4,6813
5,2132 5,2466
352 14:50
4,5245 4,5569
4,1947 4,2270
4,6487 4,6817
5,2118 5,2452
353 14:51
4,5247 4,5570
4,1953 4,2276
4,6494 4,6825
5,2126 5,2460
354 14:52
4,5248 4,5571
4,1950 4,2273
4,6490 4,6821
5,2119 5,2453
355 14:53
4,5250 4,5573
4,1956 4,2279
4,6493 4,6824
5,2115 5,2449
356 14:54
4,5246 4,5569
4,1935 4,2258
4,6484 4,6815
5,2122 5,2456
357 14:55
4,5250 4,5573
4,1933 4,2256
4,6493 4,6824
5,2133 5,2467
358 14:56
4,5250 4,5573
4,1950 4,2273
4,6497 4,6826
5,2133 5,2468
359 14:57
4,5247 4,5570
4,1946 4,2269
4,6492 4,6821
5,2139 5,2474
360 14:58
4,5247 4,5570
4,1944 4,2267
4,6487 4,6816
5,2139 5,2474
361 14:59
4,5247 4,5570
4,1942 4,2265
4,6485 4,6814
5,2139 5,2474
362 15:00
4,5242 4,5565
4,1929 4,2252
4,6477 4,6806
5,2124 5,2459
363 15:01
4,5244 4,5568
4,1925 4,2248
4,6482 4,6811
5,2120 5,2454
364 15:02
4,5245 4,5569
4,1928 4,2251
4,6495 4,6824
5,2136 5,2470
365 15:03
4,5252 4,5576
4,1941 4,2264
4,6507 4,6836
5,2142 5,2476
366 15:04
4,5261 4,5585
4,1955 4,2278
4,6521 4,6850
5,2154 5,2488
367 15:05
4,5261 4,5585
4,1953 4,2276
4,6513 4,6842
5,2139 5,2473
368 15:06
4,5262 4,5586
4,1957 4,2280
4,6511 4,6841
5,2144 5,2479
369 15:07
4,5270 4,5594
4,1959 4,2282
4,6522 4,6852
5,2153 5,2488
370 15:08
4,5270 4,5594
4,1953 4,2276
4,6512 4,6842
5,2147 5,2482
371 15:09
4,5267 4,5591
4,1948 4,2271
4,6514 4,6844
5,2143 5,2478
372 15:10
4,5277 4,5601
4,1944 4,2267
4,6524 4,6854
5,2161 5,2496
373 15:11
4,5279 4,5602
4,1956 4,2279
4,6531 4,6861
5,2172 5,2506
374 15:12
4,5283 4,5606
4,1957 4,2280
4,6537 4,6867
5,2183 5,2517
375 15:13
4,5283 4,5606
4,1967 4,2290
4,6542 4,6872
5,2183 5,2517
376 15:14
4,5284 4,5607
4,1974 4,2297
4,6541 4,6871
5,2184 5,2518
377 15:15
4,5285 4,5608
4,1979 4,2302
4,6544 4,6874
5,2179 5,2513
378 15:16
4,5285 4,5608
4,1977 4,2300
4,6542 4,6872
5,2182 5,2517
379 15:17
4,5282 4,5605
4,1972 4,2295
4,6539 4,6869
5,2182 5,2517
380 15:18
4,5284 4,5607
4,1962 4,2285
4,6541 4,6871
5,2184 5,2519
381 15:19
4,5284 4,5607
4,1968 4,2291
4,6541 4,6871
5,2185 5,2520
382 15:20
4,5288 4,5611
4,1974 4,2297
4,6543 4,6873
5,2192 5,2527
383 15:21
4,5285 4,5608
4,1971 4,2294
4,6541 4,6870
5,2189 5,2523
384 15:22
4,5285 4,5608
4,1965 4,2288
4,6533 4,6862
5,2198 5,2532
385 15:23
4,5283 4,5606
4,1959 4,2282
4,6543 4,6872
5,2192 5,2526
386 15:24
4,5285 4,5608
4,1963 4,2286
4,6548 4,6877
5,2206 5,2540
387 15:25
4,5286 4,5609
4,1970 4,2293
4,6551 4,6880
5,2205 5,2539
388 15:26
4,5285 4,5608
4,1965 4,2288
4,6546 4,6877
5,2215 5,2549
389 15:27
4,5286 4,5609
4,1972 4,2295
4,6549 4,6880
5,2208 5,2542
390 15:28
4,5286 4,5609
4,1974 4,2297
4,6547 4,6878
5,2208 5,2542
391 15:29
4,5283 4,5606
4,1967 4,2290
4,6543 4,6874
5,2204 5,2538
392 15:30
4,5284 4,5607
4,1978 4,2301
4,6542 4,6873
5,2205 5,2539
393 15:31
4,5285 4,5608
4,1979 4,2302
4,6532 4,6863
5,2204 5,2538
394 15:32
4,5290 4,5613
4,1987 4,2310
4,6537 4,6868
5,2209 5,2543
395 15:33
4,5291 4,5614
4,1998 4,2321
4,6543 4,6874
5,2213 5,2547
396 15:34
4,5291 4,5614
4,1991 4,2314
4,6538 4,6869
5,2216 5,2550
397 15:35
4,5295 4,5618
4,1994 4,2317
4,6540 4,6871
5,2228 5,2562
398 15:36
4,5295 4,5618
4,1998 4,2321
4,6521 4,6852
5,2236 5,2570
399 15:37
4,5297 4,5620
4,2004 4,2327
4,6521 4,6852
5,2253 5,2587
400 15:38
4,5297 4,5620
4,2002 4,2325
4,6525 4,6856
5,2257 5,2591
401 15:39
4,5295 4,5618
4,2006 4,2329
4,6521 4,6852
5,2260 5,2594
402 15:40
4,5294 4,5617
4,2003 4,2326
4,6517 4,6848
5,2265 5,2599
403 15:41
4,5293 4,5616
4,1998 4,2321
4,6503 4,6832
5,2258 5,2592
404 15:42
4,5294 4,5617
4,2005 4,2328
4,6509 4,6838
5,2262 5,2596
405 15:43
4,5290 4,5613
4,2003 4,2326
4,6505 4,6834
5,2258 5,2592
