#======================
2023-6-14
# 1.EUR, 2.USD, 3.CHF, 4.GBP
Sell Price, Buy Price
1 08:09
4,4726 4,5048
4,1482 4,1804
4,5800 4,6128
5,2327 5,2659
2 08:10
4,4726 4,5048
4,1480 4,1802
4,5800 4,6128
5,2327 5,2659
3 08:11
4,4726 4,5048
4,1474 4,1796
4,5800 4,6128
5,2327 5,2659
4 08:12
4,4726 4,5048
4,1470 4,1792
4,5800 4,6128
5,2333 5,2665
5 08:13
4,4722 4,5044
4,1474 4,1796
4,5800 4,6128
5,2328 5,2660
6 08:14
4,4723 4,5045
4,1474 4,1796
4,5799 4,6127
5,2329 5,2661
7 08:15
4,4713 4,5035
4,1468 4,1790
4,5793 4,6121
5,2320 5,2652
8 08:16
4,4712 4,5034
4,1469 4,1791
4,5800 4,6128
5,2317 5,2649
9 08:17
4,4715 4,5037
4,1468 4,1790
4,5811 4,6139
5,2304 5,2636
10 08:18
4,4707 4,5029
4,1458 4,1780
4,5804 4,6132
5,2298 5,2630
11 08:19
4,4707 4,5029
4,1460 4,1782
4,5803 4,6131
5,2298 5,2630
12 08:20
4,4703 4,5025
4,1457 4,1779
4,5797 4,6125
5,2297 5,2629
13 08:21
4,4702 4,5024
4,1453 4,1775
4,5796 4,6124
5,2295 5,2627
14 08:22
4,4702 4,5024
4,1449 4,1771
4,5794 4,6122
5,2295 5,2627
15 08:23
4,4701 4,5023
4,1443 4,1765
4,5798 4,6126
5,2294 5,2626
16 08:24
4,4701 4,5023
4,1445 4,1767
4,5802 4,6130
5,2298 5,2630
17 08:25
4,4687 4,5009
4,1432 4,1754
4,5785 4,6113
5,2280 5,2612
18 08:26
4,4682 4,5004
4,1430 4,1752
4,5776 4,6104
5,2273 5,2605
19 08:27
4,4684 4,5006
4,1429 4,1751
4,5770 4,6098
5,2274 5,2606
20 08:28
4,4684 4,5006
4,1431 4,1753
4,5775 4,6103
5,2271 5,2603
21 08:29
4,4684 4,5006
4,1427 4,1749
4,5775 4,6103
5,2271 5,2603
22 08:30
4,4683 4,5005
4,1422 4,1744
4,5776 4,6104
5,2263 5,2595
23 08:31
4,4680 4,5002
4,1416 4,1738
4,5776 4,6104
5,2261 5,2593
24 08:32
4,4683 4,5005
4,1416 4,1738
4,5781 4,6109
5,2270 5,2602
25 08:33
4,4675 4,4997
4,1409 4,1731
4,5766 4,6094
5,2259 5,2591
26 08:34
4,4674 4,4996
4,1406 4,1728
4,5759 4,6087
5,2250 5,2582
27 08:35
4,4674 4,4996
4,1405 4,1727
4,5751 4,6079
5,2248 5,2580
28 08:36
4,4664 4,4986
4,1397 4,1719
4,5746 4,6074
5,2232 5,2564
29 08:37
4,4664 4,4986
4,1397 4,1719
4,5760 4,6088
5,2239 5,2571
30 08:38
4,4665 4,4987
4,1406 4,1728
4,5756 4,6084
5,2237 5,2569
31 08:39
4,4669 4,4991
4,1409 4,1731
4,5758 4,6086
5,2242 5,2574
32 08:40
4,4669 4,4991
4,1413 4,1735
4,5760 4,6088
5,2242 5,2574
33 08:41
4,4664 4,4986
4,1405 4,1727
4,5755 4,6083
5,2233 5,2565
34 08:42
4,4664 4,4986
4,1405 4,1727
4,5760 4,6088
5,2236 5,2568
35 08:43
4,4664 4,4986
4,1407 4,1729
4,5756 4,6084
5,2233 5,2565
36 08:44
4,4665 4,4987
4,1401 4,1723
4,5760 4,6088
5,2230 5,2562
37 08:45
4,4664 4,4986
4,1401 4,1723
4,5755 4,6083
5,2226 5,2558
38 08:46
4,4664 4,4986
4,1405 4,1727
4,5760 4,6088
5,2230 5,2562
39 08:47
4,4664 4,4986
4,1401 4,1723
4,5757 4,6085
5,2230 5,2562
40 08:48
4,4663 4,4985
4,1408 4,1730
4,5759 4,6087
5,2228 5,2560
41 08:49
4,4662 4,4984
4,1403 4,1725
4,5753 4,6081
5,2226 5,2558
42 08:50
4,4661 4,4983
4,1395 4,1717
4,5752 4,6080
5,2226 5,2558
43 08:51
4,4666 4,4988
4,1399 4,1721
4,5752 4,6080
5,2232 5,2564
44 08:52
4,4665 4,4987
4,1406 4,1728
4,5754 4,6082
5,2227 5,2559
45 08:53
4,4666 4,4988
4,1407 4,1729
4,5757 4,6085
5,2232 5,2564
46 08:54
4,4666 4,4988
4,1409 4,1731
4,5757 4,6085
5,2232 5,2564
47 08:55
4,4665 4,4987
4,1408 4,1730
4,5761 4,6089
5,2231 5,2563
48 08:56
4,4664 4,4986
4,1405 4,1727
4,5761 4,6089
5,2229 5,2561
49 08:57
4,4664 4,4986
4,1409 4,1731
4,5765 4,6093
5,2228 5,2560
50 08:58
4,4667 4,4989
4,1410 4,1732
4,5768 4,6096
5,2231 5,2563
51 08:59
4,4668 4,4990
4,1409 4,1731
4,5764 4,6092
5,2231 5,2563
52 09:00
4,4674 4,4996
4,1416 4,1738
4,5770 4,6098
5,2241 5,2573
53 09:01
4,4675 4,4997
4,1411 4,1733
4,5778 4,6106
5,2234 5,2566
54 09:02
4,4676 4,4998
4,1406 4,1728
4,5772 4,6100
5,2228 5,2560
55 09:03
4,4699 4,5021
4,1428 4,1750
4,5797 4,6125
5,2264 5,2596
56 09:04
4,4700 4,5022
4,1426 4,1748
4,5795 4,6123
5,2265 5,2597
57 09:05
4,4699 4,5021
4,1422 4,1744
4,5787 4,6115
5,2274 5,2606
58 09:46
Definite connection error#======================
2023-6-14
# 1.EUR, 2.USD, 3.CHF, 4.GBP
Sell Price, Buy Price
1 11:09
4,4486 4,4807
4,1182 4,1503
4,5558 4,5886
5,2066 5,2398
2 11:10
4,4485 4,4806
4,1181 4,1502
4,5566 4,5894
5,2068 5,2400
3 11:11
4,4481 4,4802
4,1175 4,1496
4,5564 4,5892
5,2062 5,2395
4 11:12
4,4496 4,4817
4,1193 4,1514
4,5587 4,5915
5,2082 5,2415
5 11:13
4,4494 4,4815
4,1196 4,1517
4,5586 4,5914
5,2084 5,2417
6 11:14
4,4500 4,4821
4,1212 4,1533
4,5601 4,5929
5,2096 5,2429
7 11:15
4,4495 4,4816
4,1205 4,1526
4,5589 4,5917
5,2084 5,2417
8 11:16
4,4491 4,4812
4,1200 4,1521
4,5577 4,5905
5,2080 5,2411
9 11:17
4,4482 4,4803
4,1187 4,1508
4,5573 4,5901
5,2062 5,2393
10 11:18
4,4484 4,4805
4,1194 4,1515
4,5575 4,5903
5,2070 5,2401
11 11:19
4,4479 4,4800
4,1183 4,1504
4,5559 4,5887
5,2061 5,2392
12 11:20
4,4495 4,4816
4,1196 4,1517
4,5572 4,5900
5,2079 5,2410
13 11:21
4,4477 4,4798
4,1176 4,1497
4,5554 4,5882
5,2055 5,2386
14 11:22
4,4453 4,4774
4,1154 4,1475
4,5529 4,5857
5,2030 5,2361
15 11:23
4,4463 4,4784
4,1160 4,1481
4,5538 4,5866
5,2044 5,2375
16 11:24
4,4464 4,4785
4,1162 4,1483
4,5544 4,5872
5,2046 5,2377
17 11:25
4,4464 4,4785
4,1158 4,1479
4,5545 4,5873
5,2043 5,2374
18 11:26
4,4463 4,4784
4,1155 4,1476
4,5549 4,5877
5,2042 5,2373
19 11:27
4,4466 4,4787
4,1156 4,1477
4,5561 4,5889
5,2046 5,2377
20 11:28
4,4441 4,4762
4,1133 4,1454
4,5533 4,5861
5,2013 5,2344
21 11:29
4,4441 4,4762
4,1135 4,1456
4,5533 4,5861
5,2020 5,2351
22 11:30
4,4443 4,4764
4,1135 4,1456
4,5540 4,5868
5,2024 5,2355
23 11:31
4,4446 4,4767
4,1130 4,1451
4,5547 4,5876
5,2026 5,2358
24 11:32
4,4444 4,4765
4,1128 4,1449
4,5545 4,5874
5,2025 5,2357
25 11:33
4,4446 4,4767
4,1120 4,1441
4,5557 4,5886
5,2024 5,2356
26 11:34
4,4447 4,4768
4,1115 4,1436
4,5562 4,5891
5,2025 5,2357
27 11:35
4,4441 4,4762
4,1116 4,1437
4,5567 4,5896
5,2018 5,2350
28 11:36
4,4442 4,4763
4,1120 4,1441
4,5568 4,5897
5,2019 5,2351
29 11:37
4,4444 4,4765
4,1122 4,1443
4,5565 4,5894
5,2019 5,2351
30 11:38
4,4443 4,4764
4,1127 4,1448
4,5557 4,5886
5,2021 5,2353
31 11:39
4,4441 4,4762
4,1131 4,1452
4,5553 4,5882
5,2021 5,2353
32 11:40
4,4432 4,4753
4,1128 4,1449
4,5546 4,5875
5,2014 5,2346
33 11:41
4,4432 4,4753
4,1126 4,1447
4,5545 4,5873
5,2016 5,2348
34 11:42
4,4430 4,4751
4,1119 4,1440
4,5552 4,5880
5,2009 5,2341
35 11:43
4,4432 4,4753
4,1119 4,1440
4,5550 4,5878
5,2011 5,2343
36 11:44
4,4432 4,4753
4,1123 4,1444
4,5547 4,5875
5,2014 5,2346
37 11:45
4,4413 4,4734
4,1101 4,1422
4,5528 4,5856
5,1995 5,2327
38 11:46
4,4395 4,4716
4,1083 4,1404
4,5507 4,5835
5,1977 5,2309
39 11:47
4,4383 4,4704
4,1074 4,1395
4,5497 4,5825
5,1965 5,2297
40 11:48
4,4382 4,4703
4,1073 4,1394
4,5498 4,5826
5,1965 5,2297
41 11:49
4,4381 4,4702
4,1066 4,1387
4,5497 4,5825
5,1963 5,2295
42 11:50
4,4376 4,4697
4,1069 4,1390
4,5495 4,5823
5,1961 5,2293
43 11:51
4,4377 4,4698
4,1068 4,1389
4,5495 4,5824
5,1963 5,2294
44 11:52
4,4378 4,4699
4,1075 4,1396
4,5498 4,5827
5,1967 5,2298
45 11:53
4,4390 4,4711
4,1082 4,1403
4,5506 4,5835
5,1978 5,2309
46 11:54
4,4390 4,4711
4,1080 4,1401
4,5510 4,5839
5,1981 5,2312
47 11:55
4,4391 4,4712
4,1081 4,1402
4,5511 4,5840
5,1982 5,2313
48 11:56
4,4386 4,4707
4,1076 4,1397
4,5510 4,5838
5,1972 5,2304
49 11:57
4,4416 4,4737
4,1106 4,1427
4,5538 4,5866
5,2008 5,2340
50 11:58
4,4421 4,4742
4,1110 4,1431
4,5538 4,5866
5,2016 5,2348
51 11:59
4,4421 4,4742
4,1111 4,1432
4,5536 4,5864
5,2016 5,2348
52 12:00
4,4420 4,4741
4,1110 4,1431
4,5536 4,5864
5,2019 5,2351
53 12:01
4,4432 4,4753
4,1129 4,1450
4,5545 4,5873
5,2042 5,2374
54 12:02
4,4430 4,4751
4,1124 4,1445
4,5549 4,5877
5,2038 5,2370
55 12:03
4,4429 4,4750
4,1123 4,1444
4,5546 4,5874
5,2041 5,2373
56 12:04
4,4391 4,4712
4,1079 4,1400
4,5508 4,5836
5,1984 5,2316
57 12:05
4,4387 4,4708
4,1080 4,1401
4,5512 4,5840
5,1976 5,2308
58 12:06
4,4373 4,4694
4,1072 4,1393
4,5496 4,5825
5,1963 5,2296
59 12:07
4,4384 4,4705
4,1082 4,1403
4,5506 4,5835
5,1976 5,2309
60 12:08
4,4389 4,4710
4,1085 4,1406
4,5514 4,5843
5,1979 5,2312
61 12:09
4,4391 4,4712
4,1087 4,1408
4,5512 4,5841
5,1980 5,2313
62 12:10
4,4388 4,4709
4,1080 4,1401
4,5505 4,5834
5,1971 5,2304
63 12:11
4,4388 4,4709
4,1076 4,1397
4,5505 4,5833
5,1969 5,2301
64 12:12
4,4393 4,4714
4,1083 4,1404
4,5515 4,5843
5,1972 5,2304
65 12:13
4,4406 4,4727
4,1089 4,1410
4,5533 4,5861
5,1987 5,2319
66 12:14
4,4425 4,4746
4,1110 4,1431
4,5549 4,5877
5,2010 5,2342
67 12:15
4,4425 4,4746
4,1114 4,1435
4,5547 4,5875
5,2012 5,2344
68 12:16
4,4425 4,4746
4,1120 4,1441
4,5541 4,5870
5,2012 5,2345
69 12:17
4,4426 4,4747
4,1118 4,1439
4,5541 4,5870
5,2015 5,2348
70 12:18
4,4423 4,4744
4,1116 4,1437
4,5539 4,5868
5,2010 5,2343
71 12:19
4,4423 4,4744
4,1109 4,1430
4,5539 4,5868
5,2003 5,2336
72 12:20
4,4422 4,4743
4,1104 4,1425
4,5536 4,5865
5,2002 5,2335
73 12:21
4,4424 4,4745
4,1109 4,1430
4,5537 4,5865
5,2005 5,2337
74 12:22
4,4424 4,4745
4,1104 4,1425
4,5532 4,5860
5,2002 5,2334
75 12:23
4,4425 4,4746
4,1105 4,1426
4,5533 4,5861
5,2003 5,2335
76 12:24
4,4426 4,4747
4,1104 4,1425
4,5534 4,5862
5,2005 5,2337
77 12:25
4,4425 4,4746
4,1103 4,1424
4,5533 4,5861
5,2006 5,2338
78 12:26
4,4427 4,4748
4,1103 4,1424
4,5533 4,5861
5,2007 5,2339
79 12:27
4,4424 4,4745
4,1104 4,1425
4,5532 4,5860
5,2008 5,2340
80 12:28
4,4427 4,4748
4,1107 4,1428
4,5535 4,5863
5,2011 5,2343
81 12:29
4,4364 4,4685
4,1050 4,1371
4,5477 4,5805
5,1940 5,2272
82 12:30
4,4397 4,4718
4,1079 4,1400
4,5514 4,5842
5,1982 5,2314
83 12:31
4,4406 4,4727
4,1093 4,1414
4,5520 4,5849
5,1996 5,2328
84 12:32
4,4409 4,4730
4,1091 4,1412
4,5524 4,5853
5,2001 5,2333
85 12:33
4,4403 4,4724
4,1090 4,1411
4,5521 4,5850
5,1998 5,2330
86 12:34
4,4391 4,4712
4,1079 4,1400
4,5507 4,5836
5,1987 5,2319
87 12:35
4,4374 4,4695
4,1065 4,1386
4,5489 4,5818
5,1965 5,2297
88 12:36
4,4364 4,4685
4,1060 4,1381
4,5481 4,5810
5,1955 5,2287
89 12:37
4,4371 4,4692
4,1068 4,1389
4,5489 4,5818
5,1970 5,2302
90 12:38
4,4367 4,4688
4,1059 4,1380
4,5482 4,5811
5,1966 5,2298
91 12:39
4,4372 4,4693
4,1057 4,1378
4,5491 4,5820
5,1965 5,2297
92 12:40
4,4364 4,4685
4,1058 4,1379
4,5489 4,5818
5,1962 5,2294
93 12:41
4,4364 4,4685
4,1055 4,1376
4,5488 4,5817
5,1955 5,2287
94 12:42
4,4359 4,4680
4,1049 4,1370
4,5483 4,5812
5,1947 5,2279
95 12:43
4,4336 4,4657
4,1020 4,1341
4,5455 4,5784
5,1916 5,2248
96 12:44
4,4328 4,4649
4,1015 4,1336
4,5442 4,5771
5,1910 5,2242
97 12:45
4,4323 4,4644
4,1012 4,1333
4,5439 4,5768
5,1902 5,2234
98 12:46
4,4324 4,4645
4,1011 4,1332
4,5443 4,5772
5,1900 5,2232
99 12:47
4,4328 4,4649
4,1011 4,1332
4,5443 4,5772
5,1904 5,2236
100 12:48
4,4328 4,4649
4,1013 4,1334
4,5442 4,5771
5,1904 5,2236
101 12:49
4,4333 4,4654
4,1018 4,1339
4,5442 4,5771
5,1910 5,2242
102 12:50
4,4333 4,4654
4,1014 4,1335
4,5442 4,5771
5,1907 5,2239
103 12:51
4,4335 4,4656
4,1014 4,1335
4,5448 4,5776
5,1911 5,2242
104 12:52
4,4333 4,4654
4,1012 4,1333
4,5441 4,5769
5,1908 5,2239
105 12:53
4,4333 4,4654
4,1014 4,1335
4,5439 4,5767
5,1908 5,2239
106 12:54
4,4350 4,4671
4,1031 4,1352
4,5454 4,5782
5,1923 5,2254
107 12:55
4,4341 4,4662
4,1023 4,1344
4,5441 4,5769
5,1912 5,2243
108 12:56
4,4337 4,4658
4,1019 4,1340
4,5436 4,5764
5,1900 5,2232
109 12:57
4,4339 4,4660
4,1017 4,1338
4,5438 4,5766
5,1898 5,2230
110 12:58
4,4342 4,4663
4,1022 4,1343
4,5449 4,5777
5,1899 5,2231
111 12:59
4,4343 4,4664
4,1027 4,1348
4,5451 4,5779
5,1901 5,2233
112 13:00
4,4343 4,4664
4,1029 4,1350
4,5451 4,5779
5,1894 5,2226
113 13:01
4,4341 4,4662
4,1029 4,1350
4,5442 4,5770
5,1901 5,2233
114 13:02
4,4341 4,4662
4,1035 4,1356
4,5440 4,5768
5,1895 5,2227
115 13:03
4,4341 4,4662
4,1033 4,1354
4,5440 4,5768
5,1901 5,2233
116 13:04
4,4341 4,4662
4,1029 4,1350
4,5438 4,5766
5,1901 5,2233
117 13:05
4,4348 4,4669
4,1039 4,1360
4,5445 4,5773
5,1910 5,2242
118 13:06
4,4355 4,4676
4,1038 4,1359
4,5452 4,5780
5,1925 5,2256
119 13:07
4,4358 4,4679
4,1045 4,1366
4,5451 4,5779
5,1925 5,2256
120 13:08
4,4361 4,4682
4,1047 4,1368
4,5460 4,5788
5,1932 5,2263
121 13:09
4,4362 4,4683
4,1054 4,1375
4,5466 4,5794
5,1942 5,2273
122 13:10
4,4362 4,4683
4,1052 4,1373
4,5464 4,5792
5,1945 5,2276
123 13:11
4,4362 4,4683
4,1046 4,1367
4,5468 4,5796
5,1941 5,2274
124 13:12
4,4364 4,4685
4,1054 4,1375
4,5470 4,5798
5,1946 5,2279
125 13:13
4,4361 4,4682
4,1047 4,1368
4,5467 4,5795
5,1940 5,2273
126 13:14
4,4369 4,4690
4,1051 4,1372
4,5476 4,5804
5,1956 5,2289
127 13:15
4,4370 4,4691
4,1054 4,1375
4,5477 4,5805
5,1951 5,2284
128 13:16
4,4372 4,4693
4,1056 4,1377
4,5481 4,5809
5,1950 5,2283
129 13:17
4,4372 4,4693
4,1061 4,1382
4,5483 4,5811
5,1950 5,2283
130 13:18
4,4381 4,4702
4,1071 4,1392
4,5493 4,5821
5,1960 5,2293
131 13:19
4,4380 4,4701
4,1069 4,1390
4,5492 4,5820
5,1959 5,2292
132 13:20
4,4381 4,4702
4,1072 4,1393
4,5495 4,5823
5,1961 5,2294
133 13:21
4,4381 4,4702
4,1072 4,1393
4,5497 4,5825
5,1963 5,2296
134 14:11
4,4376 4,4697
4,1054 4,1375
4,5509 4,5837
5,1955 5,2288
135 14:12
4,4377 4,4698
4,1053 4,1374
4,5515 4,5843
5,1956 5,2289
136 14:13
4,4379 4,4700
4,1052 4,1373
4,5518 4,5846
5,1957 5,2290
137 14:14
4,4378 4,4699
4,1046 4,1367
4,5523 4,5851
5,1951 5,2284
138 14:15
4,4376 4,4697
4,1035 4,1356
4,5523 4,5851
5,1955 5,2288
139 14:16
4,4341 4,4662
4,1003 4,1324
4,5490 4,5818
5,1926 5,2258
140 14:17
4,4340 4,4661
4,0997 4,1318
4,5485 4,5813
5,1919 5,2251
141 14:18
4,4341 4,4662
4,1000 4,1321
4,5490 4,5818
5,1912 5,2244
142 14:19
4,4342 4,4663
4,1003 4,1324
4,5497 4,5825
5,1916 5,2248
143 14:20
4,4338 4,4659
4,0998 4,1319
4,5493 4,5821
5,1915 5,2247
144 14:21
4,4339 4,4662
4,1000 4,1321
4,5491 4,5819
5,1916 5,2249
145 14:22
4,4340 4,4663
4,0994 4,1315
4,5493 4,5821
5,1917 5,2250
146 14:23
4,4340 4,4663
4,0987 4,1308
4,5492 4,5820
5,1914 5,2247
147 14:24
4,4331 4,4654
4,0979 4,1300
4,5489 4,5817
5,1903 5,2236
148 14:25
4,4327 4,4650
4,0975 4,1296
4,5481 4,5809
5,1896 5,2229
149 14:26
4,4337 4,4658
4,0987 4,1308
4,5483 4,5811
5,1903 5,2236
150 14:27
4,4336 4,4657
4,0990 4,1311
4,5491 4,5819
5,1908 5,2241
151 14:28
4,4333 4,4654
4,0985 4,1306
4,5493 4,5821
5,1911 5,2244
152 14:29
4,4304 4,4625
4,0953 4,1274
4,5459 4,5787
5,1865 5,2198
153 14:30
4,4324 4,4645
4,0973 4,1294
4,5477 4,5806
5,1881 5,2214
154 14:31
4,4306 4,4640
4,0936 4,1267
4,5457 4,5797
5,1862 5,2205
155 14:32
4,4304 4,4625
4,0926 4,1247
4,5458 4,5786
5,1849 5,2182
156 14:33
4,4310 4,4631
4,0939 4,1260
4,5464 4,5792
5,1859 5,2192
157 14:34
4,4313 4,4634
4,0936 4,1257
4,5472 4,5800
5,1866 5,2199
158 14:35
4,4311 4,4632
4,0928 4,1249
4,5472 4,5800
5,1867 5,2200
159 14:36
4,4305 4,4626
4,0935 4,1256
4,5460 4,5788
5,1858 5,2189
160 14:37
4,4303 4,4624
4,0920 4,1241
4,5463 4,5791
5,1865 5,2196
161 14:38
4,4297 4,4618
4,0914 4,1235
4,5458 4,5786
5,1849 5,2180
162 14:39
4,4294 4,4615
4,0913 4,1234
4,5458 4,5786
5,1845 5,2176
163 14:40
4,4309 4,4630
4,0934 4,1255
4,5472 4,5800
5,1861 5,2192
164 14:41
4,4314 4,4635
4,0936 4,1257
4,5492 4,5820
5,1868 5,2199
165 14:42
4,4324 4,4645
4,0945 4,1266
4,5509 4,5837
5,1880 5,2211
166 14:43
4,4327 4,4648
4,0932 4,1253
4,5515 4,5843
5,1887 5,2218
167 14:44
4,4328 4,4649
4,0935 4,1256
4,5521 4,5849
5,1897 5,2228
168 14:45
4,4328 4,4649
4,0933 4,1254
4,5525 4,5853
5,1895 5,2226
169 14:46
4,4335 4,4656
4,0936 4,1257
4,5513 4,5841
5,1893 5,2224
170 14:47
4,4331 4,4652
4,0944 4,1265
4,5510 4,5838
5,1891 5,2222
171 14:48
4,4329 4,4650
4,0948 4,1269
4,5503 4,5831
5,1886 5,2217
172 14:49
4,4331 4,4652
4,0953 4,1274
4,5502 4,5830
5,1885 5,2216
173 14:50
4,4331 4,4652
4,0949 4,1270
4,5499 4,5827
5,1888 5,2219
174 14:51
4,4339 4,4660
4,0956 4,1277
4,5513 4,5841
5,1899 5,2232
175 14:52
4,4341 4,4662
4,0953 4,1274
4,5515 4,5843
5,1914 5,2247
176 14:53
4,4348 4,4669
4,0957 4,1278
4,5534 4,5862
5,1925 5,2258
177 14:54
4,4349 4,4670
4,0953 4,1274
4,5540 4,5868
5,1927 5,2260
178 14:55
4,4344 4,4665
4,0945 4,1266
4,5537 4,5865
5,1924 5,2257
179 14:56
4,4340 4,4661
4,0933 4,1254
4,5531 4,5859
5,1920 5,2251
180 14:57
4,4338 4,4659
4,0931 4,1252
4,5528 4,5856
5,1920 5,2251
181 14:58
4,4344 4,4665
4,0935 4,1256
4,5535 4,5863
5,1922 5,2253
182 14:59
4,4346 4,4667
4,0930 4,1251
4,5534 4,5862
5,1927 5,2258
183 15:00
4,4340 4,4661
4,0930 4,1251
4,5537 4,5865
5,1913 5,2244
184 15:01
4,4338 4,4659
4,0929 4,1250
4,5530 4,5858
5,1902 5,2233
185 15:02
4,4335 4,4656
4,0923 4,1244
4,5525 4,5853
5,1899 5,2230
186 15:03
4,4336 4,4657
4,0926 4,1247
4,5518 4,5846
5,1901 5,2232
187 15:04
4,4341 4,4662
4,0925 4,1246
4,5520 4,5848
5,1915 5,2246
188 15:05
4,4330 4,4651
4,0922 4,1243
4,5510 4,5838
5,1904 5,2235
189 15:06
4,4327 4,4648
4,0934 4,1255
4,5503 4,5831
5,1908 5,2239
190 15:07
4,4333 4,4654
4,0934 4,1255
4,5506 4,5834
5,1912 5,2243
191 15:08
4,4335 4,4656
4,0932 4,1253
4,5504 4,5832
5,1905 5,2236
192 15:09
4,4333 4,4654
4,0930 4,1251
4,5498 4,5826
5,1906 5,2237
193 15:10
4,4340 4,4661
4,0934 4,1255
4,5511 4,5839
5,1914 5,2245
194 15:11
4,4345 4,4666
4,0928 4,1249
4,5508 4,5836
5,1923 5,2255
195 15:12
4,4338 4,4659
4,0916 4,1237
4,5510 4,5838
5,1912 5,2244
196 15:13
4,4337 4,4658
4,0915 4,1236
4,5516 4,5844
5,1908 5,2240
197 15:14
4,4337 4,4658
4,0919 4,1240
4,5494 4,5822
5,1908 5,2240
198 15:15
4,4336 4,4657
4,0920 4,1241
4,5501 4,5829
5,1906 5,2238
199 15:16
4,4337 4,4658
4,0917 4,1238
4,5502 4,5830
5,1897 5,2230
200 15:34
4,4382 4,4703
4,0951 4,1272
4,5574 4,5902
5,1960 5,2291
201 15:35
4,4382 4,4703
4,0947 4,1268
4,5583 4,5911
5,1960 5,2291
202 15:36
4,4382 4,4703
4,0945 4,1266
4,5583 4,5911
5,1954 5,2286
203 15:37
4,4396 4,4717
4,0960 4,1281
4,5614 4,5942
5,1973 5,2305
204 15:38
4,4383 4,4704
4,0940 4,1261
4,5596 4,5924
5,1958 5,2290
205 15:39
4,4376 4,4697
4,0928 4,1249
4,5582 4,5910
5,1947 5,2279
206 15:40
4,4347 4,4668
4,0894 4,1215
4,5551 4,5879
5,1909 5,2241
207 15:41
4,4338 4,4659
4,0886 4,1207
4,5540 4,5869
5,1904 5,2236
208 15:42
4,4338 4,4659
4,0887 4,1208
4,5535 4,5864
5,1899 5,2231
209 15:43
4,4337 4,4658
4,0885 4,1206
4,5532 4,5861
5,1907 5,2239
210 15:44
4,4338 4,4659
4,0882 4,1203
4,5522 4,5851
5,1918 5,2250
211 15:45
4,4342 4,4663
4,0893 4,1214
4,5529 4,5858
5,1925 5,2257
212 15:46
4,4344 4,4665
4,0893 4,1214
4,5534 4,5863
5,1925 5,2257
213 15:47
4,4344 4,4665
4,0904 4,1225
4,5536 4,5865
5,1922 5,2254
214 15:48
4,4345 4,4666
4,0907 4,1228
4,5537 4,5866
5,1919 5,2251
215 15:49
4,4343 4,4664
4,0898 4,1219
4,5540 4,5869
5,1914 5,2246
216 15:50
4,4343 4,4664
4,0892 4,1213
4,5541 4,5870
5,1912 5,2244
217 15:51
4,4342 4,4663
4,0891 4,1212
4,5539 4,5868
5,1910 5,2242
218 15:52
4,4344 4,4665
4,0897 4,1218
4,5538 4,5867
5,1910 5,2242
219 15:53
4,4335 4,4656
4,0888 4,1209
4,5524 4,5853
5,1903 5,2235
220 15:54
4,4325 4,4646
4,0877 4,1198
4,5512 4,5841
5,1890 5,2222
221 15:55
4,4313 4,4634
4,0867 4,1188
4,5510 4,5839
5,1871 5,2203
222 15:56
4,4338 4,4659
4,0893 4,1214
4,5530 4,5859
5,1900 5,2232
223 15:57
4,4341 4,4662
4,0894 4,1215
4,5530 4,5859
5,1899 5,2231
224 15:58
4,4339 4,4660
4,0883 4,1204
4,5529 4,5858
5,1892 5,2224
225 15:59
4,4340 4,4661
4,0884 4,1205
4,5532 4,5861
5,1893 5,2225
226 16:00
4,4338 4,4659
4,0880 4,1201
4,5532 4,5861
5,1887 5,2219
227 16:01
4,4343 4,4664
4,0885 4,1206
4,5551 4,5880
5,1893 5,2225
228 16:02
4,4342 4,4663
4,0889 4,1210
4,5553 4,5882
5,1892 5,2224
229 16:03
4,4343 4,4664
4,0892 4,1213
4,5554 4,5883
5,1886 5,2218
230 16:04
4,4344 4,4665
4,0893 4,1214
4,5554 4,5883
5,1891 5,2223
231 16:05
4,4345 4,4666
4,0898 4,1219
4,5554 4,5883
5,1892 5,2224
232 16:06
4,4341 4,4662
4,0888 4,1209
4,5559 4,5887
5,1890 5,2222
233 16:07
4,4341 4,4662
4,0886 4,1207
4,5554 4,5882
5,1890 5,2222
234 16:08
4,4341 4,4662
4,0885 4,1206
4,5546 4,5874
5,1894 5,2226
235 16:09
4,4336 4,4657
4,0882 4,1203
4,5543 4,5871
5,1891 5,2223
236 16:10
4,4327 4,4648
4,0877 4,1198
4,5524 4,5852
5,1887 5,2219
237 16:11
4,4328 4,4649
4,0878 4,1199
4,5521 4,5849
5,1886 5,2219
238 16:12
4,4328 4,4649
4,0878 4,1199
4,5510 4,5838
5,1884 5,2217
239 16:13
4,4328 4,4649
4,0874 4,1195
4,5516 4,5844
5,1884 5,2217
240 16:14
4,4328 4,4649
4,0872 4,1193
4,5521 4,5849
5,1881 5,2214
241 16:15
4,4328 4,4649
4,0874 4,1195
4,5521 4,5849
5,1883 5,2216
242 16:16
4,4328 4,4650
4,0871 4,1192
4,5520 4,5849
5,1885 5,2217
243 16:17
4,4332 4,4654
4,0874 4,1195
4,5528 4,5857
5,1892 5,2224
244 16:18
4,4334 4,4656
4,0876 4,1197
4,5537 4,5866
5,1897 5,2229
245 16:19
4,4332 4,4654
4,0874 4,1195
4,5538 4,5867
5,1892 5,2224
246 16:20
4,4330 4,4652
4,0874 4,1195
4,5533 4,5862
5,1890 5,2222
247 16:21
4,4329 4,4650
4,0872 4,1193
4,5536 4,5864
5,1891 5,2223
248 16:22
4,4332 4,4653
4,0874 4,1195
4,5543 4,5871
5,1899 5,2231
249 16:23
4,4336 4,4657
4,0876 4,1197
4,5548 4,5876
5,1900 5,2232
250 16:24
4,4337 4,4658
4,0876 4,1197
4,5547 4,5875
5,1899 5,2231
251 16:25
4,4339 4,4660
4,0868 4,1189
4,5555 4,5883
5,1913 5,2245
252 16:26
4,4347 4,4669
4,0875 4,1196
4,5572 4,5901
5,1924 5,2256
253 16:27
4,4350 4,4672
4,0885 4,1206
4,5570 4,5899
5,1938 5,2270
254 16:28
4,4349 4,4671
4,0873 4,1194
4,5565 4,5894
5,1929 5,2261
255 16:29
4,4346 4,4668
4,0874 4,1195
4,5561 4,5890
5,1921 5,2253
256 16:30
4,4345 4,4667
4,0875 4,1196
4,5561 4,5890
5,1929 5,2261
257 16:31
4,4332 4,4654
4,0859 4,1180
4,5547 4,5876
5,1917 5,2249
258 16:32
4,4334 4,4656
4,0861 4,1182
4,5554 4,5883
5,1910 5,2242
259 16:33
4,4331 4,4653
4,0855 4,1176
4,5546 4,5875
5,1904 5,2236
260 16:34
4,4329 4,4651
4,0855 4,1176
4,5530 4,5859
5,1901 5,2233
261 16:35
4,4329 4,4651
4,0855 4,1176
4,5522 4,5851
5,1896 5,2228
262 16:36
4,4329 4,4650
4,0856 4,1177
4,5530 4,5859
5,1898 5,2230
263 16:37
4,4328 4,4649
4,0856 4,1177
4,5524 4,5853
5,1900 5,2232
264 16:38
4,4326 4,4647
4,0850 4,1171
4,5522 4,5851
5,1894 5,2226
265 16:39
4,4327 4,4648
4,0845 4,1166
4,5516 4,5845
5,1887 5,2219
266 16:40
4,4327 4,4648
4,0841 4,1162
4,5517 4,5846
5,1890 5,2222
267 16:41
4,4325 4,4646
4,0838 4,1159
4,5514 4,5843
5,1888 5,2220
268 16:42
4,4314 4,4635
4,0822 4,1143
4,5505 4,5834
5,1872 5,2204
269 16:43
4,4312 4,4633
4,0825 4,1146
4,5503 4,5832
5,1868 5,2200
270 16:44
4,4312 4,4633
4,0824 4,1145
4,5509 4,5838
5,1866 5,2198
271 16:45
4,4326 4,4647
4,0842 4,1163
4,5526 4,5855
5,1884 5,2216
272 16:46
4,4326 4,4647
4,0846 4,1167
4,5513 4,5842
5,1892 5,2224
273 16:47
4,4327 4,4648
4,0845 4,1166
4,5516 4,5845
5,1896 5,2228
274 16:48
4,4327 4,4648
4,0840 4,1161
4,5516 4,5845
5,1893 5,2225
275 16:49
4,4329 4,4650
4,0838 4,1159
4,5519 4,5848
5,1893 5,2225
276 16:50
4,4325 4,4646
4,0839 4,1160
4,5504 4,5833
5,1887 5,2219
277 16:51
4,4326 4,4647
4,0835 4,1156
4,5499 4,5828
5,1883 5,2215
278 16:52
4,4329 4,4650
4,0841 4,1162
4,5501 4,5830
5,1883 5,2215
279 16:53
4,4329 4,4650
4,0838 4,1159
4,5497 4,5826
5,1877 5,2209
280 16:54
4,4327 4,4648
4,0832 4,1153
4,5488 4,5817
5,1869 5,2201
281 16:55
4,4325 4,4646
4,0832 4,1153
4,5487 4,5816
5,1865 5,2197
282 16:56
4,4326 4,4647
4,0838 4,1159
4,5487 4,5816
5,1863 5,2195
283 16:57
4,4320 4,4641
4,0828 4,1149
4,5481 4,5810
5,1854 5,2186
284 16:58
4,4331 4,4652
4,0835 4,1156
4,5485 4,5814
5,1871 5,2203
285 16:59
4,4334 4,4655
4,0835 4,1156
4,5486 4,5815
5,1879 5,2211
286 17:00
4,4336 4,4657
4,0836 4,1157
4,5486 4,5815
5,1879 5,2211
287 17:01
4,4331 4,4652
4,0837 4,1158
4,5474 4,5803
5,1875 5,2207
288 17:02
4,4332 4,4653
4,0840 4,1161
4,5474 4,5803
5,1883 5,2215
289 17:03
4,4319 4,4640
4,0840 4,1161
4,5468 4,5797
5,1871 5,2203
290 17:04
4,4311 4,4632
4,0829 4,1150
4,5469 4,5798
5,1853 5,2185
291 17:05
4,4297 4,4618
4,0821 4,1142
4,5460 4,5789
5,1834 5,2166
292 17:06
4,4297 4,4618
4,0825 4,1146
4,5451 4,5780
5,1836 5,2168
293 17:07
4,4298 4,4619
4,0822 4,1143
4,5458 4,5787
5,1838 5,2170
294 17:08
4,4296 4,4617
4,0824 4,1145
4,5470 4,5799
5,1835 5,2167
295 17:09
4,4296 4,4617
4,0820 4,1141
4,5467 4,5796
5,1836 5,2168
296 17:10
4,4295 4,4616
4,0818 4,1139
4,5467 4,5796
5,1834 5,2166
297 17:11
4,4294 4,4615
4,0819 4,1140
4,5468 4,5797
5,1836 5,2168
298 17:12
4,4295 4,4616
4,0819 4,1140
4,5465 4,5794
5,1837 5,2169
299 17:13
4,4295 4,4616
4,0823 4,1144
4,5458 4,5787
5,1837 5,2169
300 17:14
4,4296 4,4617
4,0822 4,1143
4,5467 4,5796
5,1836 5,2168
301 17:15
4,4296 4,4617
4,0820 4,1141
4,5465 4,5794
5,1838 5,2170
302 17:16
4,4298 4,4619
4,0820 4,1141
4,5474 4,5803
5,1841 5,2173
303 17:17
4,4295 4,4616
4,0812 4,1133
4,5466 4,5795
5,1837 5,2169
304 17:18
4,4295 4,4616
4,0810 4,1131
4,5468 4,5797
5,1836 5,2168
305 17:19
4,4296 4,4617
4,0807 4,1128
4,5467 4,5796
5,1838 5,2170
306 17:20
4,4296 4,4617
4,0809 4,1130
4,5467 4,5796
5,1841 5,2173
307 17:21
4,4295 4,4616
4,0814 4,1135
4,5472 4,5801
5,1840 5,2172
308 17:22
4,4295 4,4616
4,0815 4,1136
4,5471 4,5800
5,1846 5,2178
309 17:23
4,4294 4,4615
4,0813 4,1134
4,5471 4,5800
5,1846 5,2178
310 17:24
4,4295 4,4616
4,0813 4,1134
4,5471 4,5800
5,1846 5,2178
311 17:25
4,4304 4,4625
4,0826 4,1147
4,5483 4,5812
5,1860 5,2192
312 17:26
4,4307 4,4628
4,0827 4,1148
4,5487 4,5816
5,1864 5,2196
313 17:27
4,4304 4,4625
4,0826 4,1147
4,5488 4,5817
5,1869 5,2201
314 17:28
4,4305 4,4626
4,0827 4,1148
4,5489 4,5818
5,1870 5,2202
315 17:29
4,4307 4,4628
4,0830 4,1151
4,5491 4,5820
5,1866 5,2198
316 17:30
4,4309 4,4630
4,0830 4,1151
4,5500 4,5829
5,1865 5,2197
317 17:31
4,4309 4,4630
4,0829 4,1150
4,5502 4,5831
5,1869 5,2201
318 17:32
4,4308 4,4629
4,0821 4,1142
4,5507 4,5836
5,1862 5,2194
319 17:33
4,4309 4,4630
4,0824 4,1145
4,5508 4,5837
5,1862 5,2194
320 17:34
4,4309 4,4630
4,0830 4,1151
4,5507 4,5836
5,1871 5,2203
321 17:35
4,4309 4,4630
4,0830 4,1151
4,5505 4,5834
5,1868 5,2200
322 17:36
4,4303 4,4624
4,0827 4,1148
4,5499 4,5828
5,1865 5,2197
323 17:37
4,4301 4,4622
4,0827 4,1148
4,5494 4,5823
5,1863 5,2195
324 17:38
4,4297 4,4618
4,0823 4,1144
4,5487 4,5816
5,1857 5,2189
325 17:39
4,4300 4,4621
4,0826 4,1147
4,5494 4,5823
5,1863 5,2195
326 17:40
4,4302 4,4623
4,0827 4,1148
4,5495 4,5824
5,1862 5,2194
327 17:41
4,4302 4,4623
4,0820 4,1141
4,5490 4,5819
5,1857 5,2189
328 17:42
4,4302 4,4623
4,0807 4,1128
4,5474 4,5803
5,1848 5,2180
329 17:43
4,4302 4,4623
4,0807 4,1128
4,5474 4,5803
5,1845 5,2177
330 17:44
4,4301 4,4622
4,0798 4,1119
4,5463 4,5792
5,1837 5,2169
331 17:45
4,4292 4,4613
4,0790 4,1111
4,5459 4,5788
5,1827 5,2159
332 17:46
4,4292 4,4613
4,0790 4,1111
4,5459 4,5788
5,1827 5,2159
333 17:47
4,4292 4,4613
4,0792 4,1113
4,5459 4,5788
5,1831 5,2163
334 17:48
4,4289 4,4610
4,0789 4,1110
4,5458 4,5787
5,1824 5,2156
335 17:49
4,4289 4,4610
4,0791 4,1112
4,5461 4,5790
5,1827 5,2159
336 17:50
4,4289 4,4610
4,0795 4,1116
4,5458 4,5787
5,1824 5,2156
337 17:51
4,4290 4,4611
4,0792 4,1113
4,5457 4,5786
5,1818 5,2150
338 17:52
4,4289 4,4610
4,0791 4,1112
4,5455 4,5784
5,1820 5,2152
339 17:53
4,4288 4,4609
4,0787 4,1108
4,5451 4,5780
5,1811 5,2143
340 17:54
4,4293 4,4614
4,0789 4,1110
4,5456 4,5785
5,1817 5,2149
341 17:55
4,4294 4,4615
4,0792 4,1113
4,5461 4,5790
5,1817 5,2149
342 17:56
4,4288 4,4609
4,0794 4,1115
4,5462 4,5791
5,1816 5,2148
343 17:57
4,4289 4,4610
4,0791 4,1112
4,5458 4,5787
5,1811 5,2143
344 17:58
4,4294 4,4615
4,0792 4,1113
4,5464 4,5793
5,1811 5,2143
345 17:59
4,4292 4,4613
4,0792 4,1113
4,5459 4,5788
5,1808 5,2140
346 18:00
4,4296 4,4617
4,0792 4,1113
4,5464 4,5793
5,1815 5,2147
347 18:01
4,4302 4,4623
4,0801 4,1122
4,5472 4,5801
5,1821 5,2153
348 18:02
4,4303 4,4624
4,0800 4,1124
4,5470 4,5799
5,1822 5,2154
349 18:03
4,4305 4,4626
4,0806 4,1128
4,5473 4,5802
5,1824 5,2156
350 18:04
4,4305 4,4626
4,0804 4,1125
4,5473 4,5802
5,1824 5,2156
351 18:05
4,4306 4,4627
4,0803 4,1124
4,5474 4,5803
5,1826 5,2158
352 18:06
4,4305 4,4626
4,0806 4,1128
4,5472 4,5801
5,1824 5,2156
353 18:07
4,4306 4,4627
4,0804 4,1125
4,5473 4,5802
5,1827 5,2159
354 18:08
4,4311 4,4632
4,0812 4,1136
4,5482 4,5811
5,1838 5,2170
355 18:09
4,4308 4,4629
4,0807 4,1128
4,5481 4,5810
5,1828 5,2160
356 18:10
4,4309 4,4630
4,0812 4,1133
4,5481 4,5810
5,1835 5,2167
357 18:11
4,4311 4,4632
4,0810 4,1131
4,5483 4,5812
5,1831 5,2163
358 18:12
4,4311 4,4632
4,0803 4,1126
4,5483 4,5812
5,1831 5,2163
359 18:13
4,4311 4,4632
4,0799 4,1122
4,5479 4,5808
5,1825 5,2157
360 18:14
4,4311 4,4632
4,0802 4,1123
4,5481 4,5810
5,1831 5,2163
361 18:15
4,4311 4,4632
4,0799 4,1122
4,5479 4,5808
5,1825 5,2157
362 18:16
4,4311 4,4632
4,0799 4,1122
4,5479 4,5808
5,1824 5,2156
363 18:17
4,4311 4,4632
4,0799 4,1122
4,5480 4,5809
5,1823 5,2155
364 18:18
4,4311 4,4632
4,0796 4,1120
4,5483 4,5812
5,1825 5,2157
365 18:19
4,4311 4,4632
4,0798 4,1119
4,5483 4,5812
5,1825 5,2157
366 18:20
4,4311 4,4632
4,0798 4,1119
4,5483 4,5812
5,1831 5,2163
367 18:21
4,4312 4,4633
4,0797 4,1121
4,5487 4,5817
5,1837 5,2169
368 18:22
4,4310 4,4631
4,0797 4,1118
4,5487 4,5816
5,1836 5,2168
369 18:23
4,4310 4,4631
4,0795 4,1119
4,5487 4,5816
5,1833 5,2165
370 18:24
4,4310 4,4631
4,0794 4,1115
4,5488 4,5817
5,1830 5,2162
371 18:25
4,4310 4,4631
4,0793 4,1114
4,5487 4,5816
5,1830 5,2162
372 18:26
4,4310 4,4631
4,0793 4,1114
4,5487 4,5816
5,1827 5,2159
373 18:27
4,4310 4,4631
4,0794 4,1115
4,5488 4,5817
5,1827 5,2159
374 18:28
4,4310 4,4631
4,0787 4,1110
4,5492 4,5821
5,1830 5,2162
375 18:29
4,4310 4,4631
4,0790 4,1111
4,5494 4,5823
5,1830 5,2162
376 18:30
4,4310 4,4631
4,0787 4,1110
4,5492 4,5821
5,1824 5,2156
377 18:31
4,4310 4,4631
4,0798 4,1122
4,5487 4,5816
5,1830 5,2162
378 18:32
4,4311 4,4632
4,0791 4,1112
4,5483 4,5812
5,1825 5,2157
379 18:33
4,4311 4,4632
4,0790 4,1111
4,5483 4,5812
5,1825 5,2157
380 18:34
4,4311 4,4632
4,0795 4,1116
4,5490 4,5819
5,1825 5,2157
381 18:35
4,4311 4,4632
4,0788 4,1111
4,5493 4,5822
5,1819 5,2151
382 18:36
4,4311 4,4632
4,0788 4,1111
4,5493 4,5822
5,1819 5,2151
383 18:37
4,4311 4,4632
4,0791 4,1112
4,5493 4,5822
5,1813 5,2145
384 18:38
4,4310 4,4631
4,0793 4,1115
4,5491 4,5820
5,1812 5,2144
385 18:39
4,4310 4,4631
4,0794 4,1115
4,5492 4,5821
5,1812 5,2144
386 18:40
4,4310 4,4631
4,0793 4,1115
4,5484 4,5813
5,1812 5,2144
387 18:41
4,4310 4,4631
4,0794 4,1115
4,5482 4,5811
5,1812 5,2144
388 18:42
4,4310 4,4631
4,0797 4,1118
4,5478 4,5807
5,1809 5,2141
389 18:43
4,4311 4,4632
4,0792 4,1115
4,5474 4,5803
5,1804 5,2136
390 18:44
4,4310 4,4631
4,0793 4,1114
4,5472 4,5801
5,1804 5,2136
391 18:45
4,4309 4,4630
4,0793 4,1114
4,5472 4,5801
5,1799 5,2131
392 18:46
4,4310 4,4631
4,0791 4,1115
4,5472 4,5801
5,1804 5,2136
393 18:47
4,4310 4,4631
4,0787 4,1108
4,5473 4,5802
5,1806 5,2138
394 18:48
4,4312 4,4633
4,0784 4,1105
4,5475 4,5804
5,1808 5,2140
395 18:49
4,4312 4,4633
4,0784 4,1105
4,5475 4,5804
5,1807 5,2139
396 18:50
4,4312 4,4633
4,0785 4,1108
4,5475 4,5804
5,1808 5,2140
397 18:51
4,4312 4,4633
4,0788 4,1109
4,5477 4,5806
5,1808 5,2140
398 18:52
4,4312 4,4633
4,0789 4,1112
4,5480 4,5809
5,1809 5,2141
399 18:53
4,4312 4,4633
4,0789 4,1113
4,5479 4,5808
5,1811 5,2143
400 18:54
4,4312 4,4633
4,0789 4,1112
4,5480 4,5809
5,1809 5,2141
401 18:55
4,4312 4,4633
4,0789 4,1113
4,5477 4,5807
5,1811 5,2143
402 18:56
4,4313 4,4634
4,0793 4,1114
4,5485 4,5814
5,1816 5,2148
403 18:57
4,4313 4,4634
4,0792 4,1113
4,5485 4,5814
5,1812 5,2144
404 18:58
4,4311 4,4632
4,0784 4,1107
4,5488 4,5817
5,1813 5,2145
405 18:59
4,4311 4,4632
4,0784 4,1107
4,5486 4,5815
5,1813 5,2145
406 19:00
4,4314 4,4635
4,0793 4,1115
4,5490 4,5819
5,1817 5,2149
407 19:01
4,4316 4,4637
4,0792 4,1118
4,5502 4,5831
5,1819 5,2151
408 19:02
4,4317 4,4638
4,0792 4,1117
4,5498 4,5827
5,1817 5,2149
409 19:03
4,4316 4,4637
4,0795 4,1120
4,5489 4,5818
5,1813 5,2145
410 19:04
4,4316 4,4637
4,0796 4,1120
4,5479 4,5808
5,1818 5,2150
411 19:05
4,4302 4,4656
4,0781 4,1139
4,5459 4,5823
5,1802 5,2172
412 19:06
4,4316 4,4637
4,0795 4,1120
4,5470 4,5799
5,1813 5,2145
413 19:07
4,4316 4,4637
4,0792 4,1117
4,5470 4,5799
5,1813 5,2145
414 19:08
4,4316 4,4637
4,0791 4,1116
4,5469 4,5798
5,1812 5,2144
415 19:09
4,4316 4,4637
4,0791 4,1116
4,5469 4,5798
5,1809 5,2141
416 19:10
4,4315 4,4636
4,0794 4,1115
4,5468 4,5797
5,1805 5,2137
417 19:11
4,4314 4,4635
4,0793 4,1114
4,5470 4,5800
5,1804 5,2136
418 19:12
4,4314 4,4635
4,0791 4,1115
4,5467 4,5796
5,1804 5,2136
419 19:13
4,4313 4,4634
4,0792 4,1117
4,5469 4,5799
5,1803 5,2135
420 19:14
4,4314 4,4635
4,0791 4,1115
4,5467 4,5796
5,1798 5,2130
421 19:15
4,4315 4,4636
4,0794 4,1119
4,5479 4,5808
5,1805 5,2137
422 19:16
4,4314 4,4635
4,0793 4,1118
4,5479 4,5809
5,1804 5,2136
423 19:17
4,4313 4,4634
4,0797 4,1121
4,5480 4,5809
5,1800 5,2132
424 19:18
4,4313 4,4634
4,0796 4,1121
4,5481 4,5810
5,1803 5,2135
425 19:19
4,4299 4,4649
4,0782 4,1131
4,5461 4,5824
5,1790 5,2145
426 19:20
4,4296 4,4649
4,0783 4,1136
4,5464 4,5825
5,1780 5,2146
427 19:21
4,4313 4,4634
4,0800 4,1121
4,5481 4,5810
5,1803 5,2135
428 19:22
4,4314 4,4635
4,0800 4,1127
4,5482 4,5811
5,1805 5,2137
429 19:23
4,4314 4,4637
4,0800 4,1129
4,5483 4,5813
5,1805 5,2139
430 19:24
4,4315 4,4636
4,0801 4,1124
4,5482 4,5811
5,1805 5,2137
431 19:25
4,4318 4,4639
4,0806 4,1130
4,5485 4,5814
5,1809 5,2141
432 19:26
4,4326 4,4649
4,0815 4,1140
4,5494 4,5825
5,1825 5,2157
433 19:27
4,4322 4,4643
4,0813 4,1137
4,5480 4,5809
5,1815 5,2147
434 19:28
4,4305 4,4661
4,0795 4,1154
4,5464 4,5828
5,1800 5,2173
435 19:29
4,4325 4,4646
4,0819 4,1145
4,5483 4,5812
5,1823 5,2155
436 19:30
4,4325 4,4646
4,0818 4,1145
4,5479 4,5808
5,1823 5,2155
437 19:31
4,4326 4,4647
4,0822 4,1149
4,5480 4,5809
5,1831 5,2163
438 19:32
4,4328 4,4649
4,0832 4,1159
4,5482 4,5811
5,1839 5,2171
439 19:33
4,4329 4,4650
4,0826 4,1148
4,5483 4,5812
5,1834 5,2166
440 19:34
4,4329 4,4650
4,0830 4,1152
4,5483 4,5812
5,1834 5,2166
441 19:35
4,4308 4,4661
4,0807 4,1163
4,5462 4,5823
5,1811 5,2180
442 19:36
4,4308 4,4662
4,0805 4,1162
4,5462 4,5824
5,1809 5,2179
443 19:37
4,4353 4,4677
4,0849 4,1176
4,5507 4,5838
5,1861 5,2197
444 19:38
4,4366 4,4689
4,0863 4,1188
4,5521 4,5852
5,1879 5,2213
445 19:39
4,4368 4,4690
4,0861 4,1189
4,5523 4,5853
5,1892 5,2225
446 19:40
4,4368 4,4689
4,0858 4,1184
4,5523 4,5852
5,1891 5,2223
447 19:41
4,4368 4,4689
4,0862 4,1183
4,5527 4,5856
5,1891 5,2223
448 19:42
4,4368 4,4689
4,0866 4,1187
4,5531 4,5860
5,1888 5,2220
449 19:43
4,4368 4,4689
4,0863 4,1186
4,5523 4,5852
5,1892 5,2224
450 19:44
4,4368 4,4689
4,0863 4,1186
4,5532 4,5861
5,1892 5,2224
451 19:45
4,4368 4,4689
4,0859 4,1182
4,5532 4,5861
5,1891 5,2223
452 19:46
4,4368 4,4689
4,0858 4,1179
4,5532 4,5861
5,1891 5,2223
453 19:47
4,4370 4,4691
4,0864 4,1185
4,5527 4,5856
5,1892 5,2224
454 19:48
4,4370 4,4691
4,0865 4,1188
4,5523 4,5852
5,1888 5,2220
455 19:49
4,4370 4,4691
4,0869 4,1192
4,5523 4,5852
5,1888 5,2220
456 19:50
4,4370 4,4691
4,0873 4,1197
4,5520 4,5849
5,1894 5,2226
457 19:51
4,4379 4,4700
4,0883 4,1210
4,5541 4,5873
5,1905 5,2237
458 19:52
4,4381 4,4702
4,0881 4,1208
4,5541 4,5870
5,1898 5,2230
459 19:53
4,4397 4,4719
4,0895 4,1222
4,5557 4,5886
5,1911 5,2243
460 19:54
4,4400 4,4721
4,0898 4,1225
4,5560 4,5889
5,1911 5,2244
461 19:55
4,4404 4,4729
4,0899 4,1229
4,5561 4,5899
5,1917 5,2254
462 19:56
4,4403 4,4727
4,0893 4,1223
4,5563 4,5894
5,1915 5,2250
463 19:57
4,4405 4,4726
4,0896 4,1222
4,5565 4,5894
5,1915 5,2247
464 19:58
4,4416 4,4741
4,0907 4,1237
4,5578 4,5913
5,1931 5,2266
465 19:59
4,4431 4,4753
4,0912 4,1240
4,5592 4,5925
5,1941 5,2274
466 20:00
4,4410 4,4748
4,0895 4,1245
4,5527 4,5933
5,1902 5,2278
467 20:01
4,4359 4,4742
4,0976 4,1360
4,5518 4,5924
5,1884 5,2291
468 20:02
4,4401 4,4742
4,1007 4,1353
4,5545 4,5903
5,1935 5,2293
469 20:03
4,4402 4,4751
4,1052 4,1405
4,5568 4,5939
5,1965 5,2336
470 20:04
4,4431 4,4763
4,1066 4,1401
4,5577 4,5925
5,2004 5,2352
471 20:05
4,4408 4,4737
4,1055 4,1388
4,5555 4,5898
5,1977 5,2318
472 20:06
4,4412 4,4740
4,1072 4,1405
4,5549 4,5884
5,1992 5,2331
473 20:07
4,4446 4,4779
4,1128 4,1466
4,5575 4,5916
5,2002 5,2346
474 20:08
4,4455 4,4781
4,1135 4,1467
4,5576 4,5916
5,2012 5,2349
475 20:09
4,4457 4,4781
4,1139 4,1467
4,5578 4,5918
5,1995 5,2331
476 20:10
4,4460 4,4786
4,1121 4,1451
4,5575 4,5910
5,1990 5,2331
477 20:11
4,4462 4,4789
4,1098 4,1428
4,5582 4,5920
5,1991 5,2330
478 20:12
4,4459 4,4787
4,1093 4,1426
4,5585 4,5924
5,2001 5,2345
479 20:13
4,4459 4,4780
4,1113 4,1438
4,5596 4,5926
5,2000 5,2332
480 20:14
4,4458 4,4779
4,1100 4,1424
4,5596 4,5928
5,2004 5,2336
481 20:15
4,4457 4,4778
4,1096 4,1421
4,5600 4,5929
5,1997 5,2329
482 20:16
4,4421 4,4744
4,1053 4,1382
4,5572 4,5904
5,1960 5,2294
483 20:17
4,4420 4,4742
4,1068 4,1396
4,5566 4,5899
5,1965 5,2298
484 20:18
4,4421 4,4744
4,1077 4,1405
4,5568 4,5903
5,1955 5,2292
485 20:19
4,4420 4,4742
4,1082 4,1407
4,5558 4,5892
5,1952 5,2284
486 20:20
4,4415 4,4738
4,1075 4,1401
4,5550 4,5884
5,1945 5,2282
487 20:21
4,4416 4,4738
4,1077 4,1401
4,5554 4,5888
5,1946 5,2281
488 20:22
4,4414 4,4737
4,1073 4,1400
4,5551 4,5882
5,1946 5,2280
489 20:23
4,4416 4,4742
4,1091 4,1422
4,5544 4,5881
5,1948 5,2285
490 20:24
4,4416 4,4741
4,1084 4,1415
4,5540 4,5877
5,1949 5,2286
491 20:25
4,4416 4,4741
4,1080 4,1411
4,5543 4,5875
5,1949 5,2286
492 20:26
4,4419 4,4743
4,1090 4,1420
4,5547 4,5878
5,1952 5,2287
493 20:27
4,4420 4,4744
4,1084 4,1414
4,5548 4,5880
5,1962 5,2299
494 20:28
4,4417 4,4743
4,1088 4,1419
4,5536 4,5869
5,1961 5,2297
495 20:29
4,4419 4,4744
4,1083 4,1414
4,5538 4,5875
5,1964 5,2300
496 20:30
4,4416 4,4739
4,1080 4,1405
4,5540 4,5871
5,1950 5,2289
497 20:31
4,4414 4,4737
4,1065 4,1393
4,5540 4,5873
5,1958 5,2292
498 20:32
4,4417 4,4740
4,1081 4,1410
4,5546 4,5881
5,1956 5,2290
499 20:33
4,4421 4,4743
4,1077 4,1401
4,5553 4,5886
5,1959 5,2291
500 20:34
4,4421 4,4743
4,1067 4,1392
4,5564 4,5896
5,1960 5,2293
501 20:35
4,4419 4,4741
4,1076 4,1404
4,5562 4,5895
5,1957 5,2295
502 20:36
4,4419 4,4742
4,1054 4,1382
4,5566 4,5897
5,1983 5,2317
503 20:37
4,4421 4,4745
4,1030 4,1357
4,5576 4,5913
5,1978 5,2318
504 20:38
4,4418 4,4741
4,1036 4,1365
4,5575 4,5910
5,1982 5,2317
505 20:39
4,4392 4,4715
4,0997 4,1326
4,5548 4,5883
5,1963 5,2297
506 20:40
4,4349 4,4691
4,0973 4,1319
4,5499 4,5853
5,1906 5,2261
507 20:41
4,4388 4,4724
4,1000 4,1338
4,5542 4,5888
5,1945 5,2294
508 20:42
4,4402 4,4732
4,0998 4,1329
4,5559 4,5900
5,1956 5,2298
509 20:43
4,4393 4,4718
4,0994 4,1325
4,5548 4,5882
5,1944 5,2283
510 20:44
4,4401 4,4726
4,0998 4,1327
4,5562 4,5897
5,1962 5,2298
511 20:45
4,4404 4,4728
4,0974 4,1300
4,5560 4,5892
5,1971 5,2306
512 20:46
4,4405 4,4728
4,0985 4,1313
4,5566 4,5901
5,1965 5,2299
513 20:47
4,4404 4,4727
4,0997 4,1322
4,5561 4,5896
5,1959 5,2293
514 20:48
4,4405 4,4728
4,1001 4,1330
4,5565 4,5896
5,1960 5,2294
515 20:49
4,4404 4,4727
4,0968 4,1294
4,5555 4,5887
5,1947 5,2281
516 20:50
4,4398 4,4725
4,0934 4,1267
4,5546 4,5880
5,1953 5,2292
517 20:51
4,4401 4,4727
4,0937 4,1269
4,5547 4,5880
5,1949 5,2291
518 20:52
4,4302 4,4634
4,0852 4,1189
4,5450 4,5789
5,1838 5,2182
519 20:53
4,4339 4,4668
4,0903 4,1237
4,5481 4,5821
5,1870 5,2216
520 20:54
4,4310 4,4662
4,0876 4,1231
4,5450 4,5814
5,1831 5,2198
521 20:55
4,4314 4,4663
4,0868 4,1221
4,5457 4,5816
5,1848 5,2213
522 20:56
4,4307 4,4634
4,0869 4,1202
4,5442 4,5781
5,1833 5,2171
523 20:57
4,4360 4,4690
4,0917 4,1252
4,5495 4,5838
5,1903 5,2245
524 20:58
4,4305 4,4634
4,0869 4,1203
4,5444 4,5782
5,1834 5,2174
525 20:59
4,4319 4,4649
4,0903 4,1239
4,5457 4,5796
5,1846 5,2188
526 21:00
4,4327 4,4653
4,0906 4,1237
4,5476 4,5809
5,1861 5,2199
527 21:01
4,4322 4,4652
4,0890 4,1223
4,5472 4,5814
5,1853 5,2195
528 21:02
4,4322 4,4652
4,0891 4,1225
4,5471 4,5808
5,1849 5,2191
529 21:03
4,4317 4,4642
4,0890 4,1218
4,5467 4,5804
5,1845 5,2181
530 21:04
4,4301 4,4629
4,0878 4,1211
4,5451 4,5791
5,1825 5,2165
531 21:05
4,4303 4,4630
4,0885 4,1217
4,5458 4,5792
5,1839 5,2179
532 21:06
4,4302 4,4627
4,0872 4,1203
4,5451 4,5786
5,1839 5,2176
533 21:07
4,4295 4,4625
4,0853 4,1184
4,5438 4,5775
5,1823 5,2163
534 21:08
4,4268 4,4589
4,0819 4,1144
4,5407 4,5736
5,1788 5,2120
535 21:09
4,4269 4,4592
4,0830 4,1159
4,5403 4,5734
5,1790 5,2123
536 21:10
4,4270 4,4592
4,0824 4,1152
4,5399 4,5732
5,1789 5,2121
537 21:11
4,4270 4,4593
4,0835 4,1160
4,5401 4,5731
5,1784 5,2118
538 21:12
4,4268 4,4589
4,0825 4,1148
4,5406 4,5735
5,1781 5,2113
539 21:13
4,4269 4,4590
4,0839 4,1161
4,5408 4,5739
5,1792 5,2124
540 21:14
4,4258 4,4580
4,0839 4,1163
4,5406 4,5740
5,1788 5,2121
541 21:15
4,4253 4,4576
4,0838 4,1167
4,5401 4,5736
5,1774 5,2111
542 21:16
4,4251 4,4576
4,0860 4,1190
4,5394 4,5731
5,1768 5,2104
543 21:17
4,4251 4,4573
4,0865 4,1190
4,5390 4,5719
5,1773 5,2105
544 21:18
4,4249 4,4572
4,0863 4,1191
4,5389 4,5719
5,1773 5,2106
545 21:19
4,4255 4,4576
4,0867 4,1194
4,5389 4,5718
5,1778 5,2110
546 21:20
4,4253 4,4576
4,0861 4,1190
4,5383 4,5713
5,1771 5,2104
547 21:21
4,4271 4,4594
4,0874 4,1203
4,5388 4,5718
5,1791 5,2125
548 21:22
4,4271 4,4594
4,0863 4,1189
4,5383 4,5713
5,1799 5,2131
549 21:23
4,4274 4,4595
4,0866 4,1191
4,5375 4,5704
5,1794 5,2126
550 21:24
4,4325 4,4656
4,0912 4,1245
4,5419 4,5758
5,1854 5,2200
551 21:25
4,4328 4,4655
4,0916 4,1248
4,5424 4,5762
5,1864 5,2202
552 21:26
4,4328 4,4653
4,0907 4,1238
4,5418 4,5754
5,1870 5,2206
553 21:27
4,4329 4,4652
4,0912 4,1241
4,5424 4,5754
5,1872 5,2205
554 21:28
4,4335 4,4657
4,0929 4,1257
4,5428 4,5757
5,1878 5,2211
555 21:29
4,4345 4,4667
4,0947 4,1274
4,5434 4,5763
5,1890 5,2222
556 21:30
4,4364 4,4690
4,0982 4,1310
4,5449 4,5783
5,1906 5,2243
557 21:31
4,4368 4,4692
4,0990 4,1316
4,5453 4,5789
5,1912 5,2245
558 21:32
4,4381 4,4708
4,0998 4,1329
4,5477 4,5811
5,1938 5,2273
559 21:33
4,4391 4,4715
4,1003 4,1332
4,5490 4,5821
5,1950 5,2283
560 21:34
4,4387 4,4712
4,0985 4,1314
4,5491 4,5824
5,1945 5,2281
561 21:35
4,4358 4,4682
4,0956 4,1283
4,5461 4,5792
5,1914 5,2246
562 21:36
4,4355 4,4677
4,0950 4,1275
4,5459 4,5793
5,1907 5,2239
563 21:37
4,4351 4,4678
4,0952 4,1283
4,5454 4,5789
5,1896 5,2235
564 21:38
4,4360 4,4684
4,0959 4,1286
4,5461 4,5794
5,1907 5,2242
565 21:39
4,4359 4,4690
4,0966 4,1299
4,5458 4,5797
5,1913 5,2256
566 21:40
4,4363 4,4690
4,0970 4,1303
4,5462 4,5801
5,1911 5,2249
567 21:41
4,4375 4,4704
4,0989 4,1322
4,5480 4,5816
5,1932 5,2272
568 21:42
4,4380 4,4703
4,0994 4,1323
4,5484 4,5819
5,1936 5,2270
569 21:43
4,4336 4,4659
4,0955 4,1283
4,5439 4,5770
5,1885 5,2219
570 21:44
4,4343 4,4664
4,0952 4,1279
4,5446 4,5779
5,1893 5,2225
571 21:45
4,4351 4,4674
4,0963 4,1289
4,5451 4,5781
5,1903 5,2237
572 21:46
4,4363 4,4686
4,0978 4,1307
4,5463 4,5793
5,1911 5,2245
573 21:47
4,4372 4,4695
4,0982 4,1311
4,5468 4,5798
5,1921 5,2255
574 21:48
4,4381 4,4704
4,0984 4,1310
4,5471 4,5804
5,1932 5,2266
575 21:49
4,4383 4,4706
4,0981 4,1308
4,5473 4,5804
5,1928 5,2264
576 21:50
4,4387 4,4710
4,0988 4,1317
4,5478 4,5808
5,1932 5,2266
577 21:51
4,4389 4,4712
4,0990 4,1319
4,5474 4,5805
5,1935 5,2269
578 21:52
4,4387 4,4711
4,0989 4,1315
4,5473 4,5808
5,1933 5,2267
579 21:53
4,4388 4,4711
4,0987 4,1315
4,5478 4,5809
5,1934 5,2268
580 21:54
4,4389 4,4712
4,0990 4,1319
4,5486 4,5820
5,1935 5,2269
#======================
2023-6-14
# 1.EUR, 2.USD, 3.CHF, 4.GBP
Sell Price, Buy Price
#======================
2023-6-14
# 1.EUR, 2.USD, 3.CHF, 4.GBP
Sell Price, Buy Price
