4 00:25:21
4,4365 4,4912
4,0594 4,1128
4,6227 4,6791
5,1681 5,2265
1 00:26:20
1 10:54:21
4,4493 4,4817
4,0888 4,1211
4,6421 4,6752
5,1960 5,2295
2 10:55:21
4,4498 4,4822
4,0896 4,1222
4,6425 4,6756
5,1967 5,2302
3 10:56:20
4,4489 4,4813
4,0886 4,1209
4,6415 4,6746
5,1962 5,2297
4 10:57:20
4,4490 4,4814
4,0890 4,1215
4,6416 4,6747
5,1960 5,2295
5 10:58:20
4,4503 4,4827
4,0910 4,1238
4,6439 4,6771
5,1973 5,2308
6 10:59:21
4,4501 4,4825
4,0909 4,1235
4,6434 4,6768
5,1970 5,2305
7 11:00:21
4,4503 4,4827
4,0914 4,1237
4,6435 4,6766
5,1973 5,2308
8 11:01:21
4,4525 4,4853
4,0938 4,1270
4,6458 4,6793
5,2011 5,2347
9 11:02:20
4,4521 4,4845
4,0939 4,1267
4,6463 4,6793
5,2006 5,2341
10 11:03:21
4,4516 4,4840
4,0940 4,1269
4,6467 4,6797
5,1993 5,2328
11 11:04:21
4,4493 4,4817
4,0943 4,1271
4,6459 4,6791
5,1985 5,2320
12 11:05:21
4,4487 4,4811
4,0945 4,1273
4,6462 4,6792
5,1984 5,2319
13 11:06:21
4,4488 4,4812
4,0945 4,1273
4,6462 4,6793
5,1991 5,2326
14 11:07:21
4,4488 4,4812
4,0934 4,1257
4,6452 4,6783
5,1983 5,2318
15 11:08:20
4,4487 4,4811
4,0929 4,1257
4,6446 4,6777
5,1971 5,2306
16 11:09:20
4,4460 4,4784
4,0898 4,1222
4,6414 4,6745
5,1941 5,2276
17 11:10:21
4,4466 4,4790
4,0903 4,1229
4,6412 4,6743
5,1934 5,2269
18 11:11:21
4,4469 4,4793
4,0899 4,1223
4,6415 4,6746
5,1937 5,2272
19 11:12:21
4,4468 4,4792
4,0901 4,1229
4,6411 4,6742
5,1933 5,2268
20 11:13:20
4,4464 4,4788
4,0905 4,1229
4,6405 4,6739
5,1933 5,2268
21 11:14:20
4,4465 4,4789
4,0905 4,1229
4,6409 4,6740
5,1933 5,2268
22 11:15:21
4,4463 4,4787
4,0901 4,1227
4,6402 4,6733
5,1931 5,2266
23 11:16:21
4,4466 4,4790
4,0907 4,1232
4,6397 4,6728
5,1923 5,2258
24 11:17:21
4,4462 4,4786
4,0901 4,1224
4,6391 4,6722
5,1923 5,2258
25 11:18:21
4,4465 4,4789
4,0898 4,1221
4,6394 4,6725
5,1933 5,2268
26 11:19:20
4,4469 4,4793
4,0901 4,1228
4,6393 4,6724
5,1929 5,2264
27 11:20:20
4,4473 4,4797
4,0909 4,1233
4,6393 4,6724
5,1931 5,2266
28 11:21:20
4,4477 4,4801
4,0912 4,1235
4,6393 4,6724
5,1932 5,2267
29 11:22:21
4,4478 4,4802
4,0917 4,1240
4,6405 4,6736
5,1936 5,2271
30 11:23:21
4,4492 4,4816
4,0923 4,1247
4,6423 4,6754
5,1942 5,2277
31 11:24:21
4,4491 4,4815
4,0918 4,1245
4,6418 4,6751
5,1940 5,2275
32 11:25:21
4,4488 4,4812
4,0915 4,1238
4,6411 4,6742
5,1935 5,2270
33 11:26:21
4,4487 4,4811
4,0910 4,1237
4,6398 4,6729
5,1923 5,2258
34 11:27:20
4,4499 4,4823
4,0925 4,1252
4,6406 4,6737
5,1931 5,2266
35 11:28:20
4,4509 4,4833
4,0943 4,1268
4,6417 4,6748
5,1942 5,2277
36 11:29:21
4,4498 4,4822
4,0925 4,1248
4,6406 4,6737
5,1924 5,2259
37 11:30:21
4,4499 4,4823
4,0926 4,1250
4,6401 4,6732
5,1925 5,2260
38 11:31:21
4,4515 4,4839
4,0947 4,1274
4,6417 4,6748
5,1943 5,2278
39 11:32:21
4,4507 4,4831
4,0933 4,1260
4,6409 4,6740
5,1931 5,2266
40 11:33:21
4,4514 4,4838
4,0933 4,1259
4,6417 4,6748
5,1943 5,2278
41 11:34:20
4,4505 4,4829
4,0934 4,1257
4,6407 4,6738
5,1938 5,2273
42 11:35:20
4,4505 4,4829
4,0935 4,1258
4,6407 4,6738
5,1933 5,2268
43 11:36:21
4,4504 4,4828
4,0933 4,1257
4,6406 4,6737
5,1937 5,2272
44 11:37:21
4,4504 4,4828
4,0937 4,1260
4,6401 4,6732
5,1930 5,2265
45 11:38:21
4,4501 4,4825
4,0931 4,1258
4,6398 4,6729
5,1928 5,2263
46 11:39:21
4,4503 4,4827
4,0936 4,1259
4,6390 4,6721
5,1923 5,2258
47 11:40:20
4,4503 4,4827
4,0941 4,1264
4,6399 4,6731
5,1930 5,2265
48 11:41:20
4,4507 4,4831
4,0937 4,1260
4,6395 4,6726
5,1929 5,2264
49 11:42:21
4,4497 4,4821
4,0923 4,1250
4,6374 4,6705
5,1916 5,2251
50 11:43:21
4,4499 4,4823
4,0925 4,1252
4,6372 4,6703
5,1919 5,2254
51 11:44:21
4,4501 4,4825
4,0923 4,1250
4,6379 4,6710
5,1921 5,2256
52 11:45:20
4,4494 4,4818
4,0921 4,1244
4,6371 4,6702
5,1910 5,2245
53 11:46:20
4,4498 4,4822
4,0920 4,1247
4,6375 4,6706
5,1911 5,2246
54 11:47:21
4,4490 4,4814
4,0910 4,1233
4,6370 4,6701
5,1914 5,2249
55 11:48:20
4,4490 4,4814
4,0908 4,1232
4,6372 4,6703
5,1920 5,2255
56 11:49:20
4,4488 4,4812
4,0910 4,1234
4,6370 4,6701
5,1930 5,2265
57 11:50:21
4,4489 4,4813
4,0917 4,1240
4,6370 4,6701
5,1931 5,2266
58 11:51:21
4,4487 4,4811
4,0916 4,1239
4,6360 4,6691
5,1930 5,2265
59 11:52:21
4,4489 4,4813
4,0916 4,1239
4,6359 4,6690
5,1935 5,2270
60 11:53:21
4,4487 4,4811
4,0913 4,1237
4,6360 4,6691
5,1926 5,2261
61 11:54:21
4,4489 4,4813
4,0914 4,1238
4,6363 4,6694
5,1925 5,2260
62 11:55:21
4,4489 4,4813
4,0912 4,1235
4,6356 4,6687
5,1933 5,2268
63 11:56:20
4,4499 4,4823
4,0926 4,1249
4,6368 4,6699
5,1950 5,2285
64 11:57:21
4,4500 4,4824
4,0926 4,1249
4,6382 4,6713
5,1944 5,2279
65 11:58:21
4,4499 4,4823
4,0918 4,1242
4,6376 4,6707
5,1949 5,2284
66 11:59:21
4,4500 4,4824
4,0921 4,1246
4,6377 4,6708
5,1950 5,2285
67 12:00:21
4,4496 4,4820
4,0918 4,1245
4,6373 4,6704
5,1946 5,2281
68 12:01:20
4,4499 4,4823
4,0921 4,1249
4,6381 4,6712
5,1955 5,2290
69 12:02:20
4,4498 4,4822
4,0921 4,1245
4,6380 4,6711
5,1948 5,2283
70 12:03:21
4,4496 4,4820
4,0920 4,1246
4,6384 4,6717
5,1933 5,2268
71 12:04:21
4,4495 4,4819
4,0922 4,1246
4,6372 4,6703
5,1938 5,2273
72 12:05:21
4,4496 4,4820
4,0923 4,1248
4,6378 4,6709
5,1937 5,2272
73 12:06:21
4,4496 4,4820
4,0927 4,1253
4,6380 4,6712
5,1929 5,2264
74 12:07:21
4,4496 4,4820
4,0930 4,1253
4,6379 4,6710
5,1928 5,2263
75 12:08:21
4,4497 4,4821
4,0932 4,1258
4,6387 4,6719
5,1932 5,2267
76 12:09:20
4,4501 4,4825
4,0931 4,1254
4,6393 4,6724
5,1930 5,2265
77 12:10:21
4,4502 4,4826
4,0937 4,1263
4,6392 4,6724
5,1934 5,2269
78 12:11:21
4,4503 4,4827
4,0958 4,1282
4,6409 4,6740
5,1947 5,2282
79 12:12:21
4,4502 4,4826
4,0951 4,1274
4,6404 4,6735
5,1945 5,2280
80 12:13:21
4,4499 4,4823
4,0947 4,1270
4,6400 4,6731
5,1949 5,2284
81 12:14:21
4,4506 4,4830
4,0958 4,1281
4,6412 4,6743
5,1963 5,2298
82 12:15:20
4,4507 4,4831
4,0963 4,1286
4,6414 4,6745
5,1962 5,2297
83 12:16:21
4,4498 4,4822
4,0956 4,1282
4,6407 4,6738
5,1948 5,2283
84 12:17:21
4,4505 4,4829
4,0967 4,1292
4,6418 4,6749
5,1957 5,2292
85 12:18:21
4,4507 4,4831
4,0969 4,1292
4,6423 4,6754
5,1952 5,2287
86 12:19:21
4,4502 4,4826
4,0964 4,1287
4,6418 4,6749
5,1947 5,2282
87 12:20:21
4,4506 4,4830
4,0968 4,1291
4,6437 4,6768
5,1960 5,2295
88 12:21:21
4,4501 4,4825
4,0960 4,1284
4,6427 4,6758
5,1958 5,2293
89 12:22:20
4,4503 4,4827
4,0961 4,1284
4,6430 4,6761
5,1959 5,2294
90 12:23:21
4,4503 4,4827
4,0965 4,1288
4,6436 4,6767
5,1972 5,2307
91 12:24:21
4,4506 4,4830
4,0963 4,1286
4,6432 4,6763
5,1973 5,2308
92 12:25:21
4,4509 4,4833
4,0966 4,1289
4,6440 4,6771
5,1985 5,2320
93 12:26:21
4,4507 4,4831
4,0961 4,1284
4,6442 4,6773
5,1983 5,2318
94 12:27:20
4,4509 4,4833
4,0955 4,1278
4,6445 4,6776
5,1986 5,2321
95 12:28:20
4,4506 4,4830
4,0949 4,1273
4,6442 4,6773
5,1970 5,2305
96 12:29:20
4,4507 4,4831
4,0943 4,1266
4,6448 4,6779
5,1964 5,2299
97 12:30:21
4,4507 4,4831
4,0946 4,1269
4,6448 4,6779
5,1971 5,2306
98 12:31:21
4,4507 4,4831
4,0950 4,1273
4,6448 4,6779
5,1965 5,2300
99 12:32:21
4,4507 4,4831
4,0951 4,1274
4,6443 4,6774
5,1968 5,2303
100 12:33:20
4,4507 4,4831
4,0942 4,1265
4,6443 4,6774
5,1956 5,2291
101 12:34:20
4,4506 4,4830
4,0939 4,1262
4,6434 4,6765
5,1951 5,2286
102 12:35:21
4,4506 4,4830
4,0936 4,1261
4,6436 4,6767
5,1957 5,2292
103 12:36:21
4,4505 4,4829
4,0931 4,1254
4,6430 4,6760
5,1944 5,2279
104 12:37:21
4,4505 4,4829
4,0935 4,1258
4,6429 4,6759
5,1932 5,2267
105 12:38:21
4,4506 4,4830
4,0936 4,1259
4,6432 4,6762
5,1937 5,2272
106 12:39:21
4,4505 4,4829
4,0932 4,1257
4,6433 4,6763
5,1932 5,2267
107 12:40:20
4,4503 4,4827
4,0918 4,1241
4,6435 4,6765
5,1927 5,2262
108 12:41:20
4,4505 4,4829
4,0928 4,1253
4,6436 4,6767
5,1932 5,2267
109 12:42:21
4,4504 4,4828
4,0927 4,1250
4,6436 4,6767
5,1938 5,2273
110 12:43:21
4,4500 4,4824
4,0927 4,1250
4,6429 4,6760
5,1933 5,2268
111 12:44:21
4,4502 4,4826
4,0932 4,1255
4,6436 4,6767
5,1947 5,2282
112 12:45:21
4,4500 4,4824
4,0920 4,1245
4,6426 4,6757
5,1939 5,2274
113 12:46:20
4,4499 4,4823
4,0919 4,1245
4,6428 4,6760
5,1944 5,2279
114 12:47:20
4,4500 4,4824
4,0919 4,1242
4,6431 4,6762
5,1945 5,2280
115 12:48:21
4,4501 4,4825
4,0921 4,1247
4,6433 4,6766
5,1939 5,2274
116 12:49:21
4,4499 4,4823
4,0919 4,1245
4,6435 4,6766
5,1931 5,2266
117 12:50:21
4,4499 4,4823
4,0921 4,1244
4,6435 4,6766
5,1931 5,2266
118 12:51:20
4,4499 4,4823
4,0922 4,1247
4,6434 4,6765
5,1925 5,2260
119 12:52:20
4,4492 4,4816
4,0918 4,1241
4,6427 4,6758
5,1922 5,2257
120 12:53:21
4,4489 4,4813
4,0912 4,1235
4,6422 4,6753
5,1922 5,2257
121 12:54:21
4,4490 4,4814
4,0915 4,1238
4,6420 4,6751
5,1925 5,2260
122 12:55:21
4,4493 4,4817
4,0918 4,1242
4,6423 4,6754
5,1933 5,2268
123 12:56:21
4,4493 4,4817
4,0912 4,1235
4,6426 4,6757
5,1936 5,2271
124 12:57:20
4,4500 4,4824
4,0919 4,1246
4,6436 4,6767
5,1945 5,2280
125 12:58:20
4,4501 4,4825
4,0924 4,1250
4,6433 4,6766
5,1945 5,2280
126 12:59:21
4,4505 4,4829
4,0931 4,1254
4,6439 4,6770
5,1932 5,2267
127 13:00:21
4,4505 4,4829
4,0931 4,1254
4,6439 4,6770
5,1932 5,2267
128 13:01:21
4,4521 4,4846
4,0953 4,1276
4,6459 4,6790
5,1950 5,2285
129 13:02:21
4,4523 4,4848
4,0960 4,1284
4,6462 4,6796
5,1953 5,2288
130 13:03:20
4,4514 4,4839
4,0946 4,1271
4,6452 4,6785
5,1936 5,2271
131 13:04:20
4,4513 4,4838
4,0939 4,1266
4,6450 4,6781
5,1929 5,2264
132 13:05:20
4,4511 4,4836
4,0943 4,1272
4,6452 4,6783
5,1926 5,2261
133 13:06:21
4,4504 4,4829
4,0937 4,1265
4,6439 4,6770
5,1922 5,2256
134 13:07:21
4,4498 4,4823
4,0944 4,1269
4,6429 4,6760
5,1912 5,2246
135 13:08:21
4,4494 4,4819
4,0938 4,1262
4,6429 4,6760
5,1904 5,2238
136 13:09:21
4,4491 4,4816
4,0933 4,1256
4,6421 4,6752
5,1898 5,2232
137 13:10:21
4,4486 4,4811
4,0925 4,1249
4,6418 4,6751
5,1896 5,2230
138 13:11:20
4,4488 4,4812
4,0921 4,1249
4,6418 4,6748
5,1900 5,2234
139 13:12:20
4,4487 4,4811
4,0916 4,1246
4,6422 4,6752
5,1893 5,2227
140 13:13:21
4,4487 4,4811
4,0914 4,1241
4,6421 4,6751
5,1886 5,2220
141 13:14:21
4,4485 4,4809
4,0922 4,1248
4,6416 4,6748
5,1887 5,2221
142 13:15:21
4,4487 4,4811
4,0921 4,1249
4,6423 4,6753
5,1887 5,2221
143 13:16:21
4,4486 4,4810
4,0919 4,1245
4,6416 4,6746
5,1885 5,2220
144 13:17:20
4,4485 4,4809
4,0918 4,1248
4,6415 4,6745
5,1884 5,2219
145 13:18:20
4,4484 4,4810
4,0913 4,1241
4,6411 4,6742
5,1883 5,2220
146 13:19:21
4,4484 4,4810
4,0913 4,1241
4,6409 4,6741
5,1881 5,2216
147 13:20:21
4,4482 4,4810
4,0908 4,1238
4,6407 4,6741
5,1871 5,2209
148 13:21:21
4,4487 4,4811
4,0917 4,1245
4,6413 4,6743
5,1880 5,2215
149 13:22:21
4,4486 4,4810
4,0920 4,1244
4,6411 4,6741
5,1876 5,2211
150 13:23:21
4,4487 4,4811
4,0929 4,1254
4,6412 4,6742
5,1880 5,2215
151 13:24:21
4,4486 4,4810
4,0935 4,1264
4,6411 4,6741
5,1882 5,2217
152 13:25:21
4,4485 4,4809
4,0939 4,1268
4,6408 4,6741
5,1885 5,2220
153 13:26:20
4,4487 4,4811
4,0935 4,1265
4,6408 4,6738
5,1885 5,2221
154 13:27:20
4,4489 4,4814
4,0940 4,1270
4,6406 4,6741
5,1885 5,2221
155 13:28:21
4,4489 4,4813
4,0934 4,1264
4,6400 4,6732
5,1888 5,2224
156 13:29:23
4,4487 4,4813
4,0932 4,1263
4,6399 4,6730
5,1879 5,2217
157 13:30:22
4,4485 4,4811
4,0933 4,1263
4,6396 4,6729
5,1885 5,2222
158 13:31:23
4,4485 4,4809
4,0933 4,1263
4,6396 4,6726
5,1887 5,2222
159 13:32:20
4,4488 4,4812
4,0951 4,1281
4,6410 4,6741
5,1906 5,2241
160 13:33:20
4,4488 4,4812
4,0945 4,1273
4,6409 4,6739
5,1908 5,2243
161 13:34:20
4,4489 4,4813
4,0952 4,1279
4,6405 4,6735
5,1907 5,2242
162 13:35:21
4,4488 4,4812
4,0955 4,1283
4,6409 4,6739
5,1912 5,2247
163 13:36:21
4,4489 4,4815
4,0963 4,1295
4,6410 4,6746
5,1930 5,2268
164 13:37:21
4,4492 4,4816
4,0973 4,1299
4,6422 4,6752
5,1932 5,2268
165 13:38:21
4,4491 4,4815
4,0973 4,1301
4,6436 4,6766
5,1932 5,2268
166 13:39:20
4,4491 4,4815
4,0974 4,1299
4,6436 4,6766
5,1944 5,2280
167 13:40:20
4,4491 4,4815
4,0962 4,1291
4,6425 4,6756
5,1938 5,2274
168 13:41:23
4,4488 4,4812
4,0960 4,1289
4,6429 4,6763
5,1930 5,2266
169 13:42:22
4,4491 4,4815
4,0952 4,1281
4,6432 4,6762
5,1927 5,2263
170 13:43:21
4,4491 4,4815
4,0952 4,1279
4,6429 4,6760
5,1932 5,2268
171 13:44:21
4,4491 4,4815
4,0947 4,1271
4,6426 4,6756
5,1932 5,2268
172 13:45:21
4,4492 4,4816
4,0952 4,1276
4,6417 4,6747
5,1939 5,2275
173 13:46:20
4,4491 4,4815
4,0948 4,1274
4,6417 4,6747
5,1939 5,2274
174 13:47:21
4,4492 4,4816
4,0950 4,1274
4,6423 4,6753
5,1944 5,2279
175 13:48:21
4,4491 4,4815
4,0946 4,1271
4,6419 4,6749
5,1946 5,2281
176 13:49:21
4,4491 4,4815
4,0939 4,1263
4,6422 4,6752
5,1937 5,2272
177 13:50:21
4,4492 4,4816
4,0947 4,1272
4,6423 4,6753
5,1942 5,2277
178 13:51:21
4,4495 4,4819
4,0948 4,1274
4,6426 4,6756
5,1944 5,2278
179 13:52:21
4,4495 4,4819
4,0954 4,1278
4,6423 4,6753
5,1950 5,2284
180 13:53:20
4,4495 4,4819
4,0950 4,1274
4,6425 4,6755
5,1950 5,2284
181 13:54:20
4,4494 4,4818
4,0951 4,1277
4,6430 4,6760
5,1946 5,2280
182 13:55:21
4,4493 4,4817
4,0951 4,1276
4,6428 4,6758
5,1945 5,2279
183 13:56:21
4,4479 4,4803
4,0926 4,1252
4,6412 4,6742
5,1926 5,2260
184 13:57:21
4,4480 4,4804
4,0926 4,1254
4,6415 4,6745
5,1927 5,2261
185 13:58:21
4,4490 4,4814
4,0941 4,1265
4,6431 4,6761
5,1945 5,2279
186 13:59:21
4,4487 4,4811
4,0934 4,1258
4,6430 4,6760
5,1941 5,2275
187 14:00:21
4,4488 4,4812
4,0933 4,1257
4,6431 4,6762
5,1942 5,2276
188 14:01:21
4,4487 4,4811
4,0935 4,1258
4,6436 4,6767
5,1950 5,2285
189 14:02:21
4,4491 4,4815
4,0940 4,1263
4,6436 4,6767
5,1951 5,2286
190 14:03:20
4,4487 4,4811
4,0934 4,1259
4,6429 4,6760
5,1954 5,2289
191 14:04:20
4,4488 4,4812
4,0935 4,1260
4,6421 4,6752
5,1949 5,2284
192 14:05:21
4,4489 4,4813
4,0936 4,1261
4,6419 4,6750
5,1950 5,2285
193 14:06:21
4,4489 4,4813
4,0940 4,1266
4,6424 4,6755
5,1950 5,2285
194 14:07:21
4,4486 4,4810
4,0942 4,1266
4,6426 4,6757
5,1939 5,2274
195 14:08:20
4,4490 4,4814
4,0945 4,1271
4,6431 4,6762
5,1942 5,2277
196 14:09:20
4,4489 4,4813
4,0937 4,1260
4,6420 4,6751
5,1938 5,2273
197 14:10:20
4,4490 4,4814
4,0938 4,1261
4,6410 4,6741
5,1938 5,2273
198 14:11:21
4,4493 4,4817
4,0934 4,1258
4,6395 4,6726
5,1939 5,2274
199 14:12:21
4,4489 4,4813
4,0928 4,1251
4,6389 4,6720
5,1934 5,2269
200 14:13:21
4,4487 4,4811
4,0908 4,1233
4,6383 4,6714
5,1929 5,2264
201 14:14:21
4,4495 4,4819
4,0905 4,1228
4,6375 4,6706
5,1931 5,2266
202 14:15:20
4,4495 4,4819
4,0900 4,1223
4,6378 4,6709
5,1933 5,2268
203 14:16:20
4,4497 4,4821
4,0904 4,1228
4,6384 4,6715
5,1937 5,2272
204 14:17:20
4,4505 4,4829
4,0908 4,1231
4,6388 4,6719
5,1947 5,2282
205 14:18:21
4,4504 4,4828
4,0907 4,1230
4,6381 4,6712
5,1948 5,2283
206 14:19:21
4,4504 4,4828
4,0907 4,1230
4,6386 4,6717
5,1948 5,2283
207 14:20:21
4,4504 4,4828
4,0906 4,1229
4,6382 4,6713
5,1955 5,2290
208 14:21:21
4,4505 4,4829
4,0916 4,1239
4,6388 4,6719
5,1950 5,2285
209 14:22:20
4,4506 4,4830
4,0924 4,1247
4,6398 4,6729
5,1952 5,2287
210 14:23:21
4,4506 4,4830
4,0920 4,1243
4,6403 4,6734
5,1951 5,2286
211 14:24:21
4,4505 4,4829
4,0919 4,1242
4,6412 4,6743
5,1950 5,2285
212 14:25:21
4,4506 4,4830
4,0924 4,1247
4,6408 4,6739
5,1951 5,2286
213 14:26:21
4,4507 4,4831
4,0930 4,1253
4,6409 4,6740
5,1952 5,2287
214 14:27:21
4,4517 4,4841
4,0935 4,1258
4,6417 4,6748
5,1964 5,2299
215 14:28:20
4,4515 4,4839
4,0931 4,1256
4,6413 4,6744
5,1950 5,2285
216 14:29:20
4,4509 4,4833
4,0920 4,1248
4,6409 4,6742
5,1937 5,2272
217 14:30:21
4,4509 4,4838
4,0920 4,1255
4,6400 4,6751
5,1931 5,2283
218 14:31:21
4,4510 4,4834
4,0932 4,1260
4,6408 4,6744
5,1944 5,2285
219 14:32:21
4,4515 4,4841
4,0899 4,1229
4,6409 4,6749
5,1953 5,2290
220 14:33:21
4,4509 4,4833
4,0893 4,1221
4,6398 4,6732
5,1936 5,2271
221 14:34:23
4,4511 4,4835
4,0911 4,1237
4,6395 4,6728
5,1945 5,2280
222 14:35:21
4,4511 4,4835
4,0914 4,1237
4,6394 4,6725
5,1945 5,2280
223 14:36:21
4,4518 4,4844
4,0920 4,1245
4,6397 4,6728
5,1942 5,2277
224 14:37:20
4,4517 4,4843
4,0935 4,1261
4,6396 4,6727
5,1943 5,2278
225 14:38:20
4,4518 4,4844
4,0953 4,1277
4,6402 4,6733
5,1954 5,2289
226 14:39:21
4,4519 4,4845
4,0955 4,1279
4,6403 4,6734
5,1949 5,2284
227 14:40:21
4,4529 4,4855
4,0971 4,1297
4,6418 4,6750
5,1958 5,2293
228 14:41:21
4,4521 4,4846
4,0954 4,1282
4,6405 4,6736
5,1951 5,2286
229 14:42:21
4,4531 4,4856
4,0955 4,1282
4,6419 4,6750
5,1974 5,2309
230 14:43:21
4,4528 4,4853
4,0967 4,1295
4,6416 4,6747
5,1964 5,2299
231 14:44:21
4,4527 4,4852
4,0970 4,1294
4,6412 4,6746
5,1951 5,2286
232 14:45:21
4,4512 4,4837
4,0952 4,1279
4,6395 4,6726
5,1939 5,2274
233 14:46:21
4,4512 4,4836
4,0956 4,1279
4,6398 4,6730
5,1945 5,2280
234 14:47:21
4,4511 4,4835
4,0960 4,1286
4,6394 4,6725
5,1953 5,2288
235 14:48:20
4,4509 4,4833
4,0947 4,1273
4,6396 4,6727
5,1948 5,2283
236 14:49:20
4,4506 4,4830
4,0951 4,1279
4,6395 4,6728
5,1945 5,2280
237 14:50:22
4,4502 4,4826
4,0948 4,1276
4,6398 4,6729
5,1952 5,2287
238 14:51:23
4,4496 4,4820
4,0933 4,1260
4,6407 4,6738
5,1942 5,2277
239 14:52:21
4,4500 4,4824
4,0942 4,1266
4,6407 4,6738
5,1945 5,2280
240 14:53:22
4,4504 4,4828
4,0940 4,1267
4,6416 4,6747
5,1949 5,2284
241 14:54:21
4,4501 4,4825
4,0930 4,1253
4,6412 4,6743
5,1945 5,2280
242 14:55:21
4,4497 4,4821
4,0920 4,1247
4,6431 4,6762
5,1947 5,2282
243 14:56:21
4,4499 4,4823
4,0920 4,1245
4,6420 4,6751
5,1943 5,2278
244 14:57:20
4,4507 4,4831
4,0927 4,1256
4,6433 4,6764
5,1949 5,2284
245 14:58:20
4,4517 4,4841
4,0938 4,1266
4,6444 4,6775
5,1970 5,2305
246 14:59:20
4,4512 4,4836
4,0953 4,1276
4,6444 4,6775
5,1965 5,2300
247 15:00:20
4,4506 4,4831
4,0932 4,1262
4,6442 4,6774
5,1951 5,2287
248 15:01:21
4,4508 4,4835
4,0940 4,1267
4,6459 4,6792
5,1962 5,2298
249 15:02:21
4,4514 4,4842
4,0952 4,1281
4,6455 4,6795
5,1967 5,2305
250 15:03:21
4,4528 4,4857
4,0971 4,1303
4,6475 4,6810
5,1984 5,2324
251 15:04:21
4,4530 4,4855
4,0984 4,1310
4,6460 4,6791
5,1979 5,2314
252 15:05:21
4,4531 4,4856
4,0991 4,1316
4,6465 4,6797
5,1974 5,2309
253 15:06:21
4,4530 4,4854
4,1018 4,1343
4,6467 4,6798
5,1973 5,2308
254 15:07:21
4,4521 4,4845
4,1007 4,1333
4,6452 4,6783
5,1974 5,2309
255 15:08:21
4,4523 4,4847
4,1005 4,1331
4,6455 4,6786
5,1965 5,2300
256 15:09:21
4,4521 4,4845
4,1010 4,1333
4,6458 4,6789
5,1957 5,2292
257 15:10:20
4,4520 4,4844
4,1010 4,1335
4,6457 4,6788
5,1962 5,2297
258 15:11:20
4,4522 4,4846
4,1009 4,1334
4,6454 4,6785
5,1970 5,2305
259 15:12:21
4,4511 4,4835
4,1000 4,1326
4,6442 4,6773
5,1957 5,2292
260 15:13:21
4,4514 4,4839
4,1005 4,1332
4,6440 4,6771
5,1960 5,2296
261 15:14:21
4,4510 4,4834
4,0987 4,1312
4,6436 4,6767
5,1949 5,2284
262 15:15:21
4,4506 4,4834
4,0981 4,1313
4,6428 4,6763
5,1958 5,2297
263 15:16:21
4,4514 4,4838
4,0983 4,1312
4,6436 4,6767
5,1981 5,2316
264 15:17:21
4,4513 4,4838
4,0986 4,1316
4,6435 4,6767
5,1977 5,2312
265 15:18:21
4,4515 4,4840
4,0988 4,1318
4,6443 4,6778
5,1980 5,2316
266 15:19:20
4,4520 4,4845
4,0993 4,1319
4,6457 4,6792
5,1989 5,2324
267 15:20:20
4,4514 4,4838
4,0984 4,1314
4,6451 4,6787
5,2000 5,2335
268 15:21:21
4,4503 4,4827
4,0976 4,1302
4,6435 4,6766
5,1984 5,2319
269 15:22:21
4,4507 4,4833
4,0988 4,1315
4,6438 4,6771
5,1987 5,2322
270 15:23:21
4,4510 4,4834
4,0993 4,1319
4,6437 4,6768
5,1991 5,2326
271 15:24:21
4,4501 4,4827
4,0984 4,1314
4,6437 4,6770
5,1983 5,2319
272 15:25:20
4,4500 4,4824
4,0974 4,1303
4,6435 4,6766
5,1978 5,2313
273 15:26:20
4,4495 4,4820
4,0973 4,1302
4,6416 4,6747
5,1975 5,2310
274 15:27:21
4,4492 4,4820
4,0978 4,1311
4,6428 4,6762
5,1977 5,2311
275 15:28:21
4,4492 4,4818
4,0974 4,1305
4,6429 4,6760
5,1978 5,2314
276 15:29:21
4,4491 4,4818
4,0966 4,1294
4,6426 4,6758
5,1982 5,2318
277 15:30:21
4,4496 4,4824
4,0968 4,1298
4,6436 4,6771
5,1990 5,2327
278 15:31:21
4,4498 4,4824
4,0961 4,1292
4,6424 4,6756
5,1969 5,2304
279 15:32:20
4,4500 4,4824
4,0965 4,1289
4,6416 4,6746
5,1956 5,2291
280 15:33:20
4,4501 4,4825
4,0971 4,1296
4,6427 4,6757
5,1967 5,2302
281 15:34:21
4,4500 4,4824
4,0959 4,1288
4,6421 4,6751
5,1956 5,2291
282 15:35:21
4,4505 4,4829
4,0975 4,1301
4,6427 4,6757
5,1956 5,2291
283 15:36:21
4,4509 4,4835
4,0988 4,1317
4,6437 4,6768
5,1969 5,2305
284 15:37:21
4,4505 4,4830
4,0986 4,1313
4,6441 4,6772
5,1987 5,2322
285 15:38:21
4,4489 4,4815
4,0964 4,1295
4,6420 4,6752
5,1974 5,2311
286 15:39:20
4,4495 4,4821
4,0978 4,1307
4,6440 4,6772
5,2003 5,2338
287 15:41:20
4,4492 4,4816
4,0986 4,1311
4,6432 4,6763
5,2008 5,2343
288 15:42:20
4,4492 4,4816
4,1011 4,1341
4,6437 4,6768
5,2019 5,2354
289 15:43:21
4,4500 4,4829
4,1006 4,1340
4,6431 4,6771
5,2041 5,2382
290 15:44:21
4,4499 4,4823
4,1007 4,1334
4,6420 4,6751
5,2028 5,2363
291 15:45:21
4,4506 4,4830
4,1007 4,1337
4,6432 4,6764
5,2036 5,2371
292 15:46:21
4,4499 4,4827
4,0992 4,1325
4,6421 4,6756
5,2029 5,2368
293 15:47:21
4,4496 4,4820
4,1008 4,1333
4,6432 4,6767
5,2031 5,2366
294 15:48:21
4,4500 4,4825
4,1047 4,1373
4,6445 4,6776
5,2041 5,2376
295 15:49:20
4,4498 4,4823
4,1030 4,1359
4,6448 4,6780
5,2042 5,2377
296 15:50:20
4,4497 4,4821
4,1038 4,1366
4,6433 4,6764
5,2040 5,2375
297 15:51:21
4,4500 4,4824
4,1046 4,1373
4,6440 4,6771
5,2042 5,2377
298 15:52:21
4,4495 4,4819
4,1040 4,1366
4,6435 4,6766
5,2030 5,2365
299 15:53:21
4,4498 4,4823
4,1035 4,1363
4,6438 4,6770
5,2027 5,2363
300 15:54:21
4,4496 4,4820
4,1025 4,1352
4,6435 4,6767
5,2025 5,2360
301 15:55:21
4,4498 4,4822
4,1030 4,1356
4,6429 4,6760
5,2027 5,2362
302 15:56:20
4,4498 4,4822
4,1030 4,1358
4,6429 4,6760
5,2020 5,2355
303 15:57:20
4,4498 4,4822
4,1031 4,1355
4,6429 4,6760
5,2009 5,2344
304 15:58:20
4,4498 4,4822
4,1011 4,1339
4,6428 4,6759
5,2014 5,2349
305 15:59:21
4,4500 4,4824
4,1017 4,1340
4,6430 4,6761
5,2029 5,2364
306 16:00:21
4,4500 4,4824
4,1017 4,1340
4,6431 4,6762
5,2030 5,2365
307 16:01:21
4,4506 4,4830
4,1033 4,1357
4,6447 4,6778
5,2025 5,2360
308 16:02:21
4,4505 4,4829
4,1008 4,1333
4,6446 4,6777
5,2018 5,2353
309 16:03:21
4,4503 4,4827
4,1012 4,1335
4,6449 4,6780
5,2011 5,2346
310 16:04:21
4,4502 4,4826
4,1003 4,1328
4,6443 4,6774
5,2002 5,2337
311 16:05:20
4,4505 4,4829
4,0999 4,1322
4,6441 4,6772
5,2005 5,2340
312 16:06:20
4,4506 4,4830
4,1009 4,1332
4,6442 4,6773
5,2000 5,2335
313 16:07:21
4,4506 4,4830
4,1005 4,1330
4,6440 4,6771
5,1994 5,2329
314 16:08:21
4,4506 4,4830
4,1005 4,1331
4,6442 4,6773
5,1994 5,2329
315 16:09:21
4,4500 4,4824
4,1007 4,1332
4,6446 4,6777
5,1987 5,2322
316 16:10:21
4,4504 4,4828
4,1011 4,1336
4,6450 4,6781
5,1990 5,2325
317 16:11:21
4,4508 4,4832
4,1031 4,1354
4,6452 4,6785
5,1992 5,2327
318 16:12:21
4,4511 4,4835
4,1038 4,1361
4,6456 4,6789
5,1993 5,2328
319 16:13:21
4,4515 4,4839
4,1037 4,1360
4,6464 4,6797
5,1997 5,2332
320 16:14:21
4,4515 4,4839
4,1040 4,1363
4,6475 4,6808
5,2003 5,2338
321 16:15:21
4,4515 4,4839
4,1037 4,1361
4,6466 4,6799
5,2003 5,2338
322 16:16:21
4,4515 4,4839
4,1038 4,1361
4,6466 4,6797
5,2005 5,2340
323 16:17:20
4,4515 4,4839
4,1038 4,1361
4,6466 4,6797
5,2011 5,2346
324 16:18:20
4,4515 4,4839
4,1044 4,1367
4,6467 4,6798
5,2011 5,2346
325 16:19:21
4,4515 4,4839
4,1035 4,1358
4,6464 4,6795
5,2011 5,2346
326 16:20:21
4,4514 4,4838
4,1034 4,1357
4,6461 4,6792
5,2001 5,2336
327 16:21:21
4,4525 4,4849
4,1038 4,1362
4,6471 4,6802
5,2009 5,2344
328 16:22:21
4,4521 4,4845
4,1018 4,1342
4,6472 4,6803
5,2008 5,2343
329 16:23:20
4,4522 4,4846
4,1019 4,1343
4,6473 4,6804
5,2006 5,2341
330 16:24:20
4,4524 4,4848
4,1036 4,1361
4,6461 4,6792
5,2009 5,2344
331 16:25:21
4,4523 4,4847
4,1023 4,1350
4,6468 4,6799
5,2004 5,2339
332 16:26:21
4,4523 4,4847
4,1032 4,1358
4,6470 4,6801
5,1996 5,2331
333 16:27:21
4,4523 4,4847
4,1032 4,1358
4,6470 4,6801
5,1999 5,2334
334 16:28:21
4,4523 4,4847
4,1027 4,1350
4,6470 4,6801
5,2002 5,2337
335 16:29:21
4,4520 4,4844
4,1027 4,1351
4,6462 4,6793
5,1990 5,2325
336 16:30:20
4,4523 4,4847
4,1025 4,1349
4,6465 4,6796
5,1995 5,2330
337 16:31:20
4,4530 4,4854
4,1031 4,1357
4,6481 4,6812
5,2010 5,2345
338 16:32:21
4,4528 4,4853
4,1038 4,1368
4,6484 4,6815
5,2010 5,2345
339 16:33:21
4,4527 4,4851
4,1054 4,1377
4,6482 4,6814
5,2010 5,2345
340 16:34:21
4,4528 4,4852
4,1050 4,1376
4,6487 4,6820
5,2002 5,2337
341 16:35:21
4,4532 4,4856
4,1047 4,1371
4,6484 4,6815
5,1994 5,2329
342 16:36:21
4,4527 4,4851
4,1024 4,1349
4,6483 4,6814
5,1994 5,2329
343 16:37:21
4,4530 4,4854
4,1043 4,1368
4,6479 4,6813
5,2000 5,2335
344 16:38:21
4,4531 4,4855
4,1045 4,1372
4,6483 4,6814
5,2023 5,2358
345 16:39:21
4,4536 4,4860
4,1055 4,1378
4,6488 4,6819
5,2035 5,2370
346 16:40:20
4,4548 4,4872
4,1065 4,1392
4,6505 4,6836
5,2049 5,2384
347 16:41:20
4,4546 4,4872
4,1070 4,1402
4,6503 4,6836
5,2041 5,2379
348 16:42:20
4,4551 4,4875
4,1078 4,1407
4,6508 4,6839
5,2040 5,2375
349 16:43:21
4,4564 4,4888
4,1102 4,1427
4,6523 4,6854
5,2043 5,2378
350 16:44:21
4,4568 4,4894
4,1105 4,1436
4,6523 4,6855
5,2049 5,2386
351 16:45:21
4,4578 4,4905
4,1115 4,1443
4,6532 4,6866
5,2064 5,2399
352 16:46:21
4,4588 4,4914
4,1105 4,1436
4,6538 4,6875
5,2072 5,2407
353 16:47:20
4,4581 4,4916
4,1097 4,1432
4,6525 4,6866
5,2089 5,2435
354 16:48:21
4,4606 4,4930
4,1118 4,1448
4,6551 4,6882
5,2123 5,2458
355 16:49:21
4,4590 4,4919
4,1109 4,1440
4,6529 4,6866
5,2097 5,2439
356 16:50:21
4,4592 4,4918
4,1123 4,1454
4,6532 4,6870
5,2095 5,2433
357 16:51:21
4,4587 4,4912
4,1126 4,1456
4,6527 4,6859
5,2082 5,2417
358 16:52:21
4,4579 4,4908
4,1115 4,1444
4,6523 4,6863
5,2078 5,2419
359 16:53:20
4,4589 4,4913
4,1126 4,1452
4,6524 4,6859
5,2097 5,2432
360 16:54:20
4,4583 4,4908
4,1119 4,1445
4,6518 4,6854
5,2095 5,2431
361 16:55:21
4,4586 4,4910
4,1115 4,1440
4,6517 4,6848
5,2092 5,2427
362 16:56:21
4,4582 4,4913
4,1091 4,1426
4,6507 4,6845
5,2082 5,2425
363 16:57:21
4,4588 4,4912
4,1098 4,1426
4,6508 4,6839
5,2095 5,2430
364 16:58:21
4,4580 4,4904
4,1091 4,1417
4,6485 4,6816
5,2080 5,2415
365 16:59:20
4,4575 4,4900
4,1076 4,1404
4,6503 4,6834
5,2080 5,2415
366 17:00:21
4,4556 4,4880
4,1048 4,1371
4,6465 4,6796
5,2052 5,2387
367 17:01:21
4,4556 4,4880
4,1048 4,1371
4,6465 4,6796
5,2052 5,2387
368 17:02:20
4,4556 4,4880
4,1048 4,1371
4,6465 4,6796
5,2052 5,2387
369 17:03:21
4,4556 4,4880
4,1048 4,1371
4,6465 4,6796
5,2052 5,2387
370 17:04:21
4,4556 4,4880
4,1048 4,1371
4,6465 4,6796
5,2052 5,2387
371 17:05:21
4,4552 4,4879
4,1071 4,1402
4,6461 4,6795
5,2054 5,2392
372 17:06:21
4,4552 4,4878
4,1079 4,1410
4,6470 4,6803
5,2054 5,2391
373 17:07:20
4,4551 4,4875
4,1071 4,1397
4,6475 4,6811
5,2052 5,2387
374 17:08:21
4,4550 4,4876
4,1069 4,1400
4,6464 4,6797
5,2050 5,2385
375 17:09:21
4,4558 4,4882
4,1076 4,1401
4,6473 4,6804
5,2055 5,2390
376 17:10:21
4,4544 4,4870
4,1057 4,1384
4,6459 4,6791
5,2057 5,2394
377 17:11:20
4,4535 4,4859
4,1049 4,1379
4,6444 4,6776
5,2047 5,2382
378 17:12:20
4,4535 4,4859
4,1060 4,1389
4,6448 4,6779
5,2045 5,2380
379 17:13:21
4,4527 4,4851
4,1050 4,1378
4,6435 4,6766
5,2043 5,2378
380 17:14:21
4,4532 4,4856
4,1062 4,1389
4,6445 4,6776
5,2050 5,2389
381 17:15:21
4,4524 4,4850
4,1057 4,1384
4,6437 4,6770
5,2046 5,2383
382 17:16:20
4,4528 4,4852
4,1052 4,1375
4,6426 4,6757
5,2050 5,2385
383 17:17:21
4,4528 4,4852
4,1052 4,1375
4,6426 4,6757
5,2050 5,2385
384 17:18:21
4,4530 4,4854
4,1054 4,1377
4,6428 4,6759
5,2058 5,2393
385 17:19:21
4,4531 4,4855
4,1055 4,1378
4,6429 4,6760
5,2060 5,2395
386 17:20:20
4,4524 4,4848
4,1048 4,1371
4,6421 4,6752
5,2051 5,2386
387 17:21:21
4,4524 4,4848
4,1048 4,1371
4,6421 4,6752
5,2045 5,2380
388 17:22:21
4,4524 4,4848
4,1048 4,1371
4,6421 4,6752
5,2048 5,2383
389 17:23:23
4,4518 4,4842
4,1043 4,1366
4,6413 4,6744
5,2038 5,2373
390 17:24:21
4,4519 4,4843
4,1049 4,1372
4,6414 4,6745
5,2048 5,2383
391 17:25:21
4,4519 4,4843
4,1049 4,1372
4,6414 4,6745
5,2048 5,2383
392 17:26:20
4,4519 4,4843
4,1048 4,1371
4,6414 4,6745
5,2048 5,2383
393 17:27:21
4,4517 4,4841
4,1047 4,1370
4,6412 4,6743
5,2046 5,2381
394 17:28:21
4,4511 4,4835
4,1038 4,1361
4,6405 4,6736
5,2039 5,2374
395 17:29:21
4,4511 4,4835
4,1038 4,1361
4,6405 4,6736
5,2039 5,2374
396 17:30:21
4,4519 4,4843
4,1046 4,1369
4,6413 4,6744
5,2048 5,2383
397 17:31:21
4,4518 4,4842
4,1046 4,1369
4,6420 4,6751
5,2044 5,2379
398 17:32:21
4,4514 4,4838
4,1045 4,1368
4,6416 4,6747
5,2040 5,2375
399 17:33:21
4,4513 4,4837
4,1051 4,1374
4,6415 4,6746
5,2032 5,2367
400 17:34:20
4,4513 4,4837
4,1053 4,1376
4,6415 4,6746
5,2032 5,2367
401 17:35:21
4,4513 4,4837
4,1053 4,1376
4,6415 4,6746
5,2023 5,2358
402 17:36:21
4,4521 4,4845
4,1061 4,1384
4,6423 4,6754
5,2033 5,2368
403 17:37:21
4,4523 4,4847
4,1055 4,1378
4,6423 4,6754
5,2035 5,2370
404 17:38:21
4,4529 4,4853
4,1060 4,1383
4,6428 4,6759
5,2054 5,2389
405 17:39:20
4,4514 4,4838
4,1047 4,1370
4,6411 4,6742
5,2036 5,2371
406 17:40:21
4,4521 4,4845
4,1053 4,1376
4,6418 4,6749
5,2044 5,2379
407 17:41:21
4,4521 4,4845
4,1053 4,1376
4,6433 4,6764
5,2044 5,2379
408 17:42:21
4,4521 4,4845
4,1053 4,1376
4,6433 4,6764
5,2044 5,2379
409 17:43:21
4,4518 4,4842
4,1051 4,1374
4,6428 4,6759
5,2041 5,2376
410 17:44:20
4,4511 4,4835
4,1066 4,1389
4,6421 4,6752
5,2033 5,2368
411 17:45:20
4,4509 4,4833
4,1069 4,1392
4,6418 4,6749
5,2021 5,2356
412 17:46:21
4,4512 4,4836
4,1071 4,1394
4,6433 4,6764
5,2025 5,2360
413 17:47:21
4,4512 4,4836
4,1075 4,1398
4,6433 4,6764
5,2025 5,2360
414 17:48:21
4,4541 4,4865
4,1102 4,1425
4,6464 4,6795
5,2060 5,2395
415 17:49:20
4,4533 4,4857
4,1095 4,1418
4,6455 4,6786
5,2053 5,2388
416 17:50:21
4,4531 4,4855
4,1093 4,1416
4,6451 4,6782
5,2051 5,2386
417 17:51:21
4,4534 4,4858
4,1095 4,1418
4,6454 4,6785
5,2063 5,2398
418 17:52:21
4,4534 4,4858
4,1095 4,1418
4,6454 4,6785
5,2069 5,2404
419 17:53:20
4,4526 4,4850
4,1083 4,1406
4,6448 4,6779
5,2054 5,2389
420 17:54:20
4,4526 4,4850
4,1083 4,1406
4,6448 4,6779
5,2054 5,2389
421 17:55:21
4,4526 4,4850
4,1076 4,1399
4,6454 4,6785
5,2054 5,2389
422 17:56:21
4,4526 4,4850
4,1077 4,1400
4,6451 4,6782
5,2054 5,2389
423 17:57:21
4,4534 4,4858
4,1088 4,1411
4,6464 4,6795
5,2057 5,2392
424 17:58:20
4,4534 4,4858
4,1088 4,1411
4,6464 4,6795
5,2057 5,2392
425 17:59:20
4,4534 4,4858
4,1088 4,1411
4,6463 4,6794
5,2069 5,2404
426 18:00:20
4,4530 4,4861
4,1081 4,1417
4,6475 4,6814
5,2061 5,2408
427 18:01:21
4,4525 4,4855
4,1077 4,1412
4,6472 4,6809
5,2060 5,2402
428 18:02:21
4,4528 4,4860
4,1077 4,1413
4,6470 4,6809
5,2063 5,2407
429 18:03:21
4,4534 4,4864
4,1089 4,1424
4,6481 4,6818
5,2066 5,2405
430 18:04:21
4,4538 4,4865
4,1093 4,1421
4,6490 4,6824
5,2074 5,2412
431 18:05:21
4,4534 4,4864
4,1085 4,1420
4,6492 4,6834
5,2076 5,2411
432 18:06:20
4,4534 4,4865
4,1085 4,1417
4,6494 4,6833
5,2068 5,2411
433 18:07:20
4,4533 4,4863
4,1069 4,1400
4,6490 4,6827
5,2063 5,2405
434 18:08:21
4,4532 4,4862
4,1076 4,1407
4,6494 4,6831
5,2068 5,2410
435 18:09:21
4,4533 4,4862
4,1073 4,1407
4,6490 4,6826
5,2073 5,2408
436 18:10:21
4,4531 4,4862
4,1067 4,1400
4,6493 4,6831
5,2073 5,2409
437 18:11:21
4,4526 4,4862
4,1064 4,1400
4,6488 4,6832
5,2066 5,2415
438 18:12:21
4,4525 4,4861
4,1063 4,1403
4,6492 4,6836
5,2062 5,2408
439 18:13:21
4,4509 4,4839
4,1051 4,1382
4,6475 4,6812
5,2041 5,2383
440 18:14:20
4,4510 4,4841
4,1044 4,1380
4,6470 4,6813
5,2040 5,2383
441 18:15:21
4,4510 4,4838
4,1056 4,1385
4,6476 4,6811
5,2042 5,2381
442 18:16:21
4,4511 4,4840
4,1060 4,1390
4,6481 4,6817
5,2043 5,2383
443 18:17:21
4,4510 4,4838
4,1059 4,1392
4,6478 4,6815
5,2035 5,2374
444 18:18:21
4,4507 4,4844
4,1057 4,1397
4,6471 4,6820
5,2031 5,2380
445 18:19:21
4,4503 4,4849
4,1053 4,1398
4,6474 4,6828
5,2028 5,2382
446 18:20:20
4,4509 4,4835
4,1062 4,1389
4,6474 4,6811
5,2030 5,2365
447 18:21:20
4,4510 4,4837
4,1063 4,1395
4,6476 4,6814
5,2041 5,2379
448 18:22:21
4,4509 4,4833
4,1062 4,1391
4,6477 4,6810
5,2040 5,2375
449 18:23:21
4,4505 4,4832
4,1070 4,1398
4,6480 4,6814
5,2042 5,2380
450 18:24:21
4,4504 4,4834
4,1069 4,1400
4,6479 4,6816
5,2041 5,2376
451 18:25:21
4,4505 4,4830
4,1070 4,1396
4,6480 4,6812
5,2038 5,2373
452 18:26:21
4,4505 4,4830
4,1070 4,1396
4,6474 4,6811
5,2041 5,2376
453 18:27:21
4,4505 4,4830
4,1074 4,1400
4,6480 4,6812
5,2041 5,2376
454 18:28:21
4,4505 4,4830
4,1066 4,1396
4,6480 4,6812
5,2035 5,2370
455 18:29:20
4,4505 4,4830
4,1070 4,1399
4,6480 4,6812
5,2034 5,2369
456 18:30:20
4,4504 4,4830
4,1069 4,1396
4,6479 4,6812
5,2028 5,2365
457 18:31:21
4,4504 4,4830
4,1069 4,1396
4,6474 4,6807
5,2028 5,2365
458 18:32:20
4,4505 4,4830
4,1066 4,1392
4,6474 4,6811
5,2029 5,2365
459 18:33:21
4,4504 4,4830
4,1069 4,1400
4,6479 4,6812
5,2028 5,2365
460 18:34:21
4,4506 4,4833
4,1069 4,1398
4,6475 4,6814
5,2031 5,2369
461 18:35:21
4,4504 4,4832
4,1069 4,1402
4,6479 4,6814
5,2034 5,2369
462 18:36:22
4,4504 4,4828
4,1058 4,1387
4,6475 4,6811
5,2028 5,2363
463 18:37:20
4,4504 4,4828
4,1058 4,1387
4,6479 4,6814
5,2031 5,2366
464 18:38:20
4,4504 4,4828
4,1066 4,1392
4,6480 4,6816
5,2031 5,2366
465 18:39:20
4,4504 4,4828
4,1058 4,1383
4,6479 4,6810
5,2033 5,2368
466 18:40:20
4,4504 4,4830
4,1060 4,1390
4,6480 4,6818
5,2031 5,2366
467 18:41:21
4,4504 4,4830
4,1058 4,1385
4,6479 4,6812
5,2028 5,2365
468 18:42:21
4,4505 4,4830
4,1059 4,1385
4,6480 4,6812
5,2023 5,2359
469 18:43:21
4,4497 4,4841
4,1055 4,1402
4,6477 4,6828
5,2016 5,2374
470 18:44:20
4,4505 4,4830
4,1066 4,1392
4,6485 4,6817
5,2023 5,2358
471 18:45:20
4,4505 4,4830
4,1059 4,1389
4,6487 4,6820
5,2017 5,2353
472 18:46:20
4,4484 4,4843
4,1042 4,1403
4,6463 4,6835
5,1992 5,2367
473 18:47:21
4,4492 4,4819
4,1049 4,1378
4,6481 4,6815
5,1996 5,2334
474 18:48:21
4,4492 4,4819
4,1050 4,1377
4,6481 4,6814
5,1990 5,2332
475 18:49:21
4,4501 4,4826
4,1055 4,1385
4,6490 4,6821
5,2006 5,2342
476 18:50:21
4,4493 4,4822
4,1051 4,1381
4,6487 4,6823
5,1997 5,2337
477 18:51:20
4,4502 4,4828
4,1052 4,1383
4,6498 4,6830
5,2003 5,2339
478 18:52:20
4,4501 4,4828
4,1055 4,1383
4,6495 4,6829
5,2000 5,2338
479 18:53:20
4,4495 4,4822
4,1045 4,1376
4,6489 4,6823
5,1993 5,2331
480 18:54:21
4,4495 4,4827
4,1042 4,1379
4,6486 4,6826
5,1999 5,2341
481 18:55:21
4,4503 4,4829
4,1045 4,1376
4,6499 4,6831
5,2003 5,2340
482 18:56:21
4,4503 4,4830
4,1044 4,1373
4,6497 4,6830
5,2015 5,2352
483 18:57:21
4,4503 4,4829
4,1045 4,1376
4,6499 4,6831
5,2015 5,2352
484 18:58:21
4,4504 4,4829
4,1058 4,1384
4,6496 4,6830
5,2022 5,2358
485 18:59:21
4,4495 4,4830
4,1049 4,1385
4,6483 4,6826
5,2005 5,2350
486 19:00:20
4,4491 4,4819
4,1047 4,1377
4,6481 4,6820
5,2014 5,2353
487 19:01:20
4,4492 4,4819
4,1050 4,1382
4,6485 4,6824
5,2017 5,2352
488 19:02:21
4,4489 4,4816
4,1055 4,1383
4,6478 4,6812
5,2013 5,2348
489 19:03:21
4,4489 4,4816
4,1048 4,1380
4,6478 4,6812
5,2010 5,2348
490 19:04:21
4,4489 4,4816
4,1044 4,1376
4,6473 4,6807
5,2011 5,2349
491 19:05:21
4,4494 4,4826
4,1041 4,1374
4,6479 4,6819
5,2023 5,2368
492 19:06:21
4,4493 4,4820
4,1040 4,1372
4,6482 4,6816
5,2018 5,2353
493 19:07:20
4,4488 4,4820
4,1039 4,1372
4,6478 4,6818
5,2018 5,2362
494 19:08:20
4,4489 4,4820
4,1040 4,1372
4,6472 4,6815
5,2017 5,2359
495 19:09:20
4,4489 4,4814
4,1035 4,1362
4,6478 4,6810
5,2020 5,2355
496 19:10:20
4,4490 4,4817
4,1033 4,1361
4,6479 4,6813
5,2018 5,2356
497 19:11:21
4,4493 4,4820
4,1031 4,1360
4,6482 4,6816
5,2021 5,2360
498 19:12:21
4,4494 4,4820
4,1029 4,1360
4,6474 4,6811
5,2023 5,2360
499 19:13:21
4,4495 4,4820
4,1030 4,1360
4,6475 4,6811
5,2019 5,2359
500 19:14:21
4,4490 4,4816
4,1030 4,1359
4,6469 4,6802
5,2012 5,2349
501 19:15:21
4,4494 4,4821
4,1029 4,1361
4,6472 4,6811
5,2017 5,2355
502 19:16:20
4,4490 4,4817
4,1030 4,1358
4,6468 4,6807
5,2016 5,2351
503 19:17:20
4,4488 4,4816
4,1031 4,1360
4,6468 4,6808
5,1998 5,2337
504 19:18:21
4,4490 4,4817
4,1029 4,1360
4,6468 4,6807
5,2006 5,2344
505 19:19:21
4,4490 4,4819
4,1030 4,1360
4,6468 4,6809
5,2006 5,2346
506 19:20:21
4,4490 4,4817
4,1029 4,1360
4,6468 4,6807
5,2006 5,2344
507 19:21:21
4,4493 4,4818
4,1031 4,1358
4,6471 4,6808
5,2009 5,2345
508 19:22:21
4,4492 4,4818
4,1031 4,1358
4,6472 4,6810
5,2008 5,2345
509 19:23:21
4,4495 4,4819
4,1027 4,1357
4,6475 4,6810
5,2011 5,2346
510 19:24:20
4,4499 4,4827
4,1026 4,1359
4,6479 4,6814
5,2017 5,2356
511 19:25:20
4,4489 4,4814
4,1013 4,1343
4,6467 4,6804
5,2004 5,2339
512 19:26:20
4,4484 4,4808
4,1008 4,1331
4,6462 4,6793
5,2004 5,2339
513 19:27:21
4,4466 4,4816
4,0996 4,1349
4,6444 4,6803
5,1987 5,2347
514 19:28:21
4,4479 4,4803
4,1017 4,1345
4,6459 4,6793
5,1998 5,2333
515 19:29:21
4,4476 4,4803
4,1020 4,1348
4,6455 4,6793
5,1995 5,2332
516 19:30:21
4,4479 4,4803
4,1017 4,1345
4,6454 4,6788
5,1999 5,2334
517 19:31:21
4,4479 4,4803
4,1016 4,1345
4,6449 4,6785
5,1999 5,2334
518 19:32:21
4,4479 4,4803
4,1016 4,1345
4,6444 4,6780
5,1999 5,2334
519 19:33:20
4,4469 4,4793
4,1010 4,1339
4,6438 4,6769
5,1987 5,2322
520 19:34:20
4,4469 4,4793
4,1011 4,1337
4,6439 4,6773
5,1987 5,2322
521 19:35:21
4,4469 4,4793
4,1007 4,1335
4,6444 4,6778
5,1987 5,2322
522 19:36:21
4,4469 4,4793
4,1004 4,1332
4,6433 4,6766
5,1990 5,2325
523 19:37:21
4,4456 4,4806
4,0987 4,1340
4,6419 4,6782
5,1979 5,2345
524 19:38:21
4,4469 4,4793
4,0991 4,1320
4,6433 4,6764
5,1981 5,2316
525 19:39:20
4,4476 4,4804
4,0984 4,1316
4,6440 4,6775
5,1984 5,2323
526 19:40:20
4,4483 4,4807
4,0998 4,1322
4,6444 4,6777
5,1989 5,2324
527 19:41:21
4,4488 4,4812
4,1015 4,1341
4,6451 4,6783
5,1997 5,2332
528 19:42:21
4,4492 4,4816
4,1015 4,1340
4,6457 4,6788
5,1997 5,2332
529 19:43:21
4,4484 4,4808
4,1007 4,1330
4,6444 4,6775
5,1999 5,2334
530 19:44:21
4,4472 4,4796
4,0991 4,1314
4,6429 4,6760
5,1983 5,2318
531 19:45:21
4,4472 4,4796
4,0991 4,1314
4,6429 4,6761
5,1978 5,2313
532 19:46:20
4,4472 4,4796
4,0993 4,1319
4,6427 4,6758
5,1979 5,2314
533 19:47:20
4,4473 4,4797
4,0997 4,1323
4,6429 4,6761
5,1979 5,2314
534 19:48:20
4,4473 4,4797
4,1001 4,1326
4,6427 4,6758
5,1973 5,2308
535 19:49:21
4,4473 4,4797
4,0992 4,1319
4,6427 4,6758
5,1975 5,2310
536 19:50:21
4,4473 4,4797
4,0992 4,1315
4,6427 4,6758
5,1974 5,2309
537 19:51:21
4,4473 4,4797
4,0989 4,1313
4,6427 4,6758
5,1968 5,2303
538 19:52:21
4,4473 4,4797
4,0992 4,1315
4,6419 4,6752
5,1968 5,2303
539 19:53:21
4,4473 4,4797
4,0988 4,1315
4,6419 4,6752
5,1968 5,2303
540 19:54:21
4,4473 4,4797
4,0996 4,1319
4,6424 4,6758
5,1968 5,2303
541 19:55:20
4,4473 4,4797
4,0996 4,1319
4,6423 4,6754
5,1974 5,2309
542 19:56:20
4,4469 4,4793
4,0992 4,1320
4,6418 4,6753
5,1962 5,2297
543 19:57:21
4,4469 4,4793
4,0995 4,1320
4,6419 4,6755
5,1963 5,2298
544 19:58:21
4,4469 4,4793
4,0991 4,1320
4,6413 4,6744
5,1963 5,2298
545 19:59:21
4,4473 4,4797
4,0996 4,1319
4,6417 4,6748
5,1964 5,2299
546 20:00:21
4,4470 4,4795
4,0989 4,1319
4,6405 4,6741
5,1954 5,2289
547 20:01:21
4,4474 4,4804
4,0992 4,1323
4,6409 4,6746
5,1969 5,2310
548 20:02:20
4,4470 4,4795
4,0988 4,1318
4,6400 4,6736
5,1958 5,2294
549 20:03:20
4,4470 4,4795
4,0992 4,1318
4,6399 4,6730
5,1957 5,2292
550 20:04:20
4,4470 4,4795
4,0987 4,1314
4,6404 4,6735
5,1958 5,2294
551 20:06:20
4,4470 4,4795
4,0985 4,1315
4,6404 4,6735
5,1960 5,2295
552 20:07:21
4,4470 4,4799
4,0980 4,1313
4,6399 4,6740
5,1963 5,2304
553 20:08:20
4,4471 4,4797
4,0982 4,1309
4,6401 4,6738
5,1967 5,2303
554 20:09:21
4,4470 4,4797
4,0980 4,1311
4,6400 4,6738
5,1964 5,2302
555 20:10:21
4,4470 4,4795
4,0981 4,1311
4,6398 4,6731
5,1964 5,2300
556 20:11:21
4,4467 4,4804
4,0977 4,1314
4,6397 4,6741
5,1960 5,2309
557 20:12:21
4,4466 4,4804
4,0978 4,1316
4,6397 4,6745
5,1960 5,2311
558 20:13:21
4,4473 4,4798
4,0980 4,1310
4,6404 4,6740
5,1967 5,2302
559 20:14:21
4,4470 4,4795
4,0981 4,1307
4,6400 4,6736
5,1958 5,2294
560 20:15:21
4,4470 4,4795
4,0981 4,1311
4,6404 4,6735
5,1964 5,2300
561 20:16:20
4,4470 4,4798
4,0981 4,1310
4,6405 4,6740
5,1958 5,2297
562 20:17:20
4,4473 4,4800
4,0980 4,1312
4,6408 4,6742
5,1962 5,2306
563 20:18:21
4,4467 4,4804
4,0973 4,1314
4,6401 4,6751
5,1952 5,2307
564 20:19:21
4,4474 4,4801
4,0980 4,1311
4,6408 4,6747
5,1963 5,2307
565 20:20:21
4,4470 4,4797
4,0981 4,1313
4,6409 4,6743
5,1962 5,2297
566 20:21:21
4,4469 4,4795
4,0980 4,1311
4,6408 4,6741
5,1963 5,2300
567 20:22:21
4,4473 4,4800
4,0983 4,1314
4,6412 4,6745
5,1968 5,2306
568 20:23:21
4,4473 4,4800
4,0983 4,1314
4,6417 4,6751
5,1968 5,2306
569 20:24:21
4,4476 4,4800
4,0982 4,1311
4,6420 4,6751
5,1966 5,2306
570 20:25:21
4,4478 4,4803
4,0981 4,1307
4,6423 4,6755
5,1967 5,2302
571 20:26:21
4,4460 4,4787
4,0960 4,1292
4,6404 4,6738
5,1946 5,2284
572 20:27:20
4,4460 4,4787
4,0964 4,1296
4,6404 4,6738
5,1953 5,2291
573 20:28:20
4,4460 4,4787
4,0964 4,1296
4,6404 4,6738
5,1946 5,2289
574 20:29:21
4,4460 4,4787
4,0964 4,1292
4,6404 4,6738
5,1952 5,2289
575 20:30:21
4,4460 4,4787
4,0960 4,1292
4,6403 4,6742
5,1952 5,2289
576 20:31:21
4,4459 4,4785
4,0963 4,1290
4,6404 4,6742
5,1949 5,2284
577 20:32:21
4,4459 4,4785
4,0967 4,1298
4,6403 4,6736
5,1946 5,2281
578 20:33:21
4,4459 4,4785
4,0967 4,1298
4,6408 4,6741
5,1945 5,2282
579 20:34:21
4,4456 4,4799
4,0967 4,1310
4,6405 4,6755
5,1942 5,2298
580 20:35:21
4,4460 4,4787
4,0971 4,1299
4,6408 4,6741
5,1947 5,2283
581 20:36:21
4,4459 4,4785
4,0978 4,1305
4,6408 4,6741
5,1945 5,2282
582 20:37:20
4,4460 4,4787
4,0979 4,1311
4,6408 4,6747
5,1946 5,2283
583 20:38:20
4,4459 4,4785
4,0978 4,1306
4,6408 4,6745
5,1945 5,2282
584 20:39:20
4,4460 4,4789
4,0975 4,1305
4,6409 4,6749
5,1952 5,2291
585 20:40:21
4,4462 4,4789
4,0977 4,1309
4,6416 4,6750
5,1948 5,2291
586 20:41:21
4,4459 4,4787
4,0978 4,1307
4,6409 4,6749
5,1946 5,2286
587 20:42:21
4,4459 4,4787
4,0978 4,1311
4,6408 4,6743
5,1945 5,2284
588 20:43:21
4,4460 4,4787
4,0979 4,1311
4,6409 4,6743
5,1946 5,2284
589 20:44:21
4,4479 4,4805
4,0998 4,1328
4,6430 4,6762
5,1969 5,2306
590 20:45:20
4,4471 4,4804
4,0996 4,1333
4,6419 4,6764
5,1964 5,2309
591 20:46:20
4,4470 4,4802
4,0997 4,1333
4,6420 4,6764
5,1959 5,2303
592 20:47:21
4,4467 4,4799
4,0989 4,1326
4,6417 4,6761
5,1956 5,2300
593 20:48:21
4,4473 4,4805
4,0996 4,1332
4,6427 4,6766
5,1961 5,2306
594 20:49:21
4,4472 4,4804
4,0995 4,1331
4,6426 4,6765
5,1962 5,2305
595 20:50:21
4,4472 4,4802
4,0995 4,1329
4,6421 4,6762
5,1967 5,2309
596 20:51:20
4,4472 4,4802
4,0998 4,1329
4,6422 4,6764
5,1961 5,2302
597 20:52:20
4,4473 4,4804
4,0998 4,1331
4,6421 4,6764
5,1962 5,2304
598 20:53:21
4,4470 4,4802
4,0997 4,1333
4,6420 4,6764
5,1959 5,2303
599 20:54:21
4,4473 4,4806
4,0995 4,1329
4,6421 4,6762
5,1961 5,2306
600 20:55:21
4,4473 4,4810
4,1002 4,1339
4,6421 4,6766
5,1967 5,2316
601 20:56:21
4,4470 4,4804
4,1003 4,1338
4,6406 4,6752
5,1965 5,2311
602 20:57:21
4,4473 4,4806
4,1010 4,1344
4,6417 4,6763
5,1973 5,2318
603 20:58:20
4,4476 4,4808
4,1010 4,1346
4,6421 4,6760
5,1972 5,2316
604 20:59:20
4,4479 4,4814
4,1015 4,1350
4,6423 4,6770
5,1974 5,2321
605 21:00:21
4,4478 4,4812
4,1011 4,1347
4,6424 4,6769
5,1975 5,2321
606 21:01:21
4,4479 4,4812
4,1006 4,1342
4,6429 4,6769
5,1974 5,2319
607 21:02:21
4,4479 4,4811
4,1009 4,1345
4,6430 4,6774
5,1976 5,2320
608 21:03:21
4,4479 4,4812
4,1008 4,1342
4,6428 4,6773
5,1974 5,2319
609 21:04:21
4,4479 4,4811
4,1004 4,1341
4,6429 4,6768
5,1976 5,2320
610 21:05:21
4,4489 4,4831
4,1014 4,1360
4,6440 4,6790
5,1986 5,2343
611 21:06:20
4,4489 4,4828
4,1012 4,1355
4,6437 4,6784
5,1986 5,2338
612 21:07:20
4,4484 4,4826
4,1010 4,1356
4,6429 4,6784
5,1982 5,2332
613 21:08:21
4,4499 4,4840
4,1019 4,1363
4,6444 4,6797
5,1992 5,2346
614 21:09:21
4,4494 4,4838
4,1011 4,1358
4,6436 4,6792
5,1987 5,2345
615 21:10:21
4,4497 4,4839
4,1014 4,1360
4,6443 4,6792
5,1990 5,2345
616 21:11:21
4,4501 4,4842
4,1012 4,1357
4,6447 4,6795
5,1993 5,2348
617 21:12:21
4,4501 4,4842
4,1012 4,1357
4,6447 4,6795
5,1993 5,2348
618 21:13:21
4,4501 4,4842
4,1012 4,1357
4,6447 4,6795
5,1993 5,2348
619 21:14:21
4,4495 4,4833
4,1014 4,1354
4,6441 4,6787
5,1995 5,2345
620 21:15:20
4,4494 4,4832
4,1015 4,1353
4,6440 4,6785
5,1992 5,2343
621 21:16:20
4,4503 4,4841
4,1023 4,1364
4,6449 4,6794
5,2003 5,2354
622 21:17:20
4,4502 4,4841
4,1021 4,1360
4,6443 4,6789
5,2001 5,2352
623 21:18:21
4,4497 4,4837
4,1018 4,1362
4,6439 4,6791
5,1996 5,2350
624 21:19:21
4,4499 4,4837
4,1022 4,1361
4,6440 4,6785
5,2004 5,2355
625 21:20:21
4,4496 4,4834
4,1021 4,1361
4,6436 4,6783
5,2000 5,2351
626 21:21:21
4,4496 4,4834
4,1021 4,1361
4,6436 4,6783
5,2000 5,2351
627 21:22:20
4,4496 4,4834
4,1021 4,1361
4,6436 4,6783
5,2000 5,2351
628 21:23:20
4,4496 4,4834
4,1021 4,1361
4,6436 4,6783
5,2000 5,2351
629 21:24:21
4,4496 4,4834
4,1021 4,1361
4,6436 4,6783
5,2000 5,2351
630 21:25:21
4,4496 4,4834
4,1021 4,1361
4,6436 4,6783
5,2000 5,2351
631 21:26:21
4,4496 4,4834
4,1021 4,1361
4,6436 4,6783
5,2000 5,2351
632 21:27:21
4,4496 4,4834
4,1021 4,1361
4,6436 4,6783
5,2000 5,2351
633 21:28:21
4,4496 4,4834
4,1021 4,1361
4,6436 4,6783
5,2000 5,2351
634 21:29:20
4,4496 4,4834
4,1021 4,1361
4,6436 4,6783
5,2000 5,2351
635 21:30:20
4,4496 4,4834
4,1021 4,1361
4,6436 4,6783
5,2000 5,2351
636 21:31:20
4,4496 4,4834
4,1021 4,1361
4,6436 4,6783
5,2000 5,2351
637 21:32:20
4,4496 4,4834
4,1021 4,1361
4,6436 4,6783
5,2000 5,2351
638 21:33:21
4,4496 4,4834
4,1021 4,1361
4,6436 4,6783
5,2000 5,2351
639 21:34:21
4,4496 4,4834
4,1021 4,1361
4,6436 4,6783
5,2000 5,2351
640 21:35:21
4,4496 4,4834
4,1021 4,1361
4,6436 4,6783
5,2000 5,2351
641 21:36:21
4,4496 4,4834
4,1021 4,1361
4,6436 4,6783
5,2000 5,2351
642 21:37:21
4,4496 4,4834
4,1021 4,1361
4,6436 4,6783
5,2000 5,2351
643 21:38:21
4,4496 4,4834
4,1021 4,1361
4,6436 4,6783
5,2000 5,2351
644 21:39:21
4,4496 4,4834
4,1021 4,1361
4,6436 4,6783
5,2000 5,2351
645 21:40:21
4,4496 4,4834
4,1021 4,1361
4,6436 4,6783
5,2000 5,2351
646 21:41:20
4,4496 4,4834
4,1021 4,1361
4,6436 4,6783
5,2000 5,2351
647 21:42:20
4,4496 4,4834
4,1021 4,1361
4,6436 4,6783
5,2000 5,2351
648 21:43:20
4,4496 4,4834
4,1021 4,1361
4,6436 4,6783
5,2000 5,2351
649 21:44:21
4,4496 4,4834
4,1021 4,1361
4,6436 4,6783
5,2000 5,2351
650 21:45:21
4,4496 4,4834
4,1021 4,1361
4,6436 4,6783
5,2000 5,2351
651 21:46:21
4,4496 4,4834
4,1021 4,1361
4,6436 4,6783
5,2000 5,2351
652 22:15:14
4,4545 4,4884
4,1077 4,1419
4,6502 4,6854
5,2076 5,2428
653 22:15:20
4,4545 4,4884
4,1077 4,1419
4,6502 4,6854
5,2076 5,2428
654 22:16:20
4,4543 4,4884
4,1075 4,1419
4,6499 4,6852
5,2080 5,2434
655 22:17:21
4,4546 4,4883
4,1076 4,1417
4,6503 4,6853
5,2083 5,2433
656 22:18:21
4,4545 4,4883
4,1081 4,1423
4,6502 4,6853
5,2082 5,2433
657 22:19:20
4,4546 4,4883
4,1076 4,1417
4,6502 4,6847
5,2083 5,2433
658 22:20:20
4,4544 4,4883
4,1078 4,1417
4,6501 4,6847
5,2079 5,2432
659 22:21:21
4,4542 4,4880
4,1077 4,1416
4,6500 4,6846
5,2085 5,2430
660 22:22:21
4,4542 4,4873
4,1077 4,1412
4,6498 4,6835
5,2085 5,2425
661 22:23:21
4,4542 4,4876
4,1081 4,1416
4,6499 4,6840
5,2086 5,2432
662 22:24:21
4,4537 4,4873
4,1078 4,1418
4,6490 4,6838
5,2079 5,2428
663 22:25:21
4,4518 4,4848
4,1059 4,1394
4,6469 4,6806
5,2064 5,2406
664 22:26:20
4,4529 4,4863
4,1069 4,1404
4,6487 4,6833
5,2077 5,2417
665 22:27:20
4,4533 4,4865
4,1073 4,1406
4,6485 4,6824
5,2081 5,2424
666 22:28:20
4,4533 4,4862
4,1073 4,1403
4,6471 4,6811
5,2079 5,2420
667 22:29:21
4,4522 4,4868
4,1063 4,1412
4,6459 4,6818
5,2069 5,2429
668 22:30:21
4,4523 4,4870
4,1064 4,1410
4,6464 4,6823
5,2068 5,2429
669 22:31:21
4,4523 4,4868
4,1063 4,1408
4,6475 4,6827
5,2068 5,2421
670 22:32:21
4,4523 4,4868
4,1064 4,1412
4,6474 4,6831
5,2068 5,2427
671 22:33:21
4,4521 4,4868
4,1062 4,1412
4,6472 4,6832
5,2066 5,2422
672 22:34:21
4,4520 4,4869
4,1061 4,1409
4,6473 4,6833
5,2065 5,2429
673 22:35:20
4,4517 4,4869
4,1054 4,1409
4,6469 4,6829
5,2056 5,2423
674 22:36:20
4,4517 4,4867
4,1054 4,1407
4,6469 4,6827
5,2062 5,2421
675 22:37:21
4,4517 4,4867
4,1054 4,1407
4,6469 4,6827
5,2062 5,2427
676 22:38:21
4,4515 4,4868
4,1052 4,1407
4,6461 4,6827
5,2058 5,2427
677 22:39:21
4,4513 4,4867
4,1052 4,1408
4,6461 4,6826
5,2058 5,2422
678 22:40:21
4,4517 4,4871
4,1054 4,1411
4,6469 4,6831
5,2062 5,2425
679 22:41:20
4,4515 4,4872
4,1052 4,1411
4,6468 4,6835
5,2058 5,2431
680 22:42:20
4,4515 4,4870
4,1048 4,1405
4,6460 4,6825
5,2058 5,2429
681 22:43:21
4,4515 4,4870
4,1049 4,1403
4,6461 4,6829
5,2058 5,2429
682 22:44:21
4,4515 4,4872
4,1052 4,1411
4,6470 4,6835
5,2060 5,2432
683 22:45:21
4,4512 4,4876
4,1051 4,1417
4,6468 4,6841
5,2058 5,2438
684 22:46:21
4,4513 4,4882
4,1055 4,1421
4,6469 4,6847
5,2056 5,2443
685 22:47:21
4,4514 4,4883
4,1056 4,1426
4,6470 4,6848
5,2057 5,2444
686 22:48:21
4,4513 4,4881
4,1055 4,1424
4,6469 4,6846
5,2058 5,2444
687 22:49:20
4,4504 4,4866
4,1051 4,1411
4,6464 4,6835
5,2047 5,2426
688 22:50:20
4,4520 4,4877
4,1060 4,1419
4,6475 4,6840
5,2064 5,2439
689 22:51:21
4,4519 4,4878
4,1059 4,1420
4,6475 4,6843
5,2063 5,2438
690 22:52:21
4,4527 4,4895
4,1068 4,1438
4,6479 4,6860
5,2075 5,2461
691 22:53:21
4,4530 4,4895
4,1069 4,1436
4,6482 4,6860
5,2077 5,2459
692 22:54:21
4,4528 4,4893
4,1067 4,1434
4,6485 4,6863
5,2075 5,2457
693 22:55:20
4,4530 4,4896
4,1071 4,1439
4,6482 4,6861
5,2078 5,2462
694 22:56:20
4,4526 4,4894
4,1063 4,1432
4,6478 4,6859
5,2069 5,2459
695 22:57:21
4,4529 4,4896
4,1066 4,1434
4,6475 4,6860
5,2075 5,2460
696 22:58:21
4,4529 4,4896
4,1066 4,1434
4,6476 4,6856
5,2075 5,2460
697 22:59:21
4,4526 4,4897
4,1059 4,1431
4,6473 4,6857
5,2066 5,2462
698 23:00:21
4,4473 4,4915
4,1011 4,1467
4,6381 4,6920
5,2020 5,2497
699 23:01:20
4,4468 4,4916
4,1005 4,1476
4,6378 4,6921
5,2007 5,2504
700 23:02:20
4,4468 4,4902
4,1006 4,1464
4,6378 4,6907
5,2008 5,2488
701 23:03:20
4,4468 4,4902
4,1006 4,1464
4,6378 4,6907
5,2008 5,2488
702 23:04:21
4,4468 4,4902
4,1006 4,1464
4,6354 4,6941
5,1971 5,2514
703 23:05:21
4,4468 4,4902
4,1002 4,1463
4,6354 4,6941
5,1971 5,2514
704 23:06:21
4,4468 4,4902
4,1003 4,1445
4,6354 4,6917
5,2007 5,2496
705 23:07:21
4,4385 4,4985
4,0925 4,1524
4,6267 4,7008
5,1910 5,2594
706 23:08:21
4,4445 4,4926
4,0981 4,1469
4,6355 4,6940
5,1969 5,2531
707 23:09:21
4,4468 4,4902
4,1002 4,1447
4,6389 4,6927
5,2001 5,2496
708 23:10:20
4,4468 4,4902
4,1004 4,1447
4,6395 4,6928
5,2001 5,2472
709 23:11:20
4,4468 4,4902
4,1002 4,1447
4,6394 4,6922
5,2001 5,2472
710 23:12:21
4,4469 4,4901
4,1004 4,1448
4,6365 4,6920
5,1997 5,2471
711 23:13:22
4,4469 4,4901
4,1003 4,1446
4,6366 4,6916
5,1996 5,2466
712 23:14:20
4,4469 4,4901
4,1003 4,1446
4,6360 4,6915
5,1996 5,2466
713 23:15:20
4,4469 4,4901
4,1007 4,1447
4,6361 4,6921
5,2013 5,2478
714 23:16:21
4,4469 4,4901
4,1003 4,1450
4,6361 4,6921
5,2013 5,2478
715 23:17:23
4,4467 4,4900
4,1000 4,1445
4,6358 4,6920
5,1995 5,2469
716 23:18:20
4,4467 4,4900
4,1000 4,1445
4,6357 4,6918
5,1993 5,2468
717 23:19:20
4,4467 4,4900
4,1000 4,1445
4,6357 4,6918
5,1998 5,2464
718 23:20:21
4,4467 4,4900
4,1000 4,1445
4,6357 4,6918
5,1998 5,2464
719 23:21:21
4,4467 4,4900
4,1001 4,1449
4,6357 4,6918
5,1998 5,2469
720 23:22:21
4,4467 4,4900
4,1001 4,1449
4,6363 4,6919
5,1998 5,2469
721 23:23:21
4,4467 4,4900
4,1001 4,1449
4,6363 4,6919
5,1998 5,2469
722 23:24:21
4,4467 4,4900
4,1004 4,1445
4,6366 4,6913
5,1998 5,2469
723 23:25:21
4,4467 4,4900
4,1004 4,1441
4,6377 4,6919
5,1998 5,2464
724 23:26:21
4,4467 4,4900
4,1004 4,1441
4,6376 4,6913
5,1998 5,2464
725 23:27:20
4,4467 4,4900
4,1000 4,1441
4,6372 4,6914
5,1993 5,2463
726 23:28:20
4,4467 4,4900
4,1000 4,1441
4,6372 4,6915
5,1991 5,2462
727 23:29:21
4,4467 4,4900
4,1000 4,1441
4,6371 4,6908
5,1992 5,2458
728 23:30:21
4,4467 4,4900
4,1000 4,1441
4,6376 4,6913
5,1992 5,2458
729 23:31:21
4,4433 4,4934
4,0973 4,1473
4,6355 4,6944
5,1954 5,2502
730 23:32:21
4,4433 4,4934
4,0973 4,1473
4,6375 4,6924
5,1955 5,2501
731 23:33:21
4,4470 4,4897
4,1007 4,1439
4,6409 4,6889
5,1995 5,2455
732 23:34:21
4,4401 4,4965
4,0945 4,1503
4,6352 4,6964
5,1917 5,2532
733 23:35:20
4,4432 4,4935
4,0972 4,1473
4,6380 4,6926
5,1956 5,2494
734 23:36:20
4,4412 4,4952
4,0955 4,1491
4,6364 4,6940
5,1931 5,2519
735 23:37:21
4,4416 4,4951
4,0957 4,1489
4,6363 4,6943
5,1934 5,2516
736 23:38:21
4,4411 4,4953
4,0954 4,1492
4,6364 4,6946
5,1928 5,2525
Connection error x5
737 23:48:21
4,4433 4,4934
4,0977 4,1477
4,6389 4,6914
5,1966 5,2502
738 23:49:21
4,4433 4,4934
4,0977 4,1477
4,6383 4,6911
5,1966 5,2502
739 23:50:21
4,4433 4,4934
4,0977 4,1477
4,6366 4,6906
5,1972 5,2501
740 23:51:20
4,4458 4,4909
4,1000 4,1454
4,6396 4,6883
5,1997 5,2503
741 23:52:21
4,4469 4,4898
4,1010 4,1444
4,6408 4,6868
5,2013 5,2484
742 23:53:21
4,4469 4,4898
4,1010 4,1444
4,6412 4,6867
5,2012 5,2479
743 23:54:21
4,4433 4,4934
4,0977 4,1477
4,6381 4,6911
5,1969 5,2528
744 23:55:21
4,4433 4,4934
4,0977 4,1477
4,6380 4,6905
5,1971 5,2526
745 23:56:21
4,4433 4,4934
4,0977 4,1477
4,6381 4,6925
5,1965 5,2520
746 23:57:21
4,4434 4,4935
4,0978 4,1478
4,6381 4,6916
5,1966 5,2521
747 23:58:21
4,4433 4,4933
4,0977 4,1476
4,6386 4,6916
5,1967 5,2521
748 23:59:21
4,4434 4,4935
4,0978 4,1478
4,6382 4,6912
5,1960 5,2521
749 00:00:21
4,4452 4,4922
4,0994 4,1465
4,6386 4,6875
5,1974 5,2513
