#======================
2023-10-2
# 1.EUR, 2.USD, 3.CHF, 4.GBP
Sell Price, Buy Price
1 07:44:20
4,6023 4,6381
4,3571 4,3929
4,7565 4,7930
5,3098 5,3473
2 07:46:20
4,6023 4,6381
4,3574 4,3933
4,7565 4,7930
5,3098 5,3466
3 07:47:20
4,6023 4,6381
4,3578 4,3937
4,7570 4,7935
5,3092 5,3467
4 07:48:21
4,6023 4,6381
4,3578 4,3937
4,7572 4,7938
5,3092 5,3467
5 07:49:21
4,6023 4,6382
4,3578 4,3933
4,7570 4,7936
5,3094 5,3466
6 07:50:20
4,6023 4,6382
4,3578 4,3933
4,7573 4,7940
5,3090 5,3466
7 07:51:20
4,6023 4,6382
4,3573 4,3928
4,7573 4,7939
5,3091 5,3466
8 07:52:20
4,6023 4,6382
4,3578 4,3937
4,7578 4,7944
5,3092 5,3466
9 07:53:21
4,6023 4,6382
4,3573 4,3932
4,7572 4,7937
5,3090 5,3466
10 07:54:21
4,6023 4,6382
4,3574 4,3934
4,7578 4,7944
5,3090 5,3466
11 07:55:21
4,6024 4,6383
4,3574 4,3933
4,7579 4,7949
5,3091 5,3467
12 07:56:20
4,6024 4,6384
4,3574 4,3933
4,7574 4,7940
5,3085 5,3462
13 07:57:20
4,6024 4,6384
4,3578 4,3933
4,7574 4,7940
5,3085 5,3461
14 07:58:21
4,6024 4,6384
4,3583 4,3939
4,7571 4,7936
5,3091 5,3461
15 07:59:21
4,6029 4,6387
4,3588 4,3942
4,7573 4,7940
5,3097 5,3471
16 08:00:21
4,6029 4,6387
4,3580 4,3938
4,7570 4,7934
5,3096 5,3465
17 08:01:21
4,6032 4,6354
4,3577 4,3898
4,7584 4,7913
5,3104 5,3438
18 08:02:21
4,6039 4,6361
4,3582 4,3903
4,7585 4,7914
5,3114 5,3448
19 08:03:21
4,6055 4,6377
4,3597 4,3921
4,7602 4,7931
5,3135 5,3469
20 08:04:20
4,6058 4,6380
4,3598 4,3919
4,7600 4,7929
5,3140 5,3474
21 08:05:20
4,6060 4,6382
4,3595 4,3917
4,7602 4,7931
5,3147 5,3481
22 08:06:21
4,6070 4,6392
4,3608 4,3930
4,7617 4,7946
5,3160 5,3494
23 08:07:21
4,6087 4,6409
4,3624 4,3946
4,7638 4,7967
5,3182 5,3516
24 08:08:21
4,6082 4,6404
4,3621 4,3942
4,7632 4,7961
5,3177 5,3511
25 08:09:21
4,6085 4,6407
4,3622 4,3943
4,7638 4,7967
5,3180 5,3514
26 08:10:20
4,6086 4,6408
4,3625 4,3946
4,7639 4,7968
5,3185 5,3519
27 08:11:20
4,6084 4,6406
4,3626 4,3947
4,7636 4,7966
5,3170 5,3504
28 08:12:21
4,6081 4,6403
4,3614 4,3935
4,7633 4,7963
5,3169 5,3503
29 08:13:21
4,6083 4,6405
4,3616 4,3937
4,7632 4,7962
5,3172 5,3506
30 08:14:21
4,6083 4,6405
4,3622 4,3943
4,7638 4,7968
5,3175 5,3509
31 08:15:21
4,6083 4,6405
4,3626 4,3947
4,7637 4,7967
5,3166 5,3500
32 08:16:20
4,6086 4,6408
4,3629 4,3951
4,7642 4,7971
5,3169 5,3503
33 08:17:20
4,6050 4,6372
4,3595 4,3917
4,7604 4,7933
5,3128 5,3462
34 08:18:20
4,6044 4,6366
4,3583 4,3905
4,7598 4,7927
5,3126 5,3460
35 08:19:21
4,6041 4,6363
4,3580 4,3902
4,7598 4,7927
5,3130 5,3464
36 08:20:21
4,6038 4,6360
4,3581 4,3903
4,7599 4,7928
5,3123 5,3457
37 08:21:21
4,6038 4,6360
4,3569 4,3891
4,7594 4,7923
5,3121 5,3455
38 08:22:21
4,6036 4,6358
4,3565 4,3887
4,7596 4,7925
5,3124 5,3458
39 08:23:20
4,6039 4,6361
4,3569 4,3891
4,7601 4,7930
5,3131 5,3465
40 08:24:20
4,6040 4,6362
4,3569 4,3891
4,7604 4,7933
5,3135 5,3469
41 08:25:21
4,6031 4,6353
4,3564 4,3886
4,7597 4,7926
5,3132 5,3466
42 08:26:21
4,6026 4,6347
4,3566 4,3888
4,7596 4,7925
5,3116 5,3448
43 08:27:21
4,6022 4,6345
4,3553 4,3878
4,7597 4,7928
5,3118 5,3450
44 08:28:21
4,6021 4,6342
4,3543 4,3866
4,7598 4,7927
5,3118 5,3450
45 08:29:20
4,6017 4,6338
4,3542 4,3863
4,7591 4,7920
5,3114 5,3446
46 08:30:20
4,6017 4,6338
4,3539 4,3860
4,7590 4,7919
5,3118 5,3450
47 08:31:20
4,6019 4,6340
4,3542 4,3863
4,7591 4,7920
5,3125 5,3458
48 08:32:21
4,6019 4,6340
4,3537 4,3858
4,7589 4,7918
5,3126 5,3459
49 08:33:21
4,6024 4,6345
4,3536 4,3857
4,7596 4,7925
5,3125 5,3458
50 08:34:21
4,6024 4,6345
4,3529 4,3850
4,7596 4,7925
5,3119 5,3452
51 08:35:20
4,6028 4,6349
4,3537 4,3858
4,7605 4,7934
5,3126 5,3459
52 08:36:20
4,6019 4,6341
4,3523 4,3844
4,7594 4,7923
5,3118 5,3450
53 08:37:21
4,6025 4,6347
4,3531 4,3852
4,7606 4,7935
5,3127 5,3459
54 08:38:21
4,6027 4,6349
4,3530 4,3851
4,7602 4,7931
5,3129 5,3461
55 08:39:21
4,6027 4,6349
4,3529 4,3850
4,7608 4,7937
5,3132 5,3464
56 08:40:21
4,6024 4,6346
4,3527 4,3848
4,7607 4,7936
5,3129 5,3461
57 08:41:20
4,6022 4,6344
4,3528 4,3849
4,7601 4,7929
5,3128 5,3460
58 08:42:20
4,6023 4,6345
4,3528 4,3849
4,7601 4,7929
5,3128 5,3460
59 08:43:21
4,6024 4,6346
4,3530 4,3851
4,7608 4,7936
5,3136 5,3468
60 08:44:21
4,6024 4,6346
4,3521 4,3842
4,7615 4,7943
5,3139 5,3471
61 08:45:21
4,6032 4,6354
4,3534 4,3855
4,7625 4,7953
5,3152 5,3484
62 08:46:21
4,6030 4,6351
4,3529 4,3850
4,7625 4,7954
5,3158 5,3490
63 08:47:21
4,6053 4,6374
4,3552 4,3873
4,7653 4,7982
5,3186 5,3518
64 08:48:21
4,6036 4,6357
4,3531 4,3852
4,7640 4,7969
5,3166 5,3498
65 08:49:20
4,6030 4,6351
4,3534 4,3855
4,7634 4,7963
5,3162 5,3494
66 08:50:20
4,6059 4,6380
4,3564 4,3885
4,7672 4,8001
5,3200 5,3532
67 08:51:21
4,6064 4,6385
4,3562 4,3883
4,7679 4,8008
5,3205 5,3538
68 08:52:21
4,6064 4,6385
4,3558 4,3879
4,7675 4,8004
5,3205 5,3538
69 08:53:21
4,6071 4,6392
4,3562 4,3883
4,7681 4,8010
5,3210 5,3543
70 08:54:21
4,6073 4,6394
4,3554 4,3875
4,7679 4,8008
5,3198 5,3531
71 08:55:21
4,6073 4,6394
4,3550 4,3871
4,7675 4,8004
5,3191 5,3524
72 08:56:20
4,6066 4,6387
4,3542 4,3863
4,7670 4,7998
5,3186 5,3519
73 08:57:20
4,6063 4,6384
4,3537 4,3858
4,7665 4,7993
5,3180 5,3513
74 08:58:21
4,6057 4,6378
4,3517 4,3838
4,7647 4,7975
5,3163 5,3496
75 08:59:21
4,6055 4,6376
4,3499 4,3821
4,7644 4,7972
5,3148 5,3481
76 09:00:21
4,6043 4,6366
4,3485 4,3811
4,7626 4,7954
5,3128 5,3461
77 09:01:20
4,6044 4,6365
4,3481 4,3802
4,7619 4,7947
5,3122 5,3454
78 09:02:20
4,6043 4,6364
4,3483 4,3804
4,7625 4,7953
5,3126 5,3458
79 09:03:20
4,6046 4,6367
4,3502 4,3823
4,7634 4,7962
5,3129 5,3461
80 09:04:21
4,6048 4,6369
4,3497 4,3818
4,7631 4,7959
5,3140 5,3472
81 09:05:21
4,6074 4,6395
4,3531 4,3852
4,7686 4,8014
5,3178 5,3510
82 09:06:21
4,6072 4,6393
4,3533 4,3854
4,7693 4,8022
5,3186 5,3519
83 09:07:28
4,6045 4,6366
4,3489 4,3810
4,7660 4,7989
5,3159 5,3492
84 09:08:21
4,6036 4,6357
4,3484 4,3805
4,7660 4,7989
5,3151 5,3484
85 09:09:22
4,6048 4,6369
4,3492 4,3813
4,7668 4,7997
5,3165 5,3498
86 09:10:23
4,6045 4,6366
4,3480 4,3801
4,7674 4,8003
5,3155 5,3488
87 09:11:20
4,6045 4,6366
4,3486 4,3807
4,7671 4,8000
5,3160 5,3493
88 09:12:21
4,6047 4,6368
4,3496 4,3817
4,7678 4,8007
5,3173 5,3506
89 09:13:20
4,6049 4,6370
4,3504 4,3825
4,7683 4,8012
5,3169 5,3502
90 09:14:21
4,6052 4,6373
4,3508 4,3829
4,7692 4,8021
5,3173 5,3506
91 09:15:21
4,6052 4,6373
4,3515 4,3836
4,7692 4,8021
5,3173 5,3506
92 09:16:21
4,6051 4,6372
4,3515 4,3836
4,7699 4,8028
5,3169 5,3501
93 09:17:20
4,6043 4,6364
4,3515 4,3836
4,7689 4,8018
5,3162 5,3494
94 09:18:20
4,6044 4,6365
4,3519 4,3840
4,7694 4,8023
5,3150 5,3482
95 09:19:21
4,6040 4,6361
4,3513 4,3834
4,7687 4,8016
5,3140 5,3472
96 09:20:21
4,6039 4,6360
4,3510 4,3831
4,7693 4,8022
5,3143 5,3475
97 09:21:21
4,6043 4,6364
4,3520 4,3841
4,7703 4,8032
5,3144 5,3476
98 09:22:21
4,6039 4,6360
4,3510 4,3831
4,7709 4,8038
5,3140 5,3472
99 09:23:20
4,6040 4,6361
4,3508 4,3829
4,7716 4,8045
5,3155 5,3487
100 09:24:20
4,6039 4,6360
4,3508 4,3829
4,7713 4,8042
5,3158 5,3490
101 09:25:21
4,6027 4,6348
4,3491 4,3812
4,7704 4,8033
5,3150 5,3482
102 09:26:21
4,6021 4,6342
4,3489 4,3810
4,7697 4,8026
5,3147 5,3480
103 09:27:21
4,5994 4,6315
4,3453 4,3774
4,7670 4,7999
5,3115 5,3448
104 09:28:20
4,5995 4,6316
4,3458 4,3779
4,7673 4,8002
5,3115 5,3448
105 09:29:20
4,5948 4,6269
4,3414 4,3735
4,7624 4,7953
5,3060 5,3393
106 09:30:20
4,5946 4,6267
4,3412 4,3733
4,7617 4,7946
5,3060 5,3393
107 09:31:21
4,5949 4,6270
4,3414 4,3735
4,7625 4,7954
5,3052 5,3383
108 09:32:21
4,5980 4,6301
4,3436 4,3757
4,7652 4,7981
5,3078 5,3409
109 09:33:21
4,5966 4,6287
4,3416 4,3737
4,7633 4,7962
5,3054 5,3385
110 09:34:21
4,5960 4,6281
4,3423 4,3744
4,7646 4,7975
5,3052 5,3383
111 09:35:24
4,5954 4,6275
4,3419 4,3740
4,7640 4,7969
5,3041 5,3372
112 09:36:21
4,5942 4,6263
4,3412 4,3733
4,7628 4,7957
5,3021 5,3354
113 09:37:28
4,5942 4,6263
4,3420 4,3741
4,7630 4,7959
5,3018 5,3351
114 09:38:23
4,5906 4,6227
4,3382 4,3703
4,7603 4,7932
5,2979 5,3312
115 09:39:27
4,5907 4,6228
4,3397 4,3718
4,7611 4,7940
5,2978 5,3311
116 09:40:23
4,5930 4,6251
4,3419 4,3740
4,7635 4,7964
5,3011 5,3344
117 09:41:21
4,5945 4,6266
4,3433 4,3754
4,7655 4,7984
5,3023 5,3356
118 09:42:22
4,5936 4,6257
4,3425 4,3746
4,7650 4,7979
5,3012 5,3345
119 09:43:21
4,5935 4,6256
4,3426 4,3747
4,7645 4,7974
5,3010 5,3343
120 09:44:21
4,5929 4,6250
4,3424 4,3745
4,7639 4,7968
5,3004 5,3337
121 09:45:21
4,5937 4,6258
4,3436 4,3757
4,7640 4,7969
5,3012 5,3345
122 09:46:20
4,5941 4,6262
4,3438 4,3759
4,7636 4,7965
5,3020 5,3353
123 09:47:21
4,5943 4,6264
4,3439 4,3760
4,7633 4,7962
5,3008 5,3341
124 09:48:21
4,5962 4,6283
4,3462 4,3783
4,7659 4,7988
5,3027 5,3360
125 09:49:21
4,5948 4,6269
4,3449 4,3770
4,7649 4,7978
5,3011 5,3344
126 09:50:20
4,5961 4,6282
4,3451 4,3772
4,7660 4,7989
5,3023 5,3356
127 09:51:20
4,5964 4,6286
4,3464 4,3785
4,7667 4,7996
5,3020 5,3353
128 09:52:21
4,5970 4,6292
4,3470 4,3791
4,7672 4,8001
5,3036 5,3369
129 09:53:21
4,5966 4,6288
4,3468 4,3789
4,7673 4,8002
5,3041 5,3374
130 09:54:21
4,5977 4,6299
4,3482 4,3803
4,7689 4,8018
5,3050 5,3383
131 09:55:21
4,5979 4,6301
4,3484 4,3805
4,7695 4,8024
5,3046 5,3379
132 09:56:20
4,5977 4,6298
4,3484 4,3805
4,7691 4,8020
5,3051 5,3382
133 09:57:21
4,5970 4,6291
4,3471 4,3792
4,7681 4,8010
5,3032 5,3363
134 09:58:20
4,5974 4,6295
4,3481 4,3802
4,7686 4,8015
5,3035 5,3366
135 09:59:21
4,5973 4,6294
4,3480 4,3801
4,7682 4,8011
5,3038 5,3369
136 10:00:21
4,5974 4,6295
4,3483 4,3804
4,7689 4,8018
5,3049 5,3380
137 10:01:21
4,5974 4,6295
4,3481 4,3802
4,7686 4,8015
5,3046 5,3379
138 10:02:21
4,5973 4,6294
4,3470 4,3791
4,7681 4,8010
5,3042 5,3375
139 10:03:20
4,5959 4,6280
4,3449 4,3770
4,7656 4,7985
5,3017 5,3350
140 10:04:20
4,5977 4,6298
4,3478 4,3799
4,7689 4,8018
5,3043 5,3376
141 10:05:21
4,5987 4,6308
4,3488 4,3809
4,7699 4,8028
5,3052 5,3385
142 10:06:23
4,5983 4,6305
4,3485 4,3806
4,7694 4,8023
5,3050 5,3383
143 10:07:20
4,5977 4,6299
4,3488 4,3809
4,7689 4,8018
5,3034 5,3367
144 10:08:23
4,5975 4,6297
4,3482 4,3803
4,7684 4,8013
5,3029 5,3362
145 10:09:21
4,5974 4,6296
4,3467 4,3788
4,7671 4,8000
5,3022 5,3355
146 10:10:20
4,5975 4,6297
4,3472 4,3793
4,7671 4,8000
5,3030 5,3363
147 10:11:20
4,5974 4,6295
4,3481 4,3802
4,7671 4,8000
5,3017 5,3350
148 10:12:21
4,5975 4,6296
4,3487 4,3808
4,7677 4,8006
5,3035 5,3368
149 10:13:21
4,5974 4,6295
4,3481 4,3802
4,7673 4,8002
5,3033 5,3366
150 10:14:21
4,5971 4,6292
4,3483 4,3804
4,7673 4,8002
5,3030 5,3363
151 10:15:22
4,5962 4,6283
4,3474 4,3795
4,7673 4,8002
5,3023 5,3356
152 10:16:23
4,5962 4,6284
4,3489 4,3810
4,7683 4,8012
5,3026 5,3359
153 10:17:21
4,5973 4,6295
4,3505 4,3826
4,7692 4,8021
5,3041 5,3374
154 10:18:21
4,5982 4,6304
4,3520 4,3841
4,7704 4,8033
5,3055 5,3388
155 10:19:20
4,5988 4,6310
4,3525 4,3846
4,7712 4,8041
5,3062 5,3395
156 10:20:20
4,5990 4,6312
4,3534 4,3855
4,7720 4,8049
5,3058 5,3391
157 10:21:20
4,5988 4,6310
4,3536 4,3857
4,7721 4,8050
5,3062 5,3395
158 10:22:21
4,5986 4,6308
4,3538 4,3859
4,7722 4,8051
5,3069 5,3402
159 10:23:21
4,5987 4,6309
4,3537 4,3858
4,7726 4,8055
5,3070 5,3403
160 10:24:21
4,5988 4,6310
4,3534 4,3855
4,7727 4,8056
5,3072 5,3405
161 10:25:21
4,5979 4,6301
4,3534 4,3855
4,7721 4,8050
5,3060 5,3393
162 10:26:20
4,5981 4,6302
4,3520 4,3841
4,7718 4,8047
5,3064 5,3397
163 10:27:20
4,5984 4,6305
4,3518 4,3839
4,7721 4,8050
5,3064 5,3397
164 10:28:21
4,5990 4,6311
4,3523 4,3844
4,7732 4,8061
5,3071 5,3404
165 10:29:21
4,5984 4,6305
4,3517 4,3838
4,7728 4,8057
5,3066 5,3399
166 10:30:21
4,5982 4,6303
4,3511 4,3832
4,7726 4,8055
5,3064 5,3397
167 10:31:21
4,5980 4,6302
4,3512 4,3833
4,7725 4,8054
5,3062 5,3395
168 10:32:20
4,5945 4,6267
4,3481 4,3802
4,7696 4,8025
5,3025 5,3358
169 10:33:20
4,5950 4,6272
4,3493 4,3814
4,7705 4,8034
5,3031 5,3364
170 10:34:20
4,5961 4,6283
4,3500 4,3821
4,7719 4,8048
5,3044 5,3377
171 10:35:22
4,5965 4,6287
4,3512 4,3833
4,7723 4,8052
5,3051 5,3384
172 10:36:21
4,5964 4,6286
4,3507 4,3828
4,7720 4,8049
5,3050 5,3383
173 10:37:21
4,5965 4,6287
4,3508 4,3829
4,7720 4,8049
5,3044 5,3377
174 10:38:21
4,5954 4,6276
4,3503 4,3824
4,7721 4,8050
5,3035 5,3368
175 10:39:24
4,5955 4,6277
4,3503 4,3824
4,7726 4,8055
5,3040 5,3373
176 10:40:21
4,5954 4,6276
4,3491 4,3812
4,7719 4,8048
5,3044 5,3377
177 10:41:22
4,5952 4,6273
4,3489 4,3810
4,7724 4,8053
5,3036 5,3369
178 10:42:28
4,5946 4,6267
4,3484 4,3805
4,7723 4,8052
5,3030 5,3363
179 10:43:20
4,5952 4,6273
4,3486 4,3807
4,7730 4,8059
5,3042 5,3375
180 10:44:20
4,5953 4,6274
4,3491 4,3812
4,7731 4,8060
5,3053 5,3386
181 10:45:20
4,5953 4,6274
4,3497 4,3818
4,7726 4,8055
5,3045 5,3378
182 10:46:21
4,5948 4,6270
4,3499 4,3820
4,7706 4,8035
5,3043 5,3375
183 10:47:21
4,5930 4,6252
4,3493 4,3814
4,7692 4,8021
5,3027 5,3359
184 10:48:21
4,5931 4,6253
4,3490 4,3811
4,7678 4,8007
5,3039 5,3371
185 10:49:20
4,5936 4,6258
4,3491 4,3812
4,7686 4,8015
5,3040 5,3372
186 10:50:20
4,5927 4,6249
4,3483 4,3804
4,7671 4,8000
5,3024 5,3356
187 10:51:20
4,5932 4,6254
4,3487 4,3808
4,7677 4,8006
5,3023 5,3355
188 10:52:21
4,5933 4,6255
4,3490 4,3811
4,7675 4,8004
5,3019 5,3351
189 10:53:21
4,5935 4,6257
4,3496 4,3817
4,7682 4,8011
5,3024 5,3356
190 10:54:21
4,5921 4,6243
4,3475 4,3796
4,7665 4,7994
5,3010 5,3342
191 10:55:20
4,5929 4,6251
4,3476 4,3797
4,7691 4,8020
5,3011 5,3343
192 10:56:20
4,5926 4,6248
4,3467 4,3788
4,7683 4,8012
5,3010 5,3342
193 10:57:20
4,5926 4,6248
4,3475 4,3796
4,7688 4,8017
5,3010 5,3342
194 10:58:20
4,5924 4,6246
4,3478 4,3799
4,7691 4,8020
5,3005 5,3337
195 10:59:21
4,5921 4,6243
4,3474 4,3795
4,7692 4,8021
5,3009 5,3341
196 11:00:21
4,5920 4,6242
4,3476 4,3797
4,7694 4,8023
5,3008 5,3340
197 11:01:21
4,5921 4,6243
4,3483 4,3804
4,7691 4,8020
5,3007 5,3339
198 11:02:21
4,5919 4,6241
4,3483 4,3804
4,7694 4,8023
5,3006 5,3338
199 11:03:21
4,5919 4,6241
4,3484 4,3805
4,7694 4,8023
5,3008 5,3340
200 11:04:20
4,5925 4,6247
4,3509 4,3830
4,7702 4,8031
5,3021 5,3353
201 11:05:20
4,5926 4,6248
4,3504 4,3825
4,7710 4,8039
5,3028 5,3360
202 11:06:22
4,5904 4,6226
4,3494 4,3815
4,7685 4,8014
5,3003 5,3335
203 11:07:21
4,5905 4,6227
4,3498 4,3819
4,7701 4,8030
5,3010 5,3342
204 11:08:21
4,5909 4,6231
4,3498 4,3819
4,7705 4,8034
5,3014 5,3346
205 11:09:21
4,5895 4,6217
4,3485 4,3806
4,7686 4,8015
5,2999 5,3331
206 11:10:24
4,5895 4,6217
4,3483 4,3804
4,7688 4,8017
5,3000 5,3332
207 11:11:21
4,5895 4,6217
4,3479 4,3800
4,7688 4,8017
5,2999 5,3331
208 11:12:21
4,5896 4,6218
4,3478 4,3799
4,7694 4,8023
5,2994 5,3326
209 11:13:22
4,5901 4,6223
4,3478 4,3799
4,7687 4,8016
5,2994 5,3326
210 11:14:20
4,5900 4,6222
4,3471 4,3792
4,7685 4,8014
5,2980 5,3312
211 11:15:20
4,5900 4,6222
4,3473 4,3794
4,7683 4,8012
5,2983 5,3315
212 11:16:20
4,5895 4,6217
4,3468 4,3789
4,7680 4,8009
5,2982 5,3314
213 11:17:21
4,5894 4,6216
4,3466 4,3787
4,7680 4,8009
5,2979 5,3311
214 11:18:21
4,5894 4,6216
4,3468 4,3789
4,7685 4,8014
5,2979 5,3311
215 11:19:21
4,5896 4,6218
4,3475 4,3796
4,7684 4,8013
5,2985 5,3317
216 11:20:21
4,5897 4,6219
4,3476 4,3797
4,7687 4,8016
5,2988 5,3320
217 11:21:21
4,5892 4,6214
4,3472 4,3793
4,7682 4,8011
5,2986 5,3318
218 11:22:21
4,5890 4,6212
4,3478 4,3799
4,7691 4,8020
5,2996 5,3328
219 11:23:20
4,5890 4,6212
4,3482 4,3803
4,7692 4,8021
5,2995 5,3327
220 11:24:20
4,5889 4,6211
4,3488 4,3809
4,7699 4,8028
5,2997 5,3329
221 11:25:21
4,5889 4,6211
4,3488 4,3809
4,7694 4,8023
5,3006 5,3338
222 11:26:21
4,5891 4,6213
4,3490 4,3811
4,7694 4,8023
5,3010 5,3342
223 11:27:21
4,5894 4,6216
4,3484 4,3805
4,7687 4,8016
5,3004 5,3336
224 11:28:21
4,5895 4,6217
4,3503 4,3824
4,7698 4,8027
5,3010 5,3342
225 11:29:21
4,5890 4,6212
4,3504 4,3825
4,7694 4,8023
5,3006 5,3338
226 11:30:21
4,5895 4,6217
4,3509 4,3830
4,7698 4,8027
5,3011 5,3343
227 11:31:21
4,5897 4,6219
4,3515 4,3836
4,7700 4,8029
5,3015 5,3348
228 11:32:21
4,5891 4,6213
4,3511 4,3832
4,7694 4,8023
5,3011 5,3344
229 11:33:21
4,5884 4,6206
4,3522 4,3843
4,7696 4,8025
5,3012 5,3345
230 11:34:20
4,5890 4,6212
4,3528 4,3849
4,7706 4,8035
5,3019 5,3352
231 11:35:20
4,5890 4,6212
4,3530 4,3851
4,7705 4,8034
5,3022 5,3355
232 11:36:20
4,5919 4,6241
4,3560 4,3881
4,7738 4,8067
5,3050 5,3383
233 11:37:21
4,5922 4,6244
4,3558 4,3879
4,7742 4,8071
5,3044 5,3377
234 11:38:28
4,5904 4,6226
4,3531 4,3852
4,7730 4,8059
5,3024 5,3357
235 11:39:21
4,5902 4,6224
4,3523 4,3844
4,7725 4,8054
5,3024 5,3357
236 11:40:22
4,5905 4,6227
4,3528 4,3849
4,7733 4,8062
5,3025 5,3358
237 11:41:20
4,5905 4,6227
4,3527 4,3848
4,7733 4,8062
5,3018 5,3351
238 11:42:20
4,5908 4,6230
4,3526 4,3847
4,7738 4,8067
5,3025 5,3358
239 11:43:21
4,5904 4,6226
4,3524 4,3845
4,7722 4,8051
5,3017 5,3350
240 11:44:21
4,5904 4,6226
4,3537 4,3858
4,7712 4,8041
5,3009 5,3342
241 11:45:21
4,5903 4,6225
4,3536 4,3857
4,7708 4,8037
5,3015 5,3348
242 11:46:21
4,5912 4,6234
4,3541 4,3862
4,7721 4,8050
5,3030 5,3363
243 11:47:20
4,5918 4,6240
4,3542 4,3863
4,7714 4,8043
5,3030 5,3363
244 11:48:21
4,5927 4,6249
4,3563 4,3884
4,7726 4,8055
5,3026 5,3359
245 11:49:21
4,5937 4,6259
4,3581 4,3902
4,7739 4,8068
5,3047 5,3380
246 11:50:21
4,5941 4,6263
4,3583 4,3904
4,7740 4,8069
5,3051 5,3384
247 11:51:21
4,5941 4,6263
4,3582 4,3903
4,7745 4,8074
5,3054 5,3387
248 11:52:21
4,5939 4,6261
4,3586 4,3907
4,7748 4,8077
5,3056 5,3389
249 11:53:20
4,5938 4,6260
4,3590 4,3911
4,7748 4,8077
5,3041 5,3374
250 11:54:20
4,5938 4,6260
4,3595 4,3916
4,7748 4,8077
5,3054 5,3387
251 11:55:21
4,5924 4,6246
4,3591 4,3912
4,7743 4,8072
5,3040 5,3373
252 11:56:21
4,5927 4,6249
4,3586 4,3907
4,7741 4,8070
5,3044 5,3376
253 11:57:21
4,5927 4,6249
4,3590 4,3911
4,7754 4,8083
5,3051 5,3383
254 11:58:21
4,5927 4,6249
4,3586 4,3907
4,7754 4,8083
5,3045 5,3377
255 11:59:21
4,5926 4,6248
4,3585 4,3906
4,7750 4,8079
5,3041 5,3373
256 12:00:20
4,5891 4,6213
4,3543 4,3864
4,7703 4,8032
5,2988 5,3320
257 12:01:20
4,5891 4,6213
4,3546 4,3867
4,7714 4,8043
5,2989 5,3321
258 12:02:21
4,5895 4,6217
4,3551 4,3872
4,7713 4,8042
5,2987 5,3319
259 12:03:21
4,5899 4,6221
4,3559 4,3880
4,7710 4,8039
5,2991 5,3323
260 12:04:21
4,5896 4,6218
4,3550 4,3871
4,7704 4,8033
5,2981 5,3313
261 12:05:20
4,5895 4,6217
4,3555 4,3876
4,7708 4,8037
5,2983 5,3315
262 12:06:20
4,5894 4,6216
4,3546 4,3867
4,7698 4,8026
5,2979 5,3311
263 12:07:21
4,5891 4,6213
4,3548 4,3869
4,7698 4,8026
5,2979 5,3311
264 12:08:21
4,5892 4,6214
4,3544 4,3865
4,7700 4,8028
5,2982 5,3314
265 12:09:21
4,5896 4,6218
4,3548 4,3869
4,7705 4,8033
5,2989 5,3321
266 12:10:21
4,5888 4,6210
4,3539 4,3860
4,7695 4,8023
5,2979 5,3311
267 12:11:22
4,5888 4,6210
4,3551 4,3872
4,7701 4,8029
5,2990 5,3322
268 12:12:21
4,5891 4,6213
4,3553 4,3874
4,7704 4,8032
5,2988 5,3320
269 12:13:21
4,5882 4,6204
4,3543 4,3864
4,7695 4,8023
5,2974 5,3306
270 12:14:21
4,5897 4,6219
4,3554 4,3875
4,7706 4,8034
5,2989 5,3321
271 12:15:20
4,5891 4,6213
4,3548 4,3869
4,7700 4,8028
5,2988 5,3320
272 12:16:20
4,5889 4,6211
4,3556 4,3877
4,7695 4,8024
5,2999 5,3331
273 12:17:20
4,5889 4,6211
4,3552 4,3873
4,7686 4,8015
5,2998 5,3330
274 12:18:21
4,5888 4,6210
4,3545 4,3866
4,7693 4,8022
5,2994 5,3326
275 12:19:21
4,5894 4,6216
4,3547 4,3868
4,7698 4,8027
5,3002 5,3334
276 12:20:21
4,5907 4,6229
4,3552 4,3873
4,7710 4,8039
5,3013 5,3345
277 12:21:21
4,5907 4,6229
4,3557 4,3878
4,7711 4,8040
5,3006 5,3339
278 12:22:21
4,5907 4,6229
4,3561 4,3882
4,7701 4,8030
5,3011 5,3344
279 12:23:21
4,5911 4,6233
4,3567 4,3888
4,7702 4,8031
5,3010 5,3343
280 12:24:21
4,5916 4,6238
4,3565 4,3886
4,7702 4,8031
5,3013 5,3346
281 12:25:20
4,5923 4,6245
4,3571 4,3892
4,7709 4,8038
5,3023 5,3356
282 12:26:20
4,5938 4,6260
4,3591 4,3912
4,7722 4,8050
5,3041 5,3373
283 12:27:21
4,5943 4,6265
4,3597 4,3918
4,7729 4,8057
5,3048 5,3380
284 12:28:21
4,5946 4,6268
4,3598 4,3919
4,7732 4,8060
5,3058 5,3390
285 12:29:21
4,5958 4,6280
4,3616 4,3937
4,7745 4,8073
5,3072 5,3404
286 12:30:21
4,5958 4,6280
4,3620 4,3941
4,7745 4,8073
5,3072 5,3404
287 12:31:21
4,5957 4,6279
4,3622 4,3943
4,7738 4,8066
5,3070 5,3402
288 12:32:21
4,5963 4,6285
4,3622 4,3943
4,7744 4,8072
5,3075 5,3407
289 12:33:21
4,5976 4,6298
4,3632 4,3953
4,7758 4,8086
5,3095 5,3427
290 12:34:20
4,5977 4,6299
4,3636 4,3957
4,7757 4,8085
5,3097 5,3429
291 12:35:20
4,5973 4,6295
4,3629 4,3950
4,7752 4,8080
5,3088 5,3420
292 12:36:21
4,5973 4,6295
4,3627 4,3948
4,7749 4,8078
5,3072 5,3405
293 12:37:21
4,5966 4,6288
4,3609 4,3930
4,7742 4,8071
5,3065 5,3398
294 12:38:21
4,5966 4,6288
4,3616 4,3937
4,7741 4,8070
5,3066 5,3399
295 12:39:21
4,5965 4,6287
4,3622 4,3943
4,7741 4,8070
5,3060 5,3393
296 12:40:21
4,5969 4,6291
4,3623 4,3944
4,7742 4,8071
5,3068 5,3401
297 12:41:21
4,5961 4,6283
4,3614 4,3935
4,7734 4,8063
5,3061 5,3394
298 12:42:21
4,5958 4,6280
4,3609 4,3930
4,7730 4,8059
5,3049 5,3382
299 12:43:21
4,5962 4,6284
4,3614 4,3935
4,7737 4,8066
5,3044 5,3377
300 12:44:21
4,5971 4,6293
4,3626 4,3947
4,7747 4,8076
5,3058 5,3391
301 12:45:21
4,5968 4,6290
4,3619 4,3940
4,7744 4,8073
5,3055 5,3388
302 12:46:21
4,5958 4,6280
4,3604 4,3925
4,7730 4,8058
5,3045 5,3378
303 12:47:21
4,5949 4,6271
4,3596 4,3917
4,7720 4,8048
5,3033 5,3366
304 12:48:20
4,5947 4,6269
4,3588 4,3909
4,7718 4,8046
5,3030 5,3363
305 12:49:21
4,5935 4,6257
4,3576 4,3897
4,7703 4,8031
5,3009 5,3342
306 12:50:21
4,5925 4,6247
4,3563 4,3884
4,7685 4,8013
5,2998 5,3331
307 12:51:21
4,5929 4,6251
4,3582 4,3903
4,7689 4,8018
5,2988 5,3320
308 12:52:21
4,5935 4,6257
4,3587 4,3908
4,7700 4,8029
5,3005 5,3337
309 12:53:23
4,5936 4,6258
4,3586 4,3907
4,7696 4,8025
5,3000 5,3332
310 12:54:22
4,5943 4,6265
4,3595 4,3916
4,7706 4,8035
5,3011 5,3343
311 12:55:21
4,5947 4,6269
4,3597 4,3918
4,7708 4,8037
5,3013 5,3345
312 12:56:21
4,5942 4,6264
4,3594 4,3915
4,7703 4,8031
5,3009 5,3342
313 12:57:20
4,5927 4,6249
4,3578 4,3899
4,7686 4,8014
5,2999 5,3332
314 12:58:20
4,5928 4,6250
4,3578 4,3899
4,7686 4,8014
5,2993 5,3326
315 12:59:20
4,5922 4,6244
4,3577 4,3898
4,7678 4,8006
5,2992 5,3325
316 13:00:22
4,5906 4,6228
4,3556 4,3877
4,7655 4,7983
5,2974 5,3307
317 13:01:21
4,5908 4,6230
4,3560 4,3881
4,7655 4,7983
5,2979 5,3312
318 13:02:22
4,5909 4,6231
4,3563 4,3884
4,7664 4,7992
5,2977 5,3310
319 13:03:23
4,5907 4,6229
4,3562 4,3883
4,7664 4,7992
5,2978 5,3311
320 13:04:20
4,5916 4,6238
4,3585 4,3906
4,7678 4,8006
5,2988 5,3321
321 13:05:21
4,5911 4,6233
4,3583 4,3904
4,7676 4,8004
5,2983 5,3316
322 13:06:21
4,5911 4,6233
4,3589 4,3910
4,7677 4,8005
5,2983 5,3316
323 13:07:21
4,5919 4,6241
4,3599 4,3920
4,7691 4,8019
5,2994 5,3327
324 13:08:21
4,5918 4,6240
4,3596 4,3917
4,7693 4,8021
5,2994 5,3327
325 13:09:21
4,5919 4,6241
4,3592 4,3913
4,7695 4,8023
5,2985 5,3318
326 13:10:21
4,5926 4,6248
4,3597 4,3918
4,7701 4,8029
5,3000 5,3333
327 13:11:21
4,5921 4,6243
4,3589 4,3910
4,7694 4,8022
5,2995 5,3328
328 13:12:21
4,5918 4,6240
4,3590 4,3911
4,7693 4,8021
5,2997 5,3330
329 13:13:20
4,5920 4,6242
4,3592 4,3913
4,7694 4,8022
5,2993 5,3326
330 13:14:20
4,5918 4,6240
4,3588 4,3909
4,7688 4,8016
5,2991 5,3324
331 13:15:21
4,5924 4,6246
4,3593 4,3914
4,7694 4,8022
5,2994 5,3327
332 13:16:21
4,5923 4,6245
4,3595 4,3916
4,7698 4,8026
5,2993 5,3326
333 13:17:21
4,5925 4,6247
4,3604 4,3925
4,7702 4,8030
5,3004 5,3337
334 13:18:21
4,5920 4,6242
4,3591 4,3912
4,7696 4,8024
5,2995 5,3328
335 13:19:22
4,5919 4,6241
4,3593 4,3914
4,7695 4,8023
5,2998 5,3331
336 13:20:20
4,5919 4,6241
4,3587 4,3908
4,7692 4,8020
5,2995 5,3328
337 13:21:21
4,5920 4,6242
4,3587 4,3908
4,7690 4,8018
5,2996 5,3328
338 13:22:21
4,5919 4,6241
4,3587 4,3908
4,7689 4,8017
5,2993 5,3325
339 13:23:21
4,5922 4,6244
4,3587 4,3908
4,7689 4,8017
5,2996 5,3328
340 13:24:21
4,5922 4,6244
4,3583 4,3904
4,7689 4,8017
5,2999 5,3331
341 13:25:20
4,5920 4,6242
4,3583 4,3904
4,7690 4,8018
5,3000 5,3332
342 13:26:20
4,5917 4,6239
4,3583 4,3904
4,7684 4,8012
5,2994 5,3326
343 13:27:21
4,5920 4,6242
4,3587 4,3908
4,7690 4,8018
5,2999 5,3331
344 13:28:23
4,5918 4,6240
4,3582 4,3903
4,7693 4,8021
5,2995 5,3327
345 13:29:21
4,5929 4,6251
4,3590 4,3911
4,7699 4,8027
5,2998 5,3330
346 13:30:21
4,5930 4,6252
4,3595 4,3916
4,7698 4,8026
5,3006 5,3338
347 13:31:22
4,5929 4,6251
4,3592 4,3913
4,7697 4,8025
5,3007 5,3339
348 13:32:22
4,5929 4,6251
4,3584 4,3905
4,7692 4,8020
5,3004 5,3336
349 13:33:21
4,5937 4,6259
4,3587 4,3908
4,7698 4,8026
5,3013 5,3345
350 13:34:21
4,5941 4,6263
4,3593 4,3914
4,7705 4,8033
5,3018 5,3350
351 13:35:20
4,5944 4,6266
4,3593 4,3914
4,7705 4,8033
5,3021 5,3353
352 13:36:20
4,5944 4,6266
4,3592 4,3913
4,7703 4,8031
5,3025 5,3357
353 13:37:21
4,5944 4,6266
4,3585 4,3906
4,7700 4,8028
5,3028 5,3360
354 13:38:21
4,5938 4,6260
4,3577 4,3898
4,7684 4,8012
5,3017 5,3349
355 13:39:21
4,5938 4,6260
4,3583 4,3904
4,7686 4,8014
5,3017 5,3349
356 13:40:21
4,5942 4,6264
4,3581 4,3902
4,7688 4,8016
5,3026 5,3358
357 13:41:21
4,5948 4,6270
4,3593 4,3914
4,7697 4,8025
5,3036 5,3368
358 13:42:20
4,5953 4,6275
4,3600 4,3921
4,7704 4,8032
5,3032 5,3364
359 13:43:20
4,5954 4,6276
4,3605 4,3926
4,7698 4,8026
5,3029 5,3361
360 13:44:20
4,5956 4,6278
4,3607 4,3928
4,7695 4,8023
5,3030 5,3362
361 13:45:21
4,5956 4,6278
4,3613 4,3934
4,7700 4,8028
5,3033 5,3365
362 13:46:21
4,5957 4,6279
4,3622 4,3943
4,7700 4,8028
5,3033 5,3365
363 13:47:21
4,5956 4,6278
4,3626 4,3947
4,7700 4,8028
5,3032 5,3364
364 13:48:21
4,5961 4,6283
4,3629 4,3950
4,7718 4,8046
5,3041 5,3373
365 13:49:21
4,5959 4,6281
4,3624 4,3945
4,7718 4,8046
5,3038 5,3370
366 13:50:20
4,5960 4,6282
4,3630 4,3951
4,7722 4,8050
5,3047 5,3379
367 13:51:20
4,5959 4,6281
4,3633 4,3954
4,7717 4,8046
5,3045 5,3377
368 13:52:20
4,5960 4,6282
4,3632 4,3953
4,7717 4,8046
5,3046 5,3378
369 13:53:21
4,5960 4,6282
4,3640 4,3961
4,7716 4,8045
5,3049 5,3381
370 13:54:21
4,5960 4,6282
4,3640 4,3961
4,7718 4,8047
5,3052 5,3384
371 13:55:21
4,5959 4,6281
4,3639 4,3960
4,7722 4,8051
5,3051 5,3383
372 13:56:21
4,5955 4,6277
4,3629 4,3950
4,7711 4,8040
5,3044 5,3376
373 13:57:21
4,5952 4,6274
4,3626 4,3947
4,7702 4,8031
5,3033 5,3365
374 13:58:20
4,5943 4,6265
4,3613 4,3934
4,7693 4,8022
5,3022 5,3354
375 13:59:20
4,5942 4,6264
4,3619 4,3940
4,7688 4,8017
5,3031 5,3363
376 14:00:20
4,5942 4,6264
4,3621 4,3942
4,7691 4,8020
5,3035 5,3367
377 14:01:21
4,5942 4,6264
4,3619 4,3940
4,7685 4,8013
5,3031 5,3364
378 14:02:21
4,5964 4,6286
4,3641 4,3962
4,7710 4,8038
5,3070 5,3403
379 14:03:21
4,5966 4,6288
4,3641 4,3962
4,7710 4,8038
5,3070 5,3403
380 14:04:21
4,5977 4,6299
4,3658 4,3979
4,7720 4,8048
5,3086 5,3419
381 14:05:23
4,5961 4,6283
4,3639 4,3960
4,7705 4,8033
5,3065 5,3398
382 14:06:20
4,5958 4,6280
4,3636 4,3957
4,7700 4,8028
5,3066 5,3398
383 14:07:21
4,5951 4,6273
4,3628 4,3949
4,7695 4,8023
5,3064 5,3396
384 14:08:24
4,5952 4,6274
4,3628 4,3949
4,7698 4,8026
5,3063 5,3395
385 14:09:21
4,5952 4,6274
4,3631 4,3952
4,7699 4,8027
5,3065 5,3397
386 14:10:21
4,5954 4,6276
4,3639 4,3960
4,7698 4,8026
5,3073 5,3405
387 14:11:21
4,5956 4,6278
4,3647 4,3968
4,7694 4,8023
5,3079 5,3411
388 14:12:22
4,5958 4,6280
4,3648 4,3969
4,7693 4,8022
5,3084 5,3416
389 14:13:21
4,5960 4,6282
4,3642 4,3963
4,7688 4,8017
5,3083 5,3415
390 14:14:20
4,5962 4,6284
4,3638 4,3959
4,7690 4,8019
5,3067 5,3399
391 14:15:20
4,5965 4,6287
4,3645 4,3966
4,7692 4,8021
5,3069 5,3401
392 14:16:21
4,5970 4,6292
4,3656 4,3977
4,7700 4,8028
5,3086 5,3418
393 14:17:21
4,5968 4,6290
4,3656 4,3977
4,7698 4,8026
5,3089 5,3421
394 14:18:21
4,5967 4,6289
4,3651 4,3972
4,7694 4,8022
5,3088 5,3420
395 14:19:21
4,5957 4,6279
4,3635 4,3956
4,7684 4,8012
5,3076 5,3408
396 14:20:21
4,5961 4,6283
4,3631 4,3952
4,7691 4,8019
5,3079 5,3411
397 14:21:20
4,5938 4,6260
4,3600 4,3921
4,7669 4,7997
5,3054 5,3386
398 14:22:20
4,5935 4,6257
4,3609 4,3930
4,7670 4,7998
5,3059 5,3391
399 14:23:21
4,5929 4,6251
4,3602 4,3923
4,7658 4,7986
5,3054 5,3386
400 14:24:21
4,5917 4,6239
4,3587 4,3908
4,7645 4,7973
5,3040 5,3372
401 14:25:21
4,5916 4,6238
4,3582 4,3903
4,7644 4,7972
5,3039 5,3371
402 14:26:20
4,5917 4,6239
4,3585 4,3906
4,7645 4,7973
5,3046 5,3378
403 14:27:21
4,5918 4,6240
4,3584 4,3905
4,7643 4,7971
5,3047 5,3379
404 14:28:20
4,5918 4,6240
4,3586 4,3907
4,7636 4,7964
5,3050 5,3382
405 14:29:21
4,5930 4,6252
4,3598 4,3919
4,7645 4,7973
5,3063 5,3395
406 14:30:22
4,5927 4,6249
4,3596 4,3917
4,7648 4,7976
5,3066 5,3398
407 14:31:21
4,5927 4,6249
4,3596 4,3917
4,7635 4,7963
5,3063 5,3395
408 14:32:21
4,5920 4,6242
4,3592 4,3913
4,7621 4,7949
5,3055 5,3387
409 14:33:20
4,5921 4,6243
4,3593 4,3914
4,7627 4,7955
5,3057 5,3389
410 14:34:20
4,5917 4,6239
4,3587 4,3908
4,7616 4,7944
5,3056 5,3388
411 14:35:21
4,5916 4,6238
4,3592 4,3913
4,7623 4,7951
5,3053 5,3385
412 14:36:21
4,5917 4,6239
4,3588 4,3909
4,7617 4,7945
5,3051 5,3383
413 14:37:21
4,5917 4,6239
4,3589 4,3910
4,7618 4,7946
5,3055 5,3387
414 14:38:21
4,5921 4,6243
4,3596 4,3917
4,7626 4,7954
5,3056 5,3388
415 14:39:21
4,5921 4,6243
4,3599 4,3920
4,7628 4,7956
5,3057 5,3389
416 14:40:23
4,5920 4,6242
4,3593 4,3914
4,7625 4,7953
5,3054 5,3386
417 14:41:20
4,5917 4,6239
4,3599 4,3920
4,7628 4,7956
5,3049 5,3381
418 14:42:20
4,5913 4,6235
4,3595 4,3916
4,7614 4,7942
5,3047 5,3379
419 14:43:21
4,5914 4,6236
4,3592 4,3913
4,7612 4,7940
5,3048 5,3380
420 14:44:21
4,5913 4,6235
4,3583 4,3904
4,7608 4,7936
5,3038 5,3370
421 14:45:21
4,5912 4,6234
4,3586 4,3907
4,7598 4,7926
5,3037 5,3369
422 14:46:21
4,5911 4,6233
4,3587 4,3908
4,7600 4,7929
5,3042 5,3374
423 14:47:21
4,5911 4,6233
4,3595 4,3916
4,7610 4,7939
5,3035 5,3367
424 14:48:20
4,5913 4,6235
4,3602 4,3923
4,7618 4,7947
5,3038 5,3370
425 14:49:20
4,5911 4,6233
4,3602 4,3923
4,7618 4,7947
5,3036 5,3368
426 14:50:20
4,5910 4,6232
4,3593 4,3914
4,7609 4,7938
5,3026 5,3358
427 14:51:20
4,5911 4,6233
4,3598 4,3919
4,7605 4,7933
5,3023 5,3355
428 14:52:21
4,5899 4,6221
4,3584 4,3905
4,7591 4,7919
5,3013 5,3345
429 14:53:21
4,5899 4,6221
4,3597 4,3918
4,7593 4,7921
5,3016 5,3348
430 14:54:21
4,5896 4,6218
4,3604 4,3925
4,7593 4,7921
5,3022 5,3354
431 14:55:21
4,5896 4,6218
4,3602 4,3923
4,7593 4,7921
5,3012 5,3344
432 14:56:20
4,5896 4,6218
4,3594 4,3915
4,7587 4,7916
5,3009 5,3342
433 14:57:20
4,5900 4,6222
4,3587 4,3908
4,7591 4,7920
5,3005 5,3338
434 14:58:21
4,5897 4,6219
4,3593 4,3914
4,7596 4,7925
5,2994 5,3327
435 14:59:21
4,5900 4,6222
4,3591 4,3912
4,7593 4,7922
5,2997 5,3330
436 15:00:21
4,5900 4,6222
4,3589 4,3910
4,7591 4,7920
5,2991 5,3324
437 15:01:21
4,5899 4,6221
4,3595 4,3916
4,7591 4,7919
5,2985 5,3317
438 15:02:20
4,5899 4,6221
4,3595 4,3916
4,7589 4,7917
5,2997 5,3329
439 15:03:20
4,5901 4,6223
4,3601 4,3922
4,7591 4,7919
5,2993 5,3325
440 15:04:21
4,5900 4,6222
4,3601 4,3922
4,7585 4,7913
5,2993 5,3325
441 15:05:21
4,5900 4,6222
4,3603 4,3924
4,7582 4,7910
5,2992 5,3324
442 15:06:21
4,5903 4,6225
4,3600 4,3921
4,7581 4,7909
5,2998 5,3330
443 15:07:21
4,5903 4,6225
4,3609 4,3930
4,7577 4,7905
5,2994 5,3326
444 15:08:28
4,5906 4,6228
4,3614 4,3935
4,7574 4,7902
5,2993 5,3325
445 15:09:28
4,5908 4,6230
4,3616 4,3937
4,7552 4,7880
5,2993 5,3325
446 15:10:21
4,5913 4,6235
4,3603 4,3924
4,7564 4,7892
5,2985 5,3317
447 15:11:21
4,5912 4,6234
4,3598 4,3919
4,7566 4,7894
5,2987 5,3319
448 15:12:21
4,5912 4,6234
4,3594 4,3915
4,7577 4,7905
5,2984 5,3316
449 15:13:20
4,5914 4,6236
4,3592 4,3913
4,7575 4,7903
5,2987 5,3319
450 15:14:20
4,5915 4,6237
4,3601 4,3922
4,7581 4,7909
5,2993 5,3325
451 15:15:21
4,5914 4,6236
4,3595 4,3916
4,7589 4,7917
5,2997 5,3329
452 15:16:21
4,5913 4,6235
4,3597 4,3918
4,7590 4,7918
5,2985 5,3317
453 15:17:21
4,5903 4,6225
4,3593 4,3914
4,7579 4,7907
5,2976 5,3308
454 15:18:21
4,5907 4,6229
4,3604 4,3925
4,7583 4,7911
5,2979 5,3311
455 15:19:21
4,5905 4,6227
4,3607 4,3928
4,7583 4,7911
5,2977 5,3309
456 15:20:20
4,5905 4,6227
4,3609 4,3930
4,7583 4,7911
5,2977 5,3309
457 15:21:20
4,5905 4,6227
4,3605 4,3926
4,7580 4,7909
5,2977 5,3309
458 15:22:21
4,5905 4,6227
4,3598 4,3919
4,7582 4,7911
5,2980 5,3312
459 15:23:21
4,5903 4,6225
4,3596 4,3917
4,7587 4,7916
5,2981 5,3313
460 15:24:21
4,5910 4,6232
4,3607 4,3928
4,7594 4,7923
5,2988 5,3320
461 15:25:21
4,5909 4,6231
4,3615 4,3936
4,7596 4,7925
5,2990 5,3322
462 15:26:21
4,5909 4,6231
4,3615 4,3936
4,7596 4,7925
5,2993 5,3325
463 15:27:21
4,5910 4,6232
4,3626 4,3947
4,7598 4,7927
5,2994 5,3326
464 15:28:20
4,5911 4,6233
4,3621 4,3942
4,7591 4,7920
5,2993 5,3325
465 15:29:20
4,5910 4,6232
4,3620 4,3941
4,7587 4,7916
5,2992 5,3324
466 15:30:21
4,5915 4,6237
4,3636 4,3957
4,7603 4,7932
5,2997 5,3329
467 15:31:21
4,5914 4,6236
4,3633 4,3954
4,7589 4,7917
5,2993 5,3325
468 15:32:21
4,5912 4,6234
4,3623 4,3944
4,7577 4,7905
5,2996 5,3328
469 15:33:22
4,5917 4,6239
4,3634 4,3955
4,7578 4,7906
5,3000 5,3332
470 15:34:21
4,5916 4,6238
4,3627 4,3948
4,7567 4,7895
5,2998 5,3330
471 15:35:21
4,5899 4,6221
4,3615 4,3936
4,7550 4,7878
5,2987 5,3319
472 15:36:20
4,5903 4,6225
4,3613 4,3934
4,7551 4,7880
5,2990 5,3322
473 15:37:20
4,5902 4,6224
4,3615 4,3936
4,7572 4,7901
5,2989 5,3321
474 15:38:21
4,5902 4,6224
4,3629 4,3950
4,7577 4,7906
5,2987 5,3319
475 15:39:20
4,5906 4,6228
4,3626 4,3947
4,7583 4,7912
5,2987 5,3319
476 15:40:21
4,5907 4,6229
4,3623 4,3944
4,7584 4,7913
5,2989 5,3321
477 15:41:21
4,5904 4,6226
4,3622 4,3943
4,7584 4,7912
5,2984 5,3316
478 15:42:21
4,5922 4,6244
4,3629 4,3950
4,7598 4,7926
5,3003 5,3335
479 15:43:20
4,5921 4,6243
4,3632 4,3953
4,7604 4,7932
5,3010 5,3342
480 15:44:21
4,5924 4,6246
4,3633 4,3954
4,7615 4,7943
5,3017 5,3349
481 15:45:20
4,5923 4,6245
4,3641 4,3962
4,7608 4,7936
5,3013 5,3345
482 15:46:20
4,5924 4,6246
4,3656 4,3977
4,7604 4,7933
5,3014 5,3346
483 15:47:21
4,5924 4,6246
4,3649 4,3970
4,7602 4,7931
5,3003 5,3335
484 15:48:21
4,5923 4,6245
4,3648 4,3969
4,7605 4,7934
5,3005 5,3337
485 15:49:21
4,5923 4,6245
4,3650 4,3971
4,7612 4,7941
5,3003 5,3335
486 15:50:21
4,5919 4,6241
4,3643 4,3964
4,7609 4,7938
5,2996 5,3328
487 15:51:21
4,5917 4,6239
4,3649 4,3970
4,7604 4,7933
5,2993 5,3325
488 15:52:20
4,5917 4,6239
4,3657 4,3978
4,7596 4,7925
5,2993 5,3325
489 15:53:20
4,5920 4,6242
4,3660 4,3981
4,7597 4,7926
5,2994 5,3326
490 15:54:21
4,5921 4,6243
4,3666 4,3987
4,7601 4,7930
5,2996 5,3328
491 15:55:20
4,5922 4,6244
4,3664 4,3985
4,7606 4,7935
5,3005 5,3337
492 15:56:21
4,5922 4,6244
4,3666 4,3987
4,7614 4,7943
5,3008 5,3340
493 15:57:21
4,5921 4,6243
4,3669 4,3990
4,7610 4,7939
5,3007 5,3339
494 15:58:21
4,5919 4,6241
4,3664 4,3985
4,7599 4,7928
5,3002 5,3334
495 15:59:21
4,5921 4,6243
4,3669 4,3990
4,7611 4,7940
5,3010 5,3342
496 16:00:21
4,5919 4,6241
4,3668 4,3989
4,7606 4,7935
5,3002 5,3334
497 16:01:21
4,5913 4,6235
4,3642 4,3963
4,7598 4,7926
5,3013 5,3345
498 16:02:20
4,5913 4,6235
4,3641 4,3962
4,7598 4,7926
5,3006 5,3338
499 16:03:20
4,5910 4,6232
4,3632 4,3953
4,7600 4,7928
5,3022 5,3354
500 16:05:20
4,5912 4,6234
4,3646 4,3967
4,7597 4,7925
5,3026 5,3358
501 16:06:20
4,5913 4,6235
4,3651 4,3972
4,7595 4,7924
5,3024 5,3357
502 16:07:21
4,5914 4,6236
4,3692 4,4013
4,7609 4,7938
5,3038 5,3371
503 16:08:21
4,5908 4,6230
4,3698 4,4019
4,7608 4,7937
5,3039 5,3372
504 16:09:21
4,5909 4,6231
4,3698 4,4019
4,7613 4,7942
5,3038 5,3371
505 16:10:21
4,5907 4,6229
4,3696 4,4017
4,7611 4,7940
5,3039 5,3372
506 16:11:20
4,5906 4,6228
4,3709 4,4030
4,7612 4,7941
5,3040 5,3372
507 16:12:20
4,5906 4,6228
4,3713 4,4034
4,7617 4,7946
5,3048 5,3380
508 16:13:21
4,5906 4,6228
4,3715 4,4036
4,7617 4,7946
5,3048 5,3380
509 16:14:21
4,5905 4,6227
4,3721 4,4042
4,7613 4,7942
5,3038 5,3370
510 16:15:21
4,5910 4,6232
4,3728 4,4049
4,7619 4,7948
5,3040 5,3372
511 16:16:21
4,5910 4,6232
4,3705 4,4026
4,7615 4,7943
5,3041 5,3374
512 16:17:21
4,5910 4,6232
4,3693 4,4014
4,7623 4,7951
5,3045 5,3378
513 16:18:22
4,5910 4,6232
4,3693 4,4014
4,7603 4,7931
5,3049 5,3382
514 16:19:21
4,5911 4,6233
4,3685 4,4006
4,7596 4,7924
5,3056 5,3389
515 16:20:21
4,5915 4,6237
4,3701 4,4022
4,7601 4,7929
5,3064 5,3397
516 16:21:21
4,5914 4,6236
4,3684 4,4005
4,7602 4,7930
5,3070 5,3403
517 16:22:21
4,5910 4,6232
4,3672 4,3993
4,7588 4,7916
5,3055 5,3388
518 16:23:21
4,5909 4,6231
4,3689 4,4010
4,7594 4,7922
5,3058 5,3391
519 16:24:21
4,5909 4,6231
4,3681 4,4002
4,7579 4,7907
5,3050 5,3383
520 16:25:21
4,5915 4,6237
4,3674 4,3995
4,7576 4,7904
5,3059 5,3392
521 16:26:20
4,5916 4,6238
4,3678 4,3999
4,7589 4,7917
5,3060 5,3392
522 16:27:21
4,5914 4,6236
4,3676 4,3997
4,7585 4,7913
5,3048 5,3380
523 16:28:20
4,5915 4,6237
4,3682 4,4003
4,7593 4,7921
5,3055 5,3387
524 16:29:20
4,5915 4,6237
4,3663 4,3984
4,7590 4,7918
5,3052 5,3384
525 16:30:21
4,5915 4,6237
4,3681 4,4002
4,7593 4,7921
5,3046 5,3378
526 16:31:21
4,5916 4,6238
4,3696 4,4017
4,7595 4,7923
5,3047 5,3379
527 16:32:21
4,5915 4,6237
4,3685 4,4006
4,7593 4,7921
5,3050 5,3382
528 16:33:21
4,5915 4,6237
4,3684 4,4005
4,7594 4,7922
5,3057 5,3389
529 16:34:21
4,5917 4,6239
4,3688 4,4009
4,7597 4,7925
5,3057 5,3389
530 16:35:21
4,5916 4,6238
4,3684 4,4005
4,7577 4,7905
5,3051 5,3383
531 16:36:21
4,5917 4,6239
4,3697 4,4018
4,7584 4,7913
5,3058 5,3390
532 16:37:21
4,5914 4,6236
4,3713 4,4034
4,7585 4,7914
5,3067 5,3399
533 16:38:21
4,5915 4,6237
4,3716 4,4037
4,7582 4,7911
5,3068 5,3400
534 16:39:21
4,5910 4,6232
4,3722 4,4043
4,7584 4,7913
5,3056 5,3388
535 16:40:20
4,5906 4,6228
4,3720 4,4041
4,7583 4,7912
5,3064 5,3396
536 16:41:21
4,5917 4,6239
4,3733 4,4054
4,7594 4,7923
5,3064 5,3396
537 16:42:20
4,5921 4,6243
4,3755 4,4076
4,7607 4,7936
5,3076 5,3408
538 16:43:20
4,5920 4,6242
4,3758 4,4079
4,7602 4,7931
5,3078 5,3410
539 16:44:20
4,5921 4,6243
4,3759 4,4080
4,7603 4,7932
5,3074 5,3406
540 16:45:20
4,5919 4,6241
4,3747 4,4068
4,7593 4,7922
5,3075 5,3407
541 16:46:21
4,5921 4,6243
4,3749 4,4070
4,7591 4,7920
5,3076 5,3408
542 16:47:21
4,5911 4,6233
4,3749 4,4070
4,7583 4,7912
5,3060 5,3392
543 16:48:21
4,5920 4,6242
4,3750 4,4071
4,7582 4,7911
5,3057 5,3389
544 16:49:21
4,5921 4,6243
4,3754 4,4075
4,7590 4,7919
5,3056 5,3388
545 16:50:21
4,5920 4,6242
4,3758 4,4079
4,7596 4,7925
5,3058 5,3390
546 16:51:21
4,5921 4,6243
4,3763 4,4084
4,7600 4,7929
5,3056 5,3388
547 16:52:21
4,5936 4,6258
4,3774 4,4095
4,7616 4,7945
5,3068 5,3400
548 16:53:21
4,5936 4,6258
4,3773 4,4094
4,7616 4,7945
5,3061 5,3393
549 16:54:21
4,5935 4,6257
4,3774 4,4095
4,7620 4,7949
5,3060 5,3392
550 16:55:21
4,5937 4,6259
4,3777 4,4098
4,7628 4,7957
5,3064 5,3396
551 16:56:21
4,5943 4,6265
4,3778 4,4099
4,7624 4,7953
5,3073 5,3405
552 16:57:21
4,5945 4,6267
4,3778 4,4099
4,7620 4,7949
5,3085 5,3417
553 16:58:21
4,5942 4,6264
4,3782 4,4103
4,7621 4,7950
5,3078 5,3410
554 16:59:21
4,5946 4,6268
4,3779 4,4100
4,7624 4,7953
5,3085 5,3417
555 17:00:20
4,5947 4,6269
4,3780 4,4101
4,7625 4,7954
5,3087 5,3419
556 17:01:20
4,5948 4,6270
4,3766 4,4087
4,7631 4,7960
5,3080 5,3412
557 17:02:20
4,5948 4,6270
4,3766 4,4087
4,7636 4,7965
5,3081 5,3413
558 17:03:21
4,5956 4,6278
4,3767 4,4088
4,7641 4,7970
5,3093 5,3425
559 17:04:21
4,5950 4,6272
4,3754 4,4075
4,7629 4,7958
5,3088 5,3420
560 17:05:21
4,5955 4,6277
4,3766 4,4087
4,7636 4,7965
5,3092 5,3424
561 17:06:21
4,5960 4,6282
4,3765 4,4086
4,7651 4,7980
5,3101 5,3433
562 17:07:21
4,5971 4,6293
4,3781 4,4102
4,7650 4,7979
5,3110 5,3442
563 17:08:21
4,5970 4,6292
4,3790 4,4111
4,7649 4,7978
5,3106 5,3438
564 17:09:21
4,5972 4,6294
4,3785 4,4106
4,7648 4,7977
5,3111 5,3443
565 17:10:21
4,5970 4,6292
4,3779 4,4100
4,7649 4,7978
5,3113 5,3445
566 17:11:21
4,5961 4,6283
4,3766 4,4087
4,7630 4,7959
5,3093 5,3425
567 17:12:21
4,5957 4,6279
4,3750 4,4071
4,7628 4,7957
5,3085 5,3417
568 17:13:20
4,5961 4,6283
4,3751 4,4072
4,7630 4,7959
5,3088 5,3420
569 17:14:20
4,5962 4,6284
4,3746 4,4067
4,7623 4,7952
5,3079 5,3411
570 17:15:21
4,5961 4,6283
4,3749 4,4070
4,7627 4,7956
5,3080 5,3412
571 17:16:20
4,5956 4,6278
4,3732 4,4053
4,7627 4,7956
5,3081 5,3413
572 17:17:21
4,5959 4,6281
4,3731 4,4052
4,7638 4,7967
5,3091 5,3423
573 17:18:21
4,5957 4,6279
4,3733 4,4054
4,7636 4,7965
5,3095 5,3427
574 17:19:21
4,5963 4,6285
4,3741 4,4062
4,7642 4,7971
5,3106 5,3438
575 17:20:21
4,5964 4,6286
4,3738 4,4059
4,7645 4,7974
5,3107 5,3439
576 17:21:21
4,5963 4,6285
4,3729 4,4050
4,7650 4,7979
5,3105 5,3437
577 17:22:21
4,5957 4,6279
4,3722 4,4043
4,7648 4,7977
5,3107 5,3439
578 17:23:21
4,5953 4,6275
4,3715 4,4036
4,7639 4,7968
5,3101 5,3433
579 17:24:21
4,5957 4,6279
4,3722 4,4043
4,7648 4,7977
5,3110 5,3442
580 17:25:21
4,5955 4,6277
4,3727 4,4048
4,7646 4,7975
5,3106 5,3438
581 17:26:21
4,5959 4,6281
4,3742 4,4063
4,7657 4,7986
5,3119 5,3451
582 17:27:21
4,5959 4,6281
4,3739 4,4060
4,7660 4,7989
5,3119 5,3451
583 17:28:20
4,5965 4,6287
4,3743 4,4064
4,7666 4,7995
5,3130 5,3462
584 17:29:20
4,5958 4,6280
4,3736 4,4057
4,7669 4,7998
5,3133 5,3465
585 17:30:20
4,5957 4,6279
4,3729 4,4050
4,7670 4,7999
5,3127 5,3459
586 17:31:20
4,5958 4,6280
4,3740 4,4061
4,7679 4,8008
5,3136 5,3468
587 17:32:21
4,5956 4,6278
4,3743 4,4064
4,7679 4,8008
5,3133 5,3465
588 17:33:21
4,5959 4,6281
4,3741 4,4062
4,7680 4,8009
5,3134 5,3466
589 17:34:21
4,5958 4,6280
4,3719 4,4040
4,7673 4,8002
5,3117 5,3449
590 17:35:20
4,5961 4,6283
4,3727 4,4050
4,7682 4,8011
5,3119 5,3451
591 17:36:20
4,5960 4,6282
4,3735 4,4059
4,7681 4,8010
5,3113 5,3445
592 17:37:21
4,5959 4,6281
4,3747 4,4068
4,7665 4,7994
5,3109 5,3441
593 17:38:21
4,5964 4,6286
4,3764 4,4085
4,7672 4,8001
5,3115 5,3447
594 17:39:21
4,5963 4,6285
4,3747 4,4068
4,7665 4,7994
5,3114 5,3446
595 17:40:21
4,5965 4,6287
4,3749 4,4070
4,7671 4,8000
5,3117 5,3449
596 17:41:20
4,5964 4,6286
4,3756 4,4077
4,7673 4,8002
5,3106 5,3438
597 17:42:20
4,5964 4,6286
4,3754 4,4075
4,7667 4,7996
5,3106 5,3438
598 17:43:21
4,5960 4,6282
4,3748 4,4069
4,7659 4,7988
5,3102 5,3434
599 17:44:20
4,5963 4,6285
4,3743 4,4064
4,7659 4,7988
5,3105 5,3437
600 17:45:28
4,5967 4,6289
4,3750 4,4071
4,7663 4,7992
5,3109 5,3441
601 17:46:22
4,5978 4,6300
4,3778 4,4099
4,7691 4,8020
5,3123 5,3455
602 17:47:21
4,5973 4,6295
4,3775 4,4096
4,7689 4,8018
5,3116 5,3448
603 17:48:21
4,5975 4,6297
4,3773 4,4094
4,7697 4,8026
5,3119 5,3451
604 17:49:21
4,5975 4,6297
4,3779 4,4100
4,7697 4,8026
5,3119 5,3451
605 17:50:21
4,5975 4,6297
4,3783 4,4104
4,7697 4,8026
5,3121 5,3453
606 17:51:21
4,5975 4,6297
4,3782 4,4103
4,7699 4,8028
5,3119 5,3451
607 17:52:20
4,5962 4,6284
4,3767 4,4088
4,7686 4,8015
5,3102 5,3434
608 17:53:20
4,5965 4,6287
4,3776 4,4097
4,7693 4,8022
5,3109 5,3441
609 17:54:21
4,5965 4,6289
4,3782 4,4108
4,7695 4,8024
5,3109 5,3441
610 17:55:21
4,5967 4,6290
4,3786 4,4107
4,7695 4,8024
5,3115 5,3447
611 17:56:21
4,5967 4,6289
4,3786 4,4107
4,7702 4,8031
5,3115 5,3447
612 17:57:20
4,5967 4,6290
4,3786 4,4107
4,7703 4,8033
5,3116 5,3448
613 17:58:27
4,5968 4,6291
4,3787 4,4108
4,7701 4,8030
5,3116 5,3448
614 17:59:38
4,5963 4,6285
4,3783 4,4104
4,7701 4,8030
5,3115 5,3447
615 18:00:22
4,5953 4,6291
4,3768 4,4109
4,7688 4,8039
5,3102 5,3456
616 18:01:21
4,5954 4,6293
4,3769 4,4110
4,7679 4,8030
5,3102 5,3453
617 18:02:21
4,5954 4,6293
4,3771 4,4115
4,7688 4,8035
5,3110 5,3461
618 18:03:21
4,5956 4,6293
4,3777 4,4119
4,7690 4,8035
5,3112 5,3455
619 18:04:20
4,5956 4,6293
4,3781 4,4123
4,7692 4,8040
5,3106 5,3455
620 18:05:20
4,5957 4,6294
4,3780 4,4120
4,7694 4,8042
5,3113 5,3462
621 18:06:21
4,5960 4,6297
4,3792 4,4135
4,7699 4,8045
5,3117 5,3466
622 18:07:21
4,5952 4,6301
4,3785 4,4138
4,7677 4,8038
5,3106 5,3470
623 18:08:21
4,5961 4,6312
4,3798 4,4154
4,7697 4,8055
5,3118 5,3482
624 18:09:21
4,5967 4,6308
4,3803 4,4146
4,7702 4,8051
5,3125 5,3477
625 18:10:21
4,5968 4,6309
4,3805 4,4147
4,7698 4,8047
5,3125 5,3479
626 18:11:21
4,5964 4,6308
4,3806 4,4155
4,7701 4,8053
5,3123 5,3480
627 18:12:21
4,5965 4,6311
4,3799 4,4149
4,7702 4,8056
5,3124 5,3483
628 18:13:20
4,5965 4,6312
4,3793 4,4145
4,7696 4,8056
5,3117 5,3476
629 18:14:23
4,5961 4,6314
4,3788 4,4144
4,7691 4,8052
5,3112 5,3479
630 18:15:21
4,5964 4,6307
4,3792 4,4140
4,7694 4,8045
5,3116 5,3471
631 18:16:21
4,5965 4,6307
4,3790 4,4138
4,7691 4,8046
5,3124 5,3479
632 18:17:21
4,5965 4,6307
4,3782 4,4126
4,7686 4,8037
5,3119 5,3473
633 18:18:21
4,5966 4,6309
4,3782 4,4130
4,7686 4,8037
5,3118 5,3473
634 18:19:21
4,5967 4,6308
4,3791 4,4137
4,7697 4,8046
5,3124 5,3477
635 18:20:20
4,5965 4,6307
4,3788 4,4134
4,7692 4,8042
5,3119 5,3472
636 18:21:20
4,5967 4,6308
4,3786 4,4133
4,7692 4,8041
5,3125 5,3478
637 18:22:21
4,5968 4,6305
4,3797 4,4139
4,7694 4,8038
5,3126 5,3475
638 18:23:21
4,5975 4,6342
4,3797 4,4168
4,7695 4,8076
5,3135 5,3518
639 18:24:21
4,5973 4,6329
4,3793 4,4154
4,7701 4,8065
5,3133 5,3504
640 18:25:24
4,5974 4,6331
4,3802 4,4160
4,7705 4,8070
5,3133 5,3506
641 18:26:32
4,5973 4,6329
4,3801 4,4162
4,7710 4,8073
5,3133 5,3503
642 18:27:22
4,5984 4,6330
4,3817 4,4163
4,7722 4,8080
5,3145 5,3503
643 18:28:44
4,5983 4,6334
4,3806 4,4158
4,7717 4,8079
5,3137 5,3502
644 18:29:20
4,5987 4,6334
4,3819 4,4171
4,7721 4,8079
5,3135 5,3495
645 18:30:20
4,5978 4,6341
4,3801 4,4168
4,7709 4,8080
5,3125 5,3503
646 18:31:21
4,5985 4,6341
4,3814 4,4174
4,7718 4,8082
5,3128 5,3498
647 18:32:20
4,5984 4,6344
4,3819 4,4180
4,7717 4,8085
5,3133 5,3508
648 18:33:21
4,5988 4,6343
4,3824 4,4180
4,7725 4,8093
5,3137 5,3506
649 18:34:21
4,5983 4,6345
4,3824 4,4190
4,7720 4,8095
5,3133 5,3510
650 18:35:21
4,5981 4,6348
4,3816 4,4187
4,7717 4,8092
5,3128 5,3512
651 18:36:21
4,5983 4,6348
4,3823 4,4193
4,7724 4,8097
5,3125 5,3506
652 18:37:20
4,5981 4,6345
4,3823 4,4191
4,7724 4,8096
5,3121 5,3497
653 18:38:20
4,5980 4,6344
4,3824 4,4189
4,7721 4,8094
5,3117 5,3498
654 18:39:21
4,5981 4,6344
4,3825 4,4188
4,7722 4,8093
5,3116 5,3494
655 18:40:21
4,5980 4,6344
4,3817 4,4181
4,7717 4,8094
5,3122 5,3502
656 18:41:21
4,5980 4,6344
4,3816 4,4185
4,7723 4,8095
5,3122 5,3502
657 18:42:21
4,5983 4,6340
4,3818 4,4179
4,7720 4,8086
5,3114 5,3491
658 18:43:21
4,5981 4,6343
4,3814 4,4176
4,7719 4,8089
5,3118 5,3495
659 18:44:20
4,5990 4,6345
4,3817 4,4177
4,7726 4,8089
5,3125 5,3491
660 18:45:20
4,5990 4,6345
4,3825 4,4182
4,7724 4,8089
5,3124 5,3494
661 18:46:21
4,6010 4,6355
4,3845 4,4195
4,7745 4,8101
5,3149 5,3507
662 18:47:21
4,6010 4,6355
4,3847 4,4194
4,7742 4,8095
5,3137 5,3495
663 18:48:21
4,6012 4,6353
4,3854 4,4197
4,7744 4,8093
5,3153 5,3502
664 18:49:21
4,6012 4,6352
4,3864 4,4206
4,7745 4,8092
5,3159 5,3505
665 18:50:20
4,6011 4,6364
4,3861 4,4218
4,7743 4,8104
5,3145 5,3512
666 18:51:20
4,6012 4,6353
4,3859 4,4205
4,7745 4,8093
5,3145 5,3499
667 18:52:21
4,6002 4,6354
4,3841 4,4198
4,7734 4,8095
5,3128 5,3494
668 18:53:21
4,6005 4,6354
4,3851 4,4202
4,7737 4,8095
5,3138 5,3501
669 18:54:21
4,6003 4,6356
4,3846 4,4203
4,7735 4,8096
5,3128 5,3502
670 18:55:21
4,6002 4,6354
4,3850 4,4204
4,7741 4,8101
5,3135 5,3501
671 18:56:20
4,6003 4,6353
4,3847 4,4202
4,7742 4,8100
5,3138 5,3501
672 18:57:20
4,6005 4,6356
4,3848 4,4203
4,7743 4,8107
5,3138 5,3503
673 18:58:21
4,6009 4,6354
4,3860 4,4209
4,7752 4,8104
5,3136 5,3494
674 18:59:21
4,6000 4,6355
4,3852 4,4210
4,7738 4,8106
5,3133 5,3502
675 19:00:21
4,6003 4,6346
4,3855 4,4199
4,7740 4,8095
5,3130 5,3485
676 19:01:21
4,5998 4,6351
4,3842 4,4196
4,7739 4,8100
5,3120 5,3485
677 19:02:20
4,5991 4,6347
4,3836 4,4196
4,7734 4,8100
5,3117 5,3488
678 19:03:20
4,5990 4,6346
4,3826 4,4187
4,7729 4,8096
5,3116 5,3487
679 19:04:20
4,5990 4,6348
4,3822 4,4183
4,7727 4,8098
5,3122 5,3495
680 19:05:21
4,5981 4,6335
4,3814 4,4170
4,7718 4,8083
5,3111 5,3479
681 19:06:21
4,5982 4,6335
4,3818 4,4172
4,7721 4,8085
5,3112 5,3479
682 19:07:21
4,5985 4,6336
4,3817 4,4173
4,7722 4,8086
5,3115 5,3480
683 19:08:21
4,5983 4,6336
4,3819 4,4173
4,7720 4,8086
5,3116 5,3484
684 19:09:21
4,5983 4,6336
4,3806 4,4163
4,7720 4,8082
5,3113 5,3480
685 19:10:21
4,5982 4,6334
4,3799 4,4155
4,7720 4,8082
5,3112 5,3478
686 19:11:21
4,5983 4,6334
4,3805 4,4162
4,7719 4,8078
5,3112 5,3478
687 19:12:20
4,5982 4,6335
4,3805 4,4158
4,7723 4,8084
5,3112 5,3479
688 19:13:20
4,5982 4,6334
4,3809 4,4162
4,7725 4,8085
5,3112 5,3478
689 19:14:21
4,5982 4,6337
4,3805 4,4164
4,7723 4,8086
5,3106 5,3475
690 19:15:21
4,5982 4,6335
4,3801 4,4159
4,7719 4,8085
5,3105 5,3472
691 19:16:21
4,5984 4,6335
4,3791 4,4146
4,7720 4,8079
5,3109 5,3477
692 19:17:21
4,5982 4,6334
4,3785 4,4138
4,7720 4,8080
5,3107 5,3472
693 19:18:20
4,5983 4,6336
4,3793 4,4146
4,7719 4,8080
5,3107 5,3474
694 19:19:20
4,5982 4,6335
4,3789 4,4146
4,7714 4,8080
5,3106 5,3473
695 19:20:20
4,5982 4,6334
4,3789 4,4146
4,7714 4,8079
5,3106 5,3472
696 19:21:20
4,5983 4,6334
4,3786 4,4142
4,7710 4,8074
5,3107 5,3472
697 19:22:20
4,5982 4,6332
4,3785 4,4140
4,7709 4,8072
5,3101 5,3464
698 19:23:21
4,5981 4,6326
4,3792 4,4138
4,7713 4,8065
5,3099 5,3456
699 19:24:21
4,5981 4,6325
4,3788 4,4137
4,7713 4,8064
5,3093 5,3453
700 19:25:21
4,5976 4,6324
4,3785 4,4137
4,7708 4,8063
5,3094 5,3454
701 19:26:21
4,5975 4,6324
4,3773 4,4128
4,7706 4,8064
5,3085 5,3453
702 19:27:20
4,5969 4,6320
4,3760 4,4116
4,7699 4,8058
5,3078 5,3443
703 19:28:20
4,5967 4,6317
4,3762 4,4117
4,7699 4,8057
5,3076 5,3438
704 19:29:21
4,5968 4,6319
4,3763 4,4119
4,7698 4,8059
5,3077 5,3442
705 19:30:21
4,5968 4,6317
4,3759 4,4113
4,7698 4,8055
5,3077 5,3440
706 19:31:21
4,5967 4,6318
4,3754 4,4110
4,7692 4,8051
5,3076 5,3441
707 19:32:20
4,5967 4,6318
4,3758 4,4114
4,7693 4,8056
5,3082 5,3447
708 19:33:20
4,5964 4,6323
4,3759 4,4123
4,7690 4,8062
5,3072 5,3453
709 19:34:21
4,5966 4,6323
4,3757 4,4119
4,7691 4,8058
5,3084 5,3458
710 19:35:21
4,5966 4,6323
4,3757 4,4119
4,7692 4,8062
5,3086 5,3458
711 19:36:21
4,5965 4,6321
4,3756 4,4117
4,7692 4,8056
5,3087 5,3458
712 19:37:21
4,5965 4,6321
4,3760 4,4117
4,7697 4,8061
5,3087 5,3458
713 19:38:21
4,5966 4,6323
4,3761 4,4122
4,7696 4,8061
5,3086 5,3458
714 19:39:20
4,5965 4,6321
4,3768 4,4129
4,7701 4,8070
5,3087 5,3458
715 19:40:20
4,5967 4,6321
4,3778 4,4133
4,7703 4,8070
5,3089 5,3457
716 19:41:21
4,5967 4,6322
4,3777 4,4138
4,7702 4,8071
5,3087 5,3457
717 19:42:21
4,5966 4,6325
4,3781 4,4145
4,7706 4,8073
5,3080 5,3454
718 19:43:21
4,5965 4,6325
4,3778 4,4142
4,7706 4,8079
5,3083 5,3455
719 19:44:21
4,5966 4,6327
4,3773 4,4138
4,7707 4,8081
5,3080 5,3456
720 19:45:21
4,5965 4,6321
4,3778 4,4138
4,7708 4,8075
5,3081 5,3452
721 19:46:20
4,5968 4,6323
4,3773 4,4130
4,7711 4,8077
5,3078 5,3447
722 19:47:20
4,5967 4,6322
4,3774 4,4134
4,7712 4,8075
5,3076 5,3445
723 19:48:21
4,5967 4,6322
4,3778 4,4137
4,7713 4,8081
5,3081 5,3451
724 19:49:21
4,5966 4,6322
4,3781 4,4139
4,7714 4,8082
5,3076 5,3447
725 19:50:21
4,5965 4,6325
4,3781 4,4146
4,7716 4,8089
5,3074 5,3456
726 19:51:21
4,5966 4,6327
4,3782 4,4144
4,7717 4,8091
5,3074 5,3450
727 19:52:21
4,5965 4,6322
4,3781 4,4139
4,7715 4,8080
5,3074 5,3445
728 19:53:20
4,5967 4,6317
4,3775 4,4131
4,7719 4,8077
5,3076 5,3440
729 19:54:20
4,5967 4,6319
4,3774 4,4131
4,7719 4,8079
5,3076 5,3442
730 19:55:21
4,5967 4,6320
4,3779 4,4137
4,7718 4,8084
5,3076 5,3443
731 19:56:21
4,5967 4,6320
4,3779 4,4137
4,7722 4,8083
5,3076 5,3443
732 19:57:21
4,5966 4,6320
4,3778 4,4137
4,7723 4,8085
5,3075 5,3443
733 19:58:21
4,5965 4,6319
4,3781 4,4140
4,7722 4,8084
5,3074 5,3442
734 19:59:20
4,5968 4,6325
4,3792 4,4154
4,7729 4,8097
5,3076 5,3448
735 20:00:20
4,5975 4,6340
4,3798 4,4167
4,7736 4,8114
5,3084 5,3465
736 20:01:20
4,5986 4,6349
4,3813 4,4180
4,7750 4,8123
5,3097 5,3475
737 20:02:21
4,5986 4,6349
4,3813 4,4180
4,7750 4,8123
5,3097 5,3475
738 20:03:21
4,5987 4,6345
4,3812 4,4174
4,7749 4,8120
5,3094 5,3469
739 20:04:21
4,5987 4,6348
4,3810 4,4175
4,7753 4,8122
5,3098 5,3478
740 20:05:21
4,5988 4,6347
4,3814 4,4177
4,7754 4,8123
5,3100 5,3475
741 20:06:21
4,5987 4,6347
4,3814 4,4179
4,7759 4,8132
5,3100 5,3481
742 20:07:21
4,5985 4,6347
4,3808 4,4175
4,7757 4,8130
5,3103 5,3481
743 20:08:20
4,5985 4,6347
4,3804 4,4171
4,7758 4,8130
5,3103 5,3481
744 20:09:20
4,5986 4,6349
4,3805 4,4169
4,7758 4,8134
5,3104 5,3483
745 20:10:21
4,5988 4,6347
4,3803 4,4167
4,7760 4,8132
5,3107 5,3480
746 20:11:21
4,5986 4,6346
4,3798 4,4162
4,7760 4,8131
5,3099 5,3480
747 20:12:21
4,5986 4,6346
4,3794 4,4158
4,7760 4,8131
5,3099 5,3474
748 20:38:21
4,5988 4,6349
4,3832 4,4194
4,7775 4,8149
5,3081 5,3457
749 20:39:20
4,5988 4,6349
4,3832 4,4194
4,7779 4,8148
5,3081 5,3457
750 20:40:20
4,5989 4,6350
4,3833 4,4199
4,7780 4,8149
5,3088 5,3464
751 20:41:21
4,5988 4,6348
4,3833 4,4195
4,7779 4,8148
5,3083 5,3458
752 20:42:21
4,5988 4,6348
4,3825 4,4189
4,7775 4,8148
5,3083 5,3456
753 20:43:21
4,5989 4,6349
4,3830 4,4194
4,7780 4,8149
5,3077 5,3453
754 20:44:21
4,5988 4,6348
4,3828 4,4193
4,7775 4,8148
5,3083 5,3458
755 20:45:21
4,5988 4,6348
4,3832 4,4193
4,7777 4,8149
5,3082 5,3458
756 20:46:21
4,5988 4,6348
4,3828 4,4193
4,7781 4,8149
5,3083 5,3458
757 20:47:21
4,5988 4,6348
4,3833 4,4197
4,7781 4,8149
5,3083 5,3458
758 20:48:20
4,5989 4,6348
4,3833 4,4197
4,7776 4,8148
5,3082 5,3456
759 20:49:20
4,5988 4,6348
4,3832 4,4197
4,7781 4,8149
5,3083 5,3458
760 20:50:20
4,5989 4,6348
4,3832 4,4195
4,7780 4,8147
5,3082 5,3456
761 20:51:21
4,5989 4,6348
4,3833 4,4197
4,7776 4,8148
5,3089 5,3462
762 20:52:21
4,5987 4,6347
4,3827 4,4192
4,7780 4,8148
5,3082 5,3458
763 20:53:21
4,5987 4,6347
4,3824 4,4184
4,7780 4,8148
5,3082 5,3458
764 20:54:20
4,5988 4,6346
4,3821 4,4183
4,7781 4,8147
5,3089 5,3462
765 20:55:20
4,5989 4,6348
4,3825 4,4189
4,7781 4,8153
5,3082 5,3456
766 20:56:20
4,5982 4,6352
4,3815 4,4189
4,7779 4,8162
5,3074 5,3462
767 20:57:20
4,5985 4,6352
4,3821 4,4189
4,7786 4,8161
5,3077 5,3461
768 20:58:21
4,5985 4,6352
4,3820 4,4187
4,7786 4,8163
5,3077 5,3461
769 20:59:21
4,5986 4,6345
4,3821 4,4181
4,7787 4,8154
5,3080 5,3453
770 21:00:21
4,5986 4,6339
4,3822 4,4179
4,7787 4,8148
5,3080 5,3447
771 21:01:21
4,5983 4,6342
4,3819 4,4183
4,7789 4,8156
5,3075 5,3449
772 21:02:21
4,5983 4,6347
4,3823 4,4188
4,7796 4,8168
5,3076 5,3456
773 21:03:20
4,5983 4,6348
4,3818 4,4187
4,7794 4,8167
5,3070 5,3451
774 21:04:20
4,5988 4,6348
4,3825 4,4188
4,7801 4,8169
5,3077 5,3452
775 21:05:20
4,5984 4,6349
4,3823 4,4192
4,7801 4,8179
5,3070 5,3452
776 21:06:20
4,5985 4,6348
4,3825 4,4193
4,7797 4,8173
5,3072 5,3451
777 21:07:21
4,5983 4,6347
4,3827 4,4193
4,7794 4,8167
5,3077 5,3454
778 21:08:21
4,5984 4,6347
4,3820 4,4188
4,7790 4,8161
5,3077 5,3455
779 21:09:21
4,5985 4,6345
4,3825 4,4190
4,7792 4,8165
5,3073 5,3447
780 21:10:21
4,5987 4,6348
4,3822 4,4187
4,7789 4,8163
5,3074 5,3446
781 21:11:20
4,5985 4,6348
4,3825 4,4193
4,7791 4,8163
5,3072 5,3451
782 21:12:20
4,5984 4,6346
4,3824 4,4191
4,7786 4,8162
5,3071 5,3449
783 21:13:20
4,5985 4,6348
4,3825 4,4193
4,7791 4,8162
5,3072 5,3457
784 21:14:21
4,5988 4,6344
4,3836 4,4197
4,7795 4,8164
5,3076 5,3446
785 21:15:21
4,5987 4,6343
4,3837 4,4197
4,7796 4,8163
5,3075 5,3445
786 21:16:21
4,5987 4,6345
4,3835 4,4198
4,7799 4,8170
5,3075 5,3447
787 21:17:20
4,5985 4,6345
4,3833 4,4198
4,7797 4,8170
5,3073 5,3448
788 21:18:20
4,5985 4,6347
4,3833 4,4200
4,7803 4,8173
5,3072 5,3456
789 21:19:21
4,5988 4,6345
4,3836 4,4197
4,7804 4,8169
5,3076 5,3453
790 21:20:21
4,5994 4,6347
4,3850 4,4204
4,7810 4,8171
5,3088 5,3455
791 21:21:21
4,5991 4,6348
4,3843 4,4204
4,7802 4,8169
5,3086 5,3457
792 21:22:21
4,5991 4,6348
4,3843 4,4204
4,7803 4,8173
5,3083 5,3456
793 21:23:21
4,5991 4,6343
4,3839 4,4196
4,7804 4,8164
5,3085 5,3451
794 21:24:21
4,5987 4,6345
4,3837 4,4199
4,7800 4,8166
5,3083 5,3454
795 21:25:20
4,5989 4,6344
4,3833 4,4193
4,7800 4,8163
5,3083 5,3451
796 21:26:20
4,5990 4,6350
4,3838 4,4203
4,7802 4,8175
5,3085 5,3460
797 21:27:21
4,5987 4,6347
4,3841 4,4205
4,7805 4,8173
5,3080 5,3456
798 21:28:21
4,5991 4,6350
4,3843 4,4207
4,7803 4,8175
5,3078 5,3452
799 21:29:21
4,5994 4,6349
4,3846 4,4205
4,7810 4,8173
5,3081 5,3451
800 21:30:21
4,6000 4,6349
4,3852 4,4206
4,7814 4,8173
5,3089 5,3451
801 21:31:20
4,5989 4,6348
4,3841 4,4205
4,7799 4,8172
5,3076 5,3451
802 21:32:20
4,5987 4,6347
4,3835 4,4200
4,7805 4,8173
5,3074 5,3450
803 21:33:20
4,6000 4,6348
4,3852 4,4202
4,7817 4,8178
5,3097 5,3458
804 21:34:21
4,6000 4,6348
4,3848 4,4201
4,7817 4,8178
5,3097 5,3458
805 21:35:21
4,6000 4,6348
4,3856 4,4209
4,7817 4,8178
5,3097 5,3458
806 21:36:21
4,6001 4,6347
4,3857 4,4204
4,7818 4,8177
5,3098 5,3457
807 21:37:20
4,5996 4,6348
4,3852 4,4209
4,7809 4,8169
5,3091 5,3457
808 21:38:20
4,5996 4,6351
4,3852 4,4212
4,7808 4,8176
5,3085 5,3454
809 21:39:20
4,5995 4,6350
4,3851 4,4211
4,7807 4,8175
5,3088 5,3453
810 21:40:21
4,5996 4,6349
4,3856 4,4210
4,7808 4,8174
5,3085 5,3452
811 21:41:21
4,5996 4,6349
4,3857 4,4215
4,7808 4,8174
5,3085 5,3452
812 21:42:21
4,5994 4,6355
4,3854 4,4219
4,7810 4,8179
5,3086 5,3464
813 21:43:21
4,5994 4,6353
4,3854 4,4215
4,7805 4,8172
5,3089 5,3462
814 21:44:20
4,5994 4,6355
4,3850 4,4215
4,7805 4,8174
5,3082 5,3458
815 21:45:20
4,6005 4,6353
4,3865 4,4218
4,7817 4,8178
5,3097 5,3458
816 21:46:20
4,6006 4,6352
4,3866 4,4217
4,7824 4,8178
5,3098 5,3457
817 21:47:21
4,6005 4,6353
4,3865 4,4214
4,7823 4,8179
5,3093 5,3458
818 21:48:21
4,6005 4,6356
4,3863 4,4217
4,7821 4,8180
5,3089 5,3454
819 21:49:21
4,6002 4,6358
4,3858 4,4219
4,7821 4,8189
5,3086 5,3460
820 21:50:21
4,6003 4,6357
4,3863 4,4218
4,7820 4,8187
5,3087 5,3455
821 21:51:20
4,6002 4,6356
4,3858 4,4217
4,7825 4,8187
5,3086 5,3454
822 21:52:20
4,6008 4,6359
4,3864 4,4220
4,7831 4,8189
5,3097 5,3461
823 21:53:21
4,6004 4,6358
4,3864 4,4219
4,7826 4,8193
5,3094 5,3463
824 21:54:21
4,6004 4,6359
4,3864 4,4224
4,7826 4,8193
5,3094 5,3463
825 21:55:21
4,6004 4,6359
4,3860 4,4220
4,7825 4,8189
5,3094 5,3463
826 21:56:21
4,6001 4,6359
4,3863 4,4225
4,7829 4,8194
5,3093 5,3464
827 21:57:20
4,6006 4,6355
4,3869 4,4222
4,7830 4,8190
5,3102 5,3465
828 21:58:20
4,6005 4,6356
4,3873 4,4228
4,7831 4,8190
5,3101 5,3460
829 22:00:20
4,6006 4,6357
4,3893 4,4246
4,7833 4,8196
5,3102 5,3467
830 22:01:20
4,6002 4,6348
4,3889 4,4239
4,7820 4,8174
5,3100 5,3457
831 22:02:21
4,6004 4,6349
4,3888 4,4239
4,7818 4,8174
5,3107 5,3464
832 22:03:21
4,6004 4,6353
4,3884 4,4235
4,7813 4,8172
5,3100 5,3463
833 22:04:21
4,6004 4,6352
4,3885 4,4234
4,7811 4,8172
5,3095 5,3456
834 22:05:21
4,5989 4,6349
4,3872 4,4232
4,7797 4,8165
5,3071 5,3446
835 22:06:21
4,5990 4,6349
4,3876 4,4236
4,7796 4,8163
5,3078 5,3451
836 22:07:21
4,5989 4,6347
4,3875 4,4234
4,7797 4,8163
5,3077 5,3447
837 22:08:20
4,5987 4,6346
4,3869 4,4233
4,7789 4,8161
5,3067 5,3441
838 22:09:20
4,5989 4,6346
4,3870 4,4230
4,7789 4,8160
5,3070 5,3443
839 22:10:21
4,5987 4,6348
4,3869 4,4235
4,7793 4,8162
5,3068 5,3445
840 22:11:21
4,5987 4,6345
4,3873 4,4236
4,7795 4,8161
5,3075 5,3451
841 22:12:21
4,5988 4,6349
4,3873 4,4238
4,7794 4,8163
5,3081 5,3457
842 22:13:21
4,5987 4,6347
4,3873 4,4238
4,7795 4,8163
5,3082 5,3457
843 22:14:20
4,5987 4,6347
4,3877 4,4242
4,7789 4,8162
5,3082 5,3463
844 22:15:20
4,5990 4,6349
4,3876 4,4240
4,7791 4,8164
5,3086 5,3464
845 22:16:20
4,5990 4,6349
4,3876 4,4240
4,7796 4,8164
5,3089 5,3463
846 22:17:21
4,5988 4,6348
4,3874 4,4235
4,7790 4,8163
5,3075 5,3457
847 22:18:21
4,5990 4,6347
4,3876 4,4234
4,7792 4,8162
5,3077 5,3449
848 22:19:21
4,5987 4,6347
4,3869 4,4234
4,7789 4,8162
5,3076 5,3451
849 22:20:21
4,5990 4,6349
4,3872 4,4236
4,7792 4,8164
5,3077 5,3451
850 22:21:20
4,5991 4,6350
4,3873 4,4237
4,7793 4,8165
5,3078 5,3452
851 22:22:20
4,5991 4,6349
4,3877 4,4240
4,7794 4,8164
5,3080 5,3447
852 22:23:21
4,5992 4,6349
4,3878 4,4240
4,7794 4,8164
5,3074 5,3447
853 22:24:21
4,5990 4,6349
4,3880 4,4240
4,7791 4,8158
5,3071 5,3445
854 22:25:21
4,5988 4,6348
4,3876 4,4240
4,7791 4,8161
5,3071 5,3446
855 22:26:21
4,5987 4,6347
4,3873 4,4238
4,7790 4,8158
5,3070 5,3445
856 22:27:21
4,5987 4,6348
4,3877 4,4243
4,7788 4,8157
5,3068 5,3445
857 22:28:21
4,5989 4,6347
4,3879 4,4242
4,7791 4,8162
5,3072 5,3445
858 22:29:21
4,5989 4,6348
4,3879 4,4243
4,7790 4,8157
5,3070 5,3444
859 22:30:20
4,5987 4,6348
4,3877 4,4243
4,7784 4,8158
5,3067 5,3445
860 22:31:20
4,5988 4,6346
4,3886 4,4245
4,7791 4,8161
5,3077 5,3450
861 22:32:21
4,5988 4,6349
4,3884 4,4248
4,7794 4,8163
5,3081 5,3457
862 22:33:21
4,5988 4,6348
4,3882 4,4247
4,7790 4,8163
5,3089 5,3464
863 22:34:21
4,5988 4,6348
4,3888 4,4248
4,7790 4,8163
5,3089 5,3464
864 22:35:21
4,5988 4,6348
4,3883 4,4248
4,7791 4,8165
5,3076 5,3452
865 22:36:20
4,5992 4,6353
4,3886 4,4252
4,7794 4,8168
5,3080 5,3457
866 22:37:20
4,5996 4,6353
4,3890 4,4252
4,7798 4,8168
5,3085 5,3452
867 22:38:20
4,5992 4,6361
4,3890 4,4263
4,7799 4,8183
5,3079 5,3467
868 22:39:21
4,5989 4,6353
4,3887 4,4256
4,7796 4,8174
5,3077 5,3458
869 22:40:21
4,5989 4,6353
4,3889 4,4257
4,7797 4,8169
5,3077 5,3457
870 22:41:21
4,5995 4,6354
4,3892 4,4255
4,7797 4,8169
5,3083 5,3457
871 22:42:21
4,5995 4,6354
4,3893 4,4257
4,7797 4,8169
5,3083 5,3457
872 22:43:20
4,5990 4,6356
4,3888 4,4255
4,7793 4,8173
5,3072 5,3454
873 22:44:20
4,5995 4,6353
4,3893 4,4252
4,7797 4,8168
5,3079 5,3452
874 22:45:20
4,5989 4,6354
4,3883 4,4252
4,7791 4,8169
5,3070 5,3450
875 22:46:21
4,5990 4,6350
4,3884 4,4245
4,7792 4,8165
5,3073 5,3448
876 22:47:21
4,5987 4,6352
4,3881 4,4250
4,7788 4,8161
5,3068 5,3449
877 22:48:21
4,5987 4,6352
4,3882 4,4250
4,7788 4,8161
5,3068 5,3449
878 22:49:21
4,5987 4,6352
4,3881 4,4246
4,7784 4,8161
5,3068 5,3449
879 22:50:21
4,5985 4,6352
4,3875 4,4246
4,7782 4,8162
5,3066 5,3455
880 22:51:20
4,5983 4,6349
4,3879 4,4249
4,7780 4,8159
5,3064 5,3446
881 22:52:20
4,5988 4,6350
4,3882 4,4248
4,7790 4,8165
5,3072 5,3447
882 22:53:21
4,5990 4,6353
4,3880 4,4247
4,7786 4,8167
5,3072 5,3451
883 22:54:21
4,5991 4,6350
4,3885 4,4245
4,7793 4,8165
5,3072 5,3446
884 22:55:21
4,5987 4,6351
4,3883 4,4247
4,7790 4,8168
5,3069 5,3449
885 22:56:20
4,5988 4,6352
4,3878 4,4247
4,7786 4,8168
5,3064 5,3451
886 22:57:20
4,5990 4,6348
4,3890 4,4252
4,7792 4,8163
5,3073 5,3452
887 22:58:21
4,5996 4,6349
4,3894 4,4252
4,7792 4,8163
5,3079 5,3450
888 22:59:21
4,5955 4,6353
4,3855 4,4256
4,7756 4,8170
5,3047 5,3455
889 23:00:21
4,5914 4,6349
4,3740 4,4251
4,7702 4,8171
5,2986 5,3454
890 23:01:21
4,5909 4,6348
4,3732 4,4252
4,7701 4,8173
5,2993 5,3455
891 23:02:21
4,5910 4,6338
4,3805 4,4247
4,7703 4,8163
5,2990 5,3475
892 23:03:21
4,5912 4,6336
4,3807 4,4245
4,7706 4,8171
5,2992 5,3467
893 23:04:21
4,5912 4,6336
4,3807 4,4245
4,7661 4,8219
5,3003 5,3468
894 23:05:21
4,5914 4,6338
4,3809 4,4247
4,7663 4,8219
5,3004 5,3465
895 23:06:21
4,5914 4,6338
4,3809 4,4247
4,7688 4,8193
5,2989 5,3441
896 23:07:21
4,5877 4,6378
4,3772 4,4284
4,7663 4,8214
5,2950 5,3483
897 23:08:21
4,5877 4,6378
4,3772 4,4284
4,7673 4,8218
5,2942 5,3482
898 23:09:21
4,5877 4,6378
4,3772 4,4284
4,7673 4,8218
5,2956 5,3483
899 23:10:21
4,5912 4,6340
4,3807 4,4249
4,7712 4,8179
5,2990 5,3440
900 23:11:21
4,5855 4,6400
4,3750 4,4297
4,7632 4,8219
5,2918 5,3498
901 23:12:21
4,5915 4,6339
4,3810 4,4244
4,7700 4,8200
5,2979 5,3435
902 23:13:20
4,5915 4,6339
4,3814 4,4244
4,7705 4,8205
5,2985 5,3441
903 23:14:20
4,5912 4,6343
4,3809 4,4246
4,7700 4,8207
5,2982 5,3444
904 23:15:21
4,5912 4,6343
4,3809 4,4246
4,7695 4,8202
5,2983 5,3444
905 23:16:21
4,5879 4,6380
4,3774 4,4282
4,7657 4,8219
5,2946 5,3472
906 23:17:21
4,5877 4,6378
4,3772 4,4276
4,7649 4,8219
5,2937 5,3477
907 23:18:21
4,5877 4,6378
4,3772 4,4276
4,7655 4,8219
5,2938 5,3471
908 23:19:21
4,5877 4,6378
4,3776 4,4283
4,7668 4,8213
5,2951 5,3484
909 23:20:21
4,5877 4,6378
4,3776 4,4279
4,7669 4,8219
5,2950 5,3483
910 23:21:21
4,5877 4,6378
4,3776 4,4279
4,7669 4,8219
5,2956 5,3488
911 23:22:21
4,5854 4,6404
4,3756 4,4310
4,7631 4,8219
5,2930 5,3520
912 23:23:21
4,5914 4,6345
4,3811 4,4248
4,7713 4,8185
5,2989 5,3447
913 23:24:21
4,5914 4,6345
4,3811 4,4248
4,7713 4,8185
5,2989 5,3447
914 23:25:21
4,5875 4,6383
4,3776 4,4286
4,7658 4,8219
5,2949 5,3490
915 23:26:21
4,5915 4,6343
4,3814 4,4244
4,7705 4,8207
5,2991 5,3449
916 23:27:21
4,5915 4,6343
4,3814 4,4248
4,7714 4,8183
5,2992 5,3447
917 23:28:21
4,5875 4,6383
4,3776 4,4286
4,7673 4,8219
5,2949 5,3490
918 23:29:21
4,5875 4,6383
4,3776 4,4286
4,7658 4,8219
5,2949 5,3490
919 23:30:21
4,5847 4,6411
4,3749 4,4315
4,7632 4,8219
5,2916 5,3524
920 23:31:21
4,5911 4,6347
4,3810 4,4260
4,7704 4,8187
5,2995 5,3456
921 23:32:21
4,5908 4,6350
4,3807 4,4259
4,7692 4,8195
5,2992 5,3459
922 23:33:21
4,5881 4,6380
4,3780 4,4286
4,7668 4,8219
5,2960 5,3490
923 23:34:21
4,5881 4,6380
4,3780 4,4286
4,7669 4,8219
5,2960 5,3490
924 23:35:20
4,5881 4,6380
4,3780 4,4286
4,7664 4,8219
5,2960 5,3490
925 23:36:21
4,5881 4,6380
4,3780 4,4286
4,7664 4,8219
5,2960 5,3484
926 23:37:21
4,5881 4,6380
4,3780 4,4286
4,7663 4,8219
5,2961 5,3488
927 23:38:21
4,5881 4,6380
4,3780 4,4286
4,7668 4,8219
5,2960 5,3490
928 23:39:21
4,5881 4,6380
4,3780 4,4282
4,7663 4,8219
5,2961 5,3492
929 23:40:21
4,5909 4,6349
4,3807 4,4252
4,7693 4,8214
5,2993 5,3458
930 23:41:21
4,5881 4,6380
4,3780 4,4282
4,7664 4,8219
5,2960 5,3478
931 23:42:21
4,5881 4,6380
4,3780 4,4282
4,7658 4,8219
5,2960 5,3490
932 23:43:21
4,5877 4,6381
4,3778 4,4284
4,7661 4,8219
5,2957 5,3494
933 23:44:21
4,5877 4,6381
4,3778 4,4288
4,7661 4,8219
5,2957 5,3493
934 23:45:20
4,5877 4,6381
4,3778 4,4288
4,7642 4,8215
5,2957 5,3496
Connection error x5
