#======================
2023-8-22
# 1.EUR, 2.USD, 3.CHF, 4.GBP
Sell Price, Buy Price
1 12:34
4,4501 4,4823
4,0863 4,1184
4,6553 4,6881
5,2238 5,2570
2 12:35
4,4502 4,4824
4,0867 4,1188
4,6556 4,6884
5,2239 5,2571
3 12:36
4,4501 4,4823
4,0865 4,1186
4,6555 4,6883
5,2222 5,2554
4 12:37
4,4504 4,4826
4,0860 4,1181
4,6553 4,6881
5,2226 5,2558
5 12:38
4,4504 4,4826
4,0854 4,1175
4,6553 4,6881
5,2235 5,2567
6 12:39
4,4503 4,4825
4,0851 4,1172
4,6552 4,6880
5,2231 5,2563
7 12:40
4,4502 4,4824
4,0853 4,1174
4,6564 4,6892
5,2227 5,2559
8 12:41
4,4502 4,4824
4,0852 4,1173
4,6565 4,6894
5,2231 5,2563
9 12:42
4,4501 4,4823
4,0849 4,1170
4,6557 4,6886
5,2222 5,2554
10 12:43
4,4501 4,4823
4,0848 4,1169
4,6557 4,6886
5,2222 5,2554
11 12:44
4,4502 4,4824
4,0854 4,1175
4,6560 4,6889
5,2217 5,2549
12 12:45
4,4503 4,4825
4,0855 4,1176
4,6562 4,6891
5,2213 5,2545
13 12:46
4,4504 4,4826
4,0862 4,1183
4,6563 4,6891
5,2214 5,2546
14 12:47
4,4504 4,4826
4,0871 4,1192
4,6567 4,6895
5,2219 5,2551
15 12:48
4,4504 4,4826
4,0869 4,1190
4,6570 4,6898
5,2217 5,2549
16 12:49
4,4503 4,4825
4,0878 4,1199
4,6575 4,6903
5,2216 5,2548
17 12:50
4,4506 4,4828
4,0879 4,1200
4,6582 4,6910
5,2219 5,2551
18 12:51
4,4503 4,4825
4,0874 4,1195
4,6579 4,6907
5,2209 5,2541
19 12:52
4,4503 4,4825
4,0868 4,1189
4,6572 4,6900
5,2203 5,2535
20 12:53
4,4506 4,4828
4,0877 4,1198
4,6568 4,6896
5,2210 5,2542
21 12:54
4,4504 4,4826
4,0869 4,1190
4,6573 4,6901
5,2211 5,2543
22 12:55
4,4504 4,4826
4,0871 4,1192
4,6573 4,6901
5,2207 5,2539
23 12:56
4,4503 4,4825
4,0868 4,1189
4,6572 4,6901
5,2218 5,2550
24 12:57
4,4511 4,4833
4,0881 4,1202
4,6580 4,6909
5,2224 5,2556
25 12:58
4,4521 4,4843
4,0885 4,1206
4,6591 4,6920
5,2234 5,2566
26 12:59
4,4514 4,4836
4,0886 4,1207
4,6583 4,6912
5,2228 5,2560
27 13:00
4,4514 4,4836
4,0884 4,1205
4,6583 4,6912
5,2222 5,2554
28 13:01
4,4515 4,4837
4,0879 4,1200
4,6584 4,6912
5,2217 5,2549
29 13:02
4,4514 4,4836
4,0886 4,1207
4,6590 4,6918
5,2213 5,2545
30 13:03
4,4512 4,4834
4,0888 4,1209
4,6586 4,6914
5,2209 5,2541
31 13:04
4,4511 4,4833
4,0883 4,1204
4,6585 4,6913
5,2210 5,2542
32 13:05
4,4511 4,4833
4,0885 4,1206
4,6580 4,6908
5,2213 5,2545
33 13:06
4,4511 4,4833
4,0885 4,1206
4,6583 4,6911
5,2219 5,2551
34 13:07
4,4511 4,4833
4,0885 4,1206
4,6582 4,6910
5,2222 5,2554
35 13:08
4,4510 4,4832
4,0884 4,1205
4,6579 4,6907
5,2208 5,2540
36 13:09
4,4516 4,4838
4,0892 4,1213
4,6583 4,6911
5,2215 5,2547
37 13:10
4,4518 4,4840
4,0895 4,1216
4,6587 4,6915
5,2215 5,2547
38 13:11
4,4515 4,4837
4,0889 4,1210
4,6579 4,6907
5,2205 5,2537
39 13:12
4,4518 4,4840
4,0890 4,1211
4,6583 4,6911
5,2215 5,2547
40 13:13
4,4516 4,4838
4,0888 4,1209
4,6581 4,6909
5,2210 5,2542
41 13:14
4,4514 4,4836
4,0892 4,1213
4,6576 4,6904
5,2216 5,2548
42 13:15
4,4513 4,4835
4,0891 4,1212
4,6574 4,6902
5,2202 5,2534
43 13:16
4,4512 4,4834
4,0888 4,1209
4,6571 4,6900
5,2213 5,2545
44 13:17
4,4505 4,4827
4,0872 4,1193
4,6556 4,6885
5,2205 5,2537
45 13:18
4,4505 4,4827
4,0872 4,1193
4,6554 4,6883
5,2206 5,2538
46 13:19
4,4505 4,4827
4,0876 4,1197
4,6564 4,6893
5,2205 5,2537
47 13:20
4,4501 4,4823
4,0873 4,1194
4,6558 4,6887
5,2198 5,2530
48 13:21
4,4494 4,4816
4,0861 4,1182
4,6547 4,6876
5,2192 5,2524
49 13:22
4,4494 4,4816
4,0866 4,1187
4,6545 4,6874
5,2183 5,2515
50 13:23
4,4493 4,4815
4,0867 4,1188
4,6544 4,6873
5,2195 5,2527
51 13:24
4,4493 4,4815
4,0865 4,1186
4,6547 4,6876
5,2198 5,2530
52 13:25
4,4493 4,4815
4,0867 4,1188
4,6547 4,6876
5,2198 5,2530
53 13:26
4,4493 4,4815
4,0868 4,1189
4,6554 4,6882
5,2197 5,2529
54 13:27
4,4492 4,4814
4,0873 4,1194
4,6552 4,6880
5,2196 5,2528
55 13:28
4,4493 4,4815
4,0874 4,1195
4,6551 4,6879
5,2203 5,2535
56 13:29
4,4497 4,4819
4,0879 4,1200
4,6553 4,6881
5,2211 5,2543
57 13:30
4,4495 4,4817
4,0877 4,1198
4,6551 4,6879
5,2209 5,2541
58 13:31
4,4492 4,4814
4,0873 4,1194
4,6548 4,6877
5,2208 5,2540
59 13:32
4,4493 4,4815
4,0874 4,1195
4,6549 4,6878
5,2209 5,2541
60 13:33
4,4492 4,4814
4,0874 4,1195
4,6549 4,6878
5,2209 5,2541
61 13:34
4,4493 4,4815
4,0879 4,1200
4,6551 4,6880
5,2209 5,2541
62 13:35
4,4494 4,4816
4,0886 4,1207
4,6552 4,6881
5,2211 5,2543
63 13:36
4,4494 4,4816
4,0879 4,1200
4,6554 4,6882
5,2211 5,2543
64 13:37
4,4492 4,4814
4,0873 4,1194
4,6550 4,6878
5,2199 5,2531
65 13:38
4,4488 4,4810
4,0871 4,1192
4,6543 4,6871
5,2188 5,2520
66 13:39
4,4485 4,4807
4,0866 4,1187
4,6540 4,6868
5,2181 5,2513
67 13:40
4,4490 4,4812
4,0872 4,1193
4,6539 4,6867
5,2188 5,2520
68 13:41
4,4486 4,4808
4,0864 4,1185
4,6534 4,6863
5,2186 5,2518
69 13:42
4,4487 4,4809
4,0866 4,1187
4,6552 4,6881
5,2184 5,2516
70 13:43
4,4482 4,4804
4,0858 4,1179
4,6547 4,6876
5,2181 5,2513
71 13:44
4,4469 4,4791
4,0846 4,1167
4,6536 4,6865
5,2172 5,2504
72 13:45
4,4469 4,4791
4,0845 4,1166
4,6536 4,6865
5,2173 5,2505
73 13:46
4,4470 4,4792
4,0836 4,1157
4,6534 4,6862
5,2173 5,2505
74 13:47
4,4469 4,4791
4,0837 4,1158
4,6529 4,6857
5,2172 5,2504
75 13:48
4,4471 4,4793
4,0837 4,1158
4,6531 4,6859
5,2172 5,2504
76 13:49
4,4476 4,4798
4,0839 4,1160
4,6536 4,6864
5,2181 5,2513
77 13:50
4,4472 4,4794
4,0841 4,1162
4,6527 4,6855
5,2179 5,2511
78 13:51
4,4472 4,4794
4,0840 4,1161
4,6525 4,6853
5,2179 5,2511
79 13:52
4,4473 4,4795
4,0843 4,1164
4,6533 4,6861
5,2180 5,2512
80 13:53
4,4479 4,4801
4,0846 4,1167
4,6534 4,6862
5,2187 5,2519
81 13:54
4,4478 4,4800
4,0840 4,1161
4,6531 4,6859
5,2177 5,2509
82 13:55
4,4481 4,4803
4,0838 4,1159
4,6526 4,6854
5,2183 5,2515
83 13:56
4,4481 4,4803
4,0842 4,1163
4,6532 4,6861
5,2187 5,2519
84 13:57
4,4481 4,4803
4,0842 4,1163
4,6532 4,6861
5,2187 5,2519
85 13:58
4,4482 4,4804
4,0855 4,1176
4,6538 4,6867
5,2191 5,2523
86 13:59
4,4482 4,4804
4,0858 4,1179
4,6537 4,6866
5,2197 5,2529
87 14:00
4,4483 4,4805
4,0861 4,1182
4,6544 4,6873
5,2198 5,2530
88 14:01
4,4480 4,4802
4,0843 4,1164
4,6533 4,6861
5,2185 5,2517
89 14:02
4,4479 4,4801
4,0844 4,1165
4,6527 4,6855
5,2181 5,2513
90 14:03
4,4478 4,4800
4,0845 4,1166
4,6519 4,6847
5,2183 5,2515
91 14:04
4,4466 4,4788
4,0844 4,1165
4,6492 4,6820
5,2172 5,2504
92 14:05
4,4455 4,4777
4,0834 4,1155
4,6480 4,6808
5,2150 5,2482
93 14:06
4,4454 4,4776
4,0831 4,1152
4,6475 4,6803
5,2150 5,2482
94 14:07
4,4455 4,4777
4,0841 4,1162
4,6468 4,6796
5,2150 5,2482
95 14:08
4,4455 4,4777
4,0834 4,1155
4,6468 4,6796
5,2147 5,2479
96 14:09
4,4454 4,4776
4,0823 4,1144
4,6474 4,6802
5,2152 5,2484
97 14:10
4,4469 4,4791
4,0839 4,1160
4,6495 4,6823
5,2170 5,2502
98 14:11
4,4460 4,4782
4,0827 4,1148
4,6480 4,6808
5,2159 5,2491
99 14:12
4,4447 4,4769
4,0809 4,1130
4,6472 4,6800
5,2141 5,2473
100 14:13
4,4457 4,4779
4,0828 4,1149
4,6486 4,6814
5,2147 5,2479
101 14:14
4,4444 4,4766
4,0814 4,1135
4,6471 4,6799
5,2125 5,2457
102 14:15
4,4446 4,4768
4,0812 4,1133
4,6471 4,6799
5,2118 5,2450
103 14:16
4,4447 4,4769
4,0809 4,1130
4,6471 4,6799
5,2119 5,2451
104 14:17
4,4449 4,4771
4,0809 4,1130
4,6476 4,6804
5,2122 5,2454
105 14:18
4,4450 4,4772
4,0818 4,1139
4,6480 4,6808
5,2129 5,2461
106 14:19
4,4451 4,4773
4,0827 4,1148
4,6474 4,6802
5,2133 5,2465
107 14:20
4,4448 4,4770
4,0824 4,1145
4,6470 4,6798
5,2127 5,2459
108 14:21
4,4446 4,4768
4,0826 4,1147
4,6464 4,6792
5,2125 5,2457
109 14:22
4,4447 4,4769
4,0819 4,1140
4,6477 4,6805
5,2110 5,2442
110 14:23
4,4446 4,4768
4,0828 4,1149
4,6476 4,6804
5,2112 5,2444
111 14:24
4,4426 4,4748
4,0807 4,1128
4,6459 4,6787
5,2085 5,2417
112 14:25
4,4429 4,4751
4,0802 4,1123
4,6463 4,6791
5,2092 5,2424
113 14:26
4,4433 4,4755
4,0810 4,1131
4,6459 4,6787
5,2084 5,2416
114 14:27
4,4434 4,4756
4,0810 4,1131
4,6453 4,6781
5,2085 5,2417
115 14:28
4,4433 4,4755
4,0821 4,1142
4,6452 4,6780
5,2081 5,2413
116 14:29
4,4432 4,4754
4,0815 4,1136
4,6461 4,6789
5,2087 5,2419
117 14:30
4,4438 4,4760
4,0816 4,1137
4,6472 4,6800
5,2101 5,2433
118 14:31
4,4436 4,4758
4,0804 4,1125
4,6467 4,6796
5,2097 5,2429
119 14:32
4,4438 4,4760
4,0808 4,1129
4,6469 4,6798
5,2093 5,2425
120 14:33
4,4439 4,4761
4,0809 4,1130
4,6473 4,6802
5,2094 5,2426
121 14:34
4,4442 4,4764
4,0819 4,1140
4,6473 4,6802
5,2097 5,2429
122 14:35
4,4441 4,4763
4,0819 4,1140
4,6478 4,6807
5,2087 5,2419
123 14:36
4,4443 4,4765
4,0830 4,1151
4,6477 4,6806
5,2093 5,2425
124 14:37
4,4443 4,4765
4,0855 4,1176
4,6487 4,6816
5,2105 5,2437
125 14:38
4,4437 4,4759
4,0834 4,1155
4,6483 4,6812
5,2101 5,2433
126 14:39
4,4437 4,4759
4,0838 4,1159
4,6484 4,6813
5,2108 5,2440
127 14:40
4,4438 4,4760
4,0838 4,1159
4,6476 4,6805
5,2108 5,2440
128 14:41
4,4438 4,4760
4,0840 4,1161
4,6474 4,6802
5,2102 5,2434
129 14:42
4,4440 4,4762
4,0842 4,1163
4,6478 4,6806
5,2113 5,2445
130 14:43
4,4448 4,4770
4,0859 4,1180
4,6483 4,6811
5,2133 5,2465
131 14:44
4,4444 4,4766
4,0859 4,1180
4,6478 4,6806
5,2131 5,2463
132 14:45
4,4457 4,4779
4,0871 4,1192
4,6490 4,6818
5,2133 5,2465
133 14:46
4,4456 4,4778
4,0872 4,1193
4,6495 4,6824
5,2136 5,2468
134 14:47
4,4459 4,4781
4,0890 4,1211
4,6506 4,6835
5,2152 5,2484
135 14:48
4,4459 4,4781
4,0886 4,1207
4,6511 4,6840
5,2158 5,2490
136 14:49
4,4460 4,4782
4,0885 4,1206
4,6510 4,6839
5,2162 5,2494
137 14:50
4,4461 4,4783
4,0884 4,1205
4,6510 4,6839
5,2160 5,2492
138 14:51
4,4474 4,4796
4,0900 4,1221
4,6526 4,6854
5,2175 5,2507
139 14:52
4,4504 4,4826
4,0933 4,1254
4,6555 4,6883
5,2210 5,2542
140 14:53
4,4474 4,4796
4,0928 4,1249
4,6524 4,6852
5,2179 5,2511
141 14:54
4,4488 4,4810
4,0938 4,1259
4,6547 4,6875
5,2202 5,2534
142 14:55
4,4467 4,4789
4,0918 4,1239
4,6534 4,6862
5,2179 5,2511
143 14:56
4,4494 4,4816
4,0941 4,1262
4,6559 4,6887
5,2210 5,2542
144 14:57
4,4498 4,4820
4,0944 4,1265
4,6563 4,6891
5,2215 5,2547
145 14:58
4,4496 4,4818
4,0929 4,1250
4,6564 4,6892
5,2216 5,2548
146 14:59
4,4490 4,4812
4,0930 4,1251
4,6558 4,6886
5,2200 5,2532
147 15:00
4,4489 4,4811
4,0942 4,1263
4,6557 4,6885
5,2196 5,2528
148 15:01
4,4482 4,4804
4,0938 4,1259
4,6550 4,6878
5,2195 5,2527
149 15:02
4,4484 4,4806
4,0950 4,1271
4,6544 4,6872
5,2205 5,2537
150 15:03
4,4478 4,4800
4,0932 4,1253
4,6538 4,6866
5,2185 5,2517
151 15:04
4,4473 4,4795
4,0937 4,1258
4,6533 4,6861
5,2177 5,2509
152 15:05
4,4465 4,4787
4,0924 4,1245
4,6522 4,6850
5,2174 5,2506
153 15:06
4,4457 4,4779
4,0911 4,1232
4,6517 4,6846
5,2162 5,2494
154 15:07
4,4459 4,4781
4,0911 4,1232
4,6521 4,6850
5,2168 5,2500
155 15:08
4,4469 4,4791
4,0912 4,1233
4,6533 4,6862
5,2181 5,2513
156 15:09
4,4470 4,4792
4,0915 4,1236
4,6539 4,6868
5,2179 5,2511
157 15:10
4,4466 4,4788
4,0900 4,1221
4,6533 4,6862
5,2169 5,2501
158 15:11
4,4463 4,4785
4,0897 4,1218
4,6523 4,6852
5,2165 5,2497
159 15:12
4,4445 4,4767
4,0877 4,1198
4,6504 4,6833
5,2150 5,2482
160 15:13
4,4460 4,4782
4,0904 4,1225
4,6515 4,6844
5,2168 5,2500
161 15:14
4,4451 4,4773
4,0896 4,1217
4,6508 4,6837
5,2160 5,2492
162 15:15
4,4453 4,4775
4,0906 4,1227
4,6512 4,6841
5,2170 5,2502
163 15:16
4,4457 4,4779
4,0925 4,1246
4,6517 4,6846
5,2178 5,2510
164 15:17
4,4455 4,4777
4,0920 4,1241
4,6514 4,6843
5,2181 5,2513
165 15:18
4,4453 4,4775
4,0917 4,1238
4,6510 4,6839
5,2191 5,2523
166 15:19
4,4444 4,4766
4,0908 4,1229
4,6510 4,6839
5,2189 5,2521
167 15:20
4,4444 4,4766
4,0910 4,1231
4,6507 4,6836
5,2183 5,2515
168 15:21
4,4441 4,4763
4,0905 4,1226
4,6506 4,6834
5,2185 5,2517
169 15:22
4,4438 4,4760
4,0885 4,1206
4,6496 4,6824
5,2176 5,2508
170 15:23
4,4441 4,4763
4,0889 4,1210
4,6502 4,6830
5,2165 5,2497
171 15:24
4,4440 4,4762
4,0908 4,1229
4,6499 4,6827
5,2173 5,2505
172 15:25
4,4441 4,4763
4,0907 4,1228
4,6504 4,6832
5,2167 5,2499
173 15:26
4,4440 4,4762
4,0910 4,1231
4,6505 4,6833
5,2159 5,2491
174 15:27
4,4442 4,4764
4,0922 4,1243
4,6508 4,6836
5,2151 5,2483
175 15:28
4,4449 4,4771
4,0932 4,1253
4,6513 4,6841
5,2161 5,2493
176 15:29
4,4449 4,4771
4,0923 4,1244
4,6518 4,6846
5,2165 5,2497
177 15:30
4,4451 4,4773
4,0934 4,1255
4,6525 4,6853
5,2176 5,2508
178 15:31
4,4455 4,4777
4,0935 4,1256
4,6531 4,6860
5,2190 5,2522
179 15:32
4,4453 4,4775
4,0932 4,1253
4,6534 4,6863
5,2188 5,2520
180 15:33
4,4459 4,4781
4,0943 4,1264
4,6537 4,6866
5,2188 5,2520
181 15:34
4,4463 4,4785
4,0946 4,1267
4,6542 4,6871
5,2187 5,2519
182 15:35
4,4457 4,4779
4,0936 4,1257
4,6561 4,6890
5,2196 5,2528
183 15:36
4,4457 4,4779
4,0941 4,1262
4,6558 4,6886
5,2195 5,2527
184 15:37
4,4456 4,4778
4,0944 4,1265
4,6559 4,6887
5,2197 5,2529
185 15:38
4,4461 4,4783
4,0950 4,1271
4,6562 4,6890
5,2197 5,2529
186 15:39
4,4458 4,4780
4,0949 4,1270
4,6580 4,6908
5,2174 5,2506
187 15:40
4,4457 4,4779
4,0952 4,1273
4,6560 4,6888
5,2176 5,2508
188 15:41
4,4460 4,4782
4,0958 4,1279
4,6559 4,6888
5,2172 5,2504
189 15:42
4,4463 4,4785
4,0966 4,1287
4,6560 4,6889
5,2169 5,2501
190 15:43
4,4468 4,4790
4,0967 4,1288
4,6562 4,6891
5,2171 5,2503
191 15:44
4,4467 4,4789
4,0967 4,1288
4,6551 4,6880
5,2164 5,2496
192 15:45
4,4483 4,4805
4,0978 4,1299
4,6568 4,6897
5,2189 5,2521
193 15:46
4,4489 4,4811
4,0992 4,1313
4,6569 4,6898
5,2206 5,2538
194 15:47
4,4493 4,4815
4,0992 4,1313
4,6574 4,6903
5,2213 5,2545
195 15:48
4,4493 4,4815
4,0995 4,1316
4,6578 4,6907
5,2222 5,2554
196 15:49
4,4472 4,4794
4,0980 4,1301
4,6561 4,6890
5,2195 5,2527
197 15:50
4,4472 4,4794
4,0976 4,1297
4,6567 4,6896
5,2183 5,2515
198 15:51
4,4470 4,4792
4,0970 4,1291
4,6564 4,6892
5,2176 5,2508
199 15:52
4,4471 4,4793
4,0979 4,1300
4,6560 4,6888
5,2175 5,2507
200 15:53
4,4476 4,4798
4,0989 4,1310
4,6576 4,6904
5,2181 5,2513
201 15:54
4,4476 4,4798
4,0989 4,1310
4,6563 4,6891
5,2180 5,2512
202 15:55
4,4471 4,4793
4,0990 4,1311
4,6555 4,6883
5,2176 5,2508
203 15:56
4,4471 4,4793
4,0990 4,1311
4,6570 4,6898
5,2184 5,2516
204 15:57
4,4469 4,4791
4,0994 4,1315
4,6568 4,6896
5,2189 5,2521
205 15:58
4,4471 4,4793
4,1015 4,1336
4,6583 4,6911
5,2212 5,2544
206 15:59
4,4467 4,4789
4,1001 4,1322
4,6575 4,6903
5,2197 5,2529
207 16:00
4,4469 4,4791
4,1005 4,1326
4,6578 4,6906
5,2204 5,2537
208 16:01
4,4467 4,4789
4,0996 4,1317
4,6583 4,6911
5,2204 5,2536
209 16:02
4,4470 4,4792
4,1001 4,1322
4,6606 4,6934
5,2217 5,2549
210 16:03
4,4468 4,4790
4,0987 4,1308
4,6598 4,6926
5,2211 5,2543
211 16:04
4,4465 4,4787
4,0984 4,1305
4,6588 4,6916
5,2214 5,2546
212 16:05
4,4467 4,4789
4,0979 4,1300
4,6588 4,6916
5,2219 5,2551
213 16:06
4,4464 4,4786
4,0981 4,1302
4,6592 4,6920
5,2221 5,2553
214 16:07
4,4450 4,4772
4,0969 4,1290
4,6568 4,6896
5,2206 5,2538
215 16:08
4,4449 4,4771
4,0968 4,1289
4,6571 4,6899
5,2210 5,2542
216 16:09
4,4447 4,4769
4,0974 4,1295
4,6568 4,6896
5,2206 5,2538
217 16:10
4,4451 4,4773
4,0983 4,1304
4,6571 4,6899
5,2210 5,2542
218 16:11
4,4447 4,4769
4,0979 4,1300
4,6565 4,6893
5,2196 5,2528
219 16:12
4,4446 4,4768
4,0977 4,1298
4,6563 4,6891
5,2192 5,2524
220 16:13
4,4444 4,4766
4,0980 4,1301
4,6564 4,6892
5,2198 5,2530
221 16:14
4,4445 4,4767
4,0983 4,1304
4,6565 4,6893
5,2209 5,2541
222 16:15
4,4443 4,4765
4,0978 4,1299
4,6558 4,6886
5,2195 5,2527
223 16:16
4,4445 4,4767
4,0960 4,1281
4,6562 4,6891
5,2190 5,2522
224 16:17
4,4444 4,4766
4,0963 4,1284
4,6561 4,6890
5,2186 5,2518
225 16:18
4,4443 4,4765
4,0957 4,1278
4,6563 4,6892
5,2194 5,2526
226 16:19
4,4445 4,4767
4,0956 4,1277
4,6560 4,6889
5,2193 5,2525
227 16:20
4,4450 4,4772
4,0951 4,1272
4,6565 4,6894
5,2199 5,2531
228 16:21
4,4443 4,4765
4,0947 4,1268
4,6555 4,6883
5,2188 5,2520
229 16:22
4,4456 4,4778
4,0963 4,1284
4,6554 4,6882
5,2191 5,2523
230 16:23
4,4471 4,4793
4,0982 4,1303
4,6576 4,6904
5,2207 5,2539
231 16:24
4,4469 4,4791
4,0985 4,1306
4,6573 4,6901
5,2215 5,2547
232 16:25
4,4466 4,4788
4,0982 4,1303
4,6570 4,6898
5,2210 5,2542
233 16:26
4,4467 4,4789
4,0992 4,1313
4,6578 4,6906
5,2210 5,2542
234 16:27
4,4465 4,4787
4,1000 4,1321
4,6583 4,6911
5,2208 5,2540
235 16:28
4,4467 4,4789
4,1009 4,1330
4,6581 4,6909
5,2216 5,2548
236 16:29
4,4471 4,4793
4,1011 4,1332
4,6575 4,6903
5,2214 5,2546
237 16:30
4,4468 4,4790
4,1014 4,1335
4,6577 4,6905
5,2217 5,2549
238 16:31
4,4473 4,4795
4,1007 4,1328
4,6589 4,6917
5,2226 5,2558
239 16:32
4,4480 4,4802
4,1019 4,1340
4,6596 4,6924
5,2231 5,2563
240 16:33
4,4481 4,4803
4,1025 4,1346
4,6600 4,6928
5,2235 5,2567
241 16:34
4,4477 4,4799
4,1018 4,1339
4,6593 4,6921
5,2227 5,2559
242 16:35
4,4473 4,4795
4,1017 4,1338
4,6587 4,6915
5,2230 5,2562
243 16:36
4,4474 4,4796
4,1019 4,1340
4,6590 4,6919
5,2234 5,2566
244 16:37
4,4470 4,4792
4,1021 4,1342
4,6583 4,6912
5,2233 5,2565
245 16:38
4,4468 4,4790
4,1010 4,1331
4,6577 4,6906
5,2233 5,2565
246 16:39
4,4472 4,4794
4,1033 4,1354
4,6588 4,6917
5,2243 5,2575
247 16:40
4,4471 4,4793
4,1032 4,1353
4,6592 4,6921
5,2243 5,2575
248 16:41
4,4471 4,4793
4,1032 4,1353
4,6602 4,6930
5,2246 5,2578
249 16:42
4,4468 4,4790
4,1037 4,1358
4,6602 4,6930
5,2255 5,2587
250 16:43
4,4466 4,4788
4,1040 4,1361
4,6601 4,6929
5,2249 5,2581
251 16:44
4,4465 4,4787
4,1028 4,1349
4,6603 4,6931
5,2244 5,2576
252 16:45
4,4465 4,4787
4,1017 4,1338
4,6613 4,6941
5,2242 5,2574
253 16:46
4,4465 4,4787
4,1023 4,1344
4,6613 4,6941
5,2236 5,2568
254 16:47
4,4465 4,4787
4,1011 4,1332
4,6620 4,6948
5,2235 5,2567
255 16:48
4,4465 4,4787
4,1002 4,1323
4,6608 4,6936
5,2230 5,2562
256 16:49
4,4467 4,4789
4,1002 4,1323
4,6596 4,6924
5,2232 5,2564
257 16:50
4,4470 4,4792
4,0991 4,1312
4,6595 4,6923
5,2235 5,2567
258 16:51
4,4471 4,4793
4,0986 4,1307
4,6589 4,6917
5,2220 5,2552
259 16:52
4,4472 4,4794
4,0978 4,1299
4,6588 4,6916
5,2213 5,2545
260 16:53
4,4492 4,4814
4,1000 4,1321
4,6607 4,6935
5,2239 5,2571
261 16:54
4,4491 4,4813
4,1002 4,1323
4,6605 4,6933
5,2250 5,2582
262 16:55
4,4492 4,4814
4,0991 4,1312
4,6598 4,6926
5,2240 5,2572
263 16:56
4,4494 4,4816
4,0998 4,1319
4,6599 4,6927
5,2244 5,2576
264 16:57
4,4493 4,4815
4,0993 4,1314
4,6598 4,6926
5,2240 5,2572
265 16:58
4,4496 4,4818
4,0994 4,1315
4,6596 4,6924
5,2231 5,2563
266 16:59
4,4501 4,4823
4,0998 4,1319
4,6603 4,6931
5,2234 5,2566
267 17:00
4,4502 4,4824
4,1005 4,1326
4,6603 4,6931
5,2245 5,2577
268 17:01
4,4502 4,4824
4,1011 4,1332
4,6595 4,6923
5,2239 5,2571
269 17:02
4,4505 4,4827
4,1027 4,1348
4,6606 4,6934
5,2255 5,2587
270 17:03
4,4503 4,4825
4,1031 4,1352
4,6610 4,6938
5,2261 5,2593
271 17:04
4,4503 4,4825
4,1031 4,1352
4,6603 4,6931
5,2261 5,2593
272 17:05
4,4504 4,4826
4,1028 4,1349
4,6609 4,6937
5,2269 5,2601
273 17:06
4,4504 4,4826
4,1034 4,1355
4,6612 4,6940
5,2266 5,2598
274 17:07
4,4503 4,4825
4,1027 4,1348
4,6615 4,6943
5,2261 5,2593
275 17:08
4,4502 4,4824
4,1021 4,1342
4,6620 4,6948
5,2267 5,2599
276 17:09
4,4502 4,4824
4,1015 4,1336
4,6620 4,6948
5,2267 5,2599
277 17:10
4,4502 4,4824
4,1019 4,1340
4,6620 4,6948
5,2267 5,2599
278 17:11
4,4503 4,4825
4,1005 4,1326
4,6614 4,6942
5,2262 5,2594
279 17:12
4,4503 4,4825
4,1008 4,1329
4,6613 4,6941
5,2267 5,2599
280 17:13
4,4498 4,4820
4,0988 4,1309
4,6608 4,6936
5,2258 5,2590
281 17:14
4,4497 4,4819
4,0995 4,1316
4,6602 4,6930
5,2261 5,2593
282 17:15
4,4495 4,4817
4,0995 4,1316
4,6600 4,6928
5,2249 5,2581
283 17:16
4,4497 4,4819
4,0998 4,1319
4,6602 4,6930
5,2248 5,2580
284 17:17
4,4495 4,4817
4,0994 4,1315
4,6601 4,6929
5,2247 5,2579
285 17:18
4,4495 4,4817
4,0993 4,1314
4,6600 4,6928
5,2246 5,2578
286 17:19
4,4495 4,4817
4,0995 4,1316
4,6600 4,6928
5,2246 5,2578
287 17:20
4,4495 4,4817
4,1006 4,1327
4,6610 4,6938
5,2243 5,2575
288 17:21
4,4494 4,4816
4,1004 4,1325
4,6614 4,6942
5,2245 5,2577
289 17:22
4,4496 4,4818
4,1007 4,1328
4,6615 4,6943
5,2247 5,2579
290 17:23
4,4496 4,4818
4,1009 4,1330
4,6615 4,6943
5,2243 5,2575
291 17:24
4,4498 4,4820
4,1005 4,1326
4,6618 4,6946
5,2243 5,2575
292 17:25
4,4488 4,4810
4,0991 4,1312
4,6608 4,6936
5,2236 5,2568
293 17:26
4,4497 4,4819
4,1005 4,1326
4,6622 4,6950
5,2252 5,2584
294 17:27
4,4479 4,4801
4,0983 4,1304
4,6601 4,6929
5,2234 5,2566
295 17:28
4,4484 4,4806
4,0993 4,1314
4,6603 4,6931
5,2239 5,2571
296 17:29
4,4483 4,4805
4,0997 4,1318
4,6602 4,6930
5,2234 5,2566
297 17:30
4,4485 4,4807
4,1000 4,1321
4,6607 4,6935
5,2232 5,2564
298 17:31
4,4482 4,4804
4,0991 4,1312
4,6604 4,6932
5,2240 5,2572
299 17:32
4,4479 4,4801
4,0986 4,1307
4,6603 4,6931
5,2230 5,2562
300 17:33
4,4478 4,4800
4,0983 4,1305
4,6601 4,6929
5,2235 5,2567
301 17:34
4,4477 4,4799
4,0983 4,1305
4,6601 4,6929
5,2237 5,2569
302 17:35
4,4478 4,4800
4,0981 4,1302
4,6602 4,6930
5,2235 5,2567
303 17:36
4,4485 4,4807
4,0992 4,1313
4,6609 4,6937
5,2241 5,2573
304 17:37
4,4488 4,4810
4,0996 4,1317
4,6612 4,6940
5,2247 5,2579
305 17:38
4,4486 4,4808
4,0991 4,1312
4,6610 4,6938
5,2245 5,2577
306 17:39
4,4498 4,4820
4,1002 4,1323
4,6623 4,6951
5,2261 5,2593
307 17:40
4,4500 4,4822
4,1011 4,1332
4,6624 4,6952
5,2259 5,2591
308 17:41
4,4507 4,4829
4,1017 4,1338
4,6630 4,6958
5,2266 5,2598
309 17:42
4,4506 4,4828
4,1011 4,1332
4,6626 4,6954
5,2268 5,2600
310 17:43
4,4498 4,4820
4,1005 4,1326
4,6617 4,6945
5,2252 5,2584
311 17:44
4,4499 4,4821
4,1001 4,1322
4,6613 4,6941
5,2257 5,2589
312 17:45
4,4499 4,4821
4,1001 4,1322
4,6610 4,6938
5,2261 5,2593
313 17:46
4,4525 4,4847
4,1025 4,1346
4,6636 4,6964
5,2297 5,2629
314 17:47
4,4533 4,4855
4,1028 4,1349
4,6640 4,6968
5,2306 5,2638
315 17:48
4,4533 4,4855
4,1028 4,1349
4,6650 4,6978
5,2309 5,2641
316 17:49
4,4534 4,4856
4,1024 4,1345
4,6651 4,6979
5,2310 5,2642
317 17:50
4,4533 4,4855
4,1023 4,1344
4,6650 4,6978
5,2310 5,2642
318 17:51
4,4531 4,4853
4,1017 4,1338
4,6643 4,6971
5,2307 5,2639
319 17:52
4,4529 4,4851
4,1026 4,1347
4,6642 4,6970
5,2304 5,2636
320 17:53
4,4529 4,4851
4,1038 4,1359
4,6646 4,6974
5,2308 5,2640
321 17:54
4,4527 4,4849
4,1039 4,1362
4,6646 4,6974
5,2308 5,2640
322 17:55
4,4527 4,4849
4,1049 4,1370
4,6645 4,6973
5,2308 5,2640
323 17:56
4,4503 4,4825
4,1021 4,1344
4,6622 4,6950
5,2279 5,2611
324 17:57
4,4496 4,4818
4,1020 4,1341
4,6618 4,6946
5,2268 5,2600
325 17:58
4,4491 4,4813
4,1021 4,1342
4,6615 4,6943
5,2262 5,2594
326 17:59
4,4490 4,4812
4,1013 4,1334
4,6612 4,6940
5,2255 5,2587
327 18:00
4,4483 4,4819
4,1010 4,1345
4,6607 4,6945
5,2248 5,2599
328 18:01
4,4498 4,4828
4,1017 4,1351
4,6623 4,6959
5,2260 5,2601
329 18:02
4,4475 4,4805
4,0992 4,1326
4,6599 4,6935
5,2232 5,2573
330 18:03
4,4473 4,4801
4,0981 4,1314
4,6597 4,6931
5,2236 5,2568
331 18:04
4,4475 4,4806
4,0983 4,1315
4,6599 4,6936
5,2237 5,2573
332 18:05
4,4480 4,4802
4,0985 4,1311
4,6603 4,6931
5,2249 5,2581
333 18:06
4,4485 4,4807
4,0994 4,1320
4,6611 4,6942
5,2260 5,2592
334 18:07
4,4476 4,4808
4,0980 4,1317
4,6600 4,6940
5,2253 5,2596
335 18:08
4,4479 4,4809
4,0983 4,1318
4,6603 4,6939
5,2250 5,2591
336 18:09
4,4478 4,4810
4,0991 4,1327
4,6607 4,6945
5,2255 5,2592
337 18:10
4,4484 4,4808
4,0999 4,1324
4,6609 4,6944
5,2258 5,2590
338 18:11
4,4486 4,4808
4,1001 4,1324
4,6610 4,6938
5,2260 5,2592
339 18:12
4,4486 4,4809
4,1001 4,1325
4,6611 4,6940
5,2260 5,2592
340 18:13
4,4484 4,4809
4,0999 4,1325
4,6608 4,6939
5,2255 5,2590
341 18:14
4,4482 4,4809
4,1005 4,1333
4,6605 4,6939
5,2253 5,2590
342 18:15
4,4483 4,4810
4,1001 4,1328
4,6607 4,6940
5,2253 5,2590
343 18:16
4,4482 4,4808
4,0997 4,1328
4,6606 4,6938
5,2252 5,2588
344 18:17
4,4485 4,4808
4,1004 4,1332
4,6609 4,6938
5,2246 5,2578
345 18:18
4,4483 4,4808
4,0998 4,1328
4,6607 4,6938
5,2246 5,2582
346 18:19
4,4480 4,4811
4,0995 4,1331
4,6604 4,6941
5,2243 5,2579
347 18:20
4,4480 4,4812
4,0995 4,1332
4,6604 4,6942
5,2245 5,2588
348 18:21
4,4481 4,4814
4,0999 4,1336
4,6605 4,6944
5,2239 5,2584
349 18:22
4,4507 4,4842
4,1023 4,1358
4,6631 4,6973
5,2263 5,2610
350 18:23
4,4512 4,4837
4,1029 4,1359
4,6638 4,6969
5,2268 5,2604
351 18:24
4,4507 4,4837
4,1025 4,1359
4,6633 4,6972
5,2264 5,2604
352 18:25
4,4492 4,4832
4,1007 4,1350
4,6617 4,6963
5,2240 5,2592
353 18:26
4,4492 4,4831
4,1009 4,1352
4,6611 4,6961
5,2238 5,2590
354 18:27
4,4491 4,4831
4,1014 4,1354
4,6612 4,6963
5,2245 5,2591
355 18:28
4,4499 4,4838
4,1016 4,1355
4,6619 4,6970
5,2254 5,2605
356 18:29
4,4493 4,4831
4,1008 4,1350
4,6618 4,6962
5,2253 5,2597
357 18:30
4,4495 4,4832
4,1008 4,1349
4,6620 4,6963
5,2260 5,2610
358 18:31
4,4496 4,4829
4,1010 4,1347
4,6615 4,6959
5,2269 5,2613
359 18:32
4,4499 4,4830
4,1016 4,1347
4,6624 4,6961
5,2269 5,2608
360 18:33
4,4500 4,4833
4,1013 4,1350
4,6625 4,6964
5,2272 5,2610
361 18:34
4,4499 4,4837
4,1021 4,1362
4,6630 4,6979
5,2267 5,2618
362 18:35
4,4506 4,4840
4,1024 4,1362
4,6637 4,6978
5,2274 5,2620
363 18:36
4,4503 4,4833
4,1024 4,1359
4,6629 4,6970
5,2266 5,2607
364 18:37
4,4504 4,4836
4,1022 4,1356
4,6630 4,6969
5,2266 5,2610
365 18:38
4,4494 4,4830
4,1009 4,1349
4,6619 4,6961
5,2256 5,2603
366 18:39
4,4497 4,4832
4,1010 4,1349
4,6622 4,6963
5,2263 5,2609
367 18:40
4,4494 4,4828
4,1009 4,1347
4,6619 4,6959
5,2266 5,2612
368 18:41
4,4499 4,4831
4,1015 4,1351
4,6625 4,6964
5,2272 5,2616
369 18:42
4,4506 4,4839
4,1019 4,1357
4,6630 4,6970
5,2279 5,2619
370 18:43
4,4494 4,4831
4,1005 4,1345
4,6614 4,6957
5,2259 5,2609
371 18:44
4,4492 4,4826
4,1004 4,1342
4,6612 4,6952
5,2258 5,2604
372 18:45
4,4498 4,4829
4,1012 4,1344
4,6617 4,6959
5,2264 5,2606
373 18:46
4,4495 4,4830
4,1001 4,1340
4,6615 4,6958
5,2261 5,2608
374 18:47
4,4498 4,4831
4,1008 4,1342
4,6617 4,6957
5,2259 5,2604
375 18:48
4,4489 4,4831
4,1000 4,1342
4,6609 4,6961
5,2243 5,2598
376 18:49
4,4499 4,4830
4,1013 4,1345
4,6618 4,6960
5,2247 5,2589
377 18:50
4,4499 4,4830
4,1013 4,1345
4,6618 4,6960
5,2247 5,2589
378 18:51
4,4493 4,4833
4,1008 4,1352
4,6617 4,6965
5,2248 5,2601
379 18:52
4,4495 4,4835
4,1006 4,1350
4,6616 4,6963
5,2250 5,2603
380 18:53
4,4505 4,4839
4,1016 4,1354
4,6626 4,6971
5,2261 5,2607
381 18:54
4,4496 4,4830
4,1011 4,1345
4,6621 4,6961
5,2250 5,2596
382 18:55
4,4498 4,4832
4,1009 4,1347
4,6623 4,6963
5,2253 5,2599
383 18:56
4,4505 4,4837
4,1016 4,1352
4,6631 4,6970
5,2261 5,2605
384 18:57
4,4508 4,4839
4,1017 4,1352
4,6627 4,6969
5,2264 5,2606
385 18:58
4,4495 4,4831
4,1005 4,1342
4,6614 4,6962
5,2255 5,2603
386 18:59
4,4493 4,4828
4,1003 4,1342
4,6618 4,6959
5,2253 5,2594
387 19:00
4,4488 4,4824
4,0999 4,1338
4,6613 4,6956
5,2247 5,2595
388 19:01
4,4490 4,4824
4,0998 4,1336
4,6615 4,6959
5,2257 5,2596
389 19:02
4,4493 4,4824
4,1007 4,1343
4,6618 4,6955
5,2252 5,2594
390 19:03
4,4491 4,4823
4,0999 4,1335
4,6616 4,6954
5,2251 5,2595
391 19:04
4,4496 4,4828
4,1004 4,1336
4,6621 4,6959
5,2258 5,2601
392 19:05
4,4493 4,4828
4,0999 4,1334
4,6618 4,6959
5,2253 5,2600
393 19:06
4,4491 4,4824
4,1001 4,1334
4,6616 4,6955
5,2250 5,2594
394 19:07
4,4492 4,4825
4,1002 4,1335
4,6617 4,6956
5,2252 5,2595
395 19:08
4,4491 4,4825
4,0999 4,1337
4,6616 4,6956
5,2245 5,2591
396 19:09
4,4488 4,4820
4,0991 4,1328
4,6613 4,6952
5,2248 5,2585
397 19:10
Connection error x5
1 20:58
4,4482 4,4819
4,0978 4,1316
4,6572 4,6915
5,2240 5,2583
2 20:59
4,4487 4,4822
4,0986 4,1322
4,6576 4,6922
5,2246 5,2593
3 21:00
4,4485 4,4821
4,0986 4,1326
4,6580 4,6922
5,2244 5,2592
4 21:01
4,4487 4,4823
4,0988 4,1328
4,6582 4,6924
5,2246 5,2594
5 21:02
4,4488 4,4821
4,0995 4,1333
4,6582 4,6922
5,2253 5,2592
6 21:03
4,4491 4,4824
4,0997 4,1330
4,6587 4,6930
5,2250 5,2595
7 21:04
4,4492 4,4823
4,0995 4,1327
4,6592 4,6929
5,2254 5,2595
8 21:05
4,4490 4,4823
4,0992 4,1329
4,6590 4,6929
5,2251 5,2594
9 21:06
4,4491 4,4824
4,0993 4,1330
4,6590 4,6932
5,2256 5,2600
10 21:07
4,4489 4,4820
4,0992 4,1328
4,6589 4,6926
5,2254 5,2596
11 21:08
4,4487 4,4822
4,0990 4,1329
4,6587 4,6928
5,2252 5,2599
12 21:09
4,4487 4,4820
4,0990 4,1328
4,6587 4,6926
5,2252 5,2597
13 21:10
4,4485 4,4810
4,0989 4,1319
4,6585 4,6916
5,2250 5,2585
14 21:11
4,4465 4,4800
4,0969 4,1308
4,6564 4,6905
5,2226 5,2573
15 21:12
4,4459 4,4786
4,0972 4,1300
4,6557 4,6895
5,2219 5,2556
16 21:13
4,4460 4,4783
4,0969 4,1297
4,6558 4,6886
5,2223 5,2555
17 21:14
4,4458 4,4782
4,0969 4,1297
4,6557 4,6891
5,2225 5,2560
18 21:15
4,4470 4,4805
4,0978 4,1313
4,6568 4,6910
5,2238 5,2579
19 21:16
4,4468 4,4800
4,0978 4,1310
4,6567 4,6905
5,2231 5,2574
20 21:17
4,4472 4,4805
4,0976 4,1309
4,6570 4,6910
5,2234 5,2573
21 21:18
4,4472 4,4805
4,0976 4,1313
4,6570 4,6910
5,2234 5,2579
22 21:19
4,4471 4,4804
4,0975 4,1312
4,6569 4,6909
5,2227 5,2571
23 21:20
4,4472 4,4803
4,0976 4,1311
4,6571 4,6908
5,2234 5,2577
24 21:21
4,4471 4,4804
4,0975 4,1312
4,6570 4,6909
5,2233 5,2578
25 21:22
4,4472 4,4805
4,0984 4,1318
4,6570 4,6910
5,2234 5,2573
26 21:23
4,4472 4,4805
4,0987 4,1320
4,6570 4,6910
5,2234 5,2572
27 21:24
4,4471 4,4804
4,0987 4,1321
4,6575 4,6914
5,2233 5,2578
28 21:25
4,4467 4,4798
4,0983 4,1314
4,6565 4,6907
5,2228 5,2570
29 21:26
4,4468 4,4798
4,0984 4,1319
4,6567 4,6903
5,2231 5,2572
30 21:27
4,4468 4,4800
4,0989 4,1325
4,6572 4,6910
5,2231 5,2574
31 21:28
4,4468 4,4800
4,0989 4,1325
4,6572 4,6910
5,2231 5,2574
32 21:29
4,4470 4,4801
4,0989 4,1324
4,6574 4,6911
5,2231 5,2573
33 21:30
4,4469 4,4801
4,0994 4,1326
4,6573 4,6911
5,2231 5,2575
34 21:31
4,4470 4,4803
4,0993 4,1330
4,6569 4,6908
5,2231 5,2575
35 21:32
4,4466 4,4801
4,0989 4,1328
4,6564 4,6906
5,2228 5,2575
36 21:33
4,4475 4,4814
4,0997 4,1336
4,6573 4,6919
5,2239 5,2590
37 21:34
4,4476 4,4813
4,0998 4,1339
4,6575 4,6924
5,2239 5,2588
38 21:35
4,4476 4,4813
4,1002 4,1339
4,6579 4,6923
5,2239 5,2588
39 21:36
4,4475 4,4811
4,1003 4,1343
4,6575 4,6918
5,2238 5,2586
40 21:37
4,4475 4,4811
4,1007 4,1343
4,6574 4,6922
5,2238 5,2586
41 21:38
4,4471 4,4805
4,1000 4,1338
4,6571 4,6912
5,2233 5,2579
42 21:39
4,4473 4,4806
4,1000 4,1338
4,6571 4,6911
5,2235 5,2579
43 21:40
4,4473 4,4809
4,1001 4,1341
4,6573 4,6916
5,2229 5,2577
44 21:41
4,4474 4,4809
4,1004 4,1343
4,6572 4,6914
5,2231 5,2578
45 21:42
4,4471 4,4806
4,1002 4,1338
4,6569 4,6911
5,2227 5,2574
46 21:43
4,4468 4,4800
4,1001 4,1337
4,6563 4,6905
5,2225 5,2568
47 21:44
4,4467 4,4802
4,0994 4,1333
4,6560 4,6902
5,2228 5,2568
48 21:45
4,4470 4,4801
4,0997 4,1332
4,6564 4,6901
5,2225 5,2567
49 21:46
4,4468 4,4802
4,1001 4,1335
4,6563 4,6908
5,2224 5,2570
50 21:47
4,4470 4,4801
4,1001 4,1333
4,6563 4,6905
5,2225 5,2567
51 21:48
4,4469 4,4801
4,1000 4,1333
4,6564 4,6903
5,2225 5,2569
52 21:49
4,4464 4,4796
4,0996 4,1329
4,6559 4,6898
5,2221 5,2564
53 21:50
4,4461 4,4795
4,0990 4,1328
4,6556 4,6901
5,2215 5,2561
54 21:51
4,4461 4,4795
4,0989 4,1324
4,6555 4,6895
5,2215 5,2561
55 21:52
4,4464 4,4797
4,0991 4,1328
4,6558 4,6897
5,2219 5,2564
56 21:53
4,4462 4,4794
4,0990 4,1323
4,6556 4,6894
5,2218 5,2561
57 21:54
4,4464 4,4800
4,0989 4,1329
4,6559 4,6902
5,2221 5,2568
58 21:55
4,4475 4,4805
4,0998 4,1333
4,6570 4,6907
5,2233 5,2573
59 21:56
4,4475 4,4809
4,0998 4,1333
4,6570 4,6910
5,2232 5,2578
60 21:57
4,4478 4,4812
4,1002 4,1336
4,6573 4,6913
5,2237 5,2582
61 21:58
4,4487 4,4823
4,1011 4,1351
4,6587 4,6929
5,2246 5,2594
62 21:59
4,4472 4,4809
4,0995 4,1336
4,6570 4,6914
5,2227 5,2577
63 22:00
4,4474 4,4809
4,1001 4,1337
4,6567 4,6909
5,2230 5,2577
64 22:01
4,4479 4,4812
4,1001 4,1338
4,6577 4,6917
5,2236 5,2580
65 22:02
4,4478 4,4811
4,1004 4,1337
4,6576 4,6916
5,2235 5,2580
66 22:03
4,4481 4,4820
4,1003 4,1346
4,6581 4,6926
5,2239 5,2590
67 22:04
4,4494 4,4829
4,1015 4,1354
4,6595 4,6936
5,2254 5,2601
68 22:05
4,4495 4,4827
4,1018 4,1354
4,6596 4,6935
5,2255 5,2599
69 22:06
4,4494 4,4828
4,1017 4,1355
4,6595 4,6936
5,2256 5,2601
70 22:07
4,4506 4,4844
4,1032 4,1370
4,6608 4,6956
5,2269 5,2620
71 22:08
4,4507 4,4840
4,1031 4,1364
4,6613 4,6952
5,2269 5,2614
72 22:09
4,4508 4,4849
4,1029 4,1373
4,6609 4,6961
5,2270 5,2624
73 22:10
4,4506 4,4848
4,1027 4,1372
4,6607 4,6961
5,2270 5,2625
74 22:11
Connection error x5
