#======================
2023-3-22
# 1.EUR, 2.USD, 3.CHF, 4.GBP
Sell Price, Buy Price
1 09:30
4,6711 4,7034
4,3332 4,3655
4,6977 4,7307
5,3238 5,3571
2 09:31
4,6710 4,7033
4,3341 4,3664
4,6981 4,7310
5,3223 5,3557
3 09:32
4,6705 4,7028
4,3337 4,3660
4,6977 4,7306
5,3219 5,3553
4 09:33
4,6708 4,7031
4,3340 4,3663
4,7003 4,7332
5,3228 5,3562
5 09:34
4,6707 4,7030
4,3333 4,3656
4,6997 4,7326
5,3227 5,3561
6 09:35
4,6705 4,7028
4,3337 4,3660
4,6972 4,7301
5,3225 5,3559
7 09:36
4,6701 4,7024
4,3332 4,3654
4,6967 4,7297
5,3215 5,3548
8 09:37
4,6703 4,7026
4,3330 4,3652
4,6974 4,7304
5,3214 5,3547
9 09:38
4,6711 4,7034
4,3332 4,3654
4,6973 4,7303
5,3220 5,3553
10 09:39
4,6712 4,7035
4,3345 4,3667
4,6984 4,7314
5,3240 5,3573
11 09:40
4,6716 4,7039
4,3342 4,3664
4,6987 4,7317
5,3243 5,3576
12 09:41
4,6714 4,7037
4,3324 4,3646
4,6985 4,7315
5,3226 5,3559
13 09:42
4,6716 4,7039
4,3332 4,3654
4,6982 4,7312
5,3229 5,3562
14 09:43
4,6715 4,7038
4,3336 4,3658
4,6997 4,7327
5,3232 5,3565
15 09:44
4,6711 4,7034
4,3317 4,3639
4,7006 4,7336
5,3224 5,3557
16 09:45
4,6716 4,7039
4,3328 4,3650
4,7006 4,7336
5,3226 5,3559
17 09:46
4,6700 4,7023
4,3314 4,3636
4,6995 4,7325
5,3226 5,3559
18 09:47
4,6696 4,7019
4,3312 4,3634
4,6991 4,7321
5,3222 5,3555
19 09:48
4,6687 4,7010
4,3307 4,3629
4,6987 4,7317
5,3205 5,3538
20 09:49
4,6696 4,7019
4,3310 4,3632
4,6991 4,7321
5,3204 5,3537
21 09:50
4,6694 4,7017
4,3309 4,3631
4,6994 4,7324
5,3201 5,3534
22 09:51
4,6700 4,7023
4,3320 4,3642
4,6977 4,7307
5,3208 5,3541
23 09:52
4,6699 4,7022
4,3314 4,3636
4,6970 4,7300
5,3209 5,3542
24 09:53
4,6698 4,7021
4,3312 4,3634
4,6965 4,7295
5,3209 5,3542
25 09:54
4,6700 4,7023
4,3325 4,3647
4,6981 4,7311
5,3222 5,3555
26 09:55
4,6702 4,7025
4,3313 4,3635
4,6980 4,7310
5,3216 5,3549
27 09:56
4,6704 4,7027
4,3321 4,3643
4,6975 4,7305
5,3215 5,3548
28 09:57
4,6710 4,7033
4,3326 4,3648
4,6981 4,7311
5,3216 5,3549
29 09:58
4,6703 4,7026
4,3325 4,3647
4,6961 4,7291
5,3196 5,3529
30 09:59
4,6704 4,7027
4,3323 4,3645
4,6956 4,7286
5,3209 5,3542
31 10:00
4,6704 4,7027
4,3321 4,3643
4,6966 4,7296
5,3203 5,3536
32 10:01
4,6704 4,7027
4,3329 4,3651
4,6970 4,7300
5,3212 5,3545
33 10:02
4,6703 4,7026
4,3334 4,3656
4,6976 4,7306
5,3217 5,3550
34 10:03
4,6705 4,7028
4,3336 4,3658
4,6976 4,7306
5,3216 5,3549
35 10:04
4,6701 4,7024
4,3320 4,3642
4,6967 4,7297
5,3211 5,3544
36 10:05
4,6704 4,7027
4,3328 4,3650
4,6969 4,7299
5,3216 5,3549
37 10:06
4,6696 4,7019
4,3315 4,3637
4,6953 4,7283
5,3196 5,3529
38 10:07
4,6692 4,7015
4,3290 4,3612
4,6936 4,7266
5,3194 5,3527
39 10:08
4,6692 4,7015
4,3284 4,3606
4,6964 4,7294
5,3200 5,3533
40 10:09
4,6690 4,7013
4,3270 4,3592
4,6957 4,7287
5,3185 5,3518
41 10:10
4,6696 4,7019
4,3292 4,3614
4,6958 4,7288
5,3201 5,3534
42 10:11
4,6698 4,7021
4,3285 4,3607
4,6960 4,7290
5,3199 5,3532
43 10:12
4,6702 4,7025
4,3283 4,3605
4,6968 4,7298
5,3213 5,3546
44 10:13
4,6699 4,7022
4,3282 4,3604
4,6964 4,7294
5,3207 5,3540
45 10:14
4,6704 4,7027
4,3283 4,3605
4,6967 4,7297
5,3201 5,3534
46 10:15
4,6707 4,7030
4,3283 4,3605
4,6969 4,7299
5,3206 5,3539
47 10:16
4,6707 4,7030
4,3290 4,3612
4,6974 4,7304
5,3198 5,3532
48 10:17
4,6703 4,7026
4,3280 4,3602
4,6979 4,7309
5,3180 5,3514
49 10:18
4,6704 4,7027
4,3281 4,3603
4,6980 4,7310
5,3182 5,3516
50 10:19
4,6707 4,7030
4,3284 4,3606
4,6988 4,7318
5,3182 5,3516
51 10:20
4,6712 4,7035
4,3286 4,3608
4,6997 4,7327
5,3200 5,3534
52 10:21
4,6715 4,7038
4,3295 4,3617
4,6997 4,7328
5,3212 5,3545
53 10:22
4,6715 4,7038
4,3292 4,3614
4,7009 4,7340
5,3217 5,3550
54 10:23
4,6715 4,7038
4,3295 4,3617
4,7009 4,7340
5,3227 5,3560
55 10:24
4,6708 4,7031
4,3287 4,3609
4,7000 4,7331
5,3220 5,3553
56 10:25
4,6708 4,7031
4,3297 4,3619
4,7002 4,7333
5,3226 5,3559
57 10:26
4,6708 4,7031
4,3292 4,3614
4,7001 4,7331
5,3223 5,3556
58 10:27
4,6711 4,7034
4,3275 4,3597
4,6996 4,7326
5,3226 5,3559
59 10:28
4,6710 4,7033
4,3275 4,3597
4,6999 4,7329
5,3218 5,3551
60 10:29
4,6709 4,7032
4,3283 4,3605
4,6999 4,7329
5,3230 5,3563
61 10:30
4,6718 4,7041
4,3292 4,3614
4,7007 4,7337
5,3236 5,3569
62 10:31
4,6717 4,7040
4,3294 4,3616
4,7010 4,7340
5,3245 5,3578
63 10:32
4,6718 4,7041
4,3295 4,3617
4,7008 4,7338
5,3264 5,3597
64 10:33
4,6717 4,7040
4,3292 4,3614
4,6990 4,7320
5,3256 5,3589
65 10:34
4,6717 4,7040
4,3298 4,3620
4,6982 4,7312
5,3262 5,3595
66 10:35
4,6718 4,7041
4,3297 4,3619
4,6988 4,7318
5,3254 5,3587
67 10:36
4,6718 4,7041
4,3303 4,3625
4,6977 4,7307
5,3255 5,3588
68 10:37
4,6715 4,7038
4,3304 4,3626
4,6973 4,7303
5,3254 5,3587
69 10:38
4,6713 4,7036
4,3307 4,3629
4,6975 4,7305
5,3244 5,3577
70 10:39
4,6715 4,7038
4,3304 4,3626
4,6957 4,7287
5,3239 5,3572
71 10:40
4,6713 4,7036
4,3302 4,3624
4,6969 4,7299
5,3240 5,3573
72 10:41
4,6715 4,7038
4,3307 4,3629
4,6980 4,7310
5,3247 5,3580
73 10:42
4,6712 4,7035
4,3305 4,3627
4,6983 4,7313
5,3251 5,3584
74 10:43
4,6713 4,7036
4,3314 4,3636
4,6986 4,7316
5,3243 5,3576
75 10:44
4,6716 4,7039
4,3321 4,3643
4,6989 4,7319
5,3250 5,3583
76 10:45
4,6715 4,7038
4,3312 4,3634
4,6983 4,7313
5,3253 5,3586
77 10:46
4,6715 4,7038
4,3316 4,3638
4,6980 4,7312
5,3254 5,3587
78 10:47
4,6714 4,7037
4,3309 4,3631
4,6979 4,7311
5,3248 5,3581
79 10:48
4,6718 4,7041
4,3301 4,3623
4,6973 4,7305
5,3248 5,3581
80 10:49
4,6714 4,7037
4,3299 4,3621
4,6952 4,7284
5,3237 5,3570
81 10:50
4,6718 4,7041
4,3303 4,3625
4,6956 4,7288
5,3251 5,3584
82 10:51
4,6716 4,7039
4,3305 4,3627
4,6958 4,7288
5,3249 5,3582
83 10:52
4,6716 4,7039
4,3305 4,3627
4,6953 4,7283
5,3246 5,3579
84 10:53
4,6716 4,7039
4,3305 4,3627
4,6956 4,7286
5,3243 5,3576
85 10:54
4,6717 4,7040
4,3307 4,3629
4,6962 4,7292
5,3242 5,3575
86 10:55
4,6717 4,7040
4,3312 4,3634
4,6961 4,7291
5,3232 5,3565
87 10:56
4,6716 4,7039
4,3304 4,3626
4,6962 4,7294
5,3221 5,3556
88 10:57
4,6717 4,7040
4,3294 4,3616
4,6955 4,7287
5,3215 5,3550
89 10:58
4,6715 4,7038
4,3292 4,3614
4,6965 4,7297
5,3211 5,3546
90 10:59
4,6716 4,7039
4,3297 4,3619
4,6971 4,7303
5,3218 5,3553
91 11:00
4,6716 4,7039
4,3303 4,3625
4,6971 4,7303
5,3209 5,3544
92 11:01
4,6716 4,7039
4,3310 4,3632
4,6971 4,7301
5,3226 5,3559
93 11:02
4,6719 4,7042
4,3311 4,3633
4,6973 4,7303
5,3222 5,3555
94 11:03
4,6722 4,7045
4,3323 4,3645
4,6976 4,7306
5,3228 5,3561
95 11:04
4,6722 4,7045
4,3322 4,3644
4,6966 4,7296
5,3225 5,3558
96 11:05
4,6722 4,7045
4,3323 4,3645
4,6959 4,7289
5,3229 5,3562
97 11:06
4,6721 4,7044
4,3332 4,3654
4,6963 4,7293
5,3234 5,3567
98 11:07
4,6719 4,7042
4,3334 4,3656
4,6980 4,7310
5,3244 5,3577
99 11:08
4,6723 4,7046
4,3336 4,3658
4,6979 4,7309
5,3248 5,3581
100 11:09
4,6722 4,7045
4,3337 4,3659
4,6978 4,7308
5,3256 5,3589
101 11:10
4,6723 4,7046
4,3330 4,3652
4,6968 4,7298
5,3251 5,3584
102 11:11
4,6723 4,7046
4,3328 4,3650
4,6970 4,7300
5,3254 5,3587
103 11:12
4,6712 4,7035
4,3305 4,3627
4,6956 4,7286
5,3238 5,3571
104 11:13
4,6717 4,7040
4,3306 4,3628
4,6964 4,7294
5,3248 5,3581
105 11:14
4,6719 4,7042
4,3306 4,3628
4,6990 4,7320
5,3241 5,3574
106 11:15
4,6718 4,7041
4,3307 4,3629
4,6986 4,7316
5,3242 5,3575
107 11:16
4,6717 4,7040
4,3300 4,3622
4,6976 4,7306
5,3232 5,3566
108 11:17
4,6718 4,7041
4,3297 4,3619
4,6958 4,7288
5,3230 5,3564
109 11:18
4,6720 4,7043
4,3298 4,3620
4,6957 4,7287
5,3226 5,3560
110 11:19
4,6720 4,7043
4,3299 4,3621
4,6953 4,7283
5,3239 5,3573
111 11:20
4,6718 4,7041
4,3303 4,3625
4,6955 4,7285
5,3240 5,3574
112 11:21
4,6714 4,7037
4,3299 4,3621
4,6950 4,7282
5,3225 5,3558
113 11:22
4,6716 4,7039
4,3299 4,3621
4,6967 4,7299
5,3241 5,3574
114 11:23
4,6717 4,7040
4,3304 4,3626
4,6963 4,7295
5,3238 5,3571
115 11:24
4,6716 4,7039
4,3303 4,3625
4,6962 4,7294
5,3243 5,3576
116 11:25
4,6715 4,7038
4,3300 4,3622
4,6961 4,7293
5,3247 5,3580
117 11:26
4,6716 4,7039
4,3299 4,3621
4,6960 4,7290
5,3249 5,3582
118 11:27
4,6715 4,7038
4,3298 4,3620
4,6957 4,7287
5,3260 5,3593
119 11:28
4,6716 4,7039
4,3301 4,3623
4,6953 4,7283
5,3255 5,3588
120 11:29
4,6713 4,7036
4,3296 4,3618
4,6946 4,7276
5,3240 5,3573
121 11:30
4,6715 4,7038
4,3315 4,3637
4,6957 4,7287
5,3248 5,3581
122 11:31
4,6717 4,7040
4,3322 4,3644
4,6949 4,7281
5,3245 5,3579
123 11:32
4,6715 4,7038
4,3322 4,3644
4,6940 4,7272
5,3239 5,3573
124 11:33
4,6716 4,7039
4,3315 4,3637
4,6928 4,7260
5,3233 5,3567
125 11:34
4,6717 4,7040
4,3306 4,3628
4,6920 4,7252
5,3241 5,3575
126 11:35
4,6716 4,7039
4,3301 4,3623
4,6929 4,7261
5,3243 5,3577
127 11:36
4,6716 4,7039
4,3299 4,3621
4,6939 4,7269
5,3239 5,3574
128 11:37
4,6716 4,7039
4,3303 4,3625
4,6939 4,7269
5,3236 5,3571
129 11:38
4,6715 4,7038
4,3302 4,3624
4,6938 4,7268
5,3225 5,3560
130 11:39
4,6716 4,7039
4,3305 4,3627
4,6943 4,7273
5,3227 5,3562
131 11:40
4,6715 4,7038
4,3310 4,3632
4,6957 4,7287
5,3232 5,3567
132 11:41
4,6715 4,7038
4,3305 4,3627
4,6940 4,7272
5,3236 5,3570
133 11:42
4,6714 4,7037
4,3303 4,3625
4,6934 4,7266
5,3223 5,3557
134 11:43
4,6714 4,7037
4,3299 4,3621
4,6934 4,7266
5,3226 5,3560
135 11:44
4,6714 4,7037
4,3299 4,3621
4,6939 4,7271
5,3226 5,3560
136 11:45
4,6714 4,7037
4,3301 4,3623
4,6939 4,7271
5,3232 5,3566
137 11:46
4,6710 4,7033
4,3297 4,3619
4,6934 4,7266
5,3228 5,3562
138 11:47
4,6693 4,7016
4,3287 4,3609
4,6917 4,7249
5,3214 5,3548
139 11:48
4,6695 4,7018
4,3286 4,3608
4,6918 4,7250
5,3210 5,3544
140 11:49
4,6696 4,7019
4,3292 4,3614
4,6918 4,7250
5,3205 5,3539
141 11:50
4,6696 4,7019
4,3299 4,3621
4,6923 4,7255
5,3218 5,3552
142 11:51
4,6695 4,7018
4,3296 4,3618
4,6913 4,7243
5,3219 5,3553
143 11:52
4,6691 4,7014
4,3286 4,3608
4,6905 4,7235
5,3208 5,3542
144 11:53
4,6687 4,7010
4,3272 4,3594
4,6898 4,7228
5,3210 5,3544
145 11:54
4,6684 4,7007
4,3263 4,3585
4,6900 4,7230
5,3195 5,3529
146 11:55
4,6690 4,7013
4,3273 4,3595
4,6913 4,7243
5,3198 5,3532
147 11:56
4,6699 4,7023
4,3286 4,3608
4,6909 4,7239
5,3208 5,3542
148 11:57
4,6697 4,7021
4,3277 4,3599
4,6915 4,7245
5,3207 5,3541
149 11:58
4,6695 4,7019
4,3261 4,3583
4,6903 4,7233
5,3191 5,3525
150 11:59
4,6694 4,7018
4,3254 4,3576
4,6907 4,7237
5,3178 5,3512
151 12:00
4,6694 4,7018
4,3260 4,3582
4,6912 4,7242
5,3187 5,3521
152 12:01
4,6703 4,7027
4,3271 4,3593
4,6927 4,7256
5,3199 5,3533
153 12:02
4,6703 4,7027
4,3273 4,3595
4,6927 4,7256
5,3192 5,3526
154 12:03
4,6700 4,7024
4,3278 4,3600
4,6928 4,7257
5,3194 5,3528
155 12:04
4,6696 4,7020
4,3276 4,3598
4,6927 4,7256
5,3196 5,3530
156 12:05
4,6695 4,7019
4,3266 4,3588
4,6917 4,7246
5,3189 5,3523
157 12:06
4,6689 4,7013
4,3262 4,3584
4,6903 4,7233
5,3176 5,3510
158 12:07
4,6692 4,7016
4,3265 4,3587
4,6910 4,7240
5,3177 5,3511
159 12:08
4,6693 4,7017
4,3266 4,3588
4,6914 4,7244
5,3187 5,3521
160 12:09
4,6692 4,7016
4,3266 4,3588
4,6917 4,7247
5,3187 5,3521
161 12:10
4,6692 4,7016
4,3268 4,3590
4,6919 4,7249
5,3188 5,3522
162 12:11
4,6692 4,7016
4,3263 4,3585
4,6918 4,7249
5,3186 5,3520
163 12:12
4,6692 4,7016
4,3258 4,3580
4,6912 4,7243
5,3194 5,3528
164 12:13
4,6691 4,7015
4,3252 4,3574
4,6903 4,7234
5,3186 5,3520
165 12:14
4,6690 4,7014
4,3254 4,3576
4,6903 4,7234
5,3177 5,3511
166 12:15
4,6690 4,7014
4,3249 4,3571
4,6904 4,7235
5,3162 5,3496
167 12:16
4,6691 4,7015
4,3258 4,3580
4,6909 4,7240
5,3160 5,3494
168 12:17
4,6691 4,7015
4,3260 4,3582
4,6907 4,7238
5,3164 5,3498
169 12:18
4,6690 4,7014
4,3259 4,3581
4,6904 4,7235
5,3163 5,3497
170 12:19
4,6694 4,7018
4,3251 4,3573
4,6898 4,7229
5,3170 5,3504
171 12:20
4,6693 4,7017
4,3250 4,3572
4,6897 4,7228
5,3162 5,3496
172 12:21
4,6692 4,7016
4,3251 4,3573
4,6901 4,7232
5,3165 5,3499
173 12:22
4,6691 4,7015
4,3254 4,3576
4,6900 4,7231
5,3157 5,3491
174 12:23
4,6691 4,7015
4,3248 4,3570
4,6900 4,7231
5,3154 5,3488
175 12:24
4,6691 4,7015
4,3248 4,3570
4,6895 4,7226
5,3151 5,3485
176 12:25
4,6690 4,7014
4,3247 4,3569
4,6901 4,7232
5,3150 5,3484
177 12:26
4,6690 4,7013
4,3250 4,3572
4,6898 4,7228
5,3143 5,3477
178 12:27
4,6691 4,7014
4,3247 4,3569
4,6897 4,7227
5,3141 5,3475
179 12:28
4,6690 4,7013
4,3246 4,3568
4,6898 4,7228
5,3137 5,3471
180 12:29
4,6691 4,7014
4,3247 4,3569
4,6896 4,7226
5,3135 5,3469
181 12:30
4,6691 4,7014
4,3247 4,3569
4,6899 4,7229
5,3135 5,3469
182 12:31
4,6690 4,7012
4,3246 4,3568
4,6903 4,7234
5,3131 5,3465
183 12:32
4,6696 4,7018
4,3256 4,3578
4,6906 4,7237
5,3131 5,3465
184 12:33
4,6703 4,7025
4,3258 4,3580
4,6916 4,7247
5,3142 5,3476
185 12:34
4,6694 4,7016
4,3251 4,3573
4,6906 4,7237
5,3129 5,3463
186 12:35
4,6697 4,7019
4,3256 4,3578
4,6914 4,7245
5,3141 5,3475
187 12:36
4,6694 4,7017
4,3253 4,3575
4,6911 4,7242
5,3138 5,3472
188 12:37
4,6693 4,7016
4,3255 4,3577
4,6910 4,7241
5,3140 5,3474
189 12:38
4,6693 4,7016
4,3259 4,3581
4,6903 4,7234
5,3140 5,3474
190 12:39
4,6693 4,7016
4,3263 4,3585
4,6906 4,7237
5,3131 5,3465
191 12:40
4,6696 4,7019
4,3264 4,3586
4,6909 4,7240
5,3128 5,3462
192 12:41
4,6693 4,7016
4,3255 4,3577
4,6899 4,7230
5,3123 5,3457
193 12:42
4,6694 4,7017
4,3252 4,3574
4,6892 4,7223
5,3120 5,3454
194 12:43
4,6695 4,7018
4,3256 4,3578
4,6893 4,7224
5,3105 5,3439
195 12:44
4,6695 4,7018
4,3253 4,3575
4,6891 4,7222
5,3115 5,3449
196 12:45
4,6696 4,7019
4,3255 4,3577
4,6894 4,7225
5,3125 5,3459
197 12:46
4,6692 4,7015
4,3253 4,3576
4,6888 4,7219
5,3114 5,3448
198 12:47
4,6693 4,7016
4,3259 4,3582
4,6890 4,7221
5,3101 5,3435
199 12:48
4,6693 4,7016
4,3261 4,3584
4,6901 4,7232
5,3113 5,3447
200 12:49
4,6714 4,7037
4,3270 4,3593
4,6917 4,7248
5,3121 5,3455
201 12:50
4,6715 4,7038
4,3273 4,3596
4,6921 4,7252
5,3132 5,3466
202 12:51
4,6714 4,7037
4,3270 4,3593
4,6903 4,7234
5,3119 5,3453
203 12:52
4,6703 4,7026
4,3257 4,3580
4,6893 4,7224
5,3114 5,3448
204 12:53
4,6700 4,7023
4,3258 4,3581
4,6892 4,7223
5,3122 5,3456
205 12:54
4,6699 4,7022
4,3244 4,3567
4,6884 4,7215
5,3113 5,3447
206 12:55
4,6697 4,7020
4,3247 4,3570
4,6886 4,7217
5,3111 5,3445
207 12:56
4,6700 4,7023
4,3246 4,3569
4,6886 4,7217
5,3107 5,3440
208 12:57
4,6705 4,7028
4,3248 4,3571
4,6884 4,7215
5,3100 5,3433
209 12:58
4,6705 4,7028
4,3250 4,3573
4,6884 4,7215
5,3100 5,3433
210 12:59
4,6704 4,7027
4,3250 4,3573
4,6884 4,7215
5,3099 5,3432
211 13:00
4,6703 4,7026
4,3249 4,3572
4,6883 4,7214
5,3092 5,3425
212 13:01
4,6699 4,7022
4,3249 4,3572
4,6884 4,7213
5,3093 5,3427
213 13:02
4,6696 4,7019
4,3244 4,3567
4,6879 4,7208
5,3095 5,3429
214 13:03
4,6696 4,7019
4,3243 4,3566
4,6879 4,7208
5,3096 5,3430
215 13:04
4,6697 4,7020
4,3241 4,3564
4,6877 4,7206
5,3096 5,3430
216 13:05
4,6695 4,7018
4,3239 4,3562
4,6875 4,7204
5,3097 5,3431
217 13:06
4,6695 4,7018
4,3239 4,3562
4,6884 4,7215
5,3105 5,3438
218 13:07
4,6695 4,7018
4,3239 4,3562
4,6884 4,7215
5,3103 5,3436
219 13:08
4,6693 4,7016
4,3237 4,3560
4,6877 4,7208
5,3098 5,3431
220 13:09
4,6693 4,7016
4,3234 4,3557
4,6878 4,7209
5,3097 5,3430
221 13:10
4,6690 4,7013
4,3230 4,3553
4,6874 4,7205
5,3086 5,3419
222 13:11
4,6691 4,7014
4,3230 4,3553
4,6871 4,7202
5,3090 5,3423
223 13:12
4,6690 4,7013
4,3228 4,3551
4,6869 4,7200
5,3089 5,3422
224 13:13
4,6690 4,7013
4,3226 4,3549
4,6874 4,7205
5,3092 5,3425
225 13:14
4,6689 4,7012
4,3231 4,3554
4,6870 4,7201
5,3100 5,3433
226 13:15
4,6688 4,7011
4,3233 4,3556
4,6872 4,7203
5,3108 5,3441
227 13:16
4,6688 4,7011
4,3233 4,3556
4,6868 4,7199
5,3101 5,3435
228 13:17
4,6685 4,7008
4,3229 4,3552
4,6860 4,7191
5,3104 5,3438
229 13:18
4,6686 4,7009
4,3231 4,3554
4,6856 4,7187
5,3091 5,3425
230 13:19
4,6686 4,7009
4,3235 4,3558
4,6856 4,7187
5,3098 5,3432
231 13:20
4,6686 4,7009
4,3237 4,3560
4,6860 4,7191
5,3114 5,3448
232 13:21
4,6687 4,7010
4,3240 4,3563
4,6852 4,7183
5,3119 5,3452
233 13:22
4,6686 4,7009
4,3233 4,3556
4,6856 4,7187
5,3115 5,3448
234 13:23
4,6686 4,7009
4,3231 4,3554
4,6847 4,7178
5,3109 5,3442
235 13:24
4,6686 4,7009
4,3239 4,3562
4,6849 4,7180
5,3121 5,3454
236 13:25
4,6686 4,7009
4,3237 4,3560
4,6846 4,7177
5,3114 5,3447
237 13:26
4,6684 4,7008
4,3236 4,3559
4,6852 4,7183
5,3110 5,3443
238 13:27
4,6684 4,7008
4,3240 4,3563
4,6853 4,7184
5,3111 5,3444
239 13:28
4,6685 4,7009
4,3247 4,3570
4,6861 4,7192
5,3096 5,3429
240 13:29
4,6685 4,7009
4,3249 4,3572
4,6866 4,7197
5,3106 5,3439
241 13:30
4,6685 4,7009
4,3247 4,3570
4,6863 4,7194
5,3106 5,3439
242 13:31
4,6684 4,7007
4,3244 4,3567
4,6866 4,7196
5,3116 5,3449
243 13:32
4,6684 4,7007
4,3247 4,3570
4,6872 4,7202
5,3118 5,3451
244 13:33
4,6684 4,7007
4,3267 4,3590
4,6875 4,7205
5,3127 5,3460
245 13:34
4,6684 4,7007
4,3279 4,3602
4,6877 4,7207
5,3130 5,3463
246 13:35
4,6684 4,7007
4,3289 4,3612
4,6891 4,7221
5,3133 5,3466
247 13:36
4,6683 4,7006
4,3288 4,3611
4,6883 4,7213
5,3129 5,3462
248 13:37
4,6683 4,7006
4,3291 4,3614
4,6882 4,7212
5,3129 5,3462
249 13:38
4,6684 4,7007
4,3282 4,3605
4,6864 4,7194
5,3131 5,3464
250 13:39
4,6684 4,7007
4,3280 4,3603
4,6866 4,7196
5,3134 5,3467
251 13:40
4,6684 4,7007
4,3282 4,3605
4,6873 4,7203
5,3131 5,3464
252 13:41
4,6685 4,7008
4,3283 4,3606
4,6893 4,7223
5,3125 5,3459
253 13:42
4,6688 4,7011
4,3288 4,3611
4,6896 4,7226
5,3126 5,3460
254 13:43
4,6687 4,7010
4,3292 4,3615
4,6900 4,7230
5,3130 5,3464
255 13:44
4,6679 4,7002
4,3269 4,3592
4,6887 4,7217
5,3106 5,3440
256 13:45
4,6679 4,7002
4,3268 4,3591
4,6884 4,7214
5,3099 5,3433
257 13:46
4,6677 4,7000
4,3277 4,3600
4,6882 4,7213
5,3104 5,3438
258 13:47
4,6675 4,6998
4,3277 4,3600
4,6892 4,7223
5,3104 5,3438
259 13:48
4,6667 4,6990
4,3268 4,3591
4,6888 4,7219
5,3092 5,3426
260 13:49
4,6669 4,6992
4,3273 4,3596
4,6886 4,7217
5,3100 5,3434
261 13:50
4,6669 4,6992
4,3277 4,3600
4,6876 4,7207
5,3106 5,3440
262 13:51
4,6669 4,6992
4,3271 4,3594
4,6886 4,7217
5,3092 5,3425
263 13:52
4,6668 4,6991
4,3267 4,3590
4,6885 4,7216
5,3091 5,3424
264 13:53
4,6662 4,6985
4,3271 4,3594
4,6876 4,7207
5,3091 5,3424
265 13:54
4,6668 4,6991
4,3274 4,3597
4,6882 4,7213
5,3097 5,3430
266 13:55
4,6668 4,6991
4,3275 4,3598
4,6886 4,7217
5,3104 5,3437
267 13:56
4,6669 4,6992
4,3273 4,3596
4,6886 4,7217
5,3115 5,3449
268 13:57
4,6669 4,6992
4,3277 4,3600
4,6881 4,7212
5,3128 5,3462
269 13:58
4,6667 4,6990
4,3282 4,3605
4,6880 4,7211
5,3130 5,3464
270 13:59
4,6669 4,6992
4,3286 4,3609
4,6893 4,7224
5,3130 5,3464
271 14:00
4,6669 4,6992
4,3280 4,3603
4,6891 4,7222
5,3125 5,3459
272 14:01
4,6666 4,6989
4,3279 4,3602
4,6888 4,7218
5,3128 5,3461
273 14:02
4,6667 4,6990
4,3284 4,3607
4,6889 4,7219
5,3127 5,3460
274 14:03
4,6666 4,6989
4,3281 4,3604
4,6878 4,7208
5,3127 5,3460
275 14:04
4,6665 4,6988
4,3279 4,3602
4,6868 4,7198
5,3131 5,3464
276 14:05
4,6665 4,6988
4,3274 4,3597
4,6868 4,7198
5,3127 5,3460
277 14:06
4,6665 4,6988
4,3274 4,3597
4,6865 4,7195
5,3123 5,3457
278 14:07
4,6666 4,6989
4,3279 4,3602
4,6873 4,7203
5,3130 5,3464
279 14:08
4,6665 4,6988
4,3271 4,3594
4,6871 4,7201
5,3124 5,3458
280 14:09
4,6665 4,6988
4,3274 4,3597
4,6868 4,7198
5,3126 5,3460
281 14:10
4,6665 4,6988
4,3272 4,3595
4,6868 4,7198
5,3125 5,3459
282 14:11
4,6665 4,6988
4,3268 4,3591
4,6872 4,7203
5,3127 5,3460
283 14:12
4,6665 4,6988
4,3264 4,3587
4,6859 4,7190
5,3112 5,3445
284 14:13
4,6664 4,6987
4,3263 4,3586
4,6848 4,7179
5,3108 5,3441
285 14:14
4,6667 4,6990
4,3265 4,3588
4,6852 4,7183
5,3095 5,3428
286 14:15
4,6664 4,6987
4,3264 4,3587
4,6839 4,7170
5,3096 5,3429
287 14:16
4,6667 4,6991
4,3271 4,3594
4,6841 4,7171
5,3098 5,3432
288 14:17
4,6674 4,6998
4,3273 4,3596
4,6845 4,7175
5,3104 5,3438
289 14:18
4,6684 4,7008
4,3285 4,3608
4,6862 4,7192
5,3116 5,3450
290 14:19
4,6692 4,7016
4,3296 4,3619
4,6868 4,7198
5,3122 5,3456
291 14:20
4,6692 4,7016
4,3294 4,3617
4,6865 4,7195
5,3113 5,3447
292 14:21
4,6698 4,7021
4,3295 4,3618
4,6873 4,7203
5,3107 5,3441
293 14:22
4,6692 4,7015
4,3281 4,3604
4,6869 4,7199
5,3091 5,3425
294 14:23
4,6698 4,7021
4,3294 4,3617
4,6882 4,7212
5,3089 5,3423
295 14:24
4,6692 4,7015
4,3287 4,3610
4,6886 4,7216
5,3091 5,3425
296 14:25
4,6698 4,7021
4,3286 4,3609
4,6884 4,7214
5,3091 5,3425
297 14:26
4,6700 4,7023
4,3288 4,3611
4,6884 4,7214
5,3094 5,3428
298 14:27
4,6703 4,7026
4,3287 4,3610
4,6887 4,7217
5,3097 5,3431
299 14:28
4,6702 4,7025
4,3286 4,3609
4,6880 4,7210
5,3093 5,3427
300 14:29
4,6688 4,7011
4,3277 4,3600
4,6872 4,7202
5,3074 5,3408
301 14:30
4,6688 4,7011
4,3281 4,3604
4,6872 4,7202
5,3076 5,3410
302 14:31
4,6691 4,7014
4,3274 4,3597
4,6871 4,7201
5,3074 5,3408
303 14:32
4,6698 4,7021
4,3278 4,3601
4,6882 4,7212
5,3082 5,3416
304 14:33
4,6694 4,7017
4,3283 4,3606
4,6888 4,7218
5,3081 5,3415
305 14:34
4,6703 4,7026
4,3301 4,3624
4,6900 4,7230
5,3094 5,3428
306 14:35
4,6703 4,7026
4,3299 4,3622
4,6892 4,7222
5,3091 5,3425
307 14:36
4,6704 4,7027
4,3310 4,3633
4,6901 4,7231
5,3092 5,3426
308 14:37
4,6702 4,7025
4,3305 4,3628
4,6896 4,7226
5,3090 5,3424
309 14:38
4,6704 4,7027
4,3308 4,3631
4,6890 4,7220
5,3071 5,3405
310 14:39
4,6722 4,7045
4,3321 4,3644
4,6902 4,7232
5,3092 5,3426
311 14:40
4,6716 4,7039
4,3331 4,3654
4,6893 4,7223
5,3085 5,3419
312 14:41
4,6713 4,7036
4,3333 4,3656
4,6890 4,7221
5,3069 5,3402
313 14:42
4,6707 4,7030
4,3323 4,3646
4,6882 4,7213
5,3063 5,3396
314 14:43
4,6700 4,7023
4,3313 4,3636
4,6870 4,7201
5,3046 5,3379
315 14:44
4,6700 4,7023
4,3310 4,3633
4,6870 4,7201
5,3040 5,3373
316 14:45
4,6714 4,7037
4,3329 4,3652
4,6884 4,7215
5,3061 5,3394
317 14:46
4,6714 4,7037
4,3338 4,3661
4,6886 4,7216
5,3080 5,3414
318 14:47
4,6714 4,7037
4,3338 4,3661
4,6889 4,7219
5,3067 5,3401
319 14:48
4,6714 4,7037
4,3342 4,3665
4,6889 4,7219
5,3052 5,3386
320 14:49
4,6714 4,7037
4,3340 4,3663
4,6888 4,7218
5,3055 5,3389
321 14:50
4,6715 4,7038
4,3339 4,3662
4,6890 4,7220
5,3056 5,3390
322 14:51
4,6722 4,7045
4,3341 4,3664
4,6896 4,7226
5,3058 5,3392
323 14:52
4,6720 4,7043
4,3339 4,3662
4,6896 4,7226
5,3069 5,3403
324 14:53
4,6715 4,7038
4,3339 4,3662
4,6892 4,7222
5,3069 5,3403
325 14:54
4,6715 4,7038
4,3335 4,3658
4,6890 4,7220
5,3071 5,3405
326 14:55
4,6715 4,7038
4,3332 4,3655
4,6888 4,7218
5,3051 5,3385
327 14:56
4,6710 4,7033
4,3326 4,3649
4,6880 4,7210
5,3030 5,3363
328 14:57
4,6711 4,7034
4,3333 4,3656
4,6879 4,7209
5,3028 5,3361
329 14:58
4,6715 4,7038
4,3337 4,3660
4,6871 4,7201
5,3033 5,3366
330 14:59
4,6723 4,7046
4,3338 4,3661
4,6884 4,7214
5,3042 5,3375
331 15:00
4,6720 4,7043
4,3329 4,3652
4,6879 4,7209
5,3045 5,3378
332 15:01
4,6715 4,7038
4,3320 4,3643
4,6881 4,7211
5,3027 5,3360
333 15:02
4,6721 4,7044
4,3336 4,3659
4,6882 4,7212
5,3011 5,3344
334 15:03
4,6738 4,7061
4,3356 4,3679
4,6899 4,7229
5,3031 5,3364
335 15:04
4,6740 4,7063
4,3366 4,3689
4,6901 4,7231
5,3031 5,3364
336 15:05
4,6740 4,7063
4,3361 4,3684
4,6909 4,7239
5,3048 5,3381
337 15:06
4,6753 4,7076
4,3379 4,3702
4,6922 4,7253
5,3054 5,3387
338 15:07
4,6748 4,7071
4,3369 4,3692
4,6921 4,7252
5,3048 5,3381
339 15:08
4,6753 4,7076
4,3361 4,3684
4,6915 4,7246
5,3042 5,3375
340 15:09
4,6753 4,7076
4,3355 4,3678
4,6913 4,7244
5,3048 5,3381
341 15:10
4,6767 4,7090
4,3378 4,3701
4,6927 4,7258
5,3055 5,3388
342 15:11
4,6766 4,7089
4,3375 4,3698
4,6926 4,7256
5,3062 5,3395
343 15:12
4,6764 4,7087
4,3377 4,3700
4,6938 4,7268
5,3087 5,3420
344 15:13
4,6764 4,7087
4,3377 4,3700
4,6938 4,7268
5,3100 5,3433
345 15:14
4,6753 4,7076
4,3369 4,3692
4,6927 4,7257
5,3073 5,3406
346 15:15
4,6750 4,7073
4,3362 4,3685
4,6912 4,7242
5,3069 5,3402
347 15:16
4,6739 4,7062
4,3352 4,3675
4,6909 4,7239
5,3053 5,3386
348 15:17
4,6728 4,7051
4,3334 4,3657
4,6897 4,7227
5,3026 5,3359
349 15:18
4,6724 4,7047
4,3328 4,3651
4,6896 4,7226
5,3034 5,3367
350 15:19
4,6723 4,7046
4,3333 4,3656
4,6899 4,7229
5,3026 5,3359
351 15:20
4,6721 4,7044
4,3325 4,3648
4,6907 4,7237
5,3005 5,3338
352 15:21
4,6718 4,7041
4,3324 4,3647
4,6906 4,7236
5,2992 5,3326
353 15:22
4,6715 4,7038
4,3332 4,3655
4,6913 4,7243
5,3004 5,3338
354 15:23
4,6719 4,7042
4,3327 4,3650
4,6909 4,7239
5,2989 5,3323
355 15:24
4,6720 4,7043
4,3318 4,3641
4,6915 4,7245
5,3001 5,3335
356 15:25
4,6721 4,7044
4,3315 4,3638
4,6928 4,7258
5,3001 5,3335
357 15:26
4,6721 4,7044
4,3315 4,3638
4,6922 4,7253
5,3002 5,3335
358 15:27
4,6722 4,7045
4,3308 4,3631
4,6920 4,7251
5,3012 5,3345
359 15:28
4,6722 4,7045
4,3322 4,3645
4,6929 4,7260
5,3032 5,3365
360 15:29
4,6731 4,7054
4,3330 4,3653
4,6936 4,7267
5,3050 5,3383
361 15:30
4,6731 4,7054
4,3327 4,3650
4,6937 4,7268
5,3050 5,3383
362 15:31
4,6738 4,7061
4,3337 4,3660
4,6948 4,7278
5,3059 5,3392
363 15:32
4,6735 4,7058
4,3332 4,3655
4,6942 4,7272
5,3055 5,3388
364 15:33
4,6735 4,7058
4,3325 4,3648
4,6944 4,7274
5,3057 5,3390
365 15:34
4,6735 4,7058
4,3324 4,3647
4,6944 4,7274
5,3054 5,3387
366 15:35
4,6736 4,7059
4,3329 4,3652
4,6943 4,7273
5,3061 5,3394
367 15:36
4,6736 4,7059
4,3340 4,3663
4,6943 4,7273
5,3064 5,3397
368 15:37
4,6734 4,7057
4,3329 4,3652
4,6943 4,7273
5,3065 5,3398
369 15:38
4,6735 4,7058
4,3332 4,3655
4,6946 4,7276
5,3039 5,3372
370 15:39
4,6735 4,7058
4,3341 4,3664
4,6946 4,7276
5,3040 5,3373
371 15:40
4,6740 4,7063
4,3343 4,3666
4,6953 4,7283
5,3045 5,3378
372 15:41
4,6731 4,7054
4,3342 4,3665
4,6955 4,7285
5,3041 5,3374
373 15:42
4,6729 4,7052
4,3326 4,3649
4,6952 4,7282
5,3035 5,3368
374 15:43
4,6728 4,7051
4,3317 4,3640
4,6958 4,7288
5,3034 5,3367
375 15:44
4,6730 4,7053
4,3321 4,3644
4,6956 4,7286
5,3039 5,3372
376 15:45
4,6726 4,7049
4,3307 4,3630
4,6950 4,7280
5,3017 5,3350
377 15:46
4,6728 4,7051
4,3309 4,3632
4,6952 4,7282
5,3006 5,3340
378 15:47
4,6727 4,7050
4,3307 4,3630
4,6954 4,7284
5,3024 5,3358
379 15:48
4,6728 4,7051
4,3302 4,3625
4,6950 4,7280
5,3016 5,3350
380 15:49
4,6729 4,7052
4,3302 4,3625
4,6946 4,7276
5,3008 5,3342
381 15:50
4,6729 4,7052
4,3298 4,3621
4,6943 4,7273
5,3018 5,3352
382 15:51
4,6726 4,7050
4,3288 4,3611
4,6944 4,7274
5,3011 5,3345
383 15:52
4,6729 4,7053
4,3273 4,3596
4,6936 4,7266
5,3003 5,3337
384 15:53
4,6723 4,7047
4,3264 4,3587
4,6917 4,7247
5,2999 5,3333
385 15:54
4,6716 4,7040
4,3265 4,3588
4,6909 4,7239
5,2993 5,3327
386 15:55
4,6717 4,7041
4,3265 4,3588
4,6910 4,7240
5,2991 5,3325
387 15:56
4,6731 4,7054
4,3288 4,3611
4,6930 4,7260
5,3013 5,3347
388 15:57
4,6728 4,7051
4,3279 4,3602
4,6935 4,7265
5,3011 5,3345
389 15:58
4,6722 4,7045
4,3278 4,3601
4,6937 4,7267
5,2999 5,3333
390 15:59
4,6718 4,7041
4,3268 4,3591
4,6928 4,7258
5,2998 5,3332
391 16:00
4,6712 4,7035
4,3262 4,3585
4,6921 4,7251
5,2994 5,3328
392 16:01
4,6715 4,7039
4,3274 4,3597
4,6906 4,7235
5,2999 5,3333
393 16:02
4,6722 4,7046
4,3280 4,3603
4,6914 4,7243
5,3006 5,3340
394 16:03
4,6731 4,7055
4,3291 4,3614
4,6921 4,7250
5,3023 5,3357
395 16:04
4,6737 4,7061
4,3300 4,3623
4,6931 4,7260
5,3047 5,3381
396 16:05
4,6736 4,7060
4,3302 4,3625
4,6926 4,7255
5,3047 5,3381
397 16:06
4,6732 4,7055
4,3300 4,3623
4,6921 4,7251
5,3047 5,3381
398 16:07
4,6731 4,7054
4,3300 4,3623
4,6919 4,7249
5,3058 5,3392
