#======================
2023-3-30
# 1.EUR, 2.USD, 3.CHF, 4.GBP
Sell Price, Buy Price
#======================
2023-3-30
# 1.EUR, 2.USD, 3.CHF, 4.GBP
Sell Price, Buy Price
1 08:23
4,6685 4,7011
4,3077 4,3402
4,6926 4,7262
5,3086 5,3422
2 08:24
4,6686 4,7012
4,3081 4,3406
4,6928 4,7264
5,3088 5,3424
3 08:25
4,6684 4,7010
4,3075 4,3400
4,6926 4,7262
5,3082 5,3418
4 08:26
4,6686 4,7012
4,3082 4,3407
4,6928 4,7264
5,3087 5,3423
5 08:27
4,6686 4,7012
4,3085 4,3410
4,6928 4,7264
5,3088 5,3424
6 08:28
4,6684 4,7010
4,3083 4,3408
4,6926 4,7262
5,3091 5,3427
7 08:29
4,6683 4,7009
4,3080 4,3405
4,6925 4,7261
5,3091 5,3427
8 08:30
4,6685 4,7011
4,3075 4,3400
4,6926 4,7262
5,3092 5,3428
9 08:31
4,6683 4,7009
4,3075 4,3400
4,6941 4,7277
5,3099 5,3435
10 08:32
4,6682 4,7008
4,3073 4,3398
4,6939 4,7275
5,3099 5,3435
11 08:33
4,6683 4,7009
4,3077 4,3402
4,6941 4,7277
5,3102 5,3438
12 08:34
4,6683 4,7009
4,3070 4,3395
4,6939 4,7275
5,3103 5,3439
13 08:35
4,6684 4,7010
4,3080 4,3405
4,6941 4,7277
5,3103 5,3439
14 08:36
4,6683 4,7008
4,3084 4,3408
4,6931 4,7265
5,3104 5,3441
15 08:37
4,6684 4,7009
4,3079 4,3403
4,6926 4,7260
5,3099 5,3436
16 08:38
4,6684 4,7009
4,3087 4,3411
4,6935 4,7269
5,3098 5,3435
17 08:39
4,6687 4,7012
4,3087 4,3411
4,6943 4,7277
5,3106 5,3443
18 08:40
4,6687 4,7012
4,3079 4,3403
4,6938 4,7272
5,3100 5,3437
19 08:41
4,6688 4,7013
4,3074 4,3398
4,6933 4,7268
5,3097 5,3434
20 08:42
4,6682 4,7007
4,3067 4,3391
4,6923 4,7258
5,3085 5,3422
21 08:43
4,6682 4,7007
4,3071 4,3395
4,6932 4,7267
5,3091 5,3428
22 08:44
4,6682 4,7007
4,3068 4,3392
4,6932 4,7267
5,3091 5,3428
23 08:45
4,6683 4,7008
4,3076 4,3400
4,6924 4,7259
5,3098 5,3435
24 08:46
4,6685 4,7010
4,3073 4,3397
4,6927 4,7260
5,3094 5,3431
25 08:47
4,6686 4,7011
4,3076 4,3400
4,6927 4,7260
5,3102 5,3439
26 08:48
4,6685 4,7010
4,3073 4,3397
4,6927 4,7260
5,3107 5,3444
27 08:49
4,6681 4,7006
4,3068 4,3392
4,6923 4,7256
5,3108 5,3445
28 08:50
4,6686 4,7011
4,3075 4,3399
4,6928 4,7261
5,3120 5,3457
29 08:51
4,6685 4,7012
4,3070 4,3394
4,6923 4,7256
5,3113 5,3450
30 08:52
4,6685 4,7012
4,3068 4,3392
4,6920 4,7253
5,3112 5,3449
31 08:53
4,6685 4,7012
4,3060 4,3384
4,6918 4,7251
5,3105 5,3442
32 08:54
4,6681 4,7008
4,3051 4,3375
4,6924 4,7257
5,3103 5,3440
33 08:55
4,6681 4,7008
4,3055 4,3379
4,6933 4,7266
5,3110 5,3447
34 08:56
4,6681 4,7007
4,3046 4,3370
4,6918 4,7253
5,3106 5,3443
35 08:57
4,6680 4,7006
4,3035 4,3359
4,6906 4,7241
5,3101 5,3438
36 08:58
4,6681 4,7007
4,3032 4,3356
4,6904 4,7239
5,3111 5,3448
37 08:59
4,6682 4,7008
4,3033 4,3357
4,6909 4,7244
5,3120 5,3457
38 09:00
4,6681 4,7007
4,3047 4,3371
4,6907 4,7242
5,3133 5,3470
39 09:01
4,6681 4,7007
4,3051 4,3375
4,6922 4,7255
5,3144 5,3481
40 09:02
4,6686 4,7012
4,3057 4,3381
4,6928 4,7261
5,3150 5,3487
41 09:03
4,6686 4,7012
4,3050 4,3374
4,6930 4,7263
5,3141 5,3478
42 09:04
4,6687 4,7013
4,3062 4,3386
4,6938 4,7271
5,3155 5,3492
43 09:05
4,6684 4,7010
4,3070 4,3394
4,6940 4,7273
5,3156 5,3493
44 09:06
4,6686 4,7012
4,3076 4,3400
4,6940 4,7274
5,3159 5,3496
45 09:07
4,6689 4,7015
4,3109 4,3433
4,6977 4,7311
5,3186 5,3523
46 09:08
4,6689 4,7015
4,3123 4,3447
4,6974 4,7308
5,3196 5,3533
47 09:09
4,6689 4,7015
4,3119 4,3443
4,6968 4,7302
5,3190 5,3527
48 09:10
4,6689 4,7015
4,3121 4,3445
4,6963 4,7297
5,3193 5,3530
49 09:11
4,6696 4,7022
4,3112 4,3436
4,6952 4,7285
5,3210 5,3547
50 09:12
4,6692 4,7018
4,3097 4,3421
4,6945 4,7278
5,3193 5,3530
51 09:13
4,6695 4,7021
4,3097 4,3421
4,6946 4,7279
5,3212 5,3549
52 09:14
4,6694 4,7020
4,3094 4,3418
4,6941 4,7274
5,3211 5,3548
53 09:15
4,6693 4,7019
4,3093 4,3417
4,6945 4,7278
5,3210 5,3547
54 09:16
4,6695 4,7020
4,3086 4,3411
4,6943 4,7277
5,3203 5,3540
55 09:17
4,6696 4,7021
4,3085 4,3410
4,6942 4,7276
5,3189 5,3526
56 09:18
4,6696 4,7021
4,3072 4,3397
4,6943 4,7277
5,3183 5,3520
57 09:19
4,6697 4,7022
4,3084 4,3409
4,6947 4,7281
5,3187 5,3524
58 09:20
4,6698 4,7023
4,3081 4,3406
4,6948 4,7282
5,3176 5,3513
59 09:21
4,6698 4,7024
4,3086 4,3411
4,6948 4,7280
5,3183 5,3519
60 09:22
4,6699 4,7025
4,3074 4,3399
4,6947 4,7279
5,3180 5,3516
61 09:23
4,6694 4,7020
4,3071 4,3396
4,6935 4,7267
5,3173 5,3509
62 09:24
4,6695 4,7021
4,3064 4,3389
4,6923 4,7255
5,3165 5,3501
63 09:25
4,6697 4,7023
4,3073 4,3398
4,6925 4,7257
5,3165 5,3501
64 09:26
4,6695 4,7021
4,3065 4,3390
4,6922 4,7255
5,3167 5,3503
65 09:27
4,6694 4,7020
4,3067 4,3392
4,6930 4,7263
5,3185 5,3521
66 09:28
4,6694 4,7020
4,3055 4,3380
4,6916 4,7249
5,3177 5,3513
67 09:29
4,6696 4,7022
4,3057 4,3382
4,6924 4,7257
5,3181 5,3517
68 09:30
4,6694 4,7020
4,3066 4,3391
4,6921 4,7254
5,3171 5,3507
69 09:31
4,6694 4,7020
4,3075 4,3400
4,6923 4,7257
5,3173 5,3511
70 09:32
4,6687 4,7013
4,3064 4,3389
4,6902 4,7236
5,3151 5,3489
71 09:33
4,6689 4,7015
4,3053 4,3378
4,6908 4,7242
5,3145 5,3483
72 09:34
4,6697 4,7023
4,3058 4,3383
4,6918 4,7252
5,3169 5,3507
73 09:35
4,6698 4,7024
4,3057 4,3382
4,6921 4,7255
5,3173 5,3511
74 09:36
4,6700 4,7026
4,3059 4,3384
4,6928 4,7262
5,3182 5,3518
75 09:37
4,6701 4,7027
4,3063 4,3388
4,6929 4,7263
5,3183 5,3519
76 09:38
4,6701 4,7027
4,3046 4,3371
4,6933 4,7267
5,3180 5,3516
77 09:39
4,6705 4,7031
4,3041 4,3366
4,6933 4,7267
5,3174 5,3510
78 09:40
4,6706 4,7032
4,3040 4,3365
4,6938 4,7272
5,3172 5,3508
79 09:41
4,6711 4,7036
4,3036 4,3361
4,6931 4,7265
5,3170 5,3506
80 09:42
4,6713 4,7038
4,3039 4,3364
4,6935 4,7269
5,3175 5,3511
81 09:43
4,6714 4,7039
4,3041 4,3366
4,6931 4,7265
5,3178 5,3514
82 09:44
4,6712 4,7037
4,3037 4,3362
4,6940 4,7274
5,3174 5,3510
83 09:45
4,6712 4,7037
4,3033 4,3358
4,6934 4,7268
5,3179 5,3515
84 09:46
4,6707 4,7033
4,3029 4,3354
4,6931 4,7264
5,3176 5,3514
85 09:47
4,6705 4,7031
4,3039 4,3364
4,6929 4,7262
5,3174 5,3512
86 09:48
4,6705 4,7031
4,3039 4,3364
4,6920 4,7253
5,3174 5,3512
87 09:49
4,6707 4,7033
4,3045 4,3370
4,6926 4,7259
5,3170 5,3508
88 09:50
4,6709 4,7035
4,3047 4,3372
4,6928 4,7261
5,3167 5,3505
89 09:51
4,6706 4,7031
4,3038 4,3362
4,6924 4,7258
5,3166 5,3503
90 09:52
4,6680 4,7005
4,3016 4,3340
4,6900 4,7234
5,3139 5,3476
91 09:53
4,6683 4,7008
4,3021 4,3345
4,6904 4,7238
5,3149 5,3486
92 09:54
4,6684 4,7009
4,3008 4,3332
4,6900 4,7234
5,3138 5,3475
93 09:55
4,6684 4,7009
4,3010 4,3334
4,6897 4,7231
5,3138 5,3475
94 09:56
4,6680 4,7005
4,3000 4,3324
4,6889 4,7223
5,3134 5,3471
95 09:57
4,6685 4,7010
4,3007 4,3331
4,6889 4,7223
5,3143 5,3480
96 09:58
4,6681 4,7006
4,3009 4,3333
4,6889 4,7223
5,3137 5,3474
97 09:59
4,6679 4,7004
4,3007 4,3331
4,6880 4,7214
5,3136 5,3473
98 10:00
4,6674 4,6999
4,2999 4,3323
4,6876 4,7210
5,3133 5,3470
99 10:01
4,6675 4,7000
4,3012 4,3336
4,6884 4,7218
5,3140 5,3477
100 10:02
4,6677 4,7002
4,3008 4,3332
4,6877 4,7211
5,3137 5,3474
101 10:03
4,6677 4,7002
4,2999 4,3323
4,6871 4,7205
5,3133 5,3470
102 10:04
4,6678 4,7003
4,2995 4,3319
4,6872 4,7206
5,3132 5,3469
103 10:05
4,6678 4,7003
4,2978 4,3302
4,6874 4,7208
5,3131 5,3468
104 10:06
4,6675 4,7000
4,2986 4,3310
4,6876 4,7209
5,3123 5,3460
105 10:07
4,6672 4,6997
4,2982 4,3306
4,6866 4,7199
5,3115 5,3452
106 10:08
4,6666 4,6991
4,2971 4,3295
4,6860 4,7193
5,3101 5,3438
107 10:09
4,6666 4,6991
4,2961 4,3285
4,6860 4,7193
5,3096 5,3433
108 10:10
4,6667 4,6992
4,2971 4,3295
4,6873 4,7206
5,3105 5,3442
109 10:11
4,6667 4,6993
4,2974 4,3299
4,6875 4,7209
5,3107 5,3443
110 10:12
4,6666 4,6992
4,2977 4,3302
4,6872 4,7206
5,3106 5,3442
111 10:13
4,6649 4,6975
4,2965 4,3290
4,6855 4,7189
5,3086 5,3422
112 10:14
4,6652 4,6978
4,2962 4,3287
4,6853 4,7187
5,3084 5,3420
113 10:15
4,6656 4,6982
4,2932 4,3257
4,6846 4,7180
5,3070 5,3406
114 10:16
4,6658 4,6985
4,2965 4,3290
4,6853 4,7186
5,3087 5,3424
115 10:17
4,6663 4,6990
4,2970 4,3295
4,6861 4,7194
5,3102 5,3439
116 10:18
4,6666 4,6993
4,2979 4,3304
4,6866 4,7199
5,3106 5,3443
117 10:19
4,6648 4,6975
4,2966 4,3291
4,6852 4,7185
5,3080 5,3417
118 10:20
4,6654 4,6981
4,2974 4,3299
4,6840 4,7173
5,3076 5,3413
119 10:21
4,6668 4,6993
4,2984 4,3309
4,6850 4,7184
5,3083 5,3420
120 10:22
4,6658 4,6983
4,2966 4,3291
4,6828 4,7162
5,3071 5,3408
121 10:23
4,6653 4,6978
4,2960 4,3285
4,6825 4,7159
5,3062 5,3399
122 10:24
4,6659 4,6984
4,2969 4,3294
4,6833 4,7167
5,3076 5,3413
123 10:25
4,6653 4,6978
4,2958 4,3283
4,6825 4,7159
5,3062 5,3399
124 10:26
4,6652 4,6977
4,2959 4,3284
4,6829 4,7162
5,3068 5,3405
125 10:27
4,6651 4,6976
4,2944 4,3269
4,6827 4,7160
5,3062 5,3399
126 10:28
4,6641 4,6966
4,2932 4,3257
4,6821 4,7154
5,3061 5,3398
127 10:29
4,6640 4,6965
4,2930 4,3255
4,6823 4,7156
5,3065 5,3402
128 10:30
4,6639 4,6964
4,2937 4,3262
4,6825 4,7158
5,3067 5,3404
129 10:31
4,6644 4,6969
4,2939 4,3264
4,6829 4,7162
5,3064 5,3401
130 10:32
4,6642 4,6967
4,2928 4,3253
4,6827 4,7160
5,3062 5,3399
131 10:33
4,6638 4,6963
4,2910 4,3235
4,6816 4,7149
5,3042 5,3379
132 10:34
4,6627 4,6952
4,2900 4,3225
4,6802 4,7135
5,3039 5,3376
133 10:35
4,6627 4,6952
4,2904 4,3229
4,6803 4,7136
5,3048 5,3385
134 10:36
4,6628 4,6954
4,2918 4,3243
4,6803 4,7137
5,3053 5,3390
135 10:37
4,6626 4,6952
4,2905 4,3230
4,6802 4,7136
5,3044 5,3381
136 10:38
4,6618 4,6944
4,2890 4,3215
4,6788 4,7122
5,3016 5,3353
137 10:39
4,6619 4,6945
4,2866 4,3191
4,6775 4,7109
5,3002 5,3339
138 10:40
4,6631 4,6957
4,2883 4,3208
4,6786 4,7120
5,3016 5,3353
139 10:41
4,6626 4,6952
4,2880 4,3205
4,6775 4,7109
5,3010 5,3346
140 10:42
4,6619 4,6945
4,2874 4,3199
4,6769 4,7103
5,2993 5,3329
141 10:43
4,6607 4,6933
4,2847 4,3172
4,6768 4,7102
5,2989 5,3325
142 10:44
4,6613 4,6939
4,2860 4,3185
4,6776 4,7110
5,3009 5,3345
143 10:45
4,6612 4,6938
4,2863 4,3188
4,6777 4,7111
5,3002 5,3338
144 10:46
4,6605 4,6931
4,2863 4,3188
4,6776 4,7110
5,3002 5,3339
145 10:47
4,6615 4,6941
4,2872 4,3197
4,6786 4,7120
5,3004 5,3341
146 10:48
4,6616 4,6942
4,2875 4,3200
4,6789 4,7123
5,3024 5,3361
147 10:49
4,6617 4,6943
4,2874 4,3199
4,6790 4,7124
5,3019 5,3356
148 10:50
4,6617 4,6943
4,2866 4,3191
4,6788 4,7122
5,3017 5,3354
149 10:51
4,6609 4,6935
4,2875 4,3200
4,6780 4,7114
5,3009 5,3346
150 10:52
4,6609 4,6935
4,2874 4,3199
4,6782 4,7116
5,3016 5,3353
151 10:53
4,6611 4,6937
4,2874 4,3199
4,6786 4,7120
5,3030 5,3367
152 10:54
4,6612 4,6938
4,2871 4,3196
4,6791 4,7125
5,3019 5,3356
153 10:55
4,6609 4,6935
4,2859 4,3184
4,6775 4,7109
5,3006 5,3343
154 10:56
4,6610 4,6936
4,2872 4,3197
4,6774 4,7107
5,3002 5,3339
155 10:57
4,6610 4,6936
4,2871 4,3196
4,6773 4,7106
5,2999 5,3336
156 10:58
4,6618 4,6944
4,2877 4,3202
4,6784 4,7117
5,3008 5,3345
157 10:59
4,6616 4,6942
4,2871 4,3196
4,6782 4,7115
5,3000 5,3337
158 11:00
4,6614 4,6940
4,2866 4,3191
4,6780 4,7113
5,2997 5,3334
159 11:01
4,6612 4,6938
4,2866 4,3191
4,6769 4,7102
5,2989 5,3326
160 11:02
4,6618 4,6944
4,2867 4,3192
4,6779 4,7112
5,2990 5,3327
161 11:03
4,6617 4,6943
4,2874 4,3199
4,6781 4,7114
5,2991 5,3328
162 11:04
4,6616 4,6942
4,2867 4,3192
4,6786 4,7119
5,2994 5,3331
163 11:05
4,6625 4,6951
4,2881 4,3206
4,6793 4,7126
5,3004 5,3341
164 11:06
4,6627 4,6953
4,2879 4,3204
4,6795 4,7128
5,3010 5,3347
165 11:07
4,6627 4,6953
4,2879 4,3204
4,6793 4,7126
5,3015 5,3352
166 11:08
4,6628 4,6954
4,2886 4,3211
4,6801 4,7134
5,3021 5,3358
167 11:09
4,6628 4,6954
4,2884 4,3209
4,6785 4,7118
5,3024 5,3361
168 11:10
4,6626 4,6952
4,2880 4,3205
4,6792 4,7125
5,3031 5,3368
169 11:11
4,6627 4,6953
4,2879 4,3204
4,6783 4,7116
5,3035 5,3372
170 11:12
4,6628 4,6954
4,2880 4,3205
4,6782 4,7115
5,3031 5,3368
171 11:13
4,6629 4,6955
4,2883 4,3208
4,6786 4,7119
5,3023 5,3360
172 11:14
4,6629 4,6955
4,2879 4,3204
4,6797 4,7130
5,3029 5,3366
173 11:15
4,6630 4,6956
4,2882 4,3207
4,6794 4,7127
5,3033 5,3370
174 11:16
4,6628 4,6954
4,2882 4,3207
4,6792 4,7125
5,3028 5,3365
175 11:17
4,6633 4,6959
4,2897 4,3222
4,6805 4,7138
5,3034 5,3371
176 11:18
4,6635 4,6961
4,2898 4,3223
4,6803 4,7136
5,3024 5,3361
177 11:19
4,6635 4,6961
4,2895 4,3220
4,6806 4,7139
5,3027 5,3364
178 11:20
4,6634 4,6960
4,2902 4,3227
4,6807 4,7140
5,3029 5,3366
179 11:21
4,6614 4,6940
4,2887 4,3212
4,6794 4,7128
5,3006 5,3343
180 11:22
4,6619 4,6945
4,2896 4,3221
4,6797 4,7131
5,3021 5,3358
181 11:23
4,6627 4,6953
4,2911 4,3236
4,6802 4,7136
5,3024 5,3361
182 11:24
4,6625 4,6951
4,2913 4,3238
4,6801 4,7135
5,3022 5,3359
183 11:25
4,6627 4,6953
4,2921 4,3246
4,6816 4,7150
5,3021 5,3358
184 11:26
4,6634 4,6960
4,2921 4,3246
4,6832 4,7165
5,3031 5,3368
185 11:27
4,6643 4,6969
4,2919 4,3244
4,6842 4,7175
5,3035 5,3372
186 11:28
4,6639 4,6965
4,2916 4,3241
4,6843 4,7176
5,3029 5,3366
187 11:29
4,6642 4,6968
4,2929 4,3254
4,6862 4,7195
5,3032 5,3369
188 11:30
4,6642 4,6968
4,2929 4,3254
4,6862 4,7195
5,3033 5,3370
189 11:31
4,6658 4,6984
4,2949 4,3274
4,6881 4,7214
5,3056 5,3393
190 11:32
4,6657 4,6983
4,2950 4,3275
4,6880 4,7213
5,3054 5,3391
191 11:33
4,6655 4,6981
4,2952 4,3277
4,6886 4,7219
5,3053 5,3390
192 11:34
4,6655 4,6981
4,2953 4,3278
4,6882 4,7215
5,3056 5,3393
193 11:35
4,6650 4,6976
4,2942 4,3267
4,6874 4,7207
5,3047 5,3384
194 11:36
4,6650 4,6976
4,2940 4,3265
4,6892 4,7225
5,3044 5,3381
195 11:37
4,6652 4,6978
4,2944 4,3269
4,6894 4,7227
5,3049 5,3386
196 11:38
4,6648 4,6974
4,2932 4,3257
4,6885 4,7218
5,3036 5,3373
197 11:39
4,6653 4,6979
4,2939 4,3264
4,6880 4,7213
5,3042 5,3379
198 11:40
4,6648 4,6974
4,2932 4,3257
4,6868 4,7201
5,3036 5,3373
199 11:41
4,6643 4,6969
4,2928 4,3253
4,6861 4,7194
5,3030 5,3367
200 11:42
4,6642 4,6968
4,2915 4,3240
4,6860 4,7193
5,3029 5,3366
201 11:43
4,6639 4,6965
4,2916 4,3241
4,6840 4,7173
5,3026 5,3363
202 11:44
4,6642 4,6968
4,2927 4,3252
4,6841 4,7174
5,3032 5,3369
203 11:45
4,6639 4,6965
4,2920 4,3245
4,6848 4,7181
5,3029 5,3366
204 11:46
4,6639 4,6965
4,2924 4,3249
4,6843 4,7176
5,3029 5,3366
205 11:47
4,6633 4,6959
4,2926 4,3251
4,6841 4,7174
5,3019 5,3356
206 11:48
4,6631 4,6957
4,2927 4,3252
4,6837 4,7170
5,3026 5,3363
207 11:49
4,6639 4,6965
4,2938 4,3263
4,6843 4,7176
5,3031 5,3368
208 11:50
4,6634 4,6960
4,2927 4,3252
4,6854 4,7187
5,3032 5,3369
209 11:51
4,6632 4,6958
4,2921 4,3246
4,6850 4,7183
5,3023 5,3360
210 11:52
4,6631 4,6957
4,2919 4,3244
4,6854 4,7187
5,3029 5,3366
211 11:53
4,6630 4,6956
4,2919 4,3244
4,6850 4,7183
5,3027 5,3364
212 11:54
4,6632 4,6958
4,2927 4,3252
4,6861 4,7194
5,3027 5,3364
213 11:55
4,6630 4,6956
4,2924 4,3249
4,6850 4,7183
5,3015 5,3352
214 11:56
4,6630 4,6956
4,2924 4,3249
4,6848 4,7181
5,3015 5,3352
215 11:57
4,6629 4,6955
4,2920 4,3245
4,6846 4,7179
5,3026 5,3363
216 11:58
4,6628 4,6954
4,2924 4,3249
4,6851 4,7184
5,3022 5,3359
217 11:59
4,6637 4,6963
4,2948 4,3273
4,6866 4,7199
5,3038 5,3375
218 12:00
4,6632 4,6958
4,2937 4,3262
4,6864 4,7197
5,3028 5,3365
219 12:01
4,6624 4,6950
4,2926 4,3251
4,6863 4,7196
5,3009 5,3346
220 12:02
4,6619 4,6945
4,2921 4,3246
4,6858 4,7191
5,3002 5,3339
221 12:03
4,6619 4,6945
4,2920 4,3245
4,6856 4,7189
5,3008 5,3345
222 12:04
4,6620 4,6946
4,2919 4,3244
4,6853 4,7186
5,3009 5,3346
223 12:05
4,6620 4,6946
4,2918 4,3243
4,6852 4,7185
5,3010 5,3347
224 12:06
4,6617 4,6943
4,2912 4,3237
4,6846 4,7180
5,3007 5,3344
225 12:07
4,6618 4,6944
4,2920 4,3245
4,6849 4,7183
5,3008 5,3345
226 12:08
4,6620 4,6946
4,2926 4,3251
4,6851 4,7185
5,3016 5,3353
227 12:09
4,6616 4,6942
4,2917 4,3242
4,6845 4,7179
5,3009 5,3346
228 12:10
4,6617 4,6943
4,2910 4,3235
4,6843 4,7177
5,3010 5,3347
229 12:11
4,6618 4,6944
4,2909 4,3234
4,6840 4,7174
5,3009 5,3346
230 12:12
4,6617 4,6943
4,2904 4,3229
4,6836 4,7170
5,3007 5,3344
231 12:13
4,6618 4,6944
4,2911 4,3236
4,6840 4,7174
5,3008 5,3345
232 12:14
4,6624 4,6950
4,2918 4,3243
4,6848 4,7182
5,3015 5,3352
233 12:15
4,6627 4,6953
4,2923 4,3248
4,6851 4,7185
5,3015 5,3352
234 12:16
4,6620 4,6945
4,2918 4,3243
4,6835 4,7167
5,3004 5,3341
235 12:17
4,6618 4,6943
4,2913 4,3238
4,6836 4,7168
5,3002 5,3339
236 12:18
4,6618 4,6943
4,2913 4,3238
4,6833 4,7165
5,3000 5,3337
237 12:19
4,6618 4,6943
4,2906 4,3231
4,6826 4,7158
5,2996 5,3333
238 12:20
4,6624 4,6949
4,2916 4,3241
4,6837 4,7169
5,3002 5,3339
239 12:21
4,6623 4,6949
4,2921 4,3246
4,6842 4,7176
5,3004 5,3341
240 12:22
4,6626 4,6952
4,2904 4,3229
4,6839 4,7173
5,2998 5,3335
241 12:23
4,6628 4,6954
4,2906 4,3231
4,6840 4,7174
5,2995 5,3332
242 12:24
4,6630 4,6956
4,2913 4,3238
4,6846 4,7180
5,2998 5,3335
243 12:25
4,6632 4,6958
4,2925 4,3250
4,6849 4,7183
5,3002 5,3339
244 12:26
4,6632 4,6958
4,2923 4,3248
4,6845 4,7177
5,3000 5,3337
245 12:27
4,6632 4,6958
4,2921 4,3246
4,6836 4,7168
5,3000 5,3337
246 12:28
4,6632 4,6958
4,2919 4,3244
4,6826 4,7158
5,3003 5,3340
247 12:29
4,6633 4,6959
4,2926 4,3251
4,6832 4,7164
5,3010 5,3347
248 12:30
4,6632 4,6958
4,2927 4,3252
4,6840 4,7172
5,3006 5,3343
249 12:31
4,6631 4,6957
4,2926 4,3251
4,6844 4,7176
5,3007 5,3344
250 12:32
4,6629 4,6955
4,2923 4,3248
4,6851 4,7183
5,3008 5,3345
251 12:33
4,6626 4,6952
4,2920 4,3245
4,6849 4,7181
5,2999 5,3336
252 12:34
4,6628 4,6954
4,2910 4,3235
4,6839 4,7171
5,3001 5,3338
253 12:35
4,6630 4,6956
4,2904 4,3229
4,6841 4,7173
5,2995 5,3332
254 12:36
4,6630 4,6956
4,2897 4,3222
4,6848 4,7180
5,2988 5,3325
255 12:37
4,6631 4,6957
4,2899 4,3224
4,6858 4,7190
5,2996 5,3333
256 12:38
4,6632 4,6958
4,2898 4,3223
4,6859 4,7191
5,2985 5,3322
257 12:39
4,6636 4,6962
4,2884 4,3209
4,6857 4,7189
5,2976 5,3313
258 12:40
4,6636 4,6962
4,2874 4,3199
4,6842 4,7174
5,2959 5,3296
259 12:41
4,6636 4,6962
4,2873 4,3198
4,6835 4,7167
5,2957 5,3294
260 12:42
4,6634 4,6960
4,2863 4,3188
4,6847 4,7179
5,2959 5,3296
261 12:43
4,6637 4,6963
4,2863 4,3188
4,6841 4,7173
5,2954 5,3291
262 12:44
4,6636 4,6962
4,2860 4,3185
4,6837 4,7169
5,2950 5,3287
263 12:45
4,6636 4,6962
4,2854 4,3179
4,6830 4,7162
5,2958 5,3295
264 12:46
4,6637 4,6963
4,2857 4,3182
4,6836 4,7168
5,2963 5,3300
265 12:47
4,6630 4,6956
4,2856 4,3181
4,6828 4,7160
5,2960 5,3297
266 12:48
4,6645 4,6971
4,2868 4,3193
4,6844 4,7176
5,2977 5,3314
267 12:49
4,6645 4,6971
4,2864 4,3189
4,6846 4,7178
5,2973 5,3310
268 12:50
4,6643 4,6969
4,2862 4,3187
4,6842 4,7174
5,2970 5,3307
269 12:51
4,6645 4,6971
4,2868 4,3193
4,6839 4,7171
5,2972 5,3309
270 12:52
4,6645 4,6971
4,2872 4,3197
4,6835 4,7167
5,2969 5,3306
271 12:53
4,6644 4,6970
4,2869 4,3194
4,6836 4,7168
5,2968 5,3305
272 12:54
4,6644 4,6970
4,2871 4,3196
4,6838 4,7170
5,2971 5,3308
273 12:55
4,6643 4,6969
4,2866 4,3191
4,6835 4,7167
5,2970 5,3307
274 12:56
4,6632 4,6958
4,2854 4,3179
4,6825 4,7158
5,2957 5,3294
275 12:57
4,6635 4,6961
4,2857 4,3182
4,6826 4,7159
5,2955 5,3292
276 12:58
4,6638 4,6964
4,2858 4,3183
4,6829 4,7162
5,2946 5,3283
277 12:59
4,6636 4,6962
4,2862 4,3187
4,6839 4,7172
5,2922 5,3259
278 13:00
4,6633 4,6959
4,2869 4,3194
4,6831 4,7164
5,2916 5,3253
279 13:01
4,6634 4,6960
4,2870 4,3195
4,6843 4,7175
5,2920 5,3257
280 13:02
4,6634 4,6960
4,2868 4,3193
4,6843 4,7175
5,2927 5,3264
281 13:03
4,6633 4,6959
4,2861 4,3186
4,6837 4,7169
5,2925 5,3262
282 13:04
4,6633 4,6959
4,2861 4,3186
4,6839 4,7171
5,2929 5,3266
283 13:05
4,6635 4,6961
4,2869 4,3194
4,6843 4,7175
5,2921 5,3258
284 13:06
4,6639 4,6965
4,2876 4,3201
4,6857 4,7189
5,2933 5,3270
285 13:07
4,6629 4,6955
4,2869 4,3194
4,6849 4,7181
5,2912 5,3249
286 13:08
4,6629 4,6955
4,2853 4,3178
4,6837 4,7169
5,2893 5,3230
287 13:09
4,6631 4,6957
4,2857 4,3182
4,6837 4,7169
5,2890 5,3227
288 13:10
4,6632 4,6958
4,2864 4,3189
4,6840 4,7172
5,2900 5,3237
289 13:11
4,6630 4,6956
4,2862 4,3187
4,6840 4,7173
5,2895 5,3232
290 13:12
4,6631 4,6957
4,2869 4,3194
4,6846 4,7179
5,2903 5,3240
291 13:13
4,6630 4,6956
4,2862 4,3187
4,6842 4,7175
5,2898 5,3235
292 13:14
4,6629 4,6955
4,2861 4,3186
4,6837 4,7170
5,2897 5,3234
293 13:15
4,6630 4,6956
4,2868 4,3193
4,6842 4,7175
5,2898 5,3235
294 13:16
4,6635 4,6961
4,2879 4,3204
4,6853 4,7185
5,2895 5,3232
295 13:17
4,6644 4,6970
4,2883 4,3208
4,6864 4,7196
5,2906 5,3243
296 13:18
4,6644 4,6970
4,2886 4,3211
4,6863 4,7195
5,2906 5,3243
297 13:19
4,6643 4,6969
4,2883 4,3208
4,6859 4,7191
5,2905 5,3242
298 13:20
4,6643 4,6969
4,2885 4,3210
4,6857 4,7189
5,2901 5,3238
299 13:21
4,6645 4,6971
4,2893 4,3218
4,6854 4,7186
5,2922 5,3259
300 13:22
4,6644 4,6970
4,2894 4,3219
4,6854 4,7186
5,2918 5,3255
301 13:23
4,6644 4,6970
4,2898 4,3223
4,6858 4,7190
5,2921 5,3258
302 13:24
4,6644 4,6970
4,2896 4,3221
4,6854 4,7186
5,2918 5,3255
303 13:25
4,6634 4,6960
4,2881 4,3206
4,6839 4,7171
5,2904 5,3241
304 13:26
4,6636 4,6962
4,2886 4,3211
4,6836 4,7168
5,2909 5,3246
305 13:27
4,6636 4,6962
4,2888 4,3213
4,6841 4,7173
5,2914 5,3251
306 13:28
4,6635 4,6961
4,2892 4,3217
4,6840 4,7172
5,2914 5,3251
307 13:29
4,6634 4,6960
4,2885 4,3210
4,6834 4,7166
5,2915 5,3252
308 13:30
4,6634 4,6960
4,2882 4,3207
4,6834 4,7166
5,2906 5,3243
309 13:31
4,6633 4,6959
4,2882 4,3207
4,6842 4,7174
5,2905 5,3242
310 13:32
4,6634 4,6960
4,2881 4,3206
4,6839 4,7171
5,2898 5,3235
311 13:33
4,6631 4,6957
4,2880 4,3205
4,6833 4,7165
5,2898 5,3235
312 13:34
4,6622 4,6948
4,2868 4,3193
4,6824 4,7156
5,2894 5,3231
313 13:35
4,6618 4,6944
4,2870 4,3195
4,6821 4,7153
5,2897 5,3234
314 13:36
4,6619 4,6944
4,2862 4,3187
4,6817 4,7151
5,2894 5,3231
315 13:37
4,6630 4,6955
4,2878 4,3203
4,6833 4,7167
5,2916 5,3253
316 13:38
4,6634 4,6959
4,2887 4,3212
4,6844 4,7178
5,2917 5,3254
317 13:39
4,6624 4,6949
4,2876 4,3201
4,6834 4,7168
5,2903 5,3240
318 13:40
4,6624 4,6949
4,2876 4,3201
4,6834 4,7168
5,2909 5,3246
319 13:41
4,6623 4,6948
4,2879 4,3204
4,6832 4,7166
5,2919 5,3256
320 13:42
4,6622 4,6947
4,2874 4,3199
4,6829 4,7163
5,2918 5,3255
321 13:43
4,6616 4,6941
4,2869 4,3194
4,6824 4,7158
5,2912 5,3249
322 13:44
4,6617 4,6942
4,2870 4,3195
4,6830 4,7164
5,2907 5,3244
323 13:45
4,6620 4,6945
4,2872 4,3197
4,6832 4,7166
5,2910 5,3247
324 13:46
4,6623 4,6948
4,2875 4,3200
4,6845 4,7177
5,2914 5,3251
325 13:47
4,6623 4,6948
4,2875 4,3200
4,6843 4,7175
5,2920 5,3257
326 13:48
4,6624 4,6949
4,2877 4,3202
4,6842 4,7174
5,2922 5,3259
327 13:49
4,6625 4,6950
4,2871 4,3196
4,6840 4,7172
5,2922 5,3259
328 13:50
4,6625 4,6950
4,2865 4,3190
4,6835 4,7167
5,2903 5,3240
329 13:51
4,6625 4,6950
4,2864 4,3189
4,6829 4,7161
5,2904 5,3241
330 13:52
4,6628 4,6953
4,2872 4,3197
4,6831 4,7163
5,2913 5,3250
331 13:53
4,6627 4,6952
4,2867 4,3192
4,6828 4,7160
5,2912 5,3249
332 13:54
4,6628 4,6953
4,2868 4,3193
4,6829 4,7161
5,2910 5,3247
333 13:55
4,6616 4,6941
4,2852 4,3177
4,6820 4,7152
5,2901 5,3238
334 13:56
4,6618 4,6943
4,2853 4,3178
4,6815 4,7147
5,2897 5,3234
335 13:57
4,6618 4,6943
4,2853 4,3178
4,6815 4,7147
5,2896 5,3233
336 13:58
4,6616 4,6941
4,2851 4,3176
4,6812 4,7144
5,2905 5,3242
337 13:59
4,6611 4,6936
4,2847 4,3172
4,6809 4,7141
5,2901 5,3238
338 14:00
4,6614 4,6939
4,2850 4,3175
4,6818 4,7150
5,2893 5,3230
339 14:01
4,6616 4,6941
4,2809 4,3134
4,6788 4,7122
5,2863 5,3200
340 14:02
4,6610 4,6935
4,2806 4,3131
4,6784 4,7118
5,2854 5,3191
341 14:03
4,6608 4,6933
4,2814 4,3139
4,6782 4,7116
5,2860 5,3197
342 14:04
4,6611 4,6936
4,2811 4,3136
4,6783 4,7117
5,2864 5,3201
343 14:05
4,6610 4,6935
4,2806 4,3131
4,6780 4,7114
5,2863 5,3200
344 14:06
4,6616 4,6942
4,2821 4,3146
4,6791 4,7123
5,2876 5,3213
345 14:07
4,6618 4,6944
4,2812 4,3137
4,6792 4,7124
5,2878 5,3215
346 14:08
4,6616 4,6942
4,2802 4,3127
4,6787 4,7119
5,2874 5,3211
347 14:09
4,6617 4,6943
4,2805 4,3130
4,6790 4,7122
5,2878 5,3215
348 14:10
4,6617 4,6943
4,2809 4,3134
4,6781 4,7113
5,2880 5,3217
349 14:11
4,6622 4,6947
4,2819 4,3144
4,6782 4,7114
5,2895 5,3232
350 14:12
4,6622 4,6947
4,2817 4,3142
4,6793 4,7125
5,2895 5,3232
351 14:13
4,6622 4,6947
4,2827 4,3152
4,6793 4,7125
5,2904 5,3241
352 14:14
4,6622 4,6947
4,2831 4,3156
4,6788 4,7120
5,2901 5,3238
353 14:15
4,6622 4,6947
4,2829 4,3154
4,6781 4,7113
5,2905 5,3242
354 14:16
4,6621 4,6946
4,2824 4,3149
4,6775 4,7107
5,2897 5,3234
355 14:17
4,6614 4,6939
4,2812 4,3137
4,6769 4,7101
5,2889 5,3226
356 14:18
4,6615 4,6940
4,2824 4,3149
4,6767 4,7099
5,2890 5,3227
357 14:19
4,6607 4,6932
4,2815 4,3140
4,6761 4,7093
5,2886 5,3223
358 14:20
4,6606 4,6931
4,2814 4,3139
4,6758 4,7090
5,2882 5,3219
359 14:21
4,6603 4,6930
4,2810 4,3135
4,6761 4,7095
5,2893 5,3230
360 14:22
4,6597 4,6924
4,2791 4,3116
4,6749 4,7083
5,2878 5,3215
361 14:23
4,6601 4,6928
4,2791 4,3116
4,6748 4,7082
5,2880 5,3217
362 14:24
4,6605 4,6932
4,2789 4,3114
4,6761 4,7095
5,2885 5,3222
363 14:25
4,6602 4,6929
4,2788 4,3113
4,6763 4,7097
5,2876 5,3213
364 14:26
4,6605 4,6930
4,2776 4,3101
4,6766 4,7099
5,2882 5,3219
365 14:27
4,6593 4,6918
4,2757 4,3082
4,6766 4,7099
5,2896 5,3233
366 14:28
4,6596 4,6921
4,2766 4,3091
4,6776 4,7109
5,2907 5,3244
367 14:29
4,6608 4,6933
4,2783 4,3108
4,6793 4,7126
5,2914 5,3251
368 14:30
4,6610 4,6935
4,2784 4,3109
4,6790 4,7123
5,2901 5,3238
369 14:31
4,6614 4,6940
4,2778 4,3103
4,6787 4,7119
5,2885 5,3222
370 14:32
4,6617 4,6943
4,2774 4,3099
4,6798 4,7130
5,2896 5,3233
371 14:33
4,6614 4,6940
4,2775 4,3100
4,6761 4,7093
5,2898 5,3235
372 14:34
4,6602 4,6928
4,2752 4,3077
4,6760 4,7092
5,2893 5,3230
373 14:35
4,6590 4,6916
4,2735 4,3060
4,6737 4,7069
5,2864 5,3201
374 14:36
4,6599 4,6925
4,2737 4,3062
4,6752 4,7085
5,2881 5,3218
375 14:37
4,6602 4,6928
4,2740 4,3065
4,6749 4,7082
5,2863 5,3200
376 14:38
4,6607 4,6933
4,2744 4,3069
4,6747 4,7080
5,2878 5,3215
377 14:39
4,6606 4,6932
4,2720 4,3045
4,6745 4,7078
5,2897 5,3234
378 14:40
4,6602 4,6928
4,2718 4,3043
4,6744 4,7077
5,2908 5,3245
379 14:41
4,6602 4,6928
4,2718 4,3043
4,6747 4,7079
5,2897 5,3234
380 14:42
4,6606 4,6932
4,2735 4,3060
4,6750 4,7082
5,2888 5,3225
381 14:43
4,6603 4,6929
4,2725 4,3050
4,6741 4,7073
5,2879 5,3216
382 14:44
4,6595 4,6921
4,2724 4,3049
4,6732 4,7064
5,2870 5,3207
383 14:45
4,6606 4,6932
4,2741 4,3066
4,6762 4,7094
5,2878 5,3215
384 14:46
4,6604 4,6930
4,2738 4,3063
4,6746 4,7079
5,2877 5,3214
385 14:47
4,6601 4,6927
4,2735 4,3060
4,6743 4,7076
5,2874 5,3211
386 14:48
4,6600 4,6926
4,2738 4,3063
4,6744 4,7077
5,2875 5,3212
387 14:49
4,6597 4,6923
4,2731 4,3056
4,6740 4,7073
5,2872 5,3209
388 14:50
4,6601 4,6927
4,2738 4,3063
4,6740 4,7073
5,2882 5,3219
389 14:51
4,6595 4,6921
4,2726 4,3051
4,6724 4,7058
5,2869 5,3206
390 14:52
4,6593 4,6919
4,2716 4,3041
4,6725 4,7059
5,2868 5,3205
391 14:53
4,6600 4,6926
4,2722 4,3047
4,6737 4,7071
5,2873 5,3210
392 14:54
4,6600 4,6926
4,2720 4,3045
4,6741 4,7075
5,2879 5,3216
393 14:55
4,6606 4,6932
4,2737 4,3062
4,6752 4,7086
5,2888 5,3225
394 14:56
4,6611 4,6937
4,2746 4,3071
4,6767 4,7099
5,2893 5,3230
395 14:57
4,6618 4,6944
4,2754 4,3079
4,6781 4,7113
5,2908 5,3245
396 14:58
4,6619 4,6945
4,2743 4,3068
4,6771 4,7103
5,2912 5,3249
397 14:59
4,6617 4,6943
4,2734 4,3059
4,6776 4,7108
5,2920 5,3257
398 15:00
4,6616 4,6942
4,2727 4,3052
4,6778 4,7110
5,2915 5,3252
399 15:01
4,6615 4,6942
4,2717 4,3042
4,6768 4,7101
5,2898 5,3235
400 15:02
4,6606 4,6933
4,2704 4,3029
4,6739 4,7072
5,2869 5,3206
401 15:03
4,6605 4,6932
4,2689 4,3014
4,6734 4,7067
5,2868 5,3205
402 15:04
4,6611 4,6938
4,2692 4,3017
4,6743 4,7076
5,2868 5,3205
403 15:05
4,6607 4,6934
4,2698 4,3023
4,6740 4,7073
5,2858 5,3195
404 15:06
4,6605 4,6931
4,2694 4,3019
4,6738 4,7071
5,2857 5,3194
405 15:07
4,6613 4,6939
4,2697 4,3022
4,6753 4,7086
5,2851 5,3188
406 15:08
4,6612 4,6938
4,2708 4,3033
4,6764 4,7097
5,2858 5,3195
407 15:09
4,6612 4,6938
4,2707 4,3032
4,6764 4,7097
5,2858 5,3195
408 15:10
4,6611 4,6937
4,2687 4,3012
4,6753 4,7086
5,2829 5,3166
409 15:11
4,6609 4,6936
4,2707 4,3032
4,6748 4,7083
5,2832 5,3169
410 15:12
4,6609 4,6936
4,2707 4,3032
4,6736 4,7071
5,2828 5,3165
411 15:13
4,6610 4,6937
4,2722 4,3047
4,6746 4,7081
5,2845 5,3182
412 15:14
4,6610 4,6937
4,2723 4,3048
4,6746 4,7081
5,2850 5,3187
413 15:15
4,6608 4,6935
4,2726 4,3051
4,6747 4,7082
5,2833 5,3170
414 15:16
4,6604 4,6929
4,2709 4,3034
4,6730 4,7063
5,2823 5,3160
415 15:17
4,6607 4,6932
4,2703 4,3028
4,6735 4,7068
5,2823 5,3160
416 15:18
4,6607 4,6932
4,2709 4,3034
4,6737 4,7070
5,2839 5,3176
417 15:19
4,6606 4,6931
4,2704 4,3029
4,6741 4,7074
5,2843 5,3180
418 15:20
4,6607 4,6932
4,2713 4,3038
4,6742 4,7075
5,2854 5,3191
419 15:21
4,6605 4,6930
4,2707 4,3032
4,6732 4,7064
5,2849 5,3186
420 15:22
4,6598 4,6923
4,2696 4,3021
4,6722 4,7054
5,2840 5,3177
421 15:23
4,6600 4,6925
4,2675 4,3000
4,6729 4,7061
5,2835 5,3172
422 15:24
4,6600 4,6925
4,2679 4,3004
4,6727 4,7059
5,2840 5,3177
423 15:25
4,6599 4,6924
4,2678 4,3003
4,6726 4,7058
5,2845 5,3182
424 15:26
4,6597 4,6922
4,2669 4,2994
4,6724 4,7056
5,2845 5,3182
425 15:27
4,6597 4,6922
4,2654 4,2979
4,6719 4,7051
5,2840 5,3177
426 15:28
4,6601 4,6926
4,2666 4,2991
4,6724 4,7056
5,2847 5,3184
427 15:29
4,6602 4,6927
4,2680 4,3005
4,6726 4,7058
5,2854 5,3191
428 15:30
4,6608 4,6933
4,2688 4,3013
4,6740 4,7072
5,2864 5,3201
429 15:31
4,6616 4,6941
4,2703 4,3028
4,6750 4,7084
5,2875 5,3212
430 15:32
4,6618 4,6943
4,2702 4,3027
4,6751 4,7085
5,2879 5,3216
431 15:33
4,6621 4,6946
4,2704 4,3029
4,6747 4,7081
5,2879 5,3216
432 15:34
4,6620 4,6945
4,2703 4,3028
4,6736 4,7070
5,2877 5,3214
433 15:35
4,6618 4,6943
4,2690 4,3015
4,6734 4,7068
5,2875 5,3212
434 15:36
4,6611 4,6936
4,2691 4,3016
4,6726 4,7058
5,2870 5,3207
435 15:37
4,6611 4,6936
4,2689 4,3014
4,6724 4,7056
5,2876 5,3213
436 15:38
4,6614 4,6939
4,2695 4,3020
4,6714 4,7046
5,2888 5,3225
437 15:39
4,6614 4,6939
4,2698 4,3023
4,6712 4,7044
5,2895 5,3232
438 15:40
4,6616 4,6941
4,2702 4,3027
4,6703 4,7035
5,2906 5,3243
439 15:41
4,6615 4,6942
4,2699 4,3024
4,6705 4,7038
5,2894 5,3231
440 15:42
4,6618 4,6945
4,2702 4,3027
4,6706 4,7039
5,2900 5,3237
441 15:43
4,6615 4,6942
4,2693 4,3018
4,6702 4,7035
5,2894 5,3231
442 15:44
4,6610 4,6937
4,2691 4,3016
4,6698 4,7031
5,2877 5,3214
443 15:45
4,6607 4,6934
4,2690 4,3015
4,6699 4,7032
5,2869 5,3206
444 15:46
4,6606 4,6932
4,2692 4,3017
4,6707 4,7040
5,2873 5,3210
445 15:47
4,6603 4,6929
4,2689 4,3014
4,6705 4,7038
5,2875 5,3212
446 15:48
4,6605 4,6931
4,2693 4,3018
4,6702 4,7035
5,2875 5,3212
447 15:49
4,6603 4,6929
4,2689 4,3014
4,6695 4,7028
5,2873 5,3210
448 15:50
4,6602 4,6928
4,2688 4,3013
4,6696 4,7029
5,2875 5,3212
449 15:51
4,6604 4,6931
4,2680 4,3005
4,6693 4,7025
5,2870 5,3207
450 15:52
4,6610 4,6937
4,2695 4,3020
4,6708 4,7040
5,2876 5,3213
451 15:53
4,6605 4,6932
4,2693 4,3018
4,6713 4,7045
5,2877 5,3214
452 15:54
4,6609 4,6936
4,2689 4,3014
4,6719 4,7051
5,2879 5,3216
453 08:21
4,6540 4,6866
4,2709 4,3034
4,6709 4,7047
5,2929 5,3266
454 08:22
4,6540 4,6866
4,2710 4,3035
4,6703 4,7041
5,2922 5,3259
455 08:23
4,6529 4,6855
4,2698 4,3023
4,6690 4,7028
5,2910 5,3247
456 08:24
4,6533 4,6859
4,2708 4,3033
4,6702 4,7040
5,2922 5,3259
457 08:25
4,6535 4,6861
4,2706 4,3031
4,6701 4,7039
5,2923 5,3260
458 08:26
4,6534 4,6860
4,2705 4,3030
4,6702 4,7040
5,2922 5,3259
459 08:27
4,6543 4,6869
4,2713 4,3038
4,6709 4,7047
5,2931 5,3268
460 08:28
4,6547 4,6873
4,2722 4,3047
4,6713 4,7051
5,2933 5,3270
461 08:29
4,6547 4,6873
4,2730 4,3055
4,6716 4,7054
5,2934 5,3271
462 08:30
4,6547 4,6873
4,2732 4,3057
4,6715 4,7053
5,2934 5,3271
463 08:31
4,6547 4,6873
4,2727 4,3052
4,6715 4,7053
5,2939 5,3276
464 08:32
4,6547 4,6873
4,2725 4,3050
4,6718 4,7056
5,2943 5,3280
465 08:33
4,6563 4,6889
4,2741 4,3066
4,6734 4,7072
5,2960 5,3297
466 08:34
4,6563 4,6889
4,2735 4,3060
4,6739 4,7077
5,2973 5,3310
467 08:35
4,6561 4,6887
4,2729 4,3054
4,6736 4,7074
5,2970 5,3307
468 08:36
4,6561 4,6887
4,2728 4,3053
4,6732 4,7070
5,2971 5,3308
469 08:37
4,6562 4,6888
4,2730 4,3055
4,6738 4,7076
5,2968 5,3305
470 08:38
4,6563 4,6889
4,2733 4,3058
4,6736 4,7074
5,2976 5,3313
471 08:39
4,6563 4,6889
4,2728 4,3053
4,6727 4,7065
5,2973 5,3310
472 08:40
4,6561 4,6887
4,2726 4,3051
4,6725 4,7063
5,2970 5,3307
473 08:41
4,6561 4,6887
4,2724 4,3049
4,6722 4,7060
5,2964 5,3301
474 08:42
4,6558 4,6884
4,2715 4,3040
4,6715 4,7053
5,2959 5,3296
475 08:43
4,6560 4,6886
4,2718 4,3043
4,6721 4,7059
5,2952 5,3289
476 08:44
4,6559 4,6885
4,2717 4,3042
4,6715 4,7053
5,2943 5,3280
477 08:45
4,6558 4,6884
4,2710 4,3035
4,6712 4,7050
5,2943 5,3280
478 08:46
4,6554 4,6880
4,2701 4,3026
4,6710 4,7048
5,2932 5,3269
479 08:47
4,6556 4,6882
4,2695 4,3020
4,6717 4,7055
5,2937 5,3274
480 08:48
4,6555 4,6881
4,2704 4,3029
4,6709 4,7047
5,2937 5,3274
481 08:49
4,6556 4,6882
4,2705 4,3030
4,6712 4,7050
5,2940 5,3277
482 08:50
4,6556 4,6882
4,2705 4,3030
4,6712 4,7050
5,2946 5,3283
483 08:51
4,6555 4,6881
4,2700 4,3025
4,6709 4,7047
5,2945 5,3282
484 08:52
4,6556 4,6882
4,2699 4,3024
4,6713 4,7051
5,2947 5,3284
485 08:53
4,6557 4,6883
4,2706 4,3031
4,6718 4,7056
5,2947 5,3284
486 08:54
4,6556 4,6882
4,2711 4,3036
4,6713 4,7051
5,2941 5,3278
487 08:55
4,6556 4,6882
4,2701 4,3026
4,6713 4,7051
5,2938 5,3275
488 08:56
4,6554 4,6880
4,2698 4,3023
4,6720 4,7058
5,2938 5,3275
489 08:57
4,6554 4,6880
4,2699 4,3024
4,6715 4,7053
5,2944 5,3281
490 08:58
4,6554 4,6880
4,2703 4,3028
4,6718 4,7056
5,2966 5,3303
