#======================
2023-9-11
# 1.EUR, 2.USD, 3.CHF, 4.GBP
Sell Price, Buy Price
1 08:52:20
4,5985 4,6307
4,2845 4,3166
4,8121 4,8449
5,3668 5,4000
2 08:53:20
4,5981 4,6303
4,2842 4,3163
4,8118 4,8446
5,3663 5,3995
3 08:54:20
4,5976 4,6298
4,2823 4,3144
4,8110 4,8438
5,3651 5,3983
4 08:55:21
4,5976 4,6298
4,2823 4,3144
4,8110 4,8438
5,3653 5,3985
5 08:56:21
4,5982 4,6304
4,2835 4,3156
4,8113 4,8441
5,3660 5,3992
6 08:57:20
4,5981 4,6303
4,2834 4,3155
4,8113 4,8441
5,3658 5,3990
7 08:58:20
4,5985 4,6307
4,2837 4,3158
4,8119 4,8447
5,3655 5,3987
8 08:59:20
4,5985 4,6307
4,2837 4,3158
4,8119 4,8447
5,3654 5,3986
9 09:00:21
4,5985 4,6307
4,2837 4,3158
4,8119 4,8447
5,3654 5,3986
10 09:01:21
4,5985 4,6307
4,2833 4,3154
4,8123 4,8451
5,3657 5,3989
11 09:02:21
4,5984 4,6306
4,2833 4,3154
4,8122 4,8450
5,3656 5,3988
12 09:03:21
4,5964 4,6286
4,2814 4,3135
4,8108 4,8436
5,3632 5,3964
13 09:04:20
4,5961 4,6283
4,2811 4,3132
4,8105 4,8433
5,3635 5,3967
14 09:05:20
4,5958 4,6280
4,2809 4,3130
4,8102 4,8430
5,3635 5,3967
15 09:06:21
4,5958 4,6280
4,2809 4,3130
4,8102 4,8430
5,3635 5,3968
16 09:07:21
4,5948 4,6270
4,2799 4,3120
4,8091 4,8419
5,3623 5,3956
17 09:08:21
4,5948 4,6270
4,2799 4,3120
4,8091 4,8419
5,3623 5,3956
18 09:09:21
4,5952 4,6274
4,2815 4,3136
4,8111 4,8439
5,3628 5,3961
19 09:10:20
4,5949 4,6271
4,2810 4,3131
4,8105 4,8433
5,3626 5,3959
20 09:11:20
4,5947 4,6269
4,2808 4,3129
4,8106 4,8434
5,3623 5,3956
21 09:12:21
4,5947 4,6269
4,2808 4,3129
4,8106 4,8434
5,3622 5,3955
22 09:13:21
4,5946 4,6268
4,2793 4,3114
4,8104 4,8432
5,3621 5,3954
23 09:14:21
4,5946 4,6268
4,2793 4,3114
4,8104 4,8432
5,3621 5,3954
24 09:15:21
4,5946 4,6268
4,2793 4,3114
4,8104 4,8432
5,3602 5,3935
25 09:16:20
4,5946 4,6268
4,2795 4,3116
4,8104 4,8432
5,3602 5,3935
26 09:17:20
4,5943 4,6265
4,2792 4,3113
4,8093 4,8421
5,3598 5,3931
27 09:18:21
4,5939 4,6261
4,2789 4,3110
4,8084 4,8412
5,3595 5,3928
28 09:19:21
4,5943 4,6265
4,2796 4,3117
4,8090 4,8418
5,3598 5,3931
29 09:20:21
4,5937 4,6259
4,2791 4,3112
4,8084 4,8412
5,3591 5,3924
30 09:21:21
4,5937 4,6259
4,2791 4,3112
4,8084 4,8412
5,3591 5,3924
31 09:22:20
4,5937 4,6259
4,2791 4,3112
4,8084 4,8412
5,3607 5,3940
32 09:23:20
4,5937 4,6259
4,2795 4,3116
4,8084 4,8412
5,3607 5,3940
33 09:24:20
4,5937 4,6259
4,2795 4,3116
4,8082 4,8410
5,3598 5,3931
34 09:25:21
4,5937 4,6259
4,2795 4,3116
4,8083 4,8411
5,3608 5,3941
35 09:26:21
4,5937 4,6259
4,2795 4,3116
4,8085 4,8413
5,3608 5,3941
36 09:27:21
4,5937 4,6259
4,2803 4,3124
4,8085 4,8413
5,3608 5,3941
37 09:28:20
4,5930 4,6252
4,2797 4,3118
4,8078 4,8406
5,3604 5,3937
38 09:29:21
4,5930 4,6252
4,2799 4,3120
4,8074 4,8402
5,3606 5,3939
39 09:30:21
4,5930 4,6252
4,2799 4,3120
4,8073 4,8401
5,3606 5,3939
40 09:31:21
4,5930 4,6252
4,2799 4,3120
4,8065 4,8393
5,3612 5,3945
41 09:32:21
4,5930 4,6252
4,2799 4,3120
4,8065 4,8393
5,3612 5,3945
42 09:33:20
4,5935 4,6257
4,2801 4,3122
4,8070 4,8398
5,3625 5,3958
43 09:34:21
4,5940 4,6262
4,2804 4,3125
4,8075 4,8403
5,3630 5,3963
44 09:35:21
4,5935 4,6257
4,2807 4,3128
4,8070 4,8398
5,3624 5,3957
45 09:36:21
4,5934 4,6256
4,2806 4,3127
4,8081 4,8409
5,3632 5,3964
46 09:37:21
4,5940 4,6262
4,2812 4,3133
4,8078 4,8406
5,3640 5,3972
47 09:38:20
4,5940 4,6262
4,2810 4,3131
4,8078 4,8406
5,3643 5,3975
48 09:39:20
4,5940 4,6262
4,2814 4,3135
4,8078 4,8406
5,3646 5,3978
49 09:40:21
4,5940 4,6262
4,2812 4,3133
4,8078 4,8406
5,3646 5,3978
50 09:41:21
4,5939 4,6261
4,2807 4,3128
4,8076 4,8404
5,3638 5,3971
51 09:42:21
4,5939 4,6261
4,2815 4,3136
4,8076 4,8404
5,3638 5,3971
52 09:43:20
4,5903 4,6225
4,2781 4,3102
4,8042 4,8370
5,3598 5,3931
53 09:44:20
4,5903 4,6225
4,2775 4,3096
4,8044 4,8372
5,3599 5,3932
54 09:46:20
4,5901 4,6223
4,2775 4,3096
4,8047 4,8375
5,3600 5,3933
55 09:47:21
4,5904 4,6226
4,2782 4,3103
4,8050 4,8378
5,3603 5,3936
56 09:48:21
4,5899 4,6221
4,2777 4,3098
4,8040 4,8368
5,3597 5,3930
57 09:49:21
4,5900 4,6222
4,2778 4,3099
4,8041 4,8369
5,3605 5,3938
58 09:50:20
4,5912 4,6234
4,2784 4,3105
4,8054 4,8382
5,3632 5,3965
59 09:51:21
4,5920 4,6242
4,2799 4,3120
4,8062 4,8390
5,3638 5,3970
60 09:52:21
4,5920 4,6242
4,2799 4,3120
4,8062 4,8390
5,3638 5,3970
61 09:53:21
4,5920 4,6242
4,2799 4,3120
4,8065 4,8393
5,3638 5,3970
62 09:54:21
4,5914 4,6236
4,2794 4,3115
4,8058 4,8386
5,3631 5,3963
63 09:55:20
4,5916 4,6238
4,2796 4,3117
4,8061 4,8389
5,3641 5,3973
64 09:56:21
4,5917 4,6239
4,2796 4,3117
4,8061 4,8389
5,3640 5,3973
65 09:57:21
4,5917 4,6239
4,2796 4,3117
4,8061 4,8389
5,3640 5,3973
66 09:58:21
4,5917 4,6239
4,2804 4,3125
4,8061 4,8389
5,3640 5,3973
67 09:59:21
4,5917 4,6239
4,2804 4,3125
4,8061 4,8389
5,3640 5,3973
68 10:00:20
4,5917 4,6239
4,2802 4,3123
4,8061 4,8389
5,3640 5,3973
69 10:01:20
4,5968 4,6290
4,2850 4,3171
4,8105 4,8433
5,3694 5,4027
70 10:02:21
4,5962 4,6284
4,2852 4,3173
4,8100 4,8428
5,3686 5,4019
71 10:03:21
4,5954 4,6276
4,2847 4,3168
4,8095 4,8423
5,3677 5,4010
72 10:04:21
4,5966 4,6288
4,2862 4,3183
4,8107 4,8435
5,3691 5,4024
73 10:05:20
4,5966 4,6288
4,2860 4,3181
4,8107 4,8435
5,3704 5,4037
74 10:06:21
4,5979 4,6301
4,2878 4,3199
4,8121 4,8449
5,3719 5,4051
75 10:07:21
4,6007 4,6329
4,2904 4,3225
4,8150 4,8478
5,3752 5,4084
76 10:08:21
4,6005 4,6327
4,2902 4,3223
4,8148 4,8476
5,3737 5,4069
77 10:09:20
4,6007 4,6329
4,2904 4,3225
4,8145 4,8473
5,3739 5,4071
78 10:10:20
4,6011 4,6333
4,2901 4,3222
4,8149 4,8477
5,3744 5,4076
79 10:11:21
4,6008 4,6330
4,2905 4,3226
4,8147 4,8475
5,3740 5,4072
80 10:12:21
4,6007 4,6329
4,2900 4,3221
4,8146 4,8474
5,3739 5,4071
81 10:13:21
4,5999 4,6321
4,2885 4,3206
4,8137 4,8465
5,3730 5,4062
82 10:14:21
4,5999 4,6321
4,2885 4,3206
4,8137 4,8465
5,3727 5,4059
83 10:15:20
4,5999 4,6321
4,2895 4,3216
4,8137 4,8465
5,3727 5,4059
84 10:16:20
4,6017 4,6339
4,2912 4,3233
4,8156 4,8484
5,3748 5,4081
85 10:17:21
4,6019 4,6341
4,2907 4,3228
4,8158 4,8486
5,3750 5,4083
86 10:18:21
4,6019 4,6341
4,2907 4,3228
4,8153 4,8481
5,3750 5,4083
87 10:19:21
4,6013 4,6335
4,2902 4,3223
4,8147 4,8475
5,3759 5,4092
88 10:20:20
4,6011 4,6333
4,2890 4,3211
4,8144 4,8472
5,3750 5,4083
89 10:21:20
4,6004 4,6326
4,2881 4,3202
4,8139 4,8467
5,3742 5,4074
90 10:22:21
4,6009 4,6331
4,2886 4,3207
4,8140 4,8468
5,3748 5,4080
91 10:23:21
4,6009 4,6331
4,2886 4,3207
4,8140 4,8468
5,3748 5,4080
92 10:24:21
4,6009 4,6331
4,2886 4,3207
4,8132 4,8460
5,3748 5,4080
93 10:25:20
4,6009 4,6331
4,2886 4,3207
4,8132 4,8460
5,3738 5,4070
94 10:26:20
4,6009 4,6331
4,2886 4,3207
4,8132 4,8460
5,3738 5,4070
95 10:27:21
4,6006 4,6328
4,2875 4,3196
4,8121 4,8449
5,3735 5,4067
96 10:28:21
4,6001 4,6323
4,2870 4,3191
4,8116 4,8444
5,3726 5,4058
97 10:29:21
4,6001 4,6323
4,2870 4,3191
4,8118 4,8446
5,3719 5,4051
98 10:30:20
4,5990 4,6312
4,2860 4,3181
4,8106 4,8434
5,3707 5,4039
99 10:31:21
4,5990 4,6312
4,2860 4,3181
4,8106 4,8434
5,3707 5,4040
100 10:32:21
4,5991 4,6313
4,2861 4,3182
4,8108 4,8436
5,3709 5,4042
101 10:33:21
4,5991 4,6313
4,2861 4,3182
4,8099 4,8427
5,3708 5,4041
102 10:34:21
4,5991 4,6313
4,2857 4,3178
4,8099 4,8427
5,3699 5,4032
103 10:35:20
4,5992 4,6314
4,2859 4,3180
4,8096 4,8424
5,3698 5,4031
104 10:36:20
4,5996 4,6318
4,2862 4,3184
4,8093 4,8421
5,3701 5,4034
105 10:37:21
4,6026 4,6348
4,2891 4,3213
4,8124 4,8452
5,3739 5,4072
106 10:38:21
4,6030 4,6352
4,2905 4,3227
4,8129 4,8457
5,3744 5,4077
107 10:39:20
4,6030 4,6352
4,2909 4,3231
4,8131 4,8459
5,3744 5,4077
108 10:40:20
4,6030 4,6352
4,2909 4,3231
4,8131 4,8459
5,3744 5,4077
109 10:41:21
4,6025 4,6347
4,2909 4,3231
4,8125 4,8454
5,3739 5,4071
110 10:42:21
4,6025 4,6347
4,2909 4,3231
4,8120 4,8449
5,3739 5,4071
111 10:43:21
4,6034 4,6356
4,2918 4,3240
4,8130 4,8459
5,3750 5,4082
112 10:44:20
4,6034 4,6356
4,2918 4,3240
4,8130 4,8459
5,3750 5,4082
113 10:45:20
4,6029 4,6351
4,2907 4,3229
4,8128 4,8457
5,3744 5,4076
114 10:46:21
4,6038 4,6360
4,2904 4,3226
4,8132 4,8460
5,3741 5,4073
115 10:47:21
4,6035 4,6357
4,2902 4,3224
4,8132 4,8460
5,3738 5,4070
116 10:48:21
4,6033 4,6355
4,2916 4,3238
4,8130 4,8458
5,3736 5,4068
117 10:49:20
4,6032 4,6354
4,2914 4,3236
4,8128 4,8456
5,3733 5,4065
118 10:50:20
4,6032 4,6354
4,2904 4,3226
4,8128 4,8456
5,3739 5,4071
119 10:51:21
4,6032 4,6354
4,2906 4,3228
4,8127 4,8455
5,3738 5,4070
120 10:52:21
4,6044 4,6366
4,2921 4,3243
4,8130 4,8458
5,3759 5,4091
121 10:53:21
4,6047 4,6369
4,2925 4,3247
4,8136 4,8464
5,3764 5,4096
122 10:54:20
4,6041 4,6363
4,2919 4,3241
4,8127 4,8455
5,3756 5,4088
123 10:55:20
4,6041 4,6363
4,2919 4,3241
4,8132 4,8460
5,3756 5,4088
124 10:56:21
4,6043 4,6365
4,2921 4,3243
4,8138 4,8466
5,3759 5,4091
125 10:57:21
4,6044 4,6366
4,2921 4,3243
4,8143 4,8471
5,3759 5,4091
126 10:58:20
4,6044 4,6366
4,2927 4,3249
4,8143 4,8471
5,3760 5,4092
127 10:59:20
4,6044 4,6366
4,2926 4,3248
4,8142 4,8470
5,3760 5,4092
128 11:00:21
4,6044 4,6366
4,2913 4,3235
4,8142 4,8470
5,3760 5,4092
129 11:01:21
4,6041 4,6363
4,2909 4,3231
4,8141 4,8469
5,3757 5,4089
130 11:02:21
4,6041 4,6363
4,2907 4,3229
4,8141 4,8469
5,3757 5,4089
131 11:03:20
4,6041 4,6363
4,2909 4,3231
4,8141 4,8469
5,3757 5,4089
132 11:04:20
4,6041 4,6363
4,2909 4,3231
4,8151 4,8479
5,3757 5,4089
133 11:05:21
4,6058 4,6380
4,2925 4,3247
4,8162 4,8490
5,3778 5,4110
134 11:06:21
4,6054 4,6376
4,2921 4,3243
4,8157 4,8485
5,3779 5,4111
135 11:07:21
4,6054 4,6376
4,2921 4,3243
4,8167 4,8495
5,3776 5,4108
136 11:08:20
4,6054 4,6376
4,2935 4,3257
4,8167 4,8495
5,3780 5,4112
137 11:09:20
4,6054 4,6376
4,2935 4,3257
4,8167 4,8495
5,3782 5,4114
138 11:10:21
4,6059 4,6381
4,2932 4,3254
4,8172 4,8500
5,3788 5,4120
139 11:11:20
4,6058 4,6380
4,2931 4,3253
4,8171 4,8499
5,3798 5,4130
140 11:12:20
4,6053 4,6375
4,2927 4,3249
4,8169 4,8497
5,3794 5,4126
141 11:13:20
4,6053 4,6375
4,2930 4,3252
4,8165 4,8493
5,3805 5,4137
142 11:14:21
4,6051 4,6373
4,2928 4,3250
4,8164 4,8492
5,3803 5,4135
143 11:15:21
4,6056 4,6378
4,2933 4,3255
4,8169 4,8497
5,3800 5,4132
144 11:16:21
4,6089 4,6411
4,2963 4,3285
4,8203 4,8531
5,3838 5,4170
145 11:17:21
4,6089 4,6411
4,2963 4,3285
4,8194 4,8522
5,3838 5,4170
146 11:18:21
4,6089 4,6411
4,2963 4,3285
4,8194 4,8522
5,3838 5,4170
147 17:14:21
4,6301 4,6623
4,3085 4,3412
4,8340 4,8674
5,4002 5,4334
148 17:15:21
4,6303 4,6629
4,3087 4,3419
4,8341 4,8675
5,4010 5,4346
149 17:16:21
4,6303 4,6626
4,3087 4,3415
4,8335 4,8666
5,4011 5,4343
150 17:17:21
4,6297 4,6619
4,3085 4,3412
4,8334 4,8663
5,3996 5,4328
151 17:18:21
4,6293 4,6621
4,3077 4,3406
4,8331 4,8666
5,3993 5,4332
152 17:19:21
4,6285 4,6613
4,3065 4,3396
4,8322 4,8658
5,3976 5,4315
153 17:20:21
4,6289 4,6611
4,3062 4,3390
4,8326 4,8655
5,3980 5,4312
154 17:21:20
4,6287 4,6611
4,3052 4,3382
4,8324 4,8655
5,3978 5,4310
155 17:22:20
4,6273 4,6603
4,3043 4,3374
4,8313 4,8653
5,3970 5,4307
156 17:23:21
4,6316 4,6638
4,3093 4,3416
4,8360 4,8689
5,4023 5,4355
157 17:24:21
4,6311 4,6633
4,3091 4,3412
4,8359 4,8688
5,4011 5,4343
158 17:25:21
4,6309 4,6632
4,3083 4,3408
4,8351 4,8686
5,4008 5,4340
159 17:26:20
4,6303 4,6631
4,3078 4,3411
4,8351 4,8686
5,4005 5,4344
160 17:27:20
4,6303 4,6626
4,3077 4,3402
4,8356 4,8686
5,4010 5,4343
161 17:28:21
4,6305 4,6630
4,3075 4,3406
4,8352 4,8687
5,4010 5,4342
162 17:29:21
4,6307 4,6629
4,3086 4,3413
4,8360 4,8693
5,4021 5,4353
163 17:30:21
4,6305 4,6627
4,3096 4,3423
4,8358 4,8687
5,4025 5,4357
164 17:31:21
4,6304 4,6631
4,3100 4,3428
4,8361 4,8697
5,4024 5,4357
165 17:32:20
4,6304 4,6632
4,3100 4,3430
4,8359 4,8698
5,4022 5,4357
166 17:33:20
4,6308 4,6639
4,3103 4,3435
4,8360 4,8703
5,4029 5,4370
167 17:34:21
4,6309 4,6637
4,3104 4,3433
4,8363 4,8698
5,4030 5,4368
168 17:35:21
4,6309 4,6639
4,3100 4,3435
4,8363 4,8704
5,4025 5,4366
169 17:36:21
4,6311 4,6642
4,3098 4,3430
4,8375 4,8713
5,4025 5,4365
170 17:37:21
4,6298 4,6636
4,3083 4,3425
4,8361 4,8712
5,4011 5,4362
171 17:38:20
4,6301 4,6623
4,3082 4,3408
4,8374 4,8703
5,4010 5,4342
172 17:39:20
4,6300 4,6625
4,3080 4,3410
4,8368 4,8700
5,4007 5,4342
173 17:40:21
4,6300 4,6623
4,3080 4,3408
4,8368 4,8698
5,4006 5,4339
174 17:41:21
4,6307 4,6632
4,3086 4,3416
4,8370 4,8702
5,4016 5,4348
175 17:42:21
4,6322 4,6644
4,3109 4,3430
4,8387 4,8716
5,4038 5,4370
176 17:43:21
4,6325 4,6647
4,3116 4,3437
4,8389 4,8718
5,4042 5,4374
177 17:44:20
177 18:54:21
4,6222 4,6544
4,2992 4,3315
4,8287 4,8616
5,3866 5,4198
178 18:55:20
4,6223 4,6545
4,2994 4,3316
4,8288 4,8617
5,3872 5,4204
179 18:56:20
4,6222 4,6544
4,2992 4,3316
4,8287 4,8616
5,3872 5,4204
180 18:57:21
4,6222 4,6545
4,2991 4,3319
4,8287 4,8617
5,3866 5,4198
181 18:58:21
4,6222 4,6545
4,2990 4,3315
4,8282 4,8612
5,3865 5,4198
182 18:59:21
4,6209 4,6557
4,2976 4,3328
4,8269 4,8625
5,3850 5,4212
183 19:00:21
4,6215 4,6560
4,2980 4,3330
4,8279 4,8633
5,3857 5,4216
184 19:01:21
4,6224 4,6548
4,2989 4,3318
4,8289 4,8620
5,3861 5,4198
185 19:02:20
4,6226 4,6548
4,2995 4,3316
4,8286 4,8615
5,3863 5,4195
186 19:03:20
4,6224 4,6546
4,2998 4,3324
4,8289 4,8618
5,3861 5,4193
187 19:04:21
4,6224 4,6546
4,3001 4,3328
4,8296 4,8625
5,3863 5,4195
188 19:05:21
4,6225 4,6547
4,3001 4,3324
4,8305 4,8634
5,3863 5,4195
189 19:06:21
4,6226 4,6549
4,3003 4,3331
4,8300 4,8635
5,3863 5,4195
190 19:07:20
4,6243 4,6565
4,3019 4,3346
4,8320 4,8653
5,3890 5,4222
191 19:08:21
4,6245 4,6570
4,3029 4,3359
4,8320 4,8657
5,3896 5,4228
192 19:09:21
4,6242 4,6564
4,3031 4,3356
4,8318 4,8647
5,3888 5,4220
193 19:10:21
4,6248 4,6570
4,3031 4,3358
4,8329 4,8662
5,3895 5,4227
194 19:11:21
4,6247 4,6569
4,3031 4,3359
4,8333 4,8662
5,3891 5,4223
195 19:12:20
4,6244 4,6566
4,3029 4,3355
4,8330 4,8659
5,3890 5,4222
196 19:13:21
4,6244 4,6566
4,3035 4,3359
4,8327 4,8658
5,3894 5,4226
197 19:14:21
4,6246 4,6569
4,3036 4,3365
4,8332 4,8662
5,3893 5,4225
198 19:15:21
4,6240 4,6562
4,3033 4,3361
4,8326 4,8655
5,3882 5,4214
199 19:16:21
4,6240 4,6562
4,3032 4,3359
4,8321 4,8654
5,3883 5,4215
200 19:17:20
4,6234 4,6559
4,3019 4,3349
4,8315 4,8647
5,3873 5,4208
201 19:18:20
4,6216 4,6572
4,3002 4,3361
4,8290 4,8661
5,3851 5,4226
202 19:19:21
4,6221 4,6570
4,3005 4,3358
4,8295 4,8659
5,3861 5,4221
203 19:20:21
4,6216 4,6570
4,2998 4,3355
4,8292 4,8654
5,3858 5,4223
204 19:21:21
4,6233 4,6560
4,3012 4,3345
4,8308 4,8648
5,3877 5,4215
205 19:22:20
4,6234 4,6561
4,3013 4,3346
4,8309 4,8648
5,3886 5,4223
206 19:24:20
4,6234 4,6559
4,3013 4,3344
4,8308 4,8641
5,3883 5,4215
207 19:25:20
4,6234 4,6559
4,3013 4,3340
4,8309 4,8647
5,3874 5,4209
208 19:26:21
4,6234 4,6559
4,3013 4,3344
4,8308 4,8645
5,3876 5,4208
209 19:27:21
4,6213 4,6573
4,2995 4,3358
4,8294 4,8662
5,3842 5,4218
210 19:28:21
4,6215 4,6572
4,2996 4,3353
4,8290 4,8659
5,3838 5,4211
211 19:29:20
4,6214 4,6572
4,2996 4,3353
4,8289 4,8660
5,3837 5,4211
212 19:30:21
4,6216 4,6571
4,2998 4,3352
4,8291 4,8659
5,3846 5,4209
213 19:31:21
4,6216 4,6574
4,3002 4,3359
4,8292 4,8658
5,3847 5,4214
214 19:32:21
4,6218 4,6571
4,2998 4,3355
4,8292 4,8653
5,3848 5,4209
215 19:33:20
4,6216 4,6572
4,2998 4,3353
4,8291 4,8660
5,3847 5,4212
216 19:34:20
4,6230 4,6556
4,3007 4,3338
4,8305 4,8638
5,3856 5,4192
217 19:35:21
4,6217 4,6574
4,2999 4,3355
4,8291 4,8656
5,3839 5,4213
218 19:36:21
4,6216 4,6572
4,2998 4,3358
4,8291 4,8660
5,3841 5,4212
219 19:37:21
4,6217 4,6574
4,2998 4,3354
4,8291 4,8657
5,3840 5,4213
220 19:38:20
4,6216 4,6572
4,2994 4,3354
4,8292 4,8656
5,3841 5,4212
221 19:39:21
4,6216 4,6572
4,2994 4,3354
4,8292 4,8656
5,3841 5,4212
222 19:40:21
4,6217 4,6572
4,2993 4,3352
4,8291 4,8654
5,3840 5,4210
223 19:41:20
4,6214 4,6572
4,2992 4,3353
4,8290 4,8656
5,3845 5,4212
224 19:42:20
4,6214 4,6566
4,2996 4,3351
4,8290 4,8650
5,3844 5,4204
225 19:43:20
4,6231 4,6556
4,3012 4,3342
4,8306 4,8637
5,3868 5,4200
226 19:44:21
4,6231 4,6555
4,3012 4,3342
4,8306 4,8637
5,3865 5,4197
227 19:45:21
4,6214 4,6566
4,2996 4,3351
4,8290 4,8650
5,3843 5,4211
228 19:46:21
4,6215 4,6568
4,3001 4,3357
4,8289 4,8650
5,3851 5,4212
229 19:47:21
4,6215 4,6567
4,2997 4,3352
4,8291 4,8651
5,3845 5,4211
230 19:48:21
4,6231 4,6556
4,3012 4,3342
4,8300 4,8633
5,3863 5,4198
231 19:49:20
4,6214 4,6566
4,3000 4,3355
4,8285 4,8645
5,3850 5,4210
232 19:50:20
4,6215 4,6569
4,3001 4,3358
4,8286 4,8648
5,3851 5,4213
233 19:51:21
4,6214 4,6566
4,3000 4,3355
4,8278 4,8639
5,3850 5,4210
234 19:52:21
4,6214 4,6566
4,3004 4,3355
4,8279 4,8645
5,3850 5,4210
235 19:53:21
4,6229 4,6554
4,3016 4,3344
4,8294 4,8626
5,3864 5,4196
236 19:54:21
4,6227 4,6553
4,3016 4,3347
4,8292 4,8625
5,3864 5,4196
237 19:55:21
4,6227 4,6555
4,3016 4,3349
4,8292 4,8629
5,3859 5,4197
238 19:56:20
4,6231 4,6557
4,3024 4,3352
4,8297 4,8635
5,3864 5,4201
239 19:57:20
4,6228 4,6555
4,3017 4,3349
4,8292 4,8631
5,3860 5,4197
240 19:58:21
4,6227 4,6554
4,3016 4,3348
4,8291 4,8630
5,3858 5,4195
241 19:59:21
4,6213 4,6566
4,2999 4,3355
4,8277 4,8639
5,3841 5,4209
242 20:00:20
4,6219 4,6546
4,3003 4,3336
4,8283 4,8622
5,3848 5,4186
243 20:01:21
4,6212 4,6544
4,2998 4,3335
4,8276 4,8617
5,3842 5,4183
244 20:02:21
4,6212 4,6542
4,2998 4,3333
4,8277 4,8615
5,3841 5,4179
245 21:25:25
4,6242 4,6577
4,3017 4,3356
4,8286 4,8633
5,3869 5,4215
246 21:26:20
4,6240 4,6580
4,3015 4,3360
4,8286 4,8634
5,3868 5,4221
247 21:27:21
4,6240 4,6581
4,3015 4,3356
4,8285 4,8635
5,3866 5,4220
248 21:28:21
4,6239 4,6576
4,3011 4,3353
4,8283 4,8632
5,3864 5,4214
249 21:29:21
4,6237 4,6576
4,3013 4,3355
4,8281 4,8628
5,3864 5,4215
250 21:30:20
4,6237 4,6576
4,3011 4,3352
4,8281 4,8628
5,3864 5,4215
251 21:31:20
4,6230 4,6575
4,3002 4,3351
4,8274 4,8627
5,3861 5,4219
252 21:32:21
4,6229 4,6574
4,3003 4,3350
4,8274 4,8632
5,3860 5,4218
253 21:33:21
4,6231 4,6571
4,3007 4,3349
4,8280 4,8629
5,3864 5,4217
254 21:34:21
4,6233 4,6574
4,3005 4,3347
4,8282 4,8631
5,3866 5,4218
255 21:35:20
4,6237 4,6575
4,3005 4,3344
4,8288 4,8634
5,3871 5,4222
256 21:36:21
4,6234 4,6572
4,3004 4,3346
4,8285 4,8631
5,3854 5,4204
257 21:37:21
4,6234 4,6572
4,3006 4,3349
4,8285 4,8631
5,3855 5,4206
258 21:38:21
4,6234 4,6571
4,3006 4,3348
4,8283 4,8628
5,3854 5,4203
259 21:39:21
4,6232 4,6569
4,3008 4,3346
4,8281 4,8626
5,3856 5,4201
260 21:40:20
4,6232 4,6569
4,3006 4,3345
4,8281 4,8626
5,3852 5,4201
261 21:41:20
4,6229 4,6569
4,3005 4,3346
4,8280 4,8628
5,3849 5,4202
262 21:42:20
4,6230 4,6570
4,3002 4,3343
4,8281 4,8629
5,3850 5,4202
263 21:43:20
4,6233 4,6571
4,3005 4,3344
4,8283 4,8634
5,3853 5,4203
264 21:44:21
4,6232 4,6571
4,3004 4,3348
4,8286 4,8633
5,3852 5,4203
265 21:45:21
4,6231 4,6567
4,3007 4,3348
4,8287 4,8631
5,3851 5,4199
266 21:46:21
4,6231 4,6567
4,3007 4,3348
4,8286 4,8631
5,3853 5,4200
267 21:47:21
4,6231 4,6567
4,3007 4,3348
4,8287 4,8631
5,3857 5,4205
268 21:48:20
4,6230 4,6566
4,3012 4,3352
4,8286 4,8630
5,3850 5,4199
269 21:49:20
4,6230 4,6567
4,3010 4,3351
4,8285 4,8629
5,3849 5,4197
270 21:50:20
4,6232 4,6572
4,3012 4,3357
4,8288 4,8636
5,3853 5,4206
271 21:51:21
4,6233 4,6571
4,3013 4,3356
4,8289 4,8635
5,3854 5,4204
272 21:52:21
4,6235 4,6574
4,3011 4,3355
4,8290 4,8642
5,3850 5,4201
273 21:53:21
4,6226 4,6564
4,3007 4,3346
4,8282 4,8632
5,3846 5,4197
274 21:54:21
4,6228 4,6565
4,3004 4,3345
4,8282 4,8627
5,3839 5,4189
275 21:55:20
4,6227 4,6565
4,3005 4,3347
4,8283 4,8629
5,3841 5,4191
276 21:57:20
4,6233 4,6573
4,3010 4,3354
4,8289 4,8637
5,3854 5,4207
277 21:58:20
4,6191 4,6542
4,2965 4,3316
4,8241 4,8597
5,3798 5,4161
278 21:59:20
4,6199 4,6547
4,2975 4,3323
4,8249 4,8605
5,3809 5,4172
279 22:00:21
4,6207 4,6557
4,2982 4,3336
4,8262 4,8622
5,3817 5,4181
280 22:01:21
4,6207 4,6559
4,2978 4,3334
4,8262 4,8622
5,3811 5,4178
281 22:02:21
4,6210 4,6559
4,2980 4,3332
4,8260 4,8620
5,3813 5,4175
282 22:03:21
4,6209 4,6555
4,2983 4,3332
4,8263 4,8617
5,3819 5,4179
283 22:04:21
4,6215 4,6556
4,2988 4,3334
4,8268 4,8617
5,3824 5,4178
284 22:05:20
4,6191 4,6559
4,2968 4,3338
4,8246 4,8622
5,3799 5,4184
285 22:06:20
4,6206 4,6549
4,2979 4,3322
4,8257 4,8611
5,3811 5,4167
286 22:07:20
4,6205 4,6549
4,2979 4,3324
4,8260 4,8612
5,3810 5,4169
287 22:08:20
4,6206 4,6550
4,2981 4,3325
4,8261 4,8613
5,3810 5,4167
288 22:09:21
4,6210 4,6556
4,2985 4,3331
4,8260 4,8616
5,3815 5,4174
289 22:10:21
4,6212 4,6557
4,2983 4,3331
4,8260 4,8613
5,3815 5,4173
290 22:11:21
4,6212 4,6557
4,2985 4,3330
4,8260 4,8613
5,3815 5,4173
291 22:12:21
4,6212 4,6557
4,2985 4,3330
4,8260 4,8613
5,3815 5,4173
292 22:13:30
4,6200 4,6564
4,2976 4,3338
4,8249 4,8622
5,3803 5,4190
293 22:14:21
4,6210 4,6557
4,2979 4,3330
4,8258 4,8613
5,3814 5,4181
294 22:15:21
4,6204 4,6551
4,2977 4,3324
4,8252 4,8611
5,3813 5,4174
295 22:16:21
4,6205 4,6552
4,2978 4,3325
4,8253 4,8608
5,3814 5,4175
296 22:17:36
4,6205 4,6554
4,2976 4,3328
4,8254 4,8612
5,3814 5,4177
297 22:18:39
4,6204 4,6556
4,2974 4,3329
4,8250 4,8614
5,3807 5,4173
298 22:19:21
4,6205 4,6556
4,2970 4,3325
4,8249 4,8613
5,3808 5,4173
299 22:20:21
4,6204 4,6556
4,2971 4,3327
4,8254 4,8614
5,3807 5,4173
300 22:21:21
4,6206 4,6559
4,2971 4,3328
4,8254 4,8615
5,3808 5,4176
301 22:22:21
4,6206 4,6558
4,2973 4,3329
4,8255 4,8620
5,3810 5,4177
302 22:23:21
4,6206 4,6557
4,2975 4,3326
4,8259 4,8618
5,3801 5,4173
303 22:24:21
4,6207 4,6566
4,2977 4,3335
4,8261 4,8629
5,3804 5,4185
304 22:25:21
4,6206 4,6566
4,2976 4,3335
4,8260 4,8629
5,3809 5,4180
305 22:26:21
4,6208 4,6567
4,2978 4,3340
4,8257 4,8629
5,3805 5,4180
306 22:27:20
4,6207 4,6565
4,2977 4,3334
4,8257 4,8629
5,3804 5,4178
307 22:28:21
4,6202 4,6567
4,2972 4,3335
4,8256 4,8630
5,3797 5,4179
308 22:29:21
4,6205 4,6568
4,2975 4,3341
4,8259 4,8631
5,3802 5,4181
309 22:30:21
4,6197 4,6574
4,2967 4,3346
4,8246 4,8632
5,3793 5,4188
310 22:31:21
4,6196 4,6572
4,2968 4,3346
4,8245 4,8630
5,3792 5,4186
311 22:32:21
4,6196 4,6572
4,2972 4,3346
4,8245 4,8630
5,3792 5,4187
312 22:33:21
4,6196 4,6572
4,2972 4,3346
4,8239 4,8630
5,3792 5,4187
313 22:34:27
4,6196 4,6573
4,2974 4,3349
4,8243 4,8630
5,3790 5,4186
314 22:35:21
4,6195 4,6574
4,2973 4,3350
4,8243 4,8633
5,3789 5,4187
315 22:36:21
4,6200 4,6569
4,2978 4,3345
4,8249 4,8627
5,3795 5,4181
316 22:37:21
4,6200 4,6569
4,2974 4,3345
4,8243 4,8616
5,3795 5,4181
317 22:38:21
4,6200 4,6569
4,2974 4,3345
4,8244 4,8622
5,3795 5,4181
318 22:39:21
4,6200 4,6569
4,2978 4,3349
4,8244 4,8622
5,3795 5,4181
319 22:40:21
4,6199 4,6567
4,2979 4,3345
4,8248 4,8625
5,3802 5,4187
320 22:41:21
4,6199 4,6567
4,2978 4,3345
4,8248 4,8626
5,3797 5,4183
321 22:42:21
4,6209 4,6558
4,2986 4,3335
4,8257 4,8614
5,3808 5,4169
322 22:43:21
4,6199 4,6567
4,2977 4,3344
4,8243 4,8621
5,3794 5,4180
323 22:44:21
4,6199 4,6567
4,2979 4,3349
4,8244 4,8626
5,3796 5,4181
324 22:45:21
4,6208 4,6562
4,2986 4,3343
4,8252 4,8619
5,3812 5,4174
325 22:46:21
4,6210 4,6562
4,2989 4,3341
4,8255 4,8617
5,3811 5,4174
326 22:47:21
4,6199 4,6562
4,2978 4,3340
4,8242 4,8613
5,3795 5,4168
327 22:48:20
4,6199 4,6562
4,2974 4,3340
4,8242 4,8613
5,3795 5,4172
328 22:49:20
4,6204 4,6562
4,2978 4,3339
4,8249 4,8615
5,3802 5,4175
329 22:50:20
4,6195 4,6567
4,2971 4,3345
4,8239 4,8620
5,3790 5,4180
330 22:51:20
4,6197 4,6564
4,2971 4,3340
4,8240 4,8616
5,3785 5,4175
331 22:52:21
4,6196 4,6564
4,2972 4,3342
4,8239 4,8616
5,3786 5,4171
332 22:53:21
4,6189 4,6563
4,2965 4,3340
4,8232 4,8616
5,3777 5,4169
333 22:54:21
4,6197 4,6564
4,2971 4,3340
4,8234 4,8615
5,3785 5,4169
334 22:55:21
4,6197 4,6564
4,2971 4,3340
4,8234 4,8615
5,3786 5,4175
335 22:56:21
4,6197 4,6564
4,2971 4,3340
4,8240 4,8616
5,3785 5,4169
336 22:57:21
4,6196 4,6563
4,2966 4,3335
4,8233 4,8614
5,3778 5,4168
337 22:58:21
4,6165 4,6594
4,2937 4,3364
4,8202 4,8648
5,3751 5,4195
338 22:59:21
4,6191 4,6560
4,2962 4,3334
4,8193 4,8652
5,3764 5,4177
339 23:00:21
4,6174 4,6615
4,2947 4,3409
4,8176 4,8718
5,3748 5,4239
340 23:01:21
4,6172 4,6618
4,2946 4,3414
4,8174 4,8719
5,3747 5,4237
341 23:02:21
4,6169 4,6633
4,2943 4,3433
4,8171 4,8734
5,3762 5,4332
342 23:03:21
4,6169 4,6633
4,2943 4,3435
4,8171 4,8734
5,3762 5,4330
343 23:04:21
4,6169 4,6633
4,2943 4,3435
4,8177 4,8769
5,3762 5,4330
344 23:05:21
4,6169 4,6633
4,2942 4,3423
4,8176 4,8765
5,3762 5,4330
345 23:06:21
4,6169 4,6633
4,2943 4,3411
4,8172 4,8742
5,3757 5,4300
346 23:07:21
4,6108 4,6697
4,2881 4,3469
4,8106 4,8805
5,3684 5,4373
347 23:08:20
4,6107 4,6695
4,2880 4,3467
4,8107 4,8805
5,3683 5,4371
348 23:09:20
4,6107 4,6695
4,2884 4,3474
4,8107 4,8811
5,3684 5,4373
349 23:10:21
4,6169 4,6633
4,2943 4,3419
4,8176 4,8753
5,3762 5,4310
350 23:11:21
4,6169 4,6633
4,2943 4,3423
4,8176 4,8751
5,3762 5,4308
351 23:12:21
4,6169 4,6633
4,2943 4,3423
4,8177 4,8755
5,3763 5,4312
352 23:13:21
4,6169 4,6633
4,2943 4,3423
4,8177 4,8755
5,3763 5,4312
353 23:14:21
4,6169 4,6633
4,2943 4,3423
4,8177 4,8755
5,3763 5,4312
354 23:15:20
4,6174 4,6628
4,2946 4,3417
4,8182 4,8750
5,3768 5,4298
355 23:16:20
4,6174 4,6628
4,2947 4,3411
4,8182 4,8740
5,3769 5,4300
356 23:17:20
4,6174 4,6628
4,2934 4,3405
4,8172 4,8740
5,3755 5,4293
357 23:18:20
4,6174 4,6628
4,2930 4,3405
4,8167 4,8735
5,3763 5,4294
358 23:19:21
4,6174 4,6628
4,2930 4,3405
4,8167 4,8735
5,3763 5,4294
359 23:20:21
4,6174 4,6628
4,2932 4,3406
4,8167 4,8735
5,3750 5,4287
360 23:21:21
4,6114 4,6687
4,2882 4,3459
4,8108 4,8795
5,3691 5,4361
361 23:22:30
4,6115 4,6688
4,2871 4,3444
4,8103 4,8796
5,3692 5,4357
362 23:23:21
4,6115 4,6688
4,2871 4,3444
4,8103 4,8796
5,3672 5,4356
363 23:24:20
4,6115 4,6688
4,2879 4,3456
4,8109 4,8797
5,3680 5,4363
364 23:25:20
4,6115 4,6688
4,2879 4,3456
4,8109 4,8797
5,3686 5,4363
365 23:26:21
4,6174 4,6628
4,2934 4,3405
4,8171 4,8734
5,3756 5,4287
366 23:27:22
4,6174 4,6628
4,2942 4,3401
4,8177 4,8735
5,3774 5,4280
367 23:28:20
4,6174 4,6628
4,2946 4,3409
4,8182 4,8740
5,3768 5,4286
368 23:29:20
4,6174 4,6628
4,2946 4,3409
4,8182 4,8740
5,3774 5,4280
369 23:30:21
4,6174 4,6628
4,2946 4,3409
4,8186 4,8735
5,3769 5,4280
370 23:31:21
4,6174 4,6628
4,2946 4,3409
4,8191 4,8734
5,3770 5,4272
371 23:32:21
4,6174 4,6628
4,2946 4,3409
4,8197 4,8705
5,3769 5,4262
372 23:33:21
4,6174 4,6628
4,2946 4,3405
4,8201 4,8704
5,3763 5,4256
373 23:34:21
4,6174 4,6628
4,2946 4,3409
4,8201 4,8704
5,3762 5,4248
374 23:35:21
4,6174 4,6628
4,2946 4,3409
4,8201 4,8704
5,3769 5,4262
375 23:36:20
4,6174 4,6628
4,2946 4,3405
4,8201 4,8704
5,3762 5,4262
376 23:37:20
4,6174 4,6628
4,2946 4,3409
4,8206 4,8693
5,3769 5,4262
377 23:39:20
4,6174 4,6628
4,2946 4,3409
4,8211 4,8699
5,3769 5,4262
378 23:40:20
4,6174 4,6628
4,2938 4,3401
4,8207 4,8689
5,3755 5,4255
379 23:41:21
4,6174 4,6628
4,2934 4,3397
4,8206 4,8693
5,3755 5,4255
380 23:42:21
4,6174 4,6628
4,2938 4,3397
4,8206 4,8693
5,3755 5,4255
381 23:43:21
4,6174 4,6628
4,2938 4,3401
4,8208 4,8690
5,3755 5,4255
382 23:44:20
4,6174 4,6628
4,2938 4,3397
4,8212 4,8694
5,3756 5,4269
383 23:45:21
4,6174 4,6628
4,2938 4,3393
4,8208 4,8696
5,3755 5,4267
384 23:46:21
4,6174 4,6628
4,2938 4,3393
4,8201 4,8692
5,3763 5,4268
385 23:47:20
4,6174 4,6628
4,2938 4,3393
4,8211 4,8698
5,3765 5,4262
386 23:48:21
4,6174 4,6628
4,2934 4,3397
4,8216 4,8693
5,3769 5,4262
387 23:49:21
4,6174 4,6628
4,2930 4,3393
4,8207 4,8685
5,3755 5,4267
388 23:50:21
4,6174 4,6628
4,2930 4,3393
4,8206 4,8693
5,3755 5,4267
389 23:51:20
4,6174 4,6628
4,2934 4,3389
4,8202 4,8694
5,3750 5,4275
390 23:52:21
4,6174 4,6628
4,2930 4,3389
4,8201 4,8688
5,3751 5,4262
391 23:53:21
4,6174 4,6628
4,2930 4,3385
4,8202 4,8690
5,3744 5,4269
392 23:54:21
4,6174 4,6628
4,2930 4,3385
4,8207 4,8693
5,3744 5,4269
393 23:55:21
4,6174 4,6628
4,2930 4,3385
4,8207 4,8689
5,3743 5,4261
394 23:56:20
4,6121 4,6678
4,2881 4,3431
4,8139 4,8737
5,3681 5,4326
395 23:57:20
4,6120 4,6674
4,2881 4,3429
4,8147 4,8736
5,3681 5,4310
396 23:58:20
4,6121 4,6673
4,2886 4,3428
4,8152 4,8736
5,3682 5,4309
397 23:59:20
4,6117 4,6679
4,2877 4,3440
4,8147 4,8746
5,3679 5,4316
398 00:00:20
4,6099 4,6706
4,2865 4,3468
4,8114 4,8768
5,3643 5,4378
