#======================
2023-7-16
# 1.EUR, 2.USD, 3.CHF, 4.GBP
Sell Price, Buy Price
1 13:00
4,4023 4,4970
3,9143 4,0174
4,5558 4,6478
5,1403 5,2595
2 13:01
4,4023 4,4970
3,9143 4,0174
4,5558 4,6478
5,1403 5,2595
3 13:02
4,4023 4,4970
3,9143 4,0174
4,5558 4,6478
5,1403 5,2595
4 13:03
4,4023 4,4970
3,9143 4,0174
4,5558 4,6478
5,1403 5,2595
5 13:04
4,4023 4,4970
3,9143 4,0174
4,5558 4,6478
5,1403 5,2595
6 13:05
4,4023 4,4970
3,9143 4,0174
4,5558 4,6478
5,1403 5,2595
7 13:06
4,4023 4,4970
3,9143 4,0174
4,5558 4,6478
5,1403 5,2595
8 13:07
4,4023 4,4970
3,9143 4,0174
4,5558 4,6478
5,1403 5,2595
9 13:08
4,4023 4,4970
3,9143 4,0174
4,5558 4,6478
5,1403 5,2595
10 13:09
4,4023 4,4970
3,9143 4,0174
4,5558 4,6478
5,1403 5,2595
11 13:10
4,4023 4,4970
3,9143 4,0174
4,5558 4,6478
5,1403 5,2595
12 13:11
4,4023 4,4970
3,9143 4,0174
4,5558 4,6478
5,1403 5,2595
13 13:12
4,4023 4,4970
3,9143 4,0174
4,5558 4,6478
5,1403 5,2595
14 13:13
4,4023 4,4970
3,9143 4,0174
4,5558 4,6478
5,1403 5,2595
15 13:14
4,4023 4,4970
3,9143 4,0174
4,5558 4,6478
5,1403 5,2595
16 13:15
4,4023 4,4970
3,9143 4,0174
4,5558 4,6478
5,1403 5,2595
17 13:16
4,4023 4,4970
3,9143 4,0174
4,5558 4,6478
5,1403 5,2595
18 13:17
4,4023 4,4970
3,9143 4,0174
4,5558 4,6478
5,1403 5,2595
19 13:18
4,4023 4,4970
3,9143 4,0174
4,5558 4,6478
5,1403 5,2595
20 13:19
4,4023 4,4970
3,9143 4,0174
4,5558 4,6478
5,1403 5,2595
21 13:20
4,4023 4,4970
3,9143 4,0174
4,5558 4,6478
5,1403 5,2595
22 13:21
4,4023 4,4970
3,9143 4,0174
4,5558 4,6478
5,1403 5,2595
23 13:22
4,4023 4,4970
3,9143 4,0174
4,5558 4,6478
5,1403 5,2595
24 13:23
4,4023 4,4970
3,9143 4,0174
4,5558 4,6478
5,1403 5,2595
25 13:24
4,4023 4,4970
3,9143 4,0174
4,5558 4,6478
5,1403 5,2595
26 13:25
4,4023 4,4970
3,9143 4,0174
4,5558 4,6478
5,1403 5,2595
27 13:26
4,4023 4,4970
3,9143 4,0174
4,5558 4,6478
5,1403 5,2595
28 13:27
4,4023 4,4970
3,9143 4,0174
4,5558 4,6478
5,1403 5,2595
29 13:28
4,4023 4,4970
3,9143 4,0174
4,5558 4,6478
5,1403 5,2595
30 13:29
4,4023 4,4970
3,9143 4,0174
4,5558 4,6478
5,1403 5,2595
31 13:30
4,4023 4,4970
3,9143 4,0174
4,5558 4,6478
5,1403 5,2595
32 13:31
4,4023 4,4970
3,9143 4,0174
4,5558 4,6478
5,1403 5,2595
33 13:32
4,4023 4,4970
3,9143 4,0174
4,5558 4,6478
5,1403 5,2595
34 13:33
4,4023 4,4970
3,9143 4,0174
4,5558 4,6478
5,1403 5,2595
35 13:34
4,4023 4,4970
3,9143 4,0174
4,5558 4,6478
5,1403 5,2595
36 13:35
4,4023 4,4970
3,9143 4,0174
4,5558 4,6478
5,1403 5,2595
37 13:36
4,4023 4,4970
3,9143 4,0174
4,5558 4,6478
5,1403 5,2595
38 13:37
4,4023 4,4970
3,9143 4,0174
4,5558 4,6478
5,1403 5,2595
39 13:38
4,4023 4,4970
3,9143 4,0174
4,5558 4,6478
5,1403 5,2595
40 13:39
4,4023 4,4970
3,9143 4,0174
4,5558 4,6478
5,1403 5,2595
41 13:40
4,4023 4,4970
3,9143 4,0174
4,5558 4,6478
5,1403 5,2595
42 13:41
4,4023 4,4970
3,9143 4,0174
4,5558 4,6478
5,1403 5,2595
43 13:42
4,4023 4,4970
3,9143 4,0174
4,5558 4,6478
5,1403 5,2595
44 13:43
4,4023 4,4970
3,9143 4,0174
4,5558 4,6478
5,1403 5,2595
45 13:44
4,4023 4,4970
3,9143 4,0174
4,5558 4,6478
5,1403 5,2595
46 13:45
4,4023 4,4970
3,9143 4,0174
4,5558 4,6478
5,1403 5,2595
47 13:46
4,4023 4,4970
3,9143 4,0174
4,5558 4,6478
5,1403 5,2595
48 13:47
4,4023 4,4970
3,9143 4,0174
4,5558 4,6478
5,1403 5,2595
49 13:48
4,4023 4,4970
3,9143 4,0174
4,5558 4,6478
5,1403 5,2595
50 13:49
4,4023 4,4970
3,9143 4,0174
4,5558 4,6478
5,1403 5,2595
51 13:50
4,4023 4,4970
3,9143 4,0174
4,5558 4,6478
5,1403 5,2595
52 13:51
4,4023 4,4970
3,9143 4,0174
4,5558 4,6478
5,1403 5,2595
53 13:52
4,4023 4,4970
3,9143 4,0174
4,5558 4,6478
5,1403 5,2595
54 13:53
4,4023 4,4970
3,9143 4,0174
4,5558 4,6478
5,1403 5,2595
55 13:54
4,4023 4,4970
3,9143 4,0174
4,5558 4,6478
5,1403 5,2595
56 13:55
4,4023 4,4970
3,9143 4,0174
4,5558 4,6478
5,1403 5,2595
57 13:56
4,4023 4,4970
3,9143 4,0174
4,5558 4,6478
5,1403 5,2595
58 13:57
4,4023 4,4970
3,9143 4,0174
4,5558 4,6478
5,1403 5,2595
59 13:58
4,4023 4,4970
3,9143 4,0174
4,5558 4,6478
5,1403 5,2595
60 13:59
4,4023 4,4970
3,9143 4,0174
4,5558 4,6478
5,1403 5,2595
61 14:00
4,4023 4,4970
3,9143 4,0174
4,5558 4,6478
5,1403 5,2595
62 14:01
4,4023 4,4970
3,9143 4,0174
4,5558 4,6478
5,1403 5,2595
63 14:02
4,4023 4,4970
3,9143 4,0174
4,5558 4,6478
5,1403 5,2595
64 14:03
4,4023 4,4970
3,9143 4,0174
4,5558 4,6478
5,1403 5,2595
65 14:04
4,4023 4,4970
3,9143 4,0174
4,5558 4,6478
5,1403 5,2595
66 14:05
4,4023 4,4970
3,9143 4,0174
4,5558 4,6478
5,1403 5,2595
67 14:06
4,4023 4,4970
3,9143 4,0174
4,5558 4,6478
5,1403 5,2595
68 14:07
4,4023 4,4970
3,9143 4,0174
4,5558 4,6478
5,1403 5,2595
69 14:08
4,4023 4,4970
3,9143 4,0174
4,5558 4,6478
5,1403 5,2595
70 14:09
4,4023 4,4970
3,9143 4,0174
4,5558 4,6478
5,1403 5,2595
71 14:10
4,4023 4,4970
3,9143 4,0174
4,5558 4,6478
5,1403 5,2595
72 14:11
4,4023 4,4970
3,9143 4,0174
4,5558 4,6478
5,1403 5,2595
73 14:12
4,4023 4,4970
3,9143 4,0174
4,5558 4,6478
5,1403 5,2595
74 14:13
4,4023 4,4970
3,9143 4,0174
4,5558 4,6478
5,1403 5,2595
75 14:14
4,4023 4,4970
3,9143 4,0174
4,5558 4,6478
5,1403 5,2595
76 14:15
4,4023 4,4970
3,9143 4,0174
4,5558 4,6478
5,1403 5,2595
77 14:16
4,4023 4,4970
3,9143 4,0174
4,5558 4,6478
5,1403 5,2595
78 14:17
4,4023 4,4970
3,9143 4,0174
4,5558 4,6478
5,1403 5,2595
79 14:18
4,4023 4,4970
3,9143 4,0174
4,5558 4,6478
5,1403 5,2595
80 14:19
4,4023 4,4970
3,9143 4,0174
4,5558 4,6478
5,1403 5,2595
81 14:20
4,4023 4,4970
3,9143 4,0174
4,5558 4,6478
5,1403 5,2595
82 14:21
4,4023 4,4970
3,9143 4,0174
4,5558 4,6478
5,1403 5,2595
83 14:22
4,4023 4,4970
3,9143 4,0174
4,5558 4,6478
5,1403 5,2595
84 14:23
4,4023 4,4970
3,9143 4,0174
4,5558 4,6478
5,1403 5,2595
85 14:24
4,4023 4,4970
3,9143 4,0174
4,5558 4,6478
5,1403 5,2595
86 14:25
4,4023 4,4970
3,9143 4,0174
4,5558 4,6478
5,1403 5,2595
87 14:26
4,4023 4,4970
3,9143 4,0174
4,5558 4,6478
5,1403 5,2595
88 14:27
4,4023 4,4970
3,9143 4,0174
4,5558 4,6478
5,1403 5,2595
89 14:28
4,4023 4,4970
3,9143 4,0174
4,5558 4,6478
5,1403 5,2595
90 14:29
4,4023 4,4970
3,9143 4,0174
4,5558 4,6478
5,1403 5,2595
91 14:30
4,4023 4,4970
3,9143 4,0174
4,5558 4,6478
5,1403 5,2595
92 14:31
4,4023 4,4970
3,9143 4,0174
4,5558 4,6478
5,1403 5,2595
93 14:32
4,4023 4,4970
3,9143 4,0174
4,5558 4,6478
5,1403 5,2595
94 14:33
4,4023 4,4970
3,9143 4,0174
4,5558 4,6478
5,1403 5,2595
95 14:34
4,4023 4,4970
3,9143 4,0174
4,5558 4,6478
5,1403 5,2595
96 14:35
4,4023 4,4970
3,9143 4,0174
4,5558 4,6478
5,1403 5,2595
97 14:36
4,4023 4,4970
3,9143 4,0174
4,5558 4,6478
5,1403 5,2595
98 14:37
4,4023 4,4970
3,9143 4,0174
4,5558 4,6478
5,1403 5,2595
99 14:38
4,4023 4,4970
3,9143 4,0174
4,5558 4,6478
5,1403 5,2595
100 14:39
4,4023 4,4970
3,9143 4,0174
4,5558 4,6478
5,1403 5,2595
101 14:40
4,4023 4,4970
3,9143 4,0174
4,5558 4,6478
5,1403 5,2595
102 14:41
4,4023 4,4970
3,9143 4,0174
4,5558 4,6478
5,1403 5,2595
103 14:42
4,4023 4,4970
3,9143 4,0174
4,5558 4,6478
5,1403 5,2595
104 14:43
4,4023 4,4970
3,9143 4,0174
4,5558 4,6478
5,1403 5,2595
105 14:44
4,4023 4,4970
3,9143 4,0174
4,5558 4,6478
5,1403 5,2595
106 14:45
4,4023 4,4970
3,9143 4,0174
4,5558 4,6478
5,1403 5,2595
107 14:46
4,4023 4,4970
3,9143 4,0174
4,5558 4,6478
5,1403 5,2595
108 14:47
4,4023 4,4970
3,9143 4,0174
4,5558 4,6478
5,1403 5,2595
109 14:48
4,4023 4,4970
3,9143 4,0174
4,5558 4,6478
5,1403 5,2595
110 14:49
4,4023 4,4970
3,9143 4,0174
4,5558 4,6478
5,1403 5,2595
111 14:50
4,4023 4,4970
3,9143 4,0174
4,5558 4,6478
5,1403 5,2595
112 14:51
4,4023 4,4970
3,9143 4,0174
4,5558 4,6478
5,1403 5,2595
113 14:52
4,4023 4,4970
3,9143 4,0174
4,5558 4,6478
5,1403 5,2595
114 14:53
4,4023 4,4970
3,9143 4,0174
4,5558 4,6478
5,1403 5,2595
115 14:54
4,4023 4,4970
3,9143 4,0174
4,5558 4,6478
5,1403 5,2595
116 14:55
4,4023 4,4970
3,9143 4,0174
4,5558 4,6478
5,1403 5,2595
117 14:56
4,4023 4,4970
3,9143 4,0174
4,5558 4,6478
5,1403 5,2595
118 14:57
4,4023 4,4970
3,9143 4,0174
4,5558 4,6478
5,1403 5,2595
119 14:58
4,4023 4,4970
3,9143 4,0174
4,5558 4,6478
5,1403 5,2595
120 14:59
4,4023 4,4970
3,9143 4,0174
4,5558 4,6478
5,1403 5,2595
121 15:00
4,4023 4,4970
3,9143 4,0174
4,5558 4,6478
5,1403 5,2595
122 15:01
4,4023 4,4970
3,9143 4,0174
4,5558 4,6478
5,1403 5,2595
123 15:02
4,4023 4,4970
3,9143 4,0174
4,5558 4,6478
5,1403 5,2595
124 15:03
4,4023 4,4970
3,9143 4,0174
4,5558 4,6478
5,1403 5,2595
125 15:04
4,4023 4,4970
3,9143 4,0174
4,5558 4,6478
5,1403 5,2595
126 15:05
4,4023 4,4970
3,9143 4,0174
4,5558 4,6478
5,1403 5,2595
127 15:06
4,4023 4,4970
3,9143 4,0174
4,5558 4,6478
5,1403 5,2595
128 15:07
4,4023 4,4970
3,9143 4,0174
4,5558 4,6478
5,1403 5,2595
129 15:08
4,4023 4,4970
3,9143 4,0174
4,5558 4,6478
5,1403 5,2595
130 15:09
4,4023 4,4970
3,9143 4,0174
4,5558 4,6478
5,1403 5,2595
131 15:10
4,4023 4,4970
3,9143 4,0174
4,5558 4,6478
5,1403 5,2595
132 15:11
4,4023 4,4970
3,9143 4,0174
4,5558 4,6478
5,1403 5,2595
133 15:12
4,4023 4,4970
3,9143 4,0174
4,5558 4,6478
5,1403 5,2595
134 15:13
4,4023 4,4970
3,9143 4,0174
4,5558 4,6478
5,1403 5,2595
135 15:14
4,4023 4,4970
3,9143 4,0174
4,5558 4,6478
5,1403 5,2595
136 15:15
4,4023 4,4970
3,9143 4,0174
4,5558 4,6478
5,1403 5,2595
137 15:16
4,4023 4,4970
3,9143 4,0174
4,5558 4,6478
5,1403 5,2595
138 15:17
4,4023 4,4970
3,9143 4,0174
4,5558 4,6478
5,1403 5,2595
139 15:18
4,4023 4,4970
3,9143 4,0174
4,5558 4,6478
5,1403 5,2595
140 15:19
4,4023 4,4970
3,9143 4,0174
4,5558 4,6478
5,1403 5,2595
141 15:20
4,4023 4,4970
3,9143 4,0174
4,5558 4,6478
5,1403 5,2595
142 15:21
4,4023 4,4970
3,9143 4,0174
4,5558 4,6478
5,1403 5,2595
143 15:22
4,4023 4,4970
3,9143 4,0174
4,5558 4,6478
5,1403 5,2595
144 15:23
4,4023 4,4970
3,9143 4,0174
4,5558 4,6478
5,1403 5,2595
145 15:24
4,4023 4,4970
3,9143 4,0174
4,5558 4,6478
5,1403 5,2595
146 15:25
4,4023 4,4970
3,9143 4,0174
4,5558 4,6478
5,1403 5,2595
147 15:26
4,4023 4,4970
3,9143 4,0174
4,5558 4,6478
5,1403 5,2595
148 15:27
4,4023 4,4970
3,9143 4,0174
4,5558 4,6478
5,1403 5,2595
149 15:28
4,4023 4,4970
3,9143 4,0174
4,5558 4,6478
5,1403 5,2595
150 15:29
4,4023 4,4970
3,9143 4,0174
4,5558 4,6478
5,1403 5,2595
151 15:30
4,4023 4,4970
3,9143 4,0174
4,5558 4,6478
5,1403 5,2595
152 15:31
4,4023 4,4970
3,9143 4,0174
4,5558 4,6478
5,1403 5,2595
153 15:32
4,4023 4,4970
3,9143 4,0174
4,5558 4,6478
5,1403 5,2595
154 15:33
4,4023 4,4970
3,9143 4,0174
4,5558 4,6478
5,1403 5,2595
155 15:34
4,4023 4,4970
3,9143 4,0174
4,5558 4,6478
5,1403 5,2595
156 15:35
4,4023 4,4970
3,9143 4,0174
4,5558 4,6478
5,1403 5,2595
157 15:36
4,4023 4,4970
3,9143 4,0174
4,5558 4,6478
5,1403 5,2595
158 15:37
4,4023 4,4970
3,9143 4,0174
4,5558 4,6478
5,1403 5,2595
159 15:38
4,4023 4,4970
3,9143 4,0174
4,5558 4,6478
5,1403 5,2595
160 15:39
4,4023 4,4970
3,9143 4,0174
4,5558 4,6478
5,1403 5,2595
161 15:40
4,4023 4,4970
3,9143 4,0174
4,5558 4,6478
5,1403 5,2595
162 15:41
4,4023 4,4970
3,9143 4,0174
4,5558 4,6478
5,1403 5,2595
163 15:42
4,4023 4,4970
3,9143 4,0174
4,5558 4,6478
5,1403 5,2595
164 15:43
4,4023 4,4970
3,9143 4,0174
4,5558 4,6478
5,1403 5,2595
165 15:44
4,4023 4,4970
3,9143 4,0174
4,5558 4,6478
5,1403 5,2595
166 15:45
4,4023 4,4970
3,9143 4,0174
4,5558 4,6478
5,1403 5,2595
167 15:46
4,4023 4,4970
3,9143 4,0174
4,5558 4,6478
5,1403 5,2595
168 15:47
4,4023 4,4970
3,9143 4,0174
4,5558 4,6478
5,1403 5,2595
169 15:48
4,4023 4,4970
3,9143 4,0174
4,5558 4,6478
5,1403 5,2595
170 15:49
4,4023 4,4970
3,9143 4,0174
4,5558 4,6478
5,1403 5,2595
171 15:50
4,4023 4,4970
3,9143 4,0174
4,5558 4,6478
5,1403 5,2595
172 15:51
4,4023 4,4970
3,9143 4,0174
4,5558 4,6478
5,1403 5,2595
173 15:52
4,4023 4,4970
3,9143 4,0174
4,5558 4,6478
5,1403 5,2595
174 15:53
4,4023 4,4970
3,9143 4,0174
4,5558 4,6478
5,1403 5,2595
175 15:54
4,4023 4,4970
3,9143 4,0174
4,5558 4,6478
5,1403 5,2595
176 15:55
4,4023 4,4970
3,9143 4,0174
4,5558 4,6478
5,1403 5,2595
177 15:56
4,4023 4,4970
3,9143 4,0174
4,5558 4,6478
5,1403 5,2595
178 15:57
4,4023 4,4970
3,9143 4,0174
4,5558 4,6478
5,1403 5,2595
179 15:58
4,4023 4,4970
3,9143 4,0174
4,5558 4,6478
5,1403 5,2595
180 15:59
4,4023 4,4970
3,9143 4,0174
4,5558 4,6478
5,1403 5,2595
181 16:00
4,4023 4,4970
3,9143 4,0174
4,5558 4,6478
5,1403 5,2595
182 16:01
4,4023 4,4970
3,9143 4,0174
4,5558 4,6478
5,1403 5,2595
183 16:02
4,4023 4,4970
3,9143 4,0174
4,5558 4,6478
5,1403 5,2595
184 16:03
4,4023 4,4970
3,9143 4,0174
4,5558 4,6478
5,1403 5,2595
185 16:04
4,4023 4,4970
3,9143 4,0174
4,5558 4,6478
5,1403 5,2595
186 16:05
4,4023 4,4970
3,9143 4,0174
4,5558 4,6478
5,1403 5,2595
187 16:06
4,4023 4,4970
3,9143 4,0174
4,5558 4,6478
5,1403 5,2595
188 16:07
4,4023 4,4970
3,9143 4,0174
4,5558 4,6478
5,1403 5,2595
189 16:08
4,4023 4,4970
3,9143 4,0174
4,5558 4,6478
5,1403 5,2595
190 16:09
4,4023 4,4970
3,9143 4,0174
4,5558 4,6478
5,1403 5,2595
191 16:10
4,4023 4,4970
3,9143 4,0174
4,5558 4,6478
5,1403 5,2595
192 16:11
4,4023 4,4970
3,9143 4,0174
4,5558 4,6478
5,1403 5,2595
193 16:12
4,4023 4,4970
3,9143 4,0174
4,5558 4,6478
5,1403 5,2595
194 16:13
4,4023 4,4970
3,9143 4,0174
4,5558 4,6478
5,1403 5,2595
195 16:14
4,4023 4,4970
3,9143 4,0174
4,5558 4,6478
5,1403 5,2595
196 16:15
4,4023 4,4970
3,9143 4,0174
4,5558 4,6478
5,1403 5,2595
197 16:16
4,4023 4,4970
3,9143 4,0174
4,5558 4,6478
5,1403 5,2595
198 16:17
4,4023 4,4970
3,9143 4,0174
4,5558 4,6478
5,1403 5,2595
199 16:18
4,4023 4,4970
3,9143 4,0174
4,5558 4,6478
5,1403 5,2595
200 16:19
4,4023 4,4970
3,9143 4,0174
4,5558 4,6478
5,1403 5,2595
201 16:20
4,4023 4,4970
3,9143 4,0174
4,5558 4,6478
5,1403 5,2595
202 16:21
4,4023 4,4970
3,9143 4,0174
4,5558 4,6478
5,1403 5,2595
203 16:22
4,4023 4,4970
3,9143 4,0174
4,5558 4,6478
5,1403 5,2595
204 16:23
4,4023 4,4970
3,9143 4,0174
4,5558 4,6478
5,1403 5,2595
205 16:24
4,4023 4,4970
3,9143 4,0174
4,5558 4,6478
5,1403 5,2595
206 16:25
4,4023 4,4970
3,9143 4,0174
4,5558 4,6478
5,1403 5,2595
207 16:26
4,4023 4,4970
3,9143 4,0174
4,5558 4,6478
5,1403 5,2595
208 16:27
4,4023 4,4970
3,9143 4,0174
4,5558 4,6478
5,1403 5,2595
209 16:28
4,4023 4,4970
3,9143 4,0174
4,5558 4,6478
5,1403 5,2595
210 16:29
4,4023 4,4970
3,9143 4,0174
4,5558 4,6478
5,1403 5,2595
211 16:30
4,4023 4,4970
3,9143 4,0174
4,5558 4,6478
5,1403 5,2595
212 16:31
4,4023 4,4970
3,9143 4,0174
4,5558 4,6478
5,1403 5,2595
213 16:32
4,4023 4,4970
3,9143 4,0174
4,5558 4,6478
5,1403 5,2595
214 16:33
4,4023 4,4970
3,9143 4,0174
4,5558 4,6478
5,1403 5,2595
215 16:34
4,4023 4,4970
3,9143 4,0174
4,5558 4,6478
5,1403 5,2595
216 16:35
4,4023 4,4970
3,9143 4,0174
4,5558 4,6478
5,1403 5,2595
217 16:36
4,4023 4,4970
3,9143 4,0174
4,5558 4,6478
5,1403 5,2595
218 16:37
4,4023 4,4970
3,9143 4,0174
4,5558 4,6478
5,1403 5,2595
219 16:38
4,4023 4,4970
3,9143 4,0174
4,5558 4,6478
5,1403 5,2595
220 16:39
4,4023 4,4970
3,9143 4,0174
4,5558 4,6478
5,1403 5,2595
221 16:40
4,4023 4,4970
3,9143 4,0174
4,5558 4,6478
5,1403 5,2595
222 16:41
4,4023 4,4970
3,9143 4,0174
4,5558 4,6478
5,1403 5,2595
223 16:42
4,4023 4,4970
3,9143 4,0174
4,5558 4,6478
5,1403 5,2595
224 16:43
4,4023 4,4970
3,9143 4,0174
4,5558 4,6478
5,1403 5,2595
225 16:44
4,4023 4,4970
3,9143 4,0174
4,5558 4,6478
5,1403 5,2595
226 16:45
4,4023 4,4970
3,9143 4,0174
4,5558 4,6478
5,1403 5,2595
227 16:46
4,4023 4,4970
3,9143 4,0174
4,5558 4,6478
5,1403 5,2595
228 16:47
4,4023 4,4970
3,9143 4,0174
4,5558 4,6478
5,1403 5,2595
229 16:48
4,4023 4,4970
3,9143 4,0174
4,5558 4,6478
5,1403 5,2595
230 16:49
4,4023 4,4970
3,9143 4,0174
4,5558 4,6478
5,1403 5,2595
231 16:50
4,4023 4,4970
3,9143 4,0174
4,5558 4,6478
5,1403 5,2595
232 16:51
4,4023 4,4970
3,9143 4,0174
4,5558 4,6478
5,1403 5,2595
233 16:52
4,4023 4,4970
3,9143 4,0174
4,5558 4,6478
5,1403 5,2595
234 16:53
4,4023 4,4970
3,9143 4,0174
4,5558 4,6478
5,1403 5,2595
235 16:54
4,4023 4,4970
3,9143 4,0174
4,5558 4,6478
5,1403 5,2595
236 16:55
4,4023 4,4970
3,9143 4,0174
4,5558 4,6478
5,1403 5,2595
237 16:56
4,4023 4,4970
3,9143 4,0174
4,5558 4,6478
5,1403 5,2595
238 16:57
4,4023 4,4970
3,9143 4,0174
4,5558 4,6478
5,1403 5,2595
239 16:58
4,4023 4,4970
3,9143 4,0174
4,5558 4,6478
5,1403 5,2595
240 16:59
4,4023 4,4970
3,9143 4,0174
4,5558 4,6478
5,1403 5,2595
241 17:00
4,4023 4,4970
3,9143 4,0174
4,5558 4,6478
5,1403 5,2595
242 17:01
4,4023 4,4970
3,9143 4,0174
4,5558 4,6478
5,1403 5,2595
243 17:02
4,4023 4,4970
3,9143 4,0174
4,5558 4,6478
5,1403 5,2595
244 17:03
4,4023 4,4970
3,9143 4,0174
4,5558 4,6478
5,1403 5,2595
245 17:04
4,4023 4,4970
3,9143 4,0174
4,5558 4,6478
5,1403 5,2595
246 17:05
4,4023 4,4970
3,9143 4,0174
4,5558 4,6478
5,1403 5,2595
247 17:06
4,4023 4,4970
3,9143 4,0174
4,5558 4,6478
5,1403 5,2595
248 17:07
4,4023 4,4970
3,9143 4,0174
4,5558 4,6478
5,1403 5,2595
249 17:08
4,4023 4,4970
3,9143 4,0174
4,5558 4,6478
5,1403 5,2595
250 17:09
4,4023 4,4970
3,9143 4,0174
4,5558 4,6478
5,1403 5,2595
251 17:10
4,4023 4,4970
3,9143 4,0174
4,5558 4,6478
5,1403 5,2595
252 17:11
4,4023 4,4970
3,9143 4,0174
4,5558 4,6478
5,1403 5,2595
253 17:12
4,4023 4,4970
3,9143 4,0174
4,5558 4,6478
5,1403 5,2595
254 17:13
4,4023 4,4970
3,9143 4,0174
4,5558 4,6478
5,1403 5,2595
255 17:14
4,4023 4,4970
3,9143 4,0174
4,5558 4,6478
5,1403 5,2595
256 17:15
4,4023 4,4970
3,9143 4,0174
4,5558 4,6478
5,1403 5,2595
257 17:16
4,4023 4,4970
3,9143 4,0174
4,5558 4,6478
5,1403 5,2595
258 17:17
4,4023 4,4970
3,9143 4,0174
4,5558 4,6478
5,1403 5,2595
259 17:18
4,4023 4,4970
3,9143 4,0174
4,5558 4,6478
5,1403 5,2595
260 17:19
4,4023 4,4970
3,9143 4,0174
4,5558 4,6478
5,1403 5,2595
261 17:20
4,4023 4,4970
3,9143 4,0174
4,5558 4,6478
5,1403 5,2595
262 17:21
4,4023 4,4970
3,9143 4,0174
4,5558 4,6478
5,1403 5,2595
263 17:22
4,4023 4,4970
3,9143 4,0174
4,5558 4,6478
5,1403 5,2595
264 17:23
4,4023 4,4970
3,9143 4,0174
4,5558 4,6478
5,1403 5,2595
265 17:24
4,4023 4,4970
3,9143 4,0174
4,5558 4,6478
5,1403 5,2595
266 17:25
4,4023 4,4970
3,9143 4,0174
4,5558 4,6478
5,1403 5,2595
267 17:26
4,4023 4,4970
3,9143 4,0174
4,5558 4,6478
5,1403 5,2595
268 17:27
4,4023 4,4970
3,9143 4,0174
4,5558 4,6478
5,1403 5,2595
269 17:28
4,4023 4,4970
3,9143 4,0174
4,5558 4,6478
5,1403 5,2595
270 17:29
4,4023 4,4970
3,9143 4,0174
4,5558 4,6478
5,1403 5,2595
271 17:30
4,4023 4,4970
3,9143 4,0174
4,5558 4,6478
5,1403 5,2595
272 17:31
4,4023 4,4970
3,9143 4,0174
4,5558 4,6478
5,1403 5,2595
273 17:32
4,4023 4,4970
3,9143 4,0174
4,5558 4,6478
5,1403 5,2595
274 17:33
4,4023 4,4970
3,9143 4,0174
4,5558 4,6478
5,1403 5,2595
275 17:34
4,4023 4,4970
3,9143 4,0174
4,5558 4,6478
5,1403 5,2595
276 17:35
4,4023 4,4970
3,9143 4,0174
4,5558 4,6478
5,1403 5,2595
277 17:36
4,4023 4,4970
3,9143 4,0174
4,5558 4,6478
5,1403 5,2595
278 17:37
4,4023 4,4970
3,9143 4,0174
4,5558 4,6478
5,1403 5,2595
279 17:38
4,4023 4,4970
3,9143 4,0174
4,5558 4,6478
5,1403 5,2595
280 17:39
4,4023 4,4970
3,9143 4,0174
4,5558 4,6478
5,1403 5,2595
281 17:40
4,4023 4,4970
3,9143 4,0174
4,5558 4,6478
5,1403 5,2595
282 17:41
4,4023 4,4970
3,9143 4,0174
4,5558 4,6478
5,1403 5,2595
283 17:42
4,4023 4,4970
3,9143 4,0174
4,5558 4,6478
5,1403 5,2595
284 17:43
4,4023 4,4970
3,9143 4,0174
4,5558 4,6478
5,1403 5,2595
285 17:44
4,4023 4,4970
3,9143 4,0174
4,5558 4,6478
5,1403 5,2595
286 17:45
4,4023 4,4970
3,9143 4,0174
4,5558 4,6478
5,1403 5,2595
287 17:46
4,4023 4,4970
3,9143 4,0174
4,5558 4,6478
5,1403 5,2595
288 17:47
4,4023 4,4970
3,9143 4,0174
4,5558 4,6478
5,1403 5,2595
289 17:48
4,4023 4,4970
3,9143 4,0174
4,5558 4,6478
5,1403 5,2595
290 17:49
4,4023 4,4970
3,9143 4,0174
4,5558 4,6478
5,1403 5,2595
291 17:50
4,4023 4,4970
3,9143 4,0174
4,5558 4,6478
5,1403 5,2595
292 17:51
4,4023 4,4970
3,9143 4,0174
4,5558 4,6478
5,1403 5,2595
293 17:52
4,4023 4,4970
3,9143 4,0174
4,5558 4,6478
5,1403 5,2595
294 17:53
4,4023 4,4970
3,9143 4,0174
4,5558 4,6478
5,1403 5,2595
295 17:54
4,4023 4,4970
3,9143 4,0174
4,5558 4,6478
5,1403 5,2595
296 17:55
4,4023 4,4970
3,9143 4,0174
4,5558 4,6478
5,1403 5,2595
297 17:56
4,4023 4,4970
3,9143 4,0174
4,5558 4,6478
5,1403 5,2595
298 17:57
4,4023 4,4970
3,9143 4,0174
4,5558 4,6478
5,1403 5,2595
299 17:58
4,4023 4,4970
3,9143 4,0174
4,5558 4,6478
5,1403 5,2595
300 17:59
4,4023 4,4970
3,9143 4,0174
4,5558 4,6478
5,1403 5,2595
301 18:00
4,4023 4,4970
3,9143 4,0174
4,5558 4,6478
5,1403 5,2595
302 18:01
4,4023 4,4970
3,9143 4,0174
4,5558 4,6478
5,1403 5,2595
303 18:02
4,4023 4,4970
3,9143 4,0174
4,5558 4,6478
5,1403 5,2595
304 18:03
4,4023 4,4970
3,9143 4,0174
4,5558 4,6478
5,1403 5,2595
305 18:04
4,4023 4,4970
3,9143 4,0174
4,5558 4,6478
5,1403 5,2595
306 18:05
4,4023 4,4970
3,9143 4,0174
4,5558 4,6478
5,1403 5,2595
307 18:06
4,4023 4,4970
3,9143 4,0174
4,5558 4,6478
5,1403 5,2595
308 18:07
4,4023 4,4970
3,9143 4,0174
4,5558 4,6478
5,1403 5,2595
309 18:08
4,4023 4,4970
3,9143 4,0174
4,5558 4,6478
5,1403 5,2595
310 18:09
4,4023 4,4970
3,9143 4,0174
4,5558 4,6478
5,1403 5,2595
311 18:10
4,4023 4,4970
3,9143 4,0174
4,5558 4,6478
5,1403 5,2595
312 18:11
4,4023 4,4970
3,9143 4,0174
4,5558 4,6478
5,1403 5,2595
313 18:12
4,4023 4,4970
3,9143 4,0174
4,5558 4,6478
5,1403 5,2595
314 18:13
4,4023 4,4970
3,9143 4,0174
4,5558 4,6478
5,1403 5,2595
315 18:14
4,4023 4,4970
3,9143 4,0174
4,5558 4,6478
5,1403 5,2595
316 18:15
4,4023 4,4970
3,9143 4,0174
4,5558 4,6478
5,1403 5,2595
317 18:16
4,4023 4,4970
3,9143 4,0174
4,5558 4,6478
5,1403 5,2595
318 18:17
4,4023 4,4970
3,9143 4,0174
4,5558 4,6478
5,1403 5,2595
319 18:18
4,4023 4,4970
3,9143 4,0174
4,5558 4,6478
5,1403 5,2595
320 18:19
4,4023 4,4970
3,9143 4,0174
4,5558 4,6478
5,1403 5,2595
321 18:20
4,4023 4,4970
3,9143 4,0174
4,5558 4,6478
5,1403 5,2595
322 18:21
4,4023 4,4970
3,9143 4,0174
4,5558 4,6478
5,1403 5,2595
323 18:22
4,4023 4,4970
3,9143 4,0174
4,5558 4,6478
5,1403 5,2595
324 18:23
4,4023 4,4970
3,9143 4,0174
4,5558 4,6478
5,1403 5,2595
325 18:24
4,4023 4,4970
3,9143 4,0174
4,5558 4,6478
5,1403 5,2595
326 18:25
4,4023 4,4970
3,9143 4,0174
4,5558 4,6478
5,1403 5,2595
327 18:26
4,4023 4,4970
3,9143 4,0174
4,5558 4,6478
5,1403 5,2595
328 18:27
4,4023 4,4970
3,9143 4,0174
4,5558 4,6478
5,1403 5,2595
329 18:28
4,4023 4,4970
3,9143 4,0174
4,5558 4,6478
5,1403 5,2595
330 18:29
4,4023 4,4970
3,9143 4,0174
4,5558 4,6478
5,1403 5,2595
331 18:30
4,4023 4,4970
3,9143 4,0174
4,5558 4,6478
5,1403 5,2595
332 18:31
4,4023 4,4970
3,9143 4,0174
4,5558 4,6478
5,1403 5,2595
333 18:32
4,4023 4,4970
3,9143 4,0174
4,5558 4,6478
5,1403 5,2595
334 18:33
4,4023 4,4970
3,9143 4,0174
4,5558 4,6478
5,1403 5,2595
335 18:34
4,4023 4,4970
3,9143 4,0174
4,5558 4,6478
5,1403 5,2595
336 18:35
4,4023 4,4970
3,9143 4,0174
4,5558 4,6478
5,1403 5,2595
337 18:36
4,4023 4,4970
3,9143 4,0174
4,5558 4,6478
5,1403 5,2595
338 18:37
4,4023 4,4970
3,9143 4,0174
4,5558 4,6478
5,1403 5,2595
339 18:38
4,4023 4,4970
3,9143 4,0174
4,5558 4,6478
5,1403 5,2595
340 18:39
4,4023 4,4970
3,9143 4,0174
4,5558 4,6478
5,1403 5,2595
341 18:40
4,4023 4,4970
3,9143 4,0174
4,5558 4,6478
5,1403 5,2595
342 18:41
4,4023 4,4970
3,9143 4,0174
4,5558 4,6478
5,1403 5,2595
343 18:42
4,4023 4,4970
3,9143 4,0174
4,5558 4,6478
5,1403 5,2595
344 18:43
4,4023 4,4970
3,9143 4,0174
4,5558 4,6478
5,1403 5,2595
345 18:44
4,4023 4,4970
3,9143 4,0174
4,5558 4,6478
5,1403 5,2595
346 18:45
4,4023 4,4970
3,9143 4,0174
4,5558 4,6478
5,1403 5,2595
347 18:46
4,4023 4,4970
3,9143 4,0174
4,5558 4,6478
5,1403 5,2595
348 18:47
4,4023 4,4970
3,9143 4,0174
4,5558 4,6478
5,1403 5,2595
349 18:48
4,4023 4,4970
3,9143 4,0174
4,5558 4,6478
5,1403 5,2595
350 18:49
4,4023 4,4970
3,9143 4,0174
4,5558 4,6478
5,1403 5,2595
351 18:50
4,4023 4,4970
3,9143 4,0174
4,5558 4,6478
5,1403 5,2595
352 18:51
4,4023 4,4970
3,9143 4,0174
4,5558 4,6478
5,1403 5,2595
353 18:52
4,4023 4,4970
3,9143 4,0174
4,5558 4,6478
5,1403 5,2595
354 18:53
4,4023 4,4970
3,9143 4,0174
4,5558 4,6478
5,1403 5,2595
355 18:54
4,4023 4,4970
3,9143 4,0174
4,5558 4,6478
5,1403 5,2595
356 18:55
4,4023 4,4970
3,9143 4,0174
4,5558 4,6478
5,1403 5,2595
357 18:56
4,4023 4,4970
3,9143 4,0174
4,5558 4,6478
5,1403 5,2595
358 18:57
4,4023 4,4970
3,9143 4,0174
4,5558 4,6478
5,1403 5,2595
359 18:58
4,4023 4,4970
3,9143 4,0174
4,5558 4,6478
5,1403 5,2595
360 18:59
4,4023 4,4970
3,9143 4,0174
4,5558 4,6478
5,1403 5,2595
361 19:00
4,4023 4,4970
3,9143 4,0174
4,5558 4,6478
5,1403 5,2595
362 19:01
4,4023 4,4970
3,9143 4,0174
4,5558 4,6478
5,1403 5,2595
363 19:02
4,4023 4,4970
3,9143 4,0174
4,5558 4,6478
5,1403 5,2595
364 19:03
4,4023 4,4970
3,9143 4,0174
4,5558 4,6478
5,1403 5,2595
365 19:04
4,4023 4,4970
3,9143 4,0174
4,5558 4,6478
5,1403 5,2595
366 19:05
4,4023 4,4970
3,9143 4,0174
4,5558 4,6478
5,1403 5,2595
367 19:06
4,4023 4,4970
3,9143 4,0174
4,5558 4,6478
5,1403 5,2595
368 19:07
4,4023 4,4970
3,9143 4,0174
4,5558 4,6478
5,1403 5,2595
369 19:08
4,4023 4,4970
3,9143 4,0174
4,5558 4,6478
5,1403 5,2595
370 19:09
4,4023 4,4970
3,9143 4,0174
4,5558 4,6478
5,1403 5,2595
371 19:10
4,4023 4,4970
3,9143 4,0174
4,5558 4,6478
5,1403 5,2595
372 19:11
4,4023 4,4970
3,9143 4,0174
4,5558 4,6478
5,1403 5,2595
373 19:12
4,4023 4,4970
3,9143 4,0174
4,5558 4,6478
5,1403 5,2595
374 19:13
4,4023 4,4970
3,9143 4,0174
4,5558 4,6478
5,1403 5,2595
375 19:14
4,4023 4,4970
3,9143 4,0174
4,5558 4,6478
5,1403 5,2595
376 19:15
4,4023 4,4970
3,9143 4,0174
4,5558 4,6478
5,1403 5,2595
377 19:16
4,4023 4,4970
3,9143 4,0174
4,5558 4,6478
5,1403 5,2595
378 19:17
4,4023 4,4970
3,9143 4,0174
4,5558 4,6478
5,1403 5,2595
379 19:18
4,4023 4,4970
3,9143 4,0174
4,5558 4,6478
5,1403 5,2595
380 19:19
4,4023 4,4970
3,9143 4,0174
4,5558 4,6478
5,1403 5,2595
381 19:20
4,4023 4,4970
3,9143 4,0174
4,5558 4,6478
5,1403 5,2595
382 19:21
4,4023 4,4970
3,9143 4,0174
4,5558 4,6478
5,1403 5,2595
383 19:22
4,4023 4,4970
3,9143 4,0174
4,5558 4,6478
5,1403 5,2595
384 19:23
4,4023 4,4970
3,9143 4,0174
4,5558 4,6478
5,1403 5,2595
385 19:24
4,4023 4,4970
3,9143 4,0174
4,5558 4,6478
5,1403 5,2595
386 19:25
4,4023 4,4970
3,9143 4,0174
4,5558 4,6478
5,1403 5,2595
387 19:26
4,4023 4,4970
3,9143 4,0174
4,5558 4,6478
5,1403 5,2595
388 19:27
4,4023 4,4970
3,9143 4,0174
4,5558 4,6478
5,1403 5,2595
389 19:28
4,4023 4,4970
3,9143 4,0174
4,5558 4,6478
5,1403 5,2595
390 19:29
4,4023 4,4970
3,9143 4,0174
4,5558 4,6478
5,1403 5,2595
391 19:30
4,4023 4,4970
3,9143 4,0174
4,5558 4,6478
5,1403 5,2595
392 19:31
4,4023 4,4970
3,9143 4,0174
4,5558 4,6478
5,1403 5,2595
393 19:32
4,4023 4,4970
3,9143 4,0174
4,5558 4,6478
5,1403 5,2595
394 19:33
4,4023 4,4970
3,9143 4,0174
4,5558 4,6478
5,1403 5,2595
395 19:34
4,4023 4,4970
3,9143 4,0174
4,5558 4,6478
5,1403 5,2595
396 19:35
4,4023 4,4970
3,9143 4,0174
4,5558 4,6478
5,1403 5,2595
397 19:36
4,4023 4,4970
3,9143 4,0174
4,5558 4,6478
5,1403 5,2595
398 19:37
4,4023 4,4970
3,9143 4,0174
4,5558 4,6478
5,1403 5,2595
399 19:38
4,4023 4,4970
3,9143 4,0174
4,5558 4,6478
5,1403 5,2595
400 19:39
4,4023 4,4970
3,9143 4,0174
4,5558 4,6478
5,1403 5,2595
401 19:40
4,4023 4,4970
3,9143 4,0174
4,5558 4,6478
5,1403 5,2595
402 19:41
4,4023 4,4970
3,9143 4,0174
4,5558 4,6478
5,1403 5,2595
403 19:42
4,4023 4,4970
3,9143 4,0174
4,5558 4,6478
5,1403 5,2595
404 19:43
4,4023 4,4970
3,9143 4,0174
4,5558 4,6478
5,1403 5,2595
405 19:44
4,4023 4,4970
3,9143 4,0174
4,5558 4,6478
5,1403 5,2595
406 19:45
4,4023 4,4970
3,9143 4,0174
4,5558 4,6478
5,1403 5,2595
407 19:46
4,4023 4,4970
3,9143 4,0174
4,5558 4,6478
5,1403 5,2595
408 19:47
4,4023 4,4970
3,9143 4,0174
4,5558 4,6478
5,1403 5,2595
409 19:48
4,4023 4,4970
3,9143 4,0174
4,5558 4,6478
5,1403 5,2595
410 19:49
4,4023 4,4970
3,9143 4,0174
4,5558 4,6478
5,1403 5,2595
411 19:50
4,4023 4,4970
3,9143 4,0174
4,5558 4,6478
5,1403 5,2595
412 19:51
4,4023 4,4970
3,9143 4,0174
4,5558 4,6478
5,1403 5,2595
413 19:52
4,4023 4,4970
3,9143 4,0174
4,5558 4,6478
5,1403 5,2595
414 19:53
4,4023 4,4970
3,9143 4,0174
4,5558 4,6478
5,1403 5,2595
415 19:54
4,4023 4,4970
3,9143 4,0174
4,5558 4,6478
5,1403 5,2595
416 19:55
4,4023 4,4970
3,9143 4,0174
4,5558 4,6478
5,1403 5,2595
417 19:56
4,4023 4,4970
3,9143 4,0174
4,5558 4,6478
5,1403 5,2595
418 19:57
4,4023 4,4970
3,9143 4,0174
4,5558 4,6478
5,1403 5,2595
419 19:58
4,4023 4,4970
3,9143 4,0174
4,5558 4,6478
5,1403 5,2595
420 19:59
4,4023 4,4970
3,9143 4,0174
4,5558 4,6478
5,1403 5,2595
421 20:00
4,4023 4,4970
3,9143 4,0174
4,5558 4,6478
5,1403 5,2595
422 20:01
4,4023 4,4970
3,9143 4,0174
4,5558 4,6478
5,1403 5,2595
423 20:02
4,4023 4,4970
3,9143 4,0174
4,5558 4,6478
5,1403 5,2595
424 20:03
4,4023 4,4970
3,9143 4,0174
4,5558 4,6478
5,1403 5,2595
425 20:04
4,4023 4,4970
3,9143 4,0174
4,5558 4,6478
5,1403 5,2595
426 20:05
4,4023 4,4970
3,9143 4,0174
4,5558 4,6478
5,1403 5,2595
427 20:06
4,4023 4,4970
3,9143 4,0174
4,5558 4,6478
5,1403 5,2595
428 20:07
4,4023 4,4970
3,9143 4,0174
4,5558 4,6478
5,1403 5,2595
429 20:08
4,4023 4,4970
3,9143 4,0174
4,5558 4,6478
5,1403 5,2595
430 20:09
4,4023 4,4970
3,9143 4,0174
4,5558 4,6478
5,1403 5,2595
431 20:10
4,4023 4,4970
3,9143 4,0174
4,5558 4,6478
5,1403 5,2595
432 20:11
4,4023 4,4970
3,9143 4,0174
4,5558 4,6478
5,1403 5,2595
433 20:12
4,4023 4,4970
3,9143 4,0174
4,5558 4,6478
5,1403 5,2595
434 20:13
4,4023 4,4970
3,9143 4,0174
4,5558 4,6478
5,1403 5,2595
435 20:14
4,4023 4,4970
3,9143 4,0174
4,5558 4,6478
5,1403 5,2595
436 20:15
4,4023 4,4970
3,9143 4,0174
4,5558 4,6478
5,1403 5,2595
437 20:16
4,4023 4,4970
3,9143 4,0174
4,5558 4,6478
5,1403 5,2595
438 20:17
4,4023 4,4970
3,9143 4,0174
4,5558 4,6478
5,1403 5,2595
439 20:18
4,4023 4,4970
3,9143 4,0174
4,5558 4,6478
5,1403 5,2595
440 20:19
4,4023 4,4970
3,9143 4,0174
4,5558 4,6478
5,1403 5,2595
441 20:20
4,4023 4,4970
3,9143 4,0174
4,5558 4,6478
5,1403 5,2595
442 20:21
4,4023 4,4970
3,9143 4,0174
4,5558 4,6478
5,1403 5,2595
443 20:22
4,4023 4,4970
3,9143 4,0174
4,5558 4,6478
5,1403 5,2595
444 20:23
4,4023 4,4970
3,9143 4,0174
4,5558 4,6478
5,1403 5,2595
445 20:24
4,4023 4,4970
3,9143 4,0174
4,5558 4,6478
5,1403 5,2595
446 20:25
4,4023 4,4970
3,9143 4,0174
4,5558 4,6478
5,1403 5,2595
447 20:26
4,4023 4,4970
3,9143 4,0174
4,5558 4,6478
5,1403 5,2595
448 20:27
4,4023 4,4970
3,9143 4,0174
4,5558 4,6478
5,1403 5,2595
449 20:28
4,4023 4,4970
3,9143 4,0174
4,5558 4,6478
5,1403 5,2595
450 20:29
4,4023 4,4970
3,9143 4,0174
4,5558 4,6478
5,1403 5,2595
451 20:30
4,4023 4,4970
3,9143 4,0174
4,5558 4,6478
5,1403 5,2595
452 20:31
4,4023 4,4970
3,9143 4,0174
4,5558 4,6478
5,1403 5,2595
453 20:32
4,4023 4,4970
3,9143 4,0174
4,5558 4,6478
5,1403 5,2595
454 20:33
4,4023 4,4970
3,9143 4,0174
4,5558 4,6478
5,1403 5,2595
455 20:34
4,4023 4,4970
3,9143 4,0174
4,5558 4,6478
5,1403 5,2595
456 20:35
4,4023 4,4970
3,9143 4,0174
4,5558 4,6478
5,1403 5,2595
457 20:36
4,4023 4,4970
3,9143 4,0174
4,5558 4,6478
5,1403 5,2595
458 20:37
4,4023 4,4970
3,9143 4,0174
4,5558 4,6478
5,1403 5,2595
459 20:38
4,4023 4,4970
3,9143 4,0174
4,5558 4,6478
5,1403 5,2595
460 20:39
4,4023 4,4970
3,9143 4,0174
4,5558 4,6478
5,1403 5,2595
461 20:40
4,4023 4,4970
3,9143 4,0174
4,5558 4,6478
5,1403 5,2595
462 20:41
4,4023 4,4970
3,9143 4,0174
4,5558 4,6478
5,1403 5,2595
463 20:42
4,4023 4,4970
3,9143 4,0174
4,5558 4,6478
5,1403 5,2595
464 20:43
4,4023 4,4970
3,9143 4,0174
4,5558 4,6478
5,1403 5,2595
465 20:44
4,4023 4,4970
3,9143 4,0174
4,5558 4,6478
5,1403 5,2595
466 20:45
4,4023 4,4970
3,9143 4,0174
4,5558 4,6478
5,1403 5,2595
467 20:46
4,4023 4,4970
3,9143 4,0174
4,5558 4,6478
5,1403 5,2595
468 20:47
4,4023 4,4970
3,9143 4,0174
4,5558 4,6478
5,1403 5,2595
469 20:48
4,4023 4,4970
3,9143 4,0174
4,5558 4,6478
5,1403 5,2595
470 20:49
4,4023 4,4970
3,9143 4,0174
4,5558 4,6478
5,1403 5,2595
471 20:50
4,4023 4,4970
3,9143 4,0174
4,5558 4,6478
5,1403 5,2595
472 20:51
4,4023 4,4970
3,9143 4,0174
4,5558 4,6478
5,1403 5,2595
473 20:52
4,4023 4,4970
3,9143 4,0174
4,5558 4,6478
5,1403 5,2595
474 20:53
4,4023 4,4970
3,9143 4,0174
4,5558 4,6478
5,1403 5,2595
475 20:54
4,4023 4,4970
3,9143 4,0174
4,5558 4,6478
5,1403 5,2595
476 20:55
4,4023 4,4970
3,9143 4,0174
4,5558 4,6478
5,1403 5,2595
477 20:56
4,4023 4,4970
3,9143 4,0174
4,5558 4,6478
5,1403 5,2595
478 20:57
4,4023 4,4970
3,9143 4,0174
4,5558 4,6478
5,1403 5,2595
479 20:58
4,4023 4,4970
3,9143 4,0174
4,5558 4,6478
5,1403 5,2595
480 20:59
4,4023 4,4970
3,9143 4,0174
4,5558 4,6478
5,1403 5,2595
481 21:00
4,4023 4,4970
3,9143 4,0174
4,5558 4,6478
5,1403 5,2595
482 21:01
4,4023 4,4970
3,9143 4,0174
4,5558 4,6478
5,1403 5,2595
483 21:02
4,4023 4,4970
3,9143 4,0174
4,5558 4,6478
5,1403 5,2595
484 21:03
4,4023 4,4970
3,9143 4,0174
4,5558 4,6478
5,1403 5,2595
485 21:04
4,4023 4,4970
3,9143 4,0174
4,5558 4,6478
5,1403 5,2595
486 21:05
4,4023 4,4970
3,9143 4,0174
4,5558 4,6478
5,1403 5,2595
487 21:06
4,4023 4,4970
3,9143 4,0174
4,5558 4,6478
5,1403 5,2595
488 21:07
4,4023 4,4970
3,9143 4,0174
4,5558 4,6478
5,1403 5,2595
489 21:08
4,4023 4,4970
3,9143 4,0174
4,5558 4,6478
5,1403 5,2595
490 21:09
4,4023 4,4970
3,9143 4,0174
4,5558 4,6478
5,1403 5,2595
491 21:10
4,4023 4,4970
3,9143 4,0174
4,5558 4,6478
5,1403 5,2595
492 21:11
4,4023 4,4970
3,9143 4,0174
4,5558 4,6478
5,1403 5,2595
493 21:12
4,4023 4,4970
3,9143 4,0174
4,5558 4,6478
5,1403 5,2595
494 21:13
4,4023 4,4970
3,9143 4,0174
4,5558 4,6478
5,1403 5,2595
495 21:14
4,4023 4,4970
3,9143 4,0174
4,5558 4,6478
5,1403 5,2595
496 21:15
4,4023 4,4970
3,9143 4,0174
4,5558 4,6478
5,1403 5,2595
497 21:16
4,4023 4,4970
3,9143 4,0174
4,5558 4,6478
5,1403 5,2595
498 21:17
4,4023 4,4970
3,9143 4,0174
4,5558 4,6478
5,1403 5,2595
499 21:18
4,4023 4,4970
3,9143 4,0174
4,5558 4,6478
5,1403 5,2595
500 21:19
4,4023 4,4970
3,9143 4,0174
4,5558 4,6478
5,1403 5,2595
501 21:20
4,4023 4,4970
3,9143 4,0174
4,5558 4,6478
5,1403 5,2595
502 21:21
4,4023 4,4970
3,9143 4,0174
4,5558 4,6478
5,1403 5,2595
503 21:22
4,4023 4,4970
3,9143 4,0174
4,5558 4,6478
5,1403 5,2595
504 21:23
4,4023 4,4970
3,9143 4,0174
4,5558 4,6478
5,1403 5,2595
505 21:24
4,4023 4,4970
3,9143 4,0174
4,5558 4,6478
5,1403 5,2595
506 21:25
4,4023 4,4970
3,9143 4,0174
4,5558 4,6478
5,1403 5,2595
507 21:26
4,4023 4,4970
3,9143 4,0174
4,5558 4,6478
5,1403 5,2595
508 21:27
4,4023 4,4970
3,9143 4,0174
4,5558 4,6478
5,1403 5,2595
509 21:28
4,4023 4,4970
3,9143 4,0174
4,5558 4,6478
5,1403 5,2595
510 21:29
4,4023 4,4970
3,9143 4,0174
4,5558 4,6478
5,1403 5,2595
511 21:30
4,4023 4,4970
3,9143 4,0174
4,5558 4,6478
5,1403 5,2595
512 21:31
4,4023 4,4970
3,9143 4,0174
4,5558 4,6478
5,1403 5,2595
513 21:32
4,4023 4,4970
3,9143 4,0174
4,5558 4,6478
5,1403 5,2595
514 21:33
4,4023 4,4970
3,9143 4,0174
4,5558 4,6478
5,1403 5,2595
515 21:34
4,4023 4,4970
3,9143 4,0174
4,5558 4,6478
5,1403 5,2595
516 21:35
4,4023 4,4970
3,9143 4,0174
4,5558 4,6478
5,1403 5,2595
517 21:36
4,4023 4,4970
3,9143 4,0174
4,5558 4,6478
5,1403 5,2595
518 21:37
4,4023 4,4970
3,9143 4,0174
4,5558 4,6478
5,1403 5,2595
519 21:38
4,4023 4,4970
3,9143 4,0174
4,5558 4,6478
5,1403 5,2595
520 21:39
4,4023 4,4970
3,9143 4,0174
4,5558 4,6478
5,1403 5,2595
521 21:40
4,4023 4,4970
3,9143 4,0174
4,5558 4,6478
5,1403 5,2595
522 21:41
4,4023 4,4970
3,9143 4,0174
4,5558 4,6478
5,1403 5,2595
523 21:42
4,4023 4,4970
3,9143 4,0174
4,5558 4,6478
5,1403 5,2595
524 21:43
4,4023 4,4970
3,9143 4,0174
4,5558 4,6478
5,1403 5,2595
525 21:44
4,4023 4,4970
3,9143 4,0174
4,5558 4,6478
5,1403 5,2595
526 21:45
4,4023 4,4970
3,9143 4,0174
4,5558 4,6478
5,1403 5,2595
527 21:46
4,4023 4,4970
3,9143 4,0174
4,5558 4,6478
5,1403 5,2595
528 21:47
4,4023 4,4970
3,9143 4,0174
4,5558 4,6478
5,1403 5,2595
529 21:48
4,4023 4,4970
3,9143 4,0174
4,5558 4,6478
5,1403 5,2595
530 21:49
4,4023 4,4970
3,9143 4,0174
4,5558 4,6478
5,1403 5,2595
531 21:50
4,4023 4,4970
3,9143 4,0174
4,5558 4,6478
5,1403 5,2595
532 21:51
4,4023 4,4970
3,9143 4,0174
4,5558 4,6478
5,1403 5,2595
533 21:52
4,4023 4,4970
3,9143 4,0174
4,5558 4,6478
5,1403 5,2595
534 21:53
4,4023 4,4970
3,9143 4,0174
4,5558 4,6478
5,1403 5,2595
535 21:54
4,4023 4,4970
3,9143 4,0174
4,5558 4,6478
5,1403 5,2595
536 21:55
4,4023 4,4970
3,9143 4,0174
4,5558 4,6478
5,1403 5,2595
537 21:56
4,4023 4,4970
3,9143 4,0174
4,5558 4,6478
5,1403 5,2595
538 21:57
4,4023 4,4970
3,9143 4,0174
4,5558 4,6478
5,1403 5,2595
539 21:58
4,4023 4,4970
3,9143 4,0174
4,5558 4,6478
5,1403 5,2595
540 21:59
4,4023 4,4970
3,9143 4,0174
4,5558 4,6478
5,1403 5,2595
541 22:00
4,4023 4,4970
3,9143 4,0174
4,5558 4,6478
5,1403 5,2595
542 22:01
4,4023 4,4970
3,9143 4,0174
4,5558 4,6478
5,1403 5,2595
543 22:02
4,4023 4,4970
3,9143 4,0174
4,5558 4,6478
5,1403 5,2595
544 22:03
4,4023 4,4970
3,9143 4,0174
4,5558 4,6478
5,1403 5,2595
545 22:04
4,4023 4,4970
3,9143 4,0174
4,5558 4,6478
5,1403 5,2595
546 22:05
4,4023 4,4970
3,9143 4,0174
4,5558 4,6478
5,1403 5,2595
547 22:06
4,4023 4,4970
3,9143 4,0174
4,5558 4,6478
5,1403 5,2595
548 22:07
4,4023 4,4970
3,9143 4,0174
4,5558 4,6478
5,1403 5,2595
549 22:08
4,4023 4,4970
3,9143 4,0174
4,5558 4,6478
5,1403 5,2595
550 22:09
4,4023 4,4970
3,9143 4,0174
4,5558 4,6478
5,1403 5,2595
551 22:10
4,4023 4,4970
3,9143 4,0174
4,5558 4,6478
5,1403 5,2595
552 22:11
4,4023 4,4970
3,9143 4,0174
4,5558 4,6478
5,1403 5,2595
553 22:12
4,4023 4,4970
3,9143 4,0174
4,5558 4,6478
5,1403 5,2595
554 22:13
4,4023 4,4970
3,9143 4,0174
4,5558 4,6478
5,1403 5,2595
555 22:14
4,4023 4,4970
3,9143 4,0174
4,5558 4,6478
5,1403 5,2595
556 22:15
4,4023 4,4970
3,9143 4,0174
4,5558 4,6478
5,1403 5,2595
557 22:16
4,4023 4,4970
3,9143 4,0174
4,5558 4,6478
5,1403 5,2595
558 22:17
4,4023 4,4970
3,9143 4,0174
4,5558 4,6478
5,1403 5,2595
559 22:18
4,4023 4,4970
3,9143 4,0174
4,5558 4,6478
5,1403 5,2595
560 22:19
4,4023 4,4970
3,9143 4,0174
4,5558 4,6478
5,1403 5,2595
561 22:20
4,4023 4,4970
3,9143 4,0174
4,5558 4,6478
5,1403 5,2595
562 22:21
4,4023 4,4970
3,9143 4,0174
4,5558 4,6478
5,1403 5,2595
563 22:22
4,4023 4,4970
3,9143 4,0174
4,5558 4,6478
5,1403 5,2595
564 22:23
4,4023 4,4970
3,9143 4,0174
4,5558 4,6478
5,1403 5,2595
565 22:24
4,4023 4,4970
3,9143 4,0174
4,5558 4,6478
5,1403 5,2595
566 22:25
4,4023 4,4970
3,9143 4,0174
4,5558 4,6478
5,1403 5,2595
567 22:26
4,4023 4,4970
3,9143 4,0174
4,5558 4,6478
5,1403 5,2595
568 22:27
4,4023 4,4970
3,9143 4,0174
4,5558 4,6478
5,1403 5,2595
569 22:28
4,4023 4,4970
3,9143 4,0174
4,5558 4,6478
5,1403 5,2595
570 22:29
4,4023 4,4970
3,9143 4,0174
4,5558 4,6478
5,1403 5,2595
571 22:30
4,4023 4,4970
3,9143 4,0174
4,5558 4,6478
5,1403 5,2595
572 22:31
4,4023 4,4970
3,9143 4,0174
4,5558 4,6478
5,1403 5,2595
573 22:32
4,4023 4,4970
3,9143 4,0174
4,5558 4,6478
5,1403 5,2595
574 22:33
4,4023 4,4970
3,9143 4,0174
4,5558 4,6478
5,1403 5,2595
575 22:34
4,4023 4,4970
3,9143 4,0174
4,5558 4,6478
5,1403 5,2595
576 22:35
4,4023 4,4970
3,9143 4,0174
4,5558 4,6478
5,1403 5,2595
577 22:36
4,4023 4,4970
3,9143 4,0174
4,5558 4,6478
5,1403 5,2595
578 22:37
4,4023 4,4970
3,9143 4,0174
4,5558 4,6478
5,1403 5,2595
579 22:38
4,4023 4,4970
3,9143 4,0174
4,5558 4,6478
5,1403 5,2595
580 22:39
4,4023 4,4970
3,9143 4,0174
4,5558 4,6478
5,1403 5,2595
581 22:40
4,4023 4,4970
3,9143 4,0174
4,5558 4,6478
5,1403 5,2595
582 22:41
4,4023 4,4970
3,9143 4,0174
4,5558 4,6478
5,1403 5,2595
583 22:42
4,4023 4,4970
3,9143 4,0174
4,5558 4,6478
5,1403 5,2595
584 22:43
4,4023 4,4970
3,9143 4,0174
4,5558 4,6478
5,1403 5,2595
585 22:44
4,4023 4,4970
3,9143 4,0174
4,5558 4,6478
5,1403 5,2595
586 22:45
4,4023 4,4970
3,9143 4,0174
4,5558 4,6478
5,1403 5,2595
587 22:46
4,4023 4,4970
3,9143 4,0174
4,5558 4,6478
5,1403 5,2595
588 22:47
4,4023 4,4970
3,9143 4,0174
4,5558 4,6478
5,1403 5,2595
589 22:48
4,4023 4,4970
3,9143 4,0174
4,5558 4,6478
5,1403 5,2595
590 22:49
4,4023 4,4970
3,9143 4,0174
4,5558 4,6478
5,1403 5,2595
591 22:50
4,4023 4,4970
3,9143 4,0174
4,5558 4,6478
5,1403 5,2595
592 22:51
4,4023 4,4970
3,9143 4,0174
4,5558 4,6478
5,1403 5,2595
593 22:52
4,4023 4,4970
3,9143 4,0174
4,5558 4,6478
5,1403 5,2595
594 22:53
4,4023 4,4970
3,9143 4,0174
4,5558 4,6478
5,1403 5,2595
595 22:54
4,4023 4,4970
3,9143 4,0174
4,5558 4,6478
5,1403 5,2595
596 22:55
4,4023 4,4970
3,9143 4,0174
4,5558 4,6478
5,1403 5,2595
597 22:56
4,4023 4,4970
3,9143 4,0174
4,5558 4,6478
5,1403 5,2595
598 22:57
4,4023 4,4970
3,9143 4,0174
4,5558 4,6478
5,1403 5,2595
599 22:58
4,4023 4,4970
3,9143 4,0174
4,5558 4,6478
5,1403 5,2595
600 22:59
4,4023 4,4970
3,9143 4,0174
4,5558 4,6478
5,1403 5,2595
601 23:00
4,4023 4,4970
3,9143 4,0174
4,5558 4,6478
5,1403 5,2595
602 23:01
4,4023 4,4970
3,9143 4,0174
4,5558 4,6478
5,1403 5,2595
603 23:02
4,4023 4,4970
3,9143 4,0174
4,5558 4,6478
5,1403 5,2595
604 23:03
4,4023 4,4970
3,9143 4,0174
4,5558 4,6478
5,1403 5,2595
605 23:04
4,4023 4,4970
3,9143 4,0174
4,5558 4,6478
5,1403 5,2595
606 23:05
4,4023 4,4970
3,9143 4,0174
4,5558 4,6478
5,1403 5,2595
607 23:06
4,4023 4,4970
3,9143 4,0174
4,5558 4,6478
5,1403 5,2595
608 23:07
4,4023 4,4970
3,9143 4,0174
4,5558 4,6478
5,1403 5,2595
609 23:08
4,4023 4,4970
3,9143 4,0174
4,5558 4,6478
5,1403 5,2595
610 23:09
4,4023 4,4970
3,9143 4,0174
4,5558 4,6478
5,1403 5,2595
611 23:10
4,4023 4,4970
3,9143 4,0174
4,5558 4,6478
5,1403 5,2595
612 23:11
4,4023 4,4970
3,9143 4,0174
4,5558 4,6478
5,1403 5,2595
613 23:12
4,4023 4,4970
3,9143 4,0174
4,5558 4,6478
5,1403 5,2595
614 23:13
4,4023 4,4970
3,9143 4,0174
4,5558 4,6478
5,1403 5,2595
615 23:14
Definite connection error