#======================
2023-5-3
# 1.EUR, 2.USD, 3.CHF, 4.GBP
Sell Price, Buy Price
1 13:02
4,5290 4,6210
4,1133 4,2119
4,6263 4,6915
5,1383 5,2396
2 13:03
4,5290 4,6210
4,1133 4,2119
4,6263 4,6915
5,1383 5,2396
3 13:04
4,5290 4,6210
4,1133 4,2119
4,6263 4,6915
5,1383 5,2396
4 13:05
4,5290 4,6210
4,1133 4,2119
4,6263 4,6915
5,1383 5,2396
5 13:06
4,5290 4,6210
4,1133 4,2119
4,6263 4,6915
5,1383 5,2396
6 13:07
4,5290 4,6210
4,1133 4,2119
4,6263 4,6915
5,1383 5,2396
7 13:08
4,5290 4,6210
4,1133 4,2119
4,6263 4,6915
5,1383 5,2396
8 13:09
4,5290 4,6210
4,1133 4,2119
4,6263 4,6915
5,1383 5,2396
9 13:10
4,5290 4,6210
4,1133 4,2119
4,6263 4,6915
5,1383 5,2396
10 13:11
4,5290 4,6210
4,1133 4,2119
4,6263 4,6915
5,1383 5,2396
11 13:12
4,5290 4,6210
4,1133 4,2119
4,6263 4,6915
5,1383 5,2396
12 13:13
4,5290 4,6210
4,1133 4,2119
4,6263 4,6915
5,1383 5,2396
13 14:35
4,5290 4,6210
4,1133 4,2119
4,6263 4,6915
5,1383 5,2396
14 14:36
4,5290 4,6210
4,1133 4,2119
4,6263 4,6915
5,1383 5,2396
15 14:37
4,5290 4,6210
4,1133 4,2119
4,6263 4,6915
5,1383 5,2396
16 14:38
4,5290 4,6210
4,1133 4,2119
4,6263 4,6915
5,1383 5,2396
17 14:39
4,5290 4,6210
4,1133 4,2119
4,6263 4,6915
5,1383 5,2396
18 14:40
4,5290 4,6210
4,1133 4,2119
4,6263 4,6915
5,1383 5,2396
19 14:41
4,5290 4,6210
4,1133 4,2119
4,6263 4,6915
5,1383 5,2396
20 14:42
4,5290 4,6210
4,1133 4,2119
4,6263 4,6915
5,1383 5,2396
21 14:43
4,5290 4,6210
4,1133 4,2119
4,6263 4,6915
5,1383 5,2396
22 14:44
4,5290 4,6210
4,1133 4,2119
4,6263 4,6915
5,1383 5,2396
23 14:45
4,5290 4,6210
4,1133 4,2119
4,6263 4,6915
5,1383 5,2396
24 14:46
4,5290 4,6210
4,1133 4,2119
4,6263 4,6915
5,1383 5,2396
25 14:47
4,5290 4,6210
4,1133 4,2119
4,6263 4,6915
5,1383 5,2396
26 14:48
4,5290 4,6210
4,1133 4,2119
4,6263 4,6915
5,1383 5,2396
27 14:49
4,5290 4,6210
4,1133 4,2119
4,6263 4,6915
5,1383 5,2396
28 14:50
4,5290 4,6210
4,1133 4,2119
4,6263 4,6915
5,1383 5,2396
29 14:51
4,5290 4,6210
4,1133 4,2119
4,6263 4,6915
5,1383 5,2396
30 14:52
4,5290 4,6210
4,1133 4,2119
4,6263 4,6915
5,1383 5,2396
31 14:53
4,5290 4,6210
4,1133 4,2119
4,6263 4,6915
5,1383 5,2396
32 14:54
4,5290 4,6210
4,1133 4,2119
4,6263 4,6915
5,1383 5,2396
33 14:55
4,5290 4,6210
4,1133 4,2119
4,6263 4,6915
5,1383 5,2396
34 14:56
4,5290 4,6210
4,1133 4,2119
4,6263 4,6915
5,1383 5,2396
35 14:57
4,5290 4,6210
4,1133 4,2119
4,6263 4,6915
5,1383 5,2396
36 14:58
4,5290 4,6210
4,1133 4,2119
4,6263 4,6915
5,1383 5,2396
37 14:59
4,5290 4,6210
4,1133 4,2119
4,6263 4,6915
5,1383 5,2396
38 15:00
4,5290 4,6210
4,1133 4,2119
4,6263 4,6915
5,1383 5,2396
39 15:01
4,5290 4,6210
4,1133 4,2119
4,6263 4,6915
5,1383 5,2396
40 15:02
4,5290 4,6210
4,1133 4,2119
4,6263 4,6915
5,1383 5,2396
41 15:03
4,5290 4,6210
4,1133 4,2119
4,6263 4,6915
5,1383 5,2396
42 15:04
4,5290 4,6210
4,1133 4,2119
4,6263 4,6915
5,1383 5,2396
43 15:05
4,5290 4,6210
4,1133 4,2119
4,6263 4,6915
5,1383 5,2396
44 15:06
4,5290 4,6210
4,1133 4,2119
4,6263 4,6915
5,1383 5,2396
45 15:07
4,5290 4,6210
4,1133 4,2119
4,6263 4,6915
5,1383 5,2396
46 15:08
4,5290 4,6210
4,1133 4,2119
4,6263 4,6915
5,1383 5,2396
47 15:09
4,5290 4,6210
4,1133 4,2119
4,6263 4,6915
5,1383 5,2396
48 15:10
4,5290 4,6210
4,1133 4,2119
4,6263 4,6915
5,1383 5,2396
49 15:11
4,5290 4,6210
4,1133 4,2119
4,6263 4,6915
5,1383 5,2396
50 15:12
4,5290 4,6210
4,1133 4,2119
4,6263 4,6915
5,1383 5,2396
51 15:13
4,5290 4,6210
4,1133 4,2119
4,6263 4,6915
5,1383 5,2396
52 15:14
4,5290 4,6210
4,1133 4,2119
4,6263 4,6915
5,1383 5,2396
53 15:15
4,5290 4,6210
4,1133 4,2119
4,6263 4,6915
5,1383 5,2396
54 15:16
4,5290 4,6210
4,1133 4,2119
4,6263 4,6915
5,1383 5,2396
55 15:17
4,5290 4,6210
4,1133 4,2119
4,6263 4,6915
5,1383 5,2396
56 15:18
4,5290 4,6210
4,1133 4,2119
4,6263 4,6915
5,1383 5,2396
57 15:19
4,5290 4,6210
4,1133 4,2119
4,6263 4,6915
5,1383 5,2396
58 15:20
4,5290 4,6210
4,1133 4,2119
4,6263 4,6915
5,1383 5,2396
59 15:21
4,5290 4,6210
4,1133 4,2119
4,6263 4,6915
5,1383 5,2396
60 15:22
4,5290 4,6210
4,1133 4,2119
4,6263 4,6915
5,1383 5,2396
61 15:23
4,5290 4,6210
4,1133 4,2119
4,6263 4,6915
5,1383 5,2396
62 15:24
4,5290 4,6210
4,1133 4,2119
4,6263 4,6915
5,1383 5,2396
63 15:25
4,5290 4,6210
4,1133 4,2119
4,6263 4,6915
5,1383 5,2396
64 15:26
4,5290 4,6210
4,1133 4,2119
4,6263 4,6915
5,1383 5,2396
65 15:27
4,5290 4,6210
4,1133 4,2119
4,6263 4,6915
5,1383 5,2396
66 15:28
4,5290 4,6210
4,1133 4,2119
4,6263 4,6915
5,1383 5,2396
67 15:29
4,5290 4,6210
4,1133 4,2119
4,6263 4,6915
5,1383 5,2396
68 15:30
4,5290 4,6210
4,1133 4,2119
4,6263 4,6915
5,1383 5,2396
69 15:31
4,5290 4,6210
4,1133 4,2119
4,6263 4,6915
5,1383 5,2396
70 15:32
4,5290 4,6210
4,1133 4,2119
4,6263 4,6915
5,1383 5,2396
71 15:33
4,5290 4,6210
4,1133 4,2119
4,6263 4,6915
5,1383 5,2396
72 15:34
4,5290 4,6210
4,1133 4,2119
4,6263 4,6915
5,1383 5,2396
73 15:35
4,5290 4,6210
4,1133 4,2119
4,6263 4,6915
5,1383 5,2396
74 15:36
4,5290 4,6210
4,1133 4,2119
4,6263 4,6915
5,1383 5,2396
75 15:37
4,5290 4,6210
4,1133 4,2119
4,6263 4,6915
5,1383 5,2396
76 15:38
4,5290 4,6210
4,1133 4,2119
4,6263 4,6915
5,1383 5,2396
77 15:39
4,5290 4,6210
4,1133 4,2119
4,6263 4,6915
5,1383 5,2396
78 15:40
4,5290 4,6210
4,1133 4,2119
4,6263 4,6915
5,1383 5,2396
79 15:41
4,5290 4,6210
4,1133 4,2119
4,6263 4,6915
5,1383 5,2396
80 15:42
4,5290 4,6210
4,1133 4,2119
4,6263 4,6915
5,1383 5,2396
81 15:43
4,5290 4,6210
4,1133 4,2119
4,6263 4,6915
5,1383 5,2396
82 15:44
4,5290 4,6210
4,1133 4,2119
4,6263 4,6915
5,1383 5,2396
83 15:45
4,5290 4,6210
4,1133 4,2119
4,6263 4,6915
5,1383 5,2396
84 15:46
4,5290 4,6210
4,1133 4,2119
4,6263 4,6915
5,1383 5,2396
85 15:47
4,5290 4,6210
4,1133 4,2119
4,6263 4,6915
5,1383 5,2396
86 15:48
4,5290 4,6210
4,1133 4,2119
4,6263 4,6915
5,1383 5,2396
87 15:49
4,5290 4,6210
4,1133 4,2119
4,6263 4,6915
5,1383 5,2396
88 15:50
4,5290 4,6210
4,1133 4,2119
4,6263 4,6915
5,1383 5,2396
89 15:51
4,5290 4,6210
4,1133 4,2119
4,6263 4,6915
5,1383 5,2396
90 15:52
4,5290 4,6210
4,1133 4,2119
4,6263 4,6915
5,1383 5,2396
91 15:53
4,5290 4,6210
4,1133 4,2119
4,6263 4,6915
5,1383 5,2396
92 15:54
4,5290 4,6210
4,1133 4,2119
4,6263 4,6915
5,1383 5,2396
93 15:55
4,5290 4,6210
4,1133 4,2119
4,6263 4,6915
5,1383 5,2396
94 15:56
4,5290 4,6210
4,1133 4,2119
4,6263 4,6915
5,1383 5,2396
95 15:57
4,5290 4,6210
4,1133 4,2119
4,6263 4,6915
5,1383 5,2396
96 15:58
4,5290 4,6210
4,1133 4,2119
4,6263 4,6915
5,1383 5,2396
97 15:59
4,5290 4,6210
4,1133 4,2119
4,6263 4,6915
5,1383 5,2396
98 16:00
4,5290 4,6210
4,1133 4,2119
4,6263 4,6915
5,1383 5,2396
99 16:01
4,5290 4,6210
4,1133 4,2119
4,6263 4,6915
5,1383 5,2396
100 16:02
4,5290 4,6210
4,1133 4,2119
4,6263 4,6915
5,1383 5,2396
101 16:03
4,5290 4,6210
4,1133 4,2119
4,6263 4,6915
5,1383 5,2396
102 16:04
4,5290 4,6210
4,1133 4,2119
4,6263 4,6915
5,1383 5,2396
103 16:05
4,5290 4,6210
4,1133 4,2119
4,6263 4,6915
5,1383 5,2396
104 16:06
4,5290 4,6210
4,1133 4,2119
4,6263 4,6915
5,1383 5,2396
105 16:07
4,5290 4,6210
4,1133 4,2119
4,6263 4,6915
5,1383 5,2396
106 16:08
4,5290 4,6210
4,1133 4,2119
4,6263 4,6915
5,1383 5,2396
107 16:09
4,5290 4,6210
4,1133 4,2119
4,6263 4,6915
5,1383 5,2396
108 16:10
4,5290 4,6210
4,1133 4,2119
4,6263 4,6915
5,1383 5,2396
109 16:11
4,5290 4,6210
4,1133 4,2119
4,6263 4,6915
5,1383 5,2396
110 16:12
4,5290 4,6210
4,1133 4,2119
4,6263 4,6915
5,1383 5,2396
111 16:13
4,5290 4,6210
4,1133 4,2119
4,6263 4,6915
5,1383 5,2396
112 16:14
4,5290 4,6210
4,1133 4,2119
4,6263 4,6915
5,1383 5,2396
113 16:15
4,5290 4,6210
4,1133 4,2119
4,6263 4,6915
5,1383 5,2396
114 16:16
4,5290 4,6210
4,1133 4,2119
4,6263 4,6915
5,1383 5,2396
115 16:17
4,5290 4,6210
4,1133 4,2119
4,6263 4,6915
5,1383 5,2396
116 16:18
4,5290 4,6210
4,1133 4,2119
4,6263 4,6915
5,1383 5,2396
117 16:19
4,5290 4,6210
4,1133 4,2119
4,6263 4,6915
5,1383 5,2396
118 16:20
4,5290 4,6210
4,1133 4,2119
4,6263 4,6915
5,1383 5,2396
119 16:21
4,5290 4,6210
4,1133 4,2119
4,6263 4,6915
5,1383 5,2396
120 16:22
4,5290 4,6210
4,1133 4,2119
4,6263 4,6915
5,1383 5,2396
121 16:23
4,5290 4,6210
4,1133 4,2119
4,6263 4,6915
5,1383 5,2396
122 16:24
4,5290 4,6210
4,1133 4,2119
4,6263 4,6915
5,1383 5,2396
123 16:25
4,5290 4,6210
4,1133 4,2119
4,6263 4,6915
5,1383 5,2396
124 16:26
4,5290 4,6210
4,1133 4,2119
4,6263 4,6915
5,1383 5,2396
125 16:27
4,5290 4,6210
4,1133 4,2119
4,6263 4,6915
5,1383 5,2396
126 16:28
4,5290 4,6210
4,1133 4,2119
4,6263 4,6915
5,1383 5,2396
127 16:29
4,5290 4,6210
4,1133 4,2119
4,6263 4,6915
5,1383 5,2396
128 16:30
4,5290 4,6210
4,1133 4,2119
4,6263 4,6915
5,1383 5,2396
129 16:31
4,5290 4,6210
4,1133 4,2119
4,6263 4,6915
5,1383 5,2396
130 16:32
4,5290 4,6210
4,1133 4,2119
4,6263 4,6915
5,1383 5,2396
131 16:33
4,5290 4,6210
4,1133 4,2119
4,6263 4,6915
5,1383 5,2396
132 16:34
4,5290 4,6210
4,1133 4,2119
4,6263 4,6915
5,1383 5,2396
133 16:35
4,5290 4,6210
4,1133 4,2119
4,6263 4,6915
5,1383 5,2396
134 16:36
4,5290 4,6210
4,1133 4,2119
4,6263 4,6915
5,1383 5,2396
135 16:37
4,5290 4,6210
4,1133 4,2119
4,6263 4,6915
5,1383 5,2396
136 16:38
4,5290 4,6210
4,1133 4,2119
4,6263 4,6915
5,1383 5,2396
137 16:39
4,5290 4,6210
4,1133 4,2119
4,6263 4,6915
5,1383 5,2396
138 16:40
4,5290 4,6210
4,1133 4,2119
4,6263 4,6915
5,1383 5,2396
139 16:41
4,5290 4,6210
4,1133 4,2119
4,6263 4,6915
5,1383 5,2396
140 16:42
4,5290 4,6210
4,1133 4,2119
4,6263 4,6915
5,1383 5,2396
141 16:43
4,5290 4,6210
4,1133 4,2119
4,6263 4,6915
5,1383 5,2396
142 16:44
4,5290 4,6210
4,1133 4,2119
4,6263 4,6915
5,1383 5,2396
143 16:45
4,5290 4,6210
4,1133 4,2119
4,6263 4,6915
5,1383 5,2396
144 16:46
4,5290 4,6210
4,1133 4,2119
4,6263 4,6915
5,1383 5,2396
145 16:47
4,5290 4,6210
4,1133 4,2119
4,6263 4,6915
5,1383 5,2396
146 16:48
4,5290 4,6210
4,1133 4,2119
4,6263 4,6915
5,1383 5,2396
147 16:49
4,5290 4,6210
4,1133 4,2119
4,6263 4,6915
5,1383 5,2396
148 16:50
4,5290 4,6210
4,1133 4,2119
4,6263 4,6915
5,1383 5,2396
149 16:51
4,5290 4,6210
4,1133 4,2119
4,6263 4,6915
5,1383 5,2396
150 16:52
4,5290 4,6210
4,1133 4,2119
4,6263 4,6915
5,1383 5,2396
151 16:53
4,5290 4,6210
4,1133 4,2119
4,6263 4,6915
5,1383 5,2396
152 16:54
4,5290 4,6210
4,1133 4,2119
4,6263 4,6915
5,1383 5,2396
153 16:55
4,5290 4,6210
4,1133 4,2119
4,6263 4,6915
5,1383 5,2396
154 16:56
4,5290 4,6210
4,1133 4,2119
4,6263 4,6915
5,1383 5,2396
155 16:57
4,5290 4,6210
4,1133 4,2119
4,6263 4,6915
5,1383 5,2396
156 16:58
4,5290 4,6210
4,1133 4,2119
4,6263 4,6915
5,1383 5,2396
157 16:59
4,5290 4,6210
4,1133 4,2119
4,6263 4,6915
5,1383 5,2396
158 17:00
4,5290 4,6210
4,1133 4,2119
4,6263 4,6915
5,1383 5,2396
159 17:01
4,5290 4,6210
4,1133 4,2119
4,6263 4,6915
5,1383 5,2396
160 17:02
4,5290 4,6210
4,1133 4,2119
4,6263 4,6915
5,1383 5,2396
161 17:03
4,5290 4,6210
4,1133 4,2119
4,6263 4,6915
5,1383 5,2396
162 17:04
4,5290 4,6210
4,1133 4,2119
4,6263 4,6915
5,1383 5,2396
163 17:05
4,5290 4,6210
4,1133 4,2119
4,6263 4,6915
5,1383 5,2396
164 17:06
4,5290 4,6210
4,1133 4,2119
4,6263 4,6915
5,1383 5,2396
165 17:07
4,5290 4,6210
4,1133 4,2119
4,6263 4,6915
5,1383 5,2396
166 17:08
4,5290 4,6210
4,1133 4,2119
4,6263 4,6915
5,1383 5,2396
167 17:09
4,5290 4,6210
4,1133 4,2119
4,6263 4,6915
5,1383 5,2396
168 17:10
4,5290 4,6210
4,1133 4,2119
4,6263 4,6915
5,1383 5,2396
169 17:11
4,5290 4,6210
4,1133 4,2119
4,6263 4,6915
5,1383 5,2396
170 17:12
4,5290 4,6210
4,1133 4,2119
4,6263 4,6915
5,1383 5,2396
171 17:13
4,5290 4,6210
4,1133 4,2119
4,6263 4,6915
5,1383 5,2396
172 17:14
4,5290 4,6210
4,1133 4,2119
4,6263 4,6915
5,1383 5,2396
173 17:15
4,5290 4,6210
4,1133 4,2119
4,6263 4,6915
5,1383 5,2396
174 17:16
4,5290 4,6210
4,1133 4,2119
4,6263 4,6915
5,1383 5,2396
175 17:17
4,5290 4,6210
4,1133 4,2119
4,6263 4,6915
5,1383 5,2396
176 17:18
4,5290 4,6210
4,1133 4,2119
4,6263 4,6915
5,1383 5,2396
177 17:19
4,5290 4,6210
4,1133 4,2119
4,6263 4,6915
5,1383 5,2396
178 17:20
4,5290 4,6210
4,1133 4,2119
4,6263 4,6915
5,1383 5,2396
179 17:21
4,5290 4,6210
4,1133 4,2119
4,6263 4,6915
5,1383 5,2396
180 17:22
4,5290 4,6210
4,1133 4,2119
4,6263 4,6915
5,1383 5,2396
181 17:23
4,5290 4,6210
4,1133 4,2119
4,6263 4,6915
5,1383 5,2396
182 17:24
4,5290 4,6210
4,1133 4,2119
4,6263 4,6915
5,1383 5,2396
183 17:25
4,5290 4,6210
4,1133 4,2119
4,6263 4,6915
5,1383 5,2396
184 17:26
4,5290 4,6210
4,1133 4,2119
4,6263 4,6915
5,1383 5,2396
185 17:27
4,5290 4,6210
4,1133 4,2119
4,6263 4,6915
5,1383 5,2396
186 17:28
4,5290 4,6210
4,1133 4,2119
4,6263 4,6915
5,1383 5,2396
187 17:29
4,5290 4,6210
4,1133 4,2119
4,6263 4,6915
5,1383 5,2396
188 17:30
4,5290 4,6210
4,1133 4,2119
4,6263 4,6915
5,1383 5,2396
189 17:31
4,5290 4,6210
4,1133 4,2119
4,6263 4,6915
5,1383 5,2396
190 17:32
4,5290 4,6210
4,1133 4,2119
4,6263 4,6915
5,1383 5,2396
191 17:33
4,5290 4,6210
4,1133 4,2119
4,6263 4,6915
5,1383 5,2396
192 17:34
4,5290 4,6210
4,1133 4,2119
4,6263 4,6915
5,1383 5,2396
193 17:35
4,5290 4,6210
4,1133 4,2119
4,6263 4,6915
5,1383 5,2396
194 17:36
4,5290 4,6210
4,1133 4,2119
4,6263 4,6915
5,1383 5,2396
195 17:37
4,5290 4,6210
4,1133 4,2119
4,6263 4,6915
5,1383 5,2396
196 17:38
4,5290 4,6210
4,1133 4,2119
4,6263 4,6915
5,1383 5,2396
197 17:39
4,5290 4,6210
4,1133 4,2119
4,6263 4,6915
5,1383 5,2396
198 17:40
4,5290 4,6210
4,1133 4,2119
4,6263 4,6915
5,1383 5,2396
199 17:41
4,5290 4,6210
4,1133 4,2119
4,6263 4,6915
5,1383 5,2396
200 17:42
4,5290 4,6210
4,1133 4,2119
4,6263 4,6915
5,1383 5,2396
201 17:43
4,5290 4,6210
4,1133 4,2119
4,6263 4,6915
5,1383 5,2396
202 17:44
4,5290 4,6210
4,1133 4,2119
4,6263 4,6915
5,1383 5,2396
203 17:45
4,5290 4,6210
4,1133 4,2119
4,6263 4,6915
5,1383 5,2396
204 17:46
4,5290 4,6210
4,1133 4,2119
4,6263 4,6915
5,1383 5,2396
205 17:47
4,5290 4,6210
4,1133 4,2119
4,6263 4,6915
5,1383 5,2396
206 17:48
4,5290 4,6210
4,1133 4,2119
4,6263 4,6915
5,1383 5,2396
207 17:49
4,5290 4,6210
4,1133 4,2119
4,6263 4,6915
5,1383 5,2396
208 17:50
4,5290 4,6210
4,1133 4,2119
4,6263 4,6915
5,1383 5,2396
209 17:51
4,5290 4,6210
4,1133 4,2119
4,6263 4,6915
5,1383 5,2396
210 17:52
4,5290 4,6210
4,1133 4,2119
4,6263 4,6915
5,1383 5,2396
211 17:53
4,5290 4,6210
4,1133 4,2119
4,6263 4,6915
5,1383 5,2396
212 17:54
4,5290 4,6210
4,1133 4,2119
4,6263 4,6915
5,1383 5,2396
213 17:55
4,5290 4,6210
4,1133 4,2119
4,6263 4,6915
5,1383 5,2396
214 17:56
4,5290 4,6210
4,1133 4,2119
4,6263 4,6915
5,1383 5,2396
215 17:57
4,5290 4,6210
4,1133 4,2119
4,6263 4,6915
5,1383 5,2396
216 17:58
4,5290 4,6210
4,1133 4,2119
4,6263 4,6915
5,1383 5,2396
217 17:59
4,5290 4,6210
4,1133 4,2119
4,6263 4,6915
5,1383 5,2396
218 18:00
4,5290 4,6210
4,1133 4,2119
4,6263 4,6915
5,1383 5,2396
219 18:01
4,5290 4,6210
4,1133 4,2119
4,6263 4,6915
5,1383 5,2396
220 18:02
4,5290 4,6210
4,1133 4,2119
4,6263 4,6915
5,1383 5,2396
221 18:03
4,5290 4,6210
4,1133 4,2119
4,6263 4,6915
5,1383 5,2396
222 18:04
4,5290 4,6210
4,1133 4,2119
4,6263 4,6915
5,1383 5,2396
223 18:05
4,5290 4,6210
4,1133 4,2119
4,6263 4,6915
5,1383 5,2396
224 18:06
4,5290 4,6210
4,1133 4,2119
4,6263 4,6915
5,1383 5,2396
225 18:07
4,5290 4,6210
4,1133 4,2119
4,6263 4,6915
5,1383 5,2396
226 18:08
4,5290 4,6210
4,1133 4,2119
4,6263 4,6915
5,1383 5,2396
227 18:09
4,5290 4,6210
4,1133 4,2119
4,6263 4,6915
5,1383 5,2396
228 18:10
4,5290 4,6210
4,1133 4,2119
4,6263 4,6915
5,1383 5,2396
229 18:11
4,5290 4,6210
4,1133 4,2119
4,6263 4,6915
5,1383 5,2396
230 18:12
4,5290 4,6210
4,1133 4,2119
4,6263 4,6915
5,1383 5,2396
231 18:13
4,5290 4,6210
4,1133 4,2119
4,6263 4,6915
5,1383 5,2396
232 18:14
4,5290 4,6210
4,1133 4,2119
4,6263 4,6915
5,1383 5,2396
233 18:15
4,5290 4,6210
4,1133 4,2119
4,6263 4,6915
5,1383 5,2396
234 18:16
4,5290 4,6210
4,1133 4,2119
4,6263 4,6915
5,1383 5,2396
235 18:17
4,5290 4,6210
4,1133 4,2119
4,6263 4,6915
5,1383 5,2396
236 18:18
4,5290 4,6210
4,1133 4,2119
4,6263 4,6915
5,1383 5,2396
237 18:19
4,5290 4,6210
4,1133 4,2119
4,6263 4,6915
5,1383 5,2396
238 18:20
4,5290 4,6210
4,1133 4,2119
4,6263 4,6915
5,1383 5,2396
239 18:21
4,5290 4,6210
4,1133 4,2119
4,6263 4,6915
5,1383 5,2396
240 18:22
4,5290 4,6210
4,1133 4,2119
4,6263 4,6915
5,1383 5,2396
241 18:23
4,5290 4,6210
4,1133 4,2119
4,6263 4,6915
5,1383 5,2396
242 18:24
4,5290 4,6210
4,1133 4,2119
4,6263 4,6915
5,1383 5,2396
243 18:25
4,5290 4,6210
4,1133 4,2119
4,6263 4,6915
5,1383 5,2396
244 18:26
4,5290 4,6210
4,1133 4,2119
4,6263 4,6915
5,1383 5,2396
245 18:27
4,5290 4,6210
4,1133 4,2119
4,6263 4,6915
5,1383 5,2396
246 18:28
4,5290 4,6210
4,1133 4,2119
4,6263 4,6915
5,1383 5,2396
247 18:29
4,5290 4,6210
4,1133 4,2119
4,6263 4,6915
5,1383 5,2396
248 18:30
4,5290 4,6210
4,1133 4,2119
4,6263 4,6915
5,1383 5,2396
249 18:31
4,5290 4,6210
4,1133 4,2119
4,6263 4,6915
5,1383 5,2396
250 18:32
4,5290 4,6210
4,1133 4,2119
4,6263 4,6915
5,1383 5,2396
251 18:33
4,5290 4,6210
4,1133 4,2119
4,6263 4,6915
5,1383 5,2396
252 18:34
4,5290 4,6210
4,1133 4,2119
4,6263 4,6915
5,1383 5,2396
253 18:35
4,5290 4,6210
4,1133 4,2119
4,6263 4,6915
5,1383 5,2396
254 18:36
4,5290 4,6210
4,1133 4,2119
4,6263 4,6915
5,1383 5,2396
255 18:37
4,5290 4,6210
4,1133 4,2119
4,6263 4,6915
5,1383 5,2396
256 18:38
4,5290 4,6210
4,1133 4,2119
4,6263 4,6915
5,1383 5,2396
257 18:39
4,5290 4,6210
4,1133 4,2119
4,6263 4,6915
5,1383 5,2396
258 18:40
4,5290 4,6210
4,1133 4,2119
4,6263 4,6915
5,1383 5,2396
259 18:41
4,5290 4,6210
4,1133 4,2119
4,6263 4,6915
5,1383 5,2396
260 18:42
4,5290 4,6210
4,1133 4,2119
4,6263 4,6915
5,1383 5,2396
261 18:43
4,5290 4,6210
4,1133 4,2119
4,6263 4,6915
5,1383 5,2396
262 18:44
4,5290 4,6210
4,1133 4,2119
4,6263 4,6915
5,1383 5,2396
263 18:45
4,5290 4,6210
4,1133 4,2119
4,6263 4,6915
5,1383 5,2396
264 18:46
4,5290 4,6210
4,1133 4,2119
4,6263 4,6915
5,1383 5,2396
265 18:47
4,5290 4,6210
4,1133 4,2119
4,6263 4,6915
5,1383 5,2396
266 18:48
4,5290 4,6210
4,1133 4,2119
4,6263 4,6915
5,1383 5,2396
267 18:49
4,5290 4,6210
4,1133 4,2119
4,6263 4,6915
5,1383 5,2396
268 18:50
4,5290 4,6210
4,1133 4,2119
4,6263 4,6915
5,1383 5,2396
269 18:51
4,5290 4,6210
4,1133 4,2119
4,6263 4,6915
5,1383 5,2396
270 18:52
4,5290 4,6210
4,1133 4,2119
4,6263 4,6915
5,1383 5,2396
271 18:53
4,5290 4,6210
4,1133 4,2119
4,6263 4,6915
5,1383 5,2396
272 18:54
4,5290 4,6210
4,1133 4,2119
4,6263 4,6915
5,1383 5,2396
273 18:55
4,5290 4,6210
4,1133 4,2119
4,6263 4,6915
5,1383 5,2396
274 18:56
4,5290 4,6210
4,1133 4,2119
4,6263 4,6915
5,1383 5,2396
275 18:57
4,5290 4,6210
4,1133 4,2119
4,6263 4,6915
5,1383 5,2396
276 18:58
4,5290 4,6210
4,1133 4,2119
4,6263 4,6915
5,1383 5,2396
277 18:59
4,5290 4,6210
4,1133 4,2119
4,6263 4,6915
5,1383 5,2396
278 19:00
4,5290 4,6210
4,1133 4,2119
4,6263 4,6915
5,1383 5,2396
279 19:01
4,5290 4,6210
4,1133 4,2119
4,6263 4,6915
5,1383 5,2396
280 19:02
4,5290 4,6210
4,1133 4,2119
4,6263 4,6915
5,1383 5,2396
281 19:03
4,5290 4,6210
4,1133 4,2119
4,6263 4,6915
5,1383 5,2396
282 19:04
4,5290 4,6210
4,1133 4,2119
4,6263 4,6915
5,1383 5,2396
283 19:05
4,5290 4,6210
4,1133 4,2119
4,6263 4,6915
5,1383 5,2396
284 19:06
4,5290 4,6210
4,1133 4,2119
4,6263 4,6915
5,1383 5,2396
285 19:07
4,5290 4,6210
4,1133 4,2119
4,6263 4,6915
5,1383 5,2396
286 19:08
4,5290 4,6210
4,1133 4,2119
4,6263 4,6915
5,1383 5,2396
287 19:09
4,5290 4,6210
4,1133 4,2119
4,6263 4,6915
5,1383 5,2396
288 19:10
4,5290 4,6210
4,1133 4,2119
4,6263 4,6915
5,1383 5,2396
289 19:11
4,5290 4,6210
4,1133 4,2119
4,6263 4,6915
5,1383 5,2396
290 19:12
4,5290 4,6210
4,1133 4,2119
4,6263 4,6915
5,1383 5,2396
291 19:13
4,5290 4,6210
4,1133 4,2119
4,6263 4,6915
5,1383 5,2396
292 19:14
4,5290 4,6210
4,1133 4,2119
4,6263 4,6915
5,1383 5,2396
293 19:15
4,5290 4,6210
4,1133 4,2119
4,6263 4,6915
5,1383 5,2396
294 19:16
4,5290 4,6210
4,1133 4,2119
4,6263 4,6915
5,1383 5,2396
295 19:17
4,5290 4,6210
4,1133 4,2119
4,6263 4,6915
5,1383 5,2396
296 19:18
4,5290 4,6210
4,1133 4,2119
4,6263 4,6915
5,1383 5,2396
297 19:19
4,5290 4,6210
4,1133 4,2119
4,6263 4,6915
5,1383 5,2396
298 19:20
4,5290 4,6210
4,1133 4,2119
4,6263 4,6915
5,1383 5,2396
299 19:21
4,5290 4,6210
4,1133 4,2119
4,6263 4,6915
5,1383 5,2396
300 19:22
4,5290 4,6210
4,1133 4,2119
4,6263 4,6915
5,1383 5,2396
301 19:23
4,5290 4,6210
4,1133 4,2119
4,6263 4,6915
5,1383 5,2396
302 19:24
4,5290 4,6210
4,1133 4,2119
4,6263 4,6915
5,1383 5,2396
303 19:25
4,5290 4,6210
4,1133 4,2119
4,6263 4,6915
5,1383 5,2396
304 19:26
4,5290 4,6210
4,1133 4,2119
4,6263 4,6915
5,1383 5,2396
305 19:27
4,5290 4,6210
4,1133 4,2119
4,6263 4,6915
5,1383 5,2396
306 19:28
4,5290 4,6210
4,1133 4,2119
4,6263 4,6915
5,1383 5,2396
307 19:29
4,5290 4,6210
4,1133 4,2119
4,6263 4,6915
5,1383 5,2396
308 19:30
4,5290 4,6210
4,1133 4,2119
4,6263 4,6915
5,1383 5,2396
309 19:31
4,5290 4,6210
4,1133 4,2119
4,6263 4,6915
5,1383 5,2396
310 19:32
4,5290 4,6210
4,1133 4,2119
4,6263 4,6915
5,1383 5,2396
311 19:33
4,5290 4,6210
4,1133 4,2119
4,6263 4,6915
5,1383 5,2396
312 19:34
4,5290 4,6210
4,1133 4,2119
4,6263 4,6915
5,1383 5,2396
313 19:35
4,5290 4,6210
4,1133 4,2119
4,6263 4,6915
5,1383 5,2396
314 19:36
4,5290 4,6210
4,1133 4,2119
4,6263 4,6915
5,1383 5,2396
315 19:37
4,5290 4,6210
4,1133 4,2119
4,6263 4,6915
5,1383 5,2396
316 19:38
4,5290 4,6210
4,1133 4,2119
4,6263 4,6915
5,1383 5,2396
317 19:39
4,5290 4,6210
4,1133 4,2119
4,6263 4,6915
5,1383 5,2396
318 19:40
4,5290 4,6210
4,1133 4,2119
4,6263 4,6915
5,1383 5,2396
319 19:41
4,5290 4,6210
4,1133 4,2119
4,6263 4,6915
5,1383 5,2396
320 19:42
4,5290 4,6210
4,1133 4,2119
4,6263 4,6915
5,1383 5,2396
321 19:43
4,5290 4,6210
4,1133 4,2119
4,6263 4,6915
5,1383 5,2396
322 19:44
4,5290 4,6210
4,1133 4,2119
4,6263 4,6915
5,1383 5,2396
323 19:45
4,5290 4,6210
4,1133 4,2119
4,6263 4,6915
5,1383 5,2396
324 19:46
4,5290 4,6210
4,1133 4,2119
4,6263 4,6915
5,1383 5,2396
325 19:47
4,5290 4,6210
4,1133 4,2119
4,6263 4,6915
5,1383 5,2396
326 19:48
4,5290 4,6210
4,1133 4,2119
4,6263 4,6915
5,1383 5,2396
327 19:49
4,5290 4,6210
4,1133 4,2119
4,6263 4,6915
5,1383 5,2396
328 19:50
4,5290 4,6210
4,1133 4,2119
4,6263 4,6915
5,1383 5,2396
329 19:51
4,5290 4,6210
4,1133 4,2119
4,6263 4,6915
5,1383 5,2396
330 19:52
4,5290 4,6210
4,1133 4,2119
4,6263 4,6915
5,1383 5,2396
331 19:53
4,5290 4,6210
4,1133 4,2119
4,6263 4,6915
5,1383 5,2396
332 19:54
4,5290 4,6210
4,1133 4,2119
4,6263 4,6915
5,1383 5,2396
333 19:55
4,5290 4,6210
4,1133 4,2119
4,6263 4,6915
5,1383 5,2396
334 19:56
4,5290 4,6210
4,1133 4,2119
4,6263 4,6915
5,1383 5,2396
335 19:57
4,5290 4,6210
4,1133 4,2119
4,6263 4,6915
5,1383 5,2396
336 19:58
4,5290 4,6210
4,1133 4,2119
4,6263 4,6915
5,1383 5,2396
337 19:59
4,5290 4,6210
4,1133 4,2119
4,6263 4,6915
5,1383 5,2396
338 20:00
4,5290 4,6210
4,1133 4,2119
4,6263 4,6915
5,1383 5,2396
339 20:01
4,5290 4,6210
4,1133 4,2119
4,6263 4,6915
5,1383 5,2396
340 20:02
4,5290 4,6210
4,1133 4,2119
4,6263 4,6915
5,1383 5,2396
341 20:03
4,5290 4,6210
4,1133 4,2119
4,6263 4,6915
5,1383 5,2396
342 20:04
4,5290 4,6210
4,1133 4,2119
4,6263 4,6915
5,1383 5,2396
343 20:05
4,5290 4,6210
4,1133 4,2119
4,6263 4,6915
5,1383 5,2396
344 20:06
4,5290 4,6210
4,1133 4,2119
4,6263 4,6915
5,1383 5,2396
345 20:07
4,5290 4,6210
4,1133 4,2119
4,6263 4,6915
5,1383 5,2396
346 20:08
4,5290 4,6210
4,1133 4,2119
4,6263 4,6915
5,1383 5,2396
347 20:09
4,5290 4,6210
4,1133 4,2119
4,6263 4,6915
5,1383 5,2396
348 20:10
4,5290 4,6210
4,1133 4,2119
4,6263 4,6915
5,1383 5,2396
349 20:11
4,5290 4,6210
4,1133 4,2119
4,6263 4,6915
5,1383 5,2396
350 20:12
4,5290 4,6210
4,1133 4,2119
4,6263 4,6915
5,1383 5,2396
351 20:13
4,5290 4,6210
4,1133 4,2119
4,6263 4,6915
5,1383 5,2396
352 20:14
4,5290 4,6210
4,1133 4,2119
4,6263 4,6915
5,1383 5,2396
353 20:15
4,5290 4,6210
4,1133 4,2119
4,6263 4,6915
5,1383 5,2396
354 20:16
4,5290 4,6210
4,1133 4,2119
4,6263 4,6915
5,1383 5,2396
355 20:17
4,5290 4,6210
4,1133 4,2119
4,6263 4,6915
5,1383 5,2396
356 20:18
4,5290 4,6210
4,1133 4,2119
4,6263 4,6915
5,1383 5,2396
357 20:19
4,5290 4,6210
4,1133 4,2119
4,6263 4,6915
5,1383 5,2396
358 20:20
4,5290 4,6210
4,1133 4,2119
4,6263 4,6915
5,1383 5,2396
359 20:21
4,5290 4,6210
4,1133 4,2119
4,6263 4,6915
5,1383 5,2396
360 20:22
4,5290 4,6210
4,1133 4,2119
4,6263 4,6915
5,1383 5,2396
361 20:23
4,5290 4,6210
4,1133 4,2119
4,6263 4,6915
5,1383 5,2396
362 20:24
4,5290 4,6210
4,1133 4,2119
4,6263 4,6915
5,1383 5,2396
363 20:25
4,5290 4,6210
4,1133 4,2119
4,6263 4,6915
5,1383 5,2396
364 20:26
4,5290 4,6210
4,1133 4,2119
4,6263 4,6915
5,1383 5,2396
365 20:27
4,5290 4,6210
4,1133 4,2119
4,6263 4,6915
5,1383 5,2396
366 20:28
4,5290 4,6210
4,1133 4,2119
4,6263 4,6915
5,1383 5,2396
367 20:29
4,5290 4,6210
4,1133 4,2119
4,6263 4,6915
5,1383 5,2396
368 20:30
4,5290 4,6210
4,1133 4,2119
4,6263 4,6915
5,1383 5,2396
369 20:31
4,5290 4,6210
4,1133 4,2119
4,6263 4,6915
5,1383 5,2396
370 20:32
4,5290 4,6210
4,1133 4,2119
4,6263 4,6915
5,1383 5,2396
371 20:33
4,5290 4,6210
4,1133 4,2119
4,6263 4,6915
5,1383 5,2396
372 20:34
4,5290 4,6210
4,1133 4,2119
4,6263 4,6915
5,1383 5,2396
373 20:35
4,5290 4,6210
4,1133 4,2119
4,6263 4,6915
5,1383 5,2396
374 20:36
4,5290 4,6210
4,1133 4,2119
4,6263 4,6915
5,1383 5,2396
375 20:37
4,5290 4,6210
4,1133 4,2119
4,6263 4,6915
5,1383 5,2396
376 20:38
4,5290 4,6210
4,1133 4,2119
4,6263 4,6915
5,1383 5,2396
377 20:39
4,5290 4,6210
4,1133 4,2119
4,6263 4,6915
5,1383 5,2396
378 20:40
4,5290 4,6210
4,1133 4,2119
4,6263 4,6915
5,1383 5,2396
379 20:41
4,5290 4,6210
4,1133 4,2119
4,6263 4,6915
5,1383 5,2396
380 20:42
4,5290 4,6210
4,1133 4,2119
4,6263 4,6915
5,1383 5,2396
381 20:43
4,5290 4,6210
4,1133 4,2119
4,6263 4,6915
5,1383 5,2396
382 20:44
4,5290 4,6210
4,1133 4,2119
4,6263 4,6915
5,1383 5,2396
383 20:45
4,5290 4,6210
4,1133 4,2119
4,6263 4,6915
5,1383 5,2396
384 20:46
4,5290 4,6210
4,1133 4,2119
4,6263 4,6915
5,1383 5,2396
385 20:47
4,5290 4,6210
4,1133 4,2119
4,6263 4,6915
5,1383 5,2396
386 20:48
4,5290 4,6210
4,1133 4,2119
4,6263 4,6915
5,1383 5,2396
387 20:49
4,5290 4,6210
4,1133 4,2119
4,6263 4,6915
5,1383 5,2396
388 20:50
4,5290 4,6210
4,1133 4,2119
4,6263 4,6915
5,1383 5,2396
389 20:51
4,5290 4,6210
4,1133 4,2119
4,6263 4,6915
5,1383 5,2396
390 20:52
4,5290 4,6210
4,1133 4,2119
4,6263 4,6915
5,1383 5,2396
391 20:53
4,5290 4,6210
4,1133 4,2119
4,6263 4,6915
5,1383 5,2396
392 20:54
4,5290 4,6210
4,1133 4,2119
4,6263 4,6915
5,1383 5,2396
393 20:55
4,5290 4,6210
4,1133 4,2119
4,6263 4,6915
5,1383 5,2396
394 20:56
4,5290 4,6210
4,1133 4,2119
4,6263 4,6915
5,1383 5,2396
395 20:57
4,5290 4,6210
4,1133 4,2119
4,6263 4,6915
5,1383 5,2396
396 20:58
4,5290 4,6210
4,1133 4,2119
4,6263 4,6915
5,1383 5,2396
397 20:59
4,5290 4,6210
4,1133 4,2119
4,6263 4,6915
5,1383 5,2396
398 21:00
4,5290 4,6210
4,1133 4,2119
4,6263 4,6915
5,1383 5,2396
399 21:01
4,5290 4,6210
4,1133 4,2119
4,6263 4,6915
5,1383 5,2396
400 21:02
4,5290 4,6210
4,1133 4,2119
4,6263 4,6915
5,1383 5,2396
401 21:03
4,5290 4,6210
4,1133 4,2119
4,6263 4,6915
5,1383 5,2396
402 21:04
4,5290 4,6210
4,1133 4,2119
4,6263 4,6915
5,1383 5,2396
403 21:05
4,5290 4,6210
4,1133 4,2119
4,6263 4,6915
5,1383 5,2396
404 21:06
4,5290 4,6210
4,1133 4,2119
4,6263 4,6915
5,1383 5,2396
405 21:07
4,5290 4,6210
4,1133 4,2119
4,6263 4,6915
5,1383 5,2396
406 21:08
4,5290 4,6210
4,1133 4,2119
4,6263 4,6915
5,1383 5,2396
407 21:09
4,5290 4,6210
4,1133 4,2119
4,6263 4,6915
5,1383 5,2396
408 21:10
4,5290 4,6210
4,1133 4,2119
4,6263 4,6915
5,1383 5,2396
409 21:11
4,5290 4,6210
4,1133 4,2119
4,6263 4,6915
5,1383 5,2396
410 21:12
4,5290 4,6210
4,1133 4,2119
4,6263 4,6915
5,1383 5,2396
411 21:13
4,5290 4,6210
4,1133 4,2119
4,6263 4,6915
5,1383 5,2396
412 21:14
4,5290 4,6210
4,1133 4,2119
4,6263 4,6915
5,1383 5,2396
413 21:15
4,5290 4,6210
4,1133 4,2119
4,6263 4,6915
5,1383 5,2396
414 21:16
4,5290 4,6210
4,1133 4,2119
4,6263 4,6915
5,1383 5,2396
415 21:17
4,5290 4,6210
4,1133 4,2119
4,6263 4,6915
5,1383 5,2396
416 21:18
4,5290 4,6210
4,1133 4,2119
4,6263 4,6915
5,1383 5,2396
417 21:19
4,5290 4,6210
4,1133 4,2119
4,6263 4,6915
5,1383 5,2396
418 21:20
4,5290 4,6210
4,1133 4,2119
4,6263 4,6915
5,1383 5,2396
419 21:21
4,5290 4,6210
4,1133 4,2119
4,6263 4,6915
5,1383 5,2396
420 21:22
4,5290 4,6210
4,1133 4,2119
4,6263 4,6915
5,1383 5,2396
421 21:23
4,5290 4,6210
4,1133 4,2119
4,6263 4,6915
5,1383 5,2396
422 21:24
4,5290 4,6210
4,1133 4,2119
4,6263 4,6915
5,1383 5,2396
423 21:25
4,5290 4,6210
4,1133 4,2119
4,6263 4,6915
5,1383 5,2396
424 21:26
4,5290 4,6210
4,1133 4,2119
4,6263 4,6915
5,1383 5,2396
425 21:27
4,5290 4,6210
4,1133 4,2119
4,6263 4,6915
5,1383 5,2396
426 21:28
4,5290 4,6210
4,1133 4,2119
4,6263 4,6915
5,1383 5,2396
427 21:29
4,5290 4,6210
4,1133 4,2119
4,6263 4,6915
5,1383 5,2396
428 21:30
4,5290 4,6210
4,1133 4,2119
4,6263 4,6915
5,1383 5,2396
429 21:31
4,5290 4,6210
4,1133 4,2119
4,6263 4,6915
5,1383 5,2396
430 21:32
4,5290 4,6210
4,1133 4,2119
4,6263 4,6915
5,1383 5,2396
431 21:33
4,5290 4,6210
4,1133 4,2119
4,6263 4,6915
5,1383 5,2396
432 21:34
4,5290 4,6210
4,1133 4,2119
4,6263 4,6915
5,1383 5,2396
433 21:35
4,5290 4,6210
4,1133 4,2119
4,6263 4,6915
5,1383 5,2396
434 21:36
4,5290 4,6210
4,1133 4,2119
4,6263 4,6915
5,1383 5,2396
435 21:37
4,5290 4,6210
4,1133 4,2119
4,6263 4,6915
5,1383 5,2396
436 21:38
4,5290 4,6210
4,1133 4,2119
4,6263 4,6915
5,1383 5,2396
437 21:39
4,5290 4,6210
4,1133 4,2119
4,6263 4,6915
5,1383 5,2396
438 21:40
4,5290 4,6210
4,1133 4,2119
4,6263 4,6915
5,1383 5,2396
439 21:41
4,5290 4,6210
4,1133 4,2119
4,6263 4,6915
5,1383 5,2396
440 21:42
4,5290 4,6210
4,1133 4,2119
4,6263 4,6915
5,1383 5,2396
441 21:43
4,5290 4,6210
4,1133 4,2119
4,6263 4,6915
5,1383 5,2396
442 21:44
4,5290 4,6210
4,1133 4,2119
4,6263 4,6915
5,1383 5,2396
443 21:45
4,5290 4,6210
4,1133 4,2119
4,6263 4,6915
5,1383 5,2396
444 21:46
4,5290 4,6210
4,1133 4,2119
4,6263 4,6915
5,1383 5,2396
445 21:47
4,5290 4,6210
4,1133 4,2119
4,6263 4,6915
5,1383 5,2396
446 21:48
4,5290 4,6210
4,1133 4,2119
4,6263 4,6915
5,1383 5,2396
447 21:49
4,5290 4,6210
4,1133 4,2119
4,6263 4,6915
5,1383 5,2396
448 21:50
4,5290 4,6210
4,1133 4,2119
4,6263 4,6915
5,1383 5,2396
449 21:51
4,5290 4,6210
4,1133 4,2119
4,6263 4,6915
5,1383 5,2396
450 21:52
4,5290 4,6210
4,1133 4,2119
4,6263 4,6915
5,1383 5,2396
451 21:53
4,5290 4,6210
4,1133 4,2119
4,6263 4,6915
5,1383 5,2396
452 21:54
4,5290 4,6210
4,1133 4,2119
4,6263 4,6915
5,1383 5,2396
453 21:55
4,5290 4,6210
4,1133 4,2119
4,6263 4,6915
5,1383 5,2396
454 21:56
4,5290 4,6210
4,1133 4,2119
4,6263 4,6915
5,1383 5,2396
455 21:57
4,5290 4,6210
4,1133 4,2119
4,6263 4,6915
5,1383 5,2396
456 21:58
4,5290 4,6210
4,1133 4,2119
4,6263 4,6915
5,1383 5,2396
457 21:59
4,5290 4,6210
4,1133 4,2119
4,6263 4,6915
5,1383 5,2396
458 22:00
4,5290 4,6210
4,1133 4,2119
4,6263 4,6915
5,1383 5,2396
459 22:01
4,5290 4,6210
4,1133 4,2119
4,6263 4,6915
5,1383 5,2396
460 22:02
4,5290 4,6210
4,1133 4,2119
4,6263 4,6915
5,1383 5,2396
461 22:03
4,5290 4,6210
4,1133 4,2119
4,6263 4,6915
5,1383 5,2396
462 22:04
4,5290 4,6210
4,1133 4,2119
4,6263 4,6915
5,1383 5,2396
463 22:05
4,5290 4,6210
4,1133 4,2119
4,6263 4,6915
5,1383 5,2396
464 22:06
4,5290 4,6210
4,1133 4,2119
4,6263 4,6915
5,1383 5,2396
465 22:07
4,5290 4,6210
4,1133 4,2119
4,6263 4,6915
5,1383 5,2396
466 22:08
4,5290 4,6210
4,1133 4,2119
4,6263 4,6915
5,1383 5,2396
467 22:09
4,5290 4,6210
4,1133 4,2119
4,6263 4,6915
5,1383 5,2396
468 22:10
4,5290 4,6210
4,1133 4,2119
4,6263 4,6915
5,1383 5,2396
469 22:11
4,5290 4,6210
4,1133 4,2119
4,6263 4,6915
5,1383 5,2396
470 22:12
4,5290 4,6210
4,1133 4,2119
4,6263 4,6915
5,1383 5,2396
471 22:13
4,5290 4,6210
4,1133 4,2119
4,6263 4,6915
5,1383 5,2396
472 22:14
4,5290 4,6210
4,1133 4,2119
4,6263 4,6915
5,1383 5,2396
473 22:15
4,5290 4,6210
4,1133 4,2119
4,6263 4,6915
5,1383 5,2396
474 22:16
4,5290 4,6210
4,1133 4,2119
4,6263 4,6915
5,1383 5,2396
475 22:17
4,5290 4,6210
4,1133 4,2119
4,6263 4,6915
5,1383 5,2396
476 22:18
4,5290 4,6210
4,1133 4,2119
4,6263 4,6915
5,1383 5,2396
477 22:19
4,5290 4,6210
4,1133 4,2119
4,6263 4,6915
5,1383 5,2396
478 22:20
4,5290 4,6210
4,1133 4,2119
4,6263 4,6915
5,1383 5,2396
479 22:21
4,5290 4,6210
4,1133 4,2119
4,6263 4,6915
5,1383 5,2396
480 22:22
4,5290 4,6210
4,1133 4,2119
4,6263 4,6915
5,1383 5,2396
481 22:23
4,5290 4,6210
4,1133 4,2119
4,6263 4,6915
5,1383 5,2396
482 22:24
4,5290 4,6210
4,1133 4,2119
4,6263 4,6915
5,1383 5,2396
483 22:25
4,5290 4,6210
4,1133 4,2119
4,6263 4,6915
5,1383 5,2396
484 22:26
4,5290 4,6210
4,1133 4,2119
4,6263 4,6915
5,1383 5,2396
485 22:27
4,5290 4,6210
4,1133 4,2119
4,6263 4,6915
5,1383 5,2396
486 22:28
4,5290 4,6210
4,1133 4,2119
4,6263 4,6915
5,1383 5,2396
487 22:29
4,5290 4,6210
4,1133 4,2119
4,6263 4,6915
5,1383 5,2396
488 22:30
4,5290 4,6210
4,1133 4,2119
4,6263 4,6915
5,1383 5,2396
489 22:31
4,5290 4,6210
4,1133 4,2119
4,6263 4,6915
5,1383 5,2396
490 22:32
4,5290 4,6210
4,1133 4,2119
4,6263 4,6915
5,1383 5,2396
491 22:33
4,5290 4,6210
4,1133 4,2119
4,6263 4,6915
5,1383 5,2396
492 22:34
4,5290 4,6210
4,1133 4,2119
4,6263 4,6915
5,1383 5,2396
493 22:35
4,5290 4,6210
4,1133 4,2119
4,6263 4,6915
5,1383 5,2396
494 22:36
4,5290 4,6210
4,1133 4,2119
4,6263 4,6915
5,1383 5,2396
495 22:37
4,5290 4,6210
4,1133 4,2119
4,6263 4,6915
5,1383 5,2396
496 22:38
4,5290 4,6210
4,1133 4,2119
4,6263 4,6915
5,1383 5,2396
497 22:39
4,5290 4,6210
4,1133 4,2119
4,6263 4,6915
5,1383 5,2396
498 22:40
4,5290 4,6210
4,1133 4,2119
4,6263 4,6915
5,1383 5,2396
499 22:41
4,5290 4,6210
4,1133 4,2119
4,6263 4,6915
5,1383 5,2396
500 22:42
4,5290 4,6210
4,1133 4,2119
4,6263 4,6915
5,1383 5,2396
501 22:43
4,5290 4,6210
4,1133 4,2119
4,6263 4,6915
5,1383 5,2396
502 22:44
4,5290 4,6210
4,1133 4,2119
4,6263 4,6915
5,1383 5,2396
503 22:45
4,5290 4,6210
4,1133 4,2119
4,6263 4,6915
5,1383 5,2396
504 22:46
4,5290 4,6210
4,1133 4,2119
4,6263 4,6915
5,1383 5,2396
505 22:47
4,5290 4,6210
4,1133 4,2119
4,6263 4,6915
5,1383 5,2396
506 22:48
4,5290 4,6210
4,1133 4,2119
4,6263 4,6915
5,1383 5,2396
507 22:49
4,5290 4,6210
4,1133 4,2119
4,6263 4,6915
5,1383 5,2396
508 22:50
4,5290 4,6210
4,1133 4,2119
4,6263 4,6915
5,1383 5,2396
509 22:51
4,5290 4,6210
4,1133 4,2119
4,6263 4,6915
5,1383 5,2396
510 22:52
4,5290 4,6210
4,1133 4,2119
4,6263 4,6915
5,1383 5,2396
511 22:53
4,5290 4,6210
4,1133 4,2119
4,6263 4,6915
5,1383 5,2396
512 22:54
4,5290 4,6210
4,1133 4,2119
4,6263 4,6915
5,1383 5,2396
513 22:55
4,5290 4,6210
4,1133 4,2119
4,6263 4,6915
5,1383 5,2396
514 22:56
4,5290 4,6210
4,1133 4,2119
4,6263 4,6915
5,1383 5,2396
515 22:57
4,5290 4,6210
4,1133 4,2119
4,6263 4,6915
5,1383 5,2396
516 22:58
4,5290 4,6210
4,1133 4,2119
4,6263 4,6915
5,1383 5,2396
517 22:59
4,5290 4,6210
4,1133 4,2119
4,6263 4,6915
5,1383 5,2396
518 23:00
4,5290 4,6210
4,1133 4,2119
4,6263 4,6915
5,1383 5,2396
519 23:01
4,5290 4,6210
4,1133 4,2119
4,6263 4,6915
5,1383 5,2396
520 23:02
4,5290 4,6210
4,1133 4,2119
4,6263 4,6915
5,1383 5,2396
521 23:03
4,5290 4,6210
4,1133 4,2119
4,6263 4,6915
5,1383 5,2396
522 23:04
4,5290 4,6210
4,1133 4,2119
4,6263 4,6915
5,1383 5,2396
523 23:05
4,5290 4,6210
4,1133 4,2119
4,6263 4,6915
5,1383 5,2396
524 23:06
4,5290 4,6210
4,1133 4,2119
4,6263 4,6915
5,1383 5,2396
525 23:07
4,5290 4,6210
4,1133 4,2119
4,6263 4,6915
5,1383 5,2396
526 23:08
4,5290 4,6210
4,1133 4,2119
4,6263 4,6915
5,1383 5,2396
527 23:09
4,5290 4,6210
4,1133 4,2119
4,6263 4,6915
5,1383 5,2396
528 23:10
4,5290 4,6210
4,1133 4,2119
4,6263 4,6915
5,1383 5,2396
529 23:11
4,5290 4,6210
4,1133 4,2119
4,6263 4,6915
5,1383 5,2396
530 23:12
4,5290 4,6210
4,1133 4,2119
4,6263 4,6915
5,1383 5,2396
531 23:13
4,5290 4,6210
4,1133 4,2119
4,6263 4,6915
5,1383 5,2396
532 23:14
4,5290 4,6210
4,1133 4,2119
4,6263 4,6915
5,1383 5,2396
533 23:15
4,5290 4,6210
4,1133 4,2119
4,6263 4,6915
5,1383 5,2396
534 23:16
4,5290 4,6210
4,1133 4,2119
4,6263 4,6915
5,1383 5,2396
535 23:17
4,5290 4,6210
4,1133 4,2119
4,6263 4,6915
5,1383 5,2396
