#======================
2023-8-2
# 1.EUR, 2.USD, 3.CHF, 4.GBP
Sell Price, Buy Price
1 12:33
4,4259 4,4581
4,0325 4,0646
4,5933 4,6261
5,1557 5,1889
2 12:34
4,4257 4,4579
4,0323 4,0644
4,5926 4,6254
5,1555 5,1887
3 12:35
4,4259 4,4581
4,0318 4,0639
4,5933 4,6261
5,1558 5,1890
4 12:36
4,4258 4,4580
4,0311 4,0632
4,5932 4,6260
5,1556 5,1888
5 12:37
4,4266 4,4588
4,0316 4,0637
4,5945 4,6273
5,1565 5,1897
6 12:38
4,4269 4,4591
4,0319 4,0640
4,5945 4,6273
5,1568 5,1900
7 12:39
4,4298 4,4620
4,0343 4,0664
4,5973 4,6301
5,1605 5,1937
8 12:40
4,4295 4,4617
4,0342 4,0663
4,5970 4,6298
5,1599 5,1931
9 12:41
4,4294 4,4616
4,0344 4,0665
4,5969 4,6297
5,1602 5,1934
10 12:42
4,4286 4,4608
4,0338 4,0659
4,5961 4,6289
5,1591 5,1923
11 12:43
4,4286 4,4608
4,0332 4,0653
4,5958 4,6286
5,1599 5,1931
12 12:44
4,4285 4,4607
4,0337 4,0658
4,5955 4,6283
5,1596 5,1928
13 12:45
4,4286 4,4608
4,0335 4,0656
4,5951 4,6279
5,1597 5,1929
14 12:46
4,4286 4,4608
4,0332 4,0653
4,5950 4,6278
5,1591 5,1923
15 12:47
4,4286 4,4608
4,0334 4,0655
4,5958 4,6286
5,1597 5,1929
16 12:48
4,4286 4,4608
4,0336 4,0657
4,5967 4,6295
5,1594 5,1926
17 12:49
4,4288 4,4610
4,0336 4,0657
4,5972 4,6300
5,1599 5,1931
18 12:50
4,4285 4,4607
4,0334 4,0655
4,5970 4,6298
5,1596 5,1928
19 12:51
4,4286 4,4608
4,0334 4,0655
4,5972 4,6300
5,1597 5,1929
20 12:52
4,4286 4,4608
4,0330 4,0651
4,5975 4,6303
5,1597 5,1929
21 12:53
4,4286 4,4608
4,0328 4,0649
4,5975 4,6303
5,1600 5,1932
22 12:54
4,4286 4,4608
4,0332 4,0653
4,5965 4,6293
5,1600 5,1932
23 12:55
4,4285 4,4607
4,0328 4,0649
4,5964 4,6292
5,1608 5,1940
24 12:56
4,4269 4,4591
4,0319 4,0640
4,5945 4,6273
5,1588 5,1920
25 12:57
4,4269 4,4591
4,0323 4,0644
4,5944 4,6272
5,1584 5,1916
26 12:58
4,4261 4,4583
4,0315 4,0636
4,5934 4,6262
5,1564 5,1896
27 12:59
4,4261 4,4583
4,0312 4,0633
4,5930 4,6258
5,1562 5,1894
28 13:00
4,4247 4,4569
4,0297 4,0618
4,5916 4,6244
5,1543 5,1875
29 13:01
4,4247 4,4569
4,0305 4,0626
4,5920 4,6248
5,1543 5,1875
30 13:02
4,4236 4,4558
4,0289 4,0610
4,5904 4,6232
5,1534 5,1866
31 13:03
4,4237 4,4559
4,0287 4,0608
4,5904 4,6232
5,1537 5,1869
32 13:04
4,4231 4,4553
4,0282 4,0603
4,5905 4,6233
5,1540 5,1872
33 13:05
4,4234 4,4556
4,0287 4,0608
4,5905 4,6233
5,1531 5,1863
34 13:06
4,4233 4,4555
4,0286 4,0607
4,5903 4,6231
5,1536 5,1868
35 13:07
4,4236 4,4558
4,0292 4,0613
4,5913 4,6241
5,1538 5,1870
36 13:08
4,4231 4,4553
4,0288 4,0609
4,5904 4,6232
5,1530 5,1862
37 13:09
4,4229 4,4551
4,0280 4,0601
4,5894 4,6222
5,1525 5,1857
38 13:10
4,4218 4,4540
4,0272 4,0593
4,5885 4,6213
5,1515 5,1847
39 13:11
4,4201 4,4523
4,0261 4,0582
4,5870 4,6198
5,1493 5,1825
40 13:12
4,4205 4,4527
4,0259 4,0580
4,5872 4,6200
5,1494 5,1826
41 13:13
4,4204 4,4526
4,0261 4,0582
4,5875 4,6203
5,1493 5,1825
42 13:14
4,4206 4,4528
4,0267 4,0588
4,5887 4,6215
5,1496 5,1828
43 13:15
4,4207 4,4529
4,0272 4,0593
4,5884 4,6212
5,1497 5,1829
44 13:16
4,4203 4,4525
4,0262 4,0583
4,5879 4,6207
5,1487 5,1819
45 13:17
4,4202 4,4524
4,0258 4,0579
4,5878 4,6206
5,1488 5,1820
46 13:18
4,4202 4,4524
4,0263 4,0584
4,5871 4,6199
5,1485 5,1817
47 13:19
4,4203 4,4525
4,0264 4,0585
4,5877 4,6205
5,1483 5,1815
48 13:20
4,4214 4,4536
4,0276 4,0597
4,5888 4,6216
5,1498 5,1830
49 13:21
4,4223 4,4545
4,0282 4,0603
4,5900 4,6228
5,1516 5,1848
50 13:22
4,4239 4,4561
4,0295 4,0616
4,5919 4,6247
5,1534 5,1866
51 13:23
4,4235 4,4557
4,0293 4,0614
4,5910 4,6238
5,1529 5,1861
52 13:24
4,4234 4,4556
4,0293 4,0614
4,5909 4,6237
5,1525 5,1857
53 13:25
4,4240 4,4562
4,0302 4,0623
4,5920 4,6248
5,1535 5,1867
54 13:26
4,4237 4,4559
4,0300 4,0621
4,5917 4,6245
5,1531 5,1863
55 13:27
4,4232 4,4554
4,0295 4,0616
4,5910 4,6238
5,1526 5,1858
56 13:28
4,4234 4,4556
4,0293 4,0614
4,5912 4,6240
5,1525 5,1857
57 13:29
4,4234 4,4556
4,0291 4,0612
4,5912 4,6240
5,1525 5,1857
58 13:30
4,4241 4,4563
4,0299 4,0620
4,5918 4,6246
5,1535 5,1867
59 13:31
4,4236 4,4558
4,0292 4,0613
4,5918 4,6246
5,1533 5,1865
60 13:32
4,4237 4,4559
4,0295 4,0616
4,5919 4,6247
5,1531 5,1863
61 13:33
4,4239 4,4561
4,0294 4,0615
4,5921 4,6249
5,1534 5,1866
62 13:34
4,4243 4,4565
4,0297 4,0618
4,5923 4,6251
5,1538 5,1870
63 13:35
4,4240 4,4562
4,0298 4,0619
4,5918 4,6246
5,1538 5,1870
64 13:36
4,4240 4,4562
4,0298 4,0619
4,5918 4,6246
5,1544 5,1876
65 13:37
4,4241 4,4563
4,0299 4,0620
4,5919 4,6247
5,1545 5,1877
66 13:38
4,4243 4,4565
4,0306 4,0627
4,5913 4,6241
5,1544 5,1876
67 13:39
4,4259 4,4581
4,0319 4,0640
4,5928 4,6256
5,1563 5,1895
68 13:40
4,4262 4,4584
4,0323 4,0644
4,5933 4,6261
5,1569 5,1901
69 13:41
4,4232 4,4554
4,0296 4,0617
4,5902 4,6230
5,1531 5,1863
70 13:42
4,4241 4,4563
4,0308 4,0629
4,5910 4,6238
5,1529 5,1861
71 13:43
4,4213 4,4535
4,0281 4,0602
4,5871 4,6199
5,1494 5,1826
72 13:44
4,4245 4,4567
4,0311 4,0632
4,5899 4,6227
5,1530 5,1862
73 13:45
4,4248 4,4570
4,0311 4,0632
4,5902 4,6230
5,1536 5,1868
74 13:46
4,4254 4,4576
4,0318 4,0639
4,5909 4,6237
5,1540 5,1872
75 13:47
4,4252 4,4574
4,0316 4,0637
4,5911 4,6239
5,1536 5,1868
76 13:48
4,4253 4,4575
4,0321 4,0642
4,5903 4,6231
5,1533 5,1865
77 13:49
4,4250 4,4572
4,0316 4,0637
4,5885 4,6213
5,1528 5,1860
78 13:50
4,4247 4,4569
4,0312 4,0633
4,5894 4,6222
5,1531 5,1863
79 13:51
4,4252 4,4574
4,0313 4,0634
4,5892 4,6220
5,1528 5,1860
80 13:52
4,4258 4,4580
4,0313 4,0634
4,5894 4,6222
5,1529 5,1861
81 13:53
4,4259 4,4581
4,0321 4,0642
4,5900 4,6228
5,1532 5,1864
82 13:54
4,4256 4,4578
4,0318 4,0639
4,5894 4,6222
5,1521 5,1853
83 13:55
4,4274 4,4596
4,0325 4,0646
4,5905 4,6233
5,1533 5,1865
84 13:56
4,4262 4,4584
4,0314 4,0635
4,5888 4,6216
5,1515 5,1847
85 13:57
4,4280 4,4602
4,0329 4,0650
4,5912 4,6240
5,1527 5,1859
86 13:58
4,4284 4,4606
4,0334 4,0655
4,5923 4,6251
5,1526 5,1858
87 13:59
4,4276 4,4598
4,0327 4,0648
4,5910 4,6238
5,1514 5,1846
88 14:00
4,4281 4,4603
4,0328 4,0649
4,5916 4,6244
5,1510 5,1842
89 14:01
4,4274 4,4596
4,0307 4,0628
4,5900 4,6229
5,1490 5,1822
90 14:02
4,4284 4,4606
4,0316 4,0637
4,5907 4,6236
5,1501 5,1833
91 14:03
4,4288 4,4610
4,0314 4,0635
4,5908 4,6237
5,1513 5,1845
92 14:04
4,4297 4,4619
4,0317 4,0638
4,5920 4,6249
5,1520 5,1852
93 14:05
4,4293 4,4615
4,0313 4,0634
4,5921 4,6250
5,1524 5,1856
94 14:06
4,4294 4,4616
4,0316 4,0637
4,5918 4,6246
5,1513 5,1845
95 14:07
4,4292 4,4614
4,0306 4,0627
4,5923 4,6251
5,1508 5,1840
96 14:08
4,4297 4,4619
4,0318 4,0639
4,5938 4,6266
5,1507 5,1839
97 14:09
4,4296 4,4618
4,0320 4,0641
4,5942 4,6270
5,1509 5,1841
98 14:10
4,4302 4,4624
4,0325 4,0646
4,5944 4,6272
5,1521 5,1853
99 14:11
4,4301 4,4623
4,0325 4,0646
4,5933 4,6261
5,1509 5,1841
100 14:12
4,4303 4,4625
4,0330 4,0651
4,5935 4,6263
5,1512 5,1844
101 14:13
4,4303 4,4625
4,0332 4,0653
4,5940 4,6268
5,1512 5,1844
102 14:14
4,4301 4,4623
4,0331 4,0652
4,5933 4,6261
5,1506 5,1838
103 14:15
4,4297 4,4619
4,0324 4,0645
4,5935 4,6263
5,1494 5,1831
104 14:16
4,4296 4,4618
4,0375 4,0696
4,5929 4,6257
5,1477 5,1809
105 14:17
4,4296 4,4618
4,0356 4,0677
4,5913 4,6241
5,1476 5,1808
106 14:18
4,4294 4,4616
4,0354 4,0675
4,5906 4,6234
5,1462 5,1794
107 14:19
4,4296 4,4618
4,0345 4,0666
4,5913 4,6241
5,1451 5,1783
108 14:20
4,4297 4,4619
4,0354 4,0675
4,5915 4,6243
5,1469 5,1801
109 14:21
4,4301 4,4623
4,0372 4,0693
4,5927 4,6255
5,1477 5,1809
110 14:22
4,4297 4,4619
4,0361 4,0682
4,5919 4,6247
5,1479 5,1811
111 14:23
4,4299 4,4621
4,0369 4,0690
4,5919 4,6247
5,1477 5,1809
112 14:24
4,4299 4,4621
4,0365 4,0686
4,5924 4,6252
5,1480 5,1812
113 14:25
4,4302 4,4624
4,0375 4,0696
4,5925 4,6253
5,1484 5,1816
114 14:26
4,4303 4,4625
4,0394 4,0715
4,5926 4,6254
5,1479 5,1811
115 14:27
4,4306 4,4628
4,0388 4,0709
4,5929 4,6257
5,1488 5,1820
116 14:28
4,4304 4,4626
4,0371 4,0692
4,5912 4,6240
5,1486 5,1818
117 14:29
4,4301 4,4623
4,0362 4,0683
4,5911 4,6239
5,1485 5,1817
118 14:30
4,4299 4,4621
4,0374 4,0695
4,5912 4,6240
5,1486 5,1818
119 14:31
4,4299 4,4621
4,0367 4,0688
4,5913 4,6241
5,1475 5,1807
120 14:32
4,4299 4,4621
4,0380 4,0701
4,5916 4,6244
5,1477 5,1809
121 14:33
4,4295 4,4617
4,0396 4,0717
4,5915 4,6243
5,1461 5,1793
122 14:34
4,4294 4,4616
4,0395 4,0716
4,5912 4,6240
5,1460 5,1792
123 14:35
4,4295 4,4617
4,0400 4,0721
4,5917 4,6245
5,1472 5,1804
124 14:36
4,4295 4,4617
4,0402 4,0723
4,5922 4,6250
5,1476 5,1808
125 14:37
4,4296 4,4618
4,0401 4,0722
4,5916 4,6244
5,1477 5,1809
126 14:38
4,4293 4,4615
4,0396 4,0717
4,5923 4,6251
5,1473 5,1805
127 14:39
4,4296 4,4618
4,0399 4,0720
4,5923 4,6251
5,1465 5,1797
128 14:40
4,4309 4,4631
4,0426 4,0747
4,5938 4,6266
5,1488 5,1820
129 14:41
4,4292 4,4614
4,0403 4,0724
4,5919 4,6247
5,1448 5,1780
130 14:42
4,4292 4,4614
4,0400 4,0721
4,5921 4,6249
5,1459 5,1791
131 14:43
4,4299 4,4621
4,0403 4,0724
4,5936 4,6264
5,1450 5,1782
132 14:44
4,4314 4,4636
4,0424 4,0745
4,5956 4,6284
5,1467 5,1799
133 14:45
4,4314 4,4636
4,0416 4,0737
4,5956 4,6284
5,1480 5,1812
134 14:46
4,4317 4,4639
4,0420 4,0741
4,5959 4,6287
5,1480 5,1812
135 14:47
4,4319 4,4641
4,0421 4,0742
4,5961 4,6289
5,1485 5,1817
136 14:48
4,4321 4,4643
4,0421 4,0742
4,5961 4,6289
5,1490 5,1822
137 14:49
4,4308 4,4630
4,0399 4,0720
4,5950 4,6278
5,1475 5,1807
138 14:50
4,4306 4,4628
4,0393 4,0714
4,5955 4,6283
5,1475 5,1807
139 14:51
4,4301 4,4623
4,0388 4,0709
4,5957 4,6285
5,1463 5,1795
140 14:52
4,4305 4,4627
4,0394 4,0715
4,5957 4,6285
5,1462 5,1794
141 14:53
4,4307 4,4629
4,0405 4,0726
4,5956 4,6284
5,1476 5,1808
142 14:54
4,4306 4,4628
4,0406 4,0727
4,5950 4,6278
5,1463 5,1795
143 14:55
4,4304 4,4626
4,0404 4,0725
4,5941 4,6269
5,1468 5,1800
144 14:56
4,4303 4,4625
4,0401 4,0722
4,5944 4,6272
5,1466 5,1798
145 14:57
4,4313 4,4635
4,0414 4,0735
4,5957 4,6285
5,1475 5,1807
146 14:58
4,4313 4,4635
4,0422 4,0743
4,5970 4,6298
5,1472 5,1804
147 14:59
4,4317 4,4639
4,0426 4,0747
4,5974 4,6302
5,1478 5,1810
148 15:00
4,4318 4,4640
4,0432 4,0753
4,5980 4,6308
5,1478 5,1810
149 15:01
4,4313 4,4635
4,0433 4,0754
4,5972 4,6300
5,1469 5,1801
150 15:02
4,4316 4,4638
4,0436 4,0757
4,5982 4,6310
5,1476 5,1808
151 15:03
4,4317 4,4639
4,0435 4,0756
4,5981 4,6309
5,1473 5,1805
152 15:04
4,4317 4,4639
4,0437 4,0758
4,5981 4,6309
5,1468 5,1800
153 15:05
4,4310 4,4632
4,0429 4,0750
4,5977 4,6305
5,1461 5,1793
154 15:06
4,4320 4,4642
4,0450 4,0771
4,5988 4,6316
5,1458 5,1790
155 15:07
4,4320 4,4642
4,0449 4,0770
4,5982 4,6310
5,1452 5,1784
156 15:08
4,4320 4,4642
4,0444 4,0765
4,5976 4,6304
5,1447 5,1779
157 15:09
4,4314 4,4636
4,0441 4,0762
4,5970 4,6298
5,1446 5,1778
158 15:10
4,4323 4,4645
4,0446 4,0767
4,5985 4,6313
5,1451 5,1783
159 15:11
4,4322 4,4644
4,0436 4,0757
4,5982 4,6310
5,1450 5,1782
160 15:12
4,4327 4,4649
4,0442 4,0763
4,5989 4,6317
5,1453 5,1785
161 15:13
4,4321 4,4643
4,0440 4,0761
4,5978 4,6306
5,1437 5,1769
162 15:14
4,4315 4,4637
4,0424 4,0745
4,5971 4,6299
5,1418 5,1750
163 15:15
4,4317 4,4639
4,0424 4,0745
4,5974 4,6302
5,1417 5,1749
164 15:16
4,4315 4,4637
4,0413 4,0734
4,5969 4,6297
5,1397 5,1729
165 15:17
4,4317 4,4639
4,0411 4,0732
4,5972 4,6300
5,1405 5,1737
166 15:18
4,4317 4,4639
4,0410 4,0731
4,5971 4,6299
5,1399 5,1731
167 15:19
4,4319 4,4641
4,0409 4,0730
4,5969 4,6297
5,1408 5,1740
168 15:20
4,4332 4,4654
4,0415 4,0736
4,5982 4,6310
5,1407 5,1739
169 15:21
4,4337 4,4659
4,0422 4,0743
4,5987 4,6315
5,1423 5,1755
170 15:22
4,4341 4,4663
4,0425 4,0746
4,5980 4,6308
5,1427 5,1759
171 15:23
4,4343 4,4665
4,0429 4,0750
4,5982 4,6310
5,1433 5,1765
172 15:24
4,4353 4,4675
4,0444 4,0765
4,5997 4,6325
5,1441 5,1773
173 15:25
4,4345 4,4667
4,0440 4,0761
4,5986 4,6314
5,1428 5,1760
174 15:26
4,4341 4,4663
4,0436 4,0757
4,5984 4,6312
5,1427 5,1759
175 15:27
4,4342 4,4664
4,0439 4,0760
4,5986 4,6314
5,1428 5,1760
176 15:28
4,4340 4,4662
4,0437 4,0758
4,5980 4,6308
5,1422 5,1754
177 15:29
4,4339 4,4661
4,0436 4,0757
4,5977 4,6305
5,1424 5,1756
178 15:30
4,4336 4,4658
4,0428 4,0749
4,5972 4,6300
5,1412 5,1744
179 15:31
4,4344 4,4666
4,0440 4,0761
4,5973 4,6301
5,1421 5,1753
180 15:32
4,4364 4,4686
4,0457 4,0778
4,5995 4,6323
5,1440 5,1772
181 15:33
4,4363 4,4685
4,0454 4,0775
4,5995 4,6323
5,1446 5,1778
182 15:34
4,4364 4,4686
4,0463 4,0784
4,6001 4,6329
5,1448 5,1780
183 15:35
4,4364 4,4686
4,0468 4,0789
4,6008 4,6336
5,1447 5,1779
184 15:36
4,4365 4,4687
4,0460 4,0781
4,6013 4,6341
5,1442 5,1774
185 15:37
4,4364 4,4686
4,0464 4,0785
4,6012 4,6340
5,1444 5,1776
186 15:38
4,4366 4,4688
4,0472 4,0793
4,6015 4,6343
5,1450 5,1782
187 15:39
4,4367 4,4689
4,0482 4,0803
4,6025 4,6353
5,1457 5,1789
188 15:40
4,4355 4,4677
4,0469 4,0790
4,6013 4,6341
5,1451 5,1783
189 15:41
4,4362 4,4684
4,0483 4,0804
4,6025 4,6353
5,1469 5,1801
190 15:42
4,4358 4,4680
4,0480 4,0801
4,6021 4,6349
5,1471 5,1803
191 15:43
4,4360 4,4682
4,0492 4,0813
4,6023 4,6351
5,1476 5,1808
192 15:44
4,4387 4,4709
4,0512 4,0833
4,6049 4,6377
5,1513 5,1845
193 15:45
4,4386 4,4708
4,0505 4,0826
4,6055 4,6383
5,1512 5,1844
194 15:46
4,4389 4,4711
4,0510 4,0831
4,6054 4,6382
5,1514 5,1846
195 15:47
4,4391 4,4713
4,0519 4,0840
4,6062 4,6390
5,1526 5,1858
196 15:48
4,4357 4,4679
4,0481 4,0802
4,6034 4,6362
5,1481 5,1813
197 15:49
4,4358 4,4680
4,0487 4,0808
4,6040 4,6368
5,1486 5,1818
198 15:50
4,4365 4,4687
4,0488 4,0809
4,6042 4,6370
5,1488 5,1820
199 15:51
4,4361 4,4683
4,0481 4,0802
4,6039 4,6367
5,1469 5,1801
200 15:52
4,4357 4,4679
4,0471 4,0792
4,6043 4,6371
5,1451 5,1783
201 15:53
4,4351 4,4673
4,0473 4,0794
4,6028 4,6356
5,1463 5,1795
202 15:54
4,4350 4,4672
4,0479 4,0800
4,6029 4,6357
5,1461 5,1793
203 15:55
4,4356 4,4678
4,0496 4,0817
4,6033 4,6361
5,1471 5,1803
204 15:56
4,4354 4,4676
4,0496 4,0817
4,6031 4,6359
5,1463 5,1795
205 15:57
4,4351 4,4673
4,0486 4,0807
4,6028 4,6356
5,1466 5,1798
206 15:58
4,4352 4,4674
4,0487 4,0808
4,6029 4,6357
5,1466 5,1798
207 15:59
4,4353 4,4675
4,0489 4,0810
4,6030 4,6358
5,1467 5,1799
208 16:00
4,4350 4,4672
4,0494 4,0815
4,6024 4,6352
5,1467 5,1799
209 16:01
4,4345 4,4667
4,0493 4,0814
4,6012 4,6340
5,1459 5,1791
210 16:02
4,4346 4,4668
4,0499 4,0820
4,6026 4,6354
5,1472 5,1804
211 16:03
4,4343 4,4665
4,0493 4,0814
4,6018 4,6346
5,1465 5,1797
212 16:04
4,4352 4,4674
4,0512 4,0833
4,6035 4,6363
5,1472 5,1804
213 16:05
4,4355 4,4677
4,0512 4,0833
4,6037 4,6365
5,1471 5,1803
214 16:06
4,4360 4,4682
4,0525 4,0846
4,6031 4,6359
5,1474 5,1806
215 16:07
4,4374 4,4696
4,0524 4,0845
4,6052 4,6380
5,1478 5,1810
216 16:08
4,4375 4,4697
4,0532 4,0853
4,6058 4,6386
5,1484 5,1816
217 16:09
4,4375 4,4697
4,0531 4,0852
4,6051 4,6379
5,1476 5,1808
218 16:10
4,4380 4,4702
4,0550 4,0871
4,6073 4,6401
5,1493 5,1825
219 16:11
4,4381 4,4703
4,0559 4,0880
4,6080 4,6408
5,1503 5,1835
220 16:12
4,4395 4,4717
4,0586 4,0907
4,6107 4,6435
5,1531 5,1863
221 16:13
4,4412 4,4734
4,0601 4,0922
4,6125 4,6453
5,1558 5,1890
222 16:14
4,4410 4,4732
4,0600 4,0921
4,6126 4,6454
5,1555 5,1887
223 16:15
4,4402 4,4724
4,0596 4,0917
4,6121 4,6449
5,1551 5,1883
224 17:20
4,4327 4,4649
4,0562 4,0883
4,6147 4,6475
5,1515 5,1847
225 17:21
4,4322 4,4644
4,0545 4,0866
4,6137 4,6465
5,1510 5,1842
226 17:22
4,4317 4,4639
4,0533 4,0854
4,6132 4,6460
5,1504 5,1836
227 17:23
4,4311 4,4633
4,0522 4,0843
4,6126 4,6454
5,1497 5,1829
228 17:24
4,4297 4,4619
4,0506 4,0827
4,6121 4,6449
5,1481 5,1813
229 17:25
4,4298 4,4620
4,0501 4,0822
4,6115 4,6443
5,1482 5,1814
230 17:26
4,4292 4,4614
4,0497 4,0818
4,6114 4,6442
5,1476 5,1808
231 17:27
4,4285 4,4607
4,0487 4,0808
4,6103 4,6431
5,1466 5,1798
232 17:28
4,4297 4,4619
4,0500 4,0821
4,6116 4,6444
5,1481 5,1813
233 17:29
4,4304 4,4626
4,0501 4,0822
4,6124 4,6452
5,1487 5,1819
234 17:30
4,4298 4,4620
4,0498 4,0819
4,6118 4,6446
5,1479 5,1811
235 17:31
4,4294 4,4616
4,0491 4,0812
4,6130 4,6458
5,1477 5,1809
236 17:32
4,4283 4,4605
4,0478 4,0799
4,6123 4,6451
5,1467 5,1799
237 17:33
4,4259 4,4581
4,0455 4,0776
4,6101 4,6429
5,1437 5,1769
238 17:34
4,4240 4,4562
4,0426 4,0747
4,6082 4,6410
5,1409 5,1741
239 17:35
4,4274 4,4596
4,0453 4,0774
4,6116 4,6444
5,1445 5,1777
240 17:36
4,4259 4,4584
4,0447 4,0773
4,6108 4,6436
5,1429 5,1761
241 17:37
4,4263 4,4585
4,0452 4,0773
4,6110 4,6438
5,1436 5,1768
242 17:38
4,4279 4,4601
4,0469 4,0790
4,6119 4,6447
5,1458 5,1790
243 17:39
4,4283 4,4605
4,0480 4,0801
4,6128 4,6456
5,1462 5,1794
244 17:40
4,4282 4,4604
4,0479 4,0800
4,6130 4,6458
5,1464 5,1796
245 17:41
4,4283 4,4605
4,0476 4,0797
4,6131 4,6459
5,1459 5,1791
246 17:42
4,4282 4,4604
4,0477 4,0798
4,6130 4,6458
5,1461 5,1793
247 17:43
4,4283 4,4605
4,0474 4,0795
4,6131 4,6459
5,1465 5,1797
248 17:44
4,4279 4,4601
4,0469 4,0790
4,6122 4,6450
5,1461 5,1793
249 17:45
4,4280 4,4602
4,0473 4,0794
4,6115 4,6444
5,1455 5,1787
250 17:46
4,4279 4,4601
4,0476 4,0797
4,6112 4,6440
5,1459 5,1791
251 17:47
4,4279 4,4601
4,0474 4,0795
4,6102 4,6430
5,1451 5,1783
252 17:48
4,4280 4,4602
4,0477 4,0798
4,6103 4,6431
5,1461 5,1793
253 17:49
4,4281 4,4603
4,0482 4,0803
4,6109 4,6437
5,1462 5,1794
254 17:50
4,4280 4,4602
4,0481 4,0802
4,6113 4,6441
5,1464 5,1796
255 17:51
4,4280 4,4602
4,0481 4,0802
4,6117 4,6445
5,1461 5,1793
256 17:52
4,4280 4,4602
4,0482 4,0803
4,6125 4,6453
5,1464 5,1796
257 17:53
4,4279 4,4601
4,0483 4,0804
4,6126 4,6454
5,1468 5,1800
258 17:54
4,4274 4,4596
4,0481 4,0802
4,6121 4,6449
5,1466 5,1798
259 17:55
4,4275 4,4597
4,0486 4,0807
4,6123 4,6451
5,1468 5,1800
260 17:56
4,4276 4,4598
4,0485 4,0806
4,6119 4,6447
5,1472 5,1804
261 17:57
4,4286 4,4608
4,0490 4,0811
4,6129 4,6457
5,1477 5,1809
262 17:58
4,4282 4,4604
4,0484 4,0805
4,6115 4,6443
5,1476 5,1808
263 17:59
4,4285 4,4607
4,0482 4,0803
4,6114 4,6442
5,1483 5,1815
264 18:00
4,4289 4,4614
4,0482 4,0809
4,6113 4,6444
5,1494 5,1829
265 18:01
4,4270 4,4597
4,0465 4,0793
4,6093 4,6426
5,1465 5,1802
266 18:02
4,4269 4,4596
4,0460 4,0791
4,6092 4,6425
5,1470 5,1807
267 18:03
4,4268 4,4596
4,0457 4,0788
4,6087 4,6426
5,1469 5,1807
268 18:04
4,4270 4,4594
4,0454 4,0781
4,6093 4,6423
5,1469 5,1801
269 18:05
4,4271 4,4595
4,0444 4,0769
4,6094 4,6424
5,1472 5,1806
270 18:06
4,4271 4,4596
4,0449 4,0776
4,6094 4,6425
5,1472 5,1807
271 18:07
4,4266 4,4593
4,0442 4,0773
4,6089 4,6422
5,1466 5,1802
272 18:08
4,4263 4,4594
4,0437 4,0771
4,6080 4,6422
5,1469 5,1809
273 18:09
4,4265 4,4594
4,0438 4,0768
4,6083 4,6418
5,1471 5,1810
274 18:10
4,4265 4,4594
4,0438 4,0768
4,6083 4,6418
5,1483 5,1822
275 18:11
4,4265 4,4597
4,0443 4,0779
4,6074 4,6416
5,1471 5,1813
276 18:12
4,4266 4,4595
4,0453 4,0786
4,6074 4,6408
5,1478 5,1817
277 18:13
4,4243 4,4577
4,0437 4,0775
4,6051 4,6396
5,1456 5,1802
278 18:14
4,4256 4,4578
4,0453 4,0774
4,6069 4,6397
5,1475 5,1807
279 18:15
4,4254 4,4576
4,0455 4,0777
4,6066 4,6394
5,1469 5,1801
280 18:16
4,4257 4,4579
4,0453 4,0780
4,6075 4,6403
5,1474 5,1806
281 18:17
4,4253 4,4579
4,0450 4,0777
4,6067 4,6401
5,1469 5,1805
282 18:18
4,4251 4,4581
4,0445 4,0779
4,6069 4,6405
5,1468 5,1803
283 18:19
4,4252 4,4583
4,0444 4,0779
4,6065 4,6402
5,1467 5,1809
284 18:20
4,4252 4,4583
4,0444 4,0779
4,6066 4,6406
5,1467 5,1809
285 18:21
4,4252 4,4583
4,0448 4,0779
4,6070 4,6411
5,1468 5,1803
286 18:22
4,4238 4,4599
4,0428 4,0789
4,6055 4,6428
5,1450 5,1829
287 18:23
4,4252 4,4583
4,0438 4,0772
4,6070 4,6407
5,1469 5,1804
288 18:24
4,4252 4,4583
4,0429 4,0764
4,6079 4,6416
5,1461 5,1803
289 18:25
4,4252 4,4583
4,0433 4,0764
4,6084 4,6421
5,1467 5,1809
290 18:26
4,4250 4,4582
4,0429 4,0765
4,6087 4,6425
5,1465 5,1809
291 18:27
4,4251 4,4581
4,0426 4,0759
4,6093 4,6429
5,1461 5,1795
292 18:28
4,4251 4,4581
4,0423 4,0753
4,6093 4,6429
5,1455 5,1795
293 18:29
4,4242 4,4595
4,0416 4,0771
4,6086 4,6442
5,1443 5,1811
294 18:30
4,4241 4,4594
4,0412 4,0764
4,6086 4,6446
5,1449 5,1810
295 18:31
4,4252 4,4583
4,0422 4,0757
4,6099 4,6440
5,1455 5,1797
296 18:32
4,4255 4,4577
4,0434 4,0755
4,6106 4,6434
5,1459 5,1791
297 18:33
4,4257 4,4579
4,0437 4,0761
4,6105 4,6435
5,1462 5,1794
298 18:34
4,4259 4,4581
4,0437 4,0762
4,6106 4,6434
5,1461 5,1793
299 18:35
4,4249 4,4571
4,0424 4,0749
4,6099 4,6427
5,1457 5,1789
300 18:36
4,4247 4,4569
4,0423 4,0749
4,6098 4,6426
5,1456 5,1788
301 18:37
4,4249 4,4571
4,0418 4,0742
4,6097 4,6428
5,1458 5,1790
302 18:38
4,4251 4,4573
4,0413 4,0737
4,6098 4,6426
5,1454 5,1786
303 18:39
4,4254 4,4576
4,0414 4,0739
4,6091 4,6419
5,1458 5,1790
304 18:40
4,4249 4,4571
4,0417 4,0738
4,6090 4,6418
5,1452 5,1784
305 18:41
4,4248 4,4570
4,0416 4,0741
4,6089 4,6417
5,1457 5,1789
306 18:42
4,4246 4,4568
4,0416 4,0740
4,6087 4,6415
5,1455 5,1787
307 18:43
4,4246 4,4568
4,0422 4,0743
4,6087 4,6415
5,1461 5,1793
308 18:44
4,4248 4,4570
4,0417 4,0739
4,6087 4,6416
5,1464 5,1796
309 18:45
4,4251 4,4573
4,0427 4,0750
4,6093 4,6421
5,1475 5,1807
310 18:46
4,4251 4,4573
4,0424 4,0747
4,6088 4,6416
5,1472 5,1804
311 18:47
4,4250 4,4579
4,0429 4,0759
4,6091 4,6428
5,1482 5,1821
312 18:48
4,4262 4,4584
4,0436 4,0761
4,6099 4,6427
5,1485 5,1817
313 18:49
4,4261 4,4583
4,0440 4,0764
4,6095 4,6423
5,1484 5,1816
314 18:50
4,4260 4,4582
4,0436 4,0760
4,6097 4,6425
5,1489 5,1821
315 18:51
4,4253 4,4575
4,0425 4,0749
4,6110 4,6438
5,1477 5,1809
316 18:52
4,4249 4,4571
4,0423 4,0745
4,6105 4,6433
5,1470 5,1802
317 18:53
4,4255 4,4577
4,0420 4,0742
4,6106 4,6434
5,1474 5,1806
318 18:54
4,4251 4,4581
4,0407 4,0740
4,6098 4,6438
5,1466 5,1804
319 18:55
4,4252 4,4583
4,0407 4,0742
4,6103 4,6440
5,1467 5,1809
320 18:56
4,4252 4,4583
4,0407 4,0742
4,6102 4,6442
5,1467 5,1809
321 18:57
4,4251 4,4581
4,0400 4,0732
4,6107 4,6443
5,1467 5,1807
322 18:58
4,4252 4,4583
4,0392 4,0727
4,6102 4,6444
5,1455 5,1797
323 18:59
4,4265 4,4595
4,0413 4,0747
4,6123 4,6464
5,1472 5,1813
324 19:00
4,4255 4,4589
4,0405 4,0741
4,6121 4,6461
5,1460 5,1799
325 19:01
4,4255 4,4586
4,0402 4,0737
4,6115 4,6457
5,1458 5,1800
326 19:02
4,4253 4,4587
4,0387 4,0724
4,6114 4,6454
5,1454 5,1796
327 19:03
4,4252 4,4587
4,0393 4,0731
4,6108 4,6453
5,1455 5,1795
328 19:04
4,4245 4,4578
4,0382 4,0719
4,6097 4,6439
5,1441 5,1785
329 19:05
4,4251 4,4586
4,0385 4,0721
4,6101 4,6443
5,1448 5,1788
330 19:06
4,4248 4,4582
4,0375 4,0712
4,6090 4,6430
5,1439 5,1785
331 19:07
4,4248 4,4580
4,0376 4,0712
4,6090 4,6428
5,1445 5,1789
332 19:08
4,4248 4,4582
4,0375 4,0712
4,6091 4,6434
5,1451 5,1793
333 19:09
4,4248 4,4580
4,0375 4,0710
4,6090 4,6428
5,1452 5,1791
334 19:10
4,4248 4,4580
4,0383 4,0715
4,6090 4,6432
5,1452 5,1795
335 19:11
4,4249 4,4580
4,0382 4,0713
4,6091 4,6428
5,1458 5,1798
336 19:12
4,4249 4,4580
4,0382 4,0717
4,6091 4,6432
5,1463 5,1805
337 19:13
4,4230 4,4590
4,0366 4,0727
4,6080 4,6448
5,1448 5,1824
338 19:14
4,4248 4,4580
4,0383 4,0719
4,6100 4,6443
5,1470 5,1813
339 19:15
4,4230 4,4588
4,0370 4,0726
4,6084 4,6450
5,1446 5,1823
340 19:16
4,4230 4,4590
4,0366 4,0727
4,6085 4,6453
5,1448 5,1824
341 19:17
4,4248 4,4580
4,0386 4,0722
4,6112 4,6453
5,1470 5,1809
342 19:18
4,4248 4,4580
4,0386 4,0721
4,6115 4,6456
5,1464 5,1807
343 19:19
4,4248 4,4580
4,0390 4,0726
4,6114 4,6452
5,1464 5,1807
344 19:20
4,4249 4,4580
4,0393 4,0728
4,6115 4,6452
5,1465 5,1806
345 19:21
4,4249 4,4580
4,0393 4,0728
4,6109 4,6451
5,1463 5,1805
346 19:22
4,4223 4,4598
4,0366 4,0741
4,6083 4,6470
5,1434 5,1823
347 19:23
4,4248 4,4580
4,0386 4,0721
4,6109 4,6447
5,1458 5,1801
348 19:24
4,4249 4,4580
4,0393 4,0724
4,6109 4,6451
5,1464 5,1807
349 19:25
4,4222 4,4596
4,0366 4,0740
4,6086 4,6468
5,1429 5,1827
350 19:26
4,4222 4,4597
4,0369 4,0741
4,6087 4,6474
5,1439 5,1832
351 19:27
4,4249 4,4580
4,0386 4,0721
4,6118 4,6456
5,1464 5,1801
352 19:28
4,4249 4,4580
4,0389 4,0724
4,6118 4,6456
5,1463 5,1805
353 19:29
4,4220 4,4596
4,0360 4,0733
4,6094 4,6478
5,1431 5,1825
354 19:30
4,4248 4,4580
4,0386 4,0721
4,6118 4,6458
5,1464 5,1807
355 19:31
4,4249 4,4580
4,0393 4,0728
4,6118 4,6460
5,1463 5,1805
356 19:32
4,4249 4,4580
4,0397 4,0732
4,6118 4,6456
5,1469 5,1811
357 19:33
4,4251 4,4582
4,0400 4,0734
4,6122 4,6459
5,1473 5,1814
358 19:34
4,4251 4,4584
4,0402 4,0739
4,6116 4,6460
5,1472 5,1816
359 19:35
4,4251 4,4584
4,0404 4,0739
4,6121 4,6463
5,1478 5,1822
360 19:36
4,4250 4,4584
4,0403 4,0741
4,6117 4,6462
5,1473 5,1818
361 19:37
4,4250 4,4584
4,0403 4,0741
4,6117 4,6452
5,1473 5,1818
362 19:38
4,4231 4,4595
4,0385 4,0750
4,6091 4,6463
5,1450 5,1830
363 19:39
4,4235 4,4592
4,0389 4,0745
4,6095 4,6460
5,1459 5,1831
364 19:40
4,4231 4,4598
4,0377 4,0744
4,6090 4,6466
5,1455 5,1835
365 19:41
4,4232 4,4597
4,0378 4,0743
4,6092 4,6465
5,1457 5,1838
366 19:42
4,4230 4,4594
4,0380 4,0745
4,6090 4,6466
5,1455 5,1836
367 19:43
4,4251 4,4582
4,0395 4,0730
4,6112 4,6449
5,1485 5,1826
368 19:44
4,4250 4,4582
4,0399 4,0734
4,6111 4,6449
5,1490 5,1832
369 19:45
4,4251 4,4582
4,0395 4,0730
4,6112 4,6449
5,1491 5,1832
370 19:46
4,4251 4,4582
4,0392 4,0724
4,6107 4,6444
5,1491 5,1832
371 19:47
4,4238 4,4593
4,0383 4,0740
4,6093 4,6455
5,1476 5,1845
372 19:48
4,4251 4,4582
4,0399 4,0730
4,6102 4,6439
5,1491 5,1826
373 19:49
4,4251 4,4582
4,0400 4,0734
4,6093 4,6430
5,1477 5,1819
374 19:50
4,4251 4,4582
4,0399 4,0730
4,6093 4,6430
5,1479 5,1820
375 19:51
4,4251 4,4582
4,0402 4,0737
4,6093 4,6434
5,1485 5,1826
376 19:52
4,4251 4,4582
4,0403 4,0735
4,6096 4,6434
5,1485 5,1826
377 19:53
4,4251 4,4582
4,0402 4,0733
4,6097 4,6434
5,1490 5,1832
378 19:54
4,4251 4,4582
4,0401 4,0735
4,6097 4,6434
5,1491 5,1826
379 19:55
4,4251 4,4582
4,0402 4,0737
4,6097 4,6434
5,1491 5,1832
380 19:56
4,4251 4,4582
4,0406 4,0741
4,6107 4,6444
5,1497 5,1838
381 19:57
4,4251 4,4582
4,0417 4,0748
4,6112 4,6449
5,1497 5,1838
382 19:58
4,4253 4,4584
4,0419 4,0750
4,6114 4,6453
5,1492 5,1834
383 19:59
4,4276 4,4605
4,0437 4,0771
4,6137 4,6473
5,1512 5,1852
384 20:00
4,4291 4,4624
4,0455 4,0791
4,6153 4,6497
5,1530 5,1874
385 20:01
4,4295 4,4629
4,0452 4,0788
4,6163 4,6503
5,1531 5,1875
386 20:02
4,4305 4,4637
4,0461 4,0797
4,6174 4,6517
5,1543 5,1886
387 20:03
4,4319 4,4660
4,0469 4,0813
4,6187 4,6539
5,1564 5,1917
388 20:04
4,4316 4,4652
4,0466 4,0805
4,6184 4,6528
5,1568 5,1909
389 20:05
4,4319 4,4651
4,0470 4,0806
4,6184 4,6527
5,1565 5,1908
390 20:06
4,4324 4,4656
4,0478 4,0814
4,6189 4,6532
5,1571 5,1914
391 20:07
4,4312 4,4644
4,0467 4,0802
4,6176 4,6514
5,1556 5,1897
392 20:08
4,4312 4,4645
4,0469 4,0804
4,6175 4,6513
5,1555 5,1899
393 20:09
4,4312 4,4645
4,0465 4,0802
4,6166 4,6505
5,1555 5,1899
394 20:10
4,4313 4,4645
4,0468 4,0804
4,6165 4,6504
5,1558 5,1901
395 20:11
4,4313 4,4645
4,0468 4,0804
4,6162 4,6500
5,1558 5,1901
396 20:12
4,4313 4,4645
4,0472 4,0808
4,6158 4,6501
5,1558 5,1901
397 20:13
4,4300 4,4660
4,0467 4,0825
4,6140 4,6507
5,1549 5,1918
398 20:14
4,4303 4,4662
4,0466 4,0825
4,6141 4,6507
5,1544 5,1918
399 20:15
4,4313 4,4645
4,0468 4,0804
4,6148 4,6490
5,1558 5,1899
400 20:16
4,4313 4,4645
4,0472 4,0808
4,6149 4,6492
5,1558 5,1901
401 20:17
4,4319 4,4649
4,0481 4,0815
4,6154 4,6490
5,1565 5,1906
402 20:18
4,4321 4,4652
4,0481 4,0816
4,6156 4,6493
5,1565 5,1907
403 20:19
4,4329 4,4660
4,0488 4,0823
4,6164 4,6501
5,1568 5,1910
404 20:20
4,4328 4,4658
4,0488 4,0823
4,6163 4,6503
5,1576 5,1917
405 20:21
4,4330 4,4654
4,0494 4,0819
4,6166 4,6501
5,1572 5,1905
406 20:22
4,4331 4,4656
4,0491 4,0821
4,6165 4,6501
5,1578 5,1913
407 20:23
4,4324 4,4661
4,0485 4,0825
4,6159 4,6502
5,1570 5,1913
408 20:24
4,4328 4,4659
4,0491 4,0826
4,6162 4,6504
5,1573 5,1909
409 20:25
4,4328 4,4659
4,0495 4,0826
4,6157 4,6499
5,1567 5,1909
410 20:26
4,4327 4,4659
4,0492 4,0828
4,6163 4,6502
5,1567 5,1911
411 20:27
4,4327 4,4659
4,0492 4,0828
4,6158 4,6501
5,1568 5,1911
412 20:28
4,4327 4,4659
4,0492 4,0828
4,6153 4,6495
5,1568 5,1911
413 20:29
4,4328 4,4661
4,0491 4,0828
4,6154 4,6497
5,1561 5,1905
414 20:30
4,4326 4,4660
4,0497 4,0833
4,6157 4,6502
5,1561 5,1906
415 20:31
4,4326 4,4660
4,0499 4,0833
4,6157 4,6502
5,1561 5,1906
416 20:32
4,4327 4,4660
4,0498 4,0831
4,6156 4,6500
5,1560 5,1898
417 20:33
4,4327 4,4659
4,0499 4,0834
4,6162 4,6500
5,1556 5,1899
418 20:34
4,4327 4,4659
4,0503 4,0839
4,6163 4,6506
5,1556 5,1899
419 20:35
4,4326 4,4660
4,0502 4,0840
4,6161 4,6501
5,1555 5,1900
420 20:36
4,4326 4,4660
4,0502 4,0840
4,6161 4,6501
5,1555 5,1900
421 20:37
4,4310 4,4674
4,0492 4,0854
4,6140 4,6512
5,1539 5,1917
422 20:38
4,4313 4,4675
4,0490 4,0853
4,6143 4,6513
5,1539 5,1917
423 20:39
4,4328 4,4661
4,0502 4,0839
4,6158 4,6497
5,1557 5,1900
424 20:40
4,4329 4,4662
4,0504 4,0838
4,6158 4,6498
5,1563 5,1902
425 20:41
4,4329 4,4662
4,0503 4,0840
4,6158 4,6498
5,1556 5,1900
426 20:42
4,4313 4,4676
4,0490 4,0854
4,6147 4,6517
5,1539 5,1918
427 20:43
4,4327 4,4661
4,0507 4,0841
4,6162 4,6502
5,1556 5,1901
428 20:44
4,4328 4,4661
4,0502 4,0839
4,6163 4,6502
5,1561 5,1899
429 20:45
4,4328 4,4661
4,0502 4,0839
4,6162 4,6506
5,1555 5,1899
430 20:46
4,4328 4,4660
4,0504 4,0839
4,6164 4,6507
5,1557 5,1900
431 20:47
4,4327 4,4661
4,0503 4,0841
4,6163 4,6508
5,1556 5,1901
432 20:48
4,4327 4,4661
4,0499 4,0836
4,6162 4,6502
5,1556 5,1901
433 20:49
4,4329 4,4661
4,0501 4,0837
4,6164 4,6502
5,1558 5,1901
434 20:50
4,4334 4,4662
4,0506 4,0838
4,6167 4,6503
5,1564 5,1903
435 20:51
4,4334 4,4662
4,0510 4,0838
4,6169 4,6503
5,1564 5,1903
436 20:52
4,4333 4,4663
4,0509 4,0839
4,6168 4,6504
5,1563 5,1904
437 20:53
4,4332 4,4664
4,0508 4,0840
4,6167 4,6505
5,1568 5,1905
438 20:54
4,4332 4,4664
4,0508 4,0840
4,6163 4,6501
5,1568 5,1905
439 20:55
4,4332 4,4664
4,0508 4,0840
4,6163 4,6501
5,1562 5,1905
440 20:56
4,4332 4,4664
4,0508 4,0844
4,6163 4,6501
5,1562 5,1905
441 20:57
4,4332 4,4664
4,0508 4,0844
4,6167 4,6505
5,1562 5,1905
442 20:58
4,4332 4,4664
4,0504 4,0840
4,6163 4,6503
5,1562 5,1905
443 20:59
4,4319 4,4645
4,0492 4,0820
4,6154 4,6490
5,1551 5,1883
444 21:00
4,4297 4,4630
4,0470 4,0807
4,6139 4,6479
5,1520 5,1859
445 21:01
4,4296 4,4631
4,0467 4,0805
4,6134 4,6480
5,1524 5,1864
446 21:02
4,4296 4,4631
4,0463 4,0801
4,6135 4,6476
5,1524 5,1870
447 21:03
4,4279 4,4643
4,0451 4,0816
4,6118 4,6489
5,1505 5,1885
448 21:04
4,4284 4,4639
4,0455 4,0809
4,6121 4,6483
5,1510 5,1880
449 21:05
4,4296 4,4631
4,0463 4,0801
4,6135 4,6476
5,1530 5,1876
450 21:06
4,4296 4,4631
4,0467 4,0805
4,6129 4,6475
5,1525 5,1872
451 21:07
4,4295 4,4629
4,0466 4,0803
4,6134 4,6474
5,1525 5,1870
452 21:08
4,4296 4,4631
4,0469 4,0808
4,6135 4,6476
5,1530 5,1876
453 21:09
4,4296 4,4631
4,0469 4,0808
4,6135 4,6476
5,1531 5,1872
454 21:10
4,4278 4,4642
4,0450 4,0815
4,6117 4,6488
5,1504 5,1885
455 21:11
4,4278 4,4642
4,0454 4,0819
4,6117 4,6488
5,1504 5,1884
456 21:12
4,4279 4,4641
4,0455 4,0818
4,6118 4,6487
5,1505 5,1883
457 21:13
4,4280 4,4643
4,0456 4,0820
4,6117 4,6487
5,1506 5,1885
458 21:14
4,4280 4,4643
4,0456 4,0820
4,6117 4,6487
5,1506 5,1885
459 21:15
4,4280 4,4643
4,0456 4,0820
4,6117 4,6487
5,1506 5,1885
460 21:16
4,4280 4,4643
4,0462 4,0823
4,6117 4,6487
5,1512 5,1891
461 21:17
4,4279 4,4641
4,0462 4,0825
4,6118 4,6487
5,1505 5,1883
462 21:18
4,4280 4,4643
4,0463 4,0827
4,6117 4,6487
5,1506 5,1885
463 21:19
4,4280 4,4643
4,0463 4,0827
4,6117 4,6487
5,1512 5,1891
464 21:20
4,4280 4,4643
4,0460 4,0824
4,6117 4,6487
5,1512 5,1891
465 21:21
4,4280 4,4643
4,0458 4,0823
4,6113 4,6488
5,1512 5,1891
466 21:22
4,4280 4,4643
4,0465 4,0826
4,6117 4,6487
5,1512 5,1891
467 21:23
4,4295 4,4629
4,0477 4,0814
4,6130 4,6475
5,1531 5,1876
468 21:24
4,4298 4,4631
4,0482 4,0819
4,6135 4,6476
5,1534 5,1877
469 21:25
4,4298 4,4631
4,0486 4,0819
4,6137 4,6476
5,1532 5,1876
470 21:26
4,4298 4,4631
4,0482 4,0819
4,6137 4,6476
5,1532 5,1876
471 21:27
4,4280 4,4642
4,0475 4,0839
4,6124 4,6493
5,1514 5,1891
472 21:28
4,4280 4,4642
4,0475 4,0835
4,6124 4,6493
5,1514 5,1891
473 21:29
4,4280 4,4642
4,0475 4,0835
4,6118 4,6492
5,1508 5,1885
474 21:30
4,4294 4,4633
4,0487 4,0829
4,6132 4,6476
5,1524 5,1873
475 21:31
4,4295 4,4632
4,0494 4,0831
4,6133 4,6481
5,1530 5,1879
476 21:32
4,4280 4,4642
4,0482 4,0845
4,6124 4,6493
5,1514 5,1891
477 21:33
4,4279 4,4643
4,0481 4,0846
4,6117 4,6493
5,1512 5,1893
478 21:34
4,4279 4,4643
4,0481 4,0846
4,6121 4,6493
5,1512 5,1893
479 21:35
4,4279 4,4643
4,0485 4,0851
4,6123 4,6494
5,1512 5,1893
480 21:36
4,4280 4,4643
4,0482 4,0846
4,6122 4,6492
5,1512 5,1891
481 21:37
4,4279 4,4643
4,0481 4,0846
4,6117 4,6493
5,1518 5,1899
482 21:38
4,4280 4,4643
4,0478 4,0842
4,6122 4,6492
5,1518 5,1897
483 21:39
4,4279 4,4643
4,0474 4,0836
4,6118 4,6489
5,1512 5,1893
484 21:40
4,4280 4,4642
4,0475 4,0835
4,6119 4,6488
5,1512 5,1890
485 21:41
4,4280 4,4640
4,0475 4,0833
4,6113 4,6485
5,1508 5,1883
486 21:42
4,4280 4,4640
4,0475 4,0833
4,6113 4,6485
5,1514 5,1889
487 21:43
4,4280 4,4642
4,0475 4,0835
4,6113 4,6487
5,1507 5,1885
488 21:44
4,4281 4,4644
4,0470 4,0835
4,6114 4,6485
5,1507 5,1885
489 21:45
4,4281 4,4643
4,0468 4,0831
4,6109 4,6479
5,1509 5,1886
490 21:46
4,4281 4,4644
4,0468 4,0828
4,6105 4,6480
5,1508 5,1887
491 21:47
4,4281 4,4644
4,0461 4,0825
4,6100 4,6475
5,1507 5,1880
492 21:48
4,4281 4,4644
4,0463 4,0824
4,6104 4,6478
5,1507 5,1885
493 21:49
4,4281 4,4644
4,0463 4,0824
4,6104 4,6474
5,1507 5,1885
494 21:50
4,4296 4,4631
4,0474 4,0812
4,6119 4,6465
5,1524 5,1864
495 21:51
4,4296 4,4631
4,0473 4,0812
4,6125 4,6466
5,1518 5,1864
496 21:52
4,4281 4,4645
4,0460 4,0825
4,6109 4,6481
5,1508 5,1888
497 21:53
4,4295 4,4629
4,0474 4,0812
4,6120 4,6465
5,1519 5,1864
498 21:54
4,4295 4,4628
4,0472 4,0809
4,6114 4,6453
5,1511 5,1855
499 21:55
4,4279 4,4642
4,0465 4,0827
4,6096 4,6472
5,1485 5,1867
500 21:56
4,4291 4,4623
4,0474 4,0810
4,6110 4,6448
5,1502 5,1845
501 21:57
4,4291 4,4623
4,0478 4,0810
4,6111 4,6454
5,1490 5,1833
502 21:58
4,4277 4,4642
4,0460 4,0825
4,6096 4,6472
5,1485 5,1860
503 21:59
4,4276 4,4641
4,0463 4,0829
4,6099 4,6472
5,1484 5,1865
504 22:00
4,4279 4,4635
4,0470 4,0828
4,6107 4,6471
5,1488 5,1859
505 22:01
4,4279 4,4635
4,0470 4,0827
4,6112 4,6470
5,1494 5,1865
506 22:02
4,4289 4,4625
4,0483 4,0823
4,6123 4,6465
5,1505 5,1853
507 22:03
4,4283 4,4617
4,0481 4,0818
4,6117 4,6458
5,1499 5,1844
508 22:04
4,4283 4,4617
4,0485 4,0819
4,6117 4,6462
5,1499 5,1838
509 22:05
4,4289 4,4624
4,0483 4,0821
4,6117 4,6463
5,1498 5,1844
510 22:06
4,4277 4,4635
4,0476 4,0832
4,6105 4,6475
5,1485 5,1855
511 22:07
4,4275 4,4638
4,0474 4,0834
4,6107 4,6477
5,1483 5,1862
512 22:08
4,4288 4,4624
4,0486 4,0822
4,6118 4,6461
5,1499 5,1840
513 22:09
4,4274 4,4638
4,0473 4,0835
4,6108 4,6479
5,1482 5,1856
514 22:10
4,4274 4,4638
4,0473 4,0839
4,6107 4,6483
5,1482 5,1856
515 22:11
4,4276 4,4637
4,0478 4,0840
4,6109 4,6482
5,1483 5,1859
516 22:12
4,4277 4,4637
4,0478 4,0838
4,6110 4,6482
5,1486 5,1861
517 22:13
4,4289 4,4626
4,0489 4,0826
4,6122 4,6470
5,1499 5,1848
518 22:14
4,4289 4,4626
4,0489 4,0826
4,6122 4,6470
5,1499 5,1848
519 22:15
4,4283 4,4627
4,0482 4,0828
4,6117 4,6468
5,1493 5,1850
520 22:16
4,4283 4,4626
4,0481 4,0827
4,6115 4,6465
5,1484 5,1840
521 22:17
4,4285 4,4625
4,0483 4,0827
4,6118 4,6466
5,1495 5,1848
522 22:18
4,4283 4,4626
4,0481 4,0827
4,6115 4,6467
5,1491 5,1847
523 22:19
4,4283 4,4625
4,0485 4,0827
4,6113 4,6466
5,1493 5,1842
524 22:20
4,4285 4,4626
4,0483 4,0827
4,6113 4,6465
5,1493 5,1847
525 22:21
4,4281 4,4625
4,0479 4,0826
4,6109 4,6465
5,1491 5,1842
526 22:22
4,4281 4,4625
4,0479 4,0826
4,6119 4,6473
5,1491 5,1848
527 22:23
4,4281 4,4625
4,0479 4,0826
4,6125 4,6476
5,1488 5,1841
528 22:24
4,4282 4,4624
4,0484 4,0826
4,6121 4,6470
5,1491 5,1845
529 22:25
4,4281 4,4623
4,0483 4,0824
4,6120 4,6473
5,1490 5,1844
530 22:26
4,4282 4,4625
4,0484 4,0826
4,6119 4,6473
5,1491 5,1846
531 22:27
4,4282 4,4626
4,0484 4,0828
4,6120 4,6476
5,1492 5,1849
532 22:28
4,4282 4,4625
4,0480 4,0826
4,6120 4,6475
5,1490 5,1846
533 22:29
4,4281 4,4626
4,0483 4,0827
4,6119 4,6476
5,1489 5,1847
534 22:30
4,4281 4,4624
4,0479 4,0821
4,6123 4,6473
5,1484 5,1839
535 22:31
4,4281 4,4624
4,0479 4,0821
4,6123 4,6477
5,1484 5,1839
536 22:32
4,4281 4,4624
4,0479 4,0821
4,6123 4,6477
5,1484 5,1839
537 22:33
4,4280 4,4624
4,0478 4,0821
4,6124 4,6479
5,1483 5,1839
538 22:34
4,4279 4,4623
4,0477 4,0820
4,6123 4,6478
5,1482 5,1839
539 22:35
4,4279 4,4623
4,0477 4,0824
4,6127 4,6477
5,1482 5,1839
540 22:36
4,4279 4,4624
4,0477 4,0825
4,6121 4,6477
5,1482 5,1844
541 22:37
4,4279 4,4624
4,0481 4,0829
4,6127 4,6478
5,1480 5,1838
542 22:38
4,4276 4,4622
4,0478 4,0827
4,6124 4,6476
5,1479 5,1838
543 22:39
4,4277 4,4623
4,0479 4,0828
4,6125 4,6477
5,1480 5,1845
544 22:40
4,4277 4,4623
4,0483 4,0828
4,6121 4,6478
5,1486 5,1844
545 22:41
4,4278 4,4624
4,0481 4,0829
4,6122 4,6479
5,1487 5,1846
546 22:42
4,4279 4,4624
4,0481 4,0829
4,6121 4,6477
5,1486 5,1844
547 22:43
4,4279 4,4624
4,0481 4,0825
4,6122 4,6473
5,1486 5,1844
548 22:44
4,4279 4,4625
4,0477 4,0826
4,6122 4,6474
5,1487 5,1847
549 22:45
4,4278 4,4624
4,0476 4,0825
4,6121 4,6473
5,1487 5,1846
550 22:46
4,4276 4,4622
4,0474 4,0823
4,6120 4,6477
5,1478 5,1838
551 22:47
4,4276 4,4622
4,0474 4,0823
4,6120 4,6477
5,1479 5,1838
552 22:48
4,4278 4,4623
4,0476 4,0824
4,6120 4,6476
5,1479 5,1837
553 22:49
4,4276 4,4622
4,0474 4,0819
4,6120 4,6473
5,1479 5,1838
554 22:50
4,4268 4,4634
4,0463 4,0830
4,6110 4,6484
5,1468 5,1847
555 22:51
4,4269 4,4636
4,0468 4,0832
4,6110 4,6490
5,1464 5,1847
556 22:52
4,4269 4,4636
4,0464 4,0832
4,6110 4,6490
5,1462 5,1852
557 22:53
4,4271 4,4637
4,0466 4,0833
4,6114 4,6492
5,1467 5,1854
558 22:54
4,4269 4,4639
4,0464 4,0835
4,6112 4,6495
5,1465 5,1852
559 22:55
4,4268 4,4640
4,0463 4,0836
4,6111 4,6496
5,1464 5,1853
560 22:56
4,4268 4,4640
4,0463 4,0836
4,6111 4,6496
5,1464 5,1853
561 22:57
4,4268 4,4640
4,0463 4,0832
4,6115 4,6495
5,1464 5,1853
562 22:58
4,4268 4,4640
4,0461 4,0832
4,6115 4,6495
5,1464 5,1859
563 22:59
4,4268 4,4641
4,0459 4,0832
4,6115 4,6506
5,1462 5,1859
564 23:00
4,4251 4,4709
4,0430 4,0900
4,6060 4,6623
5,1445 5,1948
565 23:01
4,4251 4,4714
4,0428 4,0904
4,6064 4,6625
5,1446 5,1947
566 23:02
4,4261 4,4721
4,0408 4,0913
4,6018 4,6625
5,1410 5,1984
567 23:03
4,4265 4,4722
4,0442 4,0914
4,6030 4,6625
5,1414 5,1999
568 23:04
4,4240 4,4699
4,0419 4,0893
4,6004 4,6625
5,1385 5,1972
569 23:05
4,4236 4,4694
4,0416 4,0890
4,6034 4,6625
5,1398 5,1964
570 23:06
4,4236 4,4694
4,0435 4,0901
4,6044 4,6625
5,1446 5,1984
571 23:07
4,4203 4,4733
4,0401 4,0933
4,6005 4,6625
5,1402 5,2024
572 23:08
4,4201 4,4725
4,0396 4,0922
4,5998 4,6625
5,1394 5,2009
573 23:09
4,4203 4,4731
4,0396 4,0924
4,5999 4,6625
5,1396 5,2018
574 23:10
4,4203 4,4732
4,0389 4,0923
4,5988 4,6625
5,1388 5,2016
575 23:11
4,4236 4,4694
4,0428 4,0890
4,6034 4,6625
5,1436 5,1967
576 23:12
4,4236 4,4694
4,0428 4,0890
4,6034 4,6624
5,1434 5,1966
577 23:13
4,4236 4,4694
4,0428 4,0890
4,6033 4,6625
5,1435 5,1968
578 23:14
4,4236 4,4694
4,0428 4,0890
4,6034 4,6625
5,1438 5,1942
579 23:15
4,4236 4,4694
4,0428 4,0890
4,6030 4,6625
5,1440 5,1942
580 23:16
4,4236 4,4694
4,0428 4,0890
4,6034 4,6624
5,1411 5,1924
581 23:17
4,4236 4,4694
4,0430 4,0889
4,6040 4,6625
5,1416 5,1924
582 23:18
4,4235 4,4695
4,0427 4,0887
4,6032 4,6620
5,1403 5,1913
583 23:19
4,4235 4,4695
4,0427 4,0887
4,6034 4,6621
5,1421 5,1913
584 23:20
4,4235 4,4695
4,0429 4,0886
4,6034 4,6621
5,1421 5,1913
585 23:21
4,4235 4,4695
4,0429 4,0886
4,6034 4,6621
5,1421 5,1919
586 23:22
4,4235 4,4695
4,0429 4,0886
4,6034 4,6621
5,1421 5,1919
587 23:23
4,4235 4,4695
4,0429 4,0886
4,6034 4,6621
5,1434 5,1945
588 23:24
4,4235 4,4695
4,0429 4,0890
4,6038 4,6620
5,1439 5,1943
589 23:25
4,4235 4,4695
4,0429 4,0890
4,6038 4,6625
5,1415 5,1925
590 23:26
4,4235 4,4695
4,0429 4,0890
4,6038 4,6625
5,1427 5,1919
591 23:27
4,4235 4,4695
4,0429 4,0890
4,6038 4,6620
5,1433 5,1919
592 23:28
4,4235 4,4695
4,0429 4,0890
4,6038 4,6620
5,1433 5,1919
593 23:29
4,4232 4,4698
4,0427 4,0892
4,6035 4,6625
5,1430 5,1922
594 23:30
4,4232 4,4698
4,0427 4,0892
4,6035 4,6625
5,1430 5,1922
595 23:31
4,4194 4,4738
4,0396 4,0929
4,5986 4,6625
5,1383 5,1971
596 23:32
4,4196 4,4740
4,0394 4,0927
4,5987 4,6625
5,1388 5,1972
597 23:33
4,4195 4,4735
4,0394 4,0924
4,5986 4,6625
5,1386 5,1960
598 23:34
4,4194 4,4738
4,0382 4,0925
4,5971 4,6625
5,1381 5,1982
599 23:35
4,4194 4,4738
4,0384 4,0925
4,5972 4,6625
5,1373 5,1969
600 23:36
4,4194 4,4738
4,0384 4,0925
4,6014 4,6602
5,1373 5,1969
601 23:37
4,4200 4,4728
4,0391 4,0917
4,6021 4,6588
5,1380 5,1958
602 23:38
4,4232 4,4698
4,0420 4,0890
4,6053 4,6556
5,1419 5,1930
603 23:39
4,4232 4,4698
4,0420 4,0890
4,6059 4,6556
5,1419 5,1930
604 23:40
4,4163 4,4770
4,0356 4,0954
4,5981 4,6625
5,1329 5,2017
605 23:41
4,4162 4,4768
4,0352 4,0953
4,5981 4,6623
5,1342 5,2016
606 23:42
4,4162 4,4768
4,0356 4,0954
4,5981 4,6623
5,1337 5,2018
607 23:43
4,4215 4,4714
4,0399 4,0902
4,6036 4,6567
5,1398 5,1953
608 23:44
4,4215 4,4714
4,0399 4,0902
4,6036 4,6567
5,1398 5,1953
609 23:45
4,4215 4,4714
4,0403 4,0897
4,6036 4,6569
5,1398 5,1955
610 23:46
Connection error x5
