#======================
2023-7-15
# 1.EUR, 2.USD, 3.CHF, 4.GBP
Sell Price, Buy Price
1 13:30
4,4023 4,4970
3,9143 4,0174
4,5558 4,6478
5,1403 5,2595
2 13:31
4,4023 4,4970
3,9143 4,0174
4,5558 4,6478
5,1403 5,2595
3 13:32
4,4023 4,4970
3,9143 4,0174
4,5558 4,6478
5,1403 5,2595
4 13:33
4,4023 4,4970
3,9143 4,0174
4,5558 4,6478
5,1403 5,2595
5 13:34
4,4023 4,4970
3,9143 4,0174
4,5558 4,6478
5,1403 5,2595
6 13:35
4,4023 4,4970
3,9143 4,0174
4,5558 4,6478
5,1403 5,2595
7 13:36
4,4023 4,4970
3,9143 4,0174
4,5558 4,6478
5,1403 5,2595
8 13:37
4,4023 4,4970
3,9143 4,0174
4,5558 4,6478
5,1403 5,2595
9 13:38
4,4023 4,4970
3,9143 4,0174
4,5558 4,6478
5,1403 5,2595
10 13:39
4,4023 4,4970
3,9143 4,0174
4,5558 4,6478
5,1403 5,2595
11 13:40
4,4023 4,4970
3,9143 4,0174
4,5558 4,6478
5,1403 5,2595
12 13:41
4,4023 4,4970
3,9143 4,0174
4,5558 4,6478
5,1403 5,2595
13 13:42
4,4023 4,4970
3,9143 4,0174
4,5558 4,6478
5,1403 5,2595
14 13:43
4,4023 4,4970
3,9143 4,0174
4,5558 4,6478
5,1403 5,2595
15 13:44
4,4023 4,4970
3,9143 4,0174
4,5558 4,6478
5,1403 5,2595
16 13:45
4,4023 4,4970
3,9143 4,0174
4,5558 4,6478
5,1403 5,2595
17 13:46
4,4023 4,4970
3,9143 4,0174
4,5558 4,6478
5,1403 5,2595
18 13:47
4,4023 4,4970
3,9143 4,0174
4,5558 4,6478
5,1403 5,2595
19 13:48
4,4023 4,4970
3,9143 4,0174
4,5558 4,6478
5,1403 5,2595
20 13:49
4,4023 4,4970
3,9143 4,0174
4,5558 4,6478
5,1403 5,2595
21 13:50
4,4023 4,4970
3,9143 4,0174
4,5558 4,6478
5,1403 5,2595
22 13:51
4,4023 4,4970
3,9143 4,0174
4,5558 4,6478
5,1403 5,2595
23 13:52
4,4023 4,4970
3,9143 4,0174
4,5558 4,6478
5,1403 5,2595
24 13:53
4,4023 4,4970
3,9143 4,0174
4,5558 4,6478
5,1403 5,2595
25 13:54
4,4023 4,4970
3,9143 4,0174
4,5558 4,6478
5,1403 5,2595
26 13:55
4,4023 4,4970
3,9143 4,0174
4,5558 4,6478
5,1403 5,2595
27 13:56
4,4023 4,4970
3,9143 4,0174
4,5558 4,6478
5,1403 5,2595
28 13:57
4,4023 4,4970
3,9143 4,0174
4,5558 4,6478
5,1403 5,2595
29 13:58
4,4023 4,4970
3,9143 4,0174
4,5558 4,6478
5,1403 5,2595
30 13:59
4,4023 4,4970
3,9143 4,0174
4,5558 4,6478
5,1403 5,2595
31 14:00
4,4023 4,4970
3,9143 4,0174
4,5558 4,6478
5,1403 5,2595
32 14:01
4,4023 4,4970
3,9143 4,0174
4,5558 4,6478
5,1403 5,2595
33 14:02
4,4023 4,4970
3,9143 4,0174
4,5558 4,6478
5,1403 5,2595
34 14:03
4,4023 4,4970
3,9143 4,0174
4,5558 4,6478
5,1403 5,2595
35 14:04
4,4023 4,4970
3,9143 4,0174
4,5558 4,6478
5,1403 5,2595
36 14:05
4,4023 4,4970
3,9143 4,0174
4,5558 4,6478
5,1403 5,2595
37 14:06
4,4023 4,4970
3,9143 4,0174
4,5558 4,6478
5,1403 5,2595
38 14:07
4,4023 4,4970
3,9143 4,0174
4,5558 4,6478
5,1403 5,2595
39 14:08
4,4023 4,4970
3,9143 4,0174
4,5558 4,6478
5,1403 5,2595
40 14:09
4,4023 4,4970
3,9143 4,0174
4,5558 4,6478
5,1403 5,2595
41 14:10
4,4023 4,4970
3,9143 4,0174
4,5558 4,6478
5,1403 5,2595
42 14:11
4,4023 4,4970
3,9143 4,0174
4,5558 4,6478
5,1403 5,2595
43 14:12
4,4023 4,4970
3,9143 4,0174
4,5558 4,6478
5,1403 5,2595
44 14:13
4,4023 4,4970
3,9143 4,0174
4,5558 4,6478
5,1403 5,2595
45 14:14
4,4023 4,4970
3,9143 4,0174
4,5558 4,6478
5,1403 5,2595
46 14:15
4,4023 4,4970
3,9143 4,0174
4,5558 4,6478
5,1403 5,2595
47 14:16
4,4023 4,4970
3,9143 4,0174
4,5558 4,6478
5,1403 5,2595
48 14:17
4,4023 4,4970
3,9143 4,0174
4,5558 4,6478
5,1403 5,2595
49 14:18
4,4023 4,4970
3,9143 4,0174
4,5558 4,6478
5,1403 5,2595
50 14:19
4,4023 4,4970
3,9143 4,0174
4,5558 4,6478
5,1403 5,2595
51 14:20
4,4023 4,4970
3,9143 4,0174
4,5558 4,6478
5,1403 5,2595
52 14:21
4,4023 4,4970
3,9143 4,0174
4,5558 4,6478
5,1403 5,2595
53 14:22
4,4023 4,4970
3,9143 4,0174
4,5558 4,6478
5,1403 5,2595
54 14:23
4,4023 4,4970
3,9143 4,0174
4,5558 4,6478
5,1403 5,2595
55 14:24
4,4023 4,4970
3,9143 4,0174
4,5558 4,6478
5,1403 5,2595
56 14:25
4,4023 4,4970
3,9143 4,0174
4,5558 4,6478
5,1403 5,2595
57 14:26
4,4023 4,4970
3,9143 4,0174
4,5558 4,6478
5,1403 5,2595
58 14:27
4,4023 4,4970
3,9143 4,0174
4,5558 4,6478
5,1403 5,2595
59 14:28
4,4023 4,4970
3,9143 4,0174
4,5558 4,6478
5,1403 5,2595
60 14:29
4,4023 4,4970
3,9143 4,0174
4,5558 4,6478
5,1403 5,2595
61 14:30
4,4023 4,4970
3,9143 4,0174
4,5558 4,6478
5,1403 5,2595
62 14:31
4,4023 4,4970
3,9143 4,0174
4,5558 4,6478
5,1403 5,2595
63 14:32
4,4023 4,4970
3,9143 4,0174
4,5558 4,6478
5,1403 5,2595
64 14:33
4,4023 4,4970
3,9143 4,0174
4,5558 4,6478
5,1403 5,2595
65 14:34
4,4023 4,4970
3,9143 4,0174
4,5558 4,6478
5,1403 5,2595
66 14:35
4,4023 4,4970
3,9143 4,0174
4,5558 4,6478
5,1403 5,2595
67 14:36
4,4023 4,4970
3,9143 4,0174
4,5558 4,6478
5,1403 5,2595
68 14:37
4,4023 4,4970
3,9143 4,0174
4,5558 4,6478
5,1403 5,2595
69 14:38
4,4023 4,4970
3,9143 4,0174
4,5558 4,6478
5,1403 5,2595
70 14:39
4,4023 4,4970
3,9143 4,0174
4,5558 4,6478
5,1403 5,2595
71 14:40
4,4023 4,4970
3,9143 4,0174
4,5558 4,6478
5,1403 5,2595
72 14:41
4,4023 4,4970
3,9143 4,0174
4,5558 4,6478
5,1403 5,2595
73 14:42
4,4023 4,4970
3,9143 4,0174
4,5558 4,6478
5,1403 5,2595
74 14:43
4,4023 4,4970
3,9143 4,0174
4,5558 4,6478
5,1403 5,2595
75 14:44
4,4023 4,4970
3,9143 4,0174
4,5558 4,6478
5,1403 5,2595
76 14:45
4,4023 4,4970
3,9143 4,0174
4,5558 4,6478
5,1403 5,2595
77 14:46
4,4023 4,4970
3,9143 4,0174
4,5558 4,6478
5,1403 5,2595
78 14:47
4,4023 4,4970
3,9143 4,0174
4,5558 4,6478
5,1403 5,2595
79 14:48
4,4023 4,4970
3,9143 4,0174
4,5558 4,6478
5,1403 5,2595
80 14:49
4,4023 4,4970
3,9143 4,0174
4,5558 4,6478
5,1403 5,2595
81 14:50
4,4023 4,4970
3,9143 4,0174
4,5558 4,6478
5,1403 5,2595
82 14:51
4,4023 4,4970
3,9143 4,0174
4,5558 4,6478
5,1403 5,2595
83 14:52
4,4023 4,4970
3,9143 4,0174
4,5558 4,6478
5,1403 5,2595
84 14:53
4,4023 4,4970
3,9143 4,0174
4,5558 4,6478
5,1403 5,2595
85 14:54
4,4023 4,4970
3,9143 4,0174
4,5558 4,6478
5,1403 5,2595
86 14:55
4,4023 4,4970
3,9143 4,0174
4,5558 4,6478
5,1403 5,2595
87 14:56
4,4023 4,4970
3,9143 4,0174
4,5558 4,6478
5,1403 5,2595
88 14:57
4,4023 4,4970
3,9143 4,0174
4,5558 4,6478
5,1403 5,2595
89 14:58
4,4023 4,4970
3,9143 4,0174
4,5558 4,6478
5,1403 5,2595
90 14:59
4,4023 4,4970
3,9143 4,0174
4,5558 4,6478
5,1403 5,2595
91 15:00
4,4023 4,4970
3,9143 4,0174
4,5558 4,6478
5,1403 5,2595
92 15:01
4,4023 4,4970
3,9143 4,0174
4,5558 4,6478
5,1403 5,2595
93 15:02
4,4023 4,4970
3,9143 4,0174
4,5558 4,6478
5,1403 5,2595
94 15:03
4,4023 4,4970
3,9143 4,0174
4,5558 4,6478
5,1403 5,2595
95 15:04
4,4023 4,4970
3,9143 4,0174
4,5558 4,6478
5,1403 5,2595
96 15:05
4,4023 4,4970
3,9143 4,0174
4,5558 4,6478
5,1403 5,2595
97 15:06
4,4023 4,4970
3,9143 4,0174
4,5558 4,6478
5,1403 5,2595
98 15:07
4,4023 4,4970
3,9143 4,0174
4,5558 4,6478
5,1403 5,2595
99 15:08
4,4023 4,4970
3,9143 4,0174
4,5558 4,6478
5,1403 5,2595
100 15:09
4,4023 4,4970
3,9143 4,0174
4,5558 4,6478
5,1403 5,2595
101 15:10
4,4023 4,4970
3,9143 4,0174
4,5558 4,6478
5,1403 5,2595
102 15:11
4,4023 4,4970
3,9143 4,0174
4,5558 4,6478
5,1403 5,2595
103 15:12
4,4023 4,4970
3,9143 4,0174
4,5558 4,6478
5,1403 5,2595
104 15:13
4,4023 4,4970
3,9143 4,0174
4,5558 4,6478
5,1403 5,2595
105 15:14
4,4023 4,4970
3,9143 4,0174
4,5558 4,6478
5,1403 5,2595
106 15:15
4,4023 4,4970
3,9143 4,0174
4,5558 4,6478
5,1403 5,2595
107 15:16
4,4023 4,4970
3,9143 4,0174
4,5558 4,6478
5,1403 5,2595
108 15:17
4,4023 4,4970
3,9143 4,0174
4,5558 4,6478
5,1403 5,2595
109 15:18
4,4023 4,4970
3,9143 4,0174
4,5558 4,6478
5,1403 5,2595
110 15:19
4,4023 4,4970
3,9143 4,0174
4,5558 4,6478
5,1403 5,2595
111 15:20
4,4023 4,4970
3,9143 4,0174
4,5558 4,6478
5,1403 5,2595
112 15:21
4,4023 4,4970
3,9143 4,0174
4,5558 4,6478
5,1403 5,2595
113 15:22
4,4023 4,4970
3,9143 4,0174
4,5558 4,6478
5,1403 5,2595
114 15:23
4,4023 4,4970
3,9143 4,0174
4,5558 4,6478
5,1403 5,2595
115 15:24
4,4023 4,4970
3,9143 4,0174
4,5558 4,6478
5,1403 5,2595
116 15:25
4,4023 4,4970
3,9143 4,0174
4,5558 4,6478
5,1403 5,2595
117 15:26
4,4023 4,4970
3,9143 4,0174
4,5558 4,6478
5,1403 5,2595
118 15:27
4,4023 4,4970
3,9143 4,0174
4,5558 4,6478
5,1403 5,2595
119 15:28
4,4023 4,4970
3,9143 4,0174
4,5558 4,6478
5,1403 5,2595
120 15:29
4,4023 4,4970
3,9143 4,0174
4,5558 4,6478
5,1403 5,2595
121 15:30
4,4023 4,4970
3,9143 4,0174
4,5558 4,6478
5,1403 5,2595
122 15:31
4,4023 4,4970
3,9143 4,0174
4,5558 4,6478
5,1403 5,2595
123 15:32
4,4023 4,4970
3,9143 4,0174
4,5558 4,6478
5,1403 5,2595
124 15:33
4,4023 4,4970
3,9143 4,0174
4,5558 4,6478
5,1403 5,2595
125 15:34
4,4023 4,4970
3,9143 4,0174
4,5558 4,6478
5,1403 5,2595
126 15:35
4,4023 4,4970
3,9143 4,0174
4,5558 4,6478
5,1403 5,2595
127 15:36
4,4023 4,4970
3,9143 4,0174
4,5558 4,6478
5,1403 5,2595
128 15:37
4,4023 4,4970
3,9143 4,0174
4,5558 4,6478
5,1403 5,2595
129 15:38
4,4023 4,4970
3,9143 4,0174
4,5558 4,6478
5,1403 5,2595
130 15:39
4,4023 4,4970
3,9143 4,0174
4,5558 4,6478
5,1403 5,2595
131 15:40
4,4023 4,4970
3,9143 4,0174
4,5558 4,6478
5,1403 5,2595
132 15:41
4,4023 4,4970
3,9143 4,0174
4,5558 4,6478
5,1403 5,2595
133 15:42
4,4023 4,4970
3,9143 4,0174
4,5558 4,6478
5,1403 5,2595
134 15:43
4,4023 4,4970
3,9143 4,0174
4,5558 4,6478
5,1403 5,2595
135 15:44
4,4023 4,4970
3,9143 4,0174
4,5558 4,6478
5,1403 5,2595
136 15:45
4,4023 4,4970
3,9143 4,0174
4,5558 4,6478
5,1403 5,2595
137 15:46
4,4023 4,4970
3,9143 4,0174
4,5558 4,6478
5,1403 5,2595
138 15:47
4,4023 4,4970
3,9143 4,0174
4,5558 4,6478
5,1403 5,2595
139 15:48
4,4023 4,4970
3,9143 4,0174
4,5558 4,6478
5,1403 5,2595
140 15:49
4,4023 4,4970
3,9143 4,0174
4,5558 4,6478
5,1403 5,2595
141 15:50
4,4023 4,4970
3,9143 4,0174
4,5558 4,6478
5,1403 5,2595
142 15:51
4,4023 4,4970
3,9143 4,0174
4,5558 4,6478
5,1403 5,2595
143 15:52
4,4023 4,4970
3,9143 4,0174
4,5558 4,6478
5,1403 5,2595
144 15:53
4,4023 4,4970
3,9143 4,0174
4,5558 4,6478
5,1403 5,2595
145 15:54
4,4023 4,4970
3,9143 4,0174
4,5558 4,6478
5,1403 5,2595
146 15:55
4,4023 4,4970
3,9143 4,0174
4,5558 4,6478
5,1403 5,2595
147 15:56
4,4023 4,4970
3,9143 4,0174
4,5558 4,6478
5,1403 5,2595
148 15:57
4,4023 4,4970
3,9143 4,0174
4,5558 4,6478
5,1403 5,2595
149 15:58
4,4023 4,4970
3,9143 4,0174
4,5558 4,6478
5,1403 5,2595
150 15:59
4,4023 4,4970
3,9143 4,0174
4,5558 4,6478
5,1403 5,2595
151 16:00
4,4023 4,4970
3,9143 4,0174
4,5558 4,6478
5,1403 5,2595
152 16:01
4,4023 4,4970
3,9143 4,0174
4,5558 4,6478
5,1403 5,2595
153 16:02
4,4023 4,4970
3,9143 4,0174
4,5558 4,6478
5,1403 5,2595
154 16:03
4,4023 4,4970
3,9143 4,0174
4,5558 4,6478
5,1403 5,2595
155 16:04
4,4023 4,4970
3,9143 4,0174
4,5558 4,6478
5,1403 5,2595
156 16:05
4,4023 4,4970
3,9143 4,0174
4,5558 4,6478
5,1403 5,2595
157 16:06
4,4023 4,4970
3,9143 4,0174
4,5558 4,6478
5,1403 5,2595
158 16:07
4,4023 4,4970
3,9143 4,0174
4,5558 4,6478
5,1403 5,2595
159 16:08
4,4023 4,4970
3,9143 4,0174
4,5558 4,6478
5,1403 5,2595
160 16:09
4,4023 4,4970
3,9143 4,0174
4,5558 4,6478
5,1403 5,2595
161 16:10
4,4023 4,4970
3,9143 4,0174
4,5558 4,6478
5,1403 5,2595
162 16:11
4,4023 4,4970
3,9143 4,0174
4,5558 4,6478
5,1403 5,2595
163 16:12
4,4023 4,4970
3,9143 4,0174
4,5558 4,6478
5,1403 5,2595
164 16:13
4,4023 4,4970
3,9143 4,0174
4,5558 4,6478
5,1403 5,2595
165 16:14
4,4023 4,4970
3,9143 4,0174
4,5558 4,6478
5,1403 5,2595
166 16:15
4,4023 4,4970
3,9143 4,0174
4,5558 4,6478
5,1403 5,2595
167 16:16
4,4023 4,4970
3,9143 4,0174
4,5558 4,6478
5,1403 5,2595
168 16:17
4,4023 4,4970
3,9143 4,0174
4,5558 4,6478
5,1403 5,2595
169 16:18
4,4023 4,4970
3,9143 4,0174
4,5558 4,6478
5,1403 5,2595
170 16:19
4,4023 4,4970
3,9143 4,0174
4,5558 4,6478
5,1403 5,2595
171 16:20
4,4023 4,4970
3,9143 4,0174
4,5558 4,6478
5,1403 5,2595
172 16:21
4,4023 4,4970
3,9143 4,0174
4,5558 4,6478
5,1403 5,2595
173 16:22
4,4023 4,4970
3,9143 4,0174
4,5558 4,6478
5,1403 5,2595
174 16:23
4,4023 4,4970
3,9143 4,0174
4,5558 4,6478
5,1403 5,2595
175 16:24
4,4023 4,4970
3,9143 4,0174
4,5558 4,6478
5,1403 5,2595
176 16:25
4,4023 4,4970
3,9143 4,0174
4,5558 4,6478
5,1403 5,2595
177 16:26
4,4023 4,4970
3,9143 4,0174
4,5558 4,6478
5,1403 5,2595
178 16:27
4,4023 4,4970
3,9143 4,0174
4,5558 4,6478
5,1403 5,2595
179 16:28
4,4023 4,4970
3,9143 4,0174
4,5558 4,6478
5,1403 5,2595
180 16:29
4,4023 4,4970
3,9143 4,0174
4,5558 4,6478
5,1403 5,2595
181 16:30
4,4023 4,4970
3,9143 4,0174
4,5558 4,6478
5,1403 5,2595
182 16:31
4,4023 4,4970
3,9143 4,0174
4,5558 4,6478
5,1403 5,2595
183 16:32
4,4023 4,4970
3,9143 4,0174
4,5558 4,6478
5,1403 5,2595
184 16:33
4,4023 4,4970
3,9143 4,0174
4,5558 4,6478
5,1403 5,2595
185 16:34
4,4023 4,4970
3,9143 4,0174
4,5558 4,6478
5,1403 5,2595
186 16:35
4,4023 4,4970
3,9143 4,0174
4,5558 4,6478
5,1403 5,2595
187 16:36
4,4023 4,4970
3,9143 4,0174
4,5558 4,6478
5,1403 5,2595
188 16:37
4,4023 4,4970
3,9143 4,0174
4,5558 4,6478
5,1403 5,2595
189 16:38
4,4023 4,4970
3,9143 4,0174
4,5558 4,6478
5,1403 5,2595
190 16:39
4,4023 4,4970
3,9143 4,0174
4,5558 4,6478
5,1403 5,2595
191 16:40
4,4023 4,4970
3,9143 4,0174
4,5558 4,6478
5,1403 5,2595
192 16:41
4,4023 4,4970
3,9143 4,0174
4,5558 4,6478
5,1403 5,2595
193 16:42
4,4023 4,4970
3,9143 4,0174
4,5558 4,6478
5,1403 5,2595
194 16:43
4,4023 4,4970
3,9143 4,0174
4,5558 4,6478
5,1403 5,2595
195 16:44
4,4023 4,4970
3,9143 4,0174
4,5558 4,6478
5,1403 5,2595
196 16:45
4,4023 4,4970
3,9143 4,0174
4,5558 4,6478
5,1403 5,2595
197 16:46
4,4023 4,4970
3,9143 4,0174
4,5558 4,6478
5,1403 5,2595
198 16:47
4,4023 4,4970
3,9143 4,0174
4,5558 4,6478
5,1403 5,2595
199 16:48
4,4023 4,4970
3,9143 4,0174
4,5558 4,6478
5,1403 5,2595
200 16:49
4,4023 4,4970
3,9143 4,0174
4,5558 4,6478
5,1403 5,2595
201 16:50
4,4023 4,4970
3,9143 4,0174
4,5558 4,6478
5,1403 5,2595
202 16:51
4,4023 4,4970
3,9143 4,0174
4,5558 4,6478
5,1403 5,2595
203 16:52
4,4023 4,4970
3,9143 4,0174
4,5558 4,6478
5,1403 5,2595
204 16:53
4,4023 4,4970
3,9143 4,0174
4,5558 4,6478
5,1403 5,2595
205 16:54
4,4023 4,4970
3,9143 4,0174
4,5558 4,6478
5,1403 5,2595
206 16:55
4,4023 4,4970
3,9143 4,0174
4,5558 4,6478
5,1403 5,2595
207 16:56
4,4023 4,4970
3,9143 4,0174
4,5558 4,6478
5,1403 5,2595
208 16:57
4,4023 4,4970
3,9143 4,0174
4,5558 4,6478
5,1403 5,2595
209 16:58
4,4023 4,4970
3,9143 4,0174
4,5558 4,6478
5,1403 5,2595
210 16:59
4,4023 4,4970
3,9143 4,0174
4,5558 4,6478
5,1403 5,2595
211 17:00
4,4023 4,4970
3,9143 4,0174
4,5558 4,6478
5,1403 5,2595
212 17:01
4,4023 4,4970
3,9143 4,0174
4,5558 4,6478
5,1403 5,2595
213 17:02
4,4023 4,4970
3,9143 4,0174
4,5558 4,6478
5,1403 5,2595
214 17:03
4,4023 4,4970
3,9143 4,0174
4,5558 4,6478
5,1403 5,2595
215 17:04
4,4023 4,4970
3,9143 4,0174
4,5558 4,6478
5,1403 5,2595
216 17:05
4,4023 4,4970
3,9143 4,0174
4,5558 4,6478
5,1403 5,2595
217 17:06
4,4023 4,4970
3,9143 4,0174
4,5558 4,6478
5,1403 5,2595
218 17:07
4,4023 4,4970
3,9143 4,0174
4,5558 4,6478
5,1403 5,2595
219 17:08
4,4023 4,4970
3,9143 4,0174
4,5558 4,6478
5,1403 5,2595
220 17:09
4,4023 4,4970
3,9143 4,0174
4,5558 4,6478
5,1403 5,2595
221 17:10
4,4023 4,4970
3,9143 4,0174
4,5558 4,6478
5,1403 5,2595
222 17:11
4,4023 4,4970
3,9143 4,0174
4,5558 4,6478
5,1403 5,2595
223 17:12
4,4023 4,4970
3,9143 4,0174
4,5558 4,6478
5,1403 5,2595
224 17:13
4,4023 4,4970
3,9143 4,0174
4,5558 4,6478
5,1403 5,2595
225 17:14
4,4023 4,4970
3,9143 4,0174
4,5558 4,6478
5,1403 5,2595
226 17:15
4,4023 4,4970
3,9143 4,0174
4,5558 4,6478
5,1403 5,2595
227 17:16
4,4023 4,4970
3,9143 4,0174
4,5558 4,6478
5,1403 5,2595
228 17:17
4,4023 4,4970
3,9143 4,0174
4,5558 4,6478
5,1403 5,2595
229 17:18
4,4023 4,4970
3,9143 4,0174
4,5558 4,6478
5,1403 5,2595
230 17:19
4,4023 4,4970
3,9143 4,0174
4,5558 4,6478
5,1403 5,2595
231 17:20
4,4023 4,4970
3,9143 4,0174
4,5558 4,6478
5,1403 5,2595
232 17:21
4,4023 4,4970
3,9143 4,0174
4,5558 4,6478
5,1403 5,2595
233 17:22
4,4023 4,4970
3,9143 4,0174
4,5558 4,6478
5,1403 5,2595
234 17:23
4,4023 4,4970
3,9143 4,0174
4,5558 4,6478
5,1403 5,2595
235 17:24
4,4023 4,4970
3,9143 4,0174
4,5558 4,6478
5,1403 5,2595
236 17:25
4,4023 4,4970
3,9143 4,0174
4,5558 4,6478
5,1403 5,2595
237 17:26
4,4023 4,4970
3,9143 4,0174
4,5558 4,6478
5,1403 5,2595
238 17:27
4,4023 4,4970
3,9143 4,0174
4,5558 4,6478
5,1403 5,2595
239 17:28
4,4023 4,4970
3,9143 4,0174
4,5558 4,6478
5,1403 5,2595
240 17:29
4,4023 4,4970
3,9143 4,0174
4,5558 4,6478
5,1403 5,2595
241 17:30
4,4023 4,4970
3,9143 4,0174
4,5558 4,6478
5,1403 5,2595
242 17:31
4,4023 4,4970
3,9143 4,0174
4,5558 4,6478
5,1403 5,2595
243 17:32
4,4023 4,4970
3,9143 4,0174
4,5558 4,6478
5,1403 5,2595
244 17:33
4,4023 4,4970
3,9143 4,0174
4,5558 4,6478
5,1403 5,2595
245 17:34
4,4023 4,4970
3,9143 4,0174
4,5558 4,6478
5,1403 5,2595
246 17:35
4,4023 4,4970
3,9143 4,0174
4,5558 4,6478
5,1403 5,2595
247 17:36
4,4023 4,4970
3,9143 4,0174
4,5558 4,6478
5,1403 5,2595
248 17:37
4,4023 4,4970
3,9143 4,0174
4,5558 4,6478
5,1403 5,2595
249 17:38
4,4023 4,4970
3,9143 4,0174
4,5558 4,6478
5,1403 5,2595
250 17:39
4,4023 4,4970
3,9143 4,0174
4,5558 4,6478
5,1403 5,2595
251 17:40
4,4023 4,4970
3,9143 4,0174
4,5558 4,6478
5,1403 5,2595
252 17:41
4,4023 4,4970
3,9143 4,0174
4,5558 4,6478
5,1403 5,2595
253 17:42
4,4023 4,4970
3,9143 4,0174
4,5558 4,6478
5,1403 5,2595
254 17:43
4,4023 4,4970
3,9143 4,0174
4,5558 4,6478
5,1403 5,2595
255 17:44
4,4023 4,4970
3,9143 4,0174
4,5558 4,6478
5,1403 5,2595
256 17:45
4,4023 4,4970
3,9143 4,0174
4,5558 4,6478
5,1403 5,2595
257 17:46
4,4023 4,4970
3,9143 4,0174
4,5558 4,6478
5,1403 5,2595
258 17:47
4,4023 4,4970
3,9143 4,0174
4,5558 4,6478
5,1403 5,2595
259 17:48
4,4023 4,4970
3,9143 4,0174
4,5558 4,6478
5,1403 5,2595
260 17:49
4,4023 4,4970
3,9143 4,0174
4,5558 4,6478
5,1403 5,2595
261 17:50
4,4023 4,4970
3,9143 4,0174
4,5558 4,6478
5,1403 5,2595
262 17:51
4,4023 4,4970
3,9143 4,0174
4,5558 4,6478
5,1403 5,2595
263 17:52
4,4023 4,4970
3,9143 4,0174
4,5558 4,6478
5,1403 5,2595
264 17:53
4,4023 4,4970
3,9143 4,0174
4,5558 4,6478
5,1403 5,2595
265 17:54
4,4023 4,4970
3,9143 4,0174
4,5558 4,6478
5,1403 5,2595
266 17:55
4,4023 4,4970
3,9143 4,0174
4,5558 4,6478
5,1403 5,2595
267 17:56
4,4023 4,4970
3,9143 4,0174
4,5558 4,6478
5,1403 5,2595
268 17:57
4,4023 4,4970
3,9143 4,0174
4,5558 4,6478
5,1403 5,2595
269 17:58
4,4023 4,4970
3,9143 4,0174
4,5558 4,6478
5,1403 5,2595
270 17:59
4,4023 4,4970
3,9143 4,0174
4,5558 4,6478
5,1403 5,2595
271 18:00
4,4023 4,4970
3,9143 4,0174
4,5558 4,6478
5,1403 5,2595
272 18:01
4,4023 4,4970
3,9143 4,0174
4,5558 4,6478
5,1403 5,2595
273 18:02
4,4023 4,4970
3,9143 4,0174
4,5558 4,6478
5,1403 5,2595
274 18:03
4,4023 4,4970
3,9143 4,0174
4,5558 4,6478
5,1403 5,2595
275 18:04
4,4023 4,4970
3,9143 4,0174
4,5558 4,6478
5,1403 5,2595
276 18:05
4,4023 4,4970
3,9143 4,0174
4,5558 4,6478
5,1403 5,2595
277 18:06
4,4023 4,4970
3,9143 4,0174
4,5558 4,6478
5,1403 5,2595
278 18:07
4,4023 4,4970
3,9143 4,0174
4,5558 4,6478
5,1403 5,2595
279 18:08
4,4023 4,4970
3,9143 4,0174
4,5558 4,6478
5,1403 5,2595
280 18:09
4,4023 4,4970
3,9143 4,0174
4,5558 4,6478
5,1403 5,2595
281 18:10
4,4023 4,4970
3,9143 4,0174
4,5558 4,6478
5,1403 5,2595
282 18:11
4,4023 4,4970
3,9143 4,0174
4,5558 4,6478
5,1403 5,2595
283 18:12
4,4023 4,4970
3,9143 4,0174
4,5558 4,6478
5,1403 5,2595
284 18:13
4,4023 4,4970
3,9143 4,0174
4,5558 4,6478
5,1403 5,2595
285 18:14
4,4023 4,4970
3,9143 4,0174
4,5558 4,6478
5,1403 5,2595
286 18:15
4,4023 4,4970
3,9143 4,0174
4,5558 4,6478
5,1403 5,2595
287 18:16
4,4023 4,4970
3,9143 4,0174
4,5558 4,6478
5,1403 5,2595
288 18:17
4,4023 4,4970
3,9143 4,0174
4,5558 4,6478
5,1403 5,2595
289 18:18
4,4023 4,4970
3,9143 4,0174
4,5558 4,6478
5,1403 5,2595
290 18:19
4,4023 4,4970
3,9143 4,0174
4,5558 4,6478
5,1403 5,2595
291 18:20
4,4023 4,4970
3,9143 4,0174
4,5558 4,6478
5,1403 5,2595
292 18:21
4,4023 4,4970
3,9143 4,0174
4,5558 4,6478
5,1403 5,2595
293 18:22
4,4023 4,4970
3,9143 4,0174
4,5558 4,6478
5,1403 5,2595
294 18:23
4,4023 4,4970
3,9143 4,0174
4,5558 4,6478
5,1403 5,2595
295 18:24
4,4023 4,4970
3,9143 4,0174
4,5558 4,6478
5,1403 5,2595
296 18:25
4,4023 4,4970
3,9143 4,0174
4,5558 4,6478
5,1403 5,2595
297 18:26
4,4023 4,4970
3,9143 4,0174
4,5558 4,6478
5,1403 5,2595
298 18:27
4,4023 4,4970
3,9143 4,0174
4,5558 4,6478
5,1403 5,2595
299 18:28
4,4023 4,4970
3,9143 4,0174
4,5558 4,6478
5,1403 5,2595
300 18:29
4,4023 4,4970
3,9143 4,0174
4,5558 4,6478
5,1403 5,2595
301 18:30
4,4023 4,4970
3,9143 4,0174
4,5558 4,6478
5,1403 5,2595
302 18:31
4,4023 4,4970
3,9143 4,0174
4,5558 4,6478
5,1403 5,2595
303 18:32
4,4023 4,4970
3,9143 4,0174
4,5558 4,6478
5,1403 5,2595
304 18:33
4,4023 4,4970
3,9143 4,0174
4,5558 4,6478
5,1403 5,2595
305 18:34
4,4023 4,4970
3,9143 4,0174
4,5558 4,6478
5,1403 5,2595
306 18:35
4,4023 4,4970
3,9143 4,0174
4,5558 4,6478
5,1403 5,2595
307 18:36
4,4023 4,4970
3,9143 4,0174
4,5558 4,6478
5,1403 5,2595
308 18:37
4,4023 4,4970
3,9143 4,0174
4,5558 4,6478
5,1403 5,2595
309 18:38
4,4023 4,4970
3,9143 4,0174
4,5558 4,6478
5,1403 5,2595
310 18:39
4,4023 4,4970
3,9143 4,0174
4,5558 4,6478
5,1403 5,2595
311 18:40
4,4023 4,4970
3,9143 4,0174
4,5558 4,6478
5,1403 5,2595
312 18:41
4,4023 4,4970
3,9143 4,0174
4,5558 4,6478
5,1403 5,2595
313 18:42
4,4023 4,4970
3,9143 4,0174
4,5558 4,6478
5,1403 5,2595
314 18:43
4,4023 4,4970
3,9143 4,0174
4,5558 4,6478
5,1403 5,2595
315 18:44
4,4023 4,4970
3,9143 4,0174
4,5558 4,6478
5,1403 5,2595
316 18:45
4,4023 4,4970
3,9143 4,0174
4,5558 4,6478
5,1403 5,2595
317 18:46
4,4023 4,4970
3,9143 4,0174
4,5558 4,6478
5,1403 5,2595
318 18:47
4,4023 4,4970
3,9143 4,0174
4,5558 4,6478
5,1403 5,2595
319 18:48
4,4023 4,4970
3,9143 4,0174
4,5558 4,6478
5,1403 5,2595
320 18:49
4,4023 4,4970
3,9143 4,0174
4,5558 4,6478
5,1403 5,2595
321 18:50
4,4023 4,4970
3,9143 4,0174
4,5558 4,6478
5,1403 5,2595
322 18:51
4,4023 4,4970
3,9143 4,0174
4,5558 4,6478
5,1403 5,2595
323 18:52
4,4023 4,4970
3,9143 4,0174
4,5558 4,6478
5,1403 5,2595
324 18:53
4,4023 4,4970
3,9143 4,0174
4,5558 4,6478
5,1403 5,2595
325 18:54
4,4023 4,4970
3,9143 4,0174
4,5558 4,6478
5,1403 5,2595
326 18:55
4,4023 4,4970
3,9143 4,0174
4,5558 4,6478
5,1403 5,2595
327 18:56
4,4023 4,4970
3,9143 4,0174
4,5558 4,6478
5,1403 5,2595
328 18:57
4,4023 4,4970
3,9143 4,0174
4,5558 4,6478
5,1403 5,2595
329 18:58
4,4023 4,4970
3,9143 4,0174
4,5558 4,6478
5,1403 5,2595
330 18:59
4,4023 4,4970
3,9143 4,0174
4,5558 4,6478
5,1403 5,2595
331 19:00
4,4023 4,4970
3,9143 4,0174
4,5558 4,6478
5,1403 5,2595
332 19:01
4,4023 4,4970
3,9143 4,0174
4,5558 4,6478
5,1403 5,2595
333 19:02
4,4023 4,4970
3,9143 4,0174
4,5558 4,6478
5,1403 5,2595
334 19:03
4,4023 4,4970
3,9143 4,0174
4,5558 4,6478
5,1403 5,2595
335 19:04
4,4023 4,4970
3,9143 4,0174
4,5558 4,6478
5,1403 5,2595
336 19:05
4,4023 4,4970
3,9143 4,0174
4,5558 4,6478
5,1403 5,2595
337 19:06
4,4023 4,4970
3,9143 4,0174
4,5558 4,6478
5,1403 5,2595
338 19:07
4,4023 4,4970
3,9143 4,0174
4,5558 4,6478
5,1403 5,2595
339 19:08
4,4023 4,4970
3,9143 4,0174
4,5558 4,6478
5,1403 5,2595
340 19:09
4,4023 4,4970
3,9143 4,0174
4,5558 4,6478
5,1403 5,2595
341 19:10
4,4023 4,4970
3,9143 4,0174
4,5558 4,6478
5,1403 5,2595
342 19:11
4,4023 4,4970
3,9143 4,0174
4,5558 4,6478
5,1403 5,2595
343 19:12
4,4023 4,4970
3,9143 4,0174
4,5558 4,6478
5,1403 5,2595
344 19:13
4,4023 4,4970
3,9143 4,0174
4,5558 4,6478
5,1403 5,2595
345 19:14
4,4023 4,4970
3,9143 4,0174
4,5558 4,6478
5,1403 5,2595
346 19:15
4,4023 4,4970
3,9143 4,0174
4,5558 4,6478
5,1403 5,2595
347 19:16
4,4023 4,4970
3,9143 4,0174
4,5558 4,6478
5,1403 5,2595
348 19:17
4,4023 4,4970
3,9143 4,0174
4,5558 4,6478
5,1403 5,2595
349 19:18
4,4023 4,4970
3,9143 4,0174
4,5558 4,6478
5,1403 5,2595
350 19:19
4,4023 4,4970
3,9143 4,0174
4,5558 4,6478
5,1403 5,2595
351 19:20
4,4023 4,4970
3,9143 4,0174
4,5558 4,6478
5,1403 5,2595
352 19:21
4,4023 4,4970
3,9143 4,0174
4,5558 4,6478
5,1403 5,2595
353 19:22
4,4023 4,4970
3,9143 4,0174
4,5558 4,6478
5,1403 5,2595
354 19:23
4,4023 4,4970
3,9143 4,0174
4,5558 4,6478
5,1403 5,2595
355 19:24
4,4023 4,4970
3,9143 4,0174
4,5558 4,6478
5,1403 5,2595
356 19:25
4,4023 4,4970
3,9143 4,0174
4,5558 4,6478
5,1403 5,2595
357 19:26
4,4023 4,4970
3,9143 4,0174
4,5558 4,6478
5,1403 5,2595
358 19:27
4,4023 4,4970
3,9143 4,0174
4,5558 4,6478
5,1403 5,2595
359 19:28
4,4023 4,4970
3,9143 4,0174
4,5558 4,6478
5,1403 5,2595
360 19:29
4,4023 4,4970
3,9143 4,0174
4,5558 4,6478
5,1403 5,2595
361 19:30
4,4023 4,4970
3,9143 4,0174
4,5558 4,6478
5,1403 5,2595
362 19:31
4,4023 4,4970
3,9143 4,0174
4,5558 4,6478
5,1403 5,2595
363 19:32
4,4023 4,4970
3,9143 4,0174
4,5558 4,6478
5,1403 5,2595
364 19:33
4,4023 4,4970
3,9143 4,0174
4,5558 4,6478
5,1403 5,2595
365 19:34
4,4023 4,4970
3,9143 4,0174
4,5558 4,6478
5,1403 5,2595
366 19:35
4,4023 4,4970
3,9143 4,0174
4,5558 4,6478
5,1403 5,2595
367 19:36
4,4023 4,4970
3,9143 4,0174
4,5558 4,6478
5,1403 5,2595
368 19:37
4,4023 4,4970
3,9143 4,0174
4,5558 4,6478
5,1403 5,2595
369 19:38
4,4023 4,4970
3,9143 4,0174
4,5558 4,6478
5,1403 5,2595
370 19:39
4,4023 4,4970
3,9143 4,0174
4,5558 4,6478
5,1403 5,2595
371 19:40
4,4023 4,4970
3,9143 4,0174
4,5558 4,6478
5,1403 5,2595
372 19:41
4,4023 4,4970
3,9143 4,0174
4,5558 4,6478
5,1403 5,2595
373 19:42
4,4023 4,4970
3,9143 4,0174
4,5558 4,6478
5,1403 5,2595
374 19:43
4,4023 4,4970
3,9143 4,0174
4,5558 4,6478
5,1403 5,2595
375 19:44
4,4023 4,4970
3,9143 4,0174
4,5558 4,6478
5,1403 5,2595
376 19:45
4,4023 4,4970
3,9143 4,0174
4,5558 4,6478
5,1403 5,2595
377 19:46
4,4023 4,4970
3,9143 4,0174
4,5558 4,6478
5,1403 5,2595
378 19:47
4,4023 4,4970
3,9143 4,0174
4,5558 4,6478
5,1403 5,2595
379 19:48
4,4023 4,4970
3,9143 4,0174
4,5558 4,6478
5,1403 5,2595
380 19:49
4,4023 4,4970
3,9143 4,0174
4,5558 4,6478
5,1403 5,2595
381 19:50
4,4023 4,4970
3,9143 4,0174
4,5558 4,6478
5,1403 5,2595
382 19:51
4,4023 4,4970
3,9143 4,0174
4,5558 4,6478
5,1403 5,2595
383 19:52
4,4023 4,4970
3,9143 4,0174
4,5558 4,6478
5,1403 5,2595
384 19:53
4,4023 4,4970
3,9143 4,0174
4,5558 4,6478
5,1403 5,2595
385 19:54
4,4023 4,4970
3,9143 4,0174
4,5558 4,6478
5,1403 5,2595
386 19:55
4,4023 4,4970
3,9143 4,0174
4,5558 4,6478
5,1403 5,2595
387 19:56
4,4023 4,4970
3,9143 4,0174
4,5558 4,6478
5,1403 5,2595
388 19:57
4,4023 4,4970
3,9143 4,0174
4,5558 4,6478
5,1403 5,2595
389 19:58
4,4023 4,4970
3,9143 4,0174
4,5558 4,6478
5,1403 5,2595
390 19:59
4,4023 4,4970
3,9143 4,0174
4,5558 4,6478
5,1403 5,2595
391 20:00
4,4023 4,4970
3,9143 4,0174
4,5558 4,6478
5,1403 5,2595
392 20:01
4,4023 4,4970
3,9143 4,0174
4,5558 4,6478
5,1403 5,2595
393 20:02
4,4023 4,4970
3,9143 4,0174
4,5558 4,6478
5,1403 5,2595
394 20:03
4,4023 4,4970
3,9143 4,0174
4,5558 4,6478
5,1403 5,2595
395 20:04
4,4023 4,4970
3,9143 4,0174
4,5558 4,6478
5,1403 5,2595
396 20:05
4,4023 4,4970
3,9143 4,0174
4,5558 4,6478
5,1403 5,2595
397 20:06
4,4023 4,4970
3,9143 4,0174
4,5558 4,6478
5,1403 5,2595
398 20:07
4,4023 4,4970
3,9143 4,0174
4,5558 4,6478
5,1403 5,2595
399 20:08
4,4023 4,4970
3,9143 4,0174
4,5558 4,6478
5,1403 5,2595
400 20:09
4,4023 4,4970
3,9143 4,0174
4,5558 4,6478
5,1403 5,2595
401 20:10
4,4023 4,4970
3,9143 4,0174
4,5558 4,6478
5,1403 5,2595
402 20:11
4,4023 4,4970
3,9143 4,0174
4,5558 4,6478
5,1403 5,2595
403 20:12
4,4023 4,4970
3,9143 4,0174
4,5558 4,6478
5,1403 5,2595
404 20:13
4,4023 4,4970
3,9143 4,0174
4,5558 4,6478
5,1403 5,2595
405 20:14
4,4023 4,4970
3,9143 4,0174
4,5558 4,6478
5,1403 5,2595
406 20:15
4,4023 4,4970
3,9143 4,0174
4,5558 4,6478
5,1403 5,2595
407 20:16
4,4023 4,4970
3,9143 4,0174
4,5558 4,6478
5,1403 5,2595
408 20:17
4,4023 4,4970
3,9143 4,0174
4,5558 4,6478
5,1403 5,2595
409 20:18
4,4023 4,4970
3,9143 4,0174
4,5558 4,6478
5,1403 5,2595
410 20:19
4,4023 4,4970
3,9143 4,0174
4,5558 4,6478
5,1403 5,2595
411 20:20
4,4023 4,4970
3,9143 4,0174
4,5558 4,6478
5,1403 5,2595
412 20:21
4,4023 4,4970
3,9143 4,0174
4,5558 4,6478
5,1403 5,2595
413 20:22
4,4023 4,4970
3,9143 4,0174
4,5558 4,6478
5,1403 5,2595
414 20:23
4,4023 4,4970
3,9143 4,0174
4,5558 4,6478
5,1403 5,2595
415 20:24
4,4023 4,4970
3,9143 4,0174
4,5558 4,6478
5,1403 5,2595
416 20:25
4,4023 4,4970
3,9143 4,0174
4,5558 4,6478
5,1403 5,2595
417 20:26
4,4023 4,4970
3,9143 4,0174
4,5558 4,6478
5,1403 5,2595
418 20:27
4,4023 4,4970
3,9143 4,0174
4,5558 4,6478
5,1403 5,2595
419 20:28
4,4023 4,4970
3,9143 4,0174
4,5558 4,6478
5,1403 5,2595
420 20:29
4,4023 4,4970
3,9143 4,0174
4,5558 4,6478
5,1403 5,2595
421 20:30
4,4023 4,4970
3,9143 4,0174
4,5558 4,6478
5,1403 5,2595
422 20:31
4,4023 4,4970
3,9143 4,0174
4,5558 4,6478
5,1403 5,2595
423 20:32
4,4023 4,4970
3,9143 4,0174
4,5558 4,6478
5,1403 5,2595
424 20:33
4,4023 4,4970
3,9143 4,0174
4,5558 4,6478
5,1403 5,2595
425 20:34
4,4023 4,4970
3,9143 4,0174
4,5558 4,6478
5,1403 5,2595
426 20:35
4,4023 4,4970
3,9143 4,0174
4,5558 4,6478
5,1403 5,2595
427 20:36
4,4023 4,4970
3,9143 4,0174
4,5558 4,6478
5,1403 5,2595
428 20:37
4,4023 4,4970
3,9143 4,0174
4,5558 4,6478
5,1403 5,2595
429 20:38
4,4023 4,4970
3,9143 4,0174
4,5558 4,6478
5,1403 5,2595
430 20:39
4,4023 4,4970
3,9143 4,0174
4,5558 4,6478
5,1403 5,2595
431 20:40
4,4023 4,4970
3,9143 4,0174
4,5558 4,6478
5,1403 5,2595
432 20:41
4,4023 4,4970
3,9143 4,0174
4,5558 4,6478
5,1403 5,2595
433 20:42
4,4023 4,4970
3,9143 4,0174
4,5558 4,6478
5,1403 5,2595
434 20:43
4,4023 4,4970
3,9143 4,0174
4,5558 4,6478
5,1403 5,2595
435 20:44
4,4023 4,4970
3,9143 4,0174
4,5558 4,6478
5,1403 5,2595
436 20:45
4,4023 4,4970
3,9143 4,0174
4,5558 4,6478
5,1403 5,2595
437 20:46
4,4023 4,4970
3,9143 4,0174
4,5558 4,6478
5,1403 5,2595
438 20:47
4,4023 4,4970
3,9143 4,0174
4,5558 4,6478
5,1403 5,2595
439 20:48
4,4023 4,4970
3,9143 4,0174
4,5558 4,6478
5,1403 5,2595
440 20:49
4,4023 4,4970
3,9143 4,0174
4,5558 4,6478
5,1403 5,2595
441 20:50
4,4023 4,4970
3,9143 4,0174
4,5558 4,6478
5,1403 5,2595
442 20:51
4,4023 4,4970
3,9143 4,0174
4,5558 4,6478
5,1403 5,2595
443 20:52
4,4023 4,4970
3,9143 4,0174
4,5558 4,6478
5,1403 5,2595
444 20:53
4,4023 4,4970
3,9143 4,0174
4,5558 4,6478
5,1403 5,2595
445 20:54
4,4023 4,4970
3,9143 4,0174
4,5558 4,6478
5,1403 5,2595
446 20:55
4,4023 4,4970
3,9143 4,0174
4,5558 4,6478
5,1403 5,2595
447 20:56
4,4023 4,4970
3,9143 4,0174
4,5558 4,6478
5,1403 5,2595
448 20:57
4,4023 4,4970
3,9143 4,0174
4,5558 4,6478
5,1403 5,2595
449 20:58
4,4023 4,4970
3,9143 4,0174
4,5558 4,6478
5,1403 5,2595
450 20:59
4,4023 4,4970
3,9143 4,0174
4,5558 4,6478
5,1403 5,2595
451 21:00
4,4023 4,4970
3,9143 4,0174
4,5558 4,6478
5,1403 5,2595
452 21:01
4,4023 4,4970
3,9143 4,0174
4,5558 4,6478
5,1403 5,2595
453 21:02
4,4023 4,4970
3,9143 4,0174
4,5558 4,6478
5,1403 5,2595
454 21:03
4,4023 4,4970
3,9143 4,0174
4,5558 4,6478
5,1403 5,2595
455 21:04
4,4023 4,4970
3,9143 4,0174
4,5558 4,6478
5,1403 5,2595
456 21:05
4,4023 4,4970
3,9143 4,0174
4,5558 4,6478
5,1403 5,2595
457 21:06
4,4023 4,4970
3,9143 4,0174
4,5558 4,6478
5,1403 5,2595
458 21:07
4,4023 4,4970
3,9143 4,0174
4,5558 4,6478
5,1403 5,2595
459 21:08
4,4023 4,4970
3,9143 4,0174
4,5558 4,6478
5,1403 5,2595
460 21:09
4,4023 4,4970
3,9143 4,0174
4,5558 4,6478
5,1403 5,2595
461 21:10
4,4023 4,4970
3,9143 4,0174
4,5558 4,6478
5,1403 5,2595
462 21:11
4,4023 4,4970
3,9143 4,0174
4,5558 4,6478
5,1403 5,2595
463 21:12
4,4023 4,4970
3,9143 4,0174
4,5558 4,6478
5,1403 5,2595
464 21:13
4,4023 4,4970
3,9143 4,0174
4,5558 4,6478
5,1403 5,2595
465 21:14
4,4023 4,4970
3,9143 4,0174
4,5558 4,6478
5,1403 5,2595
466 21:15
4,4023 4,4970
3,9143 4,0174
4,5558 4,6478
5,1403 5,2595
467 21:16
4,4023 4,4970
3,9143 4,0174
4,5558 4,6478
5,1403 5,2595
468 21:17
4,4023 4,4970
3,9143 4,0174
4,5558 4,6478
5,1403 5,2595
469 21:18
4,4023 4,4970
3,9143 4,0174
4,5558 4,6478
5,1403 5,2595
470 21:19
4,4023 4,4970
3,9143 4,0174
4,5558 4,6478
5,1403 5,2595
471 21:20
4,4023 4,4970
3,9143 4,0174
4,5558 4,6478
5,1403 5,2595
472 21:21
4,4023 4,4970
3,9143 4,0174
4,5558 4,6478
5,1403 5,2595
473 21:22
4,4023 4,4970
3,9143 4,0174
4,5558 4,6478
5,1403 5,2595
474 21:23
4,4023 4,4970
3,9143 4,0174
4,5558 4,6478
5,1403 5,2595
475 21:24
4,4023 4,4970
3,9143 4,0174
4,5558 4,6478
5,1403 5,2595
476 21:25
4,4023 4,4970
3,9143 4,0174
4,5558 4,6478
5,1403 5,2595
477 21:26
4,4023 4,4970
3,9143 4,0174
4,5558 4,6478
5,1403 5,2595
478 21:27
4,4023 4,4970
3,9143 4,0174
4,5558 4,6478
5,1403 5,2595
479 21:28
4,4023 4,4970
3,9143 4,0174
4,5558 4,6478
5,1403 5,2595
480 21:29
4,4023 4,4970
3,9143 4,0174
4,5558 4,6478
5,1403 5,2595
481 21:30
4,4023 4,4970
3,9143 4,0174
4,5558 4,6478
5,1403 5,2595
482 21:31
4,4023 4,4970
3,9143 4,0174
4,5558 4,6478
5,1403 5,2595
483 21:32
4,4023 4,4970
3,9143 4,0174
4,5558 4,6478
5,1403 5,2595
484 21:33
4,4023 4,4970
3,9143 4,0174
4,5558 4,6478
5,1403 5,2595
485 21:34
4,4023 4,4970
3,9143 4,0174
4,5558 4,6478
5,1403 5,2595
486 21:35
4,4023 4,4970
3,9143 4,0174
4,5558 4,6478
5,1403 5,2595
487 21:36
4,4023 4,4970
3,9143 4,0174
4,5558 4,6478
5,1403 5,2595
488 21:37
4,4023 4,4970
3,9143 4,0174
4,5558 4,6478
5,1403 5,2595
489 21:38
4,4023 4,4970
3,9143 4,0174
4,5558 4,6478
5,1403 5,2595
490 21:39
4,4023 4,4970
3,9143 4,0174
4,5558 4,6478
5,1403 5,2595
491 21:40
4,4023 4,4970
3,9143 4,0174
4,5558 4,6478
5,1403 5,2595
492 21:41
4,4023 4,4970
3,9143 4,0174
4,5558 4,6478
5,1403 5,2595
493 21:42
4,4023 4,4970
3,9143 4,0174
4,5558 4,6478
5,1403 5,2595
494 21:43
4,4023 4,4970
3,9143 4,0174
4,5558 4,6478
5,1403 5,2595
495 21:44
4,4023 4,4970
3,9143 4,0174
4,5558 4,6478
5,1403 5,2595
496 21:45
4,4023 4,4970
3,9143 4,0174
4,5558 4,6478
5,1403 5,2595
497 21:46
4,4023 4,4970
3,9143 4,0174
4,5558 4,6478
5,1403 5,2595
498 21:47
4,4023 4,4970
3,9143 4,0174
4,5558 4,6478
5,1403 5,2595
499 21:48
4,4023 4,4970
3,9143 4,0174
4,5558 4,6478
5,1403 5,2595
500 21:49
4,4023 4,4970
3,9143 4,0174
4,5558 4,6478
5,1403 5,2595
501 21:50
4,4023 4,4970
3,9143 4,0174
4,5558 4,6478
5,1403 5,2595
502 21:51
4,4023 4,4970
3,9143 4,0174
4,5558 4,6478
5,1403 5,2595
503 21:52
4,4023 4,4970
3,9143 4,0174
4,5558 4,6478
5,1403 5,2595
504 21:53
4,4023 4,4970
3,9143 4,0174
4,5558 4,6478
5,1403 5,2595
505 21:54
4,4023 4,4970
3,9143 4,0174
4,5558 4,6478
5,1403 5,2595
506 21:55
4,4023 4,4970
3,9143 4,0174
4,5558 4,6478
5,1403 5,2595
507 21:56
4,4023 4,4970
3,9143 4,0174
4,5558 4,6478
5,1403 5,2595
508 21:57
4,4023 4,4970
3,9143 4,0174
4,5558 4,6478
5,1403 5,2595
509 21:58
4,4023 4,4970
3,9143 4,0174
4,5558 4,6478
5,1403 5,2595
510 21:59
4,4023 4,4970
3,9143 4,0174
4,5558 4,6478
5,1403 5,2595
511 22:00
4,4023 4,4970
3,9143 4,0174
4,5558 4,6478
5,1403 5,2595
512 22:01
4,4023 4,4970
3,9143 4,0174
4,5558 4,6478
5,1403 5,2595
513 22:02
4,4023 4,4970
3,9143 4,0174
4,5558 4,6478
5,1403 5,2595
