#======================
2023-3-23
# 1.EUR, 2.USD, 3.CHF, 4.GBP
Sell Price, Buy Price
1 08:45
4,6630 4,6956
4,2745 4,3069
4,6676 4,7008
5,2690 5,3027
2 08:46
4,6630 4,6956
4,2747 4,3071
4,6669 4,7001
5,2695 5,3032
3 08:47
4,6616 4,6942
4,2730 4,3054
4,6646 4,6978
5,2677 5,3014
4 08:48
4,6608 4,6934
4,2732 4,3056
4,6637 4,6969
5,2654 5,2991
5 08:49
4,6609 4,6935
4,2734 4,3058
4,6638 4,6970
5,2643 5,2980
6 08:50
4,6610 4,6936
4,2733 4,3057
4,6646 4,6978
5,2656 5,2993
7 08:51
4,6617 4,6943
4,2729 4,3053
4,6654 4,6986
5,2663 5,3000
8 08:52
4,6618 4,6944
4,2734 4,3058
4,6656 4,6988
5,2671 5,3008
9 08:53
4,6618 4,6944
4,2742 4,3066
4,6652 4,6984
5,2647 5,2984
10 08:54
4,6616 4,6942
4,2734 4,3058
4,6650 4,6982
5,2644 5,2981
11 08:55
4,6616 4,6942
4,2744 4,3068
4,6655 4,6987
5,2650 5,2987
12 08:56
4,6616 4,6942
4,2750 4,3074
4,6640 4,6972
5,2644 5,2981
13 08:57
4,6617 4,6943
4,2753 4,3077
4,6649 4,6981
5,2644 5,2981
14 08:58
4,6616 4,6942
4,2744 4,3068
4,6649 4,6981
5,2639 5,2976
15 08:59
4,6617 4,6943
4,2741 4,3065
4,6652 4,6984
5,2633 5,2970
16 09:00
4,6616 4,6942
4,2740 4,3064
4,6655 4,6987
5,2639 5,2976
17 09:01
4,6616 4,6942
4,2734 4,3058
4,6655 4,6987
5,2658 5,2995
18 09:02
4,6615 4,6941
4,2727 4,3051
4,6656 4,6988
5,2652 5,2989
19 09:03
4,6605 4,6931
4,2722 4,3046
4,6645 4,6977
5,2644 5,2981
20 09:04
4,6594 4,6920
4,2702 4,3026
4,6632 4,6964
5,2625 5,2962
21 09:05
4,6597 4,6923
4,2730 4,3054
4,6638 4,6970
5,2628 5,2965
22 09:06
4,6595 4,6920
4,2732 4,3057
4,6625 4,6958
5,2630 5,2967
23 09:07
4,6586 4,6911
4,2724 4,3049
4,6616 4,6949
5,2617 5,2954
24 09:08
4,6583 4,6908
4,2730 4,3055
4,6619 4,6952
5,2614 5,2951
25 09:09
4,6568 4,6893
4,2699 4,3024
4,6604 4,6937
5,2590 5,2927
26 09:10
4,6576 4,6901
4,2717 4,3042
4,6616 4,6949
5,2610 5,2947
27 09:11
4,6578 4,6903
4,2715 4,3040
4,6614 4,6947
5,2606 5,2943
28 09:12
4,6579 4,6904
4,2710 4,3035
4,6609 4,6942
5,2602 5,2939
29 09:13
4,6589 4,6914
4,2729 4,3054
4,6619 4,6952
5,2634 5,2971
30 09:14
4,6589 4,6914
4,2725 4,3050
4,6616 4,6949
5,2640 5,2977
31 09:15
4,6594 4,6919
4,2728 4,3053
4,6616 4,6949
5,2642 5,2979
32 09:16
4,6592 4,6917
4,2730 4,3055
4,6605 4,6938
5,2652 5,2989
33 09:17
4,6592 4,6917
4,2716 4,3041
4,6605 4,6938
5,2640 5,2977
34 09:18
4,6595 4,6920
4,2731 4,3056
4,6616 4,6949
5,2630 5,2967
35 09:19
4,6607 4,6932
4,2740 4,3065
4,6625 4,6958
5,2642 5,2979
36 09:20
4,6588 4,6913
4,2724 4,3049
4,6601 4,6934
5,2617 5,2954
37 09:21
4,6588 4,6914
4,2725 4,3050
4,6618 4,6955
5,2634 5,2970
38 09:22
4,6589 4,6915
4,2733 4,3058
4,6647 4,6984
5,2646 5,2982
39 09:23
4,6591 4,6917
4,2745 4,3070
4,6666 4,7003
5,2655 5,2991
40 09:24
4,6595 4,6921
4,2750 4,3075
4,6672 4,7009
5,2665 5,3001
41 09:25
4,6598 4,6924
4,2763 4,3088
4,6703 4,7040
5,2655 5,2991
42 09:26
4,6601 4,6926
4,2764 4,3089
4,6694 4,7028
5,2669 5,3006
43 09:27
4,6618 4,6943
4,2778 4,3103
4,6716 4,7050
5,2690 5,3027
44 09:28
4,6619 4,6944
4,2779 4,3104
4,6694 4,7028
5,2701 5,3038
45 09:29
4,6652 4,6977
4,2824 4,3149
4,6724 4,7058
5,2745 5,3082
46 09:30
4,6647 4,6972
4,2816 4,3141
4,6720 4,7054
5,2741 5,3078
47 09:31
4,6667 4,6992
4,2833 4,3158
4,6845 4,7181
5,2756 5,3092
48 09:32
4,6674 4,6999
4,2845 4,3170
4,6908 4,7244
5,2776 5,3112
49 09:33
4,6668 4,6993
4,2837 4,3162
4,6905 4,7241
5,2787 5,3123
50 09:34
4,6659 4,6984
4,2829 4,3154
4,6918 4,7254
5,2776 5,3112
51 09:35
4,6648 4,6973
4,2807 4,3132
4,6911 4,7247
5,2773 5,3109
52 09:36
4,6653 4,6978
4,2815 4,3140
4,6884 4,7216
5,2781 5,3117
53 09:37
4,6655 4,6980
4,2806 4,3131
4,6876 4,7208
5,2766 5,3102
54 09:38
4,6660 4,6985
4,2819 4,3144
4,6873 4,7205
5,2775 5,3111
55 09:39
4,6661 4,6986
4,2825 4,3150
4,6867 4,7199
5,2791 5,3127
56 09:40
4,6660 4,6985
4,2826 4,3151
4,6869 4,7201
5,2786 5,3122
57 09:41
4,6663 4,6988
4,2831 4,3156
4,6870 4,7204
5,2795 5,3132
58 09:42
4,6679 4,7004
4,2834 4,3159
4,6907 4,7241
5,2803 5,3140
59 09:43
4,6661 4,6986
4,2817 4,3142
4,6879 4,7213
5,2790 5,3127
60 09:44
4,6653 4,6978
4,2805 4,3130
4,6877 4,7211
5,2777 5,3114
61 09:45
4,6648 4,6973
4,2804 4,3129
4,6862 4,7196
5,2776 5,3113
62 09:46
4,6639 4,6964
4,2789 4,3114
4,6851 4,7185
5,2759 5,3096
63 09:47
4,6650 4,6975
4,2796 4,3121
4,6854 4,7188
5,2763 5,3100
64 09:48
4,6644 4,6969
4,2789 4,3114
4,6831 4,7165
5,2748 5,3085
65 09:49
4,6640 4,6965
4,2780 4,3105
4,6825 4,7159
5,2736 5,3073
66 09:50
4,6640 4,6965
4,2775 4,3100
4,6820 4,7154
5,2743 5,3080
67 09:51
4,6628 4,6953
4,2743 4,3068
4,6799 4,7135
5,2718 5,3054
68 09:52
4,6627 4,6952
4,2748 4,3073
4,6797 4,7133
5,2716 5,3052
69 09:53
4,6626 4,6951
4,2747 4,3072
4,6808 4,7144
5,2718 5,3054
70 09:54
4,6618 4,6943
4,2744 4,3069
4,6800 4,7136
5,2706 5,3042
71 09:55
4,6624 4,6949
4,2752 4,3077
4,6796 4,7132
5,2722 5,3058
72 09:56
4,6626 4,6952
4,2785 4,3110
4,6807 4,7141
5,2744 5,3081
73 09:57
4,6618 4,6944
4,2791 4,3116
4,6796 4,7130
5,2734 5,3071
74 09:58
4,6616 4,6942
4,2775 4,3100
4,6794 4,7128
5,2733 5,3070
75 09:59
4,6618 4,6944
4,2775 4,3100
4,6786 4,7120
5,2723 5,3060
76 10:00
4,6621 4,6947
4,2771 4,3096
4,6785 4,7119
5,2716 5,3053
77 10:01
4,6620 4,6946
4,2765 4,3090
4,6803 4,7135
5,2715 5,3053
78 10:02
4,6620 4,6946
4,2760 4,3085
4,6804 4,7136
5,2711 5,3049
79 10:03
4,6623 4,6949
4,2775 4,3100
4,6826 4,7158
5,2739 5,3077
80 10:04
4,6623 4,6949
4,2780 4,3105
4,6819 4,7151
5,2747 5,3085
81 10:05
4,6629 4,6955
4,2794 4,3119
4,6808 4,7140
5,2751 5,3089
82 10:06
4,6628 4,6953
4,2797 4,3122
4,6812 4,7144
5,2753 5,3091
83 10:07
4,6629 4,6954
4,2792 4,3117
4,6808 4,7140
5,2759 5,3097
84 10:08
4,6629 4,6954
4,2794 4,3119
4,6813 4,7145
5,2772 5,3110
85 10:09
4,6622 4,6947
4,2787 4,3112
4,6806 4,7138
5,2761 5,3099
86 10:10
4,6628 4,6953
4,2795 4,3120
4,6812 4,7144
5,2777 5,3115
87 10:11
4,6626 4,6951
4,2795 4,3120
4,6809 4,7143
5,2772 5,3109
88 10:12
4,6622 4,6947
4,2785 4,3110
4,6805 4,7139
5,2770 5,3107
89 10:13
4,6623 4,6948
4,2776 4,3101
4,6792 4,7126
5,2768 5,3105
90 10:14
4,6623 4,6948
4,2782 4,3107
4,6784 4,7118
5,2772 5,3109
91 10:15
4,6620 4,6945
4,2774 4,3099
4,6751 4,7085
5,2766 5,3103
92 10:16
4,6616 4,6941
4,2774 4,3099
4,6774 4,7108
5,2765 5,3102
93 10:17
4,6618 4,6943
4,2795 4,3120
4,6785 4,7119
5,2774 5,3111
94 10:18
4,6621 4,6946
4,2806 4,3131
4,6775 4,7109
5,2774 5,3111
95 10:19
4,6619 4,6944
4,2810 4,3135
4,6769 4,7103
5,2773 5,3110
96 10:20
4,6613 4,6938
4,2814 4,3139
4,6767 4,7101
5,2765 5,3102
97 10:21
4,6616 4,6942
4,2821 4,3146
4,6770 4,7104
5,2766 5,3103
98 10:22
4,6612 4,6938
4,2819 4,3144
4,6760 4,7094
5,2765 5,3102
99 10:23
4,6612 4,6938
4,2821 4,3146
4,6719 4,7053
5,2787 5,3124
100 10:24
4,6613 4,6939
4,2820 4,3145
4,6729 4,7063
5,2777 5,3114
101 10:25
4,6615 4,6941
4,2830 4,3155
4,6740 4,7074
5,2780 5,3117
102 10:26
4,6617 4,6943
4,2826 4,3151
4,6749 4,7081
5,2779 5,3116
103 10:27
4,6617 4,6943
4,2826 4,3151
4,6741 4,7073
5,2793 5,3130
104 10:28
4,6623 4,6949
4,2825 4,3150
4,6740 4,7072
5,2803 5,3140
105 10:29
4,6628 4,6954
4,2832 4,3157
4,6736 4,7068
5,2809 5,3146
106 10:30
4,6629 4,6955
4,2833 4,3158
4,6739 4,7071
5,2811 5,3148
107 10:31
4,6629 4,6955
4,2837 4,3162
4,6727 4,7061
5,2802 5,3138
108 10:32
4,6627 4,6953
4,2823 4,3148
4,6725 4,7059
5,2783 5,3119
109 10:33
4,6627 4,6953
4,2829 4,3154
4,6715 4,7049
5,2788 5,3124
110 10:34
4,6631 4,6957
4,2831 4,3156
4,6711 4,7045
5,2792 5,3128
111 10:35
4,6631 4,6957
4,2825 4,3150
4,6708 4,7042
5,2787 5,3123
112 10:36
4,6630 4,6955
4,2820 4,3145
4,6706 4,7039
5,2782 5,3119
113 10:37
4,6628 4,6953
4,2834 4,3159
4,6718 4,7051
5,2782 5,3119
114 10:38
4,6629 4,6954
4,2847 4,3172
4,6719 4,7052
5,2805 5,3142
115 10:39
4,6629 4,6954
4,2841 4,3166
4,6707 4,7040
5,2792 5,3129
116 10:40
4,6629 4,6954
4,2847 4,3172
4,6689 4,7022
5,2778 5,3115
117 10:41
4,6628 4,6954
4,2842 4,3167
4,6673 4,7005
5,2773 5,3110
118 10:42
4,6634 4,6960
4,2853 4,3178
4,6702 4,7034
5,2774 5,3111
119 10:43
4,6635 4,6961
4,2841 4,3166
4,6706 4,7038
5,2766 5,3103
120 10:44
4,6635 4,6961
4,2837 4,3162
4,6733 4,7065
5,2769 5,3106
121 10:45
4,6636 4,6962
4,2840 4,3165
4,6716 4,7048
5,2777 5,3114
122 10:46
4,6632 4,6958
4,2828 4,3152
4,6721 4,7054
5,2772 5,3109
123 10:47
4,6630 4,6956
4,2827 4,3151
4,6718 4,7051
5,2767 5,3104
124 10:48
4,6631 4,6957
4,2826 4,3150
4,6725 4,7058
5,2777 5,3114
125 10:49
4,6632 4,6958
4,2827 4,3151
4,6726 4,7059
5,2785 5,3122
126 10:50
4,6633 4,6959
4,2830 4,3154
4,6726 4,7059
5,2780 5,3117
127 10:51
4,6631 4,6957
4,2835 4,3159
4,6715 4,7048
5,2779 5,3116
128 10:52
4,6629 4,6955
4,2848 4,3172
4,6737 4,7070
5,2797 5,3134
129 10:53
4,6630 4,6956
4,2845 4,3169
4,6762 4,7095
5,2786 5,3123
130 10:54
4,6633 4,6959
4,2840 4,3164
4,6760 4,7093
5,2792 5,3129
131 10:55
4,6635 4,6961
4,2830 4,3154
4,6776 4,7109
5,2776 5,3113
132 10:56
4,6637 4,6963
4,2831 4,3155
4,6783 4,7116
5,2775 5,3112
133 10:57
4,6633 4,6959
4,2827 4,3151
4,6793 4,7126
5,2777 5,3114
134 10:58
4,6639 4,6965
4,2850 4,3174
4,6809 4,7142
5,2791 5,3128
135 10:59
4,6632 4,6958
4,2837 4,3161
4,6773 4,7106
5,2776 5,3113
136 11:00
4,6633 4,6959
4,2838 4,3162
4,6772 4,7105
5,2780 5,3117
137 11:01
4,6631 4,6957
4,2849 4,3173
4,6771 4,7104
5,2787 5,3124
138 11:02
4,6631 4,6957
4,2840 4,3164
4,6758 4,7091
5,2783 5,3120
139 11:03
4,6633 4,6959
4,2852 4,3176
4,6747 4,7080
5,2793 5,3130
140 11:04
4,6635 4,6961
4,2857 4,3181
4,6748 4,7081
5,2795 5,3132
141 11:05
4,6635 4,6961
4,2857 4,3181
4,6729 4,7062
5,2788 5,3125
142 11:06
4,6649 4,6975
4,2866 4,3190
4,6739 4,7072
5,2812 5,3149
143 11:07
4,6649 4,6975
4,2872 4,3196
4,6750 4,7083
5,2819 5,3156
144 11:08
4,6647 4,6973
4,2880 4,3204
4,6767 4,7100
5,2821 5,3158
145 11:09
4,6650 4,6976
4,2871 4,3195
4,6775 4,7108
5,2813 5,3150
146 11:10
4,6648 4,6974
4,2877 4,3201
4,6779 4,7112
5,2811 5,3148
147 11:11
4,6646 4,6972
4,2877 4,3201
4,6773 4,7106
5,2792 5,3129
148 11:12
4,6645 4,6971
4,2876 4,3200
4,6779 4,7112
5,2787 5,3124
149 11:13
4,6648 4,6974
4,2877 4,3201
4,6789 4,7122
5,2791 5,3128
150 11:14
4,6650 4,6976
4,2892 4,3216
4,6791 4,7124
5,2793 5,3130
151 11:15
4,6656 4,6982
4,2898 4,3222
4,6805 4,7138
5,2796 5,3133
152 11:16
4,6661 4,6987
4,2901 4,3225
4,6814 4,7146
5,2801 5,3138
153 11:17
4,6667 4,6993
4,2907 4,3231
4,6819 4,7151
5,2801 5,3138
154 11:18
4,6673 4,6999
4,2918 4,3242
4,6820 4,7152
5,2799 5,3136
155 11:19
4,6661 4,6987
4,2903 4,3227
4,6808 4,7140
5,2784 5,3121
156 11:20
4,6658 4,6984
4,2912 4,3236
4,6801 4,7133
5,2785 5,3122
157 11:21
4,6655 4,6981
4,2911 4,3235
4,6806 4,7140
5,2782 5,3118
158 11:22
4,6654 4,6980
4,2917 4,3241
4,6808 4,7142
5,2784 5,3120
159 11:23
4,6648 4,6974
4,2912 4,3236
4,6803 4,7137
5,2776 5,3112
160 11:24
4,6635 4,6961
4,2906 4,3230
4,6799 4,7133
5,2758 5,3094
161 11:25
4,6637 4,6963
4,2911 4,3235
4,6807 4,7141
5,2737 5,3073
162 11:26
4,6636 4,6962
4,2899 4,3223
4,6800 4,7134
5,2729 5,3066
163 11:27
4,6631 4,6957
4,2895 4,3219
4,6796 4,7130
5,2726 5,3063
164 11:28
4,6630 4,6956
4,2898 4,3222
4,6794 4,7128
5,2726 5,3063
165 11:29
4,6632 4,6958
4,2902 4,3226
4,6806 4,7140
5,2728 5,3065
166 11:30
4,6634 4,6960
4,2902 4,3226
4,6814 4,7148
5,2734 5,3071
167 11:31
4,6634 4,6960
4,2892 4,3216
4,6813 4,7146
5,2732 5,3070
168 11:32
4,6644 4,6970
4,2901 4,3225
4,6829 4,7162
5,2744 5,3082
169 11:33
4,6649 4,6975
4,2908 4,3232
4,6833 4,7166
5,2748 5,3086
170 11:34
4,6645 4,6971
4,2896 4,3220
4,6819 4,7152
5,2739 5,3077
171 11:35
4,6637 4,6963
4,2893 4,3217
4,6821 4,7154
5,2745 5,3083
172 11:36
4,6643 4,6969
4,2898 4,3222
4,6824 4,7158
5,2747 5,3084
173 11:37
4,6641 4,6967
4,2893 4,3217
4,6820 4,7154
5,2744 5,3081
174 11:38
4,6634 4,6960
4,2878 4,3202
4,6806 4,7140
5,2736 5,3073
175 11:39
4,6632 4,6958
4,2870 4,3194
4,6816 4,7150
5,2743 5,3080
176 11:40
4,6634 4,6960
4,2870 4,3194
4,6824 4,7158
5,2748 5,3085
177 11:41
4,6640 4,6966
4,2874 4,3198
4,6835 4,7168
5,2766 5,3103
178 11:42
4,6641 4,6967
4,2880 4,3204
4,6819 4,7152
5,2759 5,3096
179 11:43
4,6642 4,6968
4,2885 4,3209
4,6817 4,7150
5,2757 5,3094
180 11:44
4,6649 4,6975
4,2902 4,3226
4,6825 4,7158
5,2770 5,3107
181 11:45
4,6651 4,6977
4,2900 4,3224
4,6811 4,7144
5,2774 5,3111
182 11:46
4,6645 4,6971
4,2884 4,3208
4,6792 4,7126
5,2763 5,3100
183 11:47
4,6640 4,6966
4,2880 4,3204
4,6776 4,7110
5,2755 5,3092
184 11:48
4,6639 4,6965
4,2882 4,3206
4,6770 4,7104
5,2750 5,3087
185 11:49
4,6638 4,6964
4,2886 4,3210
4,6777 4,7111
5,2747 5,3084
186 11:50
4,6639 4,6965
4,2881 4,3205
4,6776 4,7110
5,2739 5,3076
187 11:51
4,6639 4,6965
4,2887 4,3212
4,6785 4,7118
5,2739 5,3076
188 11:52
4,6634 4,6960
4,2876 4,3201
4,6773 4,7106
5,2728 5,3065
189 11:53
4,6634 4,6960
4,2872 4,3197
4,6766 4,7099
5,2721 5,3058
190 11:54
4,6633 4,6959
4,2871 4,3196
4,6760 4,7093
5,2729 5,3066
191 11:55
4,6632 4,6958
4,2874 4,3199
4,6754 4,7087
5,2725 5,3062
192 11:56
4,6634 4,6960
4,2880 4,3205
4,6756 4,7090
5,2717 5,3054
193 11:57
4,6633 4,6959
4,2879 4,3204
4,6755 4,7089
5,2708 5,3045
194 11:58
4,6633 4,6959
4,2879 4,3204
4,6757 4,7091
5,2714 5,3051
195 11:59
4,6636 4,6962
4,2878 4,3203
4,6759 4,7093
5,2718 5,3055
196 12:00
4,6626 4,6952
4,2865 4,3190
4,6744 4,7078
5,2700 5,3037
197 12:01
4,6626 4,6952
4,2869 4,3194
4,6749 4,7081
5,2724 5,3061
198 12:02
4,6626 4,6952
4,2867 4,3192
4,6749 4,7081
5,2724 5,3061
199 12:03
4,6626 4,6952
4,2865 4,3190
4,6745 4,7077
5,2724 5,3061
200 12:04
4,6627 4,6953
4,2864 4,3189
4,6741 4,7073
5,2717 5,3054
201 12:05
4,6626 4,6952
4,2859 4,3184
4,6737 4,7069
5,2718 5,3055
202 12:06
4,6627 4,6953
4,2866 4,3191
4,6747 4,7079
5,2730 5,3067
203 12:07
4,6627 4,6953
4,2856 4,3181
4,6736 4,7068
5,2722 5,3059
204 12:08
4,6629 4,6955
4,2862 4,3187
4,6739 4,7071
5,2725 5,3062
205 12:09
4,6636 4,6962
4,2874 4,3199
4,6762 4,7094
5,2730 5,3067
206 12:10
4,6638 4,6964
4,2879 4,3204
4,6761 4,7093
5,2738 5,3075
207 12:11
4,6637 4,6962
4,2882 4,3207
4,6761 4,7093
5,2741 5,3078
208 12:12
4,6636 4,6961
4,2879 4,3204
4,6760 4,7092
5,2735 5,3072
209 12:13
4,6629 4,6954
4,2873 4,3198
4,6765 4,7097
5,2730 5,3067
210 12:14
4,6629 4,6954
4,2869 4,3194
4,6756 4,7088
5,2735 5,3072
211 12:15
4,6629 4,6954
4,2867 4,3192
4,6761 4,7093
5,2726 5,3063
212 12:16
4,6630 4,6955
4,2868 4,3193
4,6755 4,7087
5,2719 5,3056
213 12:17
4,6634 4,6959
4,2875 4,3200
4,6761 4,7093
5,2723 5,3060
214 12:18
4,6633 4,6958
4,2884 4,3209
4,6765 4,7097
5,2728 5,3065
215 12:19
4,6633 4,6958
4,2880 4,3205
4,6767 4,7099
5,2731 5,3068
216 12:20
4,6636 4,6961
4,2893 4,3218
4,6777 4,7109
5,2731 5,3068
217 12:21
4,6633 4,6959
4,2894 4,3219
4,6775 4,7109
5,2733 5,3070
218 12:22
4,6635 4,6961
4,2878 4,3203
4,6768 4,7102
5,2733 5,3070
219 12:23
4,6635 4,6961
4,2876 4,3201
4,6768 4,7102
5,2733 5,3070
220 12:24
4,6631 4,6957
4,2867 4,3192
4,6762 4,7096
5,2726 5,3063
221 12:25
4,6631 4,6957
4,2868 4,3193
4,6753 4,7087
5,2718 5,3055
222 12:26
4,6632 4,6958
4,2867 4,3192
4,6747 4,7079
5,2717 5,3054
223 12:27
4,6632 4,6958
4,2867 4,3192
4,6747 4,7079
5,2720 5,3057
224 12:28
4,6634 4,6960
4,2873 4,3198
4,6754 4,7086
5,2713 5,3050
225 12:29
4,6632 4,6958
4,2875 4,3200
4,6759 4,7091
5,2715 5,3052
226 12:30
4,6634 4,6960
4,2879 4,3204
4,6759 4,7091
5,2718 5,3055
227 12:31
4,6634 4,6960
4,2879 4,3204
4,6760 4,7094
5,2717 5,3054
228 12:32
4,6630 4,6956
4,2870 4,3195
4,6757 4,7091
5,2706 5,3043
229 12:33
4,6630 4,6956
4,2870 4,3195
4,6756 4,7090
5,2706 5,3043
230 12:34
4,6629 4,6955
4,2880 4,3205
4,6760 4,7094
5,2708 5,3045
231 12:35
4,6631 4,6957
4,2878 4,3203
4,6762 4,7096
5,2710 5,3047
232 12:36
4,6631 4,6957
4,2884 4,3209
4,6773 4,7106
5,2717 5,3054
233 12:37
4,6631 4,6957
4,2894 4,3219
4,6778 4,7111
5,2713 5,3050
234 12:38
4,6630 4,6956
4,2895 4,3220
4,6780 4,7113
5,2715 5,3052
235 12:39
4,6630 4,6956
4,2889 4,3214
4,6778 4,7111
5,2718 5,3055
236 12:40
4,6630 4,6956
4,2885 4,3210
4,6791 4,7124
5,2726 5,3063
237 12:41
4,6629 4,6955
4,2886 4,3211
4,6797 4,7129
5,2723 5,3060
238 12:42
4,6631 4,6957
4,2894 4,3219
4,6796 4,7128
5,2731 5,3068
239 12:43
4,6629 4,6955
4,2893 4,3218
4,6792 4,7124
5,2730 5,3067
240 12:44
4,6630 4,6956
4,2889 4,3214
4,6790 4,7122
5,2740 5,3077
241 12:45
4,6630 4,6956
4,2891 4,3216
4,6786 4,7118
5,2739 5,3076
242 12:46
4,6631 4,6957
4,2896 4,3221
4,6787 4,7120
5,2728 5,3065
243 12:47
4,6630 4,6956
4,2895 4,3220
4,6784 4,7117
5,2742 5,3079
244 12:48
4,6630 4,6956
4,2893 4,3218
4,6784 4,7117
5,2739 5,3076
245 12:49
4,6628 4,6954
4,2893 4,3218
4,6780 4,7113
5,2735 5,3072
246 12:50
4,6629 4,6955
4,2887 4,3212
4,6771 4,7104
5,2732 5,3069
247 12:51
4,6629 4,6955
4,2888 4,3213
4,6759 4,7091
5,2729 5,3066
248 12:52
4,6628 4,6954
4,2887 4,3212
4,6766 4,7098
5,2728 5,3065
249 12:53
4,6628 4,6954
4,2885 4,3210
4,6761 4,7093
5,2738 5,3075
250 12:54
4,6627 4,6953
4,2879 4,3204
4,6757 4,7089
5,2738 5,3075
251 12:55
4,6630 4,6956
4,2873 4,3198
4,6759 4,7091
5,2754 5,3091
252 12:56
4,6629 4,6955
4,2867 4,3192
4,6759 4,7092
5,2768 5,3105
253 12:57
4,6629 4,6955
4,2863 4,3188
4,6759 4,7092
5,2770 5,3107
254 12:58
4,6630 4,6956
4,2872 4,3197
4,6763 4,7096
5,2781 5,3118
255 12:59
4,6631 4,6957
4,2872 4,3197
4,6769 4,7102
5,2782 5,3119
256 13:00
4,6630 4,6956
4,2874 4,3199
4,6758 4,7091
5,2775 5,3112
257 13:01
4,6629 4,6955
4,2872 4,3197
4,6757 4,7091
5,2883 5,3220
258 13:02
4,6630 4,6956
4,2877 4,3202
4,6763 4,7097
5,2805 5,3142
259 13:03
4,6630 4,6956
4,2874 4,3199
4,6758 4,7092
5,2794 5,3131
260 13:04
4,6630 4,6956
4,2873 4,3198
4,6755 4,7089
5,2764 5,3101
261 13:05
4,6632 4,6958
4,2887 4,3212
4,6763 4,7097
5,2767 5,3104
262 13:06
4,6631 4,6957
4,2872 4,3197
4,6756 4,7088
5,2779 5,3116
263 13:07
4,6632 4,6958
4,2873 4,3198
4,6758 4,7090
5,2786 5,3123
264 13:08
4,6637 4,6963
4,2894 4,3219
4,6773 4,7105
5,2789 5,3126
265 13:09
4,6634 4,6960
4,2881 4,3206
4,6763 4,7095
5,2791 5,3128
266 13:10
4,6640 4,6966
4,2879 4,3204
4,6765 4,7097
5,2804 5,3141
267 13:11
4,6637 4,6963
4,2872 4,3197
4,6761 4,7095
5,2813 5,3150
268 13:12
4,6636 4,6962
4,2873 4,3198
4,6763 4,7097
5,2815 5,3152
269 13:13
4,6636 4,6962
4,2871 4,3196
4,6760 4,7094
5,2818 5,3155
270 13:14
4,6637 4,6963
4,2868 4,3193
4,6763 4,7097
5,2825 5,3162
271 13:15
4,6645 4,6971
4,2872 4,3197
4,6769 4,7103
5,2832 5,3169
272 13:16
4,6646 4,6972
4,2870 4,3195
4,6760 4,7094
5,2826 5,3163
273 13:17
4,6645 4,6971
4,2859 4,3184
4,6754 4,7088
5,2842 5,3179
274 13:18
4,6644 4,6970
4,2856 4,3181
4,6753 4,7087
5,2833 5,3170
275 13:19
4,6642 4,6968
4,2854 4,3179
4,6751 4,7085
5,2830 5,3167
276 13:20
4,6638 4,6964
4,2845 4,3170
4,6764 4,7098
5,2841 5,3178
277 13:21
4,6634 4,6960
4,2818 4,3143
4,6753 4,7087
5,2838 5,3175
278 13:22
4,6635 4,6961
4,2813 4,3138
4,6759 4,7093
5,2834 5,3171
279 13:23
4,6628 4,6954
4,2808 4,3133
4,6744 4,7078
5,2824 5,3161
280 13:24
4,6635 4,6961
4,2825 4,3150
4,6756 4,7090
5,2829 5,3166
281 13:25
4,6642 4,6968
4,2829 4,3154
4,6764 4,7098
5,2824 5,3161
282 13:26
4,6642 4,6968
4,2833 4,3158
4,6770 4,7104
5,2824 5,3161
283 13:27
4,6658 4,6984
4,2848 4,3173
4,6784 4,7118
5,2837 5,3174
284 13:28
4,6655 4,6981
4,2856 4,3181
4,6773 4,7107
5,2833 5,3170
285 13:29
4,6642 4,6968
4,2847 4,3172
4,6759 4,7093
5,2809 5,3146
286 13:30
4,6640 4,6966
4,2833 4,3158
4,6747 4,7081
5,2802 5,3139
287 13:31
4,6641 4,6967
4,2834 4,3159
4,6760 4,7094
5,2799 5,3136
288 13:32
4,6638 4,6964
4,2849 4,3174
4,6763 4,7097
5,2793 5,3130
289 13:33
4,6639 4,6965
4,2852 4,3177
4,6765 4,7099
5,2776 5,3113
290 13:34
4,6641 4,6967
4,2852 4,3177
4,6768 4,7102
5,2781 5,3118
291 13:35
4,6642 4,6968
4,2855 4,3180
4,6766 4,7100
5,2780 5,3117
292 13:36
4,6643 4,6969
4,2860 4,3185
4,6775 4,7108
5,2780 5,3117
293 13:37
4,6648 4,6974
4,2882 4,3207
4,6787 4,7120
5,2786 5,3123
294 13:38
4,6649 4,6975
4,2893 4,3218
4,6786 4,7119
5,2784 5,3121
295 13:39
4,6639 4,6965
4,2890 4,3215
4,6777 4,7110
5,2776 5,3113
296 13:40
4,6636 4,6962
4,2891 4,3216
4,6778 4,7111
5,2773 5,3110
297 13:41
4,6634 4,6960
4,2893 4,3218
4,6778 4,7112
5,2753 5,3089
298 13:42
4,6635 4,6961
4,2898 4,3223
4,6774 4,7108
5,2754 5,3090
299 13:43
4,6652 4,6978
4,2916 4,3241
4,6790 4,7124
5,2754 5,3090
300 13:44
4,6653 4,6979
4,2907 4,3232
4,6786 4,7120
5,2751 5,3087
301 13:45
4,6658 4,6984
4,2909 4,3234
4,6786 4,7120
5,2745 5,3081
302 13:46
4,6654 4,6980
4,2894 4,3219
4,6774 4,7108
5,2729 5,3066
303 13:47
4,6652 4,6978
4,2889 4,3214
4,6766 4,7100
5,2730 5,3067
304 13:48
4,6651 4,6977
4,2879 4,3204
4,6757 4,7091
5,2715 5,3052
305 13:49
4,6658 4,6984
4,2891 4,3216
4,6765 4,7099
5,2702 5,3039
306 13:50
4,6655 4,6981
4,2898 4,3223
4,6777 4,7111
5,2680 5,3017
307 13:51
4,6654 4,6980
4,2900 4,3225
4,6780 4,7113
5,2671 5,3007
308 13:52
4,6658 4,6984
4,2909 4,3234
4,6784 4,7117
5,2673 5,3009
309 13:53
4,6663 4,6989
4,2900 4,3225
4,6777 4,7110
5,2682 5,3018
310 13:54
4,6675 4,7001
4,2904 4,3229
4,6788 4,7121
5,2692 5,3028
311 13:55
4,6678 4,7004
4,2916 4,3241
4,6802 4,7135
5,2690 5,3026
312 13:56
4,6673 4,6999
4,2920 4,3245
4,6799 4,7131
5,2673 5,3009
313 13:57
4,6670 4,6996
4,2916 4,3241
4,6794 4,7126
5,2685 5,3021
314 13:58
4,6670 4,6996
4,2914 4,3239
4,6796 4,7128
5,2700 5,3036
315 13:59
4,6661 4,6987
4,2904 4,3229
4,6788 4,7120
5,2691 5,3027
316 14:00
4,6662 4,6988
4,2912 4,3237
4,6797 4,7129
5,2698 5,3034
317 14:01
4,6660 4,6986
4,2897 4,3222
4,6787 4,7119
5,2702 5,3038
318 14:02
4,6668 4,6994
4,2900 4,3225
4,6800 4,7132
5,2715 5,3051
319 14:03
4,6670 4,6996
4,2896 4,3221
4,6799 4,7131
5,2712 5,3048
320 14:04
4,6670 4,6996
4,2910 4,3235
4,6804 4,7136
5,2713 5,3049
321 14:05
4,6671 4,6997
4,2907 4,3232
4,6805 4,7137
5,2720 5,3056
322 14:06
4,6681 4,7007
4,2921 4,3246
4,6813 4,7145
5,2727 5,3064
323 14:07
4,6676 4,7002
4,2912 4,3237
4,6808 4,7140
5,2722 5,3059
324 14:08
4,6676 4,7002
4,2913 4,3238
4,6810 4,7142
5,2732 5,3069
325 14:09
4,6675 4,7001
4,2913 4,3238
4,6804 4,7136
5,2726 5,3063
326 14:10
4,6677 4,7003
4,2910 4,3235
4,6806 4,7138
5,2719 5,3056
327 14:11
4,6680 4,7007
4,2916 4,3241
4,6809 4,7143
5,2730 5,3067
328 14:12
4,6697 4,7024
4,2925 4,3250
4,6826 4,7160
5,2758 5,3095
329 14:13
4,6696 4,7023
4,2924 4,3249
4,6822 4,7156
5,2762 5,3099
330 14:14
4,6690 4,7017
4,2919 4,3244
4,6818 4,7152
5,2770 5,3107
331 14:15
4,6689 4,7016
4,2916 4,3241
4,6820 4,7154
5,2767 5,3104
332 14:16
4,6688 4,7014
4,2916 4,3241
4,6822 4,7156
5,2761 5,3097
333 14:17
Definite connection error