#======================
2023-3-9
# 1.EUR, 2.USD, 3.CHF, 4.GBP
Sell Price, Buy Price
1 11:41
4,6661 4,6987
4,4172 4,4497
4,7082 4,7413
5,2506 5,2842
2 11:42
4,6657 4,6983
4,4172 4,4497
4,7078 4,7409
5,2492 5,2828
3 11:43
4,6663 4,6989
4,4180 4,4505
4,7083 4,7414
5,2501 5,2837
4 11:44
4,6678 4,7004
4,4196 4,4521
4,7098 4,7429
5,2518 5,2854
5 11:45
4,6675 4,7001
4,4190 4,4515
4,7093 4,7424
5,2518 5,2854
6 11:46
4,6675 4,7001
4,4185 4,4510
4,7089 4,7421
5,2514 5,2850
7 11:47
4,6682 4,7008
4,4193 4,4518
4,7092 4,7424
5,2519 5,2855
8 11:48
4,6678 4,7004
4,4185 4,4510
4,7092 4,7424
5,2521 5,2857
9 11:49
4,6676 4,7002
4,4184 4,4509
4,7086 4,7418
5,2513 5,2849
10 11:50
4,6673 4,6999
4,4187 4,4512
4,7090 4,7422
5,2513 5,2849
11 11:51
4,6678 4,7004
4,4186 4,4511
4,7098 4,7429
5,2515 5,2851
12 11:52
4,6676 4,7002
4,4173 4,4498
4,7097 4,7428
5,2508 5,2844
13 11:53
4,6677 4,7003
4,4177 4,4502
4,7102 4,7433
5,2514 5,2850
14 11:54
4,6676 4,7002
4,4174 4,4499
4,7099 4,7430
5,2513 5,2849
15 11:55
4,6678 4,7004
4,4171 4,4496
4,7108 4,7439
5,2509 5,2845
16 11:56
4,6683 4,7009
4,4176 4,4501
4,7113 4,7444
5,2518 5,2854
17 11:57
4,6680 4,7006
4,4174 4,4499
4,7111 4,7442
5,2527 5,2863
18 11:58
4,6680 4,7006
4,4171 4,4496
4,7119 4,7450
5,2538 5,2874
19 11:59
4,6678 4,7004
4,4176 4,4501
4,7118 4,7449
5,2543 5,2879
20 12:00
4,6678 4,7004
4,4178 4,4503
4,7113 4,7444
5,2542 5,2878
21 12:01
4,6677 4,7003
4,4168 4,4493
4,7112 4,7443
5,2532 5,2868
22 12:02
4,6678 4,7004
4,4167 4,4492
4,7106 4,7437
5,2533 5,2869
23 12:03
4,6675 4,7001
4,4156 4,4481
4,7098 4,7429
5,2521 5,2857
24 12:04
4,6678 4,7004
4,4159 4,4484
4,7096 4,7427
5,2524 5,2860
25 12:05
4,6674 4,7000
4,4157 4,4482
4,7090 4,7421
5,2523 5,2859
26 12:06
4,6668 4,6994
4,4141 4,4466
4,7084 4,7415
5,2540 5,2876
27 12:07
4,6665 4,6991
4,4140 4,4465
4,7080 4,7411
5,2531 5,2867
28 12:08
4,6664 4,6990
4,4131 4,4456
4,7070 4,7401
5,2526 5,2862
29 12:09
4,6661 4,6987
4,4130 4,4455
4,7072 4,7403
5,2520 5,2856
30 12:10
4,6659 4,6985
4,4124 4,4449
4,7068 4,7399
5,2518 5,2854
31 12:11
4,6659 4,6985
4,4118 4,4443
4,7065 4,7396
5,2521 5,2857
32 12:12
4,6660 4,6986
4,4121 4,4446
4,7069 4,7400
5,2519 5,2855
33 12:13
4,6656 4,6982
4,4115 4,4440
4,7060 4,7391
5,2505 5,2841
34 12:14
4,6654 4,6980
4,4119 4,4444
4,7060 4,7391
5,2500 5,2836
35 12:15
4,6655 4,6981
4,4114 4,4439
4,7059 4,7390
5,2501 5,2837
36 12:16
4,6655 4,6981
4,4112 4,4437
4,7059 4,7390
5,2505 5,2841
37 12:17
4,6654 4,6980
4,4117 4,4442
4,7060 4,7391
5,2500 5,2836
38 12:18
4,6654 4,6980
4,4119 4,4444
4,7060 4,7391
5,2497 5,2833
39 12:19
4,6657 4,6983
4,4114 4,4439
4,7056 4,7387
5,2492 5,2828
40 12:20
4,6650 4,6976
4,4107 4,4432
4,7051 4,7382
5,2484 5,2820
41 12:21
4,6650 4,6976
4,4107 4,4432
4,7051 4,7382
5,2487 5,2823
42 12:22
4,6652 4,6978
4,4111 4,4436
4,7053 4,7384
5,2492 5,2828
43 12:23
4,6653 4,6979
4,4110 4,4435
4,7054 4,7385
5,2487 5,2823
44 12:24
4,6652 4,6978
4,4109 4,4434
4,7056 4,7387
5,2492 5,2828
45 12:25
4,6650 4,6976
4,4107 4,4432
4,7051 4,7382
5,2496 5,2832
46 12:26
4,6641 4,6967
4,4090 4,4415
4,7052 4,7383
5,2486 5,2822
47 12:27
4,6639 4,6965
4,4086 4,4411
4,7045 4,7376
5,2480 5,2816
48 12:28
4,6629 4,6955
4,4073 4,4398
4,7035 4,7366
5,2469 5,2805
49 12:29
4,6626 4,6952
4,4072 4,4397
4,7035 4,7366
5,2469 5,2805
50 12:30
4,6622 4,6948
4,4068 4,4393
4,7028 4,7359
5,2453 5,2789
51 12:31
4,6627 4,6953
4,4083 4,4408
4,7030 4,7361
5,2447 5,2783
52 12:32
4,6627 4,6953
4,4085 4,4410
4,7019 4,7350
5,2439 5,2775
53 12:33
4,6626 4,6952
4,4084 4,4409
4,7020 4,7351
5,2455 5,2791
54 12:34
4,6621 4,6947
4,4075 4,4400
4,7022 4,7353
5,2448 5,2784
55 12:35
4,6616 4,6942
4,4065 4,4390
4,7017 4,7348
5,2441 5,2777
56 12:36
4,6629 4,6955
4,4077 4,4402
4,7035 4,7366
5,2459 5,2795
57 12:37
4,6628 4,6954
4,4086 4,4411
4,7027 4,7358
5,2463 5,2799
58 12:38
4,6624 4,6950
4,4087 4,4412
4,7025 4,7356
5,2464 5,2800
59 12:39
4,6621 4,6947
4,4080 4,4405
4,7032 4,7363
5,2466 5,2802
60 12:40
4,6620 4,6946
4,4077 4,4402
4,7026 4,7357
5,2459 5,2795
61 12:41
4,6619 4,6945
4,4069 4,4394
4,7029 4,7360
5,2458 5,2794
62 12:42
4,6615 4,6941
4,4073 4,4398
4,7025 4,7356
5,2453 5,2789
63 12:43
4,6613 4,6939
4,4072 4,4397
4,7022 4,7353
5,2440 5,2776
64 12:44
4,6615 4,6941
4,4076 4,4401
4,7023 4,7354
5,2432 5,2768
65 12:45
4,6616 4,6942
4,4077 4,4402
4,7024 4,7355
5,2443 5,2779
66 12:46
4,6618 4,6944
4,4083 4,4408
4,7031 4,7362
5,2448 5,2784
67 12:47
4,6613 4,6939
4,4080 4,4405
4,7016 4,7347
5,2451 5,2787
68 12:48
4,6611 4,6937
4,4079 4,4404
4,7014 4,7345
5,2443 5,2779
69 12:49
4,6610 4,6936
4,4076 4,4401
4,7011 4,7342
5,2442 5,2778
70 12:50
4,6608 4,6934
4,4076 4,4401
4,7014 4,7345
5,2443 5,2779
71 12:51
4,6609 4,6935
4,4080 4,4405
4,7013 4,7346
5,2437 5,2773
72 12:52
4,6609 4,6935
4,4078 4,4403
4,7013 4,7346
5,2443 5,2779
73 12:53
4,6607 4,6933
4,4077 4,4402
4,7014 4,7347
5,2443 5,2779
74 12:54
4,6603 4,6929
4,4079 4,4404
4,7012 4,7345
5,2439 5,2775
75 12:55
4,6604 4,6930
4,4076 4,4401
4,7010 4,7343
5,2441 5,2777
76 12:56
4,6605 4,6931
4,4073 4,4398
4,7011 4,7342
5,2430 5,2766
77 12:57
4,6605 4,6931
4,4073 4,4398
4,7013 4,7344
5,2436 5,2772
78 12:58
4,6605 4,6931
4,4075 4,4400
4,7016 4,7347
5,2445 5,2781
79 12:59
4,6604 4,6930
4,4084 4,4409
4,7014 4,7345
5,2441 5,2777
80 13:00
4,6603 4,6929
4,4085 4,4410
4,7008 4,7339
5,2440 5,2776
81 13:01
4,6591 4,6917
4,4072 4,4397
4,6994 4,7325
5,2423 5,2759
82 13:02
4,6582 4,6908
4,4068 4,4393
4,6986 4,7317
5,2414 5,2750
83 13:03
4,6587 4,6913
4,4081 4,4406
4,6995 4,7326
5,2420 5,2756
84 13:04
4,6588 4,6914
4,4076 4,4401
4,6994 4,7325
5,2420 5,2756
85 13:05
4,6586 4,6912
4,4078 4,4403
4,6996 4,7327
5,2418 5,2754
86 13:06
4,6580 4,6906
4,4074 4,4399
4,6990 4,7322
5,2417 5,2753
87 13:07
4,6589 4,6915
4,4085 4,4410
4,6997 4,7329
5,2412 5,2748
88 13:08
4,6591 4,6917
4,4089 4,4414
4,6999 4,7331
5,2424 5,2760
89 13:09
4,6597 4,6923
4,4097 4,4422
4,7003 4,7335
5,2427 5,2763
90 13:10
4,6597 4,6923
4,4099 4,4424
4,7002 4,7334
5,2427 5,2763
91 13:11
4,6597 4,6923
4,4099 4,4424
4,7005 4,7336
5,2427 5,2763
92 13:12
4,6597 4,6923
4,4093 4,4418
4,7005 4,7336
5,2430 5,2766
93 13:13
4,6598 4,6924
4,4098 4,4423
4,7008 4,7339
5,2431 5,2767
94 13:14
4,6599 4,6925
4,4101 4,4426
4,7010 4,7341
5,2433 5,2769
95 13:15
4,6600 4,6926
4,4101 4,4426
4,7006 4,7337
5,2430 5,2766
96 13:16
4,6592 4,6918
4,4098 4,4423
4,6998 4,7329
5,2415 5,2751
97 13:17
4,6598 4,6924
4,4103 4,4428
4,7002 4,7333
5,2434 5,2770
98 13:18
4,6589 4,6915
4,4095 4,4420
4,6992 4,7323
5,2427 5,2763
99 13:19
4,6588 4,6914
4,4088 4,4413
4,6989 4,7320
5,2438 5,2774
100 13:20
4,6589 4,6915
4,4085 4,4410
4,6990 4,7321
5,2442 5,2778
101 13:21
4,6595 4,6921
4,4091 4,4416
4,6987 4,7319
5,2449 5,2785
102 13:22
4,6597 4,6923
4,4098 4,4423
4,6988 4,7320
5,2450 5,2786
103 13:23
4,6598 4,6924
4,4100 4,4425
4,6985 4,7317
5,2461 5,2797
104 13:24
4,6598 4,6924
4,4091 4,4416
4,6987 4,7319
5,2466 5,2802
105 13:25
4,6599 4,6925
4,4090 4,4415
4,6986 4,7318
5,2471 5,2807
106 13:26
4,6599 4,6925
4,4102 4,4427
4,6999 4,7331
5,2467 5,2803
107 13:27
4,6599 4,6925
4,4100 4,4425
4,6999 4,7331
5,2458 5,2794
108 13:28
4,6599 4,6925
4,4100 4,4425
4,6995 4,7327
5,2457 5,2793
109 13:29
4,6599 4,6925
4,4104 4,4429
4,6992 4,7324
5,2441 5,2777
110 13:30
4,6597 4,6923
4,4105 4,4430
4,6988 4,7320
5,2438 5,2774
111 13:31
4,6597 4,6923
4,4110 4,4435
4,6996 4,7328
5,2426 5,2762
112 13:32
4,6598 4,6924
4,4119 4,4444
4,6998 4,7330
5,2432 5,2768
113 13:33
4,6599 4,6925
4,4117 4,4442
4,6990 4,7322
5,2438 5,2774
114 13:34
4,6602 4,6928
4,4125 4,4450
4,6994 4,7326
5,2443 5,2779
115 13:35
4,6602 4,6928
4,4129 4,4454
4,6994 4,7326
5,2439 5,2775
116 13:36
4,6603 4,6929
4,4129 4,4454
4,6992 4,7323
5,2441 5,2777
117 13:37
4,6603 4,6929
4,4129 4,4454
4,6994 4,7325
5,2442 5,2778
118 13:38
4,6596 4,6922
4,4127 4,4452
4,6987 4,7318
5,2437 5,2773
119 13:39
4,6595 4,6921
4,4124 4,4449
4,6986 4,7317
5,2443 5,2779
120 13:40
4,6595 4,6921
4,4124 4,4449
4,6989 4,7320
5,2446 5,2782
121 13:41
4,6596 4,6922
4,4131 4,4456
4,6995 4,7326
5,2447 5,2783
122 13:42
4,6598 4,6924
4,4142 4,4467
4,7001 4,7332
5,2452 5,2788
123 13:43
4,6596 4,6922
4,4142 4,4467
4,6997 4,7328
5,2450 5,2786
124 13:44
4,6597 4,6923
4,4141 4,4466
4,6998 4,7329
5,2454 5,2790
125 13:45
4,6596 4,6922
4,4142 4,4467
4,7002 4,7333
5,2456 5,2792
126 13:49
4,6584 4,6910
4,4135 4,4460
4,6992 4,7323
5,2451 5,2787
127 13:50
4,6583 4,6909
4,4131 4,4456
4,6993 4,7324
5,2456 5,2792
128 13:51
4,6583 4,6909
4,4127 4,4452
4,6993 4,7324
5,2458 5,2794
129 13:52
4,6583 4,6909
4,4117 4,4442
4,6993 4,7324
5,2452 5,2788
130 13:53
4,6581 4,6907
4,4115 4,4440
4,6991 4,7322
5,2460 5,2796
131 13:54
4,6586 4,6912
4,4111 4,4436
4,6994 4,7325
5,2464 5,2800
132 13:55
4,6588 4,6914
4,4113 4,4438
4,6989 4,7320
5,2464 5,2800
133 13:56
4,6588 4,6914
4,4113 4,4438
4,6986 4,7318
5,2468 5,2804
134 13:57
4,6587 4,6913
4,4121 4,4446
4,6992 4,7324
5,2458 5,2794
135 13:58
4,6588 4,6914
4,4113 4,4438
4,6991 4,7323
5,2462 5,2798
136 13:59
4,6589 4,6915
4,4110 4,4435
4,6988 4,7320
5,2457 5,2793
137 14:00
4,6589 4,6915
4,4125 4,4450
4,6992 4,7324
5,2451 5,2787
138 14:01
4,6603 4,6929
4,4134 4,4459
4,7006 4,7338
5,2479 5,2815
139 14:02
4,6599 4,6925
4,4134 4,4459
4,7005 4,7337
5,2472 5,2808
140 14:03
4,6595 4,6921
4,4133 4,4458
4,7001 4,7333
5,2463 5,2799
141 14:04
4,6595 4,6921
4,4132 4,4457
4,7005 4,7337
5,2463 5,2799
142 14:05
4,6599 4,6925
4,4145 4,4470
4,7009 4,7341
5,2477 5,2813
143 14:06
4,6599 4,6925
4,4145 4,4470
4,7014 4,7346
5,2485 5,2821
144 14:07
4,6601 4,6927
4,4145 4,4470
4,7012 4,7344
5,2486 5,2822
145 14:08
4,6598 4,6924
4,4150 4,4475
4,7009 4,7341
5,2485 5,2821
146 14:09
4,6599 4,6925
4,4141 4,4466
4,7014 4,7346
5,2486 5,2822
147 14:10
4,6593 4,6919
4,4145 4,4470
4,7003 4,7335
5,2476 5,2812
148 14:11
4,6591 4,6917
4,4137 4,4462
4,7001 4,7332
5,2479 5,2815
149 14:12
4,6591 4,6917
4,4122 4,4447
4,7004 4,7335
5,2483 5,2819
150 14:13
4,6590 4,6916
4,4127 4,4452
4,7000 4,7331
5,2481 5,2817
151 14:14
4,6590 4,6916
4,4136 4,4461
4,7000 4,7331
5,2485 5,2821
152 14:15
4,6601 4,6927
4,4157 4,4482
4,7009 4,7340
5,2496 5,2832
153 14:16
4,6605 4,6931
4,4154 4,4479
4,7013 4,7345
5,2493 5,2829
154 14:17
4,6602 4,6928
4,4145 4,4470
4,7012 4,7344
5,2489 5,2825
155 14:18
4,6602 4,6928
4,4141 4,4466
4,7005 4,7337
5,2489 5,2825
156 14:19
4,6606 4,6932
4,4145 4,4470
4,7008 4,7340
5,2503 5,2839
157 14:20
4,6606 4,6932
4,4147 4,4472
4,7011 4,7343
5,2497 5,2833
158 14:21
4,6607 4,6933
4,4148 4,4473
4,7008 4,7339
5,2489 5,2825
159 14:22
4,6608 4,6934
4,4164 4,4489
4,7009 4,7340
5,2484 5,2820
160 14:23
4,6608 4,6934
4,4158 4,4483
4,7000 4,7331
5,2488 5,2824
161 14:24
4,6608 4,6934
4,4153 4,4478
4,7000 4,7331
5,2490 5,2826
162 14:25
4,6607 4,6933
4,4143 4,4468
4,6998 4,7329
5,2488 5,2824
163 14:26
4,6607 4,6933
4,4142 4,4467
4,6996 4,7328
5,2482 5,2818
164 14:27
4,6598 4,6924
4,4128 4,4453
4,6985 4,7317
5,2474 5,2810
165 14:28
4,6602 4,6928
4,4136 4,4461
4,6984 4,7316
5,2481 5,2817
166 14:29
4,6604 4,6930
4,4141 4,4466
4,6985 4,7317
5,2491 5,2827
167 14:30
4,6607 4,6933
4,4143 4,4468
4,6989 4,7321
5,2484 5,2820
168 14:41
4,6620 4,6946
4,4137 4,4462
4,7054 4,7385
5,2539 5,2875
169 14:42
4,6617 4,6943
4,4132 4,4457
4,7041 4,7372
5,2526 5,2862
170 14:43
4,6616 4,6942
4,4144 4,4469
4,7046 4,7377
5,2540 5,2876
171 14:44
4,6619 4,6945
4,4143 4,4468
4,7040 4,7371
5,2529 5,2865
172 14:45
4,6620 4,6946
4,4155 4,4480
4,7038 4,7369
5,2522 5,2858
173 14:46
4,6618 4,6944
4,4146 4,4471
4,7031 4,7362
5,2516 5,2852
174 14:47
4,6616 4,6942
4,4146 4,4471
4,7027 4,7358
5,2514 5,2850
175 14:48
4,6618 4,6944
4,4140 4,4465
4,7029 4,7360
5,2516 5,2852
176 14:49
4,6625 4,6951
4,4123 4,4448
4,7028 4,7359
5,2524 5,2860
177 14:50
4,6627 4,6953
4,4121 4,4446
4,7033 4,7364
5,2535 5,2871
178 14:51
4,6630 4,6956
4,4128 4,4453
4,7038 4,7369
5,2547 5,2883
179 14:52
4,6631 4,6957
4,4133 4,4458
4,7044 4,7375
5,2554 5,2890
180 14:53
4,6631 4,6957
4,4127 4,4452
4,7044 4,7375
5,2549 5,2885
181 14:54
4,6631 4,6957
4,4125 4,4450
4,7042 4,7373
5,2542 5,2878
182 14:55
4,6625 4,6951
4,4109 4,4434
4,7038 4,7369
5,2545 5,2881
183 14:56
4,6625 4,6951
4,4111 4,4436
4,7036 4,7367
5,2542 5,2878
184 14:57
4,6625 4,6951
4,4108 4,4433
4,7031 4,7362
5,2540 5,2876
185 14:58
4,6623 4,6949
4,4111 4,4436
4,7022 4,7353
5,2537 5,2873
186 14:59
4,6626 4,6952
4,4109 4,4434
4,7033 4,7364
5,2546 5,2882
187 15:00
4,6619 4,6945
4,4086 4,4411
4,7025 4,7356
5,2532 5,2868
188 15:01
4,6616 4,6942
4,4064 4,4389
4,7031 4,7362
5,2546 5,2882
189 15:02
4,6617 4,6943
4,4071 4,4396
4,7032 4,7363
5,2534 5,2870
190 15:03
4,6623 4,6949
4,4090 4,4415
4,7039 4,7370
5,2534 5,2870
191 15:04
4,6621 4,6947
4,4099 4,4424
4,7019 4,7350
5,2538 5,2874
192 15:05
4,6624 4,6950
4,4102 4,4427
4,7026 4,7357
5,2539 5,2875
193 15:06
4,6637 4,6963
4,4109 4,4434
4,7042 4,7373
5,2549 5,2885
194 15:07
4,6653 4,6979
4,4122 4,4447
4,7063 4,7394
5,2580 5,2916
195 15:08
4,6651 4,6977
4,4126 4,4451
4,7061 4,7392
5,2576 5,2912
196 15:09
4,6647 4,6973
4,4135 4,4460
4,7053 4,7384
5,2569 5,2905
197 15:10
4,6648 4,6974
4,4145 4,4470
4,7060 4,7391
5,2565 5,2901
198 15:11
4,6646 4,6972
4,4139 4,4464
4,7062 4,7393
5,2568 5,2904
199 15:12
4,6629 4,6955
4,4121 4,4446
4,7046 4,7377
5,2552 5,2888
200 15:13
4,6622 4,6948
4,4107 4,4432
4,7039 4,7370
5,2553 5,2889
201 15:14
4,6619 4,6945
4,4096 4,4421
4,7037 4,7368
5,2544 5,2880
202 15:15
4,6615 4,6941
4,4105 4,4430
4,7020 4,7351
5,2535 5,2871
203 15:16
4,6614 4,6940
4,4107 4,4432
4,7015 4,7346
5,2532 5,2868
204 15:17
4,6614 4,6940
4,4094 4,4419
4,7020 4,7351
5,2532 5,2868
205 15:18
4,6615 4,6941
4,4095 4,4420
4,7021 4,7352
5,2539 5,2875
206 15:19
4,6616 4,6942
4,4095 4,4420
4,7017 4,7348
5,2537 5,2873
207 15:20
4,6616 4,6942
4,4089 4,4414
4,7017 4,7348
5,2532 5,2868
208 15:21
4,6621 4,6947
4,4096 4,4421
4,7029 4,7361
5,2546 5,2882
209 15:22
4,6619 4,6945
4,4105 4,4430
4,7028 4,7360
5,2535 5,2871
210 15:23
4,6623 4,6949
4,4102 4,4427
4,7027 4,7359
5,2537 5,2873
211 15:24
4,6623 4,6949
4,4101 4,4426
4,7027 4,7359
5,2544 5,2880
212 15:25
4,6622 4,6948
4,4098 4,4423
4,7019 4,7351
5,2554 5,2890
213 15:26
4,6629 4,6955
4,4118 4,4443
4,7008 4,7339
5,2552 5,2888
214 15:27
4,6625 4,6951
4,4110 4,4435
4,6997 4,7328
5,2538 5,2874
215 15:28
4,6624 4,6950
4,4115 4,4440
4,7006 4,7337
5,2538 5,2874
216 15:29
4,6623 4,6949
4,4108 4,4433
4,7003 4,7334
5,2545 5,2881
217 15:30
4,6619 4,6945
4,4103 4,4428
4,7004 4,7335
5,2545 5,2881
218 15:31
4,6618 4,6944
4,4104 4,4429
4,7000 4,7331
5,2535 5,2871
219 15:32
4,6619 4,6945
4,4113 4,4438
4,7005 4,7336
5,2538 5,2874
220 15:33
4,6616 4,6942
4,4109 4,4434
4,7006 4,7337
5,2533 5,2869
221 15:34
4,6615 4,6941
4,4101 4,4426
4,7011 4,7342
5,2536 5,2872
222 15:35
4,6611 4,6937
4,4075 4,4400
4,7010 4,7341
5,2536 5,2872
223 15:36
4,6611 4,6937
4,4076 4,4401
4,7011 4,7342
5,2539 5,2875
224 15:37
4,6610 4,6936
4,4067 4,4392
4,7012 4,7343
5,2543 5,2879
225 15:38
4,6612 4,6938
4,4077 4,4402
4,7022 4,7353
5,2535 5,2871
226 15:39
4,6612 4,6938
4,4089 4,4414
4,7022 4,7353
5,2536 5,2872
227 15:40
4,6611 4,6937
4,4071 4,4396
4,7024 4,7355
5,2541 5,2877
228 15:41
4,6611 4,6937
4,4076 4,4401
4,7028 4,7361
5,2547 5,2883
229 15:42
4,6605 4,6931
4,4067 4,4392
4,7022 4,7355
5,2535 5,2871
230 15:43
4,6606 4,6932
4,4072 4,4397
4,7025 4,7358
5,2541 5,2877
231 15:44
4,6606 4,6932
4,4065 4,4390
4,7029 4,7362
5,2541 5,2877
232 15:45
4,6604 4,6930
4,4066 4,4391
4,7028 4,7361
5,2542 5,2878
233 15:46
4,6608 4,6934
4,4063 4,4388
4,7038 4,7369
5,2541 5,2877
234 15:47
4,6608 4,6934
4,4051 4,4376
4,7042 4,7373
5,2558 5,2894
235 15:48
4,6617 4,6943
4,4053 4,4378
4,7055 4,7386
5,2557 5,2893
236 15:49
4,6612 4,6938
4,4048 4,4373
4,7051 4,7382
5,2551 5,2887
237 15:50
4,6611 4,6937
4,4041 4,4366
4,7039 4,7370
5,2550 5,2886
238 15:51
4,6611 4,6937
4,4047 4,4372
4,7033 4,7364
5,2541 5,2877
239 15:52
4,6610 4,6936
4,4057 4,4382
4,7040 4,7371
5,2543 5,2879
