#======================
2023-5-10
# 1.EUR, 2.USD, 3.CHF, 4.GBP
Sell Price, Buy Price
1 08:29
4,5356 4,5677
4,1349 4,1671
4,6446 4,6773
5,2214 5,2546
2 08:30
4,5356 4,5677
4,1352 4,1674
4,6448 4,6775
5,2217 5,2549
3 08:31
4,5356 4,5677
4,1353 4,1674
4,6449 4,6778
5,2217 5,2549
4 08:32
4,5351 4,5672
4,1346 4,1667
4,6442 4,6771
5,2209 5,2541
5 08:33
4,5352 4,5673
4,1340 4,1661
4,6451 4,6780
5,2210 5,2542
6 08:34
4,5351 4,5672
4,1335 4,1656
4,6447 4,6776
5,2206 5,2538
7 08:35
4,5347 4,5668
4,1327 4,1648
4,6441 4,6770
5,2198 5,2530
8 08:36
4,5348 4,5671
4,1325 4,1646
4,6445 4,6774
5,2206 5,2538
9 08:40
4,5348 4,5671
4,1323 4,1644
4,6453 4,6782
5,2200 5,2532
10 08:41
4,5351 4,5672
4,1321 4,1642
4,6451 4,6780
5,2202 5,2534
11 08:42
4,5353 4,5674
4,1319 4,1640
4,6453 4,6782
5,2204 5,2536
12 08:43
4,5359 4,5680
4,1326 4,1647
4,6462 4,6791
5,2214 5,2546
13 08:44
4,5358 4,5679
4,1325 4,1646
4,6462 4,6791
5,2217 5,2549
14 08:45
4,5358 4,5679
4,1324 4,1645
4,6459 4,6788
5,2210 5,2542
15 08:46
4,5370 4,5691
4,1334 4,1655
4,6466 4,6795
5,2227 5,2559
16 08:47
4,5371 4,5692
4,1336 4,1657
4,6472 4,6801
5,2235 5,2567
17 08:48
4,5371 4,5692
4,1336 4,1657
4,6474 4,6803
5,2238 5,2570
18 08:49
4,5371 4,5692
4,1334 4,1655
4,6472 4,6801
5,2241 5,2573
19 08:50
4,5374 4,5695
4,1346 4,1667
4,6484 4,6813
5,2252 5,2584
20 08:51
4,5374 4,5695
4,1344 4,1665
4,6482 4,6811
5,2250 5,2582
21 08:52
4,5370 4,5691
4,1344 4,1665
4,6480 4,6809
5,2246 5,2578
22 08:53
4,5368 4,5689
4,1337 4,1658
4,6478 4,6807
5,2240 5,2572
23 08:54
4,5367 4,5688
4,1336 4,1657
4,6477 4,6806
5,2240 5,2572
24 08:55
4,5369 4,5690
4,1342 4,1663
4,6479 4,6808
5,2231 5,2563
25 08:56
4,5367 4,5692
4,1349 4,1670
4,6482 4,6811
5,2241 5,2573
26 08:57
4,5366 4,5691
4,1352 4,1673
4,6478 4,6807
5,2243 5,2575
27 08:58
4,5365 4,5690
4,1353 4,1674
4,6473 4,6802
5,2248 5,2580
28 08:59
4,5365 4,5690
4,1349 4,1670
4,6465 4,6794
5,2236 5,2568
29 09:00
4,5362 4,5687
4,1349 4,1670
4,6465 4,6794
5,2238 5,2570
30 09:01
4,5367 4,5688
4,1346 4,1667
4,6477 4,6806
5,2253 5,2585
31 09:02
4,5361 4,5682
4,1338 4,1659
4,6466 4,6795
5,2235 5,2567
32 09:03
4,5355 4,5676
4,1327 4,1648
4,6456 4,6785
5,2222 5,2554
33 09:04
4,5354 4,5675
4,1324 4,1645
4,6455 4,6784
5,2221 5,2553
34 09:05
4,5351 4,5672
4,1306 4,1627
4,6453 4,6782
5,2221 5,2553
35 09:06
4,5345 4,5666
4,1295 4,1616
4,6445 4,6774
5,2205 5,2537
36 09:07
4,5340 4,5661
4,1287 4,1608
4,6440 4,6769
5,2202 5,2534
37 09:08
4,5335 4,5656
4,1282 4,1603
4,6433 4,6762
5,2202 5,2534
38 09:09
4,5334 4,5655
4,1289 4,1610
4,6432 4,6761
5,2204 5,2536
39 09:10
4,5334 4,5655
4,1295 4,1616
4,6429 4,6758
5,2210 5,2542
40 09:11
4,5331 4,5652
4,1290 4,1611
4,6421 4,6750
5,2213 5,2545
41 09:12
4,5331 4,5652
4,1296 4,1617
4,6424 4,6753
5,2213 5,2545
42 09:13
4,5331 4,5652
4,1298 4,1619
4,6430 4,6759
5,2228 5,2560
43 09:14
4,5332 4,5653
4,1299 4,1620
4,6428 4,6757
5,2232 5,2564
44 09:15
4,5332 4,5653
4,1291 4,1612
4,6433 4,6762
5,2235 5,2567
45 09:16
4,5329 4,5650
4,1284 4,1605
4,6437 4,6766
5,2229 5,2561
46 09:17
4,5329 4,5650
4,1284 4,1605
4,6439 4,6768
5,2225 5,2557
47 09:18
4,5329 4,5650
4,1286 4,1607
4,6443 4,6772
5,2231 5,2563
48 09:19
4,5326 4,5647
4,1284 4,1605
4,6435 4,6764
5,2216 5,2548
49 09:20
4,5325 4,5646
4,1281 4,1602
4,6443 4,6772
5,2209 5,2541
50 09:21
4,5327 4,5648
4,1290 4,1611
4,6446 4,6775
5,2217 5,2549
51 09:22
4,5332 4,5653
4,1295 4,1616
4,6453 4,6782
5,2220 5,2552
52 09:23
4,5335 4,5656
4,1299 4,1620
4,6457 4,6786
5,2223 5,2555
53 09:24
4,5341 4,5662
4,1301 4,1622
4,6465 4,6794
5,2227 5,2559
54 09:25
4,5341 4,5662
4,1299 4,1620
4,6463 4,6792
5,2224 5,2556
55 09:26
4,5339 4,5660
4,1294 4,1615
4,6461 4,6789
5,2219 5,2551
56 09:27
4,5341 4,5662
4,1295 4,1616
4,6468 4,6796
5,2221 5,2553
57 09:28
4,5335 4,5656
4,1290 4,1611
4,6449 4,6777
5,2211 5,2543
58 09:29
4,5337 4,5658
4,1286 4,1607
4,6447 4,6775
5,2210 5,2542
59 09:30
4,5343 4,5664
4,1293 4,1614
4,6453 4,6781
5,2214 5,2546
60 09:31
4,5346 4,5667
4,1296 4,1617
4,6453 4,6781
5,2212 5,2544
61 09:32
4,5346 4,5667
4,1292 4,1613
4,6451 4,6779
5,2212 5,2544
62 09:33
4,5347 4,5668
4,1293 4,1614
4,6457 4,6785
5,2210 5,2542
63 09:34
4,5346 4,5667
4,1287 4,1608
4,6454 4,6782
5,2206 5,2538
64 09:35
4,5353 4,5674
4,1300 4,1621
4,6453 4,6781
5,2214 5,2546
65 09:36
4,5356 4,5677
4,1301 4,1622
4,6474 4,6803
5,2220 5,2552
66 09:37
4,5372 4,5693
4,1320 4,1641
4,6483 4,6812
5,2238 5,2570
67 09:38
4,5370 4,5691
4,1324 4,1645
4,6488 4,6817
5,2233 5,2565
68 09:39
4,5365 4,5686
4,1323 4,1644
4,6487 4,6816
5,2231 5,2563
69 09:40
4,5366 4,5687
4,1324 4,1645
4,6490 4,6819
5,2232 5,2564
70 09:41
4,5367 4,5688
4,1325 4,1646
4,6494 4,6822
5,2233 5,2565
71 09:42
4,5367 4,5688
4,1327 4,1648
4,6501 4,6829
5,2236 5,2568
72 09:43
4,5366 4,5687
4,1324 4,1645
4,6505 4,6833
5,2229 5,2561
73 09:44
4,5365 4,5686
4,1319 4,1640
4,6490 4,6818
5,2227 5,2559
74 09:45
4,5359 4,5680
4,1321 4,1642
4,6488 4,6816
5,2221 5,2553
75 09:46
4,5362 4,5683
4,1326 4,1647
4,6494 4,6822
5,2227 5,2559
76 09:47
4,5359 4,5680
4,1323 4,1644
4,6484 4,6812
5,2221 5,2553
77 09:48
4,5359 4,5680
4,1323 4,1644
4,6484 4,6812
5,2221 5,2553
78 09:49
4,5360 4,5681
4,1328 4,1649
4,6485 4,6813
5,2213 5,2545
79 09:50
4,5363 4,5684
4,1332 4,1653
4,6489 4,6817
5,2220 5,2552
80 09:51
4,5358 4,5679
4,1326 4,1647
4,6487 4,6816
5,2220 5,2552
81 09:52
4,5358 4,5679
4,1330 4,1651
4,6492 4,6821
5,2223 5,2555
82 09:53
4,5357 4,5678
4,1331 4,1652
4,6482 4,6811
5,2221 5,2553
83 09:54
4,5357 4,5678
4,1335 4,1656
4,6482 4,6811
5,2225 5,2557
84 09:55
4,5356 4,5677
4,1341 4,1662
4,6480 4,6809
5,2235 5,2567
85 09:56
4,5356 4,5679
4,1353 4,1674
4,6486 4,6815
5,2238 5,2570
86 09:57
4,5357 4,5680
4,1358 4,1679
4,6495 4,6824
5,2238 5,2570
87 09:58
4,5354 4,5677
4,1357 4,1678
4,6494 4,6823
5,2231 5,2563
88 09:59
4,5359 4,5682
4,1369 4,1690
4,6494 4,6823
5,2237 5,2569
89 10:00
4,5356 4,5679
4,1363 4,1684
4,6491 4,6820
5,2236 5,2568
90 10:01
4,5358 4,5679
4,1388 4,1709
4,6502 4,6831
5,2244 5,2576
91 10:02
4,5359 4,5680
4,1387 4,1708
4,6503 4,6832
5,2254 5,2586
92 10:03
4,5365 4,5686
4,1393 4,1714
4,6509 4,6838
5,2267 5,2599
93 10:04
4,5376 4,5697
4,1414 4,1735
4,6515 4,6844
5,2283 5,2615
94 10:05
4,5374 4,5695
4,1428 4,1749
4,6535 4,6864
5,2292 5,2624
95 10:06
4,5373 4,5694
4,1423 4,1744
4,6549 4,6878
5,2297 5,2629
96 10:07
4,5371 4,5692
4,1410 4,1731
4,6551 4,6880
5,2289 5,2621
97 10:08
4,5365 4,5686
4,1402 4,1723
4,6552 4,6881
5,2279 5,2611
98 10:09
4,5360 4,5681
4,1388 4,1709
4,6542 4,6871
5,2276 5,2608
99 10:10
4,5351 4,5672
4,1380 4,1701
4,6538 4,6867
5,2269 5,2601
100 10:11
4,5349 4,5670
4,1384 4,1705
4,6531 4,6860
5,2272 5,2604
101 10:12
4,5346 4,5667
4,1376 4,1697
4,6509 4,6838
5,2254 5,2586
102 10:13
4,5347 4,5668
4,1375 4,1696
4,6500 4,6829
5,2240 5,2572
103 10:14
4,5339 4,5660
4,1368 4,1689
4,6489 4,6818
5,2236 5,2568
104 10:15
4,5339 4,5660
4,1369 4,1690
4,6487 4,6816
5,2231 5,2563
105 10:16
4,5336 4,5657
4,1363 4,1684
4,6489 4,6818
5,2227 5,2559
106 10:17
4,5334 4,5655
4,1359 4,1680
4,6472 4,6801
5,2229 5,2561
107 10:18
4,5335 4,5656
4,1362 4,1683
4,6461 4,6790
5,2232 5,2564
108 10:19
4,5338 4,5659
4,1363 4,1684
4,6457 4,6786
5,2236 5,2568
109 10:20
4,5336 4,5657
4,1363 4,1684
4,6458 4,6787
5,2237 5,2569
110 10:21
4,5336 4,5657
4,1357 4,1678
4,6465 4,6794
5,2248 5,2580
111 10:22
4,5337 4,5658
4,1360 4,1681
4,6470 4,6799
5,2253 5,2585
112 10:23
4,5338 4,5659
4,1366 4,1687
4,6493 4,6822
5,2251 5,2583
113 10:24
4,5334 4,5655
4,1365 4,1686
4,6499 4,6828
5,2249 5,2581
114 10:25
4,5344 4,5665
4,1374 4,1695
4,6511 4,6840
5,2258 5,2590
115 10:26
4,5345 4,5666
4,1375 4,1696
4,6517 4,6845
5,2271 5,2603
116 10:27
4,5345 4,5666
4,1369 4,1690
4,6503 4,6831
5,2271 5,2603
117 10:28
4,5344 4,5665
4,1370 4,1691
4,6502 4,6830
5,2267 5,2599
118 10:29
4,5345 4,5666
4,1375 4,1696
4,6500 4,6828
5,2271 5,2603
119 10:30
4,5348 4,5669
4,1377 4,1698
4,6506 4,6834
5,2278 5,2610
120 10:31
4,5347 4,5668
4,1382 4,1703
4,6500 4,6828
5,2294 5,2626
121 10:32
4,5351 4,5672
4,1393 4,1714
4,6506 4,6834
5,2296 5,2628
122 10:33
4,5350 4,5671
4,1387 4,1708
4,6501 4,6829
5,2286 5,2618
123 10:34
4,5351 4,5672
4,1390 4,1711
4,6502 4,6830
5,2290 5,2622
124 10:35
4,5345 4,5666
4,1386 4,1707
4,6488 4,6816
5,2281 5,2613
125 10:36
4,5346 4,5667
4,1379 4,1700
4,6489 4,6818
5,2284 5,2616
126 10:37
4,5345 4,5666
4,1380 4,1701
4,6492 4,6821
5,2280 5,2612
127 10:38
4,5341 4,5662
4,1371 4,1692
4,6484 4,6813
5,2279 5,2611
128 10:39
4,5342 4,5663
4,1372 4,1693
4,6490 4,6819
5,2289 5,2621
129 10:40
4,5341 4,5662
4,1371 4,1692
4,6484 4,6813
5,2291 5,2623
130 10:41
4,5340 4,5661
4,1370 4,1691
4,6482 4,6809
5,2292 5,2624
131 10:42
4,5343 4,5664
4,1379 4,1700
4,6483 4,6810
5,2294 5,2626
132 10:43
4,5343 4,5664
4,1379 4,1700
4,6483 4,6810
5,2290 5,2622
133 10:44
4,5346 4,5667
4,1387 4,1708
4,6477 4,6804
5,2293 5,2625
134 10:45
4,5351 4,5672
4,1391 4,1712
4,6481 4,6808
5,2299 5,2631
135 10:46
4,5340 4,5661
4,1382 4,1703
4,6469 4,6797
5,2290 5,2622
136 10:47
4,5335 4,5656
4,1377 4,1698
4,6469 4,6797
5,2293 5,2625
137 10:48
4,5330 4,5651
4,1367 4,1688
4,6461 4,6789
5,2287 5,2619
138 10:49
4,5330 4,5651
4,1365 4,1686
4,6463 4,6791
5,2290 5,2622
139 10:50
4,5328 4,5649
4,1369 4,1690
4,6466 4,6794
5,2288 5,2620
140 10:51
4,5325 4,5646
4,1370 4,1691
4,6456 4,6785
5,2281 5,2613
141 10:52
4,5324 4,5645
4,1363 4,1684
4,6454 4,6783
5,2274 5,2606
142 10:53
4,5324 4,5645
4,1359 4,1680
4,6453 4,6782
5,2271 5,2603
143 10:54
4,5321 4,5642
4,1358 4,1679
4,6449 4,6778
5,2261 5,2593
144 10:55
4,5321 4,5642
4,1358 4,1679
4,6449 4,6778
5,2262 5,2594
145 10:56
4,5320 4,5641
4,1358 4,1679
4,6451 4,6780
5,2257 5,2589
146 10:57
4,5318 4,5639
4,1361 4,1682
4,6446 4,6775
5,2258 5,2590
147 10:58
4,5316 4,5637
4,1365 4,1686
4,6452 4,6781
5,2253 5,2585
148 10:59
4,5315 4,5636
4,1370 4,1691
4,6455 4,6784
5,2249 5,2581
149 11:00
4,5311 4,5632
4,1366 4,1687
4,6449 4,6778
5,2244 5,2576
150 11:01
4,5298 4,5619
4,1353 4,1674
4,6439 4,6766
5,2228 5,2560
151 11:02
4,5301 4,5622
4,1357 4,1678
4,6439 4,6766
5,2229 5,2561
152 11:03
4,5301 4,5622
4,1355 4,1676
4,6442 4,6769
5,2232 5,2564
153 11:04
4,5300 4,5621
4,1353 4,1674
4,6448 4,6775
5,2231 5,2563
154 11:05
4,5298 4,5619
4,1345 4,1666
4,6446 4,6773
5,2220 5,2552
155 11:06
4,5297 4,5618
4,1350 4,1671
4,6449 4,6778
5,2216 5,2548
156 11:07
4,5296 4,5617
4,1347 4,1668
4,6446 4,6775
5,2215 5,2547
157 11:08
4,5296 4,5617
4,1349 4,1670
4,6450 4,6779
5,2217 5,2549
158 11:09
4,5296 4,5617
4,1357 4,1678
4,6450 4,6779
5,2221 5,2553
159 11:10
4,5290 4,5611
4,1353 4,1674
4,6439 4,6768
5,2210 5,2542
160 11:11
4,5290 4,5611
4,1360 4,1681
4,6442 4,6770
5,2208 5,2540
161 11:12
4,5287 4,5608
4,1350 4,1671
4,6438 4,6766
5,2207 5,2539
162 11:13
4,5285 4,5606
4,1352 4,1673
4,6436 4,6764
5,2205 5,2537
163 11:14
4,5284 4,5605
4,1349 4,1670
4,6433 4,6761
5,2201 5,2533
164 11:15
4,5284 4,5605
4,1351 4,1672
4,6437 4,6765
5,2204 5,2536
165 11:16
4,5286 4,5607
4,1349 4,1670
4,6426 4,6755
5,2203 5,2535
166 11:17
4,5284 4,5605
4,1344 4,1665
4,6420 4,6749
5,2197 5,2529
167 11:18
4,5281 4,5602
4,1335 4,1656
4,6408 4,6737
5,2194 5,2526
168 11:19
4,5284 4,5605
4,1338 4,1659
4,6414 4,6743
5,2198 5,2530
169 11:20
4,5283 4,5604
4,1347 4,1668
4,6415 4,6744
5,2200 5,2532
170 11:21
4,5283 4,5604
4,1347 4,1668
4,6415 4,6744
5,2200 5,2532
171 11:22
4,5283 4,5604
4,1345 4,1666
4,6411 4,6740
5,2203 5,2535
172 11:23
4,5282 4,5603
4,1346 4,1667
4,6412 4,6741
5,2204 5,2536
173 11:24
4,5284 4,5605
4,1346 4,1667
4,6412 4,6741
5,2204 5,2536
174 11:25
4,5282 4,5603
4,1334 4,1655
4,6407 4,6736
5,2198 5,2530
175 11:26
4,5279 4,5600
4,1332 4,1653
4,6405 4,6733
5,2201 5,2533
176 11:27
4,5281 4,5602
4,1330 4,1651
4,6409 4,6737
5,2206 5,2538
177 11:28
4,5282 4,5603
4,1332 4,1653
4,6410 4,6738
5,2211 5,2543
178 11:29
4,5282 4,5603
4,1332 4,1653
4,6415 4,6743
5,2210 5,2542
179 11:30
4,5280 4,5601
4,1327 4,1648
4,6408 4,6736
5,2208 5,2540
180 11:31
4,5282 4,5603
4,1331 4,1653
4,6412 4,6741
5,2214 5,2546
181 11:32
4,5280 4,5601
4,1329 4,1651
4,6412 4,6741
5,2209 5,2541
182 11:33
4,5281 4,5602
4,1331 4,1653
4,6406 4,6735
5,2206 5,2538
183 11:34
4,5282 4,5603
4,1327 4,1649
4,6402 4,6731
5,2201 5,2533
184 11:35
4,5284 4,5605
4,1327 4,1649
4,6404 4,6733
5,2201 5,2533
185 11:36
4,5283 4,5604
4,1326 4,1648
4,6403 4,6732
5,2200 5,2532
186 11:37
4,5286 4,5607
4,1336 4,1658
4,6411 4,6740
5,2203 5,2535
187 11:38
4,5287 4,5608
4,1335 4,1657
4,6412 4,6741
5,2204 5,2536
188 11:39
4,5291 4,5612
4,1335 4,1657
4,6411 4,6740
5,2209 5,2541
189 11:40
4,5291 4,5612
4,1335 4,1657
4,6407 4,6736
5,2206 5,2538
190 11:41
4,5290 4,5611
4,1338 4,1660
4,6410 4,6738
5,2205 5,2537
191 11:42
4,5289 4,5610
4,1333 4,1655
4,6410 4,6738
5,2203 5,2535
192 11:43
4,5291 4,5612
4,1333 4,1655
4,6408 4,6736
5,2206 5,2538
193 11:44
4,5291 4,5612
4,1337 4,1659
4,6410 4,6738
5,2206 5,2538
194 11:45
4,5290 4,5611
4,1334 4,1656
4,6412 4,6740
5,2205 5,2537
195 11:46
4,5289 4,5610
4,1329 4,1651
4,6407 4,6736
5,2200 5,2532
196 11:47
4,5290 4,5611
4,1330 4,1652
4,6413 4,6742
5,2198 5,2530
197 11:48
4,5287 4,5608
4,1326 4,1648
4,6407 4,6736
5,2195 5,2527
198 11:49
4,5283 4,5604
4,1320 4,1642
4,6403 4,6732
5,2196 5,2528
199 11:50
4,5282 4,5603
4,1317 4,1639
4,6407 4,6736
5,2192 5,2524
200 11:51
4,5283 4,5604
4,1314 4,1636
4,6406 4,6735
5,2197 5,2529
201 11:52
4,5283 4,5604
4,1318 4,1640
4,6403 4,6732
5,2199 5,2531
202 11:53
4,5279 4,5600
4,1316 4,1638
4,6399 4,6728
5,2189 5,2521
203 11:54
4,5278 4,5599
4,1319 4,1641
4,6398 4,6727
5,2185 5,2517
204 11:55
4,5279 4,5600
4,1320 4,1642
4,6397 4,6726
5,2183 5,2515
205 11:56
4,5281 4,5602
4,1322 4,1644
4,6401 4,6730
5,2194 5,2526
206 11:57
4,5285 4,5606
4,1329 4,1651
4,6410 4,6739
5,2199 5,2531
207 11:58
4,5284 4,5605
4,1328 4,1650
4,6411 4,6740
5,2198 5,2530
208 11:59
4,5285 4,5606
4,1326 4,1648
4,6413 4,6742
5,2198 5,2530
209 12:00
4,5282 4,5603
4,1321 4,1643
4,6409 4,6738
5,2192 5,2524
210 12:01
4,5281 4,5602
4,1316 4,1638
4,6406 4,6735
5,2191 5,2523
211 12:02
4,5280 4,5601
4,1317 4,1639
4,6405 4,6734
5,2193 5,2525
212 12:03
4,5282 4,5603
4,1319 4,1641
4,6407 4,6736
5,2189 5,2521
213 12:04
4,5282 4,5603
4,1323 4,1645
4,6405 4,6734
5,2187 5,2519
214 12:05
4,5277 4,5598
4,1320 4,1642
4,6400 4,6729
5,2178 5,2510
215 12:06
4,5276 4,5597
4,1316 4,1638
4,6399 4,6727
5,2185 5,2517
216 12:07
4,5266 4,5587
4,1297 4,1619
4,6385 4,6713
5,2181 5,2513
217 12:08
4,5260 4,5581
4,1297 4,1619
4,6381 4,6709
5,2173 5,2505
218 12:09
4,5258 4,5579
4,1292 4,1614
4,6376 4,6704
5,2162 5,2494
219 12:10
4,5255 4,5576
4,1289 4,1611
4,6373 4,6701
5,2162 5,2494
220 12:11
4,5247 4,5568
4,1283 4,1605
4,6355 4,6682
5,2149 5,2481
221 12:12
4,5248 4,5569
4,1284 4,1606
4,6359 4,6686
5,2150 5,2482
222 12:13
4,5223 4,5544
4,1261 4,1583
4,6340 4,6667
5,2122 5,2454
223 12:14
4,5234 4,5555
4,1273 4,1595
4,6342 4,6669
5,2134 5,2466
224 12:15
4,5240 4,5561
4,1279 4,1601
4,6348 4,6675
5,2135 5,2467
225 12:16
4,5240 4,5561
4,1279 4,1601
4,6343 4,6672
5,2141 5,2473
226 12:17
4,5240 4,5561
4,1279 4,1601
4,6343 4,6672
5,2144 5,2476
227 12:18
4,5240 4,5561
4,1279 4,1601
4,6343 4,6672
5,2134 5,2466
228 12:19
4,5240 4,5561
4,1279 4,1601
4,6345 4,6674
5,2135 5,2467
229 12:20
4,5239 4,5560
4,1278 4,1600
4,6339 4,6668
5,2133 5,2465
230 12:21
4,5239 4,5560
4,1280 4,1602
4,6341 4,6670
5,2130 5,2462
231 12:22
4,5239 4,5560
4,1282 4,1604
4,6337 4,6666
5,2131 5,2463
232 12:23
4,5239 4,5560
4,1278 4,1600
4,6330 4,6659
5,2131 5,2463
233 12:24
4,5242 4,5563
4,1279 4,1601
4,6338 4,6667
5,2134 5,2466
234 12:25
4,5241 4,5562
4,1282 4,1604
4,6334 4,6663
5,2133 5,2465
235 12:26
4,5247 4,5568
4,1289 4,1611
4,6345 4,6674
5,2140 5,2472
236 12:27
4,5249 4,5570
4,1291 4,1613
4,6346 4,6675
5,2143 5,2475
237 12:28
4,5250 4,5571
4,1292 4,1614
4,6343 4,6672
5,2147 5,2479
238 12:29
4,5250 4,5571
4,1294 4,1616
4,6343 4,6672
5,2149 5,2481
239 12:30
4,5251 4,5572
4,1298 4,1620
4,6342 4,6671
5,2150 5,2482
240 12:31
4,5251 4,5572
4,1302 4,1624
4,6340 4,6669
5,2148 5,2480
241 12:32
4,5252 4,5573
4,1305 4,1627
4,6348 4,6677
5,2152 5,2484
242 12:33
4,5251 4,5572
4,1308 4,1630
4,6354 4,6683
5,2147 5,2479
243 12:34
4,5248 4,5569
4,1305 4,1627
4,6351 4,6680
5,2147 5,2479
244 12:35
4,5249 4,5570
4,1310 4,1632
4,6359 4,6688
5,2151 5,2483
245 12:36
4,5247 4,5568
4,1300 4,1622
4,6360 4,6688
5,2149 5,2481
246 12:37
4,5229 4,5550
4,1288 4,1610
4,6342 4,6670
5,2128 5,2460
247 12:38
4,5229 4,5550
4,1286 4,1608
4,6342 4,6670
5,2125 5,2457
248 12:39
4,5229 4,5550
4,1286 4,1608
4,6342 4,6670
5,2125 5,2457
249 12:40
4,5228 4,5549
4,1283 4,1605
4,6341 4,6669
5,2127 5,2459
250 12:41
4,5229 4,5550
4,1284 4,1606
4,6339 4,6668
5,2128 5,2460
251 12:42
4,5228 4,5549
4,1287 4,1609
4,6344 4,6673
5,2127 5,2459
252 12:43
4,5227 4,5548
4,1280 4,1602
4,6334 4,6663
5,2123 5,2455
253 12:44
4,5223 4,5544
4,1273 4,1595
4,6330 4,6659
5,2115 5,2447
254 12:45
4,5225 4,5546
4,1278 4,1600
4,6332 4,6661
5,2118 5,2450
255 12:46
4,5223 4,5544
4,1278 4,1600
4,6330 4,6659
5,2115 5,2447
256 12:47
4,5221 4,5542
4,1275 4,1597
4,6328 4,6657
5,2113 5,2445
257 12:48
4,5215 4,5536
4,1269 4,1591
4,6318 4,6647
5,2106 5,2438
258 12:49
4,5218 4,5539
4,1268 4,1590
4,6320 4,6649
5,2110 5,2442
259 12:50
4,5217 4,5538
4,1267 4,1589
4,6317 4,6646
5,2105 5,2437
260 12:51
4,5202 4,5523
4,1257 4,1579
4,6300 4,6627
5,2082 5,2414
261 12:52
4,5206 4,5527
4,1267 4,1589
4,6309 4,6636
5,2090 5,2422
262 12:53
4,5206 4,5527
4,1265 4,1587
4,6309 4,6636
5,2087 5,2419
263 12:54
4,5205 4,5526
4,1266 4,1588
4,6310 4,6637
5,2082 5,2414
264 12:55
4,5206 4,5527
4,1267 4,1589
4,6311 4,6638
5,2077 5,2409
265 12:56
4,5204 4,5525
4,1259 4,1581
4,6301 4,6630
5,2075 5,2407
266 12:57
4,5205 4,5526
4,1258 4,1580
4,6299 4,6628
5,2077 5,2409
267 12:58
4,5201 4,5522
4,1258 4,1580
4,6300 4,6629
5,2062 5,2394
268 12:59
4,5206 4,5527
4,1259 4,1581
4,6303 4,6632
5,2065 5,2397
269 13:00
4,5205 4,5526
4,1257 4,1579
4,6298 4,6627
5,2059 5,2391
270 13:01
4,5204 4,5525
4,1261 4,1583
4,6308 4,6636
5,2060 5,2392
271 13:02
4,5193 4,5514
4,1249 4,1571
4,6292 4,6620
5,2043 5,2375
272 13:03
4,5192 4,5513
4,1258 4,1580
4,6289 4,6617
5,2049 5,2381
273 13:04
4,5176 4,5497
4,1245 4,1567
4,6269 4,6597
5,2031 5,2363
274 13:05
4,5177 4,5498
4,1246 4,1568
4,6266 4,6594
5,2037 5,2369
275 13:06
4,5177 4,5498
4,1246 4,1568
4,6264 4,6593
5,2038 5,2370
276 13:07
4,5174 4,5495
4,1242 4,1564
4,6262 4,6591
5,2029 5,2361
277 13:08
4,5174 4,5495
4,1251 4,1573
4,6265 4,6594
5,2029 5,2361
278 13:09
4,5177 4,5498
4,1257 4,1579
4,6278 4,6607
5,2038 5,2370
279 13:10
4,5153 4,5474
4,1241 4,1563
4,6261 4,6590
5,2011 5,2343
280 13:11
4,5151 4,5472
4,1243 4,1565
4,6261 4,6590
5,2008 5,2340
281 13:12
4,5150 4,5471
4,1240 4,1562
4,6265 4,6594
5,2013 5,2345
282 13:13
4,5153 4,5474
4,1239 4,1561
4,6260 4,6589
5,2014 5,2346
283 13:14
4,5157 4,5478
4,1233 4,1555
4,6265 4,6594
5,2010 5,2342
284 13:15
4,5161 4,5482
4,1250 4,1572
4,6277 4,6606
5,2017 5,2349
285 13:16
4,5162 4,5483
4,1247 4,1569
4,6273 4,6601
5,2021 5,2353
286 13:17
4,5161 4,5482
4,1246 4,1568
4,6272 4,6600
5,2026 5,2358
287 13:18
4,5160 4,5481
4,1249 4,1571
4,6271 4,6599
5,2034 5,2366
288 13:19
4,5160 4,5481
4,1249 4,1571
4,6273 4,6601
5,2030 5,2362
289 13:20
4,5168 4,5489
4,1253 4,1575
4,6277 4,6605
5,2040 5,2372
290 13:21
4,5168 4,5489
4,1249 4,1571
4,6276 4,6605
5,2034 5,2366
291 13:22
4,5166 4,5487
4,1245 4,1567
4,6274 4,6603
5,2020 5,2352
292 13:23
4,5165 4,5486
4,1243 4,1565
4,6268 4,6597
5,2024 5,2356
293 13:24
4,5167 4,5488
4,1244 4,1566
4,6274 4,6603
5,2030 5,2362
294 13:25
4,5163 4,5484
4,1241 4,1563
4,6273 4,6602
5,2028 5,2360
295 13:26
4,5154 4,5475
4,1230 4,1552
4,6263 4,6592
5,2026 5,2358
296 13:27
4,5148 4,5469
4,1231 4,1553
4,6255 4,6584
5,2020 5,2352
297 13:28
4,5148 4,5469
4,1235 4,1557
4,6259 4,6588
5,2020 5,2352
298 13:29
4,5146 4,5467
4,1229 4,1551
4,6256 4,6585
5,2018 5,2350
299 13:30
4,5145 4,5466
4,1224 4,1546
4,6254 4,6583
5,2007 5,2339
300 13:31
4,5146 4,5467
4,1227 4,1549
4,6256 4,6585
5,2006 5,2338
301 13:32
4,5147 4,5468
4,1230 4,1552
4,6257 4,6586
5,2007 5,2339
302 13:33
4,5141 4,5462
4,1230 4,1552
4,6250 4,6572
5,1999 5,2331
303 13:34
4,5145 4,5466
4,1236 4,1558
4,6250 4,6574
5,2004 5,2336
304 13:35
4,5145 4,5466
4,1226 4,1548
4,6250 4,6569
5,2001 5,2333
305 13:36
4,5146 4,5467
4,1227 4,1549
4,6250 4,6570
5,2000 5,2332
306 13:37
4,5146 4,5467
4,1227 4,1549
4,6250 4,6573
5,2000 5,2332
307 13:38
4,5143 4,5464
4,1226 4,1548
4,6250 4,6567
5,1996 5,2328
308 13:39
4,5144 4,5465
4,1225 4,1547
4,6250 4,6564
5,2001 5,2333
309 13:40
4,5144 4,5465
4,1223 4,1545
4,6250 4,6564
5,2000 5,2332
310 13:41
4,5144 4,5465
4,1221 4,1543
4,6250 4,6561
5,2000 5,2332
311 13:42
4,5140 4,5461
4,1218 4,1540
4,6250 4,6557
5,1990 5,2322
312 13:43
4,5142 4,5463
4,1216 4,1538
4,6250 4,6566
5,1986 5,2318
313 13:44
4,5129 4,5450
4,1200 4,1522
4,6250 4,6548
5,1971 5,2303
314 13:45
4,5129 4,5450
4,1202 4,1524
4,6250 4,6541
5,1974 5,2306
315 13:46
4,5126 4,5447
4,1196 4,1518
4,6250 4,6545
5,1973 5,2305
316 13:47
4,5125 4,5446
4,1202 4,1524
4,6250 4,6542
5,1976 5,2308
317 13:48
4,5127 4,5448
4,1200 4,1522
4,6250 4,6540
5,1978 5,2310
318 13:49
4,5126 4,5447
4,1201 4,1523
4,6250 4,6538
5,1980 5,2312
319 13:50
4,5121 4,5442
4,1193 4,1515
4,6250 4,6529
5,1971 5,2303
320 13:51
4,5138 4,5459
4,1216 4,1537
4,6250 4,6550
5,1987 5,2319
321 13:52
4,5140 4,5461
4,1221 4,1542
4,6250 4,6550
5,1993 5,2325
322 13:53
4,5146 4,5467
4,1223 4,1544
4,6250 4,6552
5,1997 5,2329
323 13:54
4,5146 4,5467
4,1225 4,1546
4,6250 4,6551
5,1991 5,2323
324 13:55
4,5146 4,5467
4,1223 4,1544
4,6250 4,6551
5,1991 5,2323
325 13:56
4,5148 4,5469
4,1219 4,1541
4,6250 4,6558
5,1993 5,2325
326 13:57
4,5147 4,5468
4,1217 4,1539
4,6250 4,6548
5,1989 5,2321
327 13:58
4,5147 4,5468
4,1213 4,1535
4,6250 4,6546
5,1992 5,2324
328 13:59
4,5157 4,5478
4,1233 4,1555
4,6250 4,6556
5,2009 5,2341
329 14:00
4,5162 4,5483
4,1240 4,1562
4,6250 4,6569
5,2026 5,2358
330 14:01
4,5163 4,5484
4,1243 4,1565
4,6250 4,6569
5,2040 5,2372
331 14:02
4,5163 4,5484
4,1248 4,1570
4,6250 4,6573
5,2040 5,2372
332 14:03
4,5165 4,5486
4,1250 4,1572
4,6250 4,6571
5,2046 5,2378
333 14:04
4,5180 4,5501
4,1256 4,1578
4,6250 4,6579
5,2060 5,2392
334 14:05
4,5178 4,5499
4,1254 4,1576
4,6250 4,6563
5,2054 5,2386
335 14:06
4,5183 4,5504
4,1257 4,1579
4,6250 4,6555
5,2060 5,2392
336 14:07
4,5182 4,5503
4,1258 4,1580
4,6250 4,6554
5,2059 5,2391
337 14:08
4,5183 4,5504
4,1259 4,1581
4,6250 4,6560
5,2072 5,2404
338 14:09
4,5181 4,5502
4,1255 4,1577
4,6250 4,6567
5,2073 5,2405
339 14:10
4,5190 4,5511
4,1265 4,1587
4,6250 4,6575
5,2081 5,2413
340 14:11
4,5199 4,5520
4,1275 4,1597
4,6267 4,6596
5,2088 5,2420
341 14:12
4,5191 4,5512
4,1260 4,1582
4,6256 4,6585
5,2072 5,2404
342 14:13
4,5191 4,5512
4,1261 4,1583
4,6264 4,6593
5,2075 5,2407
343 14:14
4,5187 4,5508
4,1261 4,1583
4,6258 4,6587
5,2072 5,2404
344 14:15
4,5181 4,5502
4,1255 4,1577
4,6251 4,6580
5,2073 5,2405
345 14:16
4,5180 4,5501
4,1251 4,1573
4,6250 4,6574
5,2071 5,2403
346 14:17
4,5178 4,5499
4,1251 4,1573
4,6250 4,6570
5,2066 5,2398
347 14:18
4,5184 4,5505
4,1262 4,1584
4,6250 4,6579
5,2077 5,2409
348 14:19
4,5181 4,5502
4,1267 4,1589
4,6251 4,6580
5,2076 5,2408
349 14:20
4,5181 4,5502
4,1269 4,1591
4,6254 4,6583
5,2088 5,2420
350 14:21
4,5184 4,5505
4,1275 4,1597
4,6257 4,6586
5,2092 5,2424
351 14:22
4,5184 4,5505
4,1286 4,1608
4,6254 4,6583
5,2082 5,2414
352 14:23
4,5183 4,5504
4,1284 4,1606
4,6256 4,6585
5,2075 5,2407
353 14:24
4,5186 4,5507
4,1288 4,1610
4,6256 4,6585
5,2079 5,2411
354 14:25
4,5183 4,5504
4,1280 4,1602
4,6250 4,6577
5,2069 5,2401
355 14:26
4,5183 4,5504
4,1273 4,1595
4,6250 4,6579
5,2069 5,2401
356 14:27
4,5182 4,5503
4,1281 4,1603
4,6250 4,6576
5,2071 5,2403
357 14:28
4,5180 4,5501
4,1275 4,1597
4,6250 4,6574
5,2066 5,2398
358 14:29
4,5178 4,5499
4,1277 4,1599
4,6255 4,6584
5,2069 5,2401
359 14:30
4,5177 4,5498
4,1273 4,1595
4,6255 4,6589
5,2066 5,2398
360 14:31
4,5174 4,5495
4,1159 4,1481
4,6268 4,6597
5,2075 5,2408
361 14:32
4,5167 4,5488
4,1119 4,1441
4,6250 4,6576
5,2063 5,2396
362 14:33
4,5164 4,5485
4,1113 4,1435
4,6272 4,6601
5,2063 5,2396
363 14:34
4,5165 4,5486
4,1133 4,1455
4,6268 4,6597
5,2058 5,2391
364 14:35
4,5163 4,5484
4,1137 4,1459
4,6268 4,6597
5,2052 5,2385
365 14:36
4,5159 4,5482
4,1105 4,1426
4,6264 4,6595
5,2043 5,2375
366 14:37
4,5156 4,5479
4,1088 4,1409
4,6262 4,6593
5,2036 5,2368
367 14:38
4,5155 4,5478
4,1100 4,1421
4,6256 4,6587
5,2041 5,2373
368 14:39
4,5156 4,5479
4,1109 4,1430
4,6259 4,6590
5,2048 5,2380
369 14:40
4,5150 4,5473
4,1096 4,1417
4,6250 4,6562
5,2039 5,2371
370 14:41
4,5143 4,5464
4,1066 4,1387
4,6250 4,6558
5,2017 5,2350
371 14:42
4,5132 4,5453
4,1073 4,1394
4,6250 4,6566
5,2024 5,2357
372 14:43
4,5132 4,5453
4,1047 4,1368
4,6250 4,6549
5,1998 5,2331
373 14:44
4,5129 4,5450
4,1048 4,1369
4,6250 4,6544
5,1998 5,2331
374 14:45
4,5108 4,5429
4,1021 4,1342
4,6250 4,6533
5,1980 5,2313
375 14:46
4,5098 4,5421
4,1019 4,1340
4,6250 4,6525
5,1981 5,2313
376 14:47
4,5083 4,5406
4,1018 4,1339
4,6250 4,6505
5,1970 5,2302
377 14:48
4,5080 4,5403
4,1012 4,1333
4,6250 4,6494
5,1967 5,2299
378 14:49
4,5086 4,5409
4,1011 4,1332
4,6250 4,6503
5,1974 5,2306
379 14:50
4,5083 4,5406
4,0999 4,1320
4,6250 4,6507
5,1974 5,2306
380 14:51
4,5073 4,5394
4,0982 4,1303
4,6250 4,6505
5,1968 5,2300
381 14:52
4,5063 4,5384
4,0965 4,1286
4,6250 4,6497
5,1939 5,2271
382 14:53
4,5050 4,5371
4,0961 4,1282
4,6250 4,6488
5,1929 5,2261
383 14:54
4,5051 4,5372
4,0958 4,1279
4,6250 4,6483
5,1926 5,2258
384 14:55
4,5027 4,5348
4,0930 4,1251
4,6250 4,6453
5,1901 5,2233
385 14:56
4,5029 4,5350
4,0918 4,1239
4,6250 4,6440
5,1893 5,2225
386 14:57
4,5029 4,5350
4,0925 4,1246
4,6250 4,6461
5,1898 5,2230
387 14:58
4,5025 4,5346
4,0916 4,1237
4,6250 4,6451
5,1902 5,2234
388 14:59
4,5017 4,5338
4,0922 4,1243
4,6250 4,6453
5,1890 5,2222
389 15:00
4,5014 4,5335
4,0912 4,1233
4,6250 4,6450
5,1884 5,2216
390 15:01
4,5015 4,5336
4,0910 4,1231
4,6250 4,6440
5,1888 5,2220
391 15:02
4,5047 4,5368
4,0934 4,1255
4,6250 4,6473
5,1919 5,2251
392 15:03
4,5070 4,5391
4,0962 4,1283
4,6250 4,6499
5,1933 5,2265
393 15:04
4,5074 4,5395
4,0966 4,1287
4,6250 4,6505
5,1941 5,2273
394 15:05
4,5072 4,5393
4,0971 4,1292
4,6250 4,6507
5,1941 5,2273
395 15:06
4,5074 4,5395
4,0985 4,1306
4,6250 4,6509
5,1944 5,2276
396 15:07
4,5074 4,5395
4,0985 4,1306
4,6250 4,6497
5,1944 5,2276
397 15:08
4,5074 4,5395
4,0996 4,1317
4,6250 4,6487
5,1940 5,2272
398 15:09
4,5072 4,5393
4,0996 4,1317
4,6250 4,6485
5,1934 5,2266
399 15:10
4,5069 4,5390
4,0999 4,1320
4,6250 4,6475
5,1932 5,2264
400 15:11
4,5057 4,5378
4,0984 4,1305
4,6250 4,6469
5,1924 5,2256
401 15:12
4,5045 4,5366
4,0961 4,1282
4,6250 4,6455
5,1898 5,2230
402 15:13
4,5035 4,5356
4,0955 4,1276
4,6250 4,6441
5,1883 5,2215
403 15:14
4,5038 4,5359
4,0950 4,1271
4,6250 4,6449
5,1891 5,2223
404 15:15
4,5032 4,5353
4,0937 4,1258
4,6250 4,6453
5,1867 5,2199
405 15:16
4,5016 4,5337
4,0941 4,1262
4,6250 4,6433
5,1854 5,2186
406 15:17
4,5017 4,5338
4,0946 4,1267
4,6250 4,6455
5,1866 5,2198
407 15:18
4,5004 4,5325
4,0942 4,1263
4,6250 4,6456
5,1856 5,2188
408 15:19
4,5002 4,5323
4,0945 4,1266
4,6250 4,6456
5,1852 5,2184
409 15:20
4,5004 4,5325
4,0934 4,1255
4,6250 4,6451
5,1832 5,2164
410 15:21
4,5002 4,5323
4,0932 4,1253
4,6250 4,6447
5,1822 5,2154
411 15:22
4,4999 4,5320
4,0935 4,1256
4,6250 4,6447
5,1831 5,2163
412 15:23
4,5027 4,5348
4,0970 4,1291
4,6250 4,6467
5,1869 5,2201
413 15:24
4,5041 4,5362
4,1002 4,1323
4,6250 4,6478
5,1884 5,2216
414 15:25
4,5041 4,5362
4,1000 4,1321
4,6250 4,6484
5,1873 5,2205
415 15:26
4,5041 4,5364
4,1002 4,1323
4,6250 4,6482
5,1871 5,2203
416 15:27
4,5045 4,5368
4,1021 4,1342
4,6250 4,6490
5,1867 5,2199
417 15:28
4,5047 4,5370
4,1013 4,1334
4,6250 4,6488
5,1869 5,2201
418 15:29
4,5050 4,5373
4,1020 4,1341
4,6250 4,6487
5,1880 5,2212
419 15:30
4,5049 4,5372
4,1008 4,1329
4,6153 4,6482
5,1871 5,2203
420 15:31
4,5040 4,5361
4,0991 4,1312
4,6145 4,6474
5,1862 5,2194
421 15:32
4,5039 4,5360
4,0992 4,1313
4,6141 4,6470
5,1855 5,2187
422 15:33
4,5039 4,5360
4,0999 4,1320
4,6142 4,6471
5,1852 5,2184
423 15:34
4,5038 4,5359
4,0997 4,1318
4,6138 4,6467
5,1851 5,2183
424 15:35
4,5034 4,5355
4,1001 4,1322
4,6136 4,6465
5,1849 5,2181
425 15:36
4,5031 4,5352
4,0990 4,1311
4,6136 4,6465
5,1840 5,2172
426 15:37
4,5030 4,5351
4,0982 4,1303
4,6135 4,6464
5,1842 5,2174
427 15:38
4,5026 4,5347
4,0982 4,1303
4,6130 4,6459
5,1837 5,2169
428 15:39
4,5026 4,5347
4,0988 4,1309
4,6128 4,6457
5,1834 5,2166
429 15:40
4,5033 4,5354
4,1000 4,1321
4,6135 4,6464
5,1841 5,2173
430 15:41
4,5030 4,5351
4,1008 4,1329
4,6131 4,6460
5,1836 5,2168
431 15:42
4,5028 4,5349
4,1020 4,1341
4,6127 4,6456
5,1826 5,2158
432 15:43
4,5029 4,5350
4,1017 4,1338
4,6133 4,6462
5,1836 5,2168
433 15:44
4,5032 4,5353
4,1025 4,1346
4,6139 4,6468
5,1835 5,2167
434 15:45
4,5037 4,5358
4,1021 4,1342
4,6144 4,6473
5,1847 5,2179
435 15:46
4,5035 4,5356
4,1016 4,1337
4,6136 4,6465
5,1834 5,2166
436 15:47
4,5033 4,5354
4,1000 4,1321
4,6132 4,6461
5,1821 5,2153
437 15:48
4,5032 4,5353
4,0990 4,1311
4,6134 4,6463
5,1811 5,2143
438 15:49
4,5031 4,5352
4,1002 4,1323
4,6145 4,6474
5,1820 5,2152
439 15:50
4,5030 4,5351
4,1007 4,1328
4,6145 4,6474
5,1818 5,2150
440 15:51
4,5032 4,5353
4,1001 4,1322
4,6146 4,6475
5,1811 5,2143
441 15:52
4,5029 4,5350
4,1007 4,1328
4,6143 4,6472
5,1814 5,2146
442 15:53
4,5030 4,5351
4,1012 4,1333
4,6146 4,6475
5,1821 5,2153
443 15:54
4,5030 4,5351
4,1008 4,1329
4,6152 4,6481
5,1821 5,2153
444 15:55
Definite connection error