#======================
2023-5-29
# 1.EUR, 2.USD, 3.CHF, 4.GBP
Sell Price, Buy Price
1 09:03
4,5033 4,5355
4,1956 4,2278
4,6375 4,6703
5,1878 5,2210
2 09:04
4,5033 4,5355
4,1956 4,2278
4,6375 4,6703
5,1872 5,2204
3 09:05
4,5034 4,5356
4,1957 4,2279
4,6376 4,6704
5,1873 5,2205
4 09:06
4,5036 4,5360
4,1960 4,2281
4,6372 4,6700
5,1875 5,2208
5 09:07
4,5036 4,5360
4,1960 4,2281
4,6365 4,6693
5,1864 5,2197
6 09:08
4,5036 4,5360
4,1958 4,2279
4,6365 4,6693
5,1866 5,2199
7 09:09
4,5033 4,5357
4,1957 4,2278
4,6362 4,6690
5,1865 5,2198
8 09:10
4,5032 4,5356
4,1956 4,2277
4,6361 4,6689
5,1861 5,2194
9 09:11
4,5032 4,5356
4,1957 4,2278
4,6357 4,6685
5,1862 5,2195
10 09:12
4,5031 4,5355
4,1956 4,2277
4,6356 4,6684
5,1864 5,2197
11 09:13
4,5031 4,5355
4,1956 4,2275
4,6356 4,6684
5,1867 5,2200
12 09:14
4,5022 4,5346
4,1938 4,2257
4,6346 4,6674
5,1856 5,2189
13 09:15
4,5022 4,5346
4,1936 4,2255
4,6346 4,6674
5,1866 5,2199
14 09:16
4,5020 4,5344
4,1933 4,2255
4,6343 4,6672
5,1864 5,2196
15 09:17
4,5012 4,5336
4,1929 4,2251
4,6335 4,6664
5,1855 5,2187
16 09:18
4,4988 4,5312
4,1908 4,2230
4,6317 4,6646
5,1823 5,2155
17 09:19
4,4988 4,5312
4,1909 4,2231
4,6315 4,6644
5,1824 5,2156
18 09:20
4,4988 4,5312
4,1909 4,2231
4,6320 4,6649
5,1840 5,2172
19 09:21
4,4988 4,5312
4,1903 4,2225
4,6322 4,6650
5,1830 5,2162
20 09:22
4,4996 4,5320
4,1908 4,2230
4,6330 4,6658
5,1839 5,2171
21 09:23
4,4997 4,5321
4,1909 4,2231
4,6332 4,6660
5,1832 5,2164
22 09:24
4,5001 4,5325
4,1907 4,2229
4,6336 4,6664
5,1839 5,2171
23 09:25
4,5002 4,5326
4,1908 4,2230
4,6337 4,6665
5,1840 5,2172
24 09:26
4,5003 4,5326
4,1908 4,2230
4,6342 4,6671
5,1828 5,2160
25 09:27
4,5006 4,5329
4,1915 4,2237
4,6347 4,6676
5,1832 5,2164
26 09:28
4,5006 4,5329
4,1917 4,2239
4,6347 4,6676
5,1831 5,2163
27 09:29
4,5006 4,5329
4,1917 4,2239
4,6347 4,6676
5,1832 5,2164
28 09:30
4,5006 4,5329
4,1921 4,2243
4,6347 4,6676
5,1832 5,2164
29 09:31
4,5005 4,5329
4,1923 4,2245
4,6347 4,6675
5,1817 5,2149
30 09:32
4,5005 4,5329
4,1927 4,2249
4,6345 4,6673
5,1814 5,2146
31 09:33
4,5005 4,5329
4,1927 4,2249
4,6345 4,6673
5,1814 5,2146
32 09:34
4,5005 4,5329
4,1936 4,2258
4,6350 4,6678
5,1796 5,2128
33 09:35
4,5005 4,5329
4,1938 4,2260
4,6354 4,6682
5,1796 5,2128
34 09:36
4,5006 4,5329
4,1938 4,2260
4,6364 4,6693
5,1805 5,2137
35 09:37
4,5064 4,5387
4,1992 4,2314
4,6424 4,6753
5,1869 5,2201
36 09:38
4,5064 4,5387
4,1990 4,2312
4,6423 4,6752
5,1868 5,2200
37 09:39
4,5063 4,5386
4,1990 4,2312
4,6425 4,6754
5,1867 5,2199
38 09:40
4,5061 4,5384
4,1991 4,2313
4,6425 4,6754
5,1865 5,2197
39 09:41
4,5061 4,5384
4,1990 4,2312
4,6425 4,6753
5,1862 5,2194
40 09:42
4,5061 4,5384
4,1992 4,2314
4,6425 4,6753
5,1862 5,2194
41 09:43
4,5079 4,5402
4,2004 4,2326
4,6443 4,6771
5,1882 5,2214
42 09:44
4,5079 4,5402
4,2004 4,2326
4,6441 4,6769
5,1882 5,2214
43 09:45
4,5082 4,5405
4,2011 4,2333
4,6445 4,6773
5,1886 5,2218
44 09:46
4,5103 4,5425
4,2031 4,2353
4,6466 4,6794
5,1909 5,2242
45 09:47
4,5103 4,5425
4,2031 4,2353
4,6466 4,6794
5,1909 5,2242
46 09:48
4,5103 4,5425
4,2029 4,2351
4,6464 4,6792
5,1912 5,2245
47 09:49
4,5099 4,5421
4,2025 4,2347
4,6462 4,6790
5,1904 5,2237
48 09:50
4,5100 4,5422
4,2024 4,2346
4,6460 4,6788
5,1905 5,2238
49 09:51
4,5098 4,5421
4,2022 4,2344
4,6459 4,6787
5,1898 5,2230
50 09:52
4,5098 4,5421
4,2024 4,2346
4,6460 4,6788
5,1902 5,2234
51 09:53
4,5098 4,5421
4,2026 4,2348
4,6459 4,6787
5,1902 5,2234
52 09:54
4,5098 4,5421
4,2032 4,2354
4,6459 4,6787
5,1911 5,2243
53 09:55
4,5098 4,5421
4,2032 4,2354
4,6466 4,6794
5,1903 5,2235
54 09:56
4,5098 4,5420
4,2044 4,2366
4,6467 4,6795
5,1905 5,2237
55 09:57
4,5061 4,5383
4,2009 4,2331
4,6429 4,6757
5,1861 5,2193
56 09:58
4,5062 4,5384
4,2002 4,2324
4,6435 4,6763
5,1863 5,2195
57 09:59
4,5061 4,5383
4,1997 4,2319
4,6434 4,6762
5,1861 5,2193
58 10:00
4,5061 4,5383
4,1997 4,2319
4,6434 4,6762
5,1861 5,2193
59 10:01
4,5066 4,5390
4,2003 4,2325
4,6441 4,6769
5,1874 5,2206
60 10:02
4,5066 4,5390
4,2001 4,2323
4,6446 4,6774
5,1875 5,2207
61 10:03
4,5066 4,5390
4,2003 4,2325
4,6453 4,6781
5,1887 5,2219
62 10:04
4,5066 4,5390
4,2021 4,2343
4,6454 4,6782
5,1890 5,2222
63 10:05
4,5066 4,5390
4,2033 4,2355
4,6454 4,6782
5,1896 5,2228
64 10:06
4,5066 4,5390
4,2033 4,2355
4,6456 4,6784
5,1896 5,2228
65 10:07
4,5066 4,5390
4,2050 4,2372
4,6456 4,6784
5,1905 5,2237
66 10:08
4,5086 4,5410
4,2067 4,2389
4,6476 4,6804
5,1928 5,2260
67 10:42
4,5105 4,5427
4,2046 4,2368
4,6519 4,6854
5,1943 5,2275
68 10:43
4,5103 4,5425
4,2045 4,2367
4,6517 4,6852
5,1946 5,2278
69 10:44
4,5103 4,5425
4,2044 4,2366
4,6526 4,6861
5,1946 5,2278
70 10:45
4,5102 4,5424
4,2040 4,2362
4,6525 4,6860
5,1945 5,2277
71 10:46
4,5099 4,5423
4,2042 4,2364
4,6523 4,6858
5,1943 5,2275
72 10:47
4,5099 4,5423
4,2040 4,2362
4,6528 4,6863
5,1943 5,2275
73 10:48
4,5099 4,5423
4,2038 4,2360
4,6528 4,6863
5,1943 5,2275
74 10:49
4,5099 4,5423
4,2038 4,2360
4,6528 4,6863
5,1943 5,2275
75 10:50
4,5099 4,5423
4,2038 4,2360
4,6528 4,6863
5,1943 5,2275
76 10:51
4,5107 4,5429
4,2044 4,2366
4,6538 4,6870
5,1960 5,2292
77 10:52
4,5107 4,5429
4,2044 4,2366
4,6538 4,6870
5,1960 5,2292
78 10:53
4,5119 4,5441
4,2057 4,2379
4,6546 4,6878
5,1974 5,2306
79 10:54
4,5120 4,5442
4,2058 4,2380
4,6557 4,6889
5,1972 5,2304
80 10:55
4,5120 4,5442
4,2058 4,2380
4,6557 4,6889
5,1966 5,2298
81 10:56
4,5119 4,5443
4,2058 4,2380
4,6557 4,6889
5,1966 5,2298
82 10:57
4,5119 4,5443
4,2074 4,2396
4,6566 4,6898
5,1966 5,2298
83 10:58
4,5119 4,5443
4,2068 4,2390
4,6566 4,6898
5,1966 5,2298
84 10:59
4,5119 4,5443
4,2070 4,2392
4,6576 4,6908
5,1966 5,2298
85 11:00
4,5122 4,5446
4,2073 4,2395
4,6574 4,6906
5,1975 5,2307
86 11:01
4,5097 4,5419
4,2054 4,2376
4,6551 4,6884
5,1945 5,2277
87 11:02
4,5097 4,5419
4,2053 4,2375
4,6551 4,6884
5,1945 5,2277
88 11:03
4,5097 4,5419
4,2053 4,2375
4,6551 4,6884
5,1945 5,2277
89 11:04
4,5102 4,5424
4,2060 4,2382
4,6557 4,6890
5,1955 5,2287
90 11:05
4,5105 4,5427
4,2070 4,2392
4,6559 4,6892
5,1958 5,2290
91 11:06
4,5105 4,5427
4,2066 4,2388
4,6560 4,6892
5,1958 5,2290
92 11:07
4,5090 4,5412
4,2054 4,2376
4,6544 4,6876
5,1938 5,2270
93 11:08
4,5098 4,5420
4,2061 4,2383
4,6553 4,6885
5,1950 5,2282
94 11:09
4,5098 4,5420
4,2060 4,2382
4,6553 4,6885
5,1950 5,2282
95 11:10
4,5101 4,5423
4,2062 4,2384
4,6556 4,6888
5,1952 5,2284
96 11:11
4,5105 4,5427
4,2074 4,2396
4,6560 4,6892
5,1961 5,2293
97 11:12
4,5105 4,5427
4,2076 4,2398
4,6560 4,6892
5,1961 5,2293
98 11:13
4,5105 4,5427
4,2076 4,2398
4,6560 4,6892
5,1964 5,2296
99 11:14
4,5105 4,5427
4,2082 4,2404
4,6560 4,6892
5,1970 5,2302
100 11:15
4,5120 4,5442
4,2102 4,2424
4,6576 4,6908
5,1988 5,2320
101 11:16
4,5120 4,5443
4,2108 4,2430
4,6576 4,6908
5,1989 5,2321
102 11:17
4,5119 4,5442
4,2107 4,2429
4,6575 4,6907
5,1987 5,2319
103 11:18
4,5119 4,5442
4,2101 4,2423
4,6585 4,6917
5,1987 5,2319
104 11:19
4,5120 4,5443
4,2099 4,2421
4,6585 4,6917
5,1989 5,2321
105 11:20
4,5116 4,5439
4,2096 4,2418
4,6586 4,6918
5,1985 5,2317
106 11:21
4,5109 4,5433
4,2090 4,2412
4,6580 4,6912
5,1978 5,2310
107 11:22
4,5109 4,5433
4,2090 4,2412
4,6585 4,6917
5,1981 5,2313
108 11:23
4,5109 4,5433
4,2086 4,2408
4,6587 4,6919
5,1985 5,2317
109 11:24
4,5109 4,5433
4,2086 4,2408
4,6590 4,6922
5,1990 5,2322
110 11:25
4,5109 4,5433
4,2083 4,2405
4,6585 4,6917
5,1984 5,2316
111 11:26
4,5108 4,5432
4,2082 4,2404
4,6584 4,6916
5,1983 5,2315
112 11:27
4,5109 4,5433
4,2083 4,2405
4,6585 4,6917
5,1984 5,2316
113 11:28
4,5107 4,5431
4,2091 4,2413
4,6583 4,6915
5,1982 5,2314
114 11:29
4,5106 4,5430
4,2094 4,2416
4,6582 4,6914
5,1981 5,2313
115 11:30
4,5106 4,5430
4,2094 4,2416
4,6582 4,6914
5,1981 5,2313
116 11:31
4,5110 4,5434
4,2097 4,2419
4,6586 4,6918
5,1985 5,2317
117 11:32
4,5109 4,5433
4,2090 4,2412
4,6585 4,6917
5,1984 5,2316
118 11:33
4,5117 4,5441
4,2098 4,2420
4,6593 4,6925
5,1985 5,2317
119 11:34
4,5117 4,5441
4,2094 4,2416
4,6593 4,6925
5,1985 5,2317
120 11:35
4,5117 4,5441
4,2092 4,2414
4,6593 4,6925
5,1985 5,2317
121 11:36
4,5116 4,5440
4,2095 4,2417
4,6595 4,6927
5,1986 5,2318
122 11:37
4,5116 4,5440
4,2093 4,2415
4,6595 4,6927
5,1986 5,2318
123 11:38
4,5116 4,5440
4,2093 4,2415
4,6592 4,6924
5,1986 5,2318
124 11:39
4,5117 4,5441
4,2094 4,2416
4,6593 4,6925
5,1988 5,2320
125 11:40
4,5115 4,5439
4,2094 4,2416
4,6593 4,6925
5,1985 5,2317
126 11:41
4,5116 4,5440
4,2095 4,2417
4,6597 4,6929
5,1976 5,2309
127 11:42
4,5116 4,5440
4,2097 4,2419
4,6592 4,6924
5,1976 5,2309
128 11:43
4,5116 4,5440
4,2099 4,2421
4,6595 4,6927
5,1985 5,2318
129 11:44
4,5111 4,5435
4,2094 4,2416
4,6589 4,6921
5,1983 5,2316
130 11:45
4,5111 4,5435
4,2094 4,2416
4,6587 4,6919
5,1983 5,2316
131 11:46
4,5112 4,5434
4,2100 4,2422
4,6585 4,6917
5,1984 5,2316
132 11:47
4,5110 4,5432
4,2100 4,2422
4,6583 4,6915
5,1990 5,2322
133 11:48
4,5115 4,5437
4,2105 4,2427
4,6590 4,6922
5,1993 5,2325
134 11:49
4,5115 4,5437
4,2107 4,2429
4,6590 4,6922
5,1993 5,2325
135 11:50
4,5115 4,5437
4,2107 4,2429
4,6591 4,6923
5,1996 5,2328
136 11:51
4,5115 4,5437
4,2107 4,2429
4,6591 4,6923
5,1996 5,2328
137 11:52
4,5115 4,5437
4,2107 4,2429
4,6590 4,6922
5,1999 5,2331
138 11:53
4,5115 4,5437
4,2107 4,2429
4,6590 4,6922
5,1999 5,2331
139 11:54
4,5111 4,5433
4,2087 4,2409
4,6586 4,6918
5,1995 5,2327
140 11:55
4,5111 4,5433
4,2087 4,2409
4,6586 4,6918
5,1991 5,2323
141 11:56
4,5110 4,5434
4,2087 4,2409
4,6586 4,6918
5,1991 5,2323
142 11:57
4,5116 4,5440
4,2093 4,2415
4,6592 4,6924
5,1998 5,2330
143 11:58
4,5114 4,5438
4,2093 4,2415
4,6595 4,6927
5,1996 5,2328
144 11:59
4,5114 4,5438
4,2091 4,2413
4,6595 4,6927
5,1996 5,2328
145 12:00
4,5105 4,5429
4,2083 4,2405
4,6586 4,6918
5,1992 5,2324
146 12:01
4,5105 4,5429
4,2087 4,2409
4,6586 4,6918
5,1992 5,2324
147 12:02
4,5104 4,5428
4,2082 4,2404
4,6582 4,6914
5,1991 5,2323
148 12:03
4,5108 4,5432
4,2086 4,2408
4,6587 4,6919
5,1996 5,2328
149 12:04
4,5109 4,5433
4,2088 4,2410
4,6587 4,6919
5,1996 5,2328
150 12:05
4,5109 4,5433
4,2088 4,2410
4,6587 4,6919
5,1996 5,2328
151 12:06
4,5111 4,5433
4,2089 4,2411
4,6588 4,6920
5,1997 5,2330
152 12:07
4,5111 4,5433
4,2089 4,2411
4,6584 4,6916
5,1997 5,2330
153 12:08
4,5111 4,5433
4,2089 4,2411
4,6578 4,6910
5,1997 5,2330
154 12:09
4,5111 4,5433
4,2087 4,2409
4,6579 4,6911
5,2003 5,2336
155 12:10
4,5111 4,5433
4,2087 4,2409
4,6576 4,6908
5,2003 5,2336
156 12:11
4,5105 4,5428
4,2082 4,2404
4,6570 4,6902
5,1996 5,2328
157 12:12
4,5105 4,5428
4,2082 4,2404
4,6575 4,6907
5,1997 5,2329
158 12:13
4,5104 4,5427
4,2087 4,2409
4,6574 4,6906
5,1995 5,2327
159 12:14
4,5104 4,5427
4,2089 4,2411
4,6569 4,6901
5,1995 5,2327
160 12:15
4,5105 4,5428
4,2092 4,2414
4,6570 4,6902
5,1997 5,2329
161 12:16
4,5109 4,5432
4,2095 4,2417
4,6574 4,6906
5,2001 5,2333
162 12:17
4,5109 4,5432
4,2093 4,2415
4,6574 4,6906
5,2001 5,2333
163 12:18
4,5106 4,5429
4,2091 4,2413
4,6566 4,6898
5,1998 5,2330
164 12:19
4,5098 4,5421
4,2081 4,2403
4,6558 4,6890
5,1988 5,2320
165 12:20
4,5097 4,5420
4,2080 4,2402
4,6556 4,6888
5,1987 5,2319
166 12:21
4,5097 4,5419
4,2080 4,2402
4,6556 4,6888
5,1986 5,2319
167 12:22
4,5097 4,5419
4,2080 4,2402
4,6556 4,6888
5,1986 5,2319
168 12:23
4,5081 4,5403
4,2065 4,2387
4,6536 4,6868
5,1962 5,2295
169 12:24
4,5081 4,5403
4,2067 4,2389
4,6536 4,6868
5,1962 5,2295
170 12:25
4,5081 4,5403
4,2067 4,2389
4,6536 4,6868
5,1962 5,2295
171 12:26
4,5082 4,5406
4,2069 4,2391
4,6537 4,6869
5,1968 5,2300
172 12:27
4,5082 4,5406
4,2071 4,2393
4,6537 4,6869
5,1971 5,2303
173 12:28
4,5082 4,5406
4,2071 4,2393
4,6537 4,6869
5,1971 5,2303
174 12:29
4,5082 4,5406
4,2069 4,2391
4,6537 4,6869
5,1974 5,2306
175 12:30
4,5081 4,5405
4,2068 4,2390
4,6536 4,6868
5,1973 5,2305
176 12:31
4,5082 4,5406
4,2067 4,2389
4,6537 4,6869
5,1970 5,2302
177 12:32
4,5080 4,5404
4,2063 4,2385
4,6536 4,6868
5,1969 5,2301
178 12:33
4,5081 4,5405
4,2064 4,2386
4,6531 4,6863
5,1970 5,2302
179 12:34
4,5081 4,5405
4,2062 4,2384
4,6534 4,6866
5,1970 5,2302
180 12:35
4,5081 4,5405
4,2064 4,2386
4,6531 4,6863
5,1970 5,2302
181 12:36
4,5081 4,5405
4,2064 4,2386
4,6531 4,6863
5,1969 5,2302
182 12:37
4,5080 4,5404
4,2063 4,2385
4,6530 4,6862
5,1967 5,2300
183 12:38
4,5080 4,5404
4,2069 4,2391
4,6530 4,6862
5,1967 5,2300
184 12:39
4,5080 4,5404
4,2071 4,2393
4,6530 4,6862
5,1967 5,2300
185 12:40
4,5080 4,5404
4,2069 4,2391
4,6530 4,6862
5,1967 5,2300
186 12:41
4,5080 4,5404
4,2071 4,2393
4,6529 4,6862
5,1968 5,2300
187 12:42
4,5080 4,5404
4,2079 4,2401
4,6529 4,6862
5,1968 5,2300
188 12:43
4,5080 4,5404
4,2079 4,2401
4,6529 4,6862
5,1968 5,2300
189 12:44
4,5036 4,5360
4,2037 4,2359
4,6485 4,6818
5,1921 5,2253
190 12:45
4,5036 4,5360
4,2038 4,2360
4,6484 4,6817
5,1924 5,2256
191 12:46
4,5038 4,5360
4,2039 4,2361
4,6486 4,6818
5,1924 5,2257
192 12:47
4,5044 4,5366
4,2044 4,2366
4,6492 4,6824
5,1931 5,2264
193 12:48
4,5044 4,5366
4,2042 4,2364
4,6492 4,6824
5,1931 5,2264
194 12:49
4,5044 4,5366
4,2042 4,2364
4,6492 4,6824
5,1931 5,2264
195 12:50
4,5044 4,5366
4,2044 4,2366
4,6492 4,6824
5,1931 5,2264
196 12:51
4,5043 4,5367
4,2044 4,2366
4,6492 4,6824
5,1932 5,2264
197 12:52
4,5067 4,5391
4,2067 4,2389
4,6517 4,6849
5,1960 5,2292
198 12:53
4,5071 4,5395
4,2070 4,2392
4,6521 4,6853
5,1964 5,2296
199 12:54
4,5071 4,5395
4,2070 4,2392
4,6521 4,6853
5,1959 5,2291
200 12:55
4,5071 4,5395
4,2068 4,2390
4,6521 4,6853
5,1958 5,2290
201 12:56
4,5071 4,5395
4,2068 4,2390
4,6521 4,6853
5,1961 5,2293
202 12:57
4,5071 4,5395
4,2064 4,2386
4,6521 4,6853
5,1961 5,2293
203 12:58
4,5070 4,5394
4,2066 4,2388
4,6520 4,6852
5,1957 5,2289
204 12:59
4,5062 4,5386
4,2058 4,2380
4,6512 4,6844
5,1951 5,2283
205 13:00
4,5062 4,5386
4,2050 4,2372
4,6521 4,6853
5,1948 5,2280
206 13:01
4,5055 4,5377
4,2043 4,2365
4,6513 4,6847
5,1938 5,2271
207 13:02
4,5058 4,5380
4,2046 4,2368
4,6516 4,6850
5,1933 5,2266
208 13:03
4,5059 4,5381
4,2049 4,2371
4,6517 4,6851
5,1934 5,2267
209 13:04
4,5059 4,5381
4,2047 4,2369
4,6517 4,6851
5,1937 5,2270
210 13:05
4,5057 4,5379
4,2043 4,2365
4,6515 4,6849
5,1934 5,2267
211 13:06
4,5058 4,5380
4,2046 4,2368
4,6517 4,6849
5,1936 5,2268
212 13:07
4,5057 4,5379
4,2043 4,2365
4,6516 4,6848
5,1935 5,2267
213 13:08
4,5057 4,5379
4,2041 4,2363
4,6524 4,6856
5,1935 5,2267
214 13:09
4,5048 4,5370
4,2035 4,2357
4,6516 4,6848
5,1922 5,2254
215 13:10
4,5048 4,5370
4,2035 4,2357
4,6516 4,6848
5,1922 5,2254
216 13:11
4,5047 4,5371
4,2031 4,2353
4,6516 4,6848
5,1916 5,2248
217 13:12
4,5047 4,5371
4,2031 4,2353
4,6516 4,6848
5,1916 5,2248
218 13:13
4,5046 4,5370
4,2030 4,2352
4,6520 4,6852
5,1918 5,2250
219 13:14
4,5046 4,5370
4,2030 4,2352
4,6520 4,6852
5,1918 5,2250
220 13:15
4,5046 4,5370
4,2030 4,2352
4,6527 4,6859
5,1918 5,2250
221 13:16
4,5047 4,5369
4,2024 4,2346
4,6526 4,6859
5,1921 5,2253
222 13:17
4,5047 4,5369
4,2026 4,2348
4,6521 4,6854
5,1921 5,2253
223 13:18
4,5047 4,5369
4,2026 4,2348
4,6526 4,6859
5,1918 5,2250
224 13:19
4,5047 4,5369
4,2030 4,2352
4,6523 4,6856
5,1915 5,2247
225 13:20
4,5048 4,5370
4,2032 4,2354
4,6509 4,6842
5,1914 5,2246
226 13:21
4,5048 4,5370
4,2031 4,2353
4,6509 4,6843
5,1913 5,2245
227 13:22
4,5045 4,5367
4,2028 4,2350
4,6506 4,6840
5,1909 5,2241
228 13:23
4,5045 4,5367
4,2028 4,2350
4,6520 4,6854
5,1909 5,2241
229 13:24
4,5045 4,5367
4,2028 4,2350
4,6522 4,6856
5,1909 5,2241
230 13:25
4,5040 4,5362
4,2021 4,2343
4,6521 4,6855
5,1904 5,2236
231 13:26
4,5040 4,5362
4,2021 4,2343
4,6527 4,6859
5,1904 5,2236
232 13:27
4,5041 4,5363
4,2026 4,2348
4,6528 4,6860
5,1908 5,2240
233 13:28
4,5041 4,5363
4,2026 4,2348
4,6531 4,6863
5,1911 5,2243
234 13:29
4,5041 4,5363
4,2026 4,2348
4,6528 4,6860
5,1911 5,2243
235 13:30
4,5041 4,5363
4,2020 4,2342
4,6531 4,6863
5,1914 5,2246
236 13:31
4,5061 4,5383
4,2043 4,2365
4,6551 4,6883
5,1939 5,2272
237 13:32
4,5061 4,5383
4,2045 4,2367
4,6551 4,6883
5,1939 5,2272
238 13:33
4,5062 4,5384
4,2044 4,2366
4,6555 4,6887
5,1940 5,2273
239 13:34
4,5063 4,5385
4,2045 4,2367
4,6557 4,6889
5,1941 5,2274
240 13:35
4,5064 4,5386
4,2045 4,2367
4,6559 4,6891
5,1942 5,2275
241 13:36
4,5065 4,5386
4,2044 4,2366
4,6557 4,6889
5,1941 5,2273
242 13:37
4,5066 4,5387
4,2045 4,2367
4,6557 4,6889
5,1942 5,2274
243 13:38
4,5067 4,5388
4,2040 4,2362
4,6552 4,6884
5,1949 5,2281
244 13:39
4,5069 4,5390
4,2041 4,2363
4,6559 4,6891
5,1961 5,2293
245 13:40
4,5066 4,5387
4,2039 4,2361
4,6556 4,6888
5,1954 5,2286
246 13:41
4,5061 4,5385
4,2038 4,2360
4,6554 4,6887
5,1953 5,2285
247 13:42
4,5061 4,5385
4,2042 4,2364
4,6556 4,6889
5,1935 5,2267
248 13:43
4,5057 4,5381
4,2038 4,2360
4,6559 4,6892
5,1933 5,2265
249 13:44
4,5056 4,5380
4,2037 4,2359
4,6555 4,6888
5,1932 5,2264
250 13:45
4,5033 4,5357
4,2016 4,2338
4,6532 4,6865
5,1906 5,2238
251 13:46
4,5033 4,5355
4,2015 4,2337
4,6532 4,6864
5,1905 5,2237
252 13:47
4,5033 4,5355
4,2015 4,2337
4,6534 4,6866
5,1911 5,2243
253 13:48
4,5033 4,5355
4,2015 4,2337
4,6532 4,6864
5,1905 5,2237
254 13:49
4,5033 4,5355
4,2015 4,2337
4,6527 4,6859
5,1905 5,2237
255 13:50
4,5039 4,5361
4,2022 4,2344
4,6531 4,6863
5,1912 5,2244
256 13:51
4,5039 4,5363
4,2023 4,2345
4,6522 4,6854
5,1912 5,2245
257 13:52
4,5039 4,5363
4,2021 4,2343
4,6522 4,6854
5,1912 5,2245
258 13:53
4,5039 4,5363
4,2023 4,2345
4,6527 4,6859
5,1912 5,2245
259 13:54
4,5043 4,5367
4,2025 4,2347
4,6527 4,6859
5,1913 5,2246
260 13:55
4,5042 4,5366
4,2026 4,2348
4,6525 4,6857
5,1912 5,2245
261 13:56
4,5042 4,5366
4,2024 4,2346
4,6525 4,6857
5,1913 5,2245
262 13:57
4,5053 4,5377
4,2042 4,2364
4,6537 4,6869
5,1926 5,2258
263 13:58
4,5049 4,5373
4,2042 4,2364
4,6532 4,6864
5,1921 5,2253
264 13:59
4,5049 4,5373
4,2042 4,2364
4,6542 4,6874
5,1921 5,2253
265 14:00
4,5044 4,5368
4,2037 4,2359
4,6537 4,6869
5,1924 5,2256
266 14:01
4,5043 4,5365
4,2036 4,2358
4,6534 4,6867
5,1922 5,2254
267 14:02
4,5028 4,5350
4,2022 4,2344
4,6514 4,6847
5,1908 5,2240
268 14:03
4,5028 4,5350
4,2028 4,2350
4,6514 4,6847
5,1902 5,2234
269 14:04
4,5028 4,5350
4,2028 4,2350
4,6506 4,6839
5,1902 5,2234
270 14:05
4,5025 4,5347
4,2025 4,2347
4,6499 4,6832
5,1899 5,2231
271 14:06
4,5026 4,5348
4,2018 4,2340
4,6498 4,6830
5,1900 5,2232
272 14:07
4,5025 4,5347
4,2017 4,2339
4,6497 4,6829
5,1899 5,2231
273 14:08
4,5026 4,5348
4,2020 4,2342
4,6498 4,6830
5,1900 5,2232
274 14:09
4,5024 4,5346
4,2018 4,2340
4,6496 4,6828
5,1894 5,2226
275 14:10
4,5022 4,5344
4,2016 4,2338
4,6496 4,6828
5,1892 5,2224
276 14:11
4,5023 4,5345
4,2019 4,2341
4,6493 4,6825
5,1893 5,2225
277 14:12
4,5023 4,5345
4,2019 4,2341
4,6495 4,6827
5,1890 5,2222
278 14:13
4,5023 4,5345
4,2019 4,2341
4,6497 4,6829
5,1890 5,2222
279 14:14
4,5034 4,5356
4,2027 4,2349
4,6509 4,6841
5,1903 5,2235
280 14:15
4,5034 4,5356
4,2027 4,2349
4,6511 4,6843
5,1906 5,2238
281 14:16
4,5044 4,5366
4,2037 4,2359
4,6522 4,6854
5,1917 5,2249
282 14:17
4,5045 4,5367
4,2038 4,2360
4,6523 4,6855
5,1918 5,2250
283 14:18
4,5043 4,5365
4,2042 4,2364
4,6521 4,6853
5,1924 5,2256
284 14:19
4,5043 4,5365
4,2042 4,2364
4,6525 4,6857
5,1922 5,2254
285 14:20
4,5043 4,5365
4,2042 4,2364
4,6525 4,6857
5,1922 5,2254
286 14:21
4,5043 4,5365
4,2040 4,2362
4,6525 4,6857
5,1922 5,2254
287 14:22
4,5043 4,5365
4,2038 4,2360
4,6525 4,6857
5,1922 5,2254
288 14:23
4,5043 4,5365
4,2040 4,2362
4,6525 4,6857
5,1922 5,2254
289 14:24
4,5032 4,5354
4,2029 4,2351
4,6514 4,6846
5,1909 5,2241
290 14:25
4,5032 4,5354
4,2029 4,2351
4,6516 4,6848
5,1906 5,2238
291 14:26
4,5032 4,5354
4,2029 4,2351
4,6516 4,6848
5,1906 5,2238
292 14:27
4,5032 4,5354
4,2029 4,2351
4,6514 4,6846
5,1906 5,2238
293 14:28
4,5032 4,5354
4,2029 4,2351
4,6521 4,6853
5,1906 5,2238
294 14:29
4,5024 4,5346
4,2024 4,2346
4,6513 4,6845
5,1900 5,2232
295 14:30
4,5023 4,5345
4,2023 4,2345
4,6512 4,6844
5,1899 5,2231
296 14:31
4,5024 4,5346
4,2026 4,2348
4,6513 4,6845
5,1897 5,2229
297 14:32
4,5024 4,5346
4,2026 4,2348
4,6513 4,6845
5,1897 5,2229
298 14:33
4,5024 4,5346
4,2030 4,2352
4,6513 4,6845
5,1897 5,2229
299 14:34
4,5024 4,5346
4,2022 4,2344
4,6520 4,6852
5,1894 5,2226
300 14:35
4,5024 4,5346
4,2024 4,2346
4,6511 4,6843
5,1894 5,2226
301 14:36
4,5024 4,5346
4,2026 4,2348
4,6511 4,6843
5,1894 5,2226
302 14:37
4,5024 4,5346
4,2026 4,2348
4,6511 4,6843
5,1885 5,2217
303 14:38
4,5046 4,5368
4,2048 4,2370
4,6533 4,6865
5,1911 5,2243
304 14:39
4,5043 4,5365
4,2046 4,2368
4,6535 4,6867
5,1907 5,2239
305 14:40
4,5043 4,5365
4,2044 4,2366
4,6535 4,6867
5,1910 5,2242
306 14:41
4,5044 4,5366
4,2045 4,2367
4,6538 4,6870
5,1911 5,2243
307 14:42
4,5044 4,5366
4,2052 4,2374
4,6541 4,6873
5,1911 5,2243
308 14:43
4,5044 4,5366
4,2052 4,2374
4,6541 4,6873
5,1911 5,2243
309 14:44
4,5046 4,5368
4,2054 4,2376
4,6533 4,6865
5,1913 5,2245
310 14:45
4,5047 4,5369
4,2053 4,2375
4,6536 4,6868
5,1914 5,2246
311 14:46
4,5043 4,5365
4,2044 4,2366
4,6532 4,6866
5,1916 5,2248
312 14:47
4,5039 4,5361
4,2042 4,2364
4,6527 4,6861
5,1911 5,2243
313 14:48
4,5038 4,5360
4,2047 4,2369
4,6524 4,6858
5,1907 5,2239
314 14:49
4,5036 4,5358
4,2045 4,2367
4,6522 4,6856
5,1914 5,2246
315 14:50
4,5036 4,5358
4,2047 4,2369
4,6522 4,6856
5,1914 5,2246
316 14:51
4,5036 4,5358
4,2047 4,2369
4,6523 4,6855
5,1912 5,2244
317 14:52
4,5036 4,5358
4,2047 4,2369
4,6523 4,6855
5,1913 5,2245
318 14:53
4,5036 4,5358
4,2047 4,2369
4,6525 4,6857
5,1914 5,2246
319 14:54
4,5036 4,5358
4,2037 4,2359
4,6525 4,6857
5,1914 5,2246
320 14:55
4,5049 4,5371
4,2049 4,2371
4,6539 4,6871
5,1931 5,2263
321 14:56
4,5051 4,5373
4,2051 4,2373
4,6541 4,6873
5,1934 5,2266
322 14:57
4,5051 4,5373
4,2043 4,2365
4,6538 4,6870
5,1934 5,2266
323 14:58
4,5050 4,5372
4,2040 4,2362
4,6537 4,6869
5,1933 5,2265
324 14:59
4,5051 4,5373
4,2041 4,2363
4,6538 4,6870
5,1934 5,2266
325 15:00
4,5050 4,5372
4,2040 4,2362
4,6537 4,6869
5,1933 5,2265
326 15:01
4,5052 4,5374
4,2042 4,2364
4,6535 4,6867
5,1935 5,2268
327 15:02
4,5053 4,5375
4,2043 4,2365
4,6536 4,6868
5,1936 5,2269
328 15:03
4,5051 4,5373
4,2041 4,2363
4,6533 4,6865
5,1933 5,2266
329 15:04
4,5051 4,5373
4,2041 4,2363
4,6534 4,6866
5,1933 5,2266
330 15:05
4,5050 4,5372
4,2038 4,2360
4,6530 4,6862
5,1932 5,2265
331 15:06
4,5050 4,5372
4,2038 4,2360
4,6533 4,6865
5,1932 5,2265
332 15:07
4,5049 4,5371
4,2037 4,2359
4,6536 4,6868
5,1936 5,2269
333 15:08
4,5033 4,5355
4,2022 4,2344
4,6520 4,6852
5,1921 5,2254
334 15:09
4,5033 4,5355
4,2024 4,2346
4,6520 4,6852
5,1916 5,2249
335 15:10
4,5033 4,5355
4,2024 4,2346
4,6520 4,6852
5,1919 5,2252
336 15:11
4,5025 4,5347
4,2017 4,2339
4,6514 4,6846
5,1909 5,2242
337 15:12
4,5025 4,5347
4,2017 4,2339
4,6514 4,6846
5,1909 5,2242
338 15:13
4,5026 4,5348
4,2022 4,2344
4,6515 4,6847
5,1911 5,2244
339 15:14
4,5026 4,5348
4,2022 4,2344
4,6513 4,6845
5,1908 5,2241
340 15:15
4,5026 4,5348
4,2022 4,2344
4,6513 4,6845
5,1905 5,2238
341 15:16
4,5026 4,5348
4,2022 4,2344
4,6513 4,6845
5,1908 5,2241
342 15:17
4,5026 4,5348
4,2024 4,2346
4,6515 4,6847
5,1908 5,2241
343 15:18
4,5023 4,5345
4,2021 4,2343
4,6512 4,6844
5,1904 5,2237
344 15:19
4,5022 4,5344
4,2020 4,2342
4,6514 4,6846
5,1915 5,2248
345 15:20
4,5022 4,5344
4,2034 4,2356
4,6516 4,6848
5,1915 5,2248
346 15:21
4,5027 4,5349
4,2034 4,2356
4,6520 4,6852
5,1917 5,2250
347 15:22
4,5026 4,5348
4,2024 4,2346
4,6520 4,6852
5,1914 5,2247
348 15:23
4,5027 4,5349
4,2024 4,2346
4,6520 4,6852
5,1914 5,2247
349 15:24
4,5026 4,5348
4,2023 4,2345
4,6519 4,6851
5,1913 5,2246
350 15:25
4,5027 4,5349
4,2032 4,2354
4,6523 4,6855
5,1921 5,2254
351 15:26
4,5027 4,5349
4,2033 4,2355
4,6522 4,6858
5,1924 5,2257
352 15:27
4,5027 4,5349
4,2027 4,2349
4,6517 4,6853
5,1924 5,2257
353 15:28
4,5027 4,5349
4,2027 4,2349
4,6521 4,6857
5,1924 5,2257
354 15:29
4,5025 4,5347
4,2022 4,2344
4,6519 4,6855
5,1921 5,2254
355 15:30
4,5028 4,5350
4,2026 4,2348
4,6522 4,6858
5,1922 5,2255
356 15:31
4,5028 4,5350
4,2030 4,2352
4,6522 4,6854
5,1922 5,2255
357 15:32
4,5028 4,5350
4,2030 4,2352
4,6522 4,6854
5,1922 5,2255
358 15:33
4,5026 4,5348
4,2030 4,2352
4,6520 4,6852
5,1920 5,2253
359 15:34
4,5026 4,5348
4,2030 4,2352
4,6525 4,6857
5,1923 5,2256
360 15:35
4,5027 4,5349
4,2031 4,2353
4,6526 4,6858
5,1918 5,2251
361 15:36
4,5026 4,5348
4,2028 4,2350
4,6525 4,6857
5,1917 5,2250
362 15:37
4,5025 4,5347
4,2025 4,2347
4,6524 4,6856
5,1916 5,2249
363 15:38
4,5025 4,5347
4,2027 4,2349
4,6521 4,6853
5,1915 5,2248
364 15:39
4,5025 4,5347
4,2027 4,2349
4,6521 4,6853
5,1915 5,2248
365 15:40
4,5025 4,5347
4,2027 4,2349
4,6521 4,6853
5,1915 5,2248
366 15:41
4,5025 4,5347
4,2027 4,2349
4,6521 4,6853
5,1915 5,2248
367 15:42
4,5022 4,5344
4,2031 4,2353
4,6513 4,6845
5,1911 5,2244
368 15:43
4,5022 4,5344
4,2029 4,2351
4,6514 4,6846
5,1917 5,2250
369 15:44
4,5021 4,5343
4,2035 4,2357
4,6514 4,6846
5,1917 5,2250
370 15:45
4,5021 4,5343
4,2035 4,2357
4,6517 4,6849
5,1919 5,2252
371 15:46
4,5021 4,5343
4,2037 4,2359
4,6517 4,6849
5,1916 5,2250
372 15:47
4,5021 4,5343
4,2037 4,2359
4,6515 4,6847
5,1916 5,2250
373 15:48
4,5021 4,5343
4,2037 4,2359
4,6515 4,6847
5,1913 5,2247
374 15:49
4,5022 4,5344
4,2030 4,2352
4,6516 4,6848
5,1914 5,2248
375 15:50
4,5022 4,5344
4,2030 4,2352
4,6516 4,6848
5,1911 5,2245
376 15:51
4,5021 4,5344
4,2027 4,2349
4,6517 4,6849
5,1913 5,2247
377 15:52
4,5022 4,5345
4,2028 4,2350
4,6516 4,6848
5,1914 5,2248
378 15:53
4,5022 4,5345
4,2028 4,2350
4,6516 4,6848
5,1917 5,2251
379 15:54
4,5022 4,5345
4,2036 4,2358
4,6514 4,6846
5,1920 5,2254
380 15:55
4,5022 4,5345
4,2040 4,2362
4,6511 4,6843
5,1920 5,2254
381 15:56
4,5023 4,5345
4,2039 4,2361
4,6514 4,6846
5,1922 5,2255
382 15:57
4,5023 4,5345
4,2039 4,2361
4,6517 4,6849
5,1919 5,2252
383 15:58
4,5023 4,5345
4,2039 4,2361
4,6522 4,6854
5,1919 5,2252
384 15:59
4,5024 4,5346
4,2040 4,2362
4,6523 4,6855
5,1929 5,2262
385 16:00
4,5024 4,5346
4,2036 4,2358
4,6523 4,6855
5,1929 5,2262
386 16:01
4,5023 4,5345
4,2031 4,2353
4,6520 4,6856
5,1925 5,2258
387 16:02
4,5023 4,5345
4,2031 4,2353
4,6517 4,6853
5,1928 5,2261
388 16:03
4,5024 4,5346
4,2032 4,2354
4,6518 4,6854
5,1926 5,2259
389 16:04
4,5023 4,5345
4,2031 4,2353
4,6517 4,6853
5,1924 5,2257
390 16:05
4,5022 4,5344
4,2034 4,2356
4,6516 4,6852
5,1927 5,2260
391 16:06
4,5023 4,5345
4,2037 4,2359
4,6517 4,6853
5,1925 5,2259
392 16:07
4,5024 4,5346
4,2038 4,2360
4,6518 4,6854
5,1925 5,2259
393 16:08
4,5024 4,5346
4,2040 4,2362
4,6518 4,6854
5,1928 5,2262
394 16:09
4,5027 4,5349
4,2042 4,2364
4,6521 4,6857
5,1932 5,2266
395 16:10
4,5024 4,5346
4,2039 4,2361
4,6518 4,6854
5,1928 5,2262
396 16:11
4,5024 4,5346
4,2039 4,2361
4,6520 4,6852
5,1929 5,2262
397 16:12
4,5023 4,5345
4,2039 4,2361
4,6524 4,6856
5,1928 5,2261
398 16:13
4,5024 4,5346
4,2040 4,2362
4,6525 4,6857
5,1929 5,2262
399 16:14
4,5024 4,5346
4,2040 4,2362
4,6523 4,6855
5,1935 5,2268
400 16:15
4,5024 4,5346
4,2040 4,2362
4,6523 4,6855
5,1935 5,2268
401 16:16
4,5024 4,5346
4,2040 4,2362
4,6518 4,6854
5,1938 5,2271
402 16:17
4,5024 4,5346
4,2044 4,2366
4,6521 4,6857
5,1938 5,2271
403 16:18
4,5021 4,5343
4,2041 4,2363
4,6517 4,6853
5,1932 5,2265
404 16:19
4,5022 4,5344
4,2042 4,2364
4,6519 4,6855
5,1933 5,2266
405 16:20
4,5022 4,5344
4,2036 4,2358
4,6521 4,6857
5,1933 5,2266
406 16:21
4,5022 4,5344
4,2036 4,2358
4,6528 4,6860
5,1933 5,2266
407 16:22
4,5022 4,5344
4,2036 4,2358
4,6523 4,6855
5,1933 5,2266
408 16:23
4,5025 4,5347
4,2039 4,2361
4,6526 4,6858
5,1936 5,2269
409 16:24
4,5025 4,5347
4,2046 4,2368
4,6526 4,6858
5,1936 5,2269
410 16:25
4,5025 4,5347
4,2041 4,2363
4,6526 4,6858
5,1942 5,2275
411 16:26
4,5039 4,5361
4,2054 4,2376
4,6538 4,6870
5,1961 5,2294
412 16:27
4,5037 4,5359
4,2054 4,2376
4,6538 4,6870
5,1959 5,2292
413 16:28
4,5028 4,5350
4,2053 4,2375
4,6529 4,6861
5,1949 5,2282
414 16:29
4,5028 4,5350
4,2049 4,2371
4,6529 4,6861
5,1952 5,2285
415 16:30
4,5028 4,5350
4,2047 4,2369
4,6529 4,6861
5,1949 5,2282
416 16:31
4,5028 4,5350
4,2043 4,2365
4,6529 4,6861
5,1948 5,2282
417 16:32
4,5025 4,5347
4,2041 4,2363
4,6524 4,6856
5,1944 5,2278
418 16:33
4,5025 4,5347
4,2041 4,2363
4,6524 4,6856
5,1947 5,2281
419 16:34
4,5025 4,5347
4,2043 4,2365
4,6524 4,6856
5,1947 5,2281
420 16:35
4,5024 4,5346
4,2042 4,2364
4,6523 4,6855
5,1952 5,2286
421 16:36
4,5024 4,5346
4,2042 4,2364
4,6520 4,6852
5,1956 5,2289
422 16:37
4,5024 4,5346
4,2042 4,2364
4,6520 4,6852
5,1956 5,2289
423 16:38
4,5024 4,5346
4,2044 4,2366
4,6520 4,6852
5,1956 5,2289
424 16:39
4,5024 4,5346
4,2042 4,2364
4,6520 4,6852
5,1956 5,2289
425 16:40
4,5024 4,5346
4,2044 4,2366
4,6520 4,6852
5,1956 5,2289
426 16:41
4,5024 4,5346
4,2047 4,2369
4,6523 4,6855
5,1956 5,2289
427 16:42
4,5024 4,5346
4,2050 4,2372
4,6523 4,6855
5,1953 5,2286
428 16:43
4,5025 4,5347
4,2050 4,2372
4,6521 4,6853
5,1954 5,2287
429 16:44
4,5024 4,5346
4,2050 4,2372
4,6520 4,6852
5,1953 5,2286
430 16:45
4,5024 4,5346
4,2050 4,2372
4,6520 4,6852
5,1953 5,2286
431 16:46
4,5024 4,5346
4,2050 4,2372
4,6520 4,6852
5,1953 5,2286
432 16:47
4,5024 4,5346
4,2050 4,2372
4,6520 4,6852
5,1950 5,2283
433 16:48
4,5024 4,5346
4,2044 4,2366
4,6520 4,6852
5,1950 5,2283
434 16:49
4,5026 4,5348
4,2045 4,2367
4,6517 4,6849
5,1950 5,2283
435 16:50
4,5026 4,5348
4,2045 4,2367
4,6517 4,6849
5,1953 5,2286
436 16:51
4,5027 4,5349
4,2046 4,2368
4,6518 4,6850
5,1960 5,2293
437 16:52
4,5027 4,5349
4,2046 4,2368
4,6518 4,6850
5,1960 5,2293
438 16:53
4,5027 4,5349
4,2046 4,2368
4,6518 4,6850
5,1960 5,2293
439 16:54
4,5025 4,5347
4,2045 4,2367
4,6516 4,6848
5,1954 5,2287
440 16:55
4,5030 4,5352
4,2047 4,2369
4,6522 4,6854
5,1963 5,2296
441 16:56
4,5029 4,5351
4,2044 4,2366
4,6521 4,6853
5,1962 5,2295
442 16:57
4,5029 4,5351
4,2046 4,2368
4,6516 4,6848
5,1962 5,2295
443 16:58
4,5029 4,5351
4,2041 4,2363
4,6516 4,6848
5,1962 5,2295
444 16:59
4,5029 4,5351
4,2040 4,2362
4,6504 4,6836
5,1962 5,2295
445 17:00
4,5029 4,5351
4,2040 4,2362
4,6504 4,6836
5,1962 5,2295
446 17:01
4,5027 4,5349
4,2042 4,2364
4,6494 4,6826
5,1965 5,2298
447 17:02
4,5028 4,5350
4,2041 4,2363
4,6495 4,6827
5,1967 5,2300
448 17:03
4,5028 4,5350
4,2041 4,2363
4,6512 4,6844
5,1966 5,2299
449 17:04
4,5028 4,5350
4,2043 4,2365
4,6512 4,6844
5,1963 5,2296
450 17:05
4,5027 4,5349
4,2038 4,2360
4,6513 4,6845
5,1965 5,2298
451 17:06
4,5027 4,5349
4,2032 4,2354
4,6513 4,6845
5,1965 5,2298
452 17:07
4,5026 4,5348
4,2034 4,2356
4,6513 4,6845
5,1965 5,2298
453 17:08
4,5026 4,5348
4,2034 4,2356
4,6513 4,6845
5,1962 5,2295
454 17:09
4,5026 4,5348
4,2034 4,2356
4,6513 4,6845
5,1962 5,2295
455 17:10
4,5027 4,5349
4,2037 4,2359
4,6514 4,6846
5,1960 5,2293
456 17:11
4,5027 4,5349
4,2037 4,2359
4,6514 4,6846
5,1957 5,2290
457 17:12
4,5028 4,5350
4,2038 4,2360
4,6515 4,6847
5,1964 5,2297
458 17:13
4,5026 4,5348
4,2035 4,2357
4,6512 4,6844
5,1961 5,2294
459 17:14
4,5025 4,5347
4,2035 4,2357
4,6512 4,6844
5,1960 5,2293
460 17:15
4,5026 4,5348
4,2035 4,2357
4,6512 4,6844
5,1961 5,2294
461 17:16
4,5026 4,5348
4,2033 4,2355
4,6512 4,6844
5,1958 5,2291
462 17:17
4,5029 4,5351
4,2038 4,2360
4,6515 4,6847
5,1958 5,2291
463 17:18
4,5029 4,5351
4,2038 4,2360
4,6515 4,6847
5,1959 5,2292
464 17:19
4,5029 4,5351
4,2036 4,2358
4,6515 4,6847
5,1959 5,2292
465 17:20
4,5029 4,5351
4,2038 4,2360
4,6515 4,6847
5,1959 5,2292
466 17:21
4,5031 4,5353
4,2044 4,2366
4,6512 4,6844
5,1961 5,2294
467 17:22
4,5031 4,5353
4,2044 4,2366
4,6512 4,6844
5,1961 5,2294
468 17:23
4,5031 4,5353
4,2040 4,2362
4,6512 4,6844
5,1961 5,2294
469 17:24
4,5031 4,5353
4,2040 4,2362
4,6512 4,6844
5,1961 5,2294
470 17:25
4,5031 4,5353
4,2042 4,2364
4,6512 4,6844
5,1961 5,2294
471 17:26
4,5037 4,5359
4,2047 4,2369
4,6519 4,6851
5,1968 5,2301
472 17:27
4,5036 4,5358
4,2046 4,2368
4,6518 4,6850
5,1967 5,2300
473 17:28
4,5036 4,5358
4,2048 4,2370
4,6518 4,6850
5,1967 5,2300
474 17:29
4,5036 4,5358
4,2048 4,2370
4,6518 4,6850
5,1967 5,2300
475 17:30
4,5036 4,5358
4,2052 4,2374
4,6518 4,6850
5,1973 5,2306
476 17:31
4,5036 4,5358
4,2050 4,2372
4,6522 4,6854
5,1973 5,2306
477 17:32
4,5037 4,5359
4,2052 4,2374
4,6519 4,6851
5,1974 5,2307
478 17:33
4,5038 4,5360
4,2051 4,2373
4,6525 4,6857
5,1977 5,2310
479 17:34
4,5038 4,5360
4,2047 4,2369
4,6525 4,6857
5,1972 5,2305
480 17:35
4,5038 4,5360
4,2047 4,2369
4,6525 4,6857
5,1975 5,2308
481 17:36
4,5038 4,5360
4,2047 4,2369
4,6525 4,6857
5,1975 5,2308
482 17:37
4,5038 4,5360
4,2047 4,2369
4,6525 4,6857
5,1975 5,2308
483 17:38
4,5038 4,5360
4,2045 4,2367
4,6525 4,6857
5,1976 5,2309
484 17:39
4,5038 4,5360
4,2045 4,2367
4,6520 4,6852
5,1975 5,2308
485 17:40
4,5038 4,5360
4,2045 4,2367
4,6513 4,6845
5,1975 5,2308
486 17:41
4,5038 4,5360
4,2045 4,2367
4,6513 4,6845
5,1975 5,2308
487 17:42
4,5039 4,5361
4,2045 4,2367
4,6513 4,6845
5,1976 5,2309
488 17:43
4,5039 4,5361
4,2039 4,2361
4,6513 4,6845
5,1976 5,2309
489 17:44
4,5039 4,5361
4,2037 4,2359
4,6513 4,6845
5,1976 5,2309
490 17:45
4,5039 4,5361
4,2037 4,2359
4,6511 4,6843
5,1976 5,2309
491 17:46
4,5039 4,5361
4,2037 4,2359
4,6511 4,6843
5,1976 5,2309
492 17:47
4,5039 4,5361
4,2035 4,2357
4,6511 4,6843
5,1976 5,2309
493 17:48
4,5039 4,5361
4,2037 4,2359
4,6511 4,6843
5,1976 5,2309
494 17:49
4,5039 4,5361
4,2037 4,2359
4,6513 4,6845
5,1976 5,2309
495 17:50
4,5039 4,5361
4,2037 4,2359
4,6513 4,6845
5,1976 5,2309
496 17:51
4,5035 4,5357
4,2034 4,2356
4,6509 4,6841
5,1971 5,2304
497 17:52
4,5035 4,5357
4,2030 4,2352
4,6507 4,6839
5,1971 5,2304
498 17:53
4,5035 4,5357
4,2030 4,2352
4,6507 4,6839
5,1974 5,2307
499 17:54
4,5038 4,5360
4,2033 4,2355
4,6511 4,6843
5,1979 5,2312
500 17:55
4,5039 4,5361
4,2030 4,2352
4,6511 4,6843
5,1979 5,2312
501 17:56
4,5040 4,5362
4,2031 4,2353
4,6514 4,6846
5,1983 5,2316
502 17:57
4,5039 4,5361
4,2032 4,2354
4,6514 4,6846
5,1983 5,2316
503 17:58
4,5040 4,5362
4,2032 4,2354
4,6514 4,6846
5,1989 5,2322
504 17:59
4,5039 4,5361
4,2032 4,2354
4,6513 4,6845
5,1988 5,2321
505 18:00
4,5038 4,5360
4,2031 4,2353
4,6516 4,6848
5,1988 5,2321
506 18:01
4,5036 4,5358
4,2033 4,2359
4,6515 4,6850
5,1985 5,2318
507 18:02
4,5034 4,5356
4,2036 4,2359
4,6513 4,6847
5,1983 5,2316
508 18:03
4,5032 4,5354
4,2030 4,2352
4,6511 4,6845
5,1981 5,2314
509 18:04
4,5033 4,5355
4,2027 4,2354
4,6517 4,6852
5,1982 5,2315
510 18:05
4,5033 4,5355
4,2028 4,2353
4,6515 4,6847
5,1980 5,2313
511 18:06
4,5033 4,5355
4,2027 4,2352
4,6510 4,6842
5,1975 5,2308
512 18:07
4,5033 4,5355
4,2028 4,2353
4,6513 4,6845
5,1976 5,2309
513 18:08
4,5028 4,5350
4,2022 4,2349
4,6507 4,6842
5,1970 5,2303
514 18:09
4,5024 4,5346
4,2018 4,2345
4,6502 4,6837
5,1966 5,2303
515 18:10
4,5024 4,5346
4,2019 4,2344
4,6500 4,6832
5,1965 5,2298
516 18:11
4,5024 4,5346
4,2019 4,2344
4,6503 4,6836
5,1965 5,2298
517 18:12
4,5021 4,5343
4,2014 4,2342
4,6493 4,6829
5,1961 5,2294
518 18:13
4,5019 4,5341
4,2015 4,2340
4,6493 4,6825
5,1960 5,2293
519 18:14
4,5019 4,5341
4,2015 4,2340
4,6493 4,6825
5,1960 5,2293
520 18:15
4,5019 4,5341
4,2017 4,2339
4,6493 4,6825
5,1959 5,2292
521 18:16
4,5019 4,5341
4,2017 4,2339
4,6498 4,6830
5,1960 5,2293
522 18:17
4,5019 4,5341
4,2017 4,2339
4,6498 4,6830
5,1957 5,2290
523 18:18
4,5006 4,5328
4,2006 4,2329
4,6484 4,6818
5,1945 5,2278
524 18:19
4,5006 4,5328
4,2009 4,2331
4,6485 4,6818
5,1944 5,2277
525 18:20
4,5009 4,5331
4,2012 4,2338
4,6487 4,6821
5,1949 5,2282
526 18:21
4,5009 4,5331
4,2013 4,2338
4,6488 4,6821
5,1947 5,2280
527 18:22
4,5008 4,5330
4,2012 4,2336
4,6487 4,6819
5,1947 5,2280
528 18:23
4,5008 4,5330
4,2012 4,2336
4,6489 4,6821
5,1947 5,2280
529 18:24
4,5008 4,5330
4,2012 4,2336
4,6488 4,6820
5,1947 5,2280
530 18:25
4,5008 4,5330
4,2012 4,2336
4,6492 4,6824
5,1947 5,2280
531 18:26
4,5009 4,5331
4,2013 4,2338
4,6490 4,6822
5,1947 5,2280
532 18:27
4,5009 4,5331
4,2013 4,2338
4,6493 4,6826
5,1947 5,2280
533 18:28
4,5008 4,5330
4,2012 4,2336
4,6487 4,6819
5,1944 5,2277
534 18:29
4,5009 4,5331
4,2011 4,2333
4,6486 4,6820
5,1941 5,2274
535 18:30
4,5008 4,5330
4,2012 4,2334
4,6482 4,6814
5,1941 5,2274
536 18:31
4,5008 4,5330
4,2008 4,2332
4,6482 4,6814
5,1941 5,2274
537 18:32
4,5008 4,5330
4,2008 4,2332
4,6482 4,6814
5,1941 5,2274
538 18:33
4,5008 4,5330
4,2010 4,2332
4,6477 4,6809
5,1941 5,2274
539 18:34
4,4988 4,5354
4,1991 4,2357
4,6454 4,6836
5,1918 5,2301
540 18:35
4,5008 4,5330
4,2008 4,2332
4,6477 4,6809
5,1941 5,2274
541 18:36
4,5008 4,5330
4,2008 4,2332
4,6482 4,6814
5,1947 5,2280
542 18:37
4,5009 4,5331
4,2009 4,2334
4,6483 4,6816
5,1947 5,2280
543 18:38
4,5010 4,5332
4,2009 4,2335
4,6485 4,6818
5,1953 5,2287
544 18:39
4,5011 4,5333
4,2009 4,2335
4,6485 4,6818
5,1954 5,2288
545 18:40
4,5010 4,5332
4,2010 4,2335
4,6484 4,6816
5,1955 5,2288
546 18:41
4,5011 4,5333
4,2013 4,2335
4,6490 4,6823
5,1956 5,2289
547 18:42
4,5010 4,5332
4,2010 4,2335
4,6489 4,6821
5,1955 5,2288
548 18:43
4,5010 4,5332
4,2013 4,2335
4,6490 4,6823
5,1956 5,2289
549 18:44
4,5011 4,5333
4,2011 4,2336
4,6490 4,6822
5,1956 5,2289
550 18:45
4,5011 4,5333
4,2011 4,2336
4,6486 4,6823
5,1956 5,2289
551 18:46
4,5011 4,5333
4,2010 4,2332
4,6485 4,6817
5,1956 5,2289
552 18:47
4,5011 4,5333
4,2010 4,2332
4,6486 4,6818
5,1956 5,2289
553 18:48
4,5011 4,5333
4,2010 4,2332
4,6487 4,6819
5,1956 5,2289
554 18:49
4,5011 4,5333
4,2010 4,2332
4,6485 4,6817
5,1956 5,2289
555 18:50
4,4991 4,5356
4,1990 4,2359
4,6461 4,6843
5,1931 5,2319
556 18:51
4,4990 4,5348
4,1989 4,2347
4,6461 4,6835
5,1933 5,2306
557 18:52
4,4990 4,5348
4,1989 4,2347
4,6461 4,6835
5,1933 5,2306
558 18:53
4,4990 4,5348
4,1989 4,2347
4,6461 4,6835
5,1933 5,2306
559 18:54
4,4990 4,5348
4,1989 4,2347
4,6462 4,6831
5,1933 5,2306
560 18:55
4,4991 4,5350
4,1990 4,2349
4,6461 4,6831
5,1934 5,2308
561 18:56
4,5012 4,5334
4,2008 4,2333
4,6484 4,6816
5,1958 5,2291
562 18:57
4,5014 4,5336
4,2014 4,2339
4,6488 4,6820
5,1960 5,2293
563 18:58
4,5015 4,5337
4,2014 4,2336
4,6487 4,6819
5,1961 5,2294
564 18:59
4,5015 4,5337
4,2015 4,2340
4,6489 4,6821
5,1961 5,2294
565 19:00
4,5015 4,5337
4,2013 4,2339
4,6484 4,6817
5,1960 5,2293
566 19:01
4,5015 4,5337
4,2013 4,2339
4,6484 4,6817
5,1960 5,2293
567 19:02
4,5014 4,5336
4,2013 4,2335
4,6484 4,6817
5,1960 5,2293
568 19:03
4,5014 4,5336
4,2012 4,2334
4,6483 4,6816
5,1964 5,2297
569 19:04
4,5014 4,5336
4,2013 4,2335
4,6484 4,6817
5,1964 5,2298
570 19:05
4,5014 4,5336
4,2008 4,2330
4,6480 4,6812
5,1959 5,2292
571 19:06
4,5015 4,5337
4,2005 4,2331
4,6481 4,6813
5,1958 5,2292
572 19:07
4,5015 4,5337
4,2005 4,2331
4,6481 4,6813
5,1958 5,2292
573 19:08
4,5014 4,5336
4,2004 4,2330
4,6480 4,6812
5,1955 5,2290
574 19:09
4,5014 4,5336
4,2004 4,2330
4,6480 4,6812
5,1955 5,2290
575 19:10
4,5015 4,5337
4,2005 4,2331
4,6481 4,6813
5,1961 5,2294
576 19:11
4,5009 4,5331
4,2004 4,2327
4,6475 4,6807
5,1953 5,2286
577 19:12
4,5012 4,5334
4,2007 4,2330
4,6480 4,6814
5,1958 5,2291
578 19:13
4,5014 4,5336
4,2008 4,2334
4,6480 4,6812
5,1959 5,2292
579 19:14
4,5015 4,5337
4,2009 4,2335
4,6481 4,6813
5,1960 5,2293
580 19:15
4,5014 4,5336
4,2012 4,2334
4,6480 4,6812
5,1965 5,2298
581 19:16
4,5014 4,5336
4,2008 4,2334
4,6480 4,6812
5,1965 5,2298
582 19:17
4,5012 4,5334
4,2010 4,2332
4,6481 4,6814
5,1963 5,2296
583 19:18
4,5013 4,5335
4,2011 4,2333
4,6482 4,6815
5,1964 5,2297
584 19:19
4,5014 4,5336
4,2012 4,2334
4,6483 4,6816
5,1962 5,2295
585 19:20
4,5015 4,5337
4,2013 4,2335
4,6484 4,6817
5,1960 5,2293
586 19:21
4,5014 4,5336
4,2012 4,2334
4,6483 4,6816
5,1960 5,2293
587 19:22
4,5014 4,5336
4,2012 4,2338
4,6483 4,6816
5,1959 5,2292
588 19:23
4,5014 4,5336
4,2012 4,2338
4,6483 4,6816
5,1959 5,2292
589 19:24
4,5014 4,5336
4,2012 4,2338
4,6485 4,6817
5,1960 5,2293
590 19:25
4,5015 4,5337
4,2013 4,2339
4,6484 4,6817
5,1961 5,2294
591 19:26
4,5015 4,5337
4,2013 4,2339
4,6489 4,6822
5,1960 5,2293
592 19:27
4,5013 4,5335
4,2012 4,2339
4,6486 4,6820
5,1962 5,2295
593 19:28
4,5014 4,5336
4,2013 4,2340
4,6487 4,6821
5,1960 5,2293
594 19:29
4,5014 4,5336
4,2016 4,2338
4,6488 4,6821
5,1959 5,2292
595 19:30
4,5014 4,5336
4,2016 4,2338
4,6488 4,6821
5,1964 5,2297
596 19:31
4,5014 4,5336
4,2016 4,2338
4,6488 4,6821
5,1965 5,2298
597 19:32
4,5014 4,5336
4,2012 4,2338
4,6485 4,6817
5,1965 5,2298
598 19:33
4,5014 4,5336
4,2016 4,2338
4,6485 4,6817
5,1965 5,2298
599 19:34
4,5014 4,5336
4,2016 4,2338
4,6485 4,6817
5,1965 5,2298
600 19:35
4,4998 4,5354
4,2001 4,2357
4,6471 4,6842
5,1945 5,2310
601 19:36
4,5013 4,5335
4,2012 4,2338
4,6485 4,6817
5,1959 5,2292
602 19:37
4,5013 4,5335
4,2016 4,2338
4,6488 4,6821
5,1959 5,2292
603 19:38
4,5014 4,5336
4,2012 4,2338
4,6488 4,6821
5,1959 5,2292
604 19:39
4,5014 4,5336
4,2012 4,2338
4,6488 4,6821
5,1959 5,2292
605 19:40
4,5014 4,5336
4,2012 4,2338
4,6488 4,6821
5,1959 5,2292
606 19:41
4,5013 4,5335
4,2011 4,2337
4,6487 4,6820
5,1958 5,2291
607 19:42
4,5014 4,5336
4,2013 4,2339
4,6489 4,6822
5,1960 5,2293
608 19:43
4,5014 4,5336
4,2013 4,2340
4,6486 4,6818
5,1960 5,2293
609 19:44
4,5014 4,5336
4,2012 4,2338
4,6485 4,6817
5,1959 5,2292
610 19:45
4,5014 4,5336
4,2013 4,2339
4,6486 4,6818
5,1960 5,2293
611 19:46
4,5015 4,5337
4,2013 4,2339
4,6486 4,6818
5,1960 5,2293
612 19:47
4,5014 4,5336
4,2012 4,2338
4,6488 4,6821
5,1965 5,2298
613 19:48
4,5014 4,5336
4,2013 4,2339
4,6489 4,6822
5,1963 5,2296
614 19:49
4,5010 4,5333
4,2008 4,2337
4,6482 4,6819
5,1958 5,2291
615 19:50
4,5008 4,5331
4,2010 4,2335
4,6480 4,6817
5,1953 5,2287
616 19:51
4,5007 4,5330
4,2009 4,2338
4,6479 4,6816
5,1957 5,2290
617 19:52
4,5005 4,5327
4,2007 4,2335
4,6481 4,6813
5,1955 5,2288
618 19:53
4,5004 4,5326
4,2007 4,2336
4,6480 4,6812
5,1954 5,2287
619 19:54
4,5005 4,5327
4,2011 4,2336
4,6481 4,6813
5,1955 5,2288
620 19:55
4,5005 4,5327
4,2007 4,2335
4,6481 4,6813
5,1955 5,2288
621 19:56
4,5005 4,5327
4,2007 4,2335
4,6481 4,6813
5,1955 5,2288
622 19:57
4,5005 4,5327
4,2007 4,2335
4,6481 4,6813
5,1955 5,2288
623 19:58
4,5005 4,5327
4,2011 4,2335
4,6482 4,6818
5,1955 5,2288
624 19:59
4,5005 4,5327
4,2007 4,2335
4,6481 4,6813
5,1955 5,2288
625 20:00
4,5005 4,5328
4,2007 4,2336
4,6481 4,6813
5,1955 5,2288
626 20:01
4,5004 4,5326
4,2006 4,2334
4,6480 4,6812
5,1954 5,2287
627 20:02
4,5003 4,5325
4,2006 4,2335
4,6479 4,6811
5,1953 5,2286
628 20:03
4,5002 4,5324
4,2004 4,2332
4,6478 4,6810
5,1951 5,2284
629 20:04
4,5001 4,5323
4,2003 4,2331
4,6477 4,6809
5,1950 5,2283
630 20:05
4,5001 4,5323
4,2005 4,2332
4,6477 4,6809
5,1951 5,2284
631 20:06
4,5002 4,5324
4,2006 4,2333
4,6478 4,6810
5,1952 5,2285
632 20:07
4,5003 4,5325
4,2005 4,2333
4,6476 4,6811
5,1953 5,2286
633 20:08
4,5003 4,5325
4,2005 4,2333
4,6476 4,6811
5,1953 5,2286
634 20:09
4,5003 4,5325
4,2005 4,2333
4,6476 4,6811
5,1953 5,2286
635 20:10
4,5002 4,5324
4,2005 4,2334
4,6474 4,6810
5,1947 5,2280
636 20:11
4,5002 4,5324
4,2004 4,2332
4,6478 4,6810
5,1945 5,2278
637 20:12
4,5002 4,5324
4,2004 4,2332
4,6478 4,6810
5,1945 5,2278
638 20:13
4,5002 4,5324
4,2004 4,2332
4,6478 4,6810
5,1945 5,2278
639 20:14
4,5001 4,5323
4,2005 4,2332
4,6474 4,6808
5,1945 5,2278
640 20:15
4,5001 4,5323
4,2009 4,2332
4,6474 4,6808
5,1945 5,2278
641 20:16
4,5001 4,5323
4,2003 4,2331
4,6474 4,6809
5,1944 5,2277
642 20:17
4,5000 4,5322
4,2004 4,2331
4,6473 4,6807
5,1944 5,2277
643 20:18
4,5000 4,5322
4,2004 4,2331
4,6473 4,6807
5,1944 5,2277
644 20:19
4,5000 4,5322
4,2006 4,2330
4,6473 4,6808
5,1943 5,2276
645 20:20
4,5000 4,5322
4,2006 4,2330
4,6473 4,6808
5,1943 5,2276
646 20:21
4,5000 4,5323
4,2005 4,2331
4,6472 4,6809
5,1943 5,2281
647 20:22
4,4999 4,5321
4,2007 4,2330
4,6472 4,6806
5,1943 5,2276
648 20:23
4,4999 4,5321
4,2005 4,2329
4,6472 4,6806
5,1943 5,2276
649 20:24
4,4999 4,5321
4,2003 4,2330
4,6472 4,6807
5,1945 5,2278
650 20:25
4,5000 4,5322
4,2002 4,2330
4,6473 4,6808
5,1946 5,2279
651 20:26
4,5000 4,5322
4,2002 4,2330
4,6473 4,6808
5,1946 5,2279
652 20:27
4,5000 4,5322
4,2002 4,2330
4,6473 4,6808
5,1946 5,2279
653 20:28
4,5000 4,5322
4,2002 4,2330
4,6473 4,6808
5,1946 5,2279
654 20:29
4,4998 4,5320
4,2006 4,2333
4,6471 4,6805
5,1944 5,2277
655 20:30
4,4999 4,5321
4,2007 4,2334
4,6472 4,6806
5,1943 5,2276
656 20:31
4,4999 4,5321
4,2007 4,2330
4,6472 4,6806
5,1943 5,2276
657 20:32
4,4999 4,5321
4,2003 4,2330
4,6472 4,6806
5,1943 5,2276
658 20:33
4,5000 4,5322
4,2002 4,2330
4,6471 4,6803
5,1943 5,2276
659 20:34
4,5000 4,5322
4,2002 4,2330
4,6471 4,6803
5,1943 5,2276
660 20:35
4,5000 4,5322
4,2002 4,2330
4,6471 4,6803
5,1943 5,2276
661 20:36
4,5000 4,5322
4,2006 4,2334
4,6473 4,6808
5,1946 5,2279
662 20:37
4,4999 4,5321
4,2002 4,2330
4,6470 4,6802
5,1943 5,2276
663 20:38
4,5000 4,5322
4,2006 4,2330
4,6471 4,6803
5,1946 5,2279
664 20:39
4,5000 4,5322
4,2002 4,2330
4,6471 4,6803
5,1946 5,2279
665 20:40
4,5000 4,5322
4,2006 4,2330
4,6470 4,6802
5,1945 5,2278
666 20:41
4,5001 4,5323
4,2007 4,2335
4,6467 4,6799
5,1944 5,2277
667 20:42
4,5001 4,5323
4,2007 4,2335
4,6467 4,6799
5,1944 5,2277
668 20:43
4,5000 4,5322
4,2008 4,2335
4,6466 4,6798
5,1947 5,2280
669 20:44
4,5000 4,5322
4,2008 4,2335
4,6466 4,6798
5,1947 5,2280
670 20:45
4,5000 4,5322
4,2008 4,2335
4,6466 4,6798
5,1947 5,2280
671 20:46
4,5000 4,5322
4,2008 4,2335
4,6468 4,6802
5,1948 5,2281
672 20:47
4,5000 4,5322
4,2008 4,2335
4,6467 4,6799
5,1947 5,2280
673 20:48
4,5000 4,5322
4,2006 4,2334
4,6463 4,6798
5,1946 5,2279
674 20:49
4,5000 4,5322
4,2008 4,2335
4,6463 4,6797
5,1947 5,2280
675 20:50
4,5000 4,5322
4,2008 4,2335
4,6462 4,6794
5,1944 5,2277
676 20:51
4,5000 4,5322
4,2007 4,2333
4,6461 4,6793
5,1945 5,2278
677 20:52
4,5000 4,5322
4,2007 4,2333
4,6461 4,6793
5,1943 5,2276
678 20:53
4,5000 4,5322
4,2008 4,2335
4,6462 4,6794
5,1944 5,2277
679 20:54
4,5000 4,5322
4,2007 4,2333
4,6464 4,6796
5,1943 5,2276
680 20:55
4,5000 4,5322
4,2007 4,2333
4,6464 4,6797
5,1943 5,2276
681 20:56
4,5000 4,5322
4,2009 4,2334
4,6464 4,6796
5,1941 5,2275
682 20:57
4,5001 4,5323
4,2008 4,2334
4,6465 4,6798
5,1944 5,2277
683 20:58
4,5001 4,5323
4,2008 4,2334
4,6465 4,6798
5,1945 5,2278
684 20:59
4,5001 4,5323
4,2008 4,2334
4,6462 4,6794
5,1944 5,2277
685 21:00
4,5002 4,5324
4,2008 4,2336
4,6463 4,6795
5,1945 5,2278
686 21:01
4,5002 4,5324
4,2010 4,2337
4,6464 4,6796
5,1946 5,2279
687 21:02
4,5002 4,5324
4,2010 4,2337
4,6460 4,6794
5,1946 5,2279
688 21:03
4,5002 4,5324
4,2010 4,2337
4,6464 4,6796
5,1946 5,2279
689 21:04
4,5002 4,5324
4,2010 4,2337
4,6464 4,6796
5,1946 5,2279
690 21:05
4,4989 4,5337
4,1997 4,2350
4,6447 4,6810
5,1931 5,2294
691 21:06
4,4989 4,5337
4,1997 4,2350
4,6446 4,6804
5,1931 5,2294
692 21:07
4,5002 4,5324
4,2008 4,2336
4,6460 4,6795
5,1945 5,2278
693 21:08
4,5002 4,5324
4,2012 4,2336
4,6458 4,6790
5,1945 5,2278
694 21:09
4,5002 4,5324
4,2010 4,2337
4,6459 4,6791
5,1946 5,2279
695 21:10
4,5001 4,5323
4,2012 4,2334
4,6457 4,6789
5,1944 5,2277
696 21:11
4,5001 4,5323
4,2012 4,2334
4,6457 4,6789
5,1944 5,2277
697 21:12
4,4999 4,5321
4,2006 4,2332
4,6463 4,6796
5,1942 5,2275
698 21:13
4,5000 4,5322
4,2007 4,2333
4,6461 4,6793
5,1943 5,2276
699 21:14
4,5000 4,5322
4,2011 4,2337
4,6464 4,6797
5,1943 5,2276
700 21:15
4,4999 4,5321
4,2010 4,2332
4,6463 4,6796
5,1942 5,2275
701 21:16
4,4998 4,5320
4,2010 4,2333
4,6461 4,6795
5,1941 5,2274
702 21:17
4,4999 4,5321
4,2010 4,2332
4,6463 4,6796
5,1942 5,2275
703 21:18
4,4998 4,5320
4,2009 4,2331
4,6461 4,6793
5,1941 5,2274
704 21:19
4,4997 4,5320
4,2006 4,2336
4,6459 4,6796
5,1943 5,2276
705 21:20
4,4997 4,5319
4,2007 4,2335
4,6460 4,6795
5,1943 5,2276
706 21:21
4,4997 4,5320
4,2006 4,2336
4,6459 4,6796
5,1942 5,2275
707 21:22
4,4997 4,5320
4,2006 4,2336
4,6459 4,6796
5,1943 5,2276
708 21:23
4,4996 4,5318
4,2007 4,2336
4,6458 4,6794
5,1942 5,2275
709 21:24
4,4996 4,5318
4,2007 4,2336
4,6458 4,6794
5,1942 5,2275
710 21:25
4,4997 4,5320
4,2006 4,2336
4,6459 4,6796
5,1943 5,2276
711 21:26
4,4997 4,5322
4,2006 4,2338
4,6461 4,6797
5,1946 5,2281
712 21:27
4,4997 4,5319
4,2008 4,2337
4,6463 4,6795
5,1946 5,2279
713 21:28
4,4997 4,5319
4,2008 4,2337
4,6463 4,6795
5,1946 5,2279
714 21:29
4,4990 4,5335
4,2000 4,2350
4,6451 4,6811
5,1937 5,2296
715 21:30
4,4998 4,5321
4,2007 4,2337
4,6460 4,6797
5,1947 5,2280
716 21:31
4,4998 4,5321
4,2007 4,2333
4,6460 4,6797
5,1941 5,2274
717 21:32
4,4998 4,5321
4,2007 4,2333
4,6459 4,6791
5,1941 5,2274
718 21:33
4,4998 4,5321
4,2007 4,2333
4,6459 4,6795
5,1941 5,2274
719 21:34
4,4982 4,5334
4,1990 4,2347
4,6443 4,6810
5,1927 5,2295
720 21:35
4,4998 4,5323
4,2003 4,2335
4,6460 4,6799
5,1947 5,2282
721 21:36
4,4998 4,5325
4,2008 4,2341
4,6459 4,6799
5,1948 5,2286
722 21:37
4,4998 4,5325
4,2008 4,2341
4,6460 4,6799
5,1947 5,2284
723 21:38
4,4998 4,5325
4,2008 4,2341
4,6460 4,6801
5,1947 5,2284
724 21:39
4,4997 4,5323
4,2008 4,2341
4,6459 4,6799
5,1948 5,2284
725 21:40
4,5000 4,5327
4,2010 4,2339
4,6462 4,6799
5,1942 5,2281
726 21:41
4,5000 4,5327
4,2010 4,2339
4,6456 4,6798
5,1944 5,2282
727 21:42
4,5000 4,5327
4,2010 4,2339
4,6456 4,6798
5,1944 5,2282
728 21:43
4,4998 4,5325
4,2003 4,2337
4,6455 4,6796
5,1941 5,2278
729 21:44
4,4998 4,5325
4,2003 4,2337
4,6455 4,6796
5,1942 5,2280
730 21:45
4,4996 4,5324
4,2003 4,2338
4,6453 4,6795
5,1940 5,2279
731 21:46
4,4996 4,5324
4,2007 4,2338
4,6453 4,6791
5,1940 5,2273
732 21:47
4,4996 4,5324
4,2007 4,2338
4,6453 4,6791
5,1940 5,2273
733 21:48
4,4996 4,5324
4,2007 4,2338
4,6453 4,6791
5,1940 5,2279
734 21:49
4,4990 4,5335
4,2000 4,2346
4,6446 4,6802
5,1932 5,2291
735 21:50
4,4990 4,5335
4,2000 4,2346
4,6447 4,6802
5,1931 5,2290
736 21:51
4,4998 4,5325
4,2005 4,2338
4,6455 4,6792
5,1942 5,2280
737 21:52
4,4998 4,5325
4,2007 4,2337
4,6455 4,6792
5,1942 5,2280
738 21:53
4,4989 4,5335
4,2001 4,2352
4,6442 4,6803
5,1932 5,2292
739 21:54
4,4989 4,5335
4,2001 4,2352
4,6441 4,6797
5,1932 5,2292
740 21:55
4,4996 4,5324
4,2006 4,2340
4,6448 4,6786
5,1940 5,2279
741 21:56
4,4996 4,5324
4,2006 4,2340
4,6449 4,6792
5,1940 5,2279
742 21:57
4,4998 4,5325
4,2008 4,2341
4,6450 4,6791
5,1942 5,2280
743 21:58
4,4996 4,5326
4,2006 4,2338
4,6444 4,6789
5,1940 5,2281
744 21:59
4,4996 4,5326
4,2004 4,2339
4,6444 4,6789
5,1940 5,2281
745 22:00
4,4996 4,5324
4,2010 4,2344
4,6459 4,6796
5,1946 5,2285
746 22:01
4,4997 4,5324
4,2015 4,2348
4,6459 4,6800
5,1946 5,2283
747 22:02
4,4997 4,5324
4,2015 4,2348
4,6459 4,6800
5,1946 5,2283
748 22:03
4,4993 4,5323
4,2013 4,2348
4,6460 4,6800
5,1942 5,2283
749 22:04
4,4995 4,5324
4,2013 4,2344
4,6462 4,6805
5,1944 5,2284
750 22:05
4,4995 4,5324
4,2013 4,2348
4,6462 4,6805
5,1944 5,2284
751 22:06
4,4995 4,5324
4,2013 4,2348
4,6457 4,6800
5,1944 5,2284
752 22:07
4,4984 4,5334
4,2000 4,2355
4,6445 4,6807
5,1932 5,2297
753 22:08
4,4995 4,5323
4,2009 4,2343
4,6458 4,6795
5,1944 5,2283
754 22:09
4,4995 4,5323
4,2006 4,2340
4,6452 4,6794
5,1938 5,2277
755 22:10
4,4990 4,5335
4,2004 4,2354
4,6452 4,6807
5,1931 5,2290
756 22:11
4,4995 4,5324
4,2009 4,2344
4,6456 4,6794
5,1938 5,2278
757 22:12
4,4995 4,5324
4,2009 4,2344
4,6454 4,6794
5,1938 5,2278
758 22:13
4,4995 4,5324
4,2009 4,2344
4,6456 4,6794
5,1937 5,2284
759 22:14
4,4995 4,5324
4,2009 4,2344
4,6456 4,6794
5,1938 5,2278
760 22:15
4,4990 4,5335
4,2004 4,2354
4,6451 4,6807
5,1936 5,2297
761 22:16
4,4990 4,5335
4,2004 4,2354
4,6451 4,6811
5,1937 5,2296
762 22:17
4,4990 4,5335
4,2004 4,2354
4,6452 4,6807
5,1937 5,2296
763 22:18
4,4990 4,5335
4,2004 4,2354
4,6452 4,6807
5,1937 5,2296
764 22:19
4,4990 4,5335
4,2004 4,2354
4,6446 4,6806
5,1937 5,2296
765 22:20
4,4995 4,5323
4,2010 4,2341
4,6452 4,6794
5,1944 5,2283
766 22:21
4,4995 4,5323
4,2013 4,2343
4,6457 4,6799
5,1944 5,2283
767 22:22
4,4990 4,5335
4,2008 4,2358
4,6452 4,6809
5,1937 5,2296
768 22:23
4,4990 4,5335
4,2012 4,2362
4,6451 4,6811
5,1937 5,2296
769 22:24
4,4990 4,5335
4,2012 4,2362
4,6451 4,6811
5,1937 5,2296
770 22:25
4,4993 4,5323
4,2015 4,2351
4,6455 4,6799
5,1948 5,2283
771 22:26
4,4993 4,5325
4,2019 4,2357
4,6459 4,6801
5,1943 5,2287
772 22:27
4,4993 4,5325
4,2019 4,2353
4,6455 4,6801
5,1943 5,2287
773 22:28
4,4993 4,5321
4,2019 4,2353
4,6459 4,6797
5,1942 5,2281
774 22:29
4,4993 4,5322
4,2019 4,2354
4,6455 4,6798
5,1942 5,2282
775 22:30
4,4993 4,5326
4,2019 4,2358
4,6455 4,6804
5,1947 5,2286
776 22:31
4,4993 4,5322
4,2010 4,2346
4,6450 4,6793
5,1942 5,2282
777 22:32
4,4993 4,5322
4,2008 4,2343
4,6450 4,6789
5,1936 5,2276
778 22:33
4,4993 4,5322
4,2008 4,2343
4,6450 4,6789
5,1936 5,2276
779 22:34
4,4993 4,5322
4,2008 4,2343
4,6450 4,6789
5,1936 5,2276
780 22:35
4,4914 4,5403
4,1929 4,2413
4,6367 4,6871
5,1855 5,2358
781 22:36
4,4993 4,5325
4,2005 4,2342
4,6450 4,6792
5,1937 5,2281
782 22:37
4,4993 4,5325
4,2005 4,2342
4,6450 4,6792
5,1937 5,2281
783 22:38
4,4993 4,5325
4,2005 4,2342
4,6450 4,6792
5,1937 5,2281
784 22:39
4,4993 4,5325
4,2007 4,2345
4,6450 4,6792
5,1937 5,2281
785 22:40
4,4993 4,5325
4,2007 4,2345
4,6450 4,6792
5,1937 5,2281
786 22:41
4,4993 4,5325
4,2007 4,2345
4,6450 4,6792
5,1937 5,2281
787 22:42
4,4993 4,5325
4,2007 4,2345
4,6450 4,6792
5,1937 5,2281
788 22:43
4,4993 4,5325
4,2007 4,2345
4,6450 4,6792
5,1937 5,2281
789 22:44
4,4992 4,5329
4,2006 4,2348
4,6449 4,6796
5,1935 5,2285
790 22:45
4,4989 4,5336
4,2002 4,2354
4,6447 4,6801
5,1930 5,2291
791 22:46
4,4986 4,5338
4,1998 4,2355
4,6444 4,6811
5,1928 5,2295
792 22:47
4,4989 4,5341
4,2001 4,2358
4,6447 4,6820
5,1933 5,2301
793 22:48
4,4989 4,5333
4,2001 4,2350
4,6446 4,6810
5,1932 5,2290
794 22:49
4,4990 4,5342
4,2001 4,2357
4,6448 4,6815
5,1934 5,2300
795 22:50
4,4983 4,5347
4,1994 4,2362
4,6439 4,6819
5,1925 5,2307
796 22:51
4,4958 4,5369
4,1970 4,2386
4,6408 4,6846
5,1901 5,2331
797 22:52
4,4959 4,5369
4,1972 4,2386
4,6410 4,6842
5,1904 5,2332
798 22:53
4,4983 4,5348
4,1994 4,2366
4,6435 4,6820
5,1924 5,2311
799 22:54
4,4957 4,5368
4,1973 4,2385
4,6407 4,6845
5,1899 5,2328
800 22:55
4,4983 4,5350
4,1998 4,2369
4,6434 4,6826
5,1924 5,2314
801 22:56
4,4983 4,5350
4,1998 4,2369
4,6434 4,6826
5,1924 5,2314
802 22:57
4,4984 4,5349
4,1999 4,2368
4,6436 4,6821
5,1925 5,2312
803 22:58
4,4984 4,5349
4,1999 4,2368
4,6431 4,6816
5,1914 5,2311
804 22:59
4,4984 4,5349
4,1999 4,2368
4,6398 4,6854
5,1909 5,2316
805 23:00
4,4979 4,5456
4,1996 4,2481
4,6398 4,6980
5,1924 5,2469
806 23:01
4,4981 4,5462
4,1996 4,2485
4,6398 4,6980
5,1925 5,2453
807 23:02
4,4984 4,5459
4,1976 4,2479
4,6374 4,7021
5,1888 5,2466
808 23:03
4,4984 4,5459
4,1975 4,2477
4,6373 4,7022
5,1886 5,2468
809 23:04
4,4984 4,5459
4,1975 4,2477
4,6373 4,7022
5,1886 5,2468
810 23:05
4,4984 4,5459
4,1975 4,2477
4,6373 4,7022
5,1886 5,2468
811 23:06
4,4984 4,5459
4,1976 4,2471
4,6391 4,6997
5,1880 5,2444
812 23:07
4,4984 4,5459
4,1976 4,2471
4,6392 4,6999
5,1880 5,2426
813 23:08
4,4984 4,5459
4,1976 4,2471
4,6396 4,7006
5,1879 5,2418
814 23:09
4,4984 4,5459
4,1976 4,2471
4,6402 4,7007
5,1879 5,2418
815 23:10
4,4984 4,5459
4,1976 4,2471
4,6404 4,7004
5,1879 5,2418
816 23:11
4,4985 4,5458
4,1975 4,2469
4,6408 4,6997
5,1880 5,2417
817 23:12
4,4985 4,5458
4,1983 4,2465
4,6418 4,6987
5,1892 5,2417
818 23:13
Definite connection error