#======================
2023-6-23
# 1.EUR, 2.USD, 3.CHF, 4.GBP
Sell Price, Buy Price
1 09:35
4,4160 4,4483
4,0636 4,0959
4,5115 4,5446
5,1636 5,1970
2 09:36
4,4170 4,4493
4,0631 4,0954
4,5114 4,5445
5,1651 5,1985
3 09:37
4,4173 4,4496
4,0645 4,0968
4,5129 4,5460
5,1666 5,2000
4 09:38
4,4174 4,4497
4,0644 4,0967
4,5134 4,5465
5,1665 5,1999
5 09:39
4,4189 4,4512
4,0655 4,0978
4,5141 4,5472
5,1677 5,2011
6 09:40
4,4187 4,4510
4,0679 4,1002
4,5147 4,5478
5,1685 5,2019
7 09:41
4,4195 4,4518
4,0682 4,1005
4,5162 4,5491
5,1689 5,2023
8 09:42
4,4195 4,4518
4,0687 4,1010
4,5175 4,5504
5,1698 5,2032
9 09:43
4,4191 4,4514
4,0684 4,1007
4,5169 4,5498
5,1694 5,2028
10 09:44
4,4192 4,4515
4,0681 4,1004
4,5169 4,5498
5,1694 5,2028
11 09:45
4,4183 4,4506
4,0658 4,0981
4,5140 4,5469
5,1677 5,2011
12 09:46
4,4182 4,4506
4,0659 4,0982
4,5132 4,5462
5,1676 5,2010
13 09:47
4,4173 4,4497
4,0649 4,0972
4,5120 4,5450
5,1673 5,2007
14 09:48
4,4171 4,4495
4,0633 4,0956
4,5119 4,5449
5,1690 5,2024
15 09:49
4,4170 4,4494
4,0639 4,0962
4,5118 4,5448
5,1706 5,2040
16 09:50
4,4170 4,4494
4,0633 4,0956
4,5117 4,5447
5,1706 5,2040
17 09:51
4,4171 4,4494
4,0631 4,0954
4,5133 4,5463
5,1703 5,2037
18 09:52
4,4151 4,4474
4,0609 4,0932
4,5106 4,5436
5,1674 5,2008
19 09:53
4,4154 4,4477
4,0611 4,0934
4,5116 4,5446
5,1687 5,2021
20 09:54
4,4153 4,4476
4,0606 4,0929
4,5120 4,5450
5,1679 5,2013
21 09:55
4,4153 4,4476
4,0604 4,0927
4,5106 4,5436
5,1683 5,2017
22 09:56
4,4148 4,4471
4,0626 4,0948
4,5117 4,5448
5,1680 5,2014
23 09:57
4,4146 4,4469
4,0626 4,0948
4,5114 4,5445
5,1671 5,2005
24 09:58
4,4151 4,4474
4,0633 4,0955
4,5133 4,5464
5,1661 5,1995
25 09:59
4,4152 4,4475
4,0627 4,0949
4,5135 4,5466
5,1667 5,2001
26 10:00
4,4145 4,4468
4,0611 4,0933
4,5123 4,5454
5,1657 5,1991
27 10:01
4,4153 4,4476
4,0606 4,0928
4,5132 4,5461
5,1649 5,1983
28 10:02
4,4164 4,4487
4,0622 4,0944
4,5162 4,5491
5,1664 5,1998
29 10:03
4,4187 4,4510
4,0647 4,0969
4,5183 4,5512
5,1698 5,2032
30 10:04
4,4165 4,4488
4,0622 4,0944
4,5166 4,5495
5,1674 5,2008
31 10:05
4,4160 4,4483
4,0614 4,0936
4,5148 4,5477
5,1671 5,2005
32 10:06
4,4166 4,4489
4,0622 4,0944
4,5153 4,5482
5,1682 5,2016
33 10:07
4,4156 4,4479
4,0615 4,0937
4,5149 4,5478
5,1677 5,2011
34 10:08
4,4152 4,4475
4,0611 4,0933
4,5144 4,5473
5,1663 5,1997
35 10:09
4,4153 4,4476
4,0623 4,0945
4,5148 4,5477
5,1649 5,1983
36 10:10
4,4151 4,4474
4,0618 4,0940
4,5146 4,5475
5,1649 5,1983
37 10:11
4,4155 4,4478
4,0633 4,0955
4,5145 4,5476
5,1651 5,1985
38 10:12
4,4157 4,4480
4,0639 4,0961
4,5152 4,5483
5,1666 5,2000
39 10:13
4,4163 4,4486
4,0643 4,0965
4,5156 4,5487
5,1659 5,1993
40 10:14
4,4158 4,4481
4,0622 4,0944
4,5144 4,5475
5,1651 5,1985
41 10:15
4,4167 4,4490
4,0644 4,0966
4,5157 4,5488
5,1681 5,2015
42 10:16
4,4167 4,4490
4,0640 4,0962
4,5165 4,5494
5,1687 5,2021
43 10:17
4,4166 4,4489
4,0650 4,0972
4,5172 4,5501
5,1697 5,2031
44 10:18
4,4166 4,4489
4,0654 4,0976
4,5187 4,5516
5,1688 5,2022
45 10:19
4,4161 4,4484
4,0653 4,0975
4,5182 4,5511
5,1691 5,2025
46 10:20
4,4160 4,4483
4,0656 4,0978
4,5184 4,5513
5,1694 5,2028
47 10:21
4,4159 4,4482
4,0638 4,0960
4,5176 4,5505
5,1696 5,2030
48 10:22
4,4163 4,4486
4,0635 4,0957
4,5180 4,5509
5,1692 5,2026
49 10:23
4,4164 4,4487
4,0635 4,0957
4,5176 4,5505
5,1678 5,2012
50 10:24
4,4162 4,4485
4,0628 4,0950
4,5171 4,5500
5,1680 5,2014
51 10:25
4,4160 4,4483
4,0632 4,0954
4,5172 4,5501
5,1675 5,2009
52 10:26
4,4160 4,4483
4,0628 4,0950
4,5168 4,5499
5,1675 5,2009
53 10:27
4,4148 4,4471
4,0607 4,0929
4,5156 4,5487
5,1658 5,1992
54 10:28
4,4161 4,4484
4,0620 4,0942
4,5163 4,5494
5,1655 5,1989
55 10:29
4,4162 4,4485
4,0622 4,0944
4,5165 4,5496
5,1650 5,1984
56 10:30
4,4177 4,4500
4,0640 4,0962
4,5185 4,5516
5,1675 5,2009
57 10:31
4,4187 4,4510
4,0657 4,0979
4,5185 4,5516
5,1678 5,2012
58 10:32
4,4205 4,4528
4,0675 4,0997
4,5203 4,5534
5,1704 5,2038
59 10:33
4,4190 4,4513
4,0657 4,0979
4,5184 4,5515
5,1681 5,2015
60 10:34
4,4171 4,4494
4,0649 4,0971
4,5166 4,5497
5,1684 5,2018
61 10:35
4,4185 4,4508
4,0663 4,0985
4,5181 4,5512
5,1718 5,2052
62 10:36
4,4171 4,4495
4,0654 4,0976
4,5167 4,5498
5,1704 5,2038
63 10:37
4,4169 4,4493
4,0648 4,0970
4,5174 4,5505
5,1706 5,2040
64 10:38
4,4164 4,4488
4,0644 4,0966
4,5162 4,5493
5,1705 5,2039
65 10:39
4,4169 4,4493
4,0650 4,0972
4,5163 4,5494
5,1720 5,2054
66 10:40
4,4169 4,4493
4,0651 4,0973
4,5163 4,5494
5,1719 5,2053
67 10:41
4,4174 4,4497
4,0654 4,0976
4,5163 4,5494
5,1719 5,2053
68 10:42
4,4177 4,4500
4,0677 4,0999
4,5172 4,5503
5,1734 5,2068
69 10:43
4,4165 4,4488
4,0666 4,0988
4,5162 4,5493
5,1721 5,2055
70 10:44
4,4169 4,4492
4,0663 4,0985
4,5171 4,5502
5,1722 5,2056
71 10:45
4,4170 4,4493
4,0675 4,0997
4,5177 4,5508
5,1709 5,2043
72 10:46
4,4170 4,4493
4,0671 4,0993
4,5166 4,5497
5,1717 5,2051
73 10:47
4,4167 4,4490
4,0657 4,0979
4,5164 4,5495
5,1707 5,2041
74 10:48
4,4167 4,4490
4,0659 4,0981
4,5169 4,5500
5,1699 5,2033
75 10:49
4,4162 4,4485
4,0664 4,0986
4,5168 4,5499
5,1695 5,2029
76 10:50
4,4173 4,4496
4,0677 4,0999
4,5175 4,5506
5,1712 5,2046
77 10:51
4,4171 4,4494
4,0677 4,0999
4,5175 4,5506
5,1706 5,2040
78 10:52
4,4176 4,4499
4,0686 4,1008
4,5175 4,5506
5,1706 5,2040
79 10:53
4,4182 4,4505
4,0693 4,1015
4,5184 4,5515
5,1719 5,2053
80 10:54
4,4179 4,4502
4,0689 4,1011
4,5189 4,5520
5,1716 5,2050
81 10:55
4,4180 4,4503
4,0692 4,1014
4,5191 4,5522
5,1717 5,2051
82 10:56
4,4184 4,4507
4,0701 4,1023
4,5185 4,5516
5,1731 5,2065
83 10:57
4,4189 4,4512
4,0719 4,1041
4,5199 4,5530
5,1740 5,2074
84 10:58
4,4197 4,4520
4,0732 4,1054
4,5217 4,5548
5,1759 5,2093
85 10:59
4,4185 4,4508
4,0722 4,1044
4,5210 4,5541
5,1735 5,2069
86 11:00
4,4185 4,4508
4,0722 4,1044
4,5210 4,5541
5,1735 5,2069
87 11:01
4,4186 4,4509
4,0723 4,1045
4,5222 4,5551
5,1760 5,2094
88 11:02
4,4186 4,4509
4,0727 4,1049
4,5219 4,5548
5,1758 5,2092
89 11:03
4,4186 4,4509
4,0727 4,1049
4,5226 4,5555
5,1751 5,2085
90 11:04
4,4187 4,4510
4,0730 4,1052
4,5230 4,5559
5,1757 5,2091
91 11:05
4,4187 4,4510
4,0726 4,1048
4,5223 4,5552
5,1753 5,2087
92 11:06
4,4187 4,4510
4,0732 4,1054
4,5227 4,5556
5,1746 5,2080
93 11:07
4,4184 4,4508
4,0728 4,1050
4,5224 4,5555
5,1744 5,2078
94 11:08
4,4185 4,4509
4,0742 4,1064
4,5220 4,5551
5,1737 5,2071
95 11:09
4,4185 4,4509
4,0736 4,1058
4,5220 4,5551
5,1749 5,2083
96 11:10
4,4193 4,4517
4,0735 4,1057
4,5229 4,5560
5,1758 5,2092
97 11:11
4,4194 4,4517
4,0734 4,1056
4,5236 4,5567
5,1752 5,2086
98 11:12
4,4194 4,4517
4,0733 4,1055
4,5233 4,5564
5,1747 5,2081
99 11:13
4,4194 4,4517
4,0723 4,1045
4,5238 4,5569
5,1752 5,2086
100 11:14
4,4194 4,4517
4,0718 4,1040
4,5224 4,5555
5,1745 5,2079
101 11:15
4,4201 4,4524
4,0724 4,1046
4,5229 4,5560
5,1751 5,2085
102 11:16
4,4202 4,4525
4,0729 4,1051
4,5227 4,5558
5,1746 5,2080
103 11:17
4,4203 4,4526
4,0735 4,1057
4,5233 4,5564
5,1747 5,2081
104 11:18
4,4211 4,4534
4,0746 4,1068
4,5246 4,5577
5,1771 5,2105
105 11:19
4,4217 4,4540
4,0743 4,1065
4,5259 4,5590
5,1800 5,2134
106 11:20
4,4218 4,4541
4,0747 4,1069
4,5260 4,5591
5,1795 5,2129
107 11:21
4,4215 4,4539
4,0740 4,1062
4,5254 4,5584
5,1795 5,2129
108 11:22
4,4213 4,4537
4,0742 4,1064
4,5269 4,5599
5,1804 5,2138
109 11:23
4,4210 4,4534
4,0735 4,1057
4,5257 4,5587
5,1812 5,2146
110 11:24
4,4213 4,4537
4,0740 4,1062
4,5260 4,5590
5,1813 5,2147
111 11:25
4,4213 4,4537
4,0737 4,1059
4,5257 4,5587
5,1811 5,2145
112 11:26
4,4210 4,4533
4,0731 4,1053
4,5253 4,5583
5,1807 5,2141
113 11:27
4,4211 4,4534
4,0735 4,1057
4,5254 4,5584
5,1798 5,2132
114 11:28
4,4211 4,4534
4,0735 4,1057
4,5254 4,5584
5,1798 5,2132
115 11:29
4,4198 4,4521
4,0723 4,1045
4,5244 4,5574
5,1780 5,2114
116 11:30
4,4197 4,4520
4,0721 4,1043
4,5242 4,5572
5,1777 5,2111
117 11:31
4,4194 4,4517
4,0719 4,1041
4,5240 4,5577
5,1773 5,2107
118 11:32
4,4178 4,4501
4,0706 4,1028
4,5221 4,5558
5,1753 5,2087
119 11:33
4,4181 4,4504
4,0713 4,1035
4,5224 4,5561
5,1763 5,2097
120 11:34
4,4193 4,4516
4,0719 4,1041
4,5232 4,5569
5,1774 5,2108
121 11:35
4,4187 4,4510
4,0714 4,1036
4,5224 4,5561
5,1766 5,2100
122 11:36
4,4190 4,4513
4,0710 4,1032
4,5226 4,5563
5,1768 5,2102
123 11:37
4,4182 4,4505
4,0709 4,1031
4,5212 4,5549
5,1769 5,2103
124 11:38
4,4184 4,4507
4,0716 4,1038
4,5218 4,5555
5,1774 5,2108
125 11:39
4,4191 4,4514
4,0722 4,1044
4,5229 4,5566
5,1771 5,2105
126 11:40
4,4186 4,4509
4,0712 4,1034
4,5221 4,5558
5,1759 5,2093
127 11:41
4,4185 4,4508
4,0711 4,1034
4,5218 4,5555
5,1764 5,2098
128 11:42
4,4179 4,4502
4,0696 4,1019
4,5210 4,5547
5,1748 5,2082
129 11:43
4,4173 4,4496
4,0691 4,1014
4,5203 4,5540
5,1745 5,2079
130 11:44
4,4175 4,4498
4,0696 4,1019
4,5212 4,5549
5,1745 5,2079
131 11:45
4,4165 4,4488
4,0687 4,1010
4,5204 4,5541
5,1743 5,2077
132 11:46
4,4167 4,4490
4,0693 4,1016
4,5204 4,5541
5,1744 5,2077
133 11:47
4,4167 4,4490
4,0683 4,1006
4,5204 4,5541
5,1750 5,2083
134 11:48
4,4168 4,4491
4,0678 4,1001
4,5203 4,5540
5,1748 5,2081
135 11:49
4,4181 4,4504
4,0688 4,1011
4,5211 4,5548
5,1763 5,2096
136 11:50
4,4175 4,4498
4,0684 4,1007
4,5212 4,5549
5,1756 5,2089
137 11:51
4,4189 4,4512
4,0696 4,1019
4,5229 4,5566
5,1769 5,2102
138 11:52
4,4192 4,4515
4,0699 4,1022
4,5230 4,5567
5,1783 5,2116
139 11:53
4,4191 4,4514
4,0697 4,1020
4,5235 4,5572
5,1790 5,2123
140 11:54
4,4191 4,4514
4,0697 4,1020
4,5238 4,5575
5,1793 5,2126
141 11:55
4,4191 4,4514
4,0690 4,1013
4,5231 4,5568
5,1791 5,2124
142 11:56
4,4195 4,4518
4,0688 4,1011
4,5233 4,5568
5,1800 5,2134
143 11:57
4,4200 4,4523
4,0693 4,1016
4,5233 4,5568
5,1805 5,2139
144 11:58
4,4204 4,4527
4,0699 4,1022
4,5236 4,5571
5,1805 5,2139
145 11:59
4,4212 4,4535
4,0704 4,1027
4,5237 4,5572
5,1805 5,2139
146 12:00
4,4210 4,4533
4,0704 4,1027
4,5235 4,5570
5,1806 5,2140
147 12:01
4,4213 4,4536
4,0701 4,1024
4,5245 4,5581
5,1813 5,2146
148 12:02
4,4214 4,4537
4,0700 4,1023
4,5242 4,5578
5,1817 5,2150
149 12:03
4,4214 4,4537
4,0698 4,1021
4,5248 4,5584
5,1817 5,2150
150 12:04
4,4212 4,4535
4,0695 4,1018
4,5249 4,5585
5,1816 5,2149
151 12:05
4,4209 4,4532
4,0696 4,1019
4,5241 4,5577
5,1812 5,2145
152 12:06
4,4208 4,4531
4,0695 4,1018
4,5250 4,5580
5,1810 5,2143
153 12:07
4,4207 4,4530
4,0694 4,1017
4,5253 4,5583
5,1809 5,2142
154 12:08
4,4207 4,4530
4,0692 4,1015
4,5256 4,5586
5,1809 5,2142
155 12:09
4,4197 4,4520
4,0690 4,1013
4,5242 4,5572
5,1787 5,2120
156 12:10
4,4193 4,4516
4,0681 4,1004
4,5242 4,5572
5,1787 5,2120
157 12:11
4,4194 4,4517
4,0682 4,1005
4,5241 4,5577
5,1782 5,2115
158 12:12
4,4216 4,4539
4,0704 4,1027
4,5258 4,5594
5,1805 5,2138
159 12:13
4,4219 4,4542
4,0709 4,1032
4,5272 4,5608
5,1805 5,2138
160 12:14
4,4219 4,4542
4,0709 4,1032
4,5272 4,5608
5,1808 5,2141
161 12:15
4,4218 4,4541
4,0704 4,1027
4,5264 4,5600
5,1798 5,2131
162 12:16
4,4218 4,4541
4,0695 4,1018
4,5257 4,5593
5,1794 5,2127
163 12:17
4,4218 4,4541
4,0694 4,1017
4,5257 4,5593
5,1797 5,2130
164 12:18
4,4206 4,4529
4,0687 4,1010
4,5252 4,5588
5,1790 5,2123
165 12:19
4,4206 4,4529
4,0682 4,1005
4,5246 4,5582
5,1790 5,2123
166 12:20
4,4206 4,4529
4,0685 4,1008
4,5245 4,5581
5,1790 5,2123
167 12:21
4,4200 4,4523
4,0680 4,1003
4,5236 4,5570
5,1780 5,2113
168 12:22
4,4204 4,4527
4,0688 4,1011
4,5240 4,5574
5,1785 5,2118
169 12:23
4,4205 4,4528
4,0691 4,1014
4,5237 4,5571
5,1785 5,2118
170 12:24
4,4202 4,4525
4,0682 4,1005
4,5229 4,5563
5,1782 5,2115
171 12:25
4,4197 4,4520
4,0672 4,0995
4,5217 4,5551
5,1774 5,2107
172 12:26
4,4205 4,4528
4,0679 4,1002
4,5223 4,5560
5,1783 5,2117
173 12:27
4,4206 4,4529
4,0679 4,1002
4,5234 4,5571
5,1774 5,2108
174 12:28
4,4208 4,4531
4,0683 4,1006
4,5237 4,5574
5,1777 5,2111
175 12:29
4,4207 4,4530
4,0674 4,0997
4,5234 4,5571
5,1776 5,2110
176 12:30
4,4208 4,4531
4,0681 4,1004
4,5240 4,5577
5,1776 5,2110
177 12:31
4,4208 4,4531
4,0685 4,1008
4,5252 4,5582
5,1778 5,2112
178 12:32
4,4206 4,4529
4,0689 4,1012
4,5255 4,5585
5,1792 5,2126
179 12:33
4,4194 4,4517
4,0671 4,0994
4,5236 4,5566
5,1776 5,2110
180 12:34
4,4201 4,4524
4,0664 4,0987
4,5243 4,5573
5,1770 5,2104
181 12:35
4,4201 4,4524
4,0669 4,0992
4,5233 4,5563
5,1775 5,2109
182 12:36
4,4202 4,4525
4,0668 4,0991
4,5233 4,5568
5,1785 5,2119
183 12:37
4,4201 4,4524
4,0677 4,1000
4,5242 4,5577
5,1787 5,2121
184 12:38
4,4202 4,4525
4,0678 4,1001
4,5242 4,5577
5,1779 5,2113
185 12:39
4,4205 4,4528
4,0681 4,1004
4,5246 4,5581
5,1779 5,2113
186 12:40
4,4203 4,4526
4,0680 4,1003
4,5240 4,5575
5,1780 5,2114
187 12:41
4,4204 4,4527
4,0687 4,1010
4,5246 4,5581
5,1781 5,2115
188 12:42
4,4203 4,4526
4,0687 4,1010
4,5246 4,5581
5,1783 5,2117
189 12:43
4,4207 4,4530
4,0690 4,1013
4,5257 4,5592
5,1788 5,2122
190 12:44
4,4208 4,4531
4,0690 4,1013
4,5255 4,5590
5,1794 5,2128
191 12:45
4,4211 4,4534
4,0688 4,1011
4,5251 4,5586
5,1793 5,2127
192 12:46
4,4216 4,4539
4,0691 4,1014
4,5255 4,5591
5,1799 5,2133
193 12:47
4,4207 4,4530
4,0674 4,0997
4,5251 4,5587
5,1789 5,2123
194 12:48
4,4205 4,4528
4,0669 4,0992
4,5249 4,5585
5,1795 5,2129
195 12:49
4,4194 4,4517
4,0652 4,0975
4,5226 4,5562
5,1791 5,2125
196 12:50
4,4194 4,4517
4,0658 4,0981
4,5226 4,5562
5,1785 5,2119
197 12:51
4,4185 4,4508
4,0645 4,0968
4,5212 4,5548
5,1783 5,2117
198 12:52
4,4184 4,4507
4,0645 4,0968
4,5207 4,5543
5,1787 5,2121
199 12:53
4,4184 4,4507
4,0639 4,0962
4,5202 4,5538
5,1779 5,2113
200 12:54
4,4184 4,4507
4,0637 4,0960
4,5205 4,5541
5,1782 5,2116
201 12:55
4,4185 4,4508
4,0643 4,0966
4,5205 4,5541
5,1784 5,2118
202 12:56
4,4178 4,4501
4,0643 4,0966
4,5198 4,5534
5,1773 5,2107
203 12:57
4,4182 4,4505
4,0650 4,0973
4,5190 4,5526
5,1768 5,2102
204 12:58
4,4183 4,4506
4,0658 4,0981
4,5194 4,5530
5,1757 5,2091
205 12:59
4,4180 4,4503
4,0648 4,0971
4,5196 4,5532
5,1741 5,2075
206 13:00
4,4176 4,4499
4,0642 4,0965
4,5189 4,5525
5,1733 5,2067
207 13:01
4,4173 4,4496
4,0639 4,0962
4,5177 4,5515
5,1723 5,2057
208 13:02
4,4174 4,4497
4,0648 4,0971
4,5179 4,5517
5,1729 5,2063
209 13:03
4,4172 4,4495
4,0640 4,0963
4,5174 4,5512
5,1725 5,2059
210 13:04
4,4158 4,4481
4,0624 4,0947
4,5160 4,5498
5,1703 5,2037
211 13:05
4,4153 4,4476
4,0618 4,0941
4,5155 4,5493
5,1692 5,2026
212 13:06
4,4153 4,4476
4,0616 4,0939
4,5163 4,5500
5,1698 5,2032
213 13:07
4,4151 4,4474
4,0613 4,0936
4,5155 4,5492
5,1696 5,2030
214 13:08
4,4151 4,4474
4,0617 4,0940
4,5157 4,5494
5,1704 5,2038
215 13:09
4,4145 4,4468
4,0605 4,0928
4,5155 4,5492
5,1700 5,2034
216 13:10
4,4148 4,4471
4,0606 4,0929
4,5156 4,5493
5,1704 5,2038
217 13:11
4,4153 4,4476
4,0608 4,0931
4,5165 4,5496
5,1700 5,2034
218 13:12
4,4168 4,4491
4,0622 4,0945
4,5179 4,5510
5,1718 5,2052
219 13:13
4,4157 4,4480
4,0605 4,0928
4,5166 4,5497
5,1703 5,2037
220 13:14
4,4164 4,4487
4,0620 4,0943
4,5175 4,5506
5,1717 5,2051
221 13:15
4,4159 4,4482
4,0609 4,0932
4,5168 4,5499
5,1711 5,2045
222 13:16
4,4159 4,4482
4,0614 4,0937
4,5167 4,5497
5,1710 5,2044
223 13:17
4,4164 4,4487
4,0622 4,0945
4,5190 4,5520
5,1715 5,2049
224 13:18
4,4158 4,4481
4,0620 4,0943
4,5199 4,5529
5,1712 5,2046
225 13:19
4,4149 4,4472
4,0617 4,0940
4,5191 4,5521
5,1698 5,2032
226 13:20
4,4148 4,4471
4,0619 4,0942
4,5191 4,5521
5,1704 5,2038
227 13:21
4,4131 4,4454
4,0596 4,0919
4,5169 4,5504
5,1678 5,2012
228 13:22
4,4112 4,4435
4,0569 4,0892
4,5145 4,5480
5,1648 5,1982
229 13:23
4,4101 4,4424
4,0565 4,0888
4,5132 4,5467
5,1640 5,1974
230 13:24
4,4095 4,4418
4,0558 4,0881
4,5120 4,5455
5,1623 5,1957
231 13:25
4,4098 4,4421
4,0560 4,0883
4,5125 4,5460
5,1628 5,1962
232 13:26
4,4094 4,4417
4,0556 4,0879
4,5118 4,5454
5,1619 5,1953
233 13:27
4,4105 4,4428
4,0565 4,0888
4,5121 4,5457
5,1629 5,1963
234 13:28
4,4082 4,4405
4,0547 4,0870
4,5102 4,5438
5,1599 5,1933
235 13:29
4,4077 4,4400
4,0544 4,0867
4,5102 4,5438
5,1596 5,1930
236 13:30
4,4079 4,4402
4,0546 4,0869
4,5109 4,5445
5,1599 5,1933
237 13:31
4,4080 4,4403
4,0539 4,0862
4,5109 4,5441
5,1596 5,1930
238 13:32
4,4082 4,4405
4,0530 4,0853
4,5104 4,5436
5,1596 5,1930
239 13:33
4,4073 4,4396
4,0525 4,0848
4,5111 4,5443
5,1588 5,1922
240 13:34
4,4079 4,4402
4,0527 4,0850
4,5105 4,5437
5,1598 5,1932
241 13:35
4,4080 4,4403
4,0535 4,0858
4,5107 4,5439
5,1602 5,1936
242 13:36
4,4080 4,4403
4,0538 4,0861
4,5110 4,5442
5,1609 5,1942
243 13:37
4,4083 4,4406
4,0540 4,0863
4,5114 4,5446
5,1612 5,1945
244 13:38
4,4083 4,4406
4,0537 4,0860
4,5108 4,5440
5,1615 5,1948
245 13:39
4,4083 4,4406
4,0538 4,0861
4,5107 4,5439
5,1622 5,1955
246 13:40
4,4084 4,4407
4,0533 4,0856
4,5112 4,5444
5,1625 5,1958
247 13:41
4,4084 4,4407
4,0540 4,0863
4,5119 4,5449
5,1636 5,1969
248 13:42
4,4085 4,4408
4,0540 4,0863
4,5117 4,5447
5,1629 5,1962
249 13:43
4,4085 4,4408
4,0540 4,0863
4,5115 4,5445
5,1623 5,1956
250 13:44
4,4086 4,4409
4,0539 4,0862
4,5111 4,5441
5,1618 5,1951
251 13:45
4,4084 4,4407
4,0534 4,0857
4,5107 4,5437
5,1617 5,1950
252 13:46
4,4084 4,4407
4,0537 4,0860
4,5108 4,5437
5,1609 5,1943
253 13:47
4,4083 4,4406
4,0536 4,0859
4,5102 4,5431
5,1603 5,1937
254 13:48
4,4083 4,4406
4,0538 4,0861
4,5104 4,5433
5,1603 5,1937
255 13:49
4,4083 4,4406
4,0527 4,0850
4,5095 4,5424
5,1591 5,1925
256 13:50
4,4082 4,4405
4,0524 4,0847
4,5089 4,5418
5,1586 5,1920
257 13:51
4,4082 4,4405
4,0527 4,0850
4,5093 4,5422
5,1581 5,1915
258 13:52
4,4083 4,4406
4,0523 4,0846
4,5092 4,5421
5,1583 5,1917
259 13:53
4,4081 4,4404
4,0524 4,0847
4,5092 4,5421
5,1587 5,1921
260 13:54
4,4082 4,4405
4,0521 4,0844
4,5094 4,5423
5,1588 5,1922
261 13:55
4,4082 4,4405
4,0517 4,0840
4,5093 4,5422
5,1587 5,1921
262 13:56
4,4082 4,4405
4,0525 4,0848
4,5102 4,5432
5,1591 5,1925
263 13:57
4,4085 4,4408
4,0527 4,0850
4,5097 4,5427
5,1582 5,1916
264 13:58
4,4084 4,4407
4,0528 4,0851
4,5102 4,5432
5,1586 5,1920
265 13:59
4,4079 4,4402
4,0521 4,0844
4,5092 4,5422
5,1586 5,1920
266 14:00
4,4069 4,4392
4,0514 4,0837
4,5089 4,5419
5,1578 5,1912
267 14:01
4,4070 4,4393
4,0510 4,0833
4,5089 4,5418
5,1573 5,1907
268 14:02
4,4070 4,4393
4,0506 4,0829
4,5082 4,5411
5,1567 5,1901
269 14:03
4,4060 4,4383
4,0495 4,0818
4,5081 4,5410
5,1565 5,1899
270 14:04
4,4057 4,4380
4,0490 4,0813
4,5080 4,5409
5,1560 5,1894
271 14:05
4,4056 4,4379
4,0484 4,0807
4,5076 4,5405
5,1563 5,1897
272 14:06
4,4055 4,4378
4,0477 4,0800
4,5063 4,5393
5,1564 5,1898
273 14:07
4,4053 4,4376
4,0470 4,0793
4,5061 4,5391
5,1568 5,1902
274 14:08
4,4058 4,4381
4,0474 4,0797
4,5067 4,5397
5,1574 5,1908
275 14:09
4,4064 4,4387
4,0482 4,0805
4,5076 4,5406
5,1584 5,1918
276 14:10
4,4063 4,4386
4,0481 4,0804
4,5082 4,5412
5,1580 5,1914
277 14:11
4,4075 4,4398
4,0496 4,0819
4,5088 4,5417
5,1587 5,1921
278 14:12
4,4077 4,4400
4,0497 4,0820
4,5087 4,5416
5,1587 5,1921
279 14:13
4,4077 4,4400
4,0494 4,0817
4,5085 4,5414
5,1590 5,1924
280 14:14
4,4086 4,4409
4,0500 4,0823
4,5097 4,5426
5,1594 5,1928
281 14:15
4,4089 4,4412
4,0501 4,0824
4,5102 4,5431
5,1604 5,1938
282 14:16
4,4091 4,4414
4,0490 4,0813
4,5109 4,5439
5,1604 5,1938
283 14:17
4,4094 4,4417
4,0486 4,0809
4,5124 4,5454
5,1597 5,1931
284 14:18
4,4095 4,4418
4,0494 4,0817
4,5123 4,5453
5,1600 5,1934
285 14:19
4,4103 4,4426
4,0503 4,0826
4,5132 4,5462
5,1615 5,1949
286 14:20
4,4101 4,4424
4,0495 4,0818
4,5135 4,5465
5,1601 5,1935
287 14:21
4,4092 4,4415
4,0487 4,0810
4,5121 4,5450
5,1593 5,1927
288 14:22
4,4091 4,4414
4,0486 4,0809
4,5122 4,5451
5,1580 5,1914
289 14:23
4,4076 4,4399
4,0455 4,0778
4,5099 4,5428
5,1558 5,1892
290 14:24
4,4075 4,4398
4,0465 4,0788
4,5103 4,5432
5,1569 5,1903
291 14:25
4,4074 4,4397
4,0455 4,0778
4,5107 4,5436
5,1559 5,1893
292 14:26
4,4074 4,4397
4,0455 4,0778
4,5102 4,5432
5,1550 5,1884
293 14:27
4,4074 4,4397
4,0451 4,0774
4,5101 4,5431
5,1550 5,1884
294 14:28
4,4073 4,4396
4,0452 4,0775
4,5098 4,5428
5,1547 5,1881
295 14:29
4,4073 4,4396
4,0450 4,0773
4,5107 4,5437
5,1549 5,1883
296 14:30
4,4055 4,4378
4,0436 4,0759
4,5086 4,5416
5,1524 5,1858
297 14:31
4,4052 4,4375
4,0429 4,0752
4,5081 4,5412
5,1524 5,1858
298 14:32
4,4057 4,4380
4,0441 4,0764
4,5089 4,5420
5,1536 5,1870
299 14:33
4,4062 4,4385
4,0448 4,0771
4,5091 4,5422
5,1533 5,1867
300 14:34
4,4064 4,4387
4,0446 4,0769
4,5093 4,5424
5,1535 5,1869
301 14:35
4,4064 4,4387
4,0444 4,0767
4,5091 4,5422
5,1544 5,1878
302 14:36
4,4065 4,4388
4,0447 4,0770
4,5102 4,5431
5,1543 5,1877
303 14:37
4,4065 4,4388
4,0451 4,0774
4,5102 4,5431
5,1546 5,1880
304 14:38
4,4067 4,4390
4,0464 4,0787
4,5103 4,5432
5,1551 5,1885
305 14:39
4,4070 4,4393
4,0461 4,0784
4,5103 4,5432
5,1559 5,1893
306 14:40
4,4074 4,4397
4,0467 4,0790
4,5112 4,5441
5,1551 5,1885
307 14:41
4,4074 4,4397
4,0474 4,0797
4,5111 4,5442
5,1547 5,1881
308 14:42
4,4065 4,4388
4,0477 4,0800
4,5103 4,5434
5,1539 5,1873
309 14:43
4,4071 4,4394
4,0483 4,0806
4,5117 4,5448
5,1539 5,1873
310 14:44
4,4076 4,4399
4,0489 4,0812
4,5127 4,5458
5,1542 5,1876
311 14:45
4,4073 4,4396
4,0486 4,0809
4,5128 4,5459
5,1540 5,1874
312 14:46
4,4089 4,4412
4,0509 4,0832
4,5157 4,5486
5,1552 5,1886
313 14:47
4,4101 4,4424
4,0520 4,0843
4,5176 4,5505
5,1551 5,1885
314 14:48
4,4097 4,4420
4,0499 4,0822
4,5171 4,5500
5,1547 5,1881
315 14:49
4,4091 4,4414
4,0493 4,0816
4,5179 4,5508
5,1537 5,1871
316 14:50
4,4087 4,4410
4,0484 4,0807
4,5171 4,5500
5,1526 5,1860
317 14:51
4,4080 4,4403
4,0474 4,0797
4,5167 4,5496
5,1515 5,1849
318 14:52
4,4081 4,4404
4,0475 4,0798
4,5170 4,5499
5,1519 5,1853
319 14:53
4,4077 4,4400
4,0463 4,0786
4,5163 4,5492
5,1508 5,1842
320 14:54
4,4082 4,4405
4,0479 4,0802
4,5169 4,5498
5,1512 5,1846
321 14:55
4,4090 4,4413
4,0486 4,0809
4,5177 4,5506
5,1505 5,1839
322 14:56
4,4090 4,4413
4,0491 4,0814
4,5197 4,5527
5,1512 5,1846
323 14:57
4,4091 4,4414
4,0492 4,0815
4,5182 4,5512
5,1520 5,1854
324 14:58
4,4091 4,4414
4,0492 4,0815
4,5183 4,5513
5,1524 5,1858
325 14:59
4,4093 4,4416
4,0493 4,0816
4,5191 4,5521
5,1524 5,1858
326 15:00
4,4093 4,4416
4,0493 4,0816
4,5181 4,5511
5,1512 5,1846
327 15:01
4,4092 4,4415
4,0485 4,0808
4,5189 4,5518
5,1496 5,1830
328 15:02
4,4093 4,4416
4,0484 4,0807
4,5191 4,5520
5,1501 5,1835
329 15:03
4,4091 4,4414
4,0489 4,0812
4,5186 4,5515
5,1494 5,1828
330 15:04
4,4092 4,4415
4,0498 4,0821
4,5188 4,5517
5,1492 5,1826
331 15:05
4,4093 4,4416
4,0496 4,0819
4,5187 4,5516
5,1489 5,1823
332 15:06
4,4104 4,4427
4,0498 4,0821
4,5201 4,5530
5,1516 5,1850
333 15:07
4,4107 4,4430
4,0504 4,0827
4,5198 4,5527
5,1513 5,1847
334 15:08
4,4107 4,4430
4,0508 4,0831
4,5208 4,5537
5,1514 5,1848
335 15:09
4,4107 4,4430
4,0504 4,0827
4,5214 4,5543
5,1513 5,1847
336 15:10
4,4106 4,4429
4,0503 4,0826
4,5212 4,5541
5,1512 5,1846
337 15:11
4,4105 4,4428
4,0491 4,0814
4,5213 4,5543
5,1511 5,1845
338 15:12
4,4105 4,4428
4,0490 4,0813
4,5208 4,5538
5,1508 5,1842
339 15:13
4,4111 4,4434
4,0497 4,0820
4,5216 4,5546
5,1514 5,1848
340 15:14
4,4107 4,4430
4,0493 4,0816
4,5218 4,5548
5,1516 5,1850
341 15:15
4,4096 4,4419
4,0481 4,0804
4,5203 4,5533
5,1500 5,1834
342 15:16
4,4095 4,4418
4,0476 4,0799
4,5199 4,5529
5,1499 5,1833
343 15:17
4,4083 4,4406
4,0464 4,0787
4,5190 4,5520
5,1486 5,1820
344 15:18
4,4086 4,4409
4,0467 4,0790
4,5188 4,5518
5,1489 5,1823
345 15:19
4,4090 4,4413
4,0466 4,0789
4,5193 4,5523
5,1499 5,1833
346 15:20
4,4090 4,4413
4,0453 4,0776
4,5201 4,5531
5,1500 5,1834
347 15:21
4,4101 4,4424
4,0467 4,0790
4,5222 4,5553
5,1507 5,1841
348 15:22
4,4105 4,4428
4,0465 4,0788
4,5212 4,5543
5,1505 5,1839
349 15:23
4,4105 4,4428
4,0465 4,0788
4,5209 4,5540
5,1501 5,1835
350 15:24
4,4110 4,4433
4,0471 4,0794
4,5211 4,5542
5,1507 5,1841
351 15:25
4,4105 4,4428
4,0469 4,0792
4,5203 4,5534
5,1500 5,1834
352 15:26
4,4104 4,4427
4,0465 4,0788
4,5205 4,5535
5,1501 5,1835
353 15:27
4,4105 4,4428
4,0471 4,0794
4,5203 4,5533
5,1500 5,1834
354 15:28
4,4092 4,4415
4,0459 4,0782
4,5189 4,5519
5,1485 5,1819
355 15:29
4,4107 4,4430
4,0478 4,0801
4,5198 4,5528
5,1504 5,1838
356 15:30
4,4107 4,4430
4,0475 4,0798
4,5196 4,5526
5,1505 5,1839
357 15:31
4,4101 4,4424
4,0463 4,0786
4,5196 4,5526
5,1507 5,1841
358 15:32
4,4108 4,4431
4,0474 4,0797
4,5202 4,5532
5,1508 5,1842
359 15:33
4,4111 4,4434
4,0481 4,0804
4,5197 4,5527
5,1509 5,1843
360 15:34
4,4111 4,4434
4,0481 4,0804
4,5198 4,5528
5,1509 5,1843
361 15:35
4,4111 4,4434
4,0482 4,0805
4,5190 4,5520
5,1509 5,1843
362 15:36
4,4111 4,4434
4,0484 4,0807
4,5176 4,5506
5,1506 5,1840
363 15:37
4,4110 4,4433
4,0477 4,0800
4,5173 4,5503
5,1501 5,1835
364 15:38
4,4111 4,4434
4,0488 4,0811
4,5172 4,5502
5,1500 5,1834
365 15:39
4,4112 4,4435
4,0490 4,0813
4,5177 4,5507
5,1501 5,1835
366 15:40
4,4124 4,4447
4,0493 4,0816
4,5185 4,5515
5,1509 5,1843
367 15:41
4,4133 4,4456
4,0497 4,0820
4,5194 4,5525
5,1514 5,1848
368 15:42
4,4133 4,4456
4,0494 4,0817
4,5189 4,5520
5,1520 5,1854
369 15:43
4,4134 4,4457
4,0505 4,0828
4,5194 4,5525
5,1524 5,1858
370 15:44
4,4133 4,4456
4,0502 4,0825
4,5189 4,5520
5,1532 5,1866
371 15:45
4,4141 4,4464
4,0517 4,0840
4,5199 4,5530
5,1541 5,1875
372 15:46
4,4114 4,4437
4,0499 4,0822
4,5161 4,5491
5,1519 5,1853
373 15:47
4,4136 4,4459
4,0522 4,0845
4,5183 4,5513
5,1535 5,1869
374 15:48
4,4139 4,4462
4,0520 4,0843
4,5207 4,5537
5,1535 5,1869
375 15:49
4,4138 4,4461
4,0533 4,0856
4,5199 4,5529
5,1535 5,1869
376 15:50
4,4138 4,4461
4,0531 4,0854
4,5191 4,5521
5,1536 5,1870
377 15:51
4,4139 4,4462
4,0521 4,0844
4,5188 4,5518
5,1542 5,1876
378 15:52
4,4146 4,4469
4,0533 4,0856
4,5193 4,5523
5,1563 5,1897
379 15:53
4,4158 4,4481
4,0551 4,0874
4,5210 4,5540
5,1579 5,1913
380 15:54
4,4154 4,4477
4,0550 4,0873
4,5206 4,5536
5,1599 5,1933
381 15:55
4,4156 4,4479
4,0559 4,0882
4,5211 4,5541
5,1608 5,1942
382 15:56
4,4155 4,4478
4,0544 4,0867
4,5207 4,5538
5,1599 5,1933
383 15:57
4,4158 4,4481
4,0560 4,0883
4,5206 4,5537
5,1603 5,1937
384 15:58
4,4174 4,4497
4,0577 4,0900
4,5224 4,5555
5,1628 5,1962
385 15:59
4,4174 4,4497
4,0572 4,0896
4,5215 4,5546
5,1622 5,1956
386 16:00
4,4174 4,4497
4,0586 4,0909
4,5215 4,5546
5,1606 5,1940
387 16:01
4,4193 4,4516
4,0611 4,0934
4,5229 4,5558
5,1626 5,1960
388 16:02
4,4182 4,4505
4,0595 4,0918
4,5224 4,5553
5,1604 5,1938
389 16:03
4,4174 4,4497
4,0575 4,0898
4,5215 4,5544
5,1597 5,1931
390 16:04
4,4174 4,4497
4,0562 4,0885
4,5218 4,5547
5,1599 5,1933
391 16:05
4,4173 4,4496
4,0548 4,0871
4,5222 4,5551
5,1606 5,1940
392 16:06
4,4163 4,4486
4,0535 4,0858
4,5212 4,5541
5,1609 5,1943
393 16:07
4,4162 4,4485
4,0523 4,0846
4,5211 4,5540
5,1608 5,1942
394 16:08
4,4157 4,4480
4,0517 4,0840
4,5204 4,5533
5,1596 5,1930
395 16:09
4,4169 4,4492
4,0531 4,0854
4,5218 4,5547
5,1615 5,1949
396 16:10
4,4169 4,4492
4,0531 4,0854
4,5232 4,5561
5,1610 5,1944
397 16:11
4,4172 4,4495
4,0534 4,0857
4,5244 4,5573
5,1583 5,1917
398 16:12
4,4171 4,4494
4,0537 4,0860
4,5230 4,5559
5,1579 5,1913
399 16:13
4,4155 4,4478
4,0518 4,0841
4,5203 4,5532
5,1559 5,1893
400 16:14
4,4155 4,4478
4,0520 4,0843
4,5208 4,5537
5,1557 5,1891
401 16:15
4,4153 4,4476
4,0535 4,0858
4,5205 4,5534
5,1543 5,1877
402 16:16
4,4157 4,4480
4,0535 4,0858
4,5206 4,5535
5,1554 5,1888
403 16:17
4,4159 4,4482
4,0545 4,0868
4,5202 4,5531
5,1559 5,1893
404 16:18
4,4156 4,4479
4,0545 4,0868
4,5191 4,5520
5,1543 5,1877
405 16:19
4,4156 4,4479
4,0549 4,0872
4,5183 4,5512
5,1546 5,1880
406 16:20
4,4156 4,4479
4,0543 4,0866
4,5186 4,5515
5,1537 5,1871
407 16:21
4,4165 4,4488
4,0549 4,0872
4,5196 4,5525
5,1539 5,1873
408 16:22
4,4169 4,4492
4,0559 4,0882
4,5196 4,5525
5,1550 5,1884
409 16:23
4,4177 4,4500
4,0572 4,0895
4,5209 4,5538
5,1565 5,1899
410 16:24
4,4179 4,4502
4,0571 4,0894
4,5222 4,5551
5,1567 5,1901
411 16:25
4,4179 4,4502
4,0557 4,0880
4,5219 4,5548
5,1570 5,1904
412 16:26
4,4180 4,4503
4,0562 4,0885
4,5222 4,5551
5,1577 5,1911
413 16:27
4,4179 4,4502
4,0553 4,0876
4,5223 4,5552
5,1576 5,1910
414 16:28
4,4179 4,4502
4,0544 4,0867
4,5219 4,5548
5,1570 5,1904
415 16:29
4,4181 4,4504
4,0552 4,0875
4,5221 4,5550
5,1579 5,1913
416 16:30
4,4185 4,4508
4,0559 4,0882
4,5210 4,5539
5,1580 5,1914
417 16:31
4,4183 4,4506
4,0565 4,0888
4,5216 4,5547
5,1582 5,1916
418 16:32
4,4184 4,4507
4,0563 4,0886
4,5213 4,5544
5,1594 5,1928
419 16:33
4,4184 4,4507
4,0565 4,0888
4,5215 4,5546
5,1596 5,1930
420 16:34
4,4181 4,4504
4,0567 4,0890
4,5205 4,5536
5,1603 5,1937
421 16:35
4,4187 4,4510
4,0566 4,0889
4,5217 4,5548
5,1612 5,1946
422 16:36
4,4180 4,4503
4,0553 4,0876
4,5205 4,5536
5,1592 5,1927
423 16:37
4,4177 4,4500
4,0550 4,0873
4,5210 4,5541
5,1595 5,1930
424 16:38
4,4177 4,4500
4,0546 4,0869
4,5207 4,5538
5,1597 5,1932
425 16:39
4,4178 4,4501
4,0549 4,0872
4,5212 4,5543
5,1599 5,1934
426 16:40
4,4178 4,4501
4,0558 4,0881
4,5200 4,5531
5,1601 5,1936
427 16:41
4,4179 4,4502
4,0567 4,0890
4,5205 4,5534
5,1603 5,1938
428 16:42
4,4181 4,4504
4,0572 4,0895
4,5202 4,5531
5,1604 5,1939
429 16:43
4,4177 4,4500
4,0567 4,0890
4,5199 4,5528
5,1605 5,1940
430 16:44
4,4178 4,4501
4,0579 4,0902
4,5190 4,5519
5,1604 5,1939
431 16:45
4,4177 4,4500
4,0587 4,0910
4,5189 4,5518
5,1612 5,1947
432 16:46
4,4177 4,4500
4,0589 4,0912
4,5194 4,5523
5,1622 5,1957
433 16:47
4,4175 4,4498
4,0589 4,0912
4,5188 4,5517
5,1609 5,1944
434 16:48
4,4176 4,4499
4,0596 4,0919
4,5184 4,5513
5,1611 5,1946
435 16:49
4,4176 4,4499
4,0597 4,0920
4,5184 4,5513
5,1611 5,1946
436 16:50
4,4175 4,4498
4,0586 4,0909
4,5183 4,5512
5,1619 5,1954
437 16:51
4,4176 4,4499
4,0585 4,0908
4,5200 4,5529
5,1621 5,1956
438 16:52
4,4177 4,4500
4,0594 4,0917
4,5193 4,5522
5,1612 5,1947
439 16:53
4,4177 4,4500
4,0591 4,0914
4,5201 4,5530
5,1609 5,1944
440 16:54
4,4176 4,4499
4,0592 4,0915
4,5194 4,5523
5,1608 5,1943
441 16:55
4,4175 4,4498
4,0591 4,0914
4,5198 4,5527
5,1610 5,1945
442 16:56
4,4183 4,4506
4,0604 4,0927
4,5191 4,5520
5,1616 5,1951
443 16:57
4,4183 4,4506
4,0608 4,0931
4,5193 4,5522
5,1619 5,1954
444 16:58
4,4185 4,4508
4,0607 4,0930
4,5195 4,5524
5,1621 5,1956
445 16:59
4,4188 4,4511
4,0609 4,0932
4,5199 4,5528
5,1637 5,1972
446 17:00
4,4187 4,4510
4,0600 4,0923
4,5196 4,5525
5,1639 5,1974
447 17:01
4,4186 4,4509
4,0595 4,0918
4,5200 4,5529
5,1630 5,1965
448 17:02
4,4185 4,4508
4,0589 4,0912
4,5206 4,5535
5,1630 5,1965
449 17:03
4,4193 4,4516
4,0594 4,0917
4,5215 4,5544
5,1644 5,1979
450 17:04
4,4193 4,4516
4,0600 4,0923
4,5220 4,5549
5,1636 5,1971
451 17:05
4,4195 4,4518
4,0606 4,0929
4,5217 4,5546
5,1627 5,1962
452 17:06
4,4208 4,4531
4,0616 4,0939
4,5226 4,5555
5,1646 5,1981
453 17:07
4,4208 4,4531
4,0618 4,0941
4,5239 4,5568
5,1650 5,1985
454 17:08
4,4210 4,4533
4,0625 4,0948
4,5241 4,5570
5,1647 5,1982
455 17:09
4,4209 4,4532
4,0618 4,0941
4,5244 4,5573
5,1646 5,1981
456 17:10
4,4209 4,4532
4,0620 4,0943
4,5245 4,5574
5,1651 5,1986
457 17:11
4,4208 4,4531
4,0623 4,0946
4,5248 4,5577
5,1636 5,1971
458 17:12
4,4209 4,4532
4,0624 4,0947
4,5253 4,5582
5,1637 5,1972
459 17:13
4,4206 4,4529
4,0619 4,0942
4,5250 4,5579
5,1640 5,1975
460 17:14
4,4207 4,4530
4,0626 4,0949
4,5250 4,5579
5,1642 5,1977
461 17:15
4,4206 4,4529
4,0621 4,0944
4,5253 4,5582
5,1654 5,1989
462 17:16
4,4207 4,4530
4,0619 4,0942
4,5248 4,5577
5,1647 5,1982
463 17:17
4,4207 4,4530
4,0615 4,0938
4,5244 4,5573
5,1650 5,1985
464 17:18
4,4208 4,4531
4,0616 4,0939
4,5239 4,5568
5,1657 5,1992
465 17:19
4,4208 4,4531
4,0616 4,0939
4,5235 4,5564
5,1657 5,1992
466 17:20
4,4209 4,4532
4,0609 4,0932
4,5234 4,5563
5,1650 5,1985
467 17:21
4,4211 4,4534
4,0611 4,0934
4,5228 4,5557
5,1653 5,1988
468 17:22
4,4211 4,4534
4,0614 4,0937
4,5228 4,5557
5,1661 5,1996
469 17:23
4,4211 4,4534
4,0616 4,0939
4,5231 4,5560
5,1664 5,1999
470 17:24
4,4211 4,4534
4,0618 4,0941
4,5231 4,5560
5,1664 5,1999
471 17:25
4,4209 4,4532
4,0622 4,0945
4,5225 4,5554
5,1656 5,1991
472 17:26
4,4207 4,4530
4,0620 4,0943
4,5220 4,5549
5,1653 5,1988
473 17:27
4,4208 4,4531
4,0623 4,0946
4,5225 4,5554
5,1648 5,1983
474 17:28
4,4208 4,4531
4,0630 4,0953
4,5230 4,5559
5,1655 5,1990
475 17:29
4,4204 4,4527
4,0627 4,0950
4,5226 4,5555
5,1649 5,1984
476 17:30
4,4205 4,4528
4,0620 4,0943
4,5231 4,5560
5,1657 5,1992
477 17:31
4,4205 4,4528
4,0622 4,0945
4,5239 4,5568
5,1650 5,1985
478 17:32
4,4206 4,4529
4,0621 4,0944
4,5237 4,5566
5,1655 5,1990
479 17:33
4,4205 4,4528
4,0614 4,0937
4,5241 4,5570
5,1654 5,1989
480 17:34
4,4206 4,4529
4,0615 4,0938
4,5242 4,5571
5,1658 5,1993
481 17:35
4,4205 4,4528
4,0613 4,0936
4,5239 4,5568
5,1657 5,1992
482 17:36
4,4206 4,4529
4,0606 4,0929
4,5232 4,5561
5,1651 5,1986
483 17:37
4,4205 4,4528
4,0604 4,0927
4,5223 4,5552
5,1652 5,1987
484 17:38
4,4204 4,4527
4,0601 4,0924
4,5218 4,5547
5,1637 5,1972
485 17:39
4,4206 4,4529
4,0606 4,0929
4,5226 4,5555
5,1640 5,1975
486 17:40
4,4195 4,4518
4,0593 4,0916
4,5212 4,5541
5,1621 5,1956
487 17:41
4,4195 4,4518
4,0583 4,0906
4,5216 4,5545
5,1621 5,1956
488 17:42
4,4193 4,4516
4,0580 4,0903
4,5210 4,5539
5,1616 5,1951
489 17:43
4,4190 4,4513
4,0575 4,0898
4,5203 4,5532
5,1615 5,1950
490 17:44
4,4189 4,4512
4,0572 4,0895
4,5206 4,5535
5,1620 5,1955
491 17:45
4,4192 4,4515
4,0569 4,0892
4,5209 4,5538
5,1620 5,1955
492 17:46
4,4191 4,4514
4,0568 4,0891
4,5203 4,5532
5,1619 5,1954
493 17:47
4,4199 4,4522
4,0583 4,0906
4,5216 4,5545
5,1629 5,1964
494 17:48
4,4199 4,4522
4,0579 4,0902
4,5215 4,5544
5,1628 5,1963
495 17:49
4,4199 4,4522
4,0583 4,0906
4,5211 4,5540
5,1630 5,1965
496 17:50
4,4198 4,4521
4,0590 4,0913
4,5213 4,5542
5,1625 5,1960
497 17:51
4,4198 4,4521
4,0595 4,0918
4,5220 4,5549
5,1612 5,1947
498 17:52
4,4196 4,4519
4,0594 4,0917
4,5213 4,5542
5,1607 5,1942
499 17:53
4,4196 4,4519
4,0588 4,0911
4,5213 4,5542
5,1607 5,1942
500 17:54
4,4197 4,4520
4,0585 4,0908
4,5209 4,5538
5,1605 5,1940
501 17:55
4,4198 4,4521
4,0586 4,0909
4,5206 4,5535
5,1604 5,1939
502 17:56
4,4198 4,4521
4,0588 4,0911
4,5208 4,5537
5,1598 5,1933
503 17:57
4,4198 4,4521
4,0584 4,0907
4,5208 4,5537
5,1595 5,1930
504 17:58
4,4198 4,4521
4,0586 4,0909
4,5206 4,5535
5,1585 5,1920
505 17:59
4,4199 4,4522
4,0591 4,0914
4,5202 4,5531
5,1577 5,1912
506 18:00
4,4199 4,4524
4,0596 4,0925
4,5207 4,5536
5,1590 5,1927
507 18:01
4,4201 4,4526
4,0601 4,0928
4,5211 4,5541
5,1590 5,1925
508 18:02
4,4203 4,4527
4,0599 4,0929
4,5207 4,5537
5,1582 5,1918
509 18:03
4,4203 4,4526
4,0595 4,0924
4,5211 4,5540
5,1588 5,1923
510 18:04
4,4203 4,4527
4,0599 4,0929
4,5206 4,5539
5,1591 5,1926
511 18:05
4,4203 4,4526
4,0603 4,0928
4,5211 4,5540
5,1579 5,1914
512 18:06
4,4203 4,4526
4,0603 4,0928
4,5213 4,5545
5,1582 5,1917
513 18:07
4,4203 4,4527
4,0602 4,0931
4,5211 4,5544
5,1579 5,1914
514 18:08
4,4203 4,4526
4,0610 4,0935
4,5211 4,5540
5,1570 5,1905
515 18:09
4,4203 4,4526
4,0610 4,0939
4,5211 4,5540
5,1573 5,1908
516 18:10
4,4201 4,4526
4,0610 4,0940
4,5211 4,5541
5,1568 5,1905
517 18:11
4,4201 4,4526
4,0605 4,0932
4,5200 4,5535
5,1574 5,1911
518 18:12
4,4203 4,4528
4,0604 4,0934
4,5212 4,5543
5,1575 5,1910
519 18:13
4,4203 4,4528
4,0604 4,0934
4,5213 4,5543
5,1574 5,1909
520 18:14
4,4199 4,4539
4,0598 4,0943
4,5202 4,5547
5,1566 5,1916
521 18:15
4,4198 4,4537
4,0595 4,0939
4,5203 4,5547
5,1565 5,1918
522 18:16
4,4199 4,4538
4,0595 4,0938
4,5200 4,5547
5,1572 5,1919
523 18:17
4,4199 4,4538
4,0593 4,0935
4,5198 4,5543
5,1572 5,1925
524 18:18
4,4199 4,4539
4,0588 4,0932
4,5194 4,5542
5,1566 5,1920
525 18:19
4,4198 4,4538
4,0586 4,0927
4,5192 4,5537
5,1563 5,1918
526 18:20
4,4202 4,4527
4,0595 4,0923
4,5203 4,5533
5,1571 5,1907
527 18:21
4,4203 4,4527
4,0595 4,0921
4,5201 4,5530
5,1570 5,1906
528 18:22
4,4201 4,4526
4,0593 4,0920
4,5201 4,5531
5,1568 5,1905
529 18:23
4,4201 4,4526
4,0593 4,0920
4,5201 4,5531
5,1568 5,1905
530 18:24
4,4201 4,4526
4,0590 4,0918
4,5201 4,5531
5,1569 5,1904
531 18:25
4,4201 4,4526
4,0586 4,0917
4,5201 4,5531
5,1568 5,1905
532 18:26
4,4201 4,4526
4,0590 4,0918
4,5201 4,5531
5,1568 5,1905
533 18:27
4,4201 4,4526
4,0591 4,0921
4,5201 4,5531
5,1568 5,1905
534 18:28
4,4201 4,4526
4,0591 4,0921
4,5201 4,5531
5,1568 5,1905
535 18:29
4,4201 4,4526
4,0590 4,0917
4,5202 4,5536
5,1574 5,1911
536 18:30
4,4193 4,4532
4,0583 4,0925
4,5192 4,5537
5,1571 5,1918
537 18:31
4,4193 4,4532
4,0587 4,0931
4,5198 4,5542
5,1571 5,1924
538 18:32
4,4195 4,4535
4,0583 4,0924
4,5198 4,5543
5,1573 5,1927
539 18:33
4,4194 4,4533
4,0584 4,0924
4,5193 4,5542
5,1578 5,1931
540 18:34
4,4194 4,4533
4,0584 4,0928
4,5190 4,5534
5,1578 5,1931
541 18:35
4,4195 4,4535
4,0590 4,0931
4,5194 4,5540
5,1573 5,1927
542 18:36
4,4195 4,4535
4,0583 4,0928
4,5194 4,5540
5,1573 5,1927
543 18:37
4,4194 4,4533
4,0587 4,0930
4,5193 4,5538
5,1572 5,1925
544 18:38
4,4195 4,4534
4,0592 4,0932
4,5194 4,5539
5,1573 5,1926
545 18:39
4,4194 4,4533
4,0587 4,0930
4,5190 4,5534
5,1572 5,1925
546 18:40
4,4201 4,4526
4,0593 4,0924
4,5200 4,5530
5,1582 5,1918
547 18:41
4,4201 4,4526
4,0590 4,0917
4,5197 4,5527
5,1580 5,1917
548 18:42
4,4201 4,4526
4,0590 4,0917
4,5197 4,5527
5,1580 5,1917
549 18:43
4,4201 4,4526
4,0591 4,0921
4,5197 4,5527
5,1580 5,1917
550 18:44
4,4201 4,4526
4,0591 4,0921
4,5191 4,5522
5,1580 5,1917
551 18:45
4,4201 4,4526
4,0593 4,0920
4,5192 4,5522
5,1580 5,1917
552 18:46
4,4201 4,4526
4,0595 4,0925
4,5197 4,5527
5,1580 5,1917
553 18:47
4,4201 4,4526
4,0595 4,0925
4,5197 4,5527
5,1586 5,1923
554 18:48
4,4201 4,4526
4,0593 4,0924
4,5197 4,5527
5,1586 5,1923
555 18:49
4,4194 4,4534
4,0586 4,0927
4,5188 4,5533
5,1578 5,1932
556 18:50
4,4201 4,4526
4,0590 4,0921
4,5193 4,5523
5,1587 5,1922
557 18:51
4,4198 4,4527
4,0588 4,0922
4,5192 4,5527
5,1583 5,1924
558 18:52
4,4199 4,4527
4,0580 4,0913
4,5193 4,5526
5,1578 5,1918
559 18:53
4,4200 4,4527
4,0586 4,0918
4,5194 4,5527
5,1579 5,1918
560 18:54
4,4201 4,4527
4,0589 4,0920
4,5195 4,5526
5,1586 5,1924
561 18:55
4,4201 4,4527
4,0593 4,0924
4,5199 4,5530
5,1586 5,1924
562 18:56
4,4201 4,4526
4,0597 4,0924
4,5201 4,5531
5,1586 5,1923
563 18:57
4,4201 4,4526
4,0593 4,0924
4,5201 4,5531
5,1586 5,1923
564 18:58
4,4204 4,4528
4,0600 4,0926
4,5203 4,5532
5,1596 5,1932
565 18:59
4,4199 4,4522
4,0597 4,0925
4,5199 4,5528
5,1590 5,1925
566 19:00
4,4198 4,4524
4,0594 4,0925
4,5201 4,5532
5,1589 5,1927
567 19:01
4,4196 4,4521
4,0590 4,0920
4,5199 4,5531
5,1591 5,1928
568 19:02
4,4195 4,4520
4,0592 4,0919
4,5200 4,5530
5,1591 5,1928
569 19:03
4,4194 4,4519
4,0587 4,0918
4,5199 4,5529
5,1584 5,1921
570 19:04
4,4194 4,4519
4,0587 4,0918
4,5199 4,5529
5,1588 5,1923
571 19:05
4,4194 4,4519
4,0587 4,0918
4,5193 4,5528
5,1588 5,1923
572 19:06
4,4194 4,4519
4,0587 4,0914
4,5193 4,5528
5,1591 5,1927
573 19:07
4,4184 4,4533
4,0574 4,0927
4,5189 4,5543
5,1578 5,1939
574 19:08
4,4195 4,4521
4,0580 4,0911
4,5198 4,5531
5,1591 5,1929
575 19:09
4,4195 4,4521
4,0576 4,0907
4,5198 4,5529
5,1591 5,1929
576 19:10
4,4185 4,4533
4,0571 4,0919
4,5188 4,5541
5,1585 5,1948
577 19:11
4,4194 4,4519
4,0579 4,0906
4,5198 4,5533
5,1596 5,1933
578 19:12
4,4195 4,4521
4,0577 4,0905
4,5198 4,5529
5,1597 5,1935
579 19:13
4,4195 4,4520
4,0573 4,0900
4,5200 4,5530
5,1597 5,1934
580 19:14
4,4195 4,4520
4,0569 4,0896
4,5200 4,5530
5,1597 5,1934
581 19:15
4,4196 4,4520
4,0562 4,0891
4,5199 4,5528
5,1598 5,1934
582 19:16
4,4196 4,4520
4,0565 4,0892
4,5195 4,5529
5,1598 5,1934
583 19:17
4,4185 4,4526
4,0561 4,0903
4,5185 4,5533
5,1592 5,1947
584 19:18
4,4186 4,4525
4,0565 4,0908
4,5186 4,5530
5,1587 5,1940
585 19:19
4,4196 4,4520
4,0570 4,0900
4,5195 4,5525
5,1604 5,1940
586 19:20
4,4195 4,4520
4,0573 4,0900
4,5200 4,5530
5,1603 5,1940
587 19:21
4,4196 4,4520
4,0566 4,0895
4,5199 4,5528
5,1604 5,1940
588 19:22
4,4194 4,4519
4,0568 4,0899
4,5199 4,5529
5,1602 5,1939
589 19:23
4,4194 4,4519
4,0572 4,0899
4,5199 4,5533
5,1602 5,1939
590 19:24
4,4186 4,4526
4,0560 4,0901
4,5198 4,5543
5,1593 5,1947
591 19:25
4,4187 4,4527
4,0557 4,0898
4,5199 4,5544
5,1600 5,1948
592 19:26
4,4187 4,4526
4,0558 4,0901
4,5201 4,5545
5,1594 5,1947
593 19:27
4,4187 4,4526
4,0555 4,0898
4,5201 4,5545
5,1594 5,1947
594 19:28
4,4188 4,4528
4,0554 4,0899
4,5200 4,5545
5,1594 5,1947
595 19:29
4,4187 4,4526
4,0555 4,0899
4,5201 4,5545
5,1594 5,1947
596 19:30
4,4187 4,4526
4,0562 4,0905
4,5201 4,5545
5,1601 5,1955
597 19:31
4,4186 4,4528
4,0556 4,0903
4,5198 4,5545
5,1599 5,1955
598 19:32
4,4181 4,4528
4,0553 4,0901
4,5195 4,5547
5,1593 5,1956
599 19:33
4,4194 4,4519
4,0562 4,0892
4,5208 4,5538
5,1606 5,1941
600 19:34
4,4194 4,4519
4,0561 4,0890
4,5208 4,5538
5,1605 5,1940
601 19:35
4,4193 4,4520
4,0556 4,0889
4,5207 4,5539
5,1607 5,1946
602 19:36
4,4193 4,4519
4,0552 4,0883
4,5205 4,5536
5,1606 5,1943
603 19:37
4,4192 4,4517
4,0555 4,0882
4,5206 4,5536
5,1605 5,1940
604 19:38
4,4193 4,4519
4,0552 4,0884
4,5205 4,5536
5,1604 5,1939
605 19:39
4,4193 4,4519
4,0552 4,0884
4,5205 4,5536
5,1601 5,1939
606 19:40
4,4194 4,4520
4,0553 4,0884
4,5206 4,5537
5,1606 5,1941
607 19:41
4,4193 4,4518
4,0556 4,0883
4,5207 4,5537
5,1605 5,1940
608 19:42
4,4194 4,4520
4,0553 4,0885
4,5202 4,5534
5,1602 5,1940
609 19:43
4,4194 4,4520
4,0553 4,0885
4,5202 4,5536
5,1602 5,1940
610 19:44
4,4193 4,4518
4,0554 4,0884
4,5201 4,5536
5,1601 5,1938
611 19:45
4,4193 4,4518
4,0558 4,0888
4,5207 4,5537
5,1601 5,1938
612 19:46
4,4194 4,4518
4,0561 4,0887
4,5206 4,5535
5,1604 5,1939
613 19:47
4,4194 4,4518
4,0561 4,0887
4,5206 4,5535
5,1608 5,1944
614 19:48
4,4194 4,4518
4,0561 4,0891
4,5206 4,5535
5,1608 5,1944
615 19:49
4,4194 4,4518
4,0561 4,0891
4,5206 4,5535
5,1608 5,1944
616 19:50
4,4193 4,4518
4,0560 4,0887
4,5207 4,5537
5,1607 5,1944
617 19:51
4,4194 4,4518
4,0557 4,0887
4,5206 4,5535
5,1608 5,1944
618 19:52
4,4193 4,4518
4,0560 4,0887
4,5207 4,5537
5,1607 5,1944
619 19:53
4,4193 4,4518
4,0556 4,0887
4,5206 4,5541
5,1607 5,1944
620 19:54
4,4194 4,4520
4,0557 4,0887
4,5206 4,5537
5,1608 5,1946
621 19:55
4,4193 4,4518
4,0560 4,0887
4,5207 4,5537
5,1608 5,1944
622 19:56
4,4193 4,4518
4,0560 4,0887
4,5207 4,5537
5,1608 5,1944
623 19:57
4,4193 4,4518
4,0556 4,0887
4,5201 4,5534
5,1601 5,1938
624 19:58
4,4193 4,4518
4,0552 4,0883
4,5201 4,5532
5,1601 5,1938
625 19:59
4,4188 4,4514
4,0551 4,0882
4,5195 4,5526
5,1594 5,1931
626 20:00
4,4163 4,4491
4,0532 4,0862
4,5166 4,5502
5,1560 5,1900
627 20:01
4,4171 4,4494
4,0540 4,0865
4,5174 4,5503
5,1570 5,1905
628 20:02
4,4173 4,4496
4,0546 4,0870
4,5171 4,5500
5,1571 5,1906
629 20:03
4,4173 4,4496
4,0546 4,0870
4,5172 4,5501
5,1564 5,1899
630 20:04
4,4173 4,4496
4,0542 4,0868
4,5172 4,5501
5,1565 5,1900
631 20:05
4,4173 4,4496
4,0545 4,0872
4,5175 4,5504
5,1565 5,1900
632 20:06
4,4172 4,4495
4,0547 4,0873
4,5175 4,5504
5,1564 5,1899
633 20:07
4,4172 4,4495
4,0549 4,0872
4,5176 4,5507
5,1570 5,1905
634 20:08
4,4172 4,4495
4,0549 4,0876
4,5179 4,5508
5,1564 5,1899
635 20:09
4,4172 4,4495
4,0552 4,0875
4,5175 4,5504
5,1570 5,1905
636 20:10
4,4172 4,4495
4,0549 4,0876
4,5176 4,5507
5,1567 5,1902
637 20:11
4,4172 4,4495
4,0549 4,0876
4,5184 4,5513
5,1567 5,1902
638 20:12
4,4172 4,4495
4,0553 4,0876
4,5182 4,5512
5,1567 5,1902
639 20:13
4,4172 4,4495
4,0551 4,0876
4,5181 4,5512
5,1567 5,1902
640 20:14
4,4173 4,4496
4,0550 4,0874
4,5180 4,5509
5,1571 5,1906
641 20:15
4,4172 4,4495
4,0545 4,0872
4,5181 4,5512
5,1570 5,1905
642 20:16
4,4174 4,4497
4,0551 4,0875
4,5185 4,5514
5,1572 5,1907
643 20:17
4,4174 4,4497
4,0547 4,0871
4,5181 4,5510
5,1566 5,1901
644 20:18
4,4174 4,4497
4,0547 4,0875
4,5181 4,5510
5,1572 5,1907
645 20:19
4,4174 4,4497
4,0547 4,0872
4,5177 4,5506
5,1573 5,1908
646 20:20
4,4174 4,4497
4,0551 4,0874
4,5178 4,5509
5,1575 5,1910
647 20:21
4,4162 4,4510
4,0535 4,0887
4,5165 4,5522
5,1565 5,1929
648 20:22
4,4174 4,4497
4,0551 4,0879
4,5177 4,5508
5,1578 5,1913
649 20:23
4,4174 4,4497
4,0550 4,0875
4,5177 4,5506
5,1578 5,1913
650 20:24
4,4174 4,4497
4,0547 4,0873
4,5182 4,5511
5,1579 5,1914
651 20:25
4,4173 4,4496
4,0549 4,0874
4,5181 4,5510
5,1581 5,1916
652 20:26
4,4173 4,4496
4,0547 4,0875
4,5181 4,5510
5,1578 5,1913
653 20:27
4,4174 4,4497
4,0551 4,0875
4,5186 4,5515
5,1575 5,1910
654 20:28
4,4174 4,4497
4,0550 4,0875
4,5186 4,5515
5,1573 5,1908
655 20:29
4,4174 4,4497
4,0551 4,0879
4,5186 4,5515
5,1572 5,1907
656 20:30
4,4174 4,4497
4,0550 4,0879
4,5186 4,5515
5,1573 5,1908
657 20:31
4,4175 4,4499
4,0551 4,0877
4,5183 4,5517
5,1576 5,1911
658 20:32
4,4175 4,4498
4,0551 4,0876
4,5187 4,5516
5,1580 5,1915
659 20:33
4,4175 4,4499
4,0553 4,0880
4,5183 4,5517
5,1576 5,1911
660 20:34
4,4176 4,4499
4,0556 4,0882
4,5180 4,5510
5,1581 5,1916
661 20:35
4,4176 4,4499
4,0556 4,0882
4,5183 4,5513
5,1581 5,1916
662 20:36
4,4176 4,4499
4,0555 4,0884
4,5179 4,5508
5,1581 5,1916
663 20:37
4,4176 4,4499
4,0556 4,0882
4,5179 4,5508
5,1581 5,1916
664 20:38
4,4175 4,4500
4,0552 4,0882
4,5181 4,5510
5,1576 5,1912
665 20:39
4,4177 4,4504
4,0554 4,0886
4,5180 4,5517
5,1576 5,1915
666 20:40
4,4177 4,4504
4,0556 4,0885
4,5186 4,5518
5,1580 5,1916
667 20:41
4,4178 4,4504
4,0557 4,0885
4,5185 4,5516
5,1580 5,1915
668 20:42
4,4178 4,4504
4,0557 4,0885
4,5186 4,5522
5,1577 5,1915
669 20:43
4,4181 4,4507
4,0560 4,0892
4,5193 4,5524
5,1584 5,1919
670 20:44
4,4181 4,4509
4,0564 4,0894
4,5193 4,5526
5,1587 5,1927
671 20:45
4,4181 4,4509
4,0560 4,0894
4,5193 4,5530
5,1587 5,1927
672 20:46
4,4194 4,4525
4,0577 4,0909
4,5213 4,5549
5,1603 5,1947
673 20:47
4,4194 4,4525
4,0577 4,0909
4,5212 4,5553
5,1605 5,1946
674 20:48
4,4195 4,4525
4,0577 4,0909
4,5213 4,5553
5,1602 5,1945
675 20:49
4,4195 4,4525
4,0576 4,0911
4,5213 4,5553
5,1602 5,1945
676 20:50
4,4195 4,4523
4,0576 4,0909
4,5208 4,5546
5,1602 5,1943
677 20:51
4,4195 4,4523
4,0576 4,0905
4,5207 4,5540
5,1602 5,1943
678 20:52
4,4195 4,4523
4,0576 4,0909
4,5210 4,5546
5,1602 5,1943
679 20:53
4,4181 4,4535
4,0567 4,0920
4,5194 4,5554
5,1587 5,1957
680 20:54
4,4181 4,4534
4,0569 4,0923
4,5194 4,5557
5,1587 5,1954
681 20:55
4,4181 4,4534
4,0569 4,0925
4,5198 4,5557
5,1588 5,1958
682 20:56
4,4195 4,4523
4,0580 4,0914
4,5212 4,5545
5,1609 5,1949
683 20:57
4,4194 4,4523
4,0577 4,0911
4,5212 4,5551
5,1609 5,1947
684 20:58
4,4194 4,4523
4,0573 4,0907
4,5222 4,5556
5,1609 5,1944
685 20:59
4,4196 4,4522
4,0573 4,0902
4,5222 4,5553
5,1604 5,1941
686 21:00
4,4195 4,4522
4,0569 4,0902
4,5214 4,5546
5,1603 5,1942
687 21:01
4,4196 4,4525
4,0579 4,0913
4,5218 4,5557
5,1605 5,1946
688 21:02
4,4196 4,4525
4,0579 4,0913
4,5224 4,5558
5,1605 5,1946
689 21:03
4,4197 4,4527
4,0578 4,0913
4,5224 4,5564
5,1606 5,1948
690 21:04
4,4196 4,4525
4,0579 4,0913
4,5224 4,5558
5,1605 5,1946
691 21:05
4,4196 4,4525
4,0581 4,0913
4,5228 4,5567
5,1605 5,1946
692 21:06
4,4196 4,4525
4,0577 4,0912
4,5229 4,5563
5,1605 5,1947
693 21:07
4,4198 4,4525
4,0579 4,0908
4,5225 4,5562
5,1607 5,1946
694 21:08
4,4198 4,4525
4,0577 4,0909
4,5225 4,5562
5,1605 5,1947
695 21:09
4,4198 4,4526
4,0575 4,0908
4,5225 4,5563
5,1607 5,1947
696 21:10
4,4200 4,4526
4,0577 4,0909
4,5226 4,5557
5,1607 5,1946
697 21:11
4,4198 4,4525
4,0575 4,0908
4,5225 4,5558
5,1607 5,1946
698 21:12
4,4198 4,4525
4,0577 4,0908
4,5226 4,5558
5,1607 5,1946
699 21:13
4,4198 4,4525
4,0572 4,0901
4,5226 4,5558
5,1607 5,1946
700 21:14
4,4198 4,4525
4,0568 4,0901
4,5225 4,5562
5,1601 5,1940
701 21:15
4,4198 4,4525
4,0564 4,0897
4,5226 4,5558
5,1601 5,1940
702 21:16
4,4198 4,4526
4,0567 4,0900
4,5224 4,5557
5,1601 5,1941
703 21:17
4,4199 4,4527
4,0573 4,0903
4,5226 4,5564
5,1602 5,1942
704 21:18
4,4199 4,4526
4,0565 4,0898
4,5227 4,5559
5,1602 5,1941
705 21:19
4,4200 4,4528
4,0570 4,0900
4,5226 4,5559
5,1609 5,1949
706 21:20
4,4199 4,4527
4,0568 4,0899
4,5225 4,5558
5,1608 5,1948
707 21:21
4,4199 4,4527
4,0569 4,0903
4,5221 4,5558
5,1608 5,1948
708 21:22
4,4199 4,4527
4,0573 4,0903
4,5225 4,5558
5,1608 5,1948
709 21:23
4,4199 4,4527
4,0576 4,0909
4,5225 4,5558
5,1608 5,1948
710 21:24
4,4197 4,4526
4,0576 4,0910
4,5225 4,5559
5,1600 5,1948
711 21:25
4,4197 4,4526
4,0576 4,0906
4,5224 4,5563
5,1600 5,1941
712 21:26
4,4199 4,4527
4,0576 4,0909
4,5221 4,5559
5,1608 5,1948
713 21:28
4,4199 4,4527
4,0576 4,0909
4,5221 4,5559
5,1608 5,1948
714 21:29
4,4197 4,4526
4,0576 4,0910
4,5225 4,5559
5,1606 5,1947
715 21:30
4,4199 4,4533
4,0576 4,0915
4,5226 4,5570
5,1602 5,1949
716 21:31
4,4194 4,4525
4,0573 4,0909
4,5218 4,5558
5,1603 5,1947
717 21:32
4,4204 4,4530
4,0579 4,0909
4,5231 4,5567
5,1617 5,1952
718 21:33
4,4204 4,4529
4,0578 4,0906
4,5232 4,5562
5,1614 5,1951
719 21:34
4,4204 4,4529
4,0581 4,0908
4,5232 4,5562
5,1614 5,1951
720 21:35
4,4186 4,4550
4,0561 4,0926
4,5213 4,5583
5,1593 5,1975
721 21:36
4,4185 4,4549
4,0559 4,0926
4,5212 4,5582
5,1592 5,1974
722 21:37
4,4187 4,4549
4,0561 4,0926
4,5208 4,5581
5,1594 5,1974
723 21:38
4,4201 4,4533
4,0579 4,0915
4,5223 4,5564
5,1618 5,1953
724 21:39
4,4205 4,4531
4,0586 4,0914
4,5227 4,5562
5,1621 5,1959
725 21:40
4,4203 4,4530
4,0582 4,0913
4,5227 4,5563
5,1619 5,1958
726 21:41
4,4203 4,4530
4,0584 4,0913
4,5231 4,5563
5,1619 5,1958
727 21:42
4,4188 4,4550
4,0578 4,0942
4,5220 4,5588
5,1607 5,1987
728 21:43
4,4205 4,4531
4,0593 4,0925
4,5236 4,5567
5,1627 5,1965
729 21:44
4,4203 4,4530
4,0589 4,0921
4,5236 4,5568
5,1631 5,1970
730 21:46
4,4203 4,4530
4,0589 4,0921
4,5236 4,5568
5,1631 5,1970
731 21:47
4,4203 4,4530
4,0591 4,0920
4,5236 4,5568
5,1631 5,1970
732 21:48
4,4186 4,4550
4,0571 4,0938
4,5216 4,5587
5,1616 5,1993
733 21:49
4,4188 4,4551
4,0575 4,0941
4,5220 4,5589
5,1614 5,1996
734 21:50
4,4189 4,4551
4,0578 4,0940
4,5216 4,5588
5,1620 5,2000
735 21:51
4,4187 4,4550
4,0578 4,0940
4,5219 4,5588
5,1618 5,1993
736 21:52
4,4186 4,4551
4,0569 4,0933
4,5213 4,5584
5,1618 5,2002
737 21:53
4,4187 4,4550
4,0570 4,0932
4,5214 4,5583
5,1623 5,2004
738 21:54
4,4188 4,4551
4,0567 4,0933
4,5216 4,5590
5,1626 5,2007
739 21:55
4,4189 4,4551
4,0564 4,0928
4,5221 4,5589
5,1620 5,2000
740 21:56
4,4188 4,4551
4,0563 4,0928
4,5220 4,5589
5,1626 5,2007
741 21:57
4,4203 4,4530
4,0576 4,0909
4,5241 4,5577
5,1643 5,1982
742 21:58
4,4203 4,4530
4,0574 4,0906
4,5241 4,5577
5,1643 5,1982
743 21:59
4,4203 4,4530
4,0574 4,0906
4,5245 4,5577
5,1649 5,1988
744 22:00
4,4205 4,4531
4,0582 4,0914
4,5246 4,5578
5,1651 5,1989
745 22:01
4,4216 4,4545
4,0588 4,0923
4,5239 4,5574
5,1677 5,2018
746 22:02
4,4216 4,4543
4,0588 4,0921
4,5249 4,5581
5,1670 5,2009
747 22:03
4,4216 4,4544
4,0584 4,0917
4,5248 4,5586
5,1670 5,2010
748 22:04
4,4217 4,4543
4,0585 4,0916
4,5249 4,5585
5,1665 5,2003
749 22:05
4,4217 4,4543
4,0585 4,0916
4,5249 4,5585
5,1665 5,2003
750 22:06
4,4217 4,4543
4,0585 4,0916
4,5249 4,5585
5,1659 5,1997
751 22:07
4,4197 4,4566
4,0567 4,0938
4,5229 4,5604
5,1631 5,2019
752 22:08
4,4197 4,4564
4,0567 4,0936
4,5229 4,5602
5,1632 5,2018
753 22:09
4,4197 4,4564
4,0571 4,0936
4,5229 4,5602
5,1631 5,2017
754 22:10
4,4215 4,4545
4,0587 4,0918
4,5242 4,5577
5,1651 5,1993
755 22:11
4,4214 4,4541
4,0587 4,0916
4,5247 4,5579
5,1652 5,1990
756 22:12
4,4213 4,4540
4,0587 4,0919
4,5240 4,5573
5,1643 5,1982
757 22:13
4,4213 4,4540
4,0587 4,0919
4,5242 4,5574
5,1643 5,1982
758 22:14
4,4214 4,4540
4,0583 4,0915
4,5241 4,5573
5,1650 5,1988
759 22:15
4,4214 4,4540
4,0585 4,0914
4,5241 4,5573
5,1650 5,1988
760 22:16
4,4214 4,4540
4,0583 4,0915
4,5241 4,5573
5,1643 5,1980
761 22:17
4,4212 4,4538
4,0581 4,0909
4,5239 4,5575
5,1641 5,1978
762 22:18
4,4213 4,4542
4,0582 4,0913
4,5240 4,5579
5,1643 5,1985
763 22:19
4,4212 4,4541
4,0581 4,0912
4,5239 4,5578
5,1648 5,1990
764 22:20
4,4212 4,4541
4,0582 4,0916
4,5245 4,5579
5,1648 5,1990
765 22:21
4,4211 4,4540
4,0581 4,0915
4,5240 4,5574
5,1647 5,1989
766 22:22
4,4213 4,4543
4,0585 4,0916
4,5240 4,5576
5,1647 5,1990
767 22:23
4,4211 4,4540
4,0585 4,0915
4,5238 4,5573
5,1647 5,1989
768 22:24
4,4209 4,4545
4,0577 4,0918
4,5238 4,5581
5,1644 5,1994
769 22:25
4,4211 4,4545
4,0579 4,0918
4,5238 4,5582
5,1646 5,1994
770 22:26
4,4209 4,4544
4,0583 4,0919
4,5236 4,5581
5,1645 5,1993
771 22:27
4,4208 4,4544
4,0578 4,0918
4,5235 4,5577
5,1637 5,1987
772 22:28
4,4206 4,4543
4,0572 4,0913
4,5233 4,5576
5,1634 5,1985
773 22:29
4,4208 4,4541
4,0577 4,0912
4,5237 4,5575
5,1638 5,1990
774 22:30
4,4207 4,4542
4,0577 4,0917
4,5234 4,5575
5,1643 5,1991
775 22:31
4,4208 4,4541
4,0577 4,0912
4,5241 4,5579
5,1644 5,1990
776 22:32
4,4204 4,4537
4,0575 4,0909
4,5237 4,5575
5,1639 5,1985
777 22:33
4,4203 4,4540
4,0574 4,0912
4,5235 4,5578
5,1639 5,1989
778 22:34
4,4201 4,4541
4,0566 4,0911
4,5232 4,5577
5,1634 5,1982
779 22:35
4,4207 4,4549
4,0573 4,0919
4,5239 4,5587
5,1634 5,1993
780 22:36
4,4213 4,4554
4,0582 4,0924
4,5245 4,5592
5,1643 5,1999
781 22:37
4,4213 4,4550
4,0579 4,0921
4,5242 4,5588
5,1644 5,1994
782 22:38
4,4216 4,4556
4,0581 4,0925
4,5244 4,5594
5,1646 5,2000
783 22:39
4,4211 4,4551
4,0575 4,0916
4,5237 4,5588
5,1640 5,1988
784 22:40
4,4212 4,4541
4,0577 4,0908
4,5245 4,5579
5,1643 5,1983
785 22:41
4,4206 4,4545
4,0573 4,0917
4,5238 4,5583
5,1634 5,1987
786 22:42
4,4206 4,4547
4,0572 4,0917
4,5238 4,5589
5,1635 5,1991
787 22:43
4,4204 4,4550
4,0570 4,0920
4,5236 4,5588
5,1630 5,1993
788 22:44
4,4205 4,4550
4,0571 4,0916
4,5237 4,5588
5,1634 5,1994
789 22:45
4,4201 4,4555
4,0568 4,0922
4,5233 4,5595
5,1629 5,1999
790 22:46
4,4199 4,4554
4,0565 4,0924
4,5231 4,5592
5,1627 5,1999
791 22:47
4,4195 4,4555
4,0561 4,0924
4,5231 4,5596
5,1623 5,1999
792 22:48
4,4201 4,4557
4,0567 4,0923
4,5233 4,5599
5,1627 5,2000
793 22:49
4,4199 4,4562
4,0564 4,0927
4,5236 4,5608
5,1626 5,2007
794 22:50
4,4182 4,4572
4,0547 4,0937
4,5217 4,5614
5,1601 5,2017
795 22:51
4,4131 4,4609
4,0499 4,0970
4,5160 4,5651
5,1563 5,2036
796 22:52
4,4172 4,4575
4,0538 4,0940
4,5207 4,5618
5,1593 5,2018
797 22:53
4,4172 4,4575
4,0538 4,0940
4,5205 4,5619
5,1593 5,2018
798 22:54
4,4171 4,4576
4,0539 4,0944
4,5202 4,5619
5,1591 5,2014
799 22:55
4,4171 4,4576
4,0537 4,0941
4,5204 4,5619
5,1593 5,2019
800 22:56
4,4166 4,4578
4,0528 4,0938
4,5192 4,5616
5,1580 5,2013
801 22:57
4,4167 4,4577
4,0529 4,0941
4,5189 4,5615
5,1576 5,2011
802 22:58
4,4124 4,4604
4,0488 4,0965
4,5147 4,5642
5,1527 5,2046
803 22:59
4,4174 4,4573
4,0531 4,0959
4,5062 4,5766
5,1584 5,2009
804 23:00
Definite connection error