#======================
2023-9-14
# 1.EUR, 2.USD, 3.CHF, 4.GBP
Sell Price, Buy Price
1 07:48:21
4,6091 4,6434
4,2882 4,3221
4,8084 4,8433
5,3629 5,3986
2 07:49:21
4,6091 4,6434
4,2878 4,3221
4,8084 4,8433
5,3629 5,3986
3 07:50:21
4,6091 4,6434
4,2878 4,3221
4,8085 4,8429
5,3629 5,3986
4 07:51:20
4,6091 4,6434
4,2878 4,3221
4,8085 4,8429
5,3629 5,3986
5 07:52:20
4,6086 4,6429
4,2873 4,3216
4,8078 4,8423
5,3623 5,3980
6 07:53:21
4,6086 4,6429
4,2873 4,3216
4,8078 4,8423
5,3617 5,3974
7 07:54:21
4,6086 4,6430
4,2875 4,3219
4,8078 4,8428
5,3622 5,3979
8 07:55:21
4,6086 4,6430
4,2879 4,3219
4,8078 4,8428
5,3622 5,3979
9 07:56:20
4,6086 4,6430
4,2879 4,3219
4,8082 4,8433
5,3622 5,3979
10 07:57:20
4,6086 4,6430
4,2879 4,3219
4,8089 4,8439
5,3628 5,3987
11 07:58:20
4,6086 4,6430
4,2879 4,3219
4,8087 4,8434
5,3627 5,3979
12 07:59:21
4,6085 4,6433
4,2878 4,3222
4,8086 4,8437
5,3627 5,3984
13 08:00:21
4,6085 4,6433
4,2878 4,3222
4,8086 4,8437
5,3627 5,3984
14 08:01:21
4,6093 4,6416
4,2886 4,3208
4,8093 4,8422
5,3634 5,3968
15 08:02:21
4,6093 4,6416
4,2882 4,3204
4,8093 4,8422
5,3633 5,3967
16 08:03:21
4,6093 4,6416
4,2888 4,3210
4,8093 4,8422
5,3633 5,3967
17 08:04:21
4,6093 4,6416
4,2888 4,3210
4,8093 4,8422
5,3615 5,3949
18 08:05:21
4,6106 4,6429
4,2898 4,3220
4,8106 4,8435
5,3632 5,3966
19 08:06:21
4,6089 4,6412
4,2883 4,3205
4,8089 4,8418
5,3613 5,3947
20 08:07:21
4,6089 4,6412
4,2882 4,3204
4,8088 4,8417
5,3603 5,3937
21 08:08:21
4,6084 4,6407
4,2877 4,3199
4,8083 4,8412
5,3600 5,3934
22 08:09:20
4,6085 4,6408
4,2879 4,3201
4,8085 4,8414
5,3603 5,3937
23 08:10:20
4,6086 4,6409
4,2879 4,3201
4,8085 4,8414
5,3607 5,3941
24 08:11:20
4,6086 4,6409
4,2879 4,3201
4,8075 4,8404
5,3607 5,3941
25 08:12:21
4,6086 4,6409
4,2891 4,3213
4,8075 4,8404
5,3612 5,3946
26 08:13:21
4,6085 4,6408
4,2891 4,3213
4,8075 4,8404
5,3612 5,3946
27 08:14:21
4,6085 4,6408
4,2891 4,3213
4,8077 4,8406
5,3621 5,3955
28 08:15:21
4,6086 4,6409
4,2891 4,3213
4,8081 4,8410
5,3625 5,3959
29 08:16:21
4,6086 4,6409
4,2893 4,3215
4,8078 4,8407
5,3625 5,3959
30 08:17:20
4,6086 4,6409
4,2893 4,3215
4,8078 4,8407
5,3625 5,3959
31 08:18:20
4,6086 4,6409
4,2889 4,3211
4,8078 4,8407
5,3625 5,3959
32 08:19:20
4,6077 4,6400
4,2887 4,3209
4,8069 4,8398
5,3615 5,3949
33 08:20:20
4,6078 4,6401
4,2888 4,3210
4,8070 4,8399
5,3619 5,3953
34 08:21:21
4,6086 4,6409
4,2895 4,3217
4,8078 4,8407
5,3628 5,3962
35 08:22:21
4,6086 4,6409
4,2895 4,3217
4,8075 4,8404
5,3628 5,3962
36 08:23:21
4,6083 4,6406
4,2882 4,3204
4,8072 4,8401
5,3621 5,3955
37 08:24:21
4,6083 4,6406
4,2880 4,3202
4,8072 4,8401
5,3621 5,3955
38 08:25:20
4,6084 4,6407
4,2882 4,3204
4,8074 4,8403
5,3623 5,3957
39 08:26:20
4,6084 4,6407
4,2882 4,3204
4,8074 4,8403
5,3623 5,3957
40 08:27:21
4,6084 4,6407
4,2882 4,3204
4,8081 4,8410
5,3623 5,3957
41 08:28:21
4,6088 4,6411
4,2899 4,3221
4,8085 4,8414
5,3627 5,3961
42 08:29:21
4,6088 4,6411
4,2899 4,3221
4,8085 4,8414
5,3630 5,3964
43 08:30:21
4,6080 4,6403
4,2892 4,3214
4,8078 4,8407
5,3628 5,3962
44 08:31:21
4,6079 4,6402
4,2890 4,3212
4,8073 4,8402
5,3626 5,3960
45 08:32:21
4,6077 4,6400
4,2889 4,3211
4,8064 4,8393
5,3623 5,3957
46 08:33:21
4,6079 4,6402
4,2891 4,3213
4,8069 4,8398
5,3623 5,3957
47 08:34:20
4,6081 4,6404
4,2890 4,3212
4,8068 4,8397
5,3625 5,3959
48 08:35:21
4,6081 4,6404
4,2890 4,3212
4,8068 4,8397
5,3625 5,3959
49 08:36:21
4,6076 4,6399
4,2886 4,3208
4,8062 4,8391
5,3610 5,3944
50 08:37:21
4,6076 4,6399
4,2886 4,3208
4,8062 4,8391
5,3610 5,3944
51 08:38:20
4,6076 4,6399
4,2886 4,3208
4,8062 4,8391
5,3610 5,3944
52 08:39:20
4,6076 4,6399
4,2888 4,3210
4,8062 4,8391
5,3612 5,3946
53 08:40:20
4,6076 4,6399
4,2888 4,3210
4,8065 4,8394
5,3613 5,3947
54 08:41:21
4,6076 4,6399
4,2888 4,3210
4,8065 4,8394
5,3610 5,3944
55 08:42:21
4,6076 4,6399
4,2888 4,3210
4,8065 4,8394
5,3610 5,3944
56 08:43:21
4,6076 4,6399
4,2894 4,3216
4,8065 4,8394
5,3613 5,3947
57 08:44:21
4,6069 4,6392
4,2888 4,3210
4,8061 4,8390
5,3606 5,3940
58 08:45:20
4,6069 4,6392
4,2888 4,3210
4,8061 4,8390
5,3606 5,3940
59 08:46:20
4,6083 4,6406
4,2900 4,3222
4,8080 4,8409
5,3627 5,3961
60 08:47:21
4,6083 4,6406
4,2883 4,3205
4,8081 4,8410
5,3625 5,3959
61 08:48:21
4,6085 4,6408
4,2884 4,3206
4,8082 4,8411
5,3627 5,3961
62 08:49:21
4,6085 4,6408
4,2890 4,3212
4,8082 4,8411
5,3633 5,3967
63 08:50:21
4,6084 4,6407
4,2889 4,3211
4,8086 4,8415
5,3632 5,3966
64 08:51:21
4,6100 4,6423
4,2910 4,3232
4,8106 4,8435
5,3651 5,3985
65 08:52:21
4,6104 4,6427
4,2916 4,3238
4,8112 4,8441
5,3655 5,3989
66 08:53:21
4,6097 4,6420
4,2909 4,3231
4,8105 4,8434
5,3647 5,3981
67 08:54:20
4,6099 4,6422
4,2915 4,3237
4,8107 4,8436
5,3649 5,3983
68 08:55:20
4,6102 4,6425
4,2916 4,3238
4,8110 4,8439
5,3650 5,3984
69 08:56:20
4,6111 4,6434
4,2929 4,3251
4,8120 4,8449
5,3661 5,3995
70 08:57:21
4,6111 4,6434
4,2929 4,3251
4,8120 4,8449
5,3661 5,3995
71 08:58:21
4,6111 4,6434
4,2927 4,3249
4,8120 4,8449
5,3661 5,3995
72 08:59:21
4,6102 4,6425
4,2914 4,3236
4,8110 4,8439
5,3650 5,3984
73 09:00:21
4,6102 4,6425
4,2914 4,3236
4,8110 4,8439
5,3650 5,3984
74 09:01:21
4,6102 4,6425
4,2916 4,3238
4,8110 4,8439
5,3650 5,3984
75 09:02:21
4,6111 4,6434
4,2925 4,3247
4,8120 4,8449
5,3661 5,3995
76 09:03:20
4,6111 4,6434
4,2927 4,3249
4,8120 4,8449
5,3651 5,3985
77 09:04:21
4,6111 4,6434
4,2931 4,3253
4,8097 4,8426
5,3654 5,3988
78 09:05:21
4,6111 4,6434
4,2935 4,3257
4,8097 4,8426
5,3654 5,3988
79 09:06:21
4,6111 4,6435
4,2931 4,3254
4,8088 4,8417
5,3655 5,3989
80 09:07:21
4,6111 4,6435
4,2935 4,3258
4,8084 4,8413
5,3652 5,3986
81 09:08:20
4,6111 4,6435
4,2933 4,3256
4,8079 4,8408
5,3652 5,3986
82 09:09:20
4,6111 4,6435
4,2935 4,3258
4,8079 4,8408
5,3652 5,3986
83 09:10:21
4,6111 4,6435
4,2939 4,3262
4,8083 4,8412
5,3652 5,3986
84 09:11:21
4,6128 4,6452
4,2953 4,3276
4,8104 4,8433
5,3675 5,4009
85 09:12:21
4,6142 4,6466
4,2967 4,3290
4,8116 4,8445
5,3691 5,4025
86 09:13:20
4,6142 4,6466
4,2967 4,3290
4,8122 4,8451
5,3691 5,4025
87 09:14:20
4,6142 4,6466
4,2967 4,3290
4,8120 4,8449
5,3694 5,4028
88 09:15:20
4,6184 4,6508
4,3006 4,3329
4,8164 4,8493
5,3743 5,4077
89 09:16:21
4,6186 4,6510
4,3008 4,3331
4,8168 4,8497
5,3745 5,4079
90 09:17:21
4,6219 4,6543
4,3050 4,3373
4,8203 4,8532
5,3783 5,4117
91 09:18:21
4,6219 4,6543
4,3049 4,3372
4,8203 4,8532
5,3781 5,4115
92 09:19:21
4,6219 4,6543
4,3049 4,3372
4,8208 4,8537
5,3775 5,4109
93 09:20:21
4,6210 4,6534
4,3041 4,3364
4,8199 4,8528
5,3755 5,4089
94 09:21:21
4,6188 4,6512
4,3022 4,3345
4,8178 4,8507
5,3729 5,4063
95 09:22:21
4,6188 4,6512
4,3022 4,3345
4,8178 4,8507
5,3729 5,4063
96 09:23:20
4,6203 4,6527
4,3036 4,3359
4,8196 4,8525
5,3756 5,4090
97 09:24:20
4,6203 4,6527
4,3036 4,3359
4,8196 4,8525
5,3755 5,4089
98 09:25:21
4,6207 4,6531
4,3041 4,3364
4,8198 4,8527
5,3764 5,4098
99 09:26:21
4,6206 4,6530
4,3039 4,3362
4,8199 4,8528
5,3762 5,4096
100 09:27:21
4,6206 4,6530
4,3039 4,3362
4,8197 4,8526
5,3762 5,4096
101 09:28:21
4,6190 4,6514
4,3020 4,3343
4,8178 4,8507
5,3744 5,4078
102 09:29:20
4,6190 4,6514
4,3014 4,3337
4,8178 4,8507
5,3744 5,4078
103 09:30:21
4,6190 4,6514
4,3012 4,3335
4,8168 4,8497
5,3735 5,4069
104 09:31:21
4,6181 4,6504
4,2999 4,3322
4,8152 4,8481
5,3723 5,4057
105 09:32:21
4,6173 4,6496
4,2991 4,3314
4,8144 4,8473
5,3713 5,4047
106 09:33:21
4,6154 4,6477
4,2973 4,3296
4,8124 4,8453
5,3691 5,4025
107 09:34:21
4,6154 4,6477
4,2973 4,3296
4,8126 4,8455
5,3691 5,4025
108 09:35:20
4,6154 4,6477
4,2973 4,3296
4,8126 4,8455
5,3694 5,4028
109 09:36:20
4,6148 4,6471
4,2968 4,3291
4,8120 4,8449
5,3688 5,4022
110 09:37:21
4,6144 4,6467
4,2965 4,3288
4,8109 4,8438
5,3686 5,4020
111 09:38:21
4,6144 4,6467
4,2975 4,3298
4,8109 4,8438
5,3686 5,4020
112 09:39:21
4,6144 4,6467
4,2975 4,3298
4,8109 4,8438
5,3686 5,4020
113 09:40:21
4,6120 4,6443
4,2954 4,3277
4,8084 4,8413
5,3643 5,3977
114 09:41:20
4,6119 4,6442
4,2953 4,3276
4,8078 4,8407
5,3642 5,3976
115 09:42:20
4,6119 4,6442
4,2955 4,3278
4,8078 4,8407
5,3642 5,3976
116 09:43:21
4,6119 4,6442
4,2953 4,3276
4,8078 4,8407
5,3642 5,3976
117 09:44:21
4,6119 4,6442
4,2953 4,3276
4,8078 4,8407
5,3642 5,3976
118 09:45:21
4,6114 4,6437
4,2949 4,3272
4,8072 4,8401
5,3629 5,3963
119 09:46:21
4,6114 4,6437
4,2949 4,3272
4,8072 4,8402
5,3630 5,3964
120 09:47:20
4,6114 4,6437
4,2949 4,3272
4,8060 4,8390
5,3639 5,3973
121 09:48:20
4,6114 4,6437
4,2949 4,3272
4,8057 4,8387
5,3639 5,3973
122 09:49:21
4,6099 4,6422
4,2935 4,3258
4,8042 4,8372
5,3621 5,3955
123 09:50:21
4,6099 4,6422
4,2935 4,3258
4,8042 4,8372
5,3628 5,3962
124 09:51:21
4,6086 4,6409
4,2920 4,3243
4,8028 4,8358
5,3612 5,3946
125 09:52:20
4,6106 4,6429
4,2938 4,3261
4,8048 4,8378
5,3636 5,3970
126 09:53:21
4,6109 4,6432
4,2946 4,3269
4,8051 4,8381
5,3632 5,3966
127 09:54:21
4,6109 4,6432
4,2946 4,3269
4,8052 4,8382
5,3636 5,3970
128 09:55:21
4,6093 4,6416
4,2931 4,3254
4,8040 4,8370
5,3621 5,3955
129 09:56:21
4,6093 4,6416
4,2931 4,3254
4,8040 4,8370
5,3621 5,3955
130 09:57:21
4,6129 4,6452
4,2965 4,3288
4,8081 4,8411
5,3663 5,3997
131 09:58:20
4,6125 4,6448
4,2970 4,3293
4,8079 4,8409
5,3658 5,3992
132 09:59:20
4,6125 4,6448
4,2973 4,3296
4,8081 4,8411
5,3686 5,4020
133 10:00:21
4,6126 4,6449
4,2974 4,3297
4,8082 4,8412
5,3688 5,4022
134 10:01:21
4,6119 4,6442
4,2967 4,3290
4,8075 4,8405
5,3679 5,4013
135 10:02:21
4,6119 4,6442
4,2967 4,3290
4,8067 4,8397
5,3679 5,4013
136 10:03:21
4,6119 4,6442
4,2955 4,3278
4,8067 4,8397
5,3679 5,4013
137 10:04:21
4,6119 4,6442
4,2955 4,3278
4,8067 4,8397
5,3679 5,4013
138 10:05:20
4,6119 4,6442
4,2957 4,3280
4,8065 4,8395
5,3679 5,4013
139 10:06:20
4,6119 4,6442
4,2957 4,3280
4,8062 4,8392
5,3679 5,4013
140 10:07:20
4,6087 4,6410
4,2927 4,3250
4,8028 4,8358
5,3627 5,3961
141 10:08:20
4,6086 4,6409
4,2928 4,3251
4,8028 4,8358
5,3628 5,3962
142 10:09:20
4,6086 4,6409
4,2928 4,3251
4,8028 4,8358
5,3628 5,3962
143 10:10:21
4,6115 4,6438
4,2958 4,3281
4,8056 4,8386
5,3664 5,3998
144 10:11:21
4,6121 4,6444
4,2960 4,3283
4,8062 4,8392
5,3669 5,4003
145 10:12:21
4,6121 4,6444
4,2958 4,3281
4,8062 4,8392
5,3669 5,4003
146 10:13:21
4,6124 4,6447
4,2961 4,3284
4,8065 4,8395
5,3689 5,4023
147 10:14:20
4,6124 4,6447
4,2965 4,3288
4,8062 4,8392
5,3689 5,4023
148 10:15:20
4,6128 4,6451
4,2969 4,3292
4,8075 4,8405
5,3694 5,4028
149 10:16:21
4,6130 4,6453
4,2973 4,3296
4,8077 4,8407
5,3693 5,4027
150 10:17:21
4,6130 4,6453
4,2973 4,3296
4,8077 4,8407
5,3696 5,4030
151 10:18:21
4,6107 4,6430
4,2951 4,3274
4,8053 4,8383
5,3669 5,4003
152 10:19:21
4,6108 4,6431
4,2952 4,3275
4,8046 4,8376
5,3670 5,4004
153 10:20:21
4,6108 4,6431
4,2952 4,3275
4,8046 4,8376
5,3657 5,3991
154 10:21:20
4,6108 4,6431
4,2944 4,3267
4,8043 4,8373
5,3657 5,3991
155 10:22:20
4,6108 4,6431
4,2944 4,3267
4,8043 4,8373
5,3654 5,3988
156 10:23:21
4,6111 4,6434
4,2947 4,3270
4,8047 4,8377
5,3668 5,4002
157 10:24:21
4,6111 4,6434
4,2947 4,3270
4,8049 4,8379
5,3657 5,3991
158 10:25:21
4,6111 4,6434
4,2943 4,3266
4,8054 4,8384
5,3658 5,3992
159 10:26:20
4,6135 4,6458
4,2966 4,3289
4,8080 4,8410
5,3689 5,4023
160 10:27:20
4,6163 4,6486
4,2991 4,3314
4,8108 4,8438
5,3719 5,4053
161 10:28:21
4,6162 4,6485
4,2996 4,3319
4,8105 4,8435
5,3714 5,4048
162 10:29:21
4,6168 4,6491
4,3002 4,3325
4,8111 4,8441
5,3721 5,4055
163 10:30:21
4,6168 4,6491
4,3002 4,3325
4,8111 4,8441
5,3725 5,4059
164 10:31:20
4,6166 4,6489
4,3000 4,3323
4,8109 4,8439
5,3727 5,4061
165 10:32:20
4,6166 4,6489
4,2988 4,3311
4,8109 4,8439
5,3728 5,4062
166 10:33:21
4,6143 4,6466
4,2967 4,3290
4,8093 4,8423
5,3705 5,4039
167 10:34:21
4,6143 4,6466
4,2971 4,3294
4,8093 4,8423
5,3705 5,4039
168 10:35:23
4,6143 4,6466
4,2969 4,3292
4,8093 4,8423
5,3699 5,4033
169 10:36:20
4,6143 4,6466
4,2971 4,3294
4,8093 4,8423
5,3699 5,4033
170 10:37:20
4,6149 4,6472
4,2976 4,3299
4,8099 4,8429
5,3706 5,4040
171 10:38:21
4,6152 4,6475
4,2977 4,3300
4,8101 4,8431
5,3701 5,4035
172 10:39:21
4,6155 4,6478
4,2979 4,3302
4,8095 4,8425
5,3706 5,4040
173 10:40:21
4,6143 4,6466
4,2969 4,3292
4,8084 4,8414
5,3689 5,4023
174 10:41:21
4,6136 4,6459
4,2962 4,3285
4,8077 4,8407
5,3681 5,4015
175 10:42:20
4,6136 4,6459
4,2962 4,3285
4,8085 4,8415
5,3681 5,4015
176 10:43:20
4,6112 4,6435
4,2939 4,3262
4,8060 4,8390
5,3647 5,3981
177 10:44:20
4,6110 4,6433
4,2944 4,3267
4,8060 4,8390
5,3645 5,3979
178 10:45:21
4,6102 4,6425
4,2936 4,3259
4,8052 4,8382
5,3641 5,3975
179 10:46:21
4,6105 4,6428
4,2939 4,3262
4,8052 4,8382
5,3635 5,3969
180 10:47:21
4,6105 4,6428
4,2939 4,3262
4,8052 4,8382
5,3635 5,3969
181 10:48:21
4,6105 4,6428
4,2937 4,3260
4,8052 4,8382
5,3638 5,3972
182 10:49:20
4,6105 4,6428
4,2937 4,3260
4,8052 4,8382
5,3638 5,3972
183 10:50:20
4,6105 4,6428
4,2945 4,3268
4,8052 4,8382
5,3638 5,3972
184 10:51:21
4,6105 4,6428
4,2949 4,3272
4,8052 4,8382
5,3638 5,3972
185 10:52:21
4,6105 4,6428
4,2947 4,3270
4,8052 4,8382
5,3660 5,3994
186 10:53:21
4,6100 4,6423
4,2943 4,3266
4,8048 4,8378
5,3655 5,3989
187 10:54:21
4,6100 4,6423
4,2945 4,3268
4,8048 4,8378
5,3655 5,3989
188 10:55:21
4,6100 4,6423
4,2947 4,3270
4,8048 4,8378
5,3655 5,3989
189 10:56:21
4,6100 4,6423
4,2947 4,3270
4,8048 4,8378
5,3655 5,3989
190 10:57:21
4,6108 4,6431
4,2954 4,3277
4,8076 4,8406
5,3658 5,3992
191 10:58:21
4,6108 4,6431
4,2960 4,3283
4,8078 4,8408
5,3661 5,3995
192 10:59:20
4,6115 4,6438
4,2967 4,3290
4,8087 4,8417
5,3673 5,4007
193 11:00:20
4,6105 4,6428
4,2957 4,3280
4,8076 4,8406
5,3661 5,3995
194 11:01:21
4,6106 4,6429
4,2958 4,3281
4,8074 4,8404
5,3661 5,3995
195 11:02:21
4,6106 4,6429
4,2958 4,3281
4,8069 4,8399
5,3664 5,3998
196 11:03:21
4,6106 4,6429
4,2958 4,3281
4,8069 4,8399
5,3664 5,3998
197 11:04:20
4,6110 4,6433
4,2962 4,3285
4,8073 4,8403
5,3670 5,4004
198 11:05:20
4,6102 4,6425
4,2954 4,3277
4,8062 4,8392
5,3660 5,3994
199 11:06:21
4,6104 4,6427
4,2948 4,3271
4,8064 4,8394
5,3649 5,3983
200 11:07:21
4,6104 4,6427
4,2948 4,3271
4,8064 4,8394
5,3650 5,3984
201 11:08:21
4,6104 4,6427
4,2950 4,3273
4,8064 4,8394
5,3646 5,3980
202 11:09:21
4,6092 4,6415
4,2939 4,3262
4,8051 4,8381
5,3631 5,3965
203 11:10:20
4,6094 4,6417
4,2944 4,3267
4,8054 4,8384
5,3635 5,3969
204 11:11:20
4,6094 4,6417
4,2941 4,3264
4,8054 4,8384
5,3631 5,3965
205 11:12:21
4,6094 4,6417
4,2939 4,3262
4,8054 4,8384
5,3635 5,3969
206 11:13:21
4,6094 4,6417
4,2939 4,3262
4,8061 4,8391
5,3625 5,3959
207 11:14:21
4,6094 4,6417
4,2939 4,3262
4,8061 4,8391
5,3625 5,3959
208 11:15:21
4,6094 4,6417
4,2933 4,3256
4,8061 4,8391
5,3625 5,3959
209 11:16:20
4,6094 4,6417
4,2935 4,3258
4,8064 4,8394
5,3625 5,3959
210 11:17:20
4,6094 4,6417
4,2935 4,3258
4,8066 4,8396
5,3625 5,3959
211 11:18:21
4,6092 4,6415
4,2933 4,3256
4,8065 4,8395
5,3636 5,3970
212 11:19:21
4,6090 4,6413
4,2931 4,3254
4,8063 4,8393
5,3634 5,3968
213 11:20:21
4,6091 4,6414
4,2938 4,3261
4,8069 4,8399
5,3635 5,3969
214 11:21:21
4,6092 4,6415
4,2939 4,3262
4,8069 4,8399
5,3636 5,3970
215 11:22:20
4,6090 4,6413
4,2937 4,3260
4,8067 4,8397
5,3633 5,3967
216 11:23:20
4,6091 4,6414
4,2947 4,3270
4,8071 4,8401
5,3638 5,3972
217 11:24:20
4,6091 4,6414
4,2946 4,3269
4,8076 4,8406
5,3641 5,3975
218 11:25:21
4,6091 4,6414
4,2946 4,3269
4,8078 4,8408
5,3641 5,3975
219 11:26:21
4,6086 4,6409
4,2942 4,3265
4,8074 4,8404
5,3632 5,3966
220 11:27:20
4,6084 4,6407
4,2942 4,3265
4,8076 4,8406
5,3630 5,3964
221 11:28:20
4,6081 4,6404
4,2942 4,3265
4,8073 4,8403
5,3626 5,3960
222 11:29:20
4,6078 4,6401
4,2940 4,3263
4,8070 4,8400
5,3623 5,3957
223 11:30:21
4,6078 4,6401
4,2942 4,3265
4,8070 4,8400
5,3623 5,3957
224 11:31:21
4,6078 4,6401
4,2946 4,3269
4,8070 4,8400
5,3623 5,3957
225 11:32:21
4,6109 4,6432
4,2978 4,3301
4,8103 4,8433
5,3667 5,4001
226 11:33:20
4,6109 4,6432
4,2979 4,3302
4,8102 4,8432
5,3665 5,3999
227 11:34:20
4,6109 4,6432
4,2979 4,3302
4,8102 4,8432
5,3669 5,4003
228 11:35:21
4,6115 4,6438
4,2984 4,3307
4,8108 4,8438
5,3675 5,4009
229 11:36:21
4,6112 4,6435
4,2981 4,3304
4,8105 4,8435
5,3656 5,3990
230 11:37:21
4,6113 4,6436
4,2983 4,3306
4,8107 4,8437
5,3651 5,3985
231 11:38:21
4,6113 4,6436
4,2985 4,3308
4,8102 4,8432
5,3650 5,3984
232 11:39:20
4,6113 4,6436
4,2987 4,3310
4,8102 4,8432
5,3654 5,3988
233 11:40:20
4,6143 4,6466
4,3014 4,3337
4,8132 4,8462
5,3689 5,4023
234 11:41:21
4,6143 4,6466
4,3013 4,3336
4,8133 4,8463
5,3689 5,4023
235 11:42:21
4,6143 4,6466
4,3011 4,3334
4,8140 4,8470
5,3689 5,4023
236 11:43:21
4,6143 4,6466
4,3011 4,3334
4,8140 4,8470
5,3689 5,4023
237 11:44:20
4,6155 4,6478
4,3022 4,3345
4,8153 4,8483
5,3701 5,4035
238 11:45:21
4,6157 4,6480
4,3023 4,3346
4,8155 4,8485
5,3705 5,4039
239 11:46:21
4,6157 4,6480
4,3029 4,3352
4,8150 4,8480
5,3705 5,4039
240 11:47:21
4,6189 4,6512
4,3060 4,3383
4,8183 4,8513
5,3743 5,4077
241 11:48:21
4,6189 4,6512
4,3062 4,3385
4,8186 4,8516
5,3733 5,4067
242 11:49:21
4,6189 4,6512
4,3067 4,3390
4,8186 4,8516
5,3733 5,4067
243 11:50:21
4,6191 4,6514
4,3070 4,3393
4,8188 4,8518
5,3732 5,4066
244 11:51:21
4,6191 4,6514
4,3064 4,3387
4,8188 4,8518
5,3729 5,4063
245 11:52:21
4,6191 4,6514
4,3064 4,3387
4,8191 4,8521
5,3729 5,4063
246 11:53:20
4,6184 4,6507
4,3057 4,3380
4,8183 4,8513
5,3721 5,4055
247 11:54:20
4,6112 4,6435
4,2984 4,3307
4,8105 4,8435
5,3631 5,3965
248 11:55:21
4,6100 4,6423
4,2973 4,3296
4,8091 4,8421
5,3629 5,3963
249 11:56:21
4,6100 4,6423
4,2971 4,3294
4,8091 4,8421
5,3629 5,3963
250 11:57:21
4,6094 4,6417
4,2966 4,3289
4,8085 4,8415
5,3622 5,3956
251 11:58:20
4,6094 4,6417
4,2965 4,3288
4,8084 4,8414
5,3621 5,3955
252 11:59:20
4,6060 4,6383
4,2934 4,3257
4,8052 4,8382
5,3583 5,3917
253 12:00:21
4,6032 4,6355
4,2907 4,3230
4,8022 4,8352
5,3549 5,3883
254 12:01:21
4,6032 4,6355
4,2907 4,3230
4,8022 4,8352
5,3549 5,3883
255 12:02:21
4,6032 4,6355
4,2903 4,3226
4,8022 4,8352
5,3549 5,3883
256 12:03:20
4,6133 4,6456
4,2999 4,3322
4,8127 4,8457
5,3667 5,4001
257 12:04:20
4,6142 4,6465
4,3008 4,3331
4,8137 4,8467
5,3673 5,4007
258 12:05:21
4,6143 4,6466
4,3009 4,3332
4,8138 4,8468
5,3674 5,4008
259 12:06:21
4,6143 4,6466
4,3009 4,3332
4,8138 4,8468
5,3674 5,4008
260 12:07:20
4,6143 4,6466
4,3005 4,3328
4,8138 4,8468
5,3670 5,4004
261 12:08:20
4,6143 4,6466
4,3005 4,3328
4,8138 4,8468
5,3670 5,4004
262 12:09:21
4,6148 4,6471
4,3009 4,3332
4,8143 4,8473
5,3676 5,4010
263 12:10:21
4,6151 4,6474
4,3012 4,3335
4,8146 4,8476
5,3680 5,4014
264 12:11:21
4,6151 4,6474
4,3012 4,3335
4,8151 4,8481
5,3680 5,4014
265 12:12:21
4,6151 4,6474
4,3012 4,3335
4,8149 4,8479
5,3680 5,4014
266 12:13:20
4,6151 4,6474
4,3012 4,3335
4,8149 4,8479
5,3680 5,4014
267 12:14:21
4,6151 4,6474
4,3012 4,3335
4,8149 4,8479
5,3652 5,3986
268 12:15:21
4,6151 4,6474
4,3012 4,3335
4,8141 4,8471
5,3652 5,3986
269 12:16:21
4,6151 4,6474
4,3012 4,3335
4,8141 4,8471
5,3652 5,3986
270 12:17:21
4,6151 4,6474
4,3006 4,3329
4,8146 4,8476
5,3642 5,3976
271 12:18:20
4,6151 4,6474
4,3006 4,3329
4,8146 4,8476
5,3642 5,3976
272 12:19:20
4,6151 4,6474
4,3010 4,3333
4,8146 4,8476
5,3642 5,3976
273 12:20:21
4,6151 4,6474
4,3010 4,3333
4,8141 4,8471
5,3630 5,3964
274 12:21:21
4,6160 4,6483
4,3018 4,3341
4,8150 4,8480
5,3640 5,3974
275 12:22:21
4,6152 4,6475
4,3011 4,3334
4,8142 4,8472
5,3630 5,3964
276 12:23:20
4,6165 4,6488
4,3019 4,3342
4,8163 4,8493
5,3655 5,3989
277 12:24:21
4,6157 4,6480
4,3011 4,3334
4,8155 4,8485
5,3649 5,3983
278 12:25:21
4,6158 4,6481
4,3008 4,3331
4,8156 4,8486
5,3657 5,3991
279 12:26:21
4,6161 4,6484
4,3012 4,3335
4,8165 4,8495
5,3660 5,3994
280 12:27:21
4,6159 4,6482
4,3010 4,3333
4,8163 4,8493
5,3658 5,3992
281 12:28:20
4,6161 4,6484
4,3011 4,3334
4,8161 4,8491
5,3659 5,3993
282 12:29:20
4,6159 4,6482
4,3005 4,3328
4,8159 4,8489
5,3645 5,3979
283 12:30:21
4,6159 4,6482
4,3005 4,3328
4,8159 4,8489
5,3645 5,3979
284 12:31:21
4,6159 4,6482
4,3005 4,3328
4,8149 4,8479
5,3645 5,3979
285 12:32:20
4,6159 4,6482
4,3005 4,3328
4,8149 4,8479
5,3645 5,3979
286 12:33:21
4,6159 4,6482
4,3005 4,3328
4,8154 4,8484
5,3645 5,3979
287 12:34:20
4,6159 4,6482
4,3009 4,3332
4,8154 4,8484
5,3651 5,3985
288 12:35:20
4,6165 4,6488
4,3013 4,3336
4,8156 4,8486
5,3659 5,3993
289 12:36:21
4,6167 4,6490
4,3021 4,3344
4,8155 4,8485
5,3661 5,3995
290 12:37:21
4,6167 4,6490
4,3021 4,3344
4,8156 4,8486
5,3658 5,3992
291 12:38:21
4,6184 4,6507
4,3035 4,3358
4,8178 4,8508
5,3681 5,4015
292 12:39:21
4,6184 4,6507
4,3031 4,3354
4,8176 4,8506
5,3684 5,4018
293 12:40:21
4,6170 4,6493
4,3018 4,3341
4,8161 4,8491
5,3676 5,4010
294 12:41:20
4,6170 4,6493
4,3014 4,3337
4,8161 4,8491
5,3676 5,4010
295 12:42:20
4,6170 4,6493
4,3012 4,3335
4,8159 4,8489
5,3676 5,4010
296 12:43:21
4,6176 4,6499
4,3013 4,3336
4,8164 4,8494
5,3682 5,4016
297 12:44:21
4,6176 4,6499
4,3011 4,3334
4,8164 4,8494
5,3683 5,4017
298 12:45:20
4,6176 4,6499
4,3011 4,3334
4,8164 4,8494
5,3683 5,4017
299 12:46:20
4,6176 4,6499
4,3011 4,3334
4,8160 4,8490
5,3683 5,4017
300 12:47:21
4,6176 4,6499
4,3011 4,3334
4,8162 4,8492
5,3683 5,4017
301 12:48:21
4,6176 4,6499
4,3011 4,3334
4,8162 4,8492
5,3683 5,4017
302 12:49:21
4,6131 4,6454
4,2970 4,3293
4,8110 4,8440
5,3632 5,3966
303 12:50:20
4,6129 4,6452
4,2968 4,3291
4,8108 4,8438
5,3616 5,3950
304 12:51:21
4,6131 4,6454
4,2970 4,3293
4,8110 4,8440
5,3619 5,3953
305 12:52:21
4,6134 4,6457
4,2972 4,3295
4,8111 4,8441
5,3623 5,3957
306 12:53:21
4,6133 4,6456
4,2979 4,3302
4,8112 4,8442
5,3621 5,3955
307 12:54:21
4,6133 4,6456
4,2973 4,3296
4,8112 4,8442
5,3621 5,3955
308 12:55:20
4,6133 4,6456
4,2973 4,3296
4,8112 4,8442
5,3621 5,3955
309 12:56:21
4,6133 4,6456
4,2971 4,3294
4,8112 4,8442
5,3602 5,3936
310 12:57:21
4,6133 4,6456
4,2971 4,3294
4,8112 4,8442
5,3602 5,3936
311 12:58:21
4,6119 4,6442
4,2958 4,3281
4,8093 4,8423
5,3587 5,3921
312 12:59:21
4,6120 4,6443
4,2959 4,3282
4,8089 4,8419
5,3572 5,3906
313 13:00:21
4,6149 4,6472
4,2988 4,3311
4,8119 4,8449
5,3606 5,3940
314 13:01:20
4,6149 4,6472
4,2988 4,3311
4,8119 4,8449
5,3606 5,3940
315 13:02:20
4,6149 4,6472
4,2988 4,3311
4,8119 4,8449
5,3606 5,3940
316 13:03:20
4,6155 4,6478
4,2991 4,3314
4,8125 4,8455
5,3612 5,3946
317 13:04:21
4,6152 4,6475
4,2987 4,3310
4,8122 4,8452
5,3609 5,3943
318 13:05:21
4,6152 4,6475
4,2987 4,3310
4,8122 4,8452
5,3609 5,3943
319 13:06:21
4,6147 4,6470
4,2982 4,3305
4,8117 4,8447
5,3622 5,3956
320 13:07:21
4,6160 4,6483
4,2994 4,3317
4,8130 4,8460
5,3649 5,3983
321 13:08:20
4,6148 4,6471
4,2984 4,3307
4,8118 4,8448
5,3634 5,3968
322 13:09:20
4,6148 4,6471
4,2983 4,3306
4,8117 4,8447
5,3635 5,3969
323 13:10:21
4,6144 4,6467
4,2989 4,3312
4,8113 4,8443
5,3630 5,3964
324 13:11:21
4,6145 4,6468
4,2990 4,3313
4,8114 4,8444
5,3638 5,3972
325 13:12:21
4,6149 4,6472
4,2988 4,3311
4,8118 4,8448
5,3646 5,3980
326 13:13:21
4,6151 4,6474
4,2994 4,3317
4,8116 4,8446
5,3649 5,3983
327 13:14:20
4,6149 4,6472
4,2992 4,3315
4,8114 4,8444
5,3649 5,3983
328 13:15:20
4,6149 4,6472
4,2992 4,3315
4,8119 4,8449
5,3652 5,3986
329 13:16:21
4,6149 4,6472
4,2994 4,3317
4,8119 4,8449
5,3646 5,3980
330 13:17:21
4,6157 4,6480
4,3002 4,3325
4,8127 4,8457
5,3659 5,3993
331 13:18:21
4,6146 4,6469
4,2983 4,3306
4,8116 4,8446
5,3646 5,3980
332 13:19:21
4,6146 4,6469
4,2986 4,3309
4,8116 4,8446
5,3640 5,3974
333 13:20:20
4,6146 4,6469
4,2983 4,3306
4,8111 4,8441
5,3640 5,3974
334 13:21:20
4,6146 4,6469
4,2983 4,3306
4,8111 4,8441
5,3640 5,3974
335 13:22:21
4,6146 4,6469
4,2983 4,3306
4,8111 4,8441
5,3640 5,3974
336 13:23:21
4,6146 4,6469
4,2988 4,3311
4,8106 4,8436
5,3640 5,3974
337 13:24:21
4,6145 4,6468
4,2986 4,3309
4,8104 4,8434
5,3638 5,3972
338 13:25:21
4,6145 4,6468
4,2986 4,3309
4,8109 4,8439
5,3638 5,3972
339 13:26:20
4,6145 4,6468
4,2988 4,3311
4,8109 4,8439
5,3638 5,3972
340 13:27:20
4,6147 4,6470
4,2990 4,3313
4,8111 4,8441
5,3640 5,3974
341 13:28:21
4,6124 4,6447
4,2969 4,3292
4,8092 4,8422
5,3613 5,3947
342 13:29:21
4,6124 4,6447
4,2971 4,3294
4,8092 4,8422
5,3613 5,3947
343 13:30:21
4,6124 4,6447
4,2975 4,3298
4,8092 4,8422
5,3613 5,3947
344 13:31:21
4,6124 4,6447
4,2973 4,3296
4,8093 4,8423
5,3613 5,3947
345 13:32:20
4,6124 4,6447
4,2977 4,3300
4,8093 4,8423
5,3635 5,3969
346 13:33:20
4,6124 4,6447
4,2975 4,3298
4,8093 4,8423
5,3633 5,3967
347 13:34:21
4,6124 4,6447
4,2977 4,3300
4,8092 4,8422
5,3632 5,3966
348 13:35:21
4,6110 4,6433
4,2964 4,3287
4,8076 4,8406
5,3636 5,3970
349 13:36:21
4,6110 4,6433
4,2960 4,3283
4,8076 4,8406
5,3632 5,3966
350 13:37:21
4,6110 4,6433
4,2960 4,3283
4,8071 4,8401
5,3632 5,3966
351 13:38:21
4,6110 4,6433
4,2960 4,3283
4,8071 4,8401
5,3625 5,3959
352 13:39:21
4,6110 4,6433
4,2960 4,3283
4,8071 4,8401
5,3620 5,3954
353 13:40:20
4,6110 4,6433
4,2960 4,3283
4,8071 4,8401
5,3620 5,3954
354 13:41:21
4,6110 4,6434
4,2960 4,3283
4,8071 4,8401
5,3626 5,3960
355 13:42:21
4,6128 4,6452
4,2977 4,3300
4,8097 4,8427
5,3647 5,3981
356 13:43:21
4,6125 4,6449
4,2974 4,3297
4,8094 4,8424
5,3650 5,3984
357 13:44:21
4,6112 4,6436
4,2967 4,3290
4,8079 4,8409
5,3640 5,3974
358 13:45:21
4,6113 4,6437
4,2967 4,3290
4,8081 4,8411
5,3639 5,3973
359 13:46:21
4,6113 4,6437
4,2966 4,3289
4,8080 4,8410
5,3638 5,3972
360 13:47:20
4,6113 4,6437
4,2968 4,3291
4,8080 4,8410
5,3641 5,3975
361 13:48:20
4,6113 4,6437
4,2968 4,3291
4,8080 4,8410
5,3641 5,3975
362 13:49:21
4,6113 4,6437
4,2968 4,3291
4,8080 4,8410
5,3641 5,3975
363 13:50:21
4,6113 4,6437
4,2966 4,3289
4,8081 4,8411
5,3641 5,3975
364 13:51:21
4,6107 4,6431
4,2961 4,3284
4,8075 4,8405
5,3635 5,3969
365 13:52:21
4,6109 4,6433
4,2963 4,3286
4,8076 4,8406
5,3640 5,3974
366 13:53:20
4,6108 4,6432
4,2960 4,3283
4,8076 4,8406
5,3639 5,3973
367 13:54:20
4,6108 4,6432
4,2960 4,3283
4,8076 4,8406
5,3642 5,3976
368 13:55:20
4,6107 4,6431
4,2961 4,3284
4,8075 4,8405
5,3641 5,3975
369 13:56:21
4,6109 4,6433
4,2961 4,3284
4,8082 4,8412
5,3643 5,3977
370 13:57:21
4,6121 4,6445
4,2972 4,3295
4,8097 4,8427
5,3657 5,3991
371 13:58:21
4,6130 4,6454
4,2981 4,3304
4,8112 4,8442
5,3674 5,4008
372 13:59:21
4,6128 4,6452
4,2979 4,3302
4,8110 4,8440
5,3675 5,4009
373 14:00:20
4,6128 4,6452
4,2979 4,3302
4,8110 4,8440
5,3669 5,4003
374 14:01:20
4,6162 4,6486
4,3026 4,3349
4,8145 4,8475
5,3708 5,4042
375 14:02:21
4,6162 4,6486
4,3020 4,3343
4,8135 4,8465
5,3708 5,4042
376 14:03:21
4,6160 4,6484
4,3021 4,3344
4,8133 4,8463
5,3706 5,4040
377 14:04:21
4,6146 4,6470
4,3005 4,3328
4,8118 4,8448
5,3689 5,4023
378 14:05:20
4,6141 4,6465
4,3000 4,3323
4,8113 4,8443
5,3683 5,4017
379 14:06:20
4,6141 4,6465
4,3000 4,3323
4,8113 4,8443
5,3683 5,4017
380 14:07:21
4,6115 4,6439
4,2968 4,3291
4,8084 4,8414
5,3649 5,3983
381 14:08:21
4,6114 4,6438
4,2975 4,3298
4,8087 4,8417
5,3652 5,3986
382 14:09:21
4,6114 4,6438
4,2977 4,3300
4,8087 4,8417
5,3652 5,3986
383 14:10:21
4,6101 4,6425
4,2968 4,3291
4,8074 4,8404
5,3644 5,3978
384 14:11:21
4,6101 4,6425
4,2968 4,3291
4,8082 4,8412
5,3644 5,3978
385 14:12:20
4,6097 4,6421
4,2966 4,3289
4,8077 4,8407
5,3639 5,3973
386 14:13:21
4,6118 4,6442
4,2986 4,3309
4,8099 4,8429
5,3665 5,3999
387 14:14:21
4,6115 4,6439
4,2983 4,3306
4,8096 4,8426
5,3660 5,3994
388 14:15:21
4,6127 4,6451
4,2991 4,3316
4,8109 4,8439
5,3642 5,3993
389 14:16:21
4,6115 4,6443
4,2980 4,3310
4,8098 4,8428
5,3620 5,3977
390 14:17:21
4,6141 4,6465
4,3005 4,3328
4,8188 4,8521
5,3762 5,4096
391 14:18:20
4,6141 4,6465
4,3005 4,3328
4,8188 4,8521
5,3794 5,4128
392 14:19:20
4,6141 4,6465
4,3005 4,3328
4,8188 4,8521
5,3790 5,4124
393 14:20:21
4,6128 4,6453
4,3095 4,3418
4,8238 4,8569
5,3752 5,4086
394 14:21:21
4,6092 4,6421
4,3063 4,3389
4,8186 4,8521
5,3705 5,4044
395 14:22:21
4,6099 4,6423
4,3068 4,3391
4,8192 4,8522
5,3732 5,4066
396 14:23:21
4,6099 4,6423
4,3068 4,3391
4,8192 4,8522
5,3732 5,4066
397 14:24:20
4,6069 4,6393
4,3072 4,3395
4,8161 4,8491
5,3697 5,4031
398 14:25:21
4,6069 4,6393
4,3072 4,3395
4,8161 4,8491
5,3697 5,4031
399 14:26:21
4,6077 4,6401
4,3080 4,3403
4,8180 4,8510
5,3707 5,4041
400 14:27:21
4,6073 4,6397
4,3076 4,3399
4,8175 4,8505
5,3680 5,4014
401 14:28:21
4,6073 4,6397
4,3076 4,3399
4,8168 4,8498
5,3679 5,4013
402 14:29:21
4,6069 4,6393
4,3072 4,3395
4,8164 4,8494
5,3684 5,4018
403 14:30:21
4,6069 4,6393
4,3072 4,3395
4,8164 4,8494
5,3684 5,4018
404 14:31:21
4,6048 4,6376
4,3054 4,3379
4,8129 4,8469
5,3657 5,3995
405 14:32:20
4,6056 4,6380
4,3060 4,3383
4,8140 4,8470
5,3669 5,4003
406 14:33:21
4,6056 4,6380
4,3180 4,3503
4,8140 4,8470
5,3656 5,3990
407 14:34:21
4,6056 4,6380
4,3176 4,3499
4,8140 4,8470
5,3660 5,3994
408 14:35:21
4,6056 4,6380
4,3176 4,3499
4,8140 4,8470
5,3666 5,4000
409 14:36:21
4,6062 4,6388
4,3186 4,3509
4,8210 4,8540
5,3677 5,4011
410 14:37:21
4,6062 4,6388
4,3187 4,3510
4,8210 4,8540
5,3678 5,4012
411 14:38:20
4,6062 4,6388
4,3187 4,3510
4,8211 4,8541
5,3678 5,4012
412 14:39:21
4,6062 4,6388
4,3156 4,3479
4,8211 4,8541
5,3678 5,4012
413 14:40:21
4,6062 4,6388
4,3162 4,3485
4,8211 4,8541
5,3684 5,4018
414 14:41:21
4,6082 4,6408
4,3181 4,3504
4,8241 4,8571
5,3707 5,4041
415 14:42:21
4,6081 4,6407
4,3182 4,3505
4,8233 4,8563
5,3706 5,4040
416 14:43:20
4,6081 4,6407
4,3176 4,3499
4,8233 4,8563
5,3747 5,4081
417 14:44:20
4,6080 4,6406
4,3169 4,3492
4,8232 4,8562
5,3745 5,4079
418 14:45:21
4,6079 4,6405
4,3154 4,3477
4,8231 4,8561
5,3708 5,4042
419 14:46:21
4,6078 4,6402
4,3156 4,3479
4,8229 4,8559
5,3706 5,4040
420 14:47:21
4,6081 4,6405
4,3155 4,3478
4,8232 4,8562
5,3709 5,4043
421 14:48:21
4,6079 4,6403
4,3153 4,3476
4,8230 4,8560
5,3699 5,4033
422 14:49:21
4,6081 4,6405
4,3154 4,3477
4,8190 4,8520
5,3695 5,4029
423 14:50:20
4,6081 4,6405
4,3165 4,3488
4,8181 4,8511
5,3695 5,4029
424 14:51:21
4,6075 4,6401
4,3160 4,3483
4,8177 4,8507
5,3689 5,4023
425 14:52:21
4,6074 4,6400
4,3159 4,3482
4,8191 4,8521
5,3688 5,4022
426 14:53:21
4,6074 4,6400
4,3159 4,3482
4,8191 4,8521
5,3688 5,4022
427 14:54:20
4,6073 4,6399
4,3159 4,3482
4,8190 4,8520
5,3713 5,4047
428 14:55:20
4,6042 4,6368
4,3087 4,3410
4,8157 4,8487
5,3676 5,4010
429 14:56:21
4,6043 4,6367
4,3105 4,3428
4,8157 4,8487
5,3676 5,4010
430 14:57:21
4,6041 4,6365
4,3110 4,3433
4,8156 4,8486
5,3666 5,4000
431 14:58:21
4,6042 4,6366
4,3110 4,3433
4,8176 4,8506
5,3666 5,4000
432 14:59:20
4,6042 4,6366
4,3130 4,3453
4,8176 4,8506
5,3666 5,4000
433 15:00:20
4,6048 4,6372
4,3132 4,3455
4,8183 4,8513
5,3689 5,4023
434 15:01:21
4,6047 4,6373
4,3124 4,3447
4,8183 4,8513
5,3688 5,4022
435 15:02:21
4,6057 4,6383
4,3133 4,3456
4,8193 4,8523
5,3706 5,4040
436 15:03:21
4,6049 4,6375
4,3125 4,3448
4,8211 4,8541
5,3696 5,4030
437 15:04:20
4,6046 4,6372
4,3123 4,3446
4,8204 4,8534
5,3706 5,4040
438 15:05:20
4,6047 4,6373
4,3115 4,3438
4,8187 4,8517
5,3704 5,4038
439 15:06:21
4,6047 4,6373
4,3115 4,3438
4,8187 4,8517
5,3704 5,4038
440 15:07:21
4,6047 4,6373
4,3116 4,3439
4,8188 4,8518
5,3704 5,4038
441 15:08:21
4,6046 4,6372
4,3094 4,3417
4,8184 4,8514
5,3696 5,4030
442 15:09:20
4,6048 4,6374
4,3095 4,3418
4,8204 4,8534
5,3693 5,4027
443 15:10:21
4,6042 4,6368
4,3089 4,3412
4,8198 4,8528
5,3695 5,4029
444 15:11:21
4,6042 4,6368
4,3089 4,3412
4,8198 4,8528
5,3695 5,4029
445 15:12:21
4,6042 4,6368
4,3089 4,3412
4,8198 4,8528
5,3695 5,4029
446 15:13:21
4,6042 4,6368
4,3089 4,3412
4,8198 4,8528
5,3695 5,4029
447 15:14:20
4,6042 4,6368
4,3059 4,3382
4,8198 4,8528
5,3666 5,4000
448 15:15:21
4,6046 4,6372
4,3079 4,3402
4,8202 4,8532
5,3672 5,4006
449 15:16:21
4,6050 4,6376
4,3082 4,3405
4,8195 4,8525
5,3676 5,4010
450 15:17:21
4,6050 4,6376
4,3084 4,3407
4,8198 4,8528
5,3686 5,4020
451 15:18:20
4,6072 4,6398
4,3105 4,3428
4,8227 4,8557
5,3708 5,4042
452 15:19:20
4,6072 4,6398
4,3105 4,3428
4,8242 4,8572
5,3711 5,4045
453 15:20:21
4,6072 4,6398
4,3105 4,3428
4,8242 4,8572
5,3709 5,4043
454 15:21:21
4,6073 4,6397
4,3105 4,3428
4,8242 4,8572
5,3702 5,4036
455 15:22:21
4,6068 4,6392
4,3100 4,3423
4,8245 4,8575
5,3711 5,4045
456 15:23:20
4,6077 4,6401
4,3109 4,3432
4,8256 4,8586
5,3722 5,4056
457 15:24:20
4,6077 4,6401
4,3109 4,3432
4,8248 4,8578
5,3719 5,4053
458 15:25:21
4,6074 4,6398
4,3105 4,3428
4,8247 4,8577
5,3712 5,4046
459 15:26:21
4,6074 4,6398
4,3105 4,3428
4,8247 4,8577
5,3712 5,4046
460 15:27:20
4,6074 4,6398
4,3174 4,3497
4,8240 4,8570
5,3712 5,4046
461 15:28:20
4,6088 4,6412
4,3188 4,3511
4,8255 4,8585
5,3726 5,4060
462 15:29:21
4,6084 4,6408
4,3174 4,3497
4,8250 4,8580
5,3720 5,4054
463 15:30:21
4,6087 4,6411
4,3205 4,3528
4,8254 4,8584
5,3728 5,4062
464 15:31:21
4,6086 4,6412
4,3201 4,3524
4,8261 4,8591
5,3728 5,4062
465 15:32:20
4,6076 4,6402
4,3191 4,3514
4,8263 4,8593
5,3718 5,4052
466 15:33:20
4,6068 4,6394
4,3180 4,3503
4,8255 4,8585
5,3709 5,4043
467 15:34:21
4,6067 4,6393
4,3179 4,3502
4,8254 4,8584
5,3702 5,4036
468 15:35:21
4,6068 4,6394
4,3180 4,3503
4,8255 4,8585
5,3703 5,4037
469 15:36:21
4,6066 4,6392
4,3154 4,3477
4,8253 4,8583
5,3701 5,4035
470 15:37:21
4,6065 4,6391
4,3155 4,3478
4,8252 4,8582
5,3703 5,4037
471 15:38:21
4,6063 4,6389
4,3153 4,3476
4,8250 4,8580
5,3691 5,4025
472 15:39:20
4,6063 4,6389
4,3153 4,3476
4,8250 4,8580
5,3691 5,4025
473 15:40:21
4,6063 4,6389
4,3153 4,3476
4,8250 4,8580
5,3691 5,4025
474 15:41:21
4,6063 4,6389
4,3153 4,3476
4,8250 4,8580
5,3691 5,4025
475 15:42:21
4,6063 4,6389
4,3153 4,3476
4,8250 4,8580
5,3691 5,4025
476 15:43:21
4,6071 4,6397
4,3161 4,3484
4,8269 4,8599
5,3702 5,4036
477 15:44:20
4,6072 4,6398
4,3145 4,3468
4,8270 4,8600
5,3702 5,4036
478 15:45:21
4,6074 4,6400
4,3147 4,3470
4,8271 4,8601
5,3710 5,4044
479 15:46:21
4,6074 4,6400
4,3153 4,3476
4,8271 4,8601
5,3710 5,4044
480 15:47:21
4,6075 4,6401
4,3162 4,3485
4,8272 4,8602
5,3711 5,4045
481 15:48:21
4,6090 4,6416
4,3173 4,3496
4,8310 4,8640
5,3733 5,4067
482 15:49:21
4,6091 4,6417
4,3207 4,3530
4,8307 4,8637
5,3723 5,4057
483 15:50:20
4,6091 4,6417
4,3207 4,3530
4,8297 4,8627
5,3730 5,4064
484 15:51:20
4,6086 4,6412
4,3211 4,3534
4,8291 4,8621
5,3724 5,4058
485 15:52:21
4,6084 4,6410
4,3209 4,3532
4,8282 4,8612
5,3723 5,4057
486 15:53:21
4,6085 4,6411
4,3210 4,3533
4,8273 4,8603
5,3725 5,4059
487 15:54:21
4,6085 4,6411
4,3210 4,3533
4,8273 4,8603
5,3707 5,4041
488 15:55:21
4,6085 4,6411
4,3210 4,3533
4,8273 4,8603
5,3710 5,4044
489 15:56:20
4,6086 4,6410
4,3210 4,3533
4,8260 4,8590
5,3710 5,4044
490 15:57:20
4,6099 4,6423
4,3241 4,3564
4,8274 4,8604
5,3726 5,4060
491 15:58:21
4,6098 4,6422
4,3235 4,3558
4,8272 4,8602
5,3727 5,4061
492 15:59:21
4,6098 4,6422
4,3235 4,3558
4,8267 4,8597
5,3727 5,4061
493 16:00:21
4,6120 4,6444
4,3257 4,3580
4,8287 4,8617
5,3756 5,4090
494 16:01:20
4,6120 4,6444
4,3257 4,3580
4,8286 4,8616
5,3756 5,4090
495 16:02:20
4,6120 4,6444
4,3257 4,3580
4,8291 4,8621
5,3756 5,4090
496 16:03:21
4,6164 4,6488
4,3293 4,3616
4,8337 4,8667
5,3808 5,4142
497 16:04:21
4,6164 4,6488
4,3281 4,3604
4,8324 4,8654
5,3807 5,4141
498 16:05:20
4,6176 4,6500
4,3293 4,3616
4,8337 4,8667
5,3822 5,4156
499 16:06:20
4,6176 4,6500
4,3293 4,3616
4,8337 4,8667
5,3822 5,4156
500 16:07:20
4,6185 4,6509
4,3344 4,3667
4,8347 4,8677
5,3832 5,4166
501 16:08:21
4,6185 4,6509
4,3344 4,3667
4,8347 4,8677
5,3804 5,4138
502 16:09:21
4,6199 4,6523
4,3357 4,3680
4,8371 4,8701
5,3820 5,4154
503 16:10:20
4,6199 4,6523
4,3357 4,3680
4,8370 4,8700
5,3817 5,4151
504 16:11:20
4,6199 4,6523
4,3357 4,3680
4,8370 4,8700
5,3817 5,4151
505 16:12:21
4,6199 4,6523
4,3357 4,3680
4,8368 4,8698
5,3817 5,4151
506 16:13:21
4,6199 4,6523
4,3357 4,3680
4,8368 4,8698
5,3817 5,4151
507 16:14:21
4,6199 4,6523
4,3337 4,3660
4,8371 4,8701
5,3817 5,4151
508 16:15:21
4,6199 4,6523
4,3338 4,3661
4,8378 4,8708
5,3817 5,4151
509 16:16:20
4,6198 4,6522
4,3338 4,3661
4,8378 4,8708
5,3816 5,4150
510 16:17:21
4,6198 4,6522
4,3358 4,3681
4,8383 4,8713
5,3819 5,4153
511 16:18:21
4,6197 4,6521
4,3357 4,3680
4,8382 4,8712
5,3818 5,4152
512 16:19:21
4,6197 4,6521
4,3357 4,3680
4,8382 4,8712
5,3818 5,4152
513 16:20:21
4,6201 4,6525
4,3361 4,3684
4,8386 4,8716
5,3822 5,4156
514 16:21:20
4,6199 4,6523
4,3341 4,3664
4,8383 4,8713
5,3795 5,4129
515 16:22:20
4,6197 4,6521
4,3337 4,3660
4,8384 4,8714
5,3793 5,4127
516 16:23:21
4,6196 4,6520
4,3336 4,3659
4,8381 4,8711
5,3792 5,4126
517 16:24:21
4,6196 4,6520
4,3314 4,3637
4,8381 4,8711
5,3811 5,4145
518 16:25:21
4,6196 4,6520
4,3314 4,3637
4,8376 4,8706
5,3817 5,4151
519 16:26:21
4,6196 4,6520
4,3314 4,3637
4,8381 4,8711
5,3817 5,4151
520 16:27:20
4,6196 4,6520
4,3336 4,3659
4,8381 4,8711
5,3813 5,4147
521 16:28:20
4,6196 4,6520
4,3347 4,3670
4,8381 4,8711
5,3814 5,4148
522 16:29:20
4,6228 4,6552
4,3378 4,3701
4,8414 4,8744
5,3851 5,4185
523 16:30:21
4,6229 4,6553
4,3379 4,3702
4,8451 4,8781
5,3852 5,4186
524 16:31:21
4,6229 4,6553
4,3371 4,3694
4,8451 4,8781
5,3852 5,4186
525 16:32:21
4,6227 4,6551
4,3367 4,3690
4,8449 4,8779
5,3850 5,4184
526 16:33:21
4,6233 4,6557
4,3361 4,3684
4,8456 4,8786
5,3860 5,4194
527 16:34:20
4,6229 4,6553
4,3355 4,3678
4,8423 4,8753
5,3855 5,4189
528 16:35:20
4,6231 4,6555
4,3340 4,3663
4,8420 4,8750
5,3858 5,4192
529 16:36:21
4,6232 4,6556
4,3345 4,3668
4,8421 4,8751
5,3859 5,4193
530 16:37:21
4,6232 4,6556
4,3339 4,3662
4,8413 4,8743
5,3865 5,4199
531 16:38:21
4,6238 4,6562
4,3344 4,3667
4,8412 4,8742
5,3865 5,4199
532 16:39:21
4,6238 4,6562
4,3344 4,3667
4,8414 4,8744
5,3856 5,4190
533 16:40:20
4,6238 4,6562
4,3331 4,3654
4,8414 4,8744
5,3856 5,4190
534 16:41:20
4,6228 4,6552
4,3323 4,3646
4,8422 4,8752
5,3845 5,4179
535 16:42:21
4,6230 4,6554
4,3325 4,3648
4,8421 4,8751
5,3875 5,4209
536 16:43:21
4,6230 4,6554
4,3325 4,3648
4,8411 4,8741
5,3872 5,4206
537 16:44:21
4,6212 4,6536
4,3320 4,3643
4,8392 4,8722
5,3851 5,4185
538 16:45:20
4,6212 4,6536
4,3320 4,3643
4,8392 4,8722
5,3844 5,4178
539 16:46:20
4,6212 4,6536
4,3320 4,3643
4,8410 4,8740
5,3844 5,4178
540 16:47:21
4,6188 4,6512
4,3294 4,3617
4,8385 4,8715
5,3826 5,4160
541 16:48:21
4,6200 4,6524
4,3285 4,3608
4,8398 4,8728
5,3840 5,4174
542 16:49:21
4,6200 4,6524
4,3287 4,3610
4,8398 4,8728
5,3843 5,4177
543 16:50:21
4,6200 4,6524
4,3287 4,3610
4,8398 4,8728
5,3847 5,4181
544 16:51:21
4,6200 4,6524
4,3287 4,3610
4,8398 4,8728
5,3843 5,4177
545 16:52:20
4,6200 4,6524
4,3287 4,3610
4,8398 4,8728
5,3843 5,4177
546 16:53:20
4,6189 4,6513
4,3276 4,3599
4,8386 4,8716
5,3831 5,4165
547 16:54:20
4,6189 4,6513
4,3276 4,3599
4,8393 4,8723
5,3830 5,4164
548 16:55:21
4,6189 4,6513
4,3304 4,3627
4,8398 4,8728
5,3830 5,4164
549 16:56:21
4,6189 4,6513
4,3302 4,3625
4,8401 4,8731
5,3830 5,4164
550 16:57:21
4,6189 4,6513
4,3302 4,3625
4,8414 4,8744
5,3821 5,4155
551 16:58:20
4,6190 4,6514
4,3318 4,3641
4,8414 4,8744
5,3816 5,4150
552 16:59:20
4,6190 4,6514
4,3307 4,3630
4,8414 4,8744
5,3806 5,4140
553 17:00:20
4,6190 4,6514
4,3307 4,3630
4,8420 4,8750
5,3806 5,4140
554 17:01:21
4,6190 4,6514
4,3307 4,3630
4,8417 4,8747
5,3806 5,4140
555 17:02:21
4,6190 4,6514
4,3299 4,3622
4,8415 4,8745
5,3809 5,4143
556 17:03:21
4,6190 4,6514
4,3303 4,3626
4,8415 4,8745
5,3809 5,4143
557 17:04:21
4,6190 4,6514
4,3303 4,3626
4,8415 4,8745
5,3809 5,4143
558 17:05:20
4,6187 4,6511
4,3301 4,3624
4,8411 4,8741
5,3819 5,4153
559 17:06:20
4,6191 4,6515
4,3305 4,3628
4,8415 4,8745
5,3820 5,4154
560 17:07:21
4,6192 4,6516
4,3306 4,3629
4,8416 4,8746
5,3818 5,4152
561 17:08:21
4,6192 4,6516
4,3306 4,3629
4,8416 4,8746
5,3818 5,4152
562 17:09:21
4,6192 4,6516
4,3291 4,3614
4,8420 4,8750
5,3818 5,4152
563 17:10:21
4,6197 4,6521
4,3300 4,3623
4,8425 4,8755
5,3827 5,4161
564 17:11:20
4,6197 4,6521
4,3320 4,3643
4,8425 4,8755
5,3827 5,4161
565 17:12:20
4,6193 4,6517
4,3313 4,3636
4,8421 4,8751
5,3827 5,4161
566 17:13:21
4,6193 4,6517
4,3311 4,3634
4,8413 4,8743
5,3827 5,4161
567 17:14:21
4,6193 4,6517
4,3311 4,3634
4,8398 4,8728
5,3827 5,4161
568 17:15:21
4,6193 4,6517
4,3311 4,3634
4,8398 4,8728
5,3810 5,4144
569 17:16:21
4,6193 4,6517
4,3311 4,3634
4,8388 4,8718
5,3810 5,4144
570 17:17:21
4,6193 4,6517
4,3292 4,3615
4,8388 4,8718
5,3810 5,4144
571 17:18:21
4,6193 4,6517
4,3288 4,3611
4,8388 4,8718
5,3810 5,4144
572 17:19:21
4,6214 4,6538
4,3309 4,3632
4,8409 4,8739
5,3828 5,4162
573 17:20:20
4,6214 4,6538
4,3293 4,3616
4,8407 4,8737
5,3821 5,4155
574 17:21:20
4,6214 4,6538
4,3293 4,3616
4,8412 4,8742
5,3821 5,4155
575 17:22:21
4,6214 4,6538
4,3293 4,3616
4,8412 4,8742
5,3809 5,4143
576 17:23:21
4,6214 4,6538
4,3293 4,3616
4,8414 4,8744
5,3809 5,4143
577 17:24:21
4,6214 4,6538
4,3293 4,3616
4,8414 4,8744
5,3803 5,4137
578 17:25:21
4,6214 4,6538
4,3326 4,3649
4,8414 4,8744
5,3803 5,4137
579 17:26:20
4,6214 4,6538
4,3326 4,3649
4,8430 4,8760
5,3812 5,4146
580 17:27:20
4,6214 4,6538
4,3326 4,3649
4,8430 4,8760
5,3812 5,4146
581 17:28:20
4,6214 4,6538
4,3326 4,3649
4,8425 4,8755
5,3812 5,4146
582 17:29:21
4,6214 4,6538
4,3326 4,3649
4,8425 4,8755
5,3812 5,4146
583 17:30:21
4,6236 4,6560
4,3347 4,3670
4,8457 4,8787
5,3835 5,4169
584 17:31:21
4,6225 4,6549
4,3334 4,3657
4,8449 4,8779
5,3820 5,4154
585 17:32:21
4,6225 4,6549
4,3336 4,3659
4,8449 4,8779
5,3822 5,4156
586 17:33:20
4,6214 4,6538
4,3326 4,3649
4,8437 4,8767
5,3799 5,4133
587 17:34:20
4,6214 4,6538
4,3326 4,3649
4,8437 4,8767
5,3799 5,4133
588 17:35:21
4,6214 4,6538
4,3326 4,3649
4,8437 4,8767
5,3799 5,4133
589 17:36:21
4,6214 4,6538
4,3326 4,3649
4,8437 4,8767
5,3809 5,4143
590 17:37:21
4,6213 4,6537
4,3323 4,3646
4,8436 4,8766
5,3811 5,4145
591 17:38:20
4,6213 4,6537
4,3327 4,3650
4,8436 4,8766
5,3811 5,4145
592 17:39:20
4,6213 4,6537
4,3347 4,3670
4,8436 4,8766
5,3814 5,4148
593 17:40:20
4,6213 4,6537
4,3351 4,3674
4,8436 4,8766
5,3820 5,4154
594 17:41:21
4,6213 4,6537
4,3351 4,3674
4,8423 4,8753
5,3820 5,4154
595 17:42:21
4,6213 4,6537
4,3351 4,3674
4,8423 4,8753
5,3820 5,4154
596 17:43:21
4,6213 4,6537
4,3351 4,3674
4,8418 4,8748
5,3814 5,4148
597 17:44:21
4,6213 4,6537
4,3347 4,3670
4,8418 4,8748
5,3811 5,4145
598 17:45:20
4,6214 4,6538
4,3349 4,3672
4,8420 4,8750
5,3813 5,4147
599 17:46:20
4,6213 4,6537
4,3347 4,3670
4,8418 4,8748
5,3811 5,4145
600 17:47:21
4,6213 4,6537
4,3347 4,3670
4,8423 4,8753
5,3821 5,4155
601 17:48:21
4,6213 4,6537
4,3347 4,3670
4,8421 4,8751
5,3818 5,4152
602 17:49:21
4,6212 4,6536
4,3347 4,3670
4,8420 4,8750
5,3830 5,4164
603 17:50:21
4,6212 4,6536
4,3346 4,3669
4,8422 4,8752
5,3830 5,4164
604 17:51:20
4,6212 4,6536
4,3346 4,3669
4,8425 4,8755
5,3832 5,4166
605 17:52:21
4,6214 4,6538
4,3346 4,3669
4,8435 4,8765
5,3831 5,4165
606 17:53:21
4,6214 4,6538
4,3346 4,3669
4,8435 4,8765
5,3831 5,4165
607 17:54:21
4,6214 4,6538
4,3354 4,3677
4,8435 4,8765
5,3815 5,4149
608 17:55:21
4,6214 4,6538
4,3360 4,3683
4,8435 4,8765
5,3815 5,4149
609 17:56:20
4,6214 4,6538
4,3369 4,3692
4,8435 4,8765
5,3834 5,4168
610 17:57:20
4,6214 4,6538
4,3367 4,3690
4,8435 4,8765
5,3834 5,4168
611 17:58:21
4,6213 4,6537
4,3366 4,3689
4,8434 4,8764
5,3833 5,4167
612 17:59:21
4,6213 4,6537
4,3366 4,3689
4,8434 4,8764
5,3833 5,4167
613 18:00:20
4,6213 4,6537
4,3366 4,3689
4,8439 4,8769
5,3827 5,4161
614 18:01:20
4,6209 4,6533
4,3348 4,3671
4,8435 4,8765
5,3822 5,4156
615 18:02:20
4,6212 4,6536
4,3347 4,3670
4,8438 4,8768
5,3833 5,4167
616 18:03:21
4,6213 4,6537
4,3347 4,3670
4,8439 4,8769
5,3833 5,4167
617 18:04:21
4,6213 4,6537
4,3347 4,3670
4,8444 4,8774
5,3833 5,4167
618 18:05:20
4,6212 4,6536
4,3346 4,3669
4,8445 4,8775
5,3832 5,4166
619 18:06:20
4,6212 4,6536
4,3353 4,3676
4,8445 4,8775
5,3835 5,4169
620 18:07:21
4,6210 4,6534
4,3351 4,3674
4,8441 4,8771
5,3833 5,4167
621 18:08:21
4,6211 4,6535
4,3352 4,3675
4,8442 4,8772
5,3844 5,4178
622 18:09:21
4,6211 4,6535
4,3350 4,3673
4,8442 4,8772
5,3844 5,4178
623 18:10:20
4,6211 4,6535
4,3358 4,3681
4,8437 4,8767
5,3847 5,4181
624 18:11:20
4,6208 4,6532
4,3353 4,3676
4,8434 4,8764
5,3849 5,4183
625 18:12:21
4,6208 4,6532
4,3367 4,3690
4,8434 4,8764
5,3849 5,4183
626 18:13:21
4,6208 4,6532
4,3367 4,3690
4,8439 4,8769
5,3849 5,4183
627 18:14:21
4,6212 4,6536
4,3372 4,3696
4,8441 4,8771
5,3858 5,4192
628 18:15:20
4,6212 4,6536
4,3372 4,3696
4,8441 4,8771
5,3857 5,4191
629 18:16:20
4,6211 4,6535
4,3362 4,3685
4,8440 4,8770
5,3856 5,4190
630 18:17:21
4,6213 4,6537
4,3364 4,3687
4,8439 4,8769
5,3856 5,4190
631 18:18:21
4,6213 4,6537
4,3364 4,3687
4,8439 4,8769
5,3858 5,4192
632 18:19:21
4,6213 4,6537
4,3372 4,3695
4,8439 4,8769
5,3858 5,4192
633 18:20:20
4,6214 4,6538
4,3373 4,3696
4,8440 4,8770
5,3870 5,4205
634 18:21:20
4,6214 4,6538
4,3373 4,3696
4,8440 4,8770
5,3875 5,4209
635 18:23:20
4,6214 4,6538
4,3383 4,3706
4,8440 4,8770
5,3893 5,4227
636 18:24:21
4,6214 4,6538
4,3383 4,3706
4,8445 4,8775
5,3893 5,4227
637 18:25:21
4,6214 4,6538
4,3383 4,3706
4,8445 4,8775
5,3888 5,4222
638 18:26:21
4,6214 4,6538
4,3403 4,3726
4,8445 4,8775
5,3888 5,4222
639 18:27:21
4,6214 4,6538
4,3406 4,3730
4,8445 4,8775
5,3888 5,4222
640 18:28:20
4,6216 4,6540
4,3407 4,3730
4,8452 4,8782
5,3890 5,4224
641 18:29:20
4,6215 4,6539
4,3407 4,3730
4,8452 4,8782
5,3874 5,4208
642 18:30:21
4,6215 4,6539
4,3407 4,3730
4,8452 4,8782
5,3883 5,4217
643 18:31:21
4,6215 4,6539
4,3397 4,3720
4,8444 4,8774
5,3886 5,4220
644 18:32:21
4,6217 4,6541
4,3403 4,3726
4,8454 4,8784
5,3901 5,4235
645 18:33:21
4,6217 4,6541
4,3399 4,3722
4,8454 4,8784
5,3901 5,4235
646 18:34:20
4,6217 4,6541
4,3397 4,3720
4,8454 4,8784
5,3898 5,4232
647 20:09:21
4,6185 4,6511
4,3419 4,3743
4,8430 4,8762
5,3874 5,4208
648 20:10:21
4,6185 4,6511
4,3419 4,3743
4,8429 4,8759
5,3874 5,4208
649 20:11:21
4,6185 4,6511
4,3419 4,3743
4,8429 4,8759
5,3874 5,4208
650 20:12:20
4,6185 4,6511
4,3419 4,3743
4,8429 4,8759
5,3874 5,4208
