#======================
2023-5-16
# 1.EUR, 2.USD, 3.CHF, 4.GBP
Sell Price, Buy Price
1 09:19
4,4833 4,5155
4,1203 4,1524
4,6070 4,6399
5,1498 5,1830
2 09:20
4,4832 4,5154
4,1200 4,1521
4,6070 4,6399
5,1505 5,1837
3 09:21
4,4829 4,5151
4,1203 4,1524
4,6064 4,6393
5,1499 5,1831
4 09:22
4,4824 4,5146
4,1204 4,1525
4,6066 4,6395
5,1502 5,1834
5 09:23
4,4830 4,5152
4,1209 4,1530
4,6074 4,6403
5,1504 5,1836
6 09:24
4,4830 4,5152
4,1210 4,1531
4,6074 4,6403
5,1509 5,1841
7 09:25
4,4824 4,5146
4,1196 4,1517
4,6070 4,6399
5,1508 5,1840
8 09:26
4,4826 4,5148
4,1196 4,1517
4,6070 4,6399
5,1505 5,1837
9 09:27
4,4824 4,5146
4,1189 4,1510
4,6060 4,6389
5,1510 5,1842
10 09:28
4,4824 4,5146
4,1195 4,1516
4,6062 4,6391
5,1508 5,1840
11 09:29
4,4815 4,5137
4,1184 4,1505
4,6049 4,6378
5,1501 5,1833
12 09:30
4,4815 4,5137
4,1194 4,1515
4,6056 4,6385
5,1509 5,1841
13 09:31
4,4813 4,5135
4,1196 4,1517
4,6050 4,6379
5,1511 5,1843
14 09:32
4,4811 4,5133
4,1185 4,1506
4,6045 4,6374
5,1495 5,1827
15 09:33
4,4811 4,5133
4,1179 4,1500
4,6048 4,6377
5,1490 5,1822
16 09:34
4,4811 4,5133
4,1177 4,1498
4,6048 4,6377
5,1493 5,1825
17 09:35
4,4808 4,5130
4,1170 4,1491
4,6047 4,6376
5,1493 5,1825
18 09:36
4,4788 4,5110
4,1148 4,1469
4,6024 4,6353
5,1470 5,1802
19 09:37
4,4789 4,5111
4,1147 4,1468
4,6027 4,6356
5,1468 5,1800
20 09:38
4,4792 4,5114
4,1150 4,1471
4,6042 4,6371
5,1475 5,1807
21 09:39
4,4773 4,5095
4,1120 4,1441
4,6016 4,6345
5,1453 5,1785
22 09:40
4,4766 4,5088
4,1117 4,1438
4,6011 4,6340
5,1449 5,1781
23 09:41
4,4755 4,5077
4,1114 4,1435
4,5997 4,6326
5,1432 5,1764
24 09:42
4,4757 4,5079
4,1114 4,1435
4,5997 4,6326
5,1434 5,1766
25 09:43
4,4762 4,5084
4,1117 4,1438
4,6002 4,6331
5,1440 5,1772
26 09:44
4,4762 4,5084
4,1122 4,1443
4,6001 4,6330
5,1441 5,1773
27 09:45
4,4767 4,5089
4,1127 4,1448
4,6007 4,6336
5,1448 5,1780
28 09:46
4,4762 4,5084
4,1109 4,1430
4,6002 4,6331
5,1449 5,1781
29 09:47
4,4769 4,5091
4,1116 4,1437
4,6012 4,6341
5,1443 5,1775
30 09:48
4,4777 4,5099
4,1121 4,1442
4,6020 4,6349
5,1452 5,1784
31 09:49
4,4779 4,5101
4,1123 4,1444
4,6020 4,6349
5,1450 5,1782
32 09:50
4,4776 4,5098
4,1116 4,1437
4,6016 4,6345
5,1453 5,1785
33 09:51
4,4773 4,5095
4,1112 4,1433
4,6011 4,6340
5,1455 5,1787
34 09:52
4,4777 4,5099
4,1107 4,1428
4,6008 4,6337
5,1460 5,1792
35 09:53
4,4788 4,5110
4,1106 4,1427
4,6019 4,6348
5,1467 5,1799
36 09:54
4,4787 4,5109
4,1107 4,1428
4,6018 4,6347
5,1480 5,1812
37 09:55
4,4795 4,5117
4,1124 4,1445
4,6034 4,6363
5,1488 5,1820
38 09:56
4,4799 4,5121
4,1136 4,1457
4,6045 4,6374
5,1494 5,1826
39 09:57
4,4798 4,5120
4,1135 4,1456
4,6044 4,6373
5,1502 5,1834
40 09:58
4,4797 4,5119
4,1128 4,1449
4,6050 4,6379
5,1509 5,1841
41 09:59
4,4796 4,5118
4,1135 4,1456
4,6056 4,6385
5,1511 5,1843
42 10:00
4,4786 4,5108
4,1125 4,1446
4,6050 4,6379
5,1503 5,1835
43 10:01
4,4794 4,5116
4,1130 4,1451
4,6058 4,6387
5,1512 5,1844
44 10:02
4,4789 4,5111
4,1128 4,1449
4,6053 4,6382
5,1509 5,1841
45 10:03
4,4806 4,5128
4,1145 4,1466
4,6071 4,6400
5,1526 5,1858
46 10:04
4,4809 4,5131
4,1147 4,1468
4,6072 4,6401
5,1531 5,1863
47 10:05
4,4807 4,5129
4,1145 4,1466
4,6072 4,6401
5,1528 5,1860
48 10:06
4,4796 4,5118
4,1135 4,1456
4,6061 4,6390
5,1515 5,1847
49 10:07
4,4788 4,5110
4,1124 4,1445
4,6062 4,6391
5,1505 5,1837
50 10:08
4,4785 4,5107
4,1125 4,1446
4,6059 4,6388
5,1502 5,1834
51 10:09
4,4783 4,5105
4,1123 4,1444
4,6052 4,6381
5,1500 5,1832
52 10:10
4,4777 4,5099
4,1117 4,1438
4,6046 4,6375
5,1493 5,1825
53 10:11
4,4777 4,5099
4,1115 4,1436
4,6041 4,6370
5,1490 5,1822
54 10:12
4,4777 4,5099
4,1115 4,1436
4,6041 4,6370
5,1493 5,1825
55 10:13
4,4778 4,5100
4,1111 4,1432
4,6033 4,6362
5,1500 5,1832
56 10:14
4,4782 4,5104
4,1109 4,1430
4,6030 4,6359
5,1512 5,1844
57 10:15
4,4780 4,5102
4,1099 4,1420
4,6024 4,6353
5,1517 5,1849
58 10:16
4,4768 4,5090
4,1086 4,1407
4,6010 4,6339
5,1491 5,1823
59 10:17
4,4758 4,5080
4,1075 4,1396
4,6003 4,6332
5,1480 5,1812
60 10:18
4,4746 4,5068
4,1064 4,1385
4,5988 4,6317
5,1463 5,1795
61 10:19
4,4736 4,5058
4,1055 4,1376
4,5978 4,6307
5,1447 5,1779
62 10:20
4,4738 4,5060
4,1059 4,1380
4,5973 4,6302
5,1448 5,1780
63 10:21
4,4740 4,5062
4,1061 4,1382
4,5979 4,6308
5,1444 5,1776
64 10:22
4,4719 4,5041
4,1040 4,1361
4,5963 4,6292
5,1426 5,1758
65 10:23
4,4706 4,5028
4,1034 4,1355
4,5962 4,6291
5,1412 5,1744
66 10:24
4,4699 4,5021
4,1032 4,1353
4,5961 4,6290
5,1407 5,1739
67 10:25
4,4698 4,5020
4,1030 4,1351
4,5955 4,6284
5,1402 5,1734
68 10:26
4,4708 4,5030
4,1033 4,1354
4,5961 4,6290
5,1410 5,1742
69 10:27
4,4712 4,5034
4,1035 4,1356
4,5967 4,6296
5,1413 5,1745
70 10:28
4,4712 4,5034
4,1035 4,1356
4,5967 4,6296
5,1412 5,1744
71 10:29
4,4695 4,5017
4,1019 4,1340
4,5952 4,6281
5,1392 5,1724
72 10:30
4,4695 4,5017
4,1015 4,1336
4,5950 4,6279
5,1392 5,1724
73 10:31
4,4694 4,5016
4,1014 4,1335
4,5953 4,6282
5,1394 5,1726
74 10:32
4,4695 4,5017
4,1021 4,1342
4,5952 4,6281
5,1398 5,1730
75 10:33
4,4708 4,5030
4,1037 4,1358
4,5966 4,6295
5,1419 5,1751
76 10:34
4,4712 4,5034
4,1037 4,1358
4,5963 4,6292
5,1424 5,1756
77 10:35
4,4723 4,5045
4,1052 4,1373
4,5972 4,6301
5,1436 5,1768
78 10:36
4,4717 4,5039
4,1039 4,1360
4,5961 4,6290
5,1430 5,1762
79 10:37
4,4715 4,5037
4,1039 4,1360
4,5958 4,6287
5,1428 5,1760
80 10:38
4,4714 4,5036
4,1029 4,1350
4,5953 4,6282
5,1426 5,1758
81 10:39
4,4715 4,5037
4,1030 4,1351
4,5954 4,6283
5,1445 5,1777
82 10:40
4,4713 4,5035
4,1030 4,1351
4,5952 4,6281
5,1446 5,1778
83 10:41
4,4709 4,5031
4,1025 4,1346
4,5950 4,6279
5,1434 5,1766
84 10:42
4,4713 4,5035
4,1028 4,1349
4,5948 4,6277
5,1440 5,1772
85 10:43
4,4713 4,5035
4,1028 4,1349
4,5949 4,6278
5,1431 5,1763
86 10:44
4,4721 4,5043
4,1038 4,1359
4,5962 4,6291
5,1434 5,1766
87 10:45
4,4726 4,5048
4,1040 4,1361
4,5972 4,6301
5,1440 5,1772
88 10:46
4,4726 4,5048
4,1044 4,1365
4,5975 4,6304
5,1449 5,1781
89 10:47
4,4732 4,5054
4,1049 4,1370
4,5985 4,6314
5,1458 5,1790
90 10:48
4,4739 4,5061
4,1056 4,1377
4,5995 4,6324
5,1460 5,1792
91 10:49
4,4739 4,5061
4,1060 4,1381
4,6005 4,6334
5,1458 5,1790
92 10:50
4,4747 4,5069
4,1069 4,1390
4,6015 4,6344
5,1470 5,1802
93 10:51
4,4741 4,5063
4,1067 4,1388
4,6016 4,6345
5,1463 5,1795
94 10:52
4,4741 4,5063
4,1067 4,1388
4,6018 4,6347
5,1454 5,1786
95 10:53
4,4742 4,5064
4,1074 4,1395
4,6024 4,6353
5,1460 5,1792
96 10:54
4,4739 4,5061
4,1069 4,1390
4,6012 4,6341
5,1455 5,1787
97 10:55
4,4729 4,5051
4,1064 4,1385
4,5999 4,6328
5,1443 5,1775
98 10:56
4,4731 4,5053
4,1069 4,1390
4,5996 4,6325
5,1461 5,1793
99 10:57
4,4729 4,5051
4,1066 4,1387
4,5985 4,6314
5,1459 5,1791
100 10:58
4,4728 4,5050
4,1067 4,1388
4,5986 4,6315
5,1468 5,1800
101 10:59
4,4731 4,5053
4,1069 4,1390
4,5991 4,6320
5,1458 5,1790
102 11:00
4,4732 4,5054
4,1066 4,1387
4,5989 4,6318
5,1456 5,1788
103 11:01
4,4727 4,5049
4,1056 4,1377
4,5985 4,6314
5,1446 5,1778
104 11:02
4,4730 4,5052
4,1063 4,1384
4,5991 4,6320
5,1454 5,1786
105 11:03
4,4735 4,5057
4,1071 4,1392
4,5993 4,6322
5,1468 5,1800
106 11:04
4,4732 4,5054
4,1063 4,1384
4,5986 4,6315
5,1473 5,1805
107 11:05
4,4732 4,5054
4,1051 4,1372
4,5990 4,6319
5,1474 5,1806
108 11:06
4,4725 4,5047
4,1032 4,1353
4,5976 4,6305
5,1478 5,1810
109 11:07
4,4726 4,5048
4,1025 4,1346
4,5972 4,6301
5,1479 5,1811
110 11:08
4,4725 4,5047
4,1016 4,1337
4,5969 4,6298
5,1487 5,1819
111 11:09
4,4724 4,5046
4,1019 4,1340
4,5972 4,6301
5,1476 5,1808
112 11:10
4,4723 4,5045
4,1022 4,1343
4,5965 4,6294
5,1478 5,1810
113 11:11
4,4720 4,5042
4,1020 4,1341
4,5968 4,6297
5,1475 5,1807
114 11:12
4,4718 4,5040
4,1021 4,1342
4,5966 4,6295
5,1469 5,1801
115 11:13
4,4721 4,5043
4,1020 4,1341
4,5967 4,6296
5,1470 5,1802
116 11:14
4,4717 4,5039
4,1024 4,1345
4,5972 4,6301
5,1465 5,1797
117 11:15
4,4715 4,5037
4,1023 4,1344
4,5973 4,6302
5,1469 5,1801
118 11:16
4,4712 4,5034
4,1016 4,1337
4,5970 4,6299
5,1465 5,1797
119 11:17
4,4712 4,5034
4,1020 4,1341
4,5970 4,6299
5,1465 5,1797
120 11:18
4,4713 4,5035
4,1019 4,1340
4,5971 4,6300
5,1469 5,1801
121 11:19
4,4715 4,5037
4,1024 4,1345
4,5982 4,6311
5,1472 5,1804
122 11:20
4,4713 4,5035
4,1034 4,1355
4,5985 4,6314
5,1478 5,1810
123 11:21
4,4709 4,5031
4,1030 4,1351
4,5983 4,6312
5,1477 5,1809
124 11:22
4,4725 4,5047
4,1050 4,1371
4,6007 4,6336
5,1495 5,1827
125 11:23
4,4727 4,5049
4,1051 4,1372
4,6004 4,6333
5,1494 5,1826
126 11:24
4,4739 4,5061
4,1063 4,1384
4,6012 4,6341
5,1508 5,1840
127 11:25
4,4742 4,5064
4,1061 4,1382
4,6012 4,6341
5,1509 5,1841
128 11:26
4,4742 4,5064
4,1060 4,1381
4,6026 4,6355
5,1506 5,1838
129 11:27
4,4743 4,5065
4,1056 4,1377
4,6013 4,6342
5,1507 5,1839
130 11:28
4,4743 4,5065
4,1048 4,1369
4,6004 4,6333
5,1504 5,1836
131 11:29
4,4741 4,5063
4,1046 4,1367
4,5991 4,6320
5,1502 5,1834
132 11:30
4,4748 4,5070
4,1055 4,1376
4,6000 4,6329
5,1513 5,1845
133 11:31
4,4747 4,5069
4,1046 4,1367
4,5996 4,6325
5,1512 5,1844
134 11:32
4,4743 4,5065
4,1044 4,1365
4,5992 4,6321
5,1507 5,1839
135 11:33
4,4748 4,5070
4,1054 4,1375
4,6002 4,6331
5,1510 5,1842
136 11:34
4,4749 4,5071
4,1057 4,1378
4,6003 4,6332
5,1508 5,1840
137 11:35
4,4747 4,5069
4,1054 4,1375
4,6003 4,6332
5,1506 5,1838
138 11:36
4,4749 4,5071
4,1061 4,1382
4,6005 4,6334
5,1514 5,1846
139 11:37
4,4744 4,5066
4,1057 4,1378
4,6003 4,6332
5,1507 5,1839
140 11:38
4,4748 4,5070
4,1060 4,1381
4,6004 4,6333
5,1513 5,1845
141 11:39
4,4751 4,5073
4,1069 4,1390
4,6005 4,6334
5,1522 5,1854
142 11:40
4,4752 4,5074
4,1072 4,1393
4,6008 4,6337
5,1523 5,1855
143 11:41
4,4756 4,5078
4,1075 4,1396
4,6012 4,6341
5,1528 5,1860
144 11:42
4,4762 4,5084
4,1075 4,1396
4,6014 4,6343
5,1535 5,1867
145 11:43
4,4750 4,5072
4,1066 4,1387
4,5997 4,6326
5,1515 5,1847
146 11:44
4,4746 4,5068
4,1062 4,1383
4,5990 4,6319
5,1513 5,1845
147 11:45
4,4746 4,5068
4,1060 4,1381
4,5988 4,6317
5,1508 5,1840
148 11:46
4,4741 4,5063
4,1054 4,1375
4,5983 4,6312
5,1499 5,1831
149 11:47
4,4742 4,5064
4,1059 4,1380
4,5986 4,6315
5,1505 5,1837
150 11:48
4,4740 4,5062
4,1051 4,1372
4,5982 4,6311
5,1498 5,1830
151 11:49
4,4740 4,5062
4,1053 4,1374
4,5982 4,6311
5,1495 5,1827
152 11:50
4,4742 4,5064
4,1049 4,1370
4,5984 4,6313
5,1494 5,1826
153 11:51
4,4739 4,5061
4,1046 4,1367
4,5985 4,6314
5,1484 5,1816
154 11:52
4,4735 4,5057
4,1041 4,1362
4,5977 4,6306
5,1477 5,1809
155 11:53
4,4736 4,5058
4,1042 4,1363
4,5978 4,6307
5,1472 5,1804
156 11:54
4,4735 4,5057
4,1048 4,1369
4,5977 4,6306
5,1483 5,1815
157 11:55
4,4736 4,5058
4,1051 4,1372
4,5985 4,6314
5,1490 5,1822
158 11:56
4,4735 4,5057
4,1048 4,1369
4,5982 4,6311
5,1489 5,1821
159 11:57
4,4737 4,5059
4,1052 4,1373
4,5986 4,6315
5,1491 5,1823
160 11:58
4,4737 4,5059
4,1050 4,1371
4,5986 4,6315
5,1491 5,1823
161 11:59
4,4736 4,5058
4,1051 4,1372
4,5987 4,6316
5,1490 5,1822
162 12:00
4,4737 4,5059
4,1061 4,1382
4,5993 4,6322
5,1503 5,1835
163 12:01
4,4739 4,5061
4,1067 4,1388
4,5992 4,6321
5,1499 5,1831
164 12:02
4,4742 4,5064
4,1076 4,1397
4,5996 4,6325
5,1503 5,1835
165 12:03
4,4742 4,5064
4,1076 4,1397
4,6000 4,6329
5,1506 5,1838
166 12:04
4,4743 4,5065
4,1074 4,1395
4,5997 4,6326
5,1501 5,1833
167 12:05
4,4749 4,5071
4,1082 4,1403
4,5998 4,6327
5,1511 5,1843
168 12:06
4,4747 4,5069
4,1082 4,1403
4,6001 4,6330
5,1509 5,1841
169 12:07
4,4743 4,5065
4,1080 4,1401
4,5997 4,6326
5,1504 5,1836
170 12:08
4,4744 4,5066
4,1076 4,1397
4,5995 4,6324
5,1508 5,1840
171 12:09
4,4732 4,5054
4,1066 4,1387
4,5985 4,6314
5,1497 5,1829
172 12:10
4,4730 4,5052
4,1063 4,1384
4,5981 4,6310
5,1495 5,1827
173 12:11
4,4731 4,5053
4,1062 4,1383
4,5980 4,6309
5,1493 5,1825
174 12:12
4,4722 4,5044
4,1052 4,1373
4,5973 4,6302
5,1480 5,1812
175 12:13
4,4723 4,5045
4,1052 4,1373
4,5971 4,6300
5,1481 5,1813
176 12:14
4,4720 4,5042
4,1051 4,1372
4,5968 4,6297
5,1479 5,1811
177 12:15
4,4719 4,5041
4,1049 4,1370
4,5967 4,6296
5,1476 5,1808
178 12:16
4,4719 4,5041
4,1047 4,1368
4,5967 4,6296
5,1479 5,1811
179 12:17
4,4721 4,5043
4,1047 4,1368
4,5969 4,6298
5,1488 5,1820
180 12:18
4,4719 4,5041
4,1043 4,1364
4,5967 4,6296
5,1483 5,1815
181 12:19
4,4702 4,5024
4,1026 4,1347
4,5952 4,6281
5,1460 5,1792
182 12:20
4,4703 4,5025
4,1028 4,1349
4,5953 4,6282
5,1461 5,1793
183 12:21
4,4701 4,5023
4,1027 4,1348
4,5949 4,6278
5,1464 5,1796
184 12:22
4,4702 4,5024
4,1029 4,1350
4,5950 4,6279
5,1472 5,1804
185 12:23
4,4701 4,5023
4,1025 4,1346
4,5949 4,6278
5,1468 5,1800
186 12:24
4,4699 4,5021
4,1023 4,1344
4,5945 4,6274
5,1466 5,1798
187 12:25
4,4700 4,5022
4,1020 4,1341
4,5945 4,6274
5,1463 5,1795
188 12:26
4,4699 4,5021
4,1025 4,1346
4,5947 4,6276
5,1462 5,1794
189 12:27
4,4699 4,5021
4,1025 4,1346
4,5944 4,6273
5,1462 5,1794
190 12:28
4,4702 4,5024
4,1029 4,1350
4,5950 4,6279
5,1468 5,1800
191 12:29
4,4708 4,5030
4,1041 4,1362
4,5951 4,6280
5,1479 5,1811
192 12:30
4,4702 4,5024
4,1031 4,1352
4,5943 4,6272
5,1469 5,1801
193 12:31
4,4703 4,5025
4,1034 4,1355
4,5944 4,6273
5,1467 5,1799
194 12:32
4,4699 4,5021
4,1027 4,1348
4,5940 4,6269
5,1462 5,1794
195 12:33
4,4699 4,5021
4,1025 4,1346
4,5940 4,6269
5,1465 5,1797
196 12:34
4,4700 4,5022
4,1024 4,1345
4,5941 4,6270
5,1463 5,1795
197 12:35
4,4699 4,5021
4,1021 4,1342
4,5940 4,6269
5,1462 5,1794
198 12:36
4,4701 4,5023
4,1017 4,1338
4,5939 4,6268
5,1468 5,1800
199 12:37
4,4700 4,5022
4,1020 4,1341
4,5938 4,6267
5,1466 5,1798
200 12:38
4,4701 4,5023
4,1021 4,1342
4,5937 4,6266
5,1467 5,1799
201 12:39
4,4701 4,5023
4,1028 4,1349
4,5939 4,6268
5,1471 5,1803
202 12:40
4,4700 4,5022
4,1026 4,1347
4,5934 4,6263
5,1463 5,1795
203 12:41
4,4697 4,5019
4,1025 4,1346
4,5930 4,6259
5,1460 5,1792
204 12:42
4,4698 4,5020
4,1029 4,1350
4,5932 4,6261
5,1461 5,1793
205 12:43
4,4698 4,5020
4,1030 4,1351
4,5932 4,6261
5,1461 5,1793
206 12:44
4,4689 4,5011
4,1019 4,1340
4,5922 4,6251
5,1451 5,1783
207 12:45
4,4688 4,5010
4,1020 4,1341
4,5921 4,6250
5,1450 5,1782
208 12:46
4,4683 4,5005
4,1016 4,1337
4,5916 4,6245
5,1444 5,1776
209 12:47
4,4682 4,5004
4,1017 4,1338
4,5913 4,6242
5,1446 5,1778
210 12:48
4,4685 4,5007
4,1019 4,1340
4,5916 4,6245
5,1449 5,1781
211 12:49
4,4686 4,5008
4,1018 4,1339
4,5919 4,6248
5,1453 5,1785
212 12:50
4,4680 4,5002
4,1011 4,1332
4,5911 4,6240
5,1446 5,1778
213 12:51
4,4677 4,4999
4,1004 4,1325
4,5908 4,6237
5,1441 5,1773
214 12:52
4,4676 4,4998
4,1006 4,1327
4,5908 4,6237
5,1436 5,1768
215 12:53
4,4675 4,4997
4,1001 4,1322
4,5913 4,6242
5,1435 5,1767
216 12:54
4,4675 4,4997
4,0999 4,1320
4,5913 4,6242
5,1436 5,1768
217 12:55
4,4669 4,4991
4,0994 4,1315
4,5906 4,6235
5,1428 5,1760
218 12:56
4,4668 4,4990
4,0993 4,1314
4,5902 4,6231
5,1421 5,1753
219 12:57
4,4665 4,4987
4,0992 4,1313
4,5898 4,6227
5,1417 5,1749
220 12:58
4,4661 4,4983
4,0980 4,1301
4,5893 4,6222
5,1410 5,1742
221 12:59
4,4650 4,4972
4,0974 4,1295
4,5882 4,6211
5,1391 5,1723
222 13:00
4,4655 4,4977
4,0981 4,1302
4,5887 4,6216
5,1397 5,1729
223 13:01
4,4660 4,4982
4,0991 4,1312
4,5892 4,6221
5,1403 5,1735
224 13:02
4,4660 4,4982
4,0989 4,1310
4,5890 4,6219
5,1397 5,1729
225 13:03
4,4661 4,4983
4,0986 4,1307
4,5893 4,6222
5,1410 5,1742
226 13:04
4,4657 4,4979
4,0981 4,1302
4,5889 4,6218
5,1405 5,1737
227 13:05
4,4661 4,4983
4,0982 4,1303
4,5893 4,6222
5,1409 5,1741
228 13:06
4,4667 4,4989
4,0992 4,1313
4,5900 4,6229
5,1422 5,1754
229 13:07
4,4667 4,4989
4,0997 4,1318
4,5904 4,6233
5,1422 5,1754
230 13:08
4,4677 4,4999
4,1008 4,1329
4,5910 4,6239
5,1434 5,1766
231 13:09
4,4672 4,4994
4,1006 4,1327
4,5907 4,6236
5,1428 5,1760
232 13:10
4,4670 4,4992
4,1000 4,1321
4,5903 4,6232
5,1428 5,1760
233 13:11
4,4671 4,4993
4,0999 4,1320
4,5904 4,6233
5,1430 5,1762
234 13:12
4,4676 4,4998
4,1000 4,1321
4,5914 4,6243
5,1436 5,1768
235 13:13
4,4684 4,5006
4,1007 4,1328
4,5922 4,6251
5,1448 5,1780
236 13:14
4,4681 4,5003
4,1003 4,1324
4,5919 4,6248
5,1445 5,1777
237 13:15
4,4680 4,5002
4,1002 4,1323
4,5918 4,6247
5,1446 5,1778
238 13:16
4,4679 4,5001
4,1001 4,1322
4,5917 4,6246
5,1442 5,1774
239 13:17
4,4677 4,4999
4,1003 4,1324
4,5910 4,6239
5,1443 5,1775
240 13:18
4,4679 4,5001
4,1003 4,1324
4,5912 4,6241
5,1442 5,1774
241 13:19
4,4681 4,5003
4,1005 4,1326
4,5914 4,6243
5,1445 5,1777
242 13:20
4,4683 4,5005
4,1006 4,1327
4,5916 4,6245
5,1447 5,1779
243 13:21
4,4677 4,4999
4,0995 4,1316
4,5915 4,6244
5,1446 5,1778
244 13:22
4,4678 4,5000
4,0998 4,1319
4,5917 4,6246
5,1447 5,1779
245 13:23
4,4681 4,5003
4,0999 4,1320
4,5919 4,6248
5,1445 5,1777
246 13:24
4,4682 4,5004
4,1002 4,1323
4,5922 4,6251
5,1446 5,1778
247 13:25
4,4683 4,5005
4,1006 4,1327
4,5920 4,6249
5,1443 5,1775
248 13:26
4,4683 4,5005
4,1012 4,1333
4,5923 4,6252
5,1444 5,1776
249 13:27
4,4684 4,5006
4,1015 4,1336
4,5927 4,6256
5,1445 5,1777
250 13:28
4,4691 4,5013
4,1016 4,1337
4,5927 4,6256
5,1453 5,1785
251 13:29
4,4691 4,5013
4,1012 4,1333
4,5927 4,6256
5,1453 5,1785
252 13:30
4,4688 4,5010
4,1007 4,1328
4,5924 4,6253
5,1450 5,1782
253 13:31
4,4690 4,5012
4,1011 4,1332
4,5926 4,6255
5,1455 5,1787
254 13:32
4,4691 4,5013
4,1014 4,1335
4,5924 4,6253
5,1453 5,1785
255 13:33
4,4693 4,5015
4,1015 4,1336
4,5926 4,6255
5,1455 5,1787
256 13:34
4,4700 4,5022
4,1026 4,1347
4,5934 4,6263
5,1467 5,1799
257 13:35
4,4701 4,5023
4,1034 4,1355
4,5935 4,6264
5,1465 5,1797
258 13:36
4,4702 4,5024
4,1035 4,1356
4,5936 4,6265
5,1466 5,1798
259 13:37
4,4707 4,5029
4,1043 4,1364
4,5941 4,6270
5,1466 5,1798
260 13:38
4,4708 4,5030
4,1044 4,1365
4,5941 4,6270
5,1467 5,1799
261 13:39
4,4708 4,5030
4,1048 4,1369
4,5942 4,6271
5,1469 5,1801
262 13:40
4,4707 4,5029
4,1047 4,1368
4,5941 4,6270
5,1460 5,1792
263 13:41
4,4705 4,5027
4,1042 4,1363
4,5939 4,6268
5,1454 5,1786
264 13:42
4,4706 4,5028
4,1043 4,1364
4,5940 4,6269
5,1459 5,1791
265 13:43
4,4708 4,5030
4,1052 4,1373
4,5944 4,6273
5,1455 5,1787
266 13:44
4,4707 4,5029
4,1049 4,1370
4,5941 4,6270
5,1454 5,1786
267 13:45
4,4708 4,5030
4,1050 4,1371
4,5946 4,6275
5,1458 5,1790
268 13:46
4,4726 4,5048
4,1070 4,1391
4,5965 4,6294
5,1476 5,1808
269 13:47
4,4720 4,5042
4,1067 4,1388
4,5954 4,6283
5,1466 5,1798
270 13:48
4,4719 4,5041
4,1064 4,1385
4,5944 4,6273
5,1468 5,1800
271 13:49
4,4720 4,5042
4,1067 4,1388
4,5942 4,6271
5,1465 5,1797
272 13:50
4,4720 4,5042
4,1072 4,1393
4,5945 4,6274
5,1466 5,1798
273 13:51
4,4719 4,5041
4,1073 4,1394
4,5941 4,6270
5,1465 5,1797
274 13:52
4,4718 4,5040
4,1073 4,1394
4,5938 4,6267
5,1452 5,1784
275 13:53
4,4722 4,5044
4,1078 4,1399
4,5942 4,6271
5,1462 5,1794
276 13:54
4,4728 4,5050
4,1082 4,1403
4,5954 4,6283
5,1459 5,1791
277 13:55
4,4729 4,5051
4,1086 4,1407
4,5956 4,6285
5,1458 5,1790
278 13:56
4,4725 4,5047
4,1085 4,1406
4,5952 4,6281
5,1454 5,1786
279 13:57
4,4728 4,5050
4,1084 4,1405
4,5948 4,6277
5,1458 5,1790
280 13:58
4,4728 4,5050
4,1078 4,1399
4,5943 4,6272
5,1449 5,1781
281 13:59
4,4725 4,5047
4,1075 4,1396
4,5947 4,6276
5,1448 5,1780
282 14:00
4,4716 4,5038
4,1070 4,1391
4,5938 4,6267
5,1438 5,1770
283 14:01
4,4719 4,5041
4,1079 4,1400
4,5944 4,6273
5,1459 5,1792
284 14:02
4,4730 4,5052
4,1089 4,1410
4,5950 4,6279
5,1462 5,1795
285 14:03
4,4715 4,5037
4,1073 4,1394
4,5930 4,6259
5,1444 5,1777
286 14:04
4,4712 4,5034
4,1069 4,1390
4,5927 4,6256
5,1442 5,1775
287 14:05
4,4709 4,5031
4,1066 4,1387
4,5921 4,6250
5,1438 5,1771
288 14:06
4,4704 4,5026
4,1069 4,1390
4,5919 4,6248
5,1433 5,1765
289 14:07
4,4701 4,5023
4,1072 4,1393
4,5925 4,6254
5,1441 5,1773
290 14:08
4,4700 4,5022
4,1077 4,1398
4,5922 4,6251
5,1440 5,1772
291 14:09
4,4693 4,5015
4,1069 4,1390
4,5917 4,6246
5,1430 5,1762
292 14:10
4,4691 4,5013
4,1069 4,1390
4,5915 4,6244
5,1432 5,1764
293 14:11
4,4692 4,5014
4,1064 4,1385
4,5913 4,6242
5,1421 5,1753
294 14:12
4,4693 4,5015
4,1067 4,1388
4,5912 4,6241
5,1423 5,1755
295 14:13
4,4694 4,5016
4,1073 4,1394
4,5913 4,6242
5,1430 5,1762
296 14:14
4,4697 4,5019
4,1076 4,1397
4,5921 4,6250
5,1436 5,1768
297 14:15
4,4695 4,5017
4,1072 4,1393
4,5924 4,6253
5,1431 5,1763
298 14:16
4,4694 4,5016
4,1071 4,1392
4,5923 4,6252
5,1433 5,1765
299 14:17
4,4696 4,5018
4,1075 4,1396
4,5918 4,6247
5,1438 5,1770
300 14:18
4,4687 4,5009
4,1067 4,1388
4,5901 4,6230
5,1427 5,1759
301 14:19
4,4684 4,5006
4,1060 4,1381
4,5901 4,6230
5,1424 5,1756
302 14:20
4,4683 4,5005
4,1059 4,1380
4,5897 4,6226
5,1423 5,1755
303 14:21
4,4687 4,5009
4,1063 4,1384
4,5899 4,6228
5,1431 5,1763
304 14:22
4,4686 4,5008
4,1060 4,1381
4,5903 4,6232
5,1430 5,1762
305 14:23
4,4679 4,5001
4,1046 4,1367
4,5893 4,6222
5,1418 5,1750
306 14:24
4,4674 4,4996
4,1045 4,1366
4,5891 4,6220
5,1413 5,1745
307 14:25
4,4677 4,4999
4,1050 4,1371
4,5895 4,6224
5,1419 5,1751
308 14:26
4,4680 4,5002
4,1058 4,1379
4,5895 4,6224
5,1426 5,1758
309 14:27
4,4683 4,5005
4,1061 4,1382
4,5897 4,6226
5,1432 5,1764
310 14:28
4,4687 4,5009
4,1076 4,1397
4,5909 4,6238
5,1437 5,1769
311 14:29
4,4685 4,5007
4,1074 4,1395
4,5909 4,6238
5,1434 5,1766
312 14:30
4,4688 4,5010
4,1068 4,1389
4,5913 4,6242
5,1439 5,1771
313 14:31
4,4696 4,5018
4,1090 4,1411
4,5913 4,6242
5,1452 5,1784
314 14:32
4,4694 4,5016
4,1103 4,1424
4,5919 4,6248
5,1436 5,1768
315 14:33
4,4700 4,5022
4,1111 4,1432
4,5912 4,6241
5,1439 5,1771
316 14:34
4,4698 4,5020
4,1096 4,1417
4,5913 4,6242
5,1437 5,1769
317 14:35
4,4698 4,5020
4,1107 4,1428
4,5918 4,6247
5,1437 5,1769
318 14:36
4,4697 4,5019
4,1110 4,1431
4,5912 4,6241
5,1426 5,1758
319 14:37
4,4698 4,5020
4,1115 4,1436
4,5905 4,6234
5,1423 5,1755
320 14:38
4,4697 4,5019
4,1102 4,1423
4,5905 4,6234
5,1404 5,1736
321 14:39
4,4694 4,5016
4,1090 4,1411
4,5904 4,6233
5,1398 5,1730
322 14:40
4,4691 4,5013
4,1067 4,1388
4,5901 4,6230
5,1409 5,1741
323 14:41
4,4696 4,5018
4,1071 4,1392
4,5906 4,6235
5,1420 5,1752
324 14:42
4,4688 4,5010
4,1068 4,1389
4,5902 4,6231
5,1399 5,1731
325 14:43
4,4687 4,5009
4,1048 4,1369
4,5897 4,6226
5,1398 5,1730
326 14:44
4,4687 4,5009
4,1044 4,1365
4,5895 4,6224
5,1398 5,1730
327 14:45
4,4687 4,5009
4,1052 4,1373
4,5897 4,6226
5,1398 5,1730
328 14:46
4,4691 4,5013
4,1057 4,1378
4,5901 4,6230
5,1403 5,1735
329 14:47
4,4692 4,5014
4,1058 4,1379
4,5899 4,6228
5,1401 5,1733
330 14:48
4,4690 4,5012
4,1064 4,1385
4,5900 4,6229
5,1402 5,1734
331 14:49
4,4690 4,5012
4,1077 4,1398
4,5900 4,6229
5,1397 5,1729
332 14:50
4,4692 4,5014
4,1085 4,1406
4,5901 4,6230
5,1395 5,1727
