#======================
2023-5-11
# 1.EUR, 2.USD, 3.CHF, 4.GBP
Sell Price, Buy Price
1 08:36
4,5078 4,5402
4,1151 4,1474
4,6163 4,6493
5,1913 5,2247
2 08:37
4,5083 4,5407
4,1167 4,1490
4,6176 4,6506
5,1930 5,2264
3 08:38
4,5081 4,5405
4,1179 4,1502
4,6174 4,6504
5,1926 5,2260
4 08:39
4,5086 4,5410
4,1183 4,1506
4,6179 4,6509
5,1938 5,2272
5 08:40
4,5088 4,5412
4,1179 4,1502
4,6179 4,6509
5,1932 5,2266
6 08:41
4,5085 4,5409
4,1163 4,1486
4,6162 4,6492
5,1920 5,2254
7 08:42
4,5086 4,5410
4,1160 4,1483
4,6162 4,6492
5,1920 5,2254
8 08:43
4,5096 4,5420
4,1173 4,1496
4,6172 4,6502
5,1932 5,2266
9 08:44
4,5102 4,5426
4,1175 4,1498
4,6174 4,6504
5,1936 5,2270
10 08:45
4,5103 4,5427
4,1172 4,1495
4,6175 4,6505
5,1937 5,2271
11 08:46
4,5100 4,5424
4,1175 4,1498
4,6167 4,6497
5,1936 5,2270
12 08:47
4,5098 4,5422
4,1175 4,1498
4,6163 4,6493
5,1937 5,2271
13 08:48
4,5098 4,5422
4,1173 4,1496
4,6160 4,6490
5,1940 5,2274
14 08:49
4,5100 4,5424
4,1173 4,1496
4,6167 4,6497
5,1943 5,2277
15 08:50
4,5100 4,5424
4,1184 4,1507
4,6172 4,6502
5,1945 5,2279
16 08:51
4,5108 4,5431
4,1181 4,1504
4,6169 4,6499
5,1941 5,2275
17 08:52
4,5111 4,5434
4,1193 4,1516
4,6168 4,6498
5,1945 5,2279
18 08:53
4,5113 4,5436
4,1207 4,1530
4,6177 4,6507
5,1959 5,2293
19 08:54
4,5111 4,5434
4,1214 4,1537
4,6172 4,6502
5,1960 5,2294
20 08:55
4,5112 4,5435
4,1213 4,1536
4,6170 4,6500
5,1961 5,2295
21 08:56
4,5108 4,5432
4,1218 4,1541
4,6173 4,6503
5,1951 5,2285
22 08:57
4,5111 4,5435
4,1227 4,1550
4,6177 4,6507
5,1965 5,2299
23 08:58
4,5106 4,5430
4,1268 4,1591
4,6178 4,6508
5,1991 5,2325
24 08:59
4,5105 4,5429
4,1255 4,1578
4,6178 4,6508
5,1994 5,2328
25 09:00
4,5103 4,5427
4,1254 4,1577
4,6176 4,6506
5,1982 5,2316
26 09:01
4,5101 4,5425
4,1257 4,1580
4,6182 4,6512
5,1973 5,2307
27 09:02
4,5102 4,5426
4,1264 4,1587
4,6184 4,6514
5,1974 5,2308
28 09:03
4,5099 4,5423
4,1261 4,1584
4,6199 4,6529
5,1982 5,2316
29 09:04
4,5101 4,5425
4,1263 4,1586
4,6196 4,6526
5,1991 5,2325
30 09:05
4,5101 4,5425
4,1267 4,1590
4,6203 4,6533
5,1992 5,2326
31 09:06
4,5104 4,5428
4,1281 4,1604
4,6204 4,6534
5,1998 5,2332
32 09:07
4,5108 4,5432
4,1273 4,1596
4,6213 4,6543
5,1990 5,2324
33 09:08
4,5106 4,5430
4,1269 4,1592
4,6206 4,6536
5,1998 5,2332
34 09:09
4,5105 4,5429
4,1280 4,1603
4,6200 4,6530
5,1999 5,2333
35 09:10
4,5107 4,5431
4,1286 4,1609
4,6193 4,6523
5,1972 5,2306
36 09:11
4,5107 4,5431
4,1272 4,1595
4,6188 4,6518
5,1977 5,2311
37 09:12
4,5107 4,5431
4,1268 4,1591
4,6188 4,6518
5,1980 5,2314
38 09:13
4,5109 4,5433
4,1270 4,1593
4,6187 4,6517
5,1980 5,2314
39 09:14
4,5109 4,5433
4,1259 4,1582
4,6181 4,6511
5,1983 5,2317
40 09:20
Definite connection error#======================
2023-5-11
# 1.EUR, 2.USD, 3.CHF, 4.GBP
Sell Price, Buy Price
1 09:28
4,5111 4,5435
4,1272 4,1595
4,6181 4,6511
5,1943 5,2277
2 09:29
4,5110 4,5434
4,1277 4,1600
4,6182 4,6512
5,1951 5,2285
3 09:30
4,5108 4,5432
4,1266 4,1589
4,6167 4,6497
5,1948 5,2282
4 09:31
4,5112 4,5436
4,1279 4,1602
4,6179 4,6509
5,1954 5,2288
5 09:32
4,5107 4,5431
4,1272 4,1595
4,6172 4,6502
5,1943 5,2277
6 09:33
4,5107 4,5431
4,1265 4,1588
4,6167 4,6497
5,1944 5,2278
7 09:34
4,5103 4,5427
4,1257 4,1580
4,6160 4,6490
5,1931 5,2265
8 09:35
4,5102 4,5426
4,1249 4,1572
4,6163 4,6493
5,1927 5,2261
9 09:36
4,5105 4,5429
4,1257 4,1580
4,6170 4,6500
5,1928 5,2262
10 09:37
4,5105 4,5429
4,1251 4,1574
4,6170 4,6500
5,1918 5,2252
11 09:38
4,5098 4,5422
4,1249 4,1572
4,6164 4,6494
5,1913 5,2247
12 09:39
4,5092 4,5416
4,1242 4,1565
4,6157 4,6487
5,1902 5,2236
13 09:40
4,5092 4,5416
4,1238 4,1561
4,6160 4,6490
5,1915 5,2249
14 09:41
4,5091 4,5415
4,1237 4,1560
4,6165 4,6495
5,1916 5,2250
15 09:42
4,5089 4,5413
4,1237 4,1560
4,6161 4,6491
5,1912 5,2246
16 09:43
4,5089 4,5413
4,1241 4,1564
4,6167 4,6497
5,1915 5,2249
17 09:44
4,5087 4,5411
4,1235 4,1558
4,6163 4,6493
5,1912 5,2246
18 09:45
4,5085 4,5409
4,1237 4,1560
4,6155 4,6485
5,1910 5,2244
19 09:46
4,5038 4,5362
4,1186 4,1509
4,6103 4,6433
5,1854 5,2188
20 09:47
4,5034 4,5358
4,1177 4,1500
4,6104 4,6434
5,1845 5,2179
21 09:48
4,5036 4,5360
4,1175 4,1498
4,6106 4,6436
5,1853 5,2187
22 09:49
4,5037 4,5361
4,1176 4,1499
4,6097 4,6427
5,1849 5,2183
23 09:50
4,5039 4,5363
4,1176 4,1499
4,6100 4,6430
5,1854 5,2188
24 09:51
4,5060 4,5384
4,1197 4,1520
4,6128 4,6458
5,1864 5,2198
25 09:52
4,5060 4,5384
4,1195 4,1518
4,6121 4,6451
5,1860 5,2194
26 09:53
4,5059 4,5383
4,1204 4,1527
4,6120 4,6450
5,1862 5,2196
27 09:54
4,5062 4,5386
4,1214 4,1537
4,6128 4,6458
5,1866 5,2200
28 09:55
4,5062 4,5386
4,1216 4,1539
4,6135 4,6465
5,1866 5,2200
29 09:56
4,5064 4,5388
4,1214 4,1537
4,6130 4,6460
5,1850 5,2184
30 09:57
4,5072 4,5396
4,1227 4,1550
4,6136 4,6466
5,1871 5,2205
31 09:58
4,5071 4,5395
4,1226 4,1549
4,6135 4,6465
5,1855 5,2189
32 09:59
4,5072 4,5396
4,1231 4,1554
4,6136 4,6466
5,1843 5,2177
33 10:00
4,5070 4,5394
4,1233 4,1556
4,6136 4,6466
5,1842 5,2176
34 10:01
4,5083 4,5406
4,1229 4,1552
4,6141 4,6471
5,1863 5,2197
35 10:02
4,5101 4,5424
4,1245 4,1568
4,6164 4,6494
5,1897 5,2231
36 10:03
4,5102 4,5425
4,1262 4,1585
4,6169 4,6499
5,1906 5,2240
37 10:04
4,5099 4,5422
4,1271 4,1594
4,6168 4,6498
5,1911 5,2245
38 10:05
4,5098 4,5421
4,1294 4,1617
4,6169 4,6499
5,1924 5,2258
39 10:06
4,5099 4,5422
4,1293 4,1616
4,6163 4,6493
5,1929 5,2263
40 10:07
4,5107 4,5430
4,1286 4,1609
4,6169 4,6499
5,1935 5,2269
41 10:08
4,5114 4,5437
4,1292 4,1615
4,6160 4,6490
5,1943 5,2277
42 10:09
4,5100 4,5423
4,1264 4,1587
4,6136 4,6466
5,1926 5,2260
43 10:10
4,5104 4,5427
4,1264 4,1587
4,6135 4,6465
5,1928 5,2262
44 10:11
4,5103 4,5427
4,1263 4,1586
4,6137 4,6467
5,1931 5,2265
45 10:12
4,5105 4,5429
4,1268 4,1591
4,6138 4,6468
5,1939 5,2273
46 10:13
4,5107 4,5431
4,1278 4,1601
4,6155 4,6485
5,1951 5,2285
47 10:14
4,5109 4,5433
4,1276 4,1599
4,6149 4,6479
5,1951 5,2285
48 10:15
4,5105 4,5429
4,1274 4,1597
4,6129 4,6459
5,1942 5,2276
49 10:16
4,5100 4,5423
4,1268 4,1591
4,6124 4,6454
5,1936 5,2270
50 10:17
4,5097 4,5420
4,1265 4,1588
4,6121 4,6451
5,1930 5,2264
51 10:18
4,5103 4,5426
4,1272 4,1595
4,6128 4,6458
5,1934 5,2268
52 10:19
4,5107 4,5430
4,1272 4,1595
4,6134 4,6464
5,1935 5,2269
53 10:20
4,5112 4,5435
4,1281 4,1604
4,6151 4,6481
5,1941 5,2275
54 10:21
4,5114 4,5437
4,1292 4,1615
4,6162 4,6492
5,1946 5,2280
55 10:22
4,5108 4,5431
4,1275 4,1598
4,6144 4,6474
5,1930 5,2264
56 10:23
4,5106 4,5429
4,1272 4,1595
4,6142 4,6472
5,1928 5,2262
57 10:24
4,5104 4,5427
4,1268 4,1591
4,6138 4,6468
5,1920 5,2254
58 10:25
4,5105 4,5428
4,1272 4,1595
4,6150 4,6480
5,1921 5,2255
59 10:26
4,5103 4,5427
4,1250 4,1573
4,6146 4,6476
5,1913 5,2247
60 10:27
4,5097 4,5421
4,1248 4,1571
4,6143 4,6473
5,1912 5,2246
61 10:28
4,5097 4,5421
4,1254 4,1577
4,6140 4,6470
5,1916 5,2250
62 10:29
4,5101 4,5425
4,1253 4,1576
4,6144 4,6474
5,1913 5,2247
63 10:30
4,5098 4,5422
4,1249 4,1572
4,6136 4,6466
5,1907 5,2241
64 10:31
4,5100 4,5424
4,1253 4,1576
4,6145 4,6475
5,1909 5,2243
65 10:32
4,5099 4,5423
4,1255 4,1578
4,6137 4,6467
5,1916 5,2250
66 10:33
4,5098 4,5422
4,1253 4,1576
4,6140 4,6470
5,1916 5,2250
67 10:34
4,5097 4,5421
4,1257 4,1580
4,6145 4,6475
5,1924 5,2258
68 10:35
4,5099 4,5423
4,1263 4,1586
4,6143 4,6473
5,1929 5,2263
69 10:36
4,5098 4,5422
4,1260 4,1583
4,6145 4,6475
5,1931 5,2265
70 10:37
4,5095 4,5419
4,1265 4,1588
4,6150 4,6480
5,1929 5,2263
71 10:38
4,5094 4,5418
4,1266 4,1589
4,6137 4,6467
5,1919 5,2253
72 10:39
4,5096 4,5420
4,1273 4,1596
4,6132 4,6462
5,1924 5,2258
73 10:40
4,5091 4,5415
4,1257 4,1580
4,6118 4,6448
5,1917 5,2251
74 10:41
4,5086 4,5410
4,1244 4,1567
4,6105 4,6435
5,1912 5,2246
75 10:42
4,5083 4,5407
4,1244 4,1567
4,6100 4,6430
5,1902 5,2236
76 10:43
4,5079 4,5403
4,1239 4,1562
4,6098 4,6428
5,1903 5,2237
77 10:44
4,5079 4,5403
4,1232 4,1555
4,6098 4,6428
5,1900 5,2234
78 10:45
4,5073 4,5397
4,1226 4,1549
4,6101 4,6431
5,1895 5,2229
79 10:46
4,5073 4,5397
4,1226 4,1549
4,6101 4,6431
5,1890 5,2224
80 10:47
4,5073 4,5397
4,1226 4,1549
4,6100 4,6430
5,1900 5,2234
81 10:48
4,5074 4,5398
4,1236 4,1559
4,6105 4,6435
5,1900 5,2234
82 10:49
4,5073 4,5397
4,1230 4,1553
4,6101 4,6431
5,1896 5,2230
83 10:50
4,5074 4,5398
4,1229 4,1552
4,6093 4,6423
5,1894 5,2228
84 10:51
4,5077 4,5401
4,1243 4,1566
4,6099 4,6429
5,1910 5,2244
85 10:52
4,5077 4,5401
4,1239 4,1562
4,6091 4,6421
5,1916 5,2250
86 10:53
4,5077 4,5401
4,1239 4,1562
4,6079 4,6409
5,1913 5,2247
87 10:54
4,5081 4,5405
4,1239 4,1562
4,6083 4,6413
5,1918 5,2252
88 10:55
4,5082 4,5406
4,1242 4,1565
4,6082 4,6412
5,1919 5,2253
89 10:56
4,5081 4,5405
4,1245 4,1568
4,6085 4,6415
5,1917 5,2251
90 10:57
4,5078 4,5402
4,1240 4,1563
4,6078 4,6408
5,1913 5,2247
91 10:58
4,5075 4,5399
4,1239 4,1562
4,6080 4,6410
5,1912 5,2246
92 10:59
4,5073 4,5397
4,1234 4,1557
4,6087 4,6417
5,1914 5,2248
93 11:00
4,5071 4,5395
4,1241 4,1564
4,6088 4,6418
5,1923 5,2257
94 11:01
4,5077 4,5401
4,1239 4,1562
4,6093 4,6423
5,1929 5,2263
95 11:02
4,5075 4,5399
4,1231 4,1554
4,6092 4,6422
5,1927 5,2261
96 11:03
4,5074 4,5398
4,1227 4,1550
4,6091 4,6421
5,1927 5,2261
97 11:04
4,5072 4,5396
4,1223 4,1546
4,6088 4,6418
5,1923 5,2257
98 11:05
4,5069 4,5393
4,1220 4,1543
4,6088 4,6418
5,1928 5,2262
99 11:06
4,5071 4,5395
4,1220 4,1543
4,6092 4,6422
5,1927 5,2261
100 11:07
4,5038 4,5362
4,1192 4,1515
4,6060 4,6390
5,1883 5,2217
101 11:08
4,5049 4,5373
4,1200 4,1523
4,6062 4,6392
5,1895 5,2229
102 11:09
4,5052 4,5376
4,1210 4,1533
4,6068 4,6398
5,1901 5,2235
103 11:10
4,5055 4,5379
4,1217 4,1540
4,6074 4,6404
5,1915 5,2249
104 11:11
4,5056 4,5380
4,1226 4,1549
4,6072 4,6402
5,1907 5,2241
105 11:12
4,5053 4,5377
4,1213 4,1536
4,6069 4,6399
5,1894 5,2228
106 11:13
4,5052 4,5376
4,1212 4,1535
4,6068 4,6398
5,1893 5,2227
107 11:14
4,5052 4,5376
4,1214 4,1537
4,6068 4,6398
5,1893 5,2227
108 11:15
4,5051 4,5375
4,1223 4,1546
4,6072 4,6402
5,1892 5,2226
109 11:16
4,5050 4,5374
4,1231 4,1554
4,6082 4,6412
5,1894 5,2228
110 11:17
4,5050 4,5374
4,1231 4,1554
4,6080 4,6410
5,1894 5,2228
111 11:18
4,5049 4,5373
4,1221 4,1544
4,6086 4,6416
5,1896 5,2230
112 11:19
4,5051 4,5375
4,1219 4,1542
4,6084 4,6414
5,1892 5,2226
113 11:20
4,5051 4,5375
4,1221 4,1544
4,6084 4,6414
5,1889 5,2223
114 11:21
4,5051 4,5375
4,1219 4,1542
4,6088 4,6418
5,1892 5,2226
115 11:22
4,5051 4,5375
4,1223 4,1546
4,6098 4,6428
5,1904 5,2238
116 11:23
4,5050 4,5374
4,1220 4,1543
4,6104 4,6434
5,1909 5,2243
117 11:24
4,5050 4,5374
4,1214 4,1537
4,6111 4,6441
5,1900 5,2234
118 11:25
4,5050 4,5374
4,1214 4,1537
4,6111 4,6441
5,1903 5,2237
119 11:26
4,5050 4,5374
4,1212 4,1535
4,6113 4,6443
5,1900 5,2234
120 11:27
4,5050 4,5374
4,1216 4,1539
4,6109 4,6439
5,1901 5,2235
121 11:28
4,5050 4,5374
4,1214 4,1537
4,6109 4,6439
5,1903 5,2237
122 11:29
4,5050 4,5374
4,1214 4,1537
4,6112 4,6442
5,1909 5,2243
123 11:30
4,5051 4,5375
4,1219 4,1542
4,6114 4,6444
5,1904 5,2238
124 11:31
4,5048 4,5372
4,1213 4,1536
4,6114 4,6444
5,1912 5,2246
125 11:32
4,5045 4,5369
4,1212 4,1535
4,6108 4,6438
5,1897 5,2231
126 11:33
4,5045 4,5369
4,1215 4,1538
4,6108 4,6438
5,1909 5,2243
127 11:34
4,5045 4,5369
4,1217 4,1540
4,6111 4,6441
5,1906 5,2240
128 11:35
4,5045 4,5369
4,1216 4,1539
4,6108 4,6438
5,1912 5,2246
129 11:36
4,5046 4,5370
4,1220 4,1543
4,6116 4,6446
5,1916 5,2250
130 11:37
4,5059 4,5383
4,1240 4,1563
4,6139 4,6469
5,1934 5,2268
131 11:58
4,5051 4,5375
4,1216 4,1539
4,6098 4,6428
5,1916 5,2250
132 12:07
4,5051 4,5375
4,1216 4,1539
4,6098 4,6428
5,1916 5,2250
133 12:08
4,5052 4,5376
4,1224 4,1547
4,6099 4,6429
5,1919 5,2253
134 12:09
4,5054 4,5378
4,1237 4,1560
4,6101 4,6431
5,1922 5,2256
135 12:10
4,5057 4,5381
4,1249 4,1572
4,6093 4,6423
5,1932 5,2266
136 12:11
4,5055 4,5378
4,1251 4,1574
4,6100 4,6430
5,1933 5,2267
137 12:12
4,5055 4,5378
4,1247 4,1570
4,6109 4,6439
5,1933 5,2267
138 12:13
4,5054 4,5377
4,1248 4,1571
4,6110 4,6440
5,1923 5,2257
139 12:14
4,5055 4,5378
4,1249 4,1572
4,6111 4,6441
5,1926 5,2260
140 12:15
4,5030 4,5353
4,1228 4,1551
4,6086 4,6416
5,1898 5,2232
141 12:16
4,5033 4,5357
4,1231 4,1554
4,6091 4,6421
5,1893 5,2227
142 12:17
4,5036 4,5360
4,1232 4,1555
4,6092 4,6422
5,1893 5,2227
143 12:18
4,5041 4,5365
4,1236 4,1559
4,6097 4,6427
5,1898 5,2232
144 12:19
4,5042 4,5366
4,1233 4,1556
4,6100 4,6430
5,1893 5,2227
145 12:20
4,5042 4,5366
4,1236 4,1559
4,6105 4,6435
5,1888 5,2222
146 12:21
4,5044 4,5368
4,1237 4,1560
4,6107 4,6437
5,1893 5,2227
147 12:22
4,5041 4,5365
4,1233 4,1556
4,6104 4,6434
5,1883 5,2217
148 12:23
4,5038 4,5362
4,1224 4,1547
4,6101 4,6431
5,1878 5,2212
149 12:24
4,5039 4,5363
4,1219 4,1542
4,6104 4,6434
5,1878 5,2212
150 12:25
4,5038 4,5362
4,1232 4,1555
4,6108 4,6438
5,1877 5,2211
151 12:26
4,5039 4,5363
4,1229 4,1552
4,6109 4,6439
5,1875 5,2209
152 12:27
4,5038 4,5362
4,1233 4,1556
4,6113 4,6443
5,1874 5,2208
153 12:28
4,5036 4,5360
4,1230 4,1553
4,6111 4,6441
5,1868 5,2202
154 12:29
4,5038 4,5362
4,1235 4,1558
4,6115 4,6445
5,1864 5,2198
155 12:30
4,5043 4,5367
4,1248 4,1571
4,6123 4,6453
5,1877 5,2211
156 12:31
4,5047 4,5371
4,1257 4,1580
4,6127 4,6457
5,1888 5,2222
157 12:32
4,5046 4,5370
4,1254 4,1577
4,6121 4,6451
5,1880 5,2214
158 12:33
4,5046 4,5370
4,1251 4,1574
4,6120 4,6450
5,1884 5,2218
159 12:34
4,5044 4,5368
4,1245 4,1568
4,6112 4,6442
5,1872 5,2206
160 12:35
4,5034 4,5358
4,1238 4,1561
4,6103 4,6433
5,1866 5,2200
161 12:36
4,5034 4,5358
4,1238 4,1561
4,6102 4,6432
5,1872 5,2206
162 12:37
4,5033 4,5357
4,1233 4,1556
4,6103 4,6433
5,1868 5,2202
163 12:38
4,5033 4,5357
4,1229 4,1552
4,6101 4,6431
5,1860 5,2194
164 12:39
4,5034 4,5358
4,1236 4,1559
4,6106 4,6436
5,1857 5,2191
165 12:40
4,5033 4,5357
4,1231 4,1554
4,6104 4,6434
5,1850 5,2184
166 12:41
4,5033 4,5357
4,1233 4,1556
4,6103 4,6433
5,1853 5,2187
167 12:42
4,5033 4,5357
4,1229 4,1552
4,6098 4,6428
5,1850 5,2184
168 12:43
4,5033 4,5357
4,1229 4,1552
4,6098 4,6428
5,1849 5,2183
169 12:44
4,5023 4,5347
4,1218 4,1541
4,6086 4,6416
5,1836 5,2170
170 12:45
4,5017 4,5341
4,1209 4,1532
4,6080 4,6410
5,1831 5,2165
171 12:46
4,5017 4,5341
4,1209 4,1532
4,6084 4,6414
5,1844 5,2178
172 12:47
4,5016 4,5340
4,1206 4,1529
4,6081 4,6411
5,1843 5,2177
173 12:48
4,5015 4,5339
4,1205 4,1528
4,6085 4,6415
5,1844 5,2178
174 12:49
4,5013 4,5337
4,1205 4,1528
4,6080 4,6410
5,1851 5,2185
175 12:50
4,5013 4,5337
4,1201 4,1524
4,6078 4,6408
5,1851 5,2185
176 12:51
4,5014 4,5338
4,1204 4,1527
4,6081 4,6411
5,1852 5,2186
177 12:52
4,5016 4,5340
4,1206 4,1529
4,6081 4,6411
5,1852 5,2186
178 12:53
4,5017 4,5341
4,1213 4,1536
4,6082 4,6412
5,1853 5,2187
179 12:54
4,5015 4,5339
4,1214 4,1537
4,6082 4,6412
5,1847 5,2181
180 12:55
4,5015 4,5339
4,1211 4,1534
4,6080 4,6410
5,1848 5,2182
181 12:56
4,5013 4,5337
4,1209 4,1532
4,6078 4,6409
5,1845 5,2179
182 12:57
4,5014 4,5338
4,1206 4,1529
4,6076 4,6407
5,1854 5,2188
183 12:58
4,5013 4,5337
4,1211 4,1534
4,6078 4,6409
5,1848 5,2182
184 12:59
4,5013 4,5337
4,1209 4,1532
4,6078 4,6409
5,1845 5,2179
185 13:00
4,5002 4,5326
4,1201 4,1524
4,6064 4,6395
5,1823 5,2157
186 13:01
4,4994 4,5318
4,1175 4,1498
4,6056 4,6386
5,1971 5,2307
187 13:02
4,4993 4,5317
4,1183 4,1506
4,6055 4,6385
5,1920 5,2256
188 13:03
4,4981 4,5305
4,1176 4,1499
4,6043 4,6373
5,1912 5,2248
189 13:04
4,4990 4,5314
4,1184 4,1507
4,6055 4,6385
5,1906 5,2242
190 13:05
4,4994 4,5318
4,1178 4,1501
4,6058 4,6388
5,1897 5,2233
191 13:06
4,4995 4,5319
4,1181 4,1504
4,6057 4,6387
5,1878 5,2212
192 13:07
4,5000 4,5324
4,1178 4,1501
4,6062 4,6392
5,1893 5,2227
193 13:08
4,5002 4,5326
4,1178 4,1501
4,6062 4,6392
5,1908 5,2242
194 13:09
4,4997 4,5321
4,1170 4,1493
4,6061 4,6391
5,1944 5,2278
195 13:10
4,4998 4,5322
4,1172 4,1495
4,6068 4,6398
5,1943 5,2277
196 13:11
4,4997 4,5321
4,1166 4,1489
4,6063 4,6393
5,1914 5,2248
197 13:12
4,4998 4,5322
4,1174 4,1497
4,6067 4,6397
5,1924 5,2258
198 13:13
4,5000 4,5324
4,1176 4,1499
4,6074 4,6404
5,1923 5,2257
199 13:14
4,4998 4,5322
4,1176 4,1499
4,6075 4,6405
5,1936 5,2270
200 13:15
4,4998 4,5322
4,1169 4,1492
4,6077 4,6407
5,1943 5,2277
201 13:16
4,5005 4,5329
4,1188 4,1511
4,6091 4,6421
5,1947 5,2281
202 13:17
4,5008 4,5332
4,1187 4,1510
4,6097 4,6427
5,1947 5,2281
203 13:18
4,5008 4,5332
4,1193 4,1516
4,6111 4,6441
5,1940 5,2274
204 13:19
4,5009 4,5333
4,1192 4,1515
4,6114 4,6444
5,1943 5,2277
205 13:20
4,5010 4,5334
4,1187 4,1510
4,6120 4,6450
5,1936 5,2270
206 13:21
4,5011 4,5335
4,1184 4,1507
4,6118 4,6448
5,1936 5,2270
207 13:22
4,5015 4,5339
4,1186 4,1509
4,6120 4,6450
5,1935 5,2269
208 13:23
4,5017 4,5341
4,1186 4,1509
4,6127 4,6457
5,1940 5,2274
209 13:24
4,5032 4,5356
4,1196 4,1519
4,6152 4,6482
5,1957 5,2291
210 13:25
4,5032 4,5356
4,1189 4,1512
4,6145 4,6475
5,1954 5,2288
211 13:26
4,5033 4,5357
4,1184 4,1507
4,6149 4,6479
5,1961 5,2295
212 13:33
4,5027 4,5351
4,1165 4,1488
4,6102 4,6433
5,1951 5,2285
213 13:34
4,5035 4,5359
4,1172 4,1495
4,6114 4,6445
5,1964 5,2298
214 13:35
4,5034 4,5358
4,1173 4,1496
4,6113 4,6444
5,1968 5,2302
215 13:36
4,5033 4,5357
4,1187 4,1510
4,6113 4,6443
5,1962 5,2296
216 13:37
4,5032 4,5356
4,1188 4,1511
4,6109 4,6439
5,1954 5,2288
217 13:38
4,5030 4,5354
4,1190 4,1513
4,6100 4,6430
5,1961 5,2295
218 14:45
4,5016 4,5340
4,1161 4,1484
4,6132 4,6462
5,1890 5,2224
219 14:46
4,5017 4,5341
4,1160 4,1483
4,6128 4,6458
5,1883 5,2217
220 14:47
4,5017 4,5341
4,1154 4,1477
4,6129 4,6459
5,1876 5,2210
221 14:48
4,5014 4,5338
4,1151 4,1474
4,6131 4,6461
5,1876 5,2210
222 14:49
4,5015 4,5339
4,1143 4,1466
4,6130 4,6460
5,1872 5,2206
223 14:50
4,5018 4,5342
4,1145 4,1468
4,6126 4,6456
5,1874 5,2208
224 14:51
4,5017 4,5341
4,1143 4,1466
4,6129 4,6459
5,1877 5,2211
225 14:52
4,5021 4,5345
4,1154 4,1477
4,6131 4,6461
5,1869 5,2203
226 14:53
4,5017 4,5341
4,1156 4,1479
4,6129 4,6459
5,1864 5,2198
227 14:54
4,5016 4,5340
4,1161 4,1484
4,6126 4,6456
5,1879 5,2213
228 14:55
4,5015 4,5339
4,1167 4,1490
4,6130 4,6460
5,1877 5,2211
229 14:56
4,5020 4,5344
4,1177 4,1500
4,6132 4,6462
5,1874 5,2208
230 14:57
4,5025 4,5349
4,1174 4,1497
4,6135 4,6465
5,1874 5,2208
231 14:58
4,5026 4,5350
4,1177 4,1500
4,6148 4,6478
5,1881 5,2215
232 14:59
4,5025 4,5349
4,1176 4,1499
4,6149 4,6479
5,1880 5,2214
233 15:00
4,5026 4,5350
4,1183 4,1506
4,6165 4,6495
5,1863 5,2197
234 15:01
4,5029 4,5353
4,1189 4,1512
4,6175 4,6505
5,1860 5,2194
235 15:02
4,5029 4,5353
4,1190 4,1513
4,6170 4,6500
5,1851 5,2185
236 15:03
4,5030 4,5354
4,1200 4,1523
4,6178 4,6508
5,1850 5,2184
237 15:04
4,5029 4,5353
4,1201 4,1524
4,6179 4,6509
5,1834 5,2168
238 15:05
4,5037 4,5361
4,1214 4,1537
4,6195 4,6525
5,1821 5,2155
239 15:06
4,5050 4,5374
4,1233 4,1556
4,6208 4,6538
5,1822 5,2156
240 15:07
4,5049 4,5373
4,1240 4,1563
4,6208 4,6538
5,1822 5,2156
241 15:08
4,5047 4,5371
4,1242 4,1565
4,6202 4,6532
5,1818 5,2152
242 15:09
4,5046 4,5370
4,1235 4,1558
4,6202 4,6532
5,1814 5,2148
243 15:10
4,5047 4,5371
4,1236 4,1559
4,6203 4,6533
5,1830 5,2164
244 15:11
4,5046 4,5370
4,1230 4,1553
4,6192 4,6522
5,1829 5,2163
245 15:12
4,5048 4,5372
4,1229 4,1552
4,6194 4,6524
5,1831 5,2165
246 15:13
4,5049 4,5373
4,1230 4,1553
4,6186 4,6516
5,1817 5,2151
247 15:14
4,5053 4,5377
4,1232 4,1555
4,6186 4,6516
5,1828 5,2162
248 15:15
4,5063 4,5387
4,1247 4,1570
4,6187 4,6517
5,1836 5,2170
249 15:16
4,5086 4,5410
4,1274 4,1597
4,6221 4,6551
5,1857 5,2191
250 15:17
4,5070 4,5394
4,1265 4,1588
4,6201 4,6531
5,1838 5,2172
251 15:18
4,5068 4,5392
4,1259 4,1582
4,6202 4,6532
5,1843 5,2177
252 15:19
4,5062 4,5386
4,1259 4,1582
4,6190 4,6520
5,1842 5,2176
253 15:20
4,5063 4,5387
4,1266 4,1589
4,6193 4,6523
5,1824 5,2158
254 15:21
4,5065 4,5389
4,1274 4,1597
4,6204 4,6534
5,1831 5,2165
255 15:22
4,5072 4,5396
4,1288 4,1611
4,6209 4,6539
5,1833 5,2167
256 15:23
4,5069 4,5393
4,1277 4,1600
4,6197 4,6527
5,1811 5,2145
257 15:24
4,5072 4,5396
4,1273 4,1596
4,6191 4,6521
5,1808 5,2142
258 15:25
4,5074 4,5398
4,1276 4,1599
4,6195 4,6525
5,1804 5,2138
259 15:26
4,5076 4,5400
4,1284 4,1607
4,6199 4,6529
5,1834 5,2168
260 15:27
4,5071 4,5395
4,1285 4,1608
4,6197 4,6527
5,1815 5,2149
261 15:28
4,5070 4,5394
4,1280 4,1603
4,6193 4,6523
5,1805 5,2139
262 15:29
4,5070 4,5394
4,1278 4,1601
4,6194 4,6524
5,1805 5,2139
263 15:30
4,5070 4,5394
4,1280 4,1603
4,6196 4,6526
5,1809 5,2143
264 15:31
4,5070 4,5394
4,1278 4,1601
4,6200 4,6530
5,1811 5,2145
265 15:32
4,5077 4,5401
4,1285 4,1608
4,6210 4,6540
5,1819 5,2153
266 15:33
4,5080 4,5404
4,1293 4,1616
4,6213 4,6543
5,1812 5,2146
267 15:34
4,5081 4,5405
4,1286 4,1609
4,6204 4,6534
5,1803 5,2137
268 15:35
4,5089 4,5413
4,1298 4,1621
4,6216 4,6546
5,1828 5,2162
269 15:36
4,5101 4,5425
4,1305 4,1628
4,6226 4,6556
5,1833 5,2167
270 15:37
4,5099 4,5423
4,1310 4,1633
4,6226 4,6556
5,1839 5,2173
271 15:38
4,5096 4,5420
4,1314 4,1637
4,6225 4,6555
5,1839 5,2173
272 15:39
4,5103 4,5427
4,1331 4,1654
4,6233 4,6563
5,1856 5,2190
273 15:40
4,5108 4,5432
4,1345 4,1668
4,6237 4,6567
5,1864 5,2198
274 15:41
4,5121 4,5445
4,1351 4,1674
4,6248 4,6578
5,1880 5,2214
275 15:42
4,5118 4,5442
4,1353 4,1676
4,6247 4,6577
5,1879 5,2213
276 15:43
4,5117 4,5441
4,1346 4,1669
4,6241 4,6571
5,1878 5,2212
277 15:44
4,5117 4,5441
4,1352 4,1675
4,6246 4,6576
5,1877 5,2211
278 15:45
4,5116 4,5440
4,1356 4,1679
4,6245 4,6575
5,1892 5,2226
279 15:46
4,5119 4,5443
4,1365 4,1688
4,6242 4,6572
5,1892 5,2226
280 15:47
4,5115 4,5439
4,1361 4,1684
4,6227 4,6557
5,1870 5,2204
281 15:48
4,5125 4,5449
4,1368 4,1691
4,6237 4,6567
5,1878 5,2212
282 15:49
4,5134 4,5458
4,1371 4,1694
4,6242 4,6572
5,1887 5,2221
283 15:50
4,5133 4,5457
4,1387 4,1710
4,6245 4,6575
5,1881 5,2215
284 15:51
4,5170 4,5493
4,1427 4,1750
4,6281 4,6611
5,1912 5,2246
285 15:52
4,5172 4,5495
4,1425 4,1748
4,6285 4,6615
5,1924 5,2258
286 15:53
4,5171 4,5494
4,1430 4,1753
4,6287 4,6617
5,1914 5,2248
287 15:54
4,5171 4,5494
4,1422 4,1745
4,6285 4,6615
5,1916 5,2250
288 15:55
4,5167 4,5490
4,1424 4,1747
4,6283 4,6613
5,1906 5,2240
