#======================
2023-8-15
# 1.EUR, 2.USD, 3.CHF, 4.GBP
Sell Price, Buy Price
1 12:19
4,3994 4,4923
4,0304 4,1284
4,5999 4,6714
5,1213 5,2282
2 12:20
4,3994 4,4923
4,0304 4,1284
4,5999 4,6714
5,1213 5,2282
3 12:21
4,3994 4,4923
4,0304 4,1284
4,5999 4,6714
5,1213 5,2282
4 12:22
4,3994 4,4923
4,0304 4,1284
4,5999 4,6714
5,1213 5,2282
5 12:23
4,3994 4,4923
4,0304 4,1284
4,5999 4,6714
5,1213 5,2282
6 12:24
4,3994 4,4923
4,0304 4,1284
4,5999 4,6714
5,1213 5,2282
7 12:25
4,3994 4,4923
4,0304 4,1284
4,5999 4,6714
5,1213 5,2282
8 12:26
4,3994 4,4923
4,0304 4,1284
4,5999 4,6714
5,1213 5,2282
9 12:27
4,3994 4,4923
4,0304 4,1284
4,5999 4,6714
5,1213 5,2282
10 12:28
4,3994 4,4923
4,0304 4,1284
4,5999 4,6714
5,1213 5,2282
11 12:29
4,3994 4,4923
4,0304 4,1284
4,5999 4,6714
5,1213 5,2282
12 12:30
4,3994 4,4923
4,0304 4,1284
4,5999 4,6714
5,1213 5,2282
13 12:31
4,3994 4,4923
4,0304 4,1284
4,5999 4,6714
5,1213 5,2282
14 12:32
4,3994 4,4923
4,0304 4,1284
4,5999 4,6714
5,1213 5,2282
15 12:33
4,3994 4,4923
4,0304 4,1284
4,5999 4,6714
5,1213 5,2282
16 12:34
4,3994 4,4923
4,0304 4,1284
4,5999 4,6714
5,1213 5,2282
17 12:35
4,3994 4,4923
4,0304 4,1284
4,5999 4,6714
5,1213 5,2282
18 12:36
4,3994 4,4923
4,0304 4,1284
4,5999 4,6714
5,1213 5,2282
19 12:37
4,3994 4,4923
4,0304 4,1284
4,5999 4,6714
5,1213 5,2282
20 12:38
4,3994 4,4923
4,0304 4,1284
4,5999 4,6714
5,1213 5,2282
21 12:39
4,3994 4,4923
4,0304 4,1284
4,5999 4,6714
5,1213 5,2282
22 12:40
4,3994 4,4923
4,0304 4,1284
4,5999 4,6714
5,1213 5,2282
23 12:41
4,3994 4,4923
4,0304 4,1284
4,5999 4,6714
5,1213 5,2282
24 12:42
4,3994 4,4923
4,0304 4,1284
4,5999 4,6714
5,1213 5,2282
25 12:43
4,3994 4,4923
4,0304 4,1284
4,5999 4,6714
5,1213 5,2282
26 12:44
4,3994 4,4923
4,0304 4,1284
4,5999 4,6714
5,1213 5,2282
27 12:45
4,3994 4,4923
4,0304 4,1284
4,5999 4,6714
5,1213 5,2282
28 12:46
4,3994 4,4923
4,0304 4,1284
4,5999 4,6714
5,1213 5,2282
29 12:47
4,3994 4,4923
4,0304 4,1284
4,5999 4,6714
5,1213 5,2282
30 12:48
4,3994 4,4923
4,0304 4,1284
4,5999 4,6714
5,1213 5,2282
31 12:49
4,3994 4,4923
4,0304 4,1284
4,5999 4,6714
5,1213 5,2282
32 12:50
4,3994 4,4923
4,0304 4,1284
4,5999 4,6714
5,1213 5,2282
33 12:51
4,3994 4,4923
4,0304 4,1284
4,5999 4,6714
5,1213 5,2282
34 12:52
4,3994 4,4923
4,0304 4,1284
4,5999 4,6714
5,1213 5,2282
35 12:53
4,3994 4,4923
4,0304 4,1284
4,5999 4,6714
5,1213 5,2282
36 12:54
4,3994 4,4923
4,0304 4,1284
4,5999 4,6714
5,1213 5,2282
37 12:55
4,3994 4,4923
4,0304 4,1284
4,5999 4,6714
5,1213 5,2282
38 12:56
4,3994 4,4923
4,0304 4,1284
4,5999 4,6714
5,1213 5,2282
39 12:57
4,3994 4,4923
4,0304 4,1284
4,5999 4,6714
5,1213 5,2282
40 12:58
4,3994 4,4923
4,0304 4,1284
4,5999 4,6714
5,1213 5,2282
41 12:59
4,3994 4,4923
4,0304 4,1284
4,5999 4,6714
5,1213 5,2282
42 13:00
4,3994 4,4923
4,0304 4,1284
4,5999 4,6714
5,1213 5,2282
43 13:01
4,3994 4,4923
4,0304 4,1284
4,5999 4,6714
5,1213 5,2282
44 13:02
4,3994 4,4923
4,0304 4,1284
4,5999 4,6714
5,1213 5,2282
45 13:03
4,3994 4,4923
4,0304 4,1284
4,5999 4,6714
5,1213 5,2282
46 13:04
4,3994 4,4923
4,0304 4,1284
4,5999 4,6714
5,1213 5,2282
47 13:05
4,3994 4,4923
4,0304 4,1284
4,5999 4,6714
5,1213 5,2282
48 13:06
4,3994 4,4923
4,0304 4,1284
4,5999 4,6714
5,1213 5,2282
49 13:07
4,3994 4,4923
4,0304 4,1284
4,5999 4,6714
5,1213 5,2282
50 13:08
4,3994 4,4923
4,0304 4,1284
4,5999 4,6714
5,1213 5,2282
51 13:09
4,3994 4,4923
4,0304 4,1284
4,5999 4,6714
5,1213 5,2282
52 13:10
4,3994 4,4923
4,0304 4,1284
4,5999 4,6714
5,1213 5,2282
53 13:11
4,3994 4,4923
4,0304 4,1284
4,5999 4,6714
5,1213 5,2282
54 13:12
4,3994 4,4923
4,0304 4,1284
4,5999 4,6714
5,1213 5,2282
55 13:13
4,3994 4,4923
4,0304 4,1284
4,5999 4,6714
5,1213 5,2282
56 13:14
4,3994 4,4923
4,0304 4,1284
4,5999 4,6714
5,1213 5,2282
57 13:15
4,3994 4,4923
4,0304 4,1284
4,5999 4,6714
5,1213 5,2282
58 13:16
4,3994 4,4923
4,0304 4,1284
4,5999 4,6714
5,1213 5,2282
59 13:17
4,3994 4,4923
4,0304 4,1284
4,5999 4,6714
5,1213 5,2282
60 13:18
4,3994 4,4923
4,0304 4,1284
4,5999 4,6714
5,1213 5,2282
61 13:19
4,3994 4,4923
4,0304 4,1284
4,5999 4,6714
5,1213 5,2282
62 13:20
4,3994 4,4923
4,0304 4,1284
4,5999 4,6714
5,1213 5,2282
63 13:21
4,3994 4,4923
4,0304 4,1284
4,5999 4,6714
5,1213 5,2282
64 13:22
4,3994 4,4923
4,0304 4,1284
4,5999 4,6714
5,1213 5,2282
65 13:23
4,3994 4,4923
4,0304 4,1284
4,5999 4,6714
5,1213 5,2282
66 13:24
4,3994 4,4923
4,0304 4,1284
4,5999 4,6714
5,1213 5,2282
67 13:25
4,3994 4,4923
4,0304 4,1284
4,5999 4,6714
5,1213 5,2282
68 13:26
4,3994 4,4923
4,0304 4,1284
4,5999 4,6714
5,1213 5,2282
69 13:27
4,3994 4,4923
4,0304 4,1284
4,5999 4,6714
5,1213 5,2282
70 13:28
4,3994 4,4923
4,0304 4,1284
4,5999 4,6714
5,1213 5,2282
71 13:29
4,3994 4,4923
4,0304 4,1284
4,5999 4,6714
5,1213 5,2282
72 13:30
4,3994 4,4923
4,0304 4,1284
4,5999 4,6714
5,1213 5,2282
73 13:31
4,3994 4,4923
4,0304 4,1284
4,5999 4,6714
5,1213 5,2282
74 13:32
4,3994 4,4923
4,0304 4,1284
4,5999 4,6714
5,1213 5,2282
75 13:33
4,3994 4,4923
4,0304 4,1284
4,5999 4,6714
5,1213 5,2282
76 13:34
4,3994 4,4923
4,0304 4,1284
4,5999 4,6714
5,1213 5,2282
77 13:35
4,3994 4,4923
4,0304 4,1284
4,5999 4,6714
5,1213 5,2282
78 13:36
4,3994 4,4923
4,0304 4,1284
4,5999 4,6714
5,1213 5,2282
79 13:37
4,3994 4,4923
4,0304 4,1284
4,5999 4,6714
5,1213 5,2282
80 13:38
4,3994 4,4923
4,0304 4,1284
4,5999 4,6714
5,1213 5,2282
81 13:39
4,3994 4,4923
4,0304 4,1284
4,5999 4,6714
5,1213 5,2282
82 13:40
4,3994 4,4923
4,0304 4,1284
4,5999 4,6714
5,1213 5,2282
83 13:41
4,3994 4,4923
4,0304 4,1284
4,5999 4,6714
5,1213 5,2282
84 13:42
4,3994 4,4923
4,0304 4,1284
4,5999 4,6714
5,1213 5,2282
85 13:43
4,3994 4,4923
4,0304 4,1284
4,5999 4,6714
5,1213 5,2282
86 13:44
4,3994 4,4923
4,0304 4,1284
4,5999 4,6714
5,1213 5,2282
87 13:45
4,3994 4,4923
4,0304 4,1284
4,5999 4,6714
5,1213 5,2282
88 13:46
4,3994 4,4923
4,0304 4,1284
4,5999 4,6714
5,1213 5,2282
89 13:47
4,3994 4,4923
4,0304 4,1284
4,5999 4,6714
5,1213 5,2282
90 13:48
4,3994 4,4923
4,0304 4,1284
4,5999 4,6714
5,1213 5,2282
91 13:49
4,3994 4,4923
4,0304 4,1284
4,5999 4,6714
5,1213 5,2282
92 13:50
4,3994 4,4923
4,0304 4,1284
4,5999 4,6714
5,1213 5,2282
93 13:51
4,3994 4,4923
4,0304 4,1284
4,5999 4,6714
5,1213 5,2282
94 13:52
4,3994 4,4923
4,0304 4,1284
4,5999 4,6714
5,1213 5,2282
95 13:53
4,3994 4,4923
4,0304 4,1284
4,5999 4,6714
5,1213 5,2282
96 13:54
4,3994 4,4923
4,0304 4,1284
4,5999 4,6714
5,1213 5,2282
97 13:55
4,3994 4,4923
4,0304 4,1284
4,5999 4,6714
5,1213 5,2282
98 13:56
4,3994 4,4923
4,0304 4,1284
4,5999 4,6714
5,1213 5,2282
99 13:57
4,3994 4,4923
4,0304 4,1284
4,5999 4,6714
5,1213 5,2282
100 13:58
4,3994 4,4923
4,0304 4,1284
4,5999 4,6714
5,1213 5,2282
101 13:59
4,3994 4,4923
4,0304 4,1284
4,5999 4,6714
5,1213 5,2282
102 14:00
4,3994 4,4923
4,0304 4,1284
4,5999 4,6714
5,1213 5,2282
103 14:01
4,3994 4,4923
4,0304 4,1284
4,5999 4,6714
5,1213 5,2282
104 14:02
4,3994 4,4923
4,0304 4,1284
4,5999 4,6714
5,1213 5,2282
105 14:03
4,3994 4,4923
4,0304 4,1284
4,5999 4,6714
5,1213 5,2282
106 14:04
4,3994 4,4923
4,0304 4,1284
4,5999 4,6714
5,1213 5,2282
107 14:05
4,3994 4,4923
4,0304 4,1284
4,5999 4,6714
5,1213 5,2282
108 14:06
4,3994 4,4923
4,0304 4,1284
4,5999 4,6714
5,1213 5,2282
109 14:07
4,3994 4,4923
4,0304 4,1284
4,5999 4,6714
5,1213 5,2282
110 14:08
4,3994 4,4923
4,0304 4,1284
4,5999 4,6714
5,1213 5,2282
111 14:09
4,3994 4,4923
4,0304 4,1284
4,5999 4,6714
5,1213 5,2282
112 14:10
4,3994 4,4923
4,0304 4,1284
4,5999 4,6714
5,1213 5,2282
113 14:11
4,3994 4,4923
4,0304 4,1284
4,5999 4,6714
5,1213 5,2282
114 14:12
4,3994 4,4923
4,0304 4,1284
4,5999 4,6714
5,1213 5,2282
115 14:13
4,3994 4,4923
4,0304 4,1284
4,5999 4,6714
5,1213 5,2282
116 14:14
4,3994 4,4923
4,0304 4,1284
4,5999 4,6714
5,1213 5,2282
117 14:15
4,3994 4,4923
4,0304 4,1284
4,5999 4,6714
5,1213 5,2282
118 14:16
4,3994 4,4923
4,0304 4,1284
4,5999 4,6714
5,1213 5,2282
119 14:17
4,3994 4,4923
4,0304 4,1284
4,5999 4,6714
5,1213 5,2282
120 14:18
4,3994 4,4923
4,0304 4,1284
4,5999 4,6714
5,1213 5,2282
121 14:19
4,3994 4,4923
4,0304 4,1284
4,5999 4,6714
5,1213 5,2282
122 14:20
4,3994 4,4923
4,0304 4,1284
4,5999 4,6714
5,1213 5,2282
123 14:21
4,3994 4,4923
4,0304 4,1284
4,5999 4,6714
5,1213 5,2282
124 14:22
4,3994 4,4923
4,0304 4,1284
4,5999 4,6714
5,1213 5,2282
125 14:23
4,3994 4,4923
4,0304 4,1284
4,5999 4,6714
5,1213 5,2282
126 14:24
4,3994 4,4923
4,0304 4,1284
4,5999 4,6714
5,1213 5,2282
127 14:25
4,3994 4,4923
4,0304 4,1284
4,5999 4,6714
5,1213 5,2282
128 14:26
4,3994 4,4923
4,0304 4,1284
4,5999 4,6714
5,1213 5,2282
129 14:27
4,3994 4,4923
4,0304 4,1284
4,5999 4,6714
5,1213 5,2282
130 14:28
4,3994 4,4923
4,0304 4,1284
4,5999 4,6714
5,1213 5,2282
131 14:29
4,3994 4,4923
4,0304 4,1284
4,5999 4,6714
5,1213 5,2282
132 14:30
4,3994 4,4923
4,0304 4,1284
4,5999 4,6714
5,1213 5,2282
133 14:31
4,3994 4,4923
4,0304 4,1284
4,5999 4,6714
5,1213 5,2282
134 14:32
4,3994 4,4923
4,0304 4,1284
4,5999 4,6714
5,1213 5,2282
135 14:33
4,3994 4,4923
4,0304 4,1284
4,5999 4,6714
5,1213 5,2282
136 14:34
4,3994 4,4923
4,0304 4,1284
4,5999 4,6714
5,1213 5,2282
137 14:35
4,3994 4,4923
4,0304 4,1284
4,5999 4,6714
5,1213 5,2282
138 14:36
4,3994 4,4923
4,0304 4,1284
4,5999 4,6714
5,1213 5,2282
139 14:37
4,3994 4,4923
4,0304 4,1284
4,5999 4,6714
5,1213 5,2282
140 14:38
4,3994 4,4923
4,0304 4,1284
4,5999 4,6714
5,1213 5,2282
141 14:39
4,3994 4,4923
4,0304 4,1284
4,5999 4,6714
5,1213 5,2282
142 14:40
4,3994 4,4923
4,0304 4,1284
4,5999 4,6714
5,1213 5,2282
143 14:41
4,3994 4,4923
4,0304 4,1284
4,5999 4,6714
5,1213 5,2282
144 14:42
4,3994 4,4923
4,0304 4,1284
4,5999 4,6714
5,1213 5,2282
145 14:43
4,3994 4,4923
4,0304 4,1284
4,5999 4,6714
5,1213 5,2282
146 14:44
4,3994 4,4923
4,0304 4,1284
4,5999 4,6714
5,1213 5,2282
147 14:45
4,3994 4,4923
4,0304 4,1284
4,5999 4,6714
5,1213 5,2282
148 14:46
4,3994 4,4923
4,0304 4,1284
4,5999 4,6714
5,1213 5,2282
149 14:47
4,3994 4,4923
4,0304 4,1284
4,5999 4,6714
5,1213 5,2282
150 14:48
4,3994 4,4923
4,0304 4,1284
4,5999 4,6714
5,1213 5,2282
151 14:49
4,3994 4,4923
4,0304 4,1284
4,5999 4,6714
5,1213 5,2282
152 14:50
4,3994 4,4923
4,0304 4,1284
4,5999 4,6714
5,1213 5,2282
153 14:51
4,3994 4,4923
4,0304 4,1284
4,5999 4,6714
5,1213 5,2282
154 14:52
4,3994 4,4923
4,0304 4,1284
4,5999 4,6714
5,1213 5,2282
155 14:53
4,3994 4,4923
4,0304 4,1284
4,5999 4,6714
5,1213 5,2282
156 14:54
4,3994 4,4923
4,0304 4,1284
4,5999 4,6714
5,1213 5,2282
157 14:55
4,3994 4,4923
4,0304 4,1284
4,5999 4,6714
5,1213 5,2282
158 14:56
4,3994 4,4923
4,0304 4,1284
4,5999 4,6714
5,1213 5,2282
159 14:57
4,3994 4,4923
4,0304 4,1284
4,5999 4,6714
5,1213 5,2282
160 14:58
4,3994 4,4923
4,0304 4,1284
4,5999 4,6714
5,1213 5,2282
161 14:59
4,3994 4,4923
4,0304 4,1284
4,5999 4,6714
5,1213 5,2282
162 15:00
4,3994 4,4923
4,0304 4,1284
4,5999 4,6714
5,1213 5,2282
163 15:01
4,3994 4,4923
4,0304 4,1284
4,5999 4,6714
5,1213 5,2282
164 15:02
4,3994 4,4923
4,0304 4,1284
4,5999 4,6714
5,1213 5,2282
165 15:03
4,3994 4,4923
4,0304 4,1284
4,5999 4,6714
5,1213 5,2282
166 15:04
4,3994 4,4923
4,0304 4,1284
4,5999 4,6714
5,1213 5,2282
167 15:05
4,3994 4,4923
4,0304 4,1284
4,5999 4,6714
5,1213 5,2282
168 15:06
4,3994 4,4923
4,0304 4,1284
4,5999 4,6714
5,1213 5,2282
169 15:07
4,3994 4,4923
4,0304 4,1284
4,5999 4,6714
5,1213 5,2282
170 15:08
4,3994 4,4923
4,0304 4,1284
4,5999 4,6714
5,1213 5,2282
171 15:09
4,3994 4,4923
4,0304 4,1284
4,5999 4,6714
5,1213 5,2282
172 15:10
4,3994 4,4923
4,0304 4,1284
4,5999 4,6714
5,1213 5,2282
173 15:11
4,3994 4,4923
4,0304 4,1284
4,5999 4,6714
5,1213 5,2282
174 15:12
4,3994 4,4923
4,0304 4,1284
4,5999 4,6714
5,1213 5,2282
175 15:13
4,3994 4,4923
4,0304 4,1284
4,5999 4,6714
5,1213 5,2282
176 15:14
4,3994 4,4923
4,0304 4,1284
4,5999 4,6714
5,1213 5,2282
177 15:15
4,3994 4,4923
4,0304 4,1284
4,5999 4,6714
5,1213 5,2282
178 15:16
4,3994 4,4923
4,0304 4,1284
4,5999 4,6714
5,1213 5,2282
179 15:17
4,3994 4,4923
4,0304 4,1284
4,5999 4,6714
5,1213 5,2282
180 15:18
4,3994 4,4923
4,0304 4,1284
4,5999 4,6714
5,1213 5,2282
181 15:19
4,3994 4,4923
4,0304 4,1284
4,5999 4,6714
5,1213 5,2282
182 15:20
4,3994 4,4923
4,0304 4,1284
4,5999 4,6714
5,1213 5,2282
183 15:21
4,3994 4,4923
4,0304 4,1284
4,5999 4,6714
5,1213 5,2282
184 15:22
4,3994 4,4923
4,0304 4,1284
4,5999 4,6714
5,1213 5,2282
185 15:23
4,3994 4,4923
4,0304 4,1284
4,5999 4,6714
5,1213 5,2282
186 15:24
4,3994 4,4923
4,0304 4,1284
4,5999 4,6714
5,1213 5,2282
187 15:25
4,3994 4,4923
4,0304 4,1284
4,5999 4,6714
5,1213 5,2282
188 15:26
4,3994 4,4923
4,0304 4,1284
4,5999 4,6714
5,1213 5,2282
189 15:27
4,3994 4,4923
4,0304 4,1284
4,5999 4,6714
5,1213 5,2282
190 15:28
4,3994 4,4923
4,0304 4,1284
4,5999 4,6714
5,1213 5,2282
191 15:29
4,3994 4,4923
4,0304 4,1284
4,5999 4,6714
5,1213 5,2282
192 15:30
4,3994 4,4923
4,0304 4,1284
4,5999 4,6714
5,1213 5,2282
193 15:31
4,3994 4,4923
4,0304 4,1284
4,5999 4,6714
5,1213 5,2282
194 15:32
4,3994 4,4923
4,0304 4,1284
4,5999 4,6714
5,1213 5,2282
195 15:33
4,3994 4,4923
4,0304 4,1284
4,5999 4,6714
5,1213 5,2282
196 15:34
4,3994 4,4923
4,0304 4,1284
4,5999 4,6714
5,1213 5,2282
197 15:35
4,3994 4,4923
4,0304 4,1284
4,5999 4,6714
5,1213 5,2282
198 15:36
4,3994 4,4923
4,0304 4,1284
4,5999 4,6714
5,1213 5,2282
199 15:37
4,3994 4,4923
4,0304 4,1284
4,5999 4,6714
5,1213 5,2282
200 15:38
4,3994 4,4923
4,0304 4,1284
4,5999 4,6714
5,1213 5,2282
201 15:39
4,3994 4,4923
4,0304 4,1284
4,5999 4,6714
5,1213 5,2282
202 15:40
4,3994 4,4923
4,0304 4,1284
4,5999 4,6714
5,1213 5,2282
203 15:41
4,3994 4,4923
4,0304 4,1284
4,5999 4,6714
5,1213 5,2282
204 15:42
4,3994 4,4923
4,0304 4,1284
4,5999 4,6714
5,1213 5,2282
205 15:43
4,3994 4,4923
4,0304 4,1284
4,5999 4,6714
5,1213 5,2282
206 15:44
4,3994 4,4923
4,0304 4,1284
4,5999 4,6714
5,1213 5,2282
207 15:45
4,3994 4,4923
4,0304 4,1284
4,5999 4,6714
5,1213 5,2282
208 15:46
4,3994 4,4923
4,0304 4,1284
4,5999 4,6714
5,1213 5,2282
209 15:47
4,3994 4,4923
4,0304 4,1284
4,5999 4,6714
5,1213 5,2282
210 15:48
4,3994 4,4923
4,0304 4,1284
4,5999 4,6714
5,1213 5,2282
211 15:49
4,3994 4,4923
4,0304 4,1284
4,5999 4,6714
5,1213 5,2282
212 15:50
4,3994 4,4923
4,0304 4,1284
4,5999 4,6714
5,1213 5,2282
213 15:51
4,3994 4,4923
4,0304 4,1284
4,5999 4,6714
5,1213 5,2282
214 15:52
4,3994 4,4923
4,0304 4,1284
4,5999 4,6714
5,1213 5,2282
215 15:53
4,3994 4,4923
4,0304 4,1284
4,5999 4,6714
5,1213 5,2282
216 15:54
4,3994 4,4923
4,0304 4,1284
4,5999 4,6714
5,1213 5,2282
217 15:55
4,3994 4,4923
4,0304 4,1284
4,5999 4,6714
5,1213 5,2282
218 15:56
4,3994 4,4923
4,0304 4,1284
4,5999 4,6714
5,1213 5,2282
219 15:57
4,3994 4,4923
4,0304 4,1284
4,5999 4,6714
5,1213 5,2282
220 15:58
4,3994 4,4923
4,0304 4,1284
4,5999 4,6714
5,1213 5,2282
221 15:59
4,3994 4,4923
4,0304 4,1284
4,5999 4,6714
5,1213 5,2282
222 16:00
4,3994 4,4923
4,0304 4,1284
4,5999 4,6714
5,1213 5,2282
223 16:01
4,3994 4,4923
4,0304 4,1284
4,5999 4,6714
5,1213 5,2282
224 16:02
4,3994 4,4923
4,0304 4,1284
4,5999 4,6714
5,1213 5,2282
225 16:03
4,3994 4,4923
4,0304 4,1284
4,5999 4,6714
5,1213 5,2282
226 16:04
4,3994 4,4923
4,0304 4,1284
4,5999 4,6714
5,1213 5,2282
227 16:05
4,3994 4,4923
4,0304 4,1284
4,5999 4,6714
5,1213 5,2282
228 16:06
4,3994 4,4923
4,0304 4,1284
4,5999 4,6714
5,1213 5,2282
229 16:07
4,3994 4,4923
4,0304 4,1284
4,5999 4,6714
5,1213 5,2282
230 16:08
4,3994 4,4923
4,0304 4,1284
4,5999 4,6714
5,1213 5,2282
231 16:09
4,3994 4,4923
4,0304 4,1284
4,5999 4,6714
5,1213 5,2282
232 16:10
4,3994 4,4923
4,0304 4,1284
4,5999 4,6714
5,1213 5,2282
233 16:11
4,3994 4,4923
4,0304 4,1284
4,5999 4,6714
5,1213 5,2282
234 16:12
4,3994 4,4923
4,0304 4,1284
4,5999 4,6714
5,1213 5,2282
235 16:13
4,3994 4,4923
4,0304 4,1284
4,5999 4,6714
5,1213 5,2282
236 16:14
4,3994 4,4923
4,0304 4,1284
4,5999 4,6714
5,1213 5,2282
237 16:15
4,3994 4,4923
4,0304 4,1284
4,5999 4,6714
5,1213 5,2282
238 16:16
4,3994 4,4923
4,0304 4,1284
4,5999 4,6714
5,1213 5,2282
239 16:17
4,3994 4,4923
4,0304 4,1284
4,5999 4,6714
5,1213 5,2282
240 16:18
4,3994 4,4923
4,0304 4,1284
4,5999 4,6714
5,1213 5,2282
241 16:19
4,3994 4,4923
4,0304 4,1284
4,5999 4,6714
5,1213 5,2282
242 16:20
4,3994 4,4923
4,0304 4,1284
4,5999 4,6714
5,1213 5,2282
243 16:21
4,3994 4,4923
4,0304 4,1284
4,5999 4,6714
5,1213 5,2282
244 16:22
4,3994 4,4923
4,0304 4,1284
4,5999 4,6714
5,1213 5,2282
245 16:23
4,3994 4,4923
4,0304 4,1284
4,5999 4,6714
5,1213 5,2282
246 16:24
4,3994 4,4923
4,0304 4,1284
4,5999 4,6714
5,1213 5,2282
247 16:25
4,3994 4,4923
4,0304 4,1284
4,5999 4,6714
5,1213 5,2282
248 16:26
4,3994 4,4923
4,0304 4,1284
4,5999 4,6714
5,1213 5,2282
249 16:27
4,3994 4,4923
4,0304 4,1284
4,5999 4,6714
5,1213 5,2282
250 16:28
4,3994 4,4923
4,0304 4,1284
4,5999 4,6714
5,1213 5,2282
251 16:29
4,3994 4,4923
4,0304 4,1284
4,5999 4,6714
5,1213 5,2282
252 16:30
4,3994 4,4923
4,0304 4,1284
4,5999 4,6714
5,1213 5,2282
253 16:31
4,3994 4,4923
4,0304 4,1284
4,5999 4,6714
5,1213 5,2282
254 16:32
4,3994 4,4923
4,0304 4,1284
4,5999 4,6714
5,1213 5,2282
255 16:33
4,3994 4,4923
4,0304 4,1284
4,5999 4,6714
5,1213 5,2282
256 16:34
4,3994 4,4923
4,0304 4,1284
4,5999 4,6714
5,1213 5,2282
257 16:35
4,3994 4,4923
4,0304 4,1284
4,5999 4,6714
5,1213 5,2282
258 16:36
4,3994 4,4923
4,0304 4,1284
4,5999 4,6714
5,1213 5,2282
259 16:37
4,3994 4,4923
4,0304 4,1284
4,5999 4,6714
5,1213 5,2282
260 16:38
4,3994 4,4923
4,0304 4,1284
4,5999 4,6714
5,1213 5,2282
261 16:39
4,3994 4,4923
4,0304 4,1284
4,5999 4,6714
5,1213 5,2282
262 16:40
4,3994 4,4923
4,0304 4,1284
4,5999 4,6714
5,1213 5,2282
263 16:41
4,3994 4,4923
4,0304 4,1284
4,5999 4,6714
5,1213 5,2282
264 16:42
4,3994 4,4923
4,0304 4,1284
4,5999 4,6714
5,1213 5,2282
265 16:43
4,3994 4,4923
4,0304 4,1284
4,5999 4,6714
5,1213 5,2282
266 16:44
4,3994 4,4923
4,0304 4,1284
4,5999 4,6714
5,1213 5,2282
267 16:45
4,3994 4,4923
4,0304 4,1284
4,5999 4,6714
5,1213 5,2282
268 16:46
4,3994 4,4923
4,0304 4,1284
4,5999 4,6714
5,1213 5,2282
269 16:47
4,3994 4,4923
4,0304 4,1284
4,5999 4,6714
5,1213 5,2282
270 16:48
4,3994 4,4923
4,0304 4,1284
4,5999 4,6714
5,1213 5,2282
271 16:49
4,3994 4,4923
4,0304 4,1284
4,5999 4,6714
5,1213 5,2282
272 16:50
4,3994 4,4923
4,0304 4,1284
4,5999 4,6714
5,1213 5,2282
273 16:51
4,3994 4,4923
4,0304 4,1284
4,5999 4,6714
5,1213 5,2282
274 16:52
4,3994 4,4923
4,0304 4,1284
4,5999 4,6714
5,1213 5,2282
275 16:53
4,3994 4,4923
4,0304 4,1284
4,5999 4,6714
5,1213 5,2282
276 16:54
4,3994 4,4923
4,0304 4,1284
4,5999 4,6714
5,1213 5,2282
277 16:55
4,3994 4,4923
4,0304 4,1284
4,5999 4,6714
5,1213 5,2282
278 16:56
4,3994 4,4923
4,0304 4,1284
4,5999 4,6714
5,1213 5,2282
279 16:57
4,3994 4,4923
4,0304 4,1284
4,5999 4,6714
5,1213 5,2282
280 16:58
4,3994 4,4923
4,0304 4,1284
4,5999 4,6714
5,1213 5,2282
281 16:59
4,3994 4,4923
4,0304 4,1284
4,5999 4,6714
5,1213 5,2282
282 17:00
4,3994 4,4923
4,0304 4,1284
4,5999 4,6714
5,1213 5,2282
283 17:01
4,3994 4,4923
4,0304 4,1284
4,5999 4,6714
5,1213 5,2282
284 17:02
4,3994 4,4923
4,0304 4,1284
4,5999 4,6714
5,1213 5,2282
285 17:03
4,3994 4,4923
4,0304 4,1284
4,5999 4,6714
5,1213 5,2282
286 17:04
4,3994 4,4923
4,0304 4,1284
4,5999 4,6714
5,1213 5,2282
287 17:05
4,3994 4,4923
4,0304 4,1284
4,5999 4,6714
5,1213 5,2282
288 17:06
4,3994 4,4923
4,0304 4,1284
4,5999 4,6714
5,1213 5,2282
289 17:07
4,3994 4,4923
4,0304 4,1284
4,5999 4,6714
5,1213 5,2282
290 17:08
4,3994 4,4923
4,0304 4,1284
4,5999 4,6714
5,1213 5,2282
291 17:09
4,3994 4,4923
4,0304 4,1284
4,5999 4,6714
5,1213 5,2282
292 17:10
4,3994 4,4923
4,0304 4,1284
4,5999 4,6714
5,1213 5,2282
293 17:11
4,3994 4,4923
4,0304 4,1284
4,5999 4,6714
5,1213 5,2282
294 17:12
4,3994 4,4923
4,0304 4,1284
4,5999 4,6714
5,1213 5,2282
295 17:13
4,3994 4,4923
4,0304 4,1284
4,5999 4,6714
5,1213 5,2282
296 17:14
4,3994 4,4923
4,0304 4,1284
4,5999 4,6714
5,1213 5,2282
297 17:15
4,3994 4,4923
4,0304 4,1284
4,5999 4,6714
5,1213 5,2282
298 17:16
4,3994 4,4923
4,0304 4,1284
4,5999 4,6714
5,1213 5,2282
299 17:17
4,3994 4,4923
4,0304 4,1284
4,5999 4,6714
5,1213 5,2282
300 17:18
4,3994 4,4923
4,0304 4,1284
4,5999 4,6714
5,1213 5,2282
301 17:19
4,3994 4,4923
4,0304 4,1284
4,5999 4,6714
5,1213 5,2282
302 17:20
4,3994 4,4923
4,0304 4,1284
4,5999 4,6714
5,1213 5,2282
303 17:21
4,3994 4,4923
4,0304 4,1284
4,5999 4,6714
5,1213 5,2282
304 17:22
4,3994 4,4923
4,0304 4,1284
4,5999 4,6714
5,1213 5,2282
305 17:23
4,3994 4,4923
4,0304 4,1284
4,5999 4,6714
5,1213 5,2282
306 17:24
4,3994 4,4923
4,0304 4,1284
4,5999 4,6714
5,1213 5,2282
307 17:25
4,3994 4,4923
4,0304 4,1284
4,5999 4,6714
5,1213 5,2282
308 17:26
4,3994 4,4923
4,0304 4,1284
4,5999 4,6714
5,1213 5,2282
309 17:27
4,3994 4,4923
4,0304 4,1284
4,5999 4,6714
5,1213 5,2282
310 17:28
4,3994 4,4923
4,0304 4,1284
4,5999 4,6714
5,1213 5,2282
311 17:29
4,3994 4,4923
4,0304 4,1284
4,5999 4,6714
5,1213 5,2282
312 17:30
4,3994 4,4923
4,0304 4,1284
4,5999 4,6714
5,1213 5,2282
313 17:31
4,3994 4,4923
4,0304 4,1284
4,5999 4,6714
5,1213 5,2282
314 17:32
4,3994 4,4923
4,0304 4,1284
4,5999 4,6714
5,1213 5,2282
315 17:33
4,3994 4,4923
4,0304 4,1284
4,5999 4,6714
5,1213 5,2282
316 17:34
4,3994 4,4923
4,0304 4,1284
4,5999 4,6714
5,1213 5,2282
317 17:35
4,3994 4,4923
4,0304 4,1284
4,5999 4,6714
5,1213 5,2282
318 17:36
4,3994 4,4923
4,0304 4,1284
4,5999 4,6714
5,1213 5,2282
319 17:37
4,3994 4,4923
4,0304 4,1284
4,5999 4,6714
5,1213 5,2282
320 17:38
4,3994 4,4923
4,0304 4,1284
4,5999 4,6714
5,1213 5,2282
321 17:39
4,3994 4,4923
4,0304 4,1284
4,5999 4,6714
5,1213 5,2282
322 17:40
4,3994 4,4923
4,0304 4,1284
4,5999 4,6714
5,1213 5,2282
323 17:41
4,3994 4,4923
4,0304 4,1284
4,5999 4,6714
5,1213 5,2282
324 17:42
4,3994 4,4923
4,0304 4,1284
4,5999 4,6714
5,1213 5,2282
325 17:43
4,3994 4,4923
4,0304 4,1284
4,5999 4,6714
5,1213 5,2282
326 17:44
4,3994 4,4923
4,0304 4,1284
4,5999 4,6714
5,1213 5,2282
327 17:45
4,3994 4,4923
4,0304 4,1284
4,5999 4,6714
5,1213 5,2282
328 17:46
4,3994 4,4923
4,0304 4,1284
4,5999 4,6714
5,1213 5,2282
329 17:47
4,3994 4,4923
4,0304 4,1284
4,5999 4,6714
5,1213 5,2282
330 17:48
4,3994 4,4923
4,0304 4,1284
4,5999 4,6714
5,1213 5,2282
331 17:49
4,3994 4,4923
4,0304 4,1284
4,5999 4,6714
5,1213 5,2282
332 17:50
4,3994 4,4923
4,0304 4,1284
4,5999 4,6714
5,1213 5,2282
333 17:51
4,3994 4,4923
4,0304 4,1284
4,5999 4,6714
5,1213 5,2282
334 17:52
4,3994 4,4923
4,0304 4,1284
4,5999 4,6714
5,1213 5,2282
335 17:53
4,3994 4,4923
4,0304 4,1284
4,5999 4,6714
5,1213 5,2282
336 17:54
4,3994 4,4923
4,0304 4,1284
4,5999 4,6714
5,1213 5,2282
337 17:55
4,3994 4,4923
4,0304 4,1284
4,5999 4,6714
5,1213 5,2282
338 17:56
4,3994 4,4923
4,0304 4,1284
4,5999 4,6714
5,1213 5,2282
339 17:57
4,3994 4,4923
4,0304 4,1284
4,5999 4,6714
5,1213 5,2282
340 17:58
4,3994 4,4923
4,0304 4,1284
4,5999 4,6714
5,1213 5,2282
341 17:59
4,3994 4,4923
4,0304 4,1284
4,5999 4,6714
5,1213 5,2282
342 18:00
4,3994 4,4923
4,0304 4,1284
4,5999 4,6714
5,1213 5,2282
343 18:01
4,3994 4,4923
4,0304 4,1284
4,5999 4,6714
5,1213 5,2282
344 18:02
4,3994 4,4923
4,0304 4,1284
4,5999 4,6714
5,1213 5,2282
345 18:03
4,3994 4,4923
4,0304 4,1284
4,5999 4,6714
5,1213 5,2282
346 18:04
4,3994 4,4923
4,0304 4,1284
4,5999 4,6714
5,1213 5,2282
347 18:05
4,3994 4,4923
4,0304 4,1284
4,5999 4,6714
5,1213 5,2282
348 18:06
4,3994 4,4923
4,0304 4,1284
4,5999 4,6714
5,1213 5,2282
349 18:07
4,3994 4,4923
4,0304 4,1284
4,5999 4,6714
5,1213 5,2282
350 18:08
4,3994 4,4923
4,0304 4,1284
4,5999 4,6714
5,1213 5,2282
351 18:09
4,3994 4,4923
4,0304 4,1284
4,5999 4,6714
5,1213 5,2282
352 18:10
4,3994 4,4923
4,0304 4,1284
4,5999 4,6714
5,1213 5,2282
353 18:11
4,3994 4,4923
4,0304 4,1284
4,5999 4,6714
5,1213 5,2282
354 18:12
4,3994 4,4923
4,0304 4,1284
4,5999 4,6714
5,1213 5,2282
355 18:13
4,3994 4,4923
4,0304 4,1284
4,5999 4,6714
5,1213 5,2282
356 18:14
4,3994 4,4923
4,0304 4,1284
4,5999 4,6714
5,1213 5,2282
357 18:15
4,3994 4,4923
4,0304 4,1284
4,5999 4,6714
5,1213 5,2282
358 18:16
4,3994 4,4923
4,0304 4,1284
4,5999 4,6714
5,1213 5,2282
359 18:17
4,3994 4,4923
4,0304 4,1284
4,5999 4,6714
5,1213 5,2282
360 18:18
4,3994 4,4923
4,0304 4,1284
4,5999 4,6714
5,1213 5,2282
361 18:19
4,3994 4,4923
4,0304 4,1284
4,5999 4,6714
5,1213 5,2282
362 18:20
4,3994 4,4923
4,0304 4,1284
4,5999 4,6714
5,1213 5,2282
363 18:21
4,3994 4,4923
4,0304 4,1284
4,5999 4,6714
5,1213 5,2282
364 18:22
4,3994 4,4923
4,0304 4,1284
4,5999 4,6714
5,1213 5,2282
365 18:23
4,3994 4,4923
4,0304 4,1284
4,5999 4,6714
5,1213 5,2282
366 18:24
4,3994 4,4923
4,0304 4,1284
4,5999 4,6714
5,1213 5,2282
367 18:25
4,3994 4,4923
4,0304 4,1284
4,5999 4,6714
5,1213 5,2282
368 18:26
4,3994 4,4923
4,0304 4,1284
4,5999 4,6714
5,1213 5,2282
369 18:27
4,3994 4,4923
4,0304 4,1284
4,5999 4,6714
5,1213 5,2282
370 18:28
4,3994 4,4923
4,0304 4,1284
4,5999 4,6714
5,1213 5,2282
371 18:29
4,3994 4,4923
4,0304 4,1284
4,5999 4,6714
5,1213 5,2282
372 18:30
4,3994 4,4923
4,0304 4,1284
4,5999 4,6714
5,1213 5,2282
373 18:31
4,3994 4,4923
4,0304 4,1284
4,5999 4,6714
5,1213 5,2282
374 18:32
4,3994 4,4923
4,0304 4,1284
4,5999 4,6714
5,1213 5,2282
375 18:33
4,3994 4,4923
4,0304 4,1284
4,5999 4,6714
5,1213 5,2282
376 18:34
4,3994 4,4923
4,0304 4,1284
4,5999 4,6714
5,1213 5,2282
377 18:35
4,3994 4,4923
4,0304 4,1284
4,5999 4,6714
5,1213 5,2282
378 18:36
4,3994 4,4923
4,0304 4,1284
4,5999 4,6714
5,1213 5,2282
379 18:37
4,3994 4,4923
4,0304 4,1284
4,5999 4,6714
5,1213 5,2282
380 18:38
4,3994 4,4923
4,0304 4,1284
4,5999 4,6714
5,1213 5,2282
381 18:39
4,3994 4,4923
4,0304 4,1284
4,5999 4,6714
5,1213 5,2282
382 18:40
4,3994 4,4923
4,0304 4,1284
4,5999 4,6714
5,1213 5,2282
383 18:41
4,3994 4,4923
4,0304 4,1284
4,5999 4,6714
5,1213 5,2282
384 18:42
4,3994 4,4923
4,0304 4,1284
4,5999 4,6714
5,1213 5,2282
385 18:43
4,3994 4,4923
4,0304 4,1284
4,5999 4,6714
5,1213 5,2282
386 18:44
4,3994 4,4923
4,0304 4,1284
4,5999 4,6714
5,1213 5,2282
387 18:45
4,3994 4,4923
4,0304 4,1284
4,5999 4,6714
5,1213 5,2282
388 18:46
4,3994 4,4923
4,0304 4,1284
4,5999 4,6714
5,1213 5,2282
389 18:47
4,3994 4,4923
4,0304 4,1284
4,5999 4,6714
5,1213 5,2282
390 18:48
4,3994 4,4923
4,0304 4,1284
4,5999 4,6714
5,1213 5,2282
391 18:49
4,3994 4,4923
4,0304 4,1284
4,5999 4,6714
5,1213 5,2282
392 18:50
4,3994 4,4923
4,0304 4,1284
4,5999 4,6714
5,1213 5,2282
393 18:51
4,3994 4,4923
4,0304 4,1284
4,5999 4,6714
5,1213 5,2282
394 18:52
4,3994 4,4923
4,0304 4,1284
4,5999 4,6714
5,1213 5,2282
395 18:53
4,3994 4,4923
4,0304 4,1284
4,5999 4,6714
5,1213 5,2282
396 18:54
4,3994 4,4923
4,0304 4,1284
4,5999 4,6714
5,1213 5,2282
397 18:55
4,3994 4,4923
4,0304 4,1284
4,5999 4,6714
5,1213 5,2282
398 18:56
4,3994 4,4923
4,0304 4,1284
4,5999 4,6714
5,1213 5,2282
399 18:57
4,3994 4,4923
4,0304 4,1284
4,5999 4,6714
5,1213 5,2282
400 18:58
4,3994 4,4923
4,0304 4,1284
4,5999 4,6714
5,1213 5,2282
401 18:59
4,3994 4,4923
4,0304 4,1284
4,5999 4,6714
5,1213 5,2282
402 19:00
4,3994 4,4923
4,0304 4,1284
4,5999 4,6714
5,1213 5,2282
403 19:01
4,3994 4,4923
4,0304 4,1284
4,5999 4,6714
5,1213 5,2282
404 19:02
4,3994 4,4923
4,0304 4,1284
4,5999 4,6714
5,1213 5,2282
405 19:03
4,3994 4,4923
4,0304 4,1284
4,5999 4,6714
5,1213 5,2282
406 19:04
4,3994 4,4923
4,0304 4,1284
4,5999 4,6714
5,1213 5,2282
407 19:05
4,3994 4,4923
4,0304 4,1284
4,5999 4,6714
5,1213 5,2282
408 19:06
4,3994 4,4923
4,0304 4,1284
4,5999 4,6714
5,1213 5,2282
409 19:07
4,3994 4,4923
4,0304 4,1284
4,5999 4,6714
5,1213 5,2282
410 19:08
4,3994 4,4923
4,0304 4,1284
4,5999 4,6714
5,1213 5,2282
411 19:09
4,3994 4,4923
4,0304 4,1284
4,5999 4,6714
5,1213 5,2282
412 19:10
4,3994 4,4923
4,0304 4,1284
4,5999 4,6714
5,1213 5,2282
413 19:11
4,3994 4,4923
4,0304 4,1284
4,5999 4,6714
5,1213 5,2282
414 19:12
4,3994 4,4923
4,0304 4,1284
4,5999 4,6714
5,1213 5,2282
415 19:13
4,3994 4,4923
4,0304 4,1284
4,5999 4,6714
5,1213 5,2282
416 19:14
4,3994 4,4923
4,0304 4,1284
4,5999 4,6714
5,1213 5,2282
417 19:15
4,3994 4,4923
4,0304 4,1284
4,5999 4,6714
5,1213 5,2282
418 19:16
4,3994 4,4923
4,0304 4,1284
4,5999 4,6714
5,1213 5,2282
419 19:17
4,3994 4,4923
4,0304 4,1284
4,5999 4,6714
5,1213 5,2282
420 19:18
4,3994 4,4923
4,0304 4,1284
4,5999 4,6714
5,1213 5,2282
421 19:19
4,3994 4,4923
4,0304 4,1284
4,5999 4,6714
5,1213 5,2282
422 19:20
4,3994 4,4923
4,0304 4,1284
4,5999 4,6714
5,1213 5,2282
423 19:21
4,3994 4,4923
4,0304 4,1284
4,5999 4,6714
5,1213 5,2282
424 19:22
4,3994 4,4923
4,0304 4,1284
4,5999 4,6714
5,1213 5,2282
425 19:23
4,3994 4,4923
4,0304 4,1284
4,5999 4,6714
5,1213 5,2282
426 19:24
4,3994 4,4923
4,0304 4,1284
4,5999 4,6714
5,1213 5,2282
427 19:25
4,3994 4,4923
4,0304 4,1284
4,5999 4,6714
5,1213 5,2282
428 19:26
4,3994 4,4923
4,0304 4,1284
4,5999 4,6714
5,1213 5,2282
429 19:27
4,3994 4,4923
4,0304 4,1284
4,5999 4,6714
5,1213 5,2282
430 19:28
4,3994 4,4923
4,0304 4,1284
4,5999 4,6714
5,1213 5,2282
431 19:29
4,3994 4,4923
4,0304 4,1284
4,5999 4,6714
5,1213 5,2282
432 19:30
4,3994 4,4923
4,0304 4,1284
4,5999 4,6714
5,1213 5,2282
433 19:31
4,3994 4,4923
4,0304 4,1284
4,5999 4,6714
5,1213 5,2282
434 19:32
4,3994 4,4923
4,0304 4,1284
4,5999 4,6714
5,1213 5,2282
435 19:33
4,3994 4,4923
4,0304 4,1284
4,5999 4,6714
5,1213 5,2282
436 19:34
4,3994 4,4923
4,0304 4,1284
4,5999 4,6714
5,1213 5,2282
437 19:35
4,3994 4,4923
4,0304 4,1284
4,5999 4,6714
5,1213 5,2282
438 19:36
4,3994 4,4923
4,0304 4,1284
4,5999 4,6714
5,1213 5,2282
439 19:37
4,3994 4,4923
4,0304 4,1284
4,5999 4,6714
5,1213 5,2282
440 19:38
4,3994 4,4923
4,0304 4,1284
4,5999 4,6714
5,1213 5,2282
441 19:39
4,3994 4,4923
4,0304 4,1284
4,5999 4,6714
5,1213 5,2282
442 19:40
4,3994 4,4923
4,0304 4,1284
4,5999 4,6714
5,1213 5,2282
443 19:41
4,3994 4,4923
4,0304 4,1284
4,5999 4,6714
5,1213 5,2282
444 19:42
4,3994 4,4923
4,0304 4,1284
4,5999 4,6714
5,1213 5,2282
445 19:43
4,3994 4,4923
4,0304 4,1284
4,5999 4,6714
5,1213 5,2282
446 19:44
4,3994 4,4923
4,0304 4,1284
4,5999 4,6714
5,1213 5,2282
447 19:45
4,3994 4,4923
4,0304 4,1284
4,5999 4,6714
5,1213 5,2282
448 19:46
4,3994 4,4923
4,0304 4,1284
4,5999 4,6714
5,1213 5,2282
449 19:47
4,3994 4,4923
4,0304 4,1284
4,5999 4,6714
5,1213 5,2282
450 19:48
4,3994 4,4923
4,0304 4,1284
4,5999 4,6714
5,1213 5,2282
451 19:49
4,3994 4,4923
4,0304 4,1284
4,5999 4,6714
5,1213 5,2282
452 19:50
4,3994 4,4923
4,0304 4,1284
4,5999 4,6714
5,1213 5,2282
453 19:51
4,3994 4,4923
4,0304 4,1284
4,5999 4,6714
5,1213 5,2282
454 19:52
4,3994 4,4923
4,0304 4,1284
4,5999 4,6714
5,1213 5,2282
455 19:53
4,3994 4,4923
4,0304 4,1284
4,5999 4,6714
5,1213 5,2282
456 19:54
4,3994 4,4923
4,0304 4,1284
4,5999 4,6714
5,1213 5,2282
457 19:55
4,3994 4,4923
4,0304 4,1284
4,5999 4,6714
5,1213 5,2282
458 19:56
4,3994 4,4923
4,0304 4,1284
4,5999 4,6714
5,1213 5,2282
459 19:57
4,3994 4,4923
4,0304 4,1284
4,5999 4,6714
5,1213 5,2282
460 19:58
4,3994 4,4923
4,0304 4,1284
4,5999 4,6714
5,1213 5,2282
461 19:59
4,3994 4,4923
4,0304 4,1284
4,5999 4,6714
5,1213 5,2282
462 20:00
4,3994 4,4923
4,0304 4,1284
4,5999 4,6714
5,1213 5,2282
463 20:01
4,3994 4,4923
4,0304 4,1284
4,5999 4,6714
5,1213 5,2282
464 20:02
4,3994 4,4923
4,0304 4,1284
4,5999 4,6714
5,1213 5,2282
465 20:03
4,3994 4,4923
4,0304 4,1284
4,5999 4,6714
5,1213 5,2282
466 20:04
4,3994 4,4923
4,0304 4,1284
4,5999 4,6714
5,1213 5,2282
467 20:05
4,3994 4,4923
4,0304 4,1284
4,5999 4,6714
5,1213 5,2282
468 20:06
4,3994 4,4923
4,0304 4,1284
4,5999 4,6714
5,1213 5,2282
469 20:07
4,3994 4,4923
4,0304 4,1284
4,5999 4,6714
5,1213 5,2282
470 20:08
4,3994 4,4923
4,0304 4,1284
4,5999 4,6714
5,1213 5,2282
471 20:09
4,3994 4,4923
4,0304 4,1284
4,5999 4,6714
5,1213 5,2282
472 20:10
4,3994 4,4923
4,0304 4,1284
4,5999 4,6714
5,1213 5,2282
473 20:11
4,3994 4,4923
4,0304 4,1284
4,5999 4,6714
5,1213 5,2282
474 20:12
4,3994 4,4923
4,0304 4,1284
4,5999 4,6714
5,1213 5,2282
475 20:13
4,3994 4,4923
4,0304 4,1284
4,5999 4,6714
5,1213 5,2282
476 20:14
4,3994 4,4923
4,0304 4,1284
4,5999 4,6714
5,1213 5,2282
477 20:15
4,3994 4,4923
4,0304 4,1284
4,5999 4,6714
5,1213 5,2282
478 20:16
4,3994 4,4923
4,0304 4,1284
4,5999 4,6714
5,1213 5,2282
479 20:17
4,3994 4,4923
4,0304 4,1284
4,5999 4,6714
5,1213 5,2282
480 20:18
4,3994 4,4923
4,0304 4,1284
4,5999 4,6714
5,1213 5,2282
481 20:19
4,3994 4,4923
4,0304 4,1284
4,5999 4,6714
5,1213 5,2282
482 20:20
4,3994 4,4923
4,0304 4,1284
4,5999 4,6714
5,1213 5,2282
483 20:21
4,3994 4,4923
4,0304 4,1284
4,5999 4,6714
5,1213 5,2282
484 20:22
4,3994 4,4923
4,0304 4,1284
4,5999 4,6714
5,1213 5,2282
485 20:23
4,3994 4,4923
4,0304 4,1284
4,5999 4,6714
5,1213 5,2282
486 20:24
4,3994 4,4923
4,0304 4,1284
4,5999 4,6714
5,1213 5,2282
487 20:25
4,3994 4,4923
4,0304 4,1284
4,5999 4,6714
5,1213 5,2282
488 20:26
4,3994 4,4923
4,0304 4,1284
4,5999 4,6714
5,1213 5,2282
489 20:27
4,3994 4,4923
4,0304 4,1284
4,5999 4,6714
5,1213 5,2282
490 20:28
4,3994 4,4923
4,0304 4,1284
4,5999 4,6714
5,1213 5,2282
491 20:29
4,3994 4,4923
4,0304 4,1284
4,5999 4,6714
5,1213 5,2282
492 20:30
4,3994 4,4923
4,0304 4,1284
4,5999 4,6714
5,1213 5,2282
493 20:31
4,3994 4,4923
4,0304 4,1284
4,5999 4,6714
5,1213 5,2282
494 20:32
4,3994 4,4923
4,0304 4,1284
4,5999 4,6714
5,1213 5,2282
495 20:33
4,3994 4,4923
4,0304 4,1284
4,5999 4,6714
5,1213 5,2282
496 20:34
4,3994 4,4923
4,0304 4,1284
4,5999 4,6714
5,1213 5,2282
497 20:35
4,3994 4,4923
4,0304 4,1284
4,5999 4,6714
5,1213 5,2282
498 20:36
4,3994 4,4923
4,0304 4,1284
4,5999 4,6714
5,1213 5,2282
499 20:37
4,3994 4,4923
4,0304 4,1284
4,5999 4,6714
5,1213 5,2282
500 20:38
4,3994 4,4923
4,0304 4,1284
4,5999 4,6714
5,1213 5,2282
501 20:39
4,3994 4,4923
4,0304 4,1284
4,5999 4,6714
5,1213 5,2282
502 20:40
4,3994 4,4923
4,0304 4,1284
4,5999 4,6714
5,1213 5,2282
503 20:41
4,3994 4,4923
4,0304 4,1284
4,5999 4,6714
5,1213 5,2282
504 20:42
4,3994 4,4923
4,0304 4,1284
4,5999 4,6714
5,1213 5,2282
505 20:43
4,3994 4,4923
4,0304 4,1284
4,5999 4,6714
5,1213 5,2282
506 20:44
4,3994 4,4923
4,0304 4,1284
4,5999 4,6714
5,1213 5,2282
507 20:45
4,3994 4,4923
4,0304 4,1284
4,5999 4,6714
5,1213 5,2282
508 20:46
4,3994 4,4923
4,0304 4,1284
4,5999 4,6714
5,1213 5,2282
509 20:47
4,3994 4,4923
4,0304 4,1284
4,5999 4,6714
5,1213 5,2282
510 20:48
4,3994 4,4923
4,0304 4,1284
4,5999 4,6714
5,1213 5,2282
511 20:49
4,3994 4,4923
4,0304 4,1284
4,5999 4,6714
5,1213 5,2282
512 20:50
4,3994 4,4923
4,0304 4,1284
4,5999 4,6714
5,1213 5,2282
513 20:51
4,3994 4,4923
4,0304 4,1284
4,5999 4,6714
5,1213 5,2282
514 20:52
4,3994 4,4923
4,0304 4,1284
4,5999 4,6714
5,1213 5,2282
515 20:53
4,3994 4,4923
4,0304 4,1284
4,5999 4,6714
5,1213 5,2282
516 20:54
4,3994 4,4923
4,0304 4,1284
4,5999 4,6714
5,1213 5,2282
517 20:55
4,3994 4,4923
4,0304 4,1284
4,5999 4,6714
5,1213 5,2282
518 20:56
4,3994 4,4923
4,0304 4,1284
4,5999 4,6714
5,1213 5,2282
519 20:57
4,3994 4,4923
4,0304 4,1284
4,5999 4,6714
5,1213 5,2282
520 20:58
4,3994 4,4923
4,0304 4,1284
4,5999 4,6714
5,1213 5,2282
521 20:59
4,3994 4,4923
4,0304 4,1284
4,5999 4,6714
5,1213 5,2282
522 21:00
4,3994 4,4923
4,0304 4,1284
4,5999 4,6714
5,1213 5,2282
523 21:01
4,3994 4,4923
4,0304 4,1284
4,5999 4,6714
5,1213 5,2282
524 21:02
4,3994 4,4923
4,0304 4,1284
4,5999 4,6714
5,1213 5,2282
525 21:03
4,3994 4,4923
4,0304 4,1284
4,5999 4,6714
5,1213 5,2282
526 21:04
4,3994 4,4923
4,0304 4,1284
4,5999 4,6714
5,1213 5,2282
527 21:05
4,3994 4,4923
4,0304 4,1284
4,5999 4,6714
5,1213 5,2282
528 21:06
4,3994 4,4923
4,0304 4,1284
4,5999 4,6714
5,1213 5,2282
529 21:07
4,3994 4,4923
4,0304 4,1284
4,5999 4,6714
5,1213 5,2282
530 21:08
4,3994 4,4923
4,0304 4,1284
4,5999 4,6714
5,1213 5,2282
531 21:09
4,3994 4,4923
4,0304 4,1284
4,5999 4,6714
5,1213 5,2282
532 21:10
4,3994 4,4923
4,0304 4,1284
4,5999 4,6714
5,1213 5,2282
533 21:11
4,3994 4,4923
4,0304 4,1284
4,5999 4,6714
5,1213 5,2282
534 21:12
4,3994 4,4923
4,0304 4,1284
4,5999 4,6714
5,1213 5,2282
535 21:13
4,3994 4,4923
4,0304 4,1284
4,5999 4,6714
5,1213 5,2282
536 21:14
4,3994 4,4923
4,0304 4,1284
4,5999 4,6714
5,1213 5,2282
537 21:15
4,3994 4,4923
4,0304 4,1284
4,5999 4,6714
5,1213 5,2282
538 21:16
4,3994 4,4923
4,0304 4,1284
4,5999 4,6714
5,1213 5,2282
539 21:17
4,3994 4,4923
4,0304 4,1284
4,5999 4,6714
5,1213 5,2282
540 21:18
4,3994 4,4923
4,0304 4,1284
4,5999 4,6714
5,1213 5,2282
541 21:19
4,3994 4,4923
4,0304 4,1284
4,5999 4,6714
5,1213 5,2282
542 21:20
4,3994 4,4923
4,0304 4,1284
4,5999 4,6714
5,1213 5,2282
543 21:21
4,3994 4,4923
4,0304 4,1284
4,5999 4,6714
5,1213 5,2282
544 21:22
4,3994 4,4923
4,0304 4,1284
4,5999 4,6714
5,1213 5,2282
545 21:23
4,3994 4,4923
4,0304 4,1284
4,5999 4,6714
5,1213 5,2282
546 21:24
4,3994 4,4923
4,0304 4,1284
4,5999 4,6714
5,1213 5,2282
547 21:25
4,3994 4,4923
4,0304 4,1284
4,5999 4,6714
5,1213 5,2282
548 21:26
4,3994 4,4923
4,0304 4,1284
4,5999 4,6714
5,1213 5,2282
549 21:27
4,3994 4,4923
4,0304 4,1284
4,5999 4,6714
5,1213 5,2282
550 21:28
4,3994 4,4923
4,0304 4,1284
4,5999 4,6714
5,1213 5,2282
551 21:29
4,3994 4,4923
4,0304 4,1284
4,5999 4,6714
5,1213 5,2282
552 21:30
4,3994 4,4923
4,0304 4,1284
4,5999 4,6714
5,1213 5,2282
553 21:31
4,3994 4,4923
4,0304 4,1284
4,5999 4,6714
5,1213 5,2282
554 21:32
4,3994 4,4923
4,0304 4,1284
4,5999 4,6714
5,1213 5,2282
555 21:33
4,3994 4,4923
4,0304 4,1284
4,5999 4,6714
5,1213 5,2282
556 21:34
4,3994 4,4923
4,0304 4,1284
4,5999 4,6714
5,1213 5,2282
557 21:35
4,3994 4,4923
4,0304 4,1284
4,5999 4,6714
5,1213 5,2282
558 21:36
4,3994 4,4923
4,0304 4,1284
4,5999 4,6714
5,1213 5,2282
559 21:37
4,3994 4,4923
4,0304 4,1284
4,5999 4,6714
5,1213 5,2282
560 21:38
4,3994 4,4923
4,0304 4,1284
4,5999 4,6714
5,1213 5,2282
561 21:39
4,3994 4,4923
4,0304 4,1284
4,5999 4,6714
5,1213 5,2282
562 21:40
4,3994 4,4923
4,0304 4,1284
4,5999 4,6714
5,1213 5,2282
563 21:41
4,3994 4,4923
4,0304 4,1284
4,5999 4,6714
5,1213 5,2282
564 21:42
4,3994 4,4923
4,0304 4,1284
4,5999 4,6714
5,1213 5,2282
565 21:43
4,3994 4,4923
4,0304 4,1284
4,5999 4,6714
5,1213 5,2282
566 21:44
4,3994 4,4923
4,0304 4,1284
4,5999 4,6714
5,1213 5,2282
567 21:45
4,3994 4,4923
4,0304 4,1284
4,5999 4,6714
5,1213 5,2282
568 21:46
4,3994 4,4923
4,0304 4,1284
4,5999 4,6714
5,1213 5,2282
569 21:47
4,3994 4,4923
4,0304 4,1284
4,5999 4,6714
5,1213 5,2282
570 21:48
4,3994 4,4923
4,0304 4,1284
4,5999 4,6714
5,1213 5,2282
571 21:49
4,3994 4,4923
4,0304 4,1284
4,5999 4,6714
5,1213 5,2282
572 21:50
4,3994 4,4923
4,0304 4,1284
4,5999 4,6714
5,1213 5,2282
573 21:51
4,3994 4,4923
4,0304 4,1284
4,5999 4,6714
5,1213 5,2282
574 21:52
4,3994 4,4923
4,0304 4,1284
4,5999 4,6714
5,1213 5,2282
575 21:53
4,3994 4,4923
4,0304 4,1284
4,5999 4,6714
5,1213 5,2282
576 21:54
4,3994 4,4923
4,0304 4,1284
4,5999 4,6714
5,1213 5,2282
577 21:55
4,3994 4,4923
4,0304 4,1284
4,5999 4,6714
5,1213 5,2282
578 21:56
4,3994 4,4923
4,0304 4,1284
4,5999 4,6714
5,1213 5,2282
579 21:57
4,3994 4,4923
4,0304 4,1284
4,5999 4,6714
5,1213 5,2282
580 21:58
4,3994 4,4923
4,0304 4,1284
4,5999 4,6714
5,1213 5,2282
581 21:59
4,3994 4,4923
4,0304 4,1284
4,5999 4,6714
5,1213 5,2282
582 22:00
4,3994 4,4923
4,0304 4,1284
4,5999 4,6714
5,1213 5,2282
583 22:01
4,3994 4,4923
4,0304 4,1284
4,5999 4,6714
5,1213 5,2282
584 22:02
4,3994 4,4923
4,0304 4,1284
4,5999 4,6714
5,1213 5,2282
585 22:03
4,3994 4,4923
4,0304 4,1284
4,5999 4,6714
5,1213 5,2282
586 22:04
4,3994 4,4923
4,0304 4,1284
4,5999 4,6714
5,1213 5,2282
587 22:05
4,3994 4,4923
4,0304 4,1284
4,5999 4,6714
5,1213 5,2282
588 22:06
4,3994 4,4923
4,0304 4,1284
4,5999 4,6714
5,1213 5,2282
589 22:07
4,3994 4,4923
4,0304 4,1284
4,5999 4,6714
5,1213 5,2282
590 22:08
4,3994 4,4923
4,0304 4,1284
4,5999 4,6714
5,1213 5,2282
591 22:09
4,3994 4,4923
4,0304 4,1284
4,5999 4,6714
5,1213 5,2282
592 22:10
4,3994 4,4923
4,0304 4,1284
4,5999 4,6714
5,1213 5,2282
593 22:11
4,3994 4,4923
4,0304 4,1284
4,5999 4,6714
5,1213 5,2282
594 22:12
4,3994 4,4923
4,0304 4,1284
4,5999 4,6714
5,1213 5,2282
595 22:13
4,3994 4,4923
4,0304 4,1284
4,5999 4,6714
5,1213 5,2282
596 22:14
4,3994 4,4923
4,0304 4,1284
4,5999 4,6714
5,1213 5,2282
597 22:15
4,3994 4,4923
4,0304 4,1284
4,5999 4,6714
5,1213 5,2282
598 22:16
4,3994 4,4923
4,0304 4,1284
4,5999 4,6714
5,1213 5,2282
599 22:17
4,3994 4,4923
4,0304 4,1284
4,5999 4,6714
5,1213 5,2282
600 22:18
4,3994 4,4923
4,0304 4,1284
4,5999 4,6714
5,1213 5,2282
601 22:19
4,3994 4,4923
4,0304 4,1284
4,5999 4,6714
5,1213 5,2282
602 22:20
4,3994 4,4923
4,0304 4,1284
4,5999 4,6714
5,1213 5,2282
603 22:21
4,3994 4,4923
4,0304 4,1284
4,5999 4,6714
5,1213 5,2282
604 22:22
4,3994 4,4923
4,0304 4,1284
4,5999 4,6714
5,1213 5,2282
605 22:23
4,3994 4,4923
4,0304 4,1284
4,5999 4,6714
5,1213 5,2282
606 22:24
4,3994 4,4923
4,0304 4,1284
4,5999 4,6714
5,1213 5,2282
607 22:25
4,3994 4,4923
4,0304 4,1284
4,5999 4,6714
5,1213 5,2282
608 22:26
4,3994 4,4923
4,0304 4,1284
4,5999 4,6714
5,1213 5,2282
609 22:27
4,3994 4,4923
4,0304 4,1284
4,5999 4,6714
5,1213 5,2282
610 22:28
4,3994 4,4923
4,0304 4,1284
4,5999 4,6714
5,1213 5,2282
611 22:29
4,3994 4,4923
4,0304 4,1284
4,5999 4,6714
5,1213 5,2282
612 22:30
4,3994 4,4923
4,0304 4,1284
4,5999 4,6714
5,1213 5,2282
613 22:31
4,3994 4,4923
4,0304 4,1284
4,5999 4,6714
5,1213 5,2282
614 22:32
4,3994 4,4923
4,0304 4,1284
4,5999 4,6714
5,1213 5,2282
615 22:33
4,3994 4,4923
4,0304 4,1284
4,5999 4,6714
5,1213 5,2282
616 22:34
4,3994 4,4923
4,0304 4,1284
4,5999 4,6714
5,1213 5,2282
617 22:35
4,3994 4,4923
4,0304 4,1284
4,5999 4,6714
5,1213 5,2282
618 22:36
4,3994 4,4923
4,0304 4,1284
4,5999 4,6714
5,1213 5,2282
619 22:37
4,3994 4,4923
4,0304 4,1284
4,5999 4,6714
5,1213 5,2282
620 22:38
4,3994 4,4923
4,0304 4,1284
4,5999 4,6714
5,1213 5,2282
621 22:39
4,3994 4,4923
4,0304 4,1284
4,5999 4,6714
5,1213 5,2282
622 22:40
4,3994 4,4923
4,0304 4,1284
4,5999 4,6714
5,1213 5,2282
623 22:41
4,3994 4,4923
4,0304 4,1284
4,5999 4,6714
5,1213 5,2282
624 22:42
4,3994 4,4923
4,0304 4,1284
4,5999 4,6714
5,1213 5,2282
625 22:43
4,3994 4,4923
4,0304 4,1284
4,5999 4,6714
5,1213 5,2282
626 22:44
4,3994 4,4923
4,0304 4,1284
4,5999 4,6714
5,1213 5,2282
627 22:45
4,3994 4,4923
4,0304 4,1284
4,5999 4,6714
5,1213 5,2282
628 22:46
4,3994 4,4923
4,0304 4,1284
4,5999 4,6714
5,1213 5,2282
629 22:47
4,3994 4,4923
4,0304 4,1284
4,5999 4,6714
5,1213 5,2282
630 22:48
4,3994 4,4923
4,0304 4,1284
4,5999 4,6714
5,1213 5,2282
631 22:49
4,3994 4,4923
4,0304 4,1284
4,5999 4,6714
5,1213 5,2282
632 22:50
4,3994 4,4923
4,0304 4,1284
4,5999 4,6714
5,1213 5,2282
633 22:51
4,3994 4,4923
4,0304 4,1284
4,5999 4,6714
5,1213 5,2282
634 22:52
4,3994 4,4923
4,0304 4,1284
4,5999 4,6714
5,1213 5,2282
635 22:53
4,3994 4,4923
4,0304 4,1284
4,5999 4,6714
5,1213 5,2282
636 22:54
4,3994 4,4923
4,0304 4,1284
4,5999 4,6714
5,1213 5,2282
637 22:55
4,3994 4,4923
4,0304 4,1284
4,5999 4,6714
5,1213 5,2282
638 22:56
4,3994 4,4923
4,0304 4,1284
4,5999 4,6714
5,1213 5,2282
639 22:57
4,3994 4,4923
4,0304 4,1284
4,5999 4,6714
5,1213 5,2282
640 22:58
4,3994 4,4923
4,0304 4,1284
4,5999 4,6714
5,1213 5,2282
641 22:59
4,3994 4,4923
4,0304 4,1284
4,5999 4,6714
5,1213 5,2282
642 23:00
4,3994 4,4923
4,0304 4,1284
4,5999 4,6714
5,1213 5,2282
643 23:01
4,3994 4,4923
4,0304 4,1284
4,5999 4,6714
5,1213 5,2282
644 23:02
4,3994 4,4923
4,0304 4,1284
4,5999 4,6714
5,1213 5,2282
645 23:03
4,3994 4,4923
4,0304 4,1284
4,5999 4,6714
5,1213 5,2282
646 23:04
4,3994 4,4923
4,0304 4,1284
4,5999 4,6714
5,1213 5,2282
647 23:05
4,3994 4,4923
4,0304 4,1284
4,5999 4,6714
5,1213 5,2282
648 23:06
4,3994 4,4923
4,0304 4,1284
4,5999 4,6714
5,1213 5,2282
649 23:07
4,3994 4,4923
4,0304 4,1284
4,5999 4,6714
5,1213 5,2282
650 23:08
4,3994 4,4923
4,0304 4,1284
4,5999 4,6714
5,1213 5,2282
651 23:09
4,3994 4,4923
4,0304 4,1284
4,5999 4,6714
5,1213 5,2282
652 23:10
4,3994 4,4923
4,0304 4,1284
4,5999 4,6714
5,1213 5,2282
653 23:11
4,3994 4,4923
4,0304 4,1284
4,5999 4,6714
5,1213 5,2282
654 23:12
4,3994 4,4923
4,0304 4,1284
4,5999 4,6714
5,1213 5,2282
655 23:13
4,3994 4,4923
4,0304 4,1284
4,5999 4,6714
5,1213 5,2282
656 23:14
4,3994 4,4923
4,0304 4,1284
4,5999 4,6714
5,1213 5,2282
657 23:15
4,3994 4,4923
4,0304 4,1284
4,5999 4,6714
5,1213 5,2282
658 23:16
4,3994 4,4923
4,0304 4,1284
4,5999 4,6714
5,1213 5,2282
659 23:17
4,3994 4,4923
4,0304 4,1284
4,5999 4,6714
5,1213 5,2282
660 23:18
4,3994 4,4923
4,0304 4,1284
4,5999 4,6714
5,1213 5,2282
661 23:19
4,3994 4,4923
4,0304 4,1284
4,5999 4,6714
5,1213 5,2282
662 23:20
4,3994 4,4923
4,0304 4,1284
4,5999 4,6714
5,1213 5,2282
663 23:21
4,3994 4,4923
4,0304 4,1284
4,5999 4,6714
5,1213 5,2282
664 23:22
4,3994 4,4923
4,0304 4,1284
4,5999 4,6714
5,1213 5,2282
665 23:23
4,3994 4,4923
4,0304 4,1284
4,5999 4,6714
5,1213 5,2282
666 23:24
4,3994 4,4923
4,0304 4,1284
4,5999 4,6714
5,1213 5,2282
667 23:25
4,3994 4,4923
4,0304 4,1284
4,5999 4,6714
5,1213 5,2282
668 23:26
4,3994 4,4923
4,0304 4,1284
4,5999 4,6714
5,1213 5,2282
669 23:27
4,3994 4,4923
4,0304 4,1284
4,5999 4,6714
5,1213 5,2282
670 23:28
4,3994 4,4923
4,0304 4,1284
4,5999 4,6714
5,1213 5,2282
671 23:29
Connection error x5
