#======================
2023-10-6
# 1.EUR, 2.USD, 3.CHF, 4.GBP
Sell Price, Buy Price
1 08:30:20
4,5799 4,6123
4,3474 4,3800
4,7512 4,7843
5,2917 5,3252
2 08:31:20
4,5800 4,6124
4,3474 4,3798
4,7511 4,7842
5,2919 5,3254
3 08:32:21
4,5800 4,6124
4,3478 4,3802
4,7511 4,7842
5,2922 5,3257
4 08:33:21
4,5805 4,6129
4,3479 4,3803
4,7521 4,7852
5,2934 5,3269
5 08:34:21
4,5806 4,6130
4,3482 4,3806
4,7520 4,7851
5,2938 5,3273
6 08:35:21
4,5806 4,6130
4,3486 4,3810
4,7522 4,7853
5,2938 5,3273
7 08:36:21
4,5820 4,6144
4,3503 4,3827
4,7541 4,7872
5,2960 5,3295
8 08:37:20
4,5822 4,6146
4,3503 4,3827
4,7550 4,7881
5,2968 5,3303
9 08:38:20
4,5825 4,6149
4,3506 4,3830
4,7549 4,7880
5,2972 5,3307
10 08:39:20
4,5825 4,6149
4,3506 4,3830
4,7552 4,7883
5,2973 5,3308
11 08:40:21
4,5834 4,6158
4,3515 4,3839
4,7559 4,7891
5,2984 5,3319
12 08:41:21
4,5835 4,6159
4,3516 4,3840
4,7562 4,7893
5,2984 5,3319
13 08:42:21
4,5877 4,6201
4,3558 4,3882
4,7606 4,7937
5,3029 5,3364
14 08:43:21
4,5885 4,6209
4,3567 4,3891
4,7619 4,7950
5,3041 5,3376
15 08:44:21
4,5858 4,6182
4,3536 4,3860
4,7594 4,7925
5,3003 5,3338
16 08:45:20
4,5871 4,6195
4,3552 4,3877
4,7605 4,7936
5,3013 5,3348
17 08:46:20
4,5874 4,6198
4,3552 4,3876
4,7617 4,7948
5,3019 5,3354
18 08:47:21
4,5866 4,6190
4,3550 4,3874
4,7612 4,7943
5,3014 5,3349
19 08:48:21
4,5866 4,6190
4,3547 4,3871
4,7609 4,7940
5,3009 5,3344
20 08:49:21
4,5850 4,6174
4,3534 4,3858
4,7574 4,7905
5,2992 5,3327
21 08:50:21
4,5851 4,6175
4,3533 4,3857
4,7569 4,7900
5,2996 5,3331
22 08:51:21
4,5827 4,6151
4,3506 4,3830
4,7545 4,7876
5,2968 5,3303
23 08:52:21
4,5818 4,6142
4,3500 4,3824
4,7542 4,7873
5,2957 5,3292
24 08:53:20
4,5819 4,6143
4,3500 4,3824
4,7538 4,7869
5,2953 5,3288
25 08:54:20
4,5821 4,6145
4,3502 4,3826
4,7547 4,7878
5,2952 5,3287
26 08:55:21
4,5817 4,6141
4,3499 4,3823
4,7546 4,7877
5,2950 5,3285
27 08:56:21
4,5826 4,6150
4,3503 4,3827
4,7556 4,7887
5,2960 5,3295
28 08:57:21
4,5826 4,6150
4,3505 4,3829
4,7561 4,7892
5,2960 5,3295
29 08:58:21
4,5822 4,6146
4,3501 4,3825
4,7559 4,7890
5,2961 5,3296
30 08:59:20
4,5814 4,6138
4,3491 4,3815
4,7545 4,7876
5,2953 5,3288
31 09:00:20
4,5815 4,6139
4,3494 4,3818
4,7546 4,7877
5,2954 5,3289
32 09:01:23
4,5818 4,6142
4,3495 4,3819
4,7549 4,7880
5,2957 5,3292
33 09:02:21
4,5821 4,6145
4,3490 4,3814
4,7555 4,7886
5,2962 5,3297
34 09:03:23
4,5822 4,6146
4,3493 4,3817
4,7566 4,7897
5,2969 5,3304
35 09:04:21
4,5818 4,6142
4,3489 4,3813
4,7564 4,7895
5,2970 5,3305
36 09:05:20
4,5819 4,6143
4,3492 4,3816
4,7565 4,7896
5,2974 5,3309
37 09:06:21
4,5820 4,6144
4,3495 4,3819
4,7575 4,7905
5,2981 5,3316
38 09:07:22
4,5819 4,6143
4,3498 4,3822
4,7579 4,7909
5,2983 5,3318
39 09:08:23
4,5820 4,6144
4,3491 4,3815
4,7577 4,7907
5,2985 5,3320
40 09:09:20
4,5822 4,6146
4,3493 4,3817
4,7586 4,7916
5,2997 5,3332
41 09:10:22
4,5823 4,6147
4,3491 4,3815
4,7587 4,7917
5,2993 5,3328
42 09:11:21
4,5823 4,6147
4,3486 4,3810
4,7589 4,7920
5,2994 5,3329
43 09:12:22
4,5822 4,6146
4,3476 4,3800
4,7585 4,7916
5,2993 5,3328
44 09:13:21
4,5820 4,6144
4,3472 4,3794
4,7583 4,7914
5,2997 5,3332
45 09:14:20
4,5819 4,6143
4,3472 4,3795
4,7576 4,7907
5,3002 5,3337
46 09:15:20
4,5818 4,6142
4,3465 4,3788
4,7569 4,7900
5,3004 5,3339
47 09:16:20
4,5819 4,6142
4,3467 4,3790
4,7560 4,7890
5,2999 5,3333
48 09:17:21
4,5818 4,6141
4,3467 4,3790
4,7561 4,7891
5,2989 5,3323
49 09:18:21
4,5819 4,6142
4,3474 4,3797
4,7561 4,7891
5,2991 5,3325
50 09:19:21
4,5804 4,6127
4,3459 4,3782
4,7547 4,7877
5,2967 5,3301
51 09:20:21
4,5812 4,6135
4,3473 4,3796
4,7550 4,7880
5,2973 5,3307
52 09:21:21
4,5810 4,6133
4,3468 4,3791
4,7552 4,7882
5,2976 5,3310
53 09:22:21
4,5813 4,6136
4,3470 4,3793
4,7552 4,7882
5,2987 5,3321
54 09:23:20
4,5817 4,6140
4,3465 4,3788
4,7556 4,7886
5,2988 5,3322
55 09:24:20
4,5811 4,6134
4,3454 4,3777
4,7551 4,7881
5,2978 5,3312
56 09:25:21
4,5818 4,6141
4,3452 4,3775
4,7567 4,7897
5,2980 5,3314
57 09:26:21
4,5813 4,6136
4,3450 4,3773
4,7571 4,7907
5,2977 5,3312
58 09:27:21
4,5818 4,6141
4,3454 4,3777
4,7578 4,7914
5,2979 5,3314
59 09:28:21
4,5817 4,6140
4,3452 4,3775
4,7574 4,7910
5,2980 5,3315
60 09:29:20
4,5814 4,6137
4,3450 4,3773
4,7568 4,7904
5,2975 5,3310
61 09:30:20
4,5813 4,6136
4,3456 4,3779
4,7569 4,7905
5,2984 5,3319
62 09:31:21
4,5815 4,6138
4,3437 4,3760
4,7577 4,7913
5,2986 5,3321
63 09:32:21
4,5815 4,6138
4,3443 4,3766
4,7576 4,7912
5,2985 5,3320
64 09:33:21
4,5809 4,6132
4,3435 4,3758
4,7571 4,7907
5,2973 5,3308
65 09:34:20
4,5807 4,6130
4,3433 4,3756
4,7567 4,7903
5,2977 5,3312
66 09:35:20
4,5808 4,6131
4,3424 4,3747
4,7559 4,7895
5,2978 5,3313
67 09:36:21
4,5810 4,6133
4,3427 4,3750
4,7564 4,7900
5,2986 5,3321
68 09:37:21
4,5811 4,6134
4,3431 4,3754
4,7565 4,7901
5,2984 5,3319
69 09:38:21
4,5810 4,6133
4,3430 4,3753
4,7564 4,7900
5,2986 5,3321
70 09:39:21
4,5808 4,6131
4,3428 4,3751
4,7569 4,7905
5,2987 5,3322
71 09:40:20
4,5807 4,6130
4,3425 4,3748
4,7566 4,7902
5,2988 5,3323
72 09:41:23
4,5790 4,6113
4,3409 4,3732
4,7553 4,7889
5,2968 5,3303
73 09:42:22
4,5794 4,6117
4,3417 4,3740
4,7558 4,7894
5,2978 5,3313
74 09:43:23
4,5794 4,6117
4,3421 4,3744
4,7557 4,7893
5,2973 5,3308
75 09:44:21
4,5768 4,6091
4,3399 4,3722
4,7528 4,7864
5,2949 5,3284
76 09:45:22
4,5773 4,6096
4,3405 4,3728
4,7533 4,7869
5,2952 5,3287
77 09:46:22
4,5774 4,6097
4,3400 4,3723
4,7532 4,7868
5,2962 5,3297
78 09:47:21
4,5750 4,6073
4,3383 4,3706
4,7512 4,7848
5,2939 5,3274
79 09:48:21
4,5764 4,6087
4,3393 4,3716
4,7528 4,7864
5,2964 5,3299
80 09:49:21
4,5763 4,6086
4,3396 4,3719
4,7535 4,7871
5,2956 5,3291
81 09:50:22
4,5767 4,6090
4,3402 4,3725
4,7540 4,7876
5,2959 5,3294
82 09:51:23
4,5767 4,6090
4,3399 4,3722
4,7544 4,7880
5,2951 5,3286
83 09:52:21
4,5771 4,6094
4,3417 4,3740
4,7543 4,7879
5,2965 5,3300
84 09:53:21
4,5775 4,6098
4,3412 4,3735
4,7543 4,7879
5,2971 5,3306
85 09:54:20
4,5792 4,6115
4,3421 4,3744
4,7560 4,7896
5,2987 5,3322
86 09:55:22
4,5800 4,6123
4,3428 4,3751
4,7571 4,7907
5,2993 5,3328
87 09:56:20
4,5772 4,6095
4,3386 4,3709
4,7543 4,7879
5,2962 5,3297
88 09:57:21
4,5778 4,6101
4,3389 4,3712
4,7550 4,7886
5,2977 5,3312
89 09:58:21
4,5766 4,6089
4,3378 4,3701
4,7541 4,7877
5,2979 5,3314
90 09:59:21
4,5770 4,6093
4,3390 4,3713
4,7540 4,7876
5,2973 5,3308
91 10:00:20
4,5785 4,6108
4,3400 4,3723
4,7558 4,7894
5,2988 5,3323
92 10:01:20
4,5794 4,6117
4,3400 4,3723
4,7564 4,7900
5,2995 5,3330
93 10:02:21
4,5795 4,6118
4,3408 4,3731
4,7568 4,7904
5,2990 5,3325
94 10:03:21
4,5793 4,6116
4,3414 4,3737
4,7564 4,7900
5,2992 5,3327
95 10:04:20
4,5797 4,6120
4,3420 4,3743
4,7569 4,7905
5,2994 5,3329
96 10:05:20
4,5794 4,6117
4,3413 4,3736
4,7564 4,7900
5,2990 5,3325
97 10:06:21
4,5796 4,6121
4,3415 4,3738
4,7570 4,7906
5,2995 5,3330
98 10:07:21
4,5801 4,6126
4,3412 4,3735
4,7565 4,7901
5,2998 5,3333
99 10:08:20
4,5797 4,6122
4,3408 4,3731
4,7567 4,7903
5,2994 5,3329
100 10:09:20
4,5769 4,6094
4,3378 4,3701
4,7542 4,7878
5,2962 5,3297
101 10:10:20
4,5765 4,6090
4,3376 4,3699
4,7533 4,7869
5,2950 5,3285
102 10:11:21
4,5769 4,6094
4,3378 4,3701
4,7537 4,7873
5,2954 5,3289
103 10:12:21
4,5770 4,6095
4,3380 4,3703
4,7535 4,7871
5,2947 5,3282
104 10:13:21
4,5772 4,6097
4,3383 4,3706
4,7541 4,7877
5,2956 5,3291
105 10:14:21
4,5776 4,6101
4,3392 4,3715
4,7545 4,7881
5,2960 5,3295
106 10:15:21
4,5770 4,6095
4,3395 4,3718
4,7538 4,7874
5,2951 5,3286
107 10:16:20
4,5779 4,6102
4,3402 4,3725
4,7541 4,7877
5,2962 5,3297
108 10:17:20
4,5762 4,6085
4,3381 4,3704
4,7525 4,7861
5,2940 5,3275
109 10:18:21
4,5775 4,6098
4,3388 4,3711
4,7537 4,7873
5,2952 5,3287
110 10:19:21
4,5777 4,6100
4,3395 4,3718
4,7540 4,7876
5,2955 5,3290
111 10:20:21
4,5777 4,6100
4,3395 4,3718
4,7540 4,7876
5,2958 5,3293
112 10:21:20
4,5777 4,6102
4,3395 4,3718
4,7543 4,7879
5,2958 5,3293
113 10:22:21
4,5771 4,6096
4,3396 4,3719
4,7535 4,7871
5,2955 5,3290
114 10:23:21
4,5769 4,6094
4,3394 4,3717
4,7533 4,7869
5,2946 5,3281
115 10:24:21
4,5774 4,6099
4,3403 4,3726
4,7537 4,7873
5,2951 5,3286
116 10:25:21
4,5775 4,6100
4,3406 4,3729
4,7539 4,7875
5,2960 5,3295
117 10:26:21
4,5787 4,6110
4,3419 4,3742
4,7550 4,7886
5,2973 5,3308
118 10:27:20
4,5790 4,6113
4,3417 4,3740
4,7558 4,7894
5,2979 5,3314
119 10:28:21
4,5792 4,6115
4,3415 4,3738
4,7560 4,7896
5,2984 5,3319
120 10:29:21
4,5799 4,6122
4,3424 4,3747
4,7564 4,7900
5,3003 5,3338
121 10:30:21
4,5793 4,6116
4,3418 4,3741
4,7559 4,7895
5,2992 5,3327
122 10:31:21
4,5808 4,6131
4,3433 4,3756
4,7572 4,7908
5,3011 5,3346
123 10:32:21
4,5811 4,6134
4,3443 4,3766
4,7575 4,7911
5,3014 5,3349
124 10:33:22
4,5815 4,6138
4,3458 4,3781
4,7582 4,7918
5,3020 5,3355
125 10:34:21
4,5816 4,6139
4,3458 4,3781
4,7595 4,7931
5,3020 5,3355
126 10:35:22
4,5816 4,6139
4,3457 4,3780
4,7598 4,7934
5,3027 5,3362
127 10:36:21
4,5816 4,6139
4,3452 4,3775
4,7585 4,7921
5,3024 5,3359
128 10:37:21
4,5818 4,6141
4,3460 4,3783
4,7586 4,7922
5,3017 5,3352
129 10:38:22
4,5830 4,6153
4,3470 4,3793
4,7597 4,7933
5,3031 5,3366
130 10:39:23
4,5826 4,6149
4,3468 4,3791
4,7594 4,7930
5,3027 5,3362
131 10:40:21
4,5806 4,6129
4,3443 4,3766
4,7570 4,7906
5,3000 5,3335
132 10:41:20
4,5812 4,6135
4,3440 4,3763
4,7574 4,7910
5,3007 5,3342
133 10:42:20
4,5815 4,6138
4,3443 4,3766
4,7577 4,7913
5,3014 5,3349
134 10:43:21
4,5827 4,6150
4,3447 4,3770
4,7592 4,7928
5,3031 5,3366
135 10:44:21
4,5837 4,6160
4,3456 4,3779
4,7601 4,7937
5,3056 5,3391
136 10:45:21
4,5829 4,6152
4,3444 4,3767
4,7592 4,7928
5,3052 5,3387
137 10:46:21
4,5834 4,6157
4,3449 4,3772
4,7597 4,7933
5,3045 5,3380
138 10:47:21
4,5833 4,6156
4,3433 4,3756
4,7593 4,7929
5,3034 5,3369
139 10:48:20
4,5822 4,6145
4,3427 4,3750
4,7581 4,7917
5,3028 5,3363
140 10:49:20
4,5818 4,6141
4,3423 4,3746
4,7577 4,7913
5,3020 5,3355
141 10:50:20
4,5807 4,6130
4,3419 4,3742
4,7566 4,7902
5,3007 5,3342
142 10:51:21
4,5806 4,6131
4,3423 4,3746
4,7557 4,7893
5,3010 5,3345
143 10:52:21
4,5809 4,6134
4,3428 4,3751
4,7566 4,7902
5,3013 5,3348
144 10:53:21
4,5808 4,6133
4,3425 4,3748
4,7563 4,7899
5,3010 5,3345
145 10:54:21
4,5805 4,6130
4,3427 4,3750
4,7555 4,7891
5,3010 5,3345
146 10:55:21
4,5820 4,6145
4,3445 4,3768
4,7566 4,7902
5,3027 5,3362
147 10:56:21
4,5823 4,6148
4,3452 4,3775
4,7564 4,7900
5,3030 5,3365
148 10:57:20
4,5823 4,6148
4,3442 4,3765
4,7572 4,7908
5,3025 5,3360
149 10:58:20
4,5829 4,6154
4,3453 4,3776
4,7584 4,7920
5,3040 5,3375
150 10:59:21
4,5829 4,6154
4,3453 4,3776
4,7575 4,7911
5,3037 5,3372
151 11:00:21
4,5823 4,6148
4,3443 4,3766
4,7573 4,7909
5,3021 5,3356
152 11:01:20
4,5804 4,6127
4,3425 4,3748
4,7549 4,7885
5,2994 5,3329
153 11:02:20
4,5814 4,6137
4,3436 4,3759
4,7563 4,7899
5,3007 5,3342
154 11:03:21
4,5813 4,6136
4,3437 4,3760
4,7560 4,7896
5,3001 5,3336
155 11:04:21
4,5817 4,6140
4,3445 4,3768
4,7566 4,7902
5,3015 5,3350
156 11:05:21
4,5810 4,6133
4,3432 4,3755
4,7559 4,7895
5,3010 5,3345
157 11:06:21
4,5805 4,6128
4,3421 4,3744
4,7558 4,7894
5,3014 5,3349
158 11:07:21
4,5810 4,6133
4,3420 4,3743
4,7564 4,7900
5,3030 5,3365
159 11:08:20
4,5810 4,6133
4,3428 4,3751
4,7566 4,7902
5,3026 5,3361
160 11:09:20
4,5813 4,6136
4,3423 4,3746
4,7567 4,7903
5,3024 5,3359
161 11:10:21
4,5797 4,6120
4,3403 4,3726
4,7545 4,7881
5,2998 5,3333
162 11:11:21
4,5806 4,6129
4,3407 4,3730
4,7557 4,7893
5,3015 5,3350
163 11:12:21
4,5801 4,6124
4,3401 4,3724
4,7550 4,7886
5,3002 5,3337
164 11:13:20
4,5800 4,6123
4,3404 4,3727
4,7549 4,7885
5,3015 5,3350
165 11:14:20
4,5807 4,6130
4,3417 4,3740
4,7559 4,7895
5,3004 5,3339
166 11:15:21
4,5803 4,6126
4,3409 4,3732
4,7552 4,7888
5,2996 5,3331
167 11:16:21
4,5804 4,6127
4,3414 4,3737
4,7555 4,7891
5,3003 5,3338
168 11:17:21
4,5805 4,6128
4,3417 4,3740
4,7558 4,7894
5,3010 5,3345
169 11:18:21
4,5802 4,6125
4,3413 4,3736
4,7556 4,7892
5,3008 5,3343
170 11:19:20
4,5803 4,6126
4,3411 4,3734
4,7557 4,7893
5,3018 5,3353
171 11:20:20
4,5803 4,6126
4,3413 4,3736
4,7552 4,7888
5,3018 5,3353
172 11:21:21
4,5804 4,6127
4,3418 4,3741
4,7550 4,7886
5,3013 5,3348
173 11:23:18
4,5808 4,6131
4,3420 4,3743
4,7547 4,7883
5,3024 5,3359
174 11:23:21
4,5808 4,6131
4,3420 4,3743
4,7547 4,7883
5,3024 5,3359
175 11:24:45
4,5807 4,6130
4,3426 4,3749
4,7551 4,7887
5,3030 5,3365
176 11:25:20
4,5809 4,6132
4,3427 4,3750
4,7543 4,7879
5,3018 5,3353
177 11:26:20
4,5808 4,6131
4,3429 4,3752
4,7542 4,7878
5,3015 5,3350
178 11:27:20
4,5804 4,6127
4,3420 4,3743
4,7537 4,7873
5,3007 5,3342
179 11:28:21
4,5815 4,6138
4,3429 4,3752
4,7542 4,7878
5,3014 5,3349
180 11:29:21
4,5812 4,6135
4,3429 4,3752
4,7546 4,7882
5,3010 5,3345
181 11:30:21
4,5813 4,6136
4,3433 4,3756
4,7545 4,7881
5,3009 5,3344
182 11:31:20
4,5815 4,6140
4,3427 4,3750
4,7540 4,7876
5,3002 5,3337
183 11:32:20
4,5816 4,6141
4,3426 4,3749
4,7541 4,7877
5,3004 5,3339
184 11:33:21
4,5813 4,6138
4,3427 4,3750
4,7538 4,7874
5,3003 5,3338
185 11:34:21
4,5817 4,6142
4,3429 4,3752
4,7545 4,7881
5,3011 5,3346
186 11:35:21
4,5816 4,6141
4,3418 4,3741
4,7547 4,7883
5,3007 5,3342
187 11:36:21
4,5820 4,6145
4,3417 4,3740
4,7550 4,7886
5,3005 5,3340
188 11:37:21
4,5817 4,6142
4,3419 4,3742
4,7548 4,7884
5,3009 5,3344
189 11:38:21
4,5818 4,6143
4,3420 4,3743
4,7549 4,7885
5,3009 5,3344
190 11:39:21
4,5819 4,6144
4,3416 4,3739
4,7547 4,7883
5,3003 5,3338
191 11:40:20
4,5821 4,6146
4,3420 4,3743
4,7551 4,7887
5,3007 5,3342
192 11:41:20
4,5820 4,6143
4,3422 4,3745
4,7550 4,7886
5,3002 5,3337
193 11:42:21
4,5819 4,6142
4,3416 4,3739
4,7551 4,7887
5,2990 5,3325
194 11:43:21
4,5792 4,6115
4,3382 4,3705
4,7530 4,7866
5,2964 5,3299
195 11:44:21
4,5809 4,6132
4,3400 4,3723
4,7541 4,7877
5,2982 5,3317
196 11:45:20
4,5813 4,6136
4,3411 4,3734
4,7553 4,7889
5,2990 5,3325
197 11:46:20
4,5810 4,6133
4,3407 4,3730
4,7548 4,7884
5,2986 5,3321
198 11:47:20
4,5810 4,6133
4,3413 4,3736
4,7547 4,7883
5,2986 5,3321
199 11:48:20
4,5824 4,6147
4,3427 4,3750
4,7554 4,7890
5,2999 5,3334
200 11:49:21
4,5826 4,6149
4,3426 4,3749
4,7560 4,7896
5,3008 5,3343
201 11:50:21
4,5826 4,6149
4,3428 4,3751
4,7563 4,7899
5,3005 5,3340
202 11:51:21
4,5826 4,6149
4,3426 4,3749
4,7562 4,7898
5,3007 5,3342
203 11:52:21
4,5820 4,6143
4,3419 4,3742
4,7560 4,7896
5,3004 5,3339
204 11:53:22
4,5825 4,6148
4,3422 4,3745
4,7563 4,7899
5,3010 5,3345
205 11:54:21
4,5825 4,6148
4,3426 4,3749
4,7562 4,7898
5,3016 5,3351
206 11:55:22
4,5825 4,6148
4,3421 4,3744
4,7564 4,7900
5,3012 5,3347
207 11:56:21
4,5825 4,6150
4,3423 4,3746
4,7568 4,7904
5,3020 5,3355
208 11:57:20
4,5825 4,6150
4,3431 4,3754
4,7568 4,7904
5,3020 5,3355
209 11:58:20
4,5841 4,6166
4,3444 4,3767
4,7582 4,7918
5,3039 5,3374
210 11:59:20
4,5839 4,6164
4,3439 4,3762
4,7580 4,7916
5,3039 5,3374
211 12:00:21
4,5840 4,6165
4,3440 4,3763
4,7576 4,7912
5,3035 5,3370
212 12:01:21
4,5839 4,6162
4,3435 4,3758
4,7584 4,7920
5,3035 5,3370
213 12:02:21
4,5836 4,6159
4,3432 4,3755
4,7581 4,7917
5,3033 5,3368
214 12:03:21
4,5831 4,6154
4,3427 4,3750
4,7578 4,7914
5,3031 5,3366
215 12:04:20
4,5828 4,6151
4,3416 4,3739
4,7570 4,7906
5,3019 5,3354
216 12:05:20
4,5830 4,6153
4,3418 4,3741
4,7570 4,7906
5,3019 5,3354
217 12:06:21
4,5831 4,6156
4,3414 4,3737
4,7572 4,7908
5,3018 5,3353
218 12:07:21
4,5836 4,6161
4,3413 4,3736
4,7585 4,7921
5,3033 5,3368
219 12:08:21
4,5830 4,6155
4,3405 4,3728
4,7581 4,7917
5,3026 5,3361
220 12:09:21
4,5832 4,6157
4,3404 4,3727
4,7578 4,7914
5,3025 5,3360
221 12:10:21
4,5818 4,6143
4,3389 4,3712
4,7568 4,7904
5,3012 5,3347
222 12:11:20
4,5812 4,6137
4,3384 4,3707
4,7562 4,7898
5,3008 5,3343
223 12:12:21
4,5815 4,6140
4,3384 4,3707
4,7561 4,7897
5,3014 5,3349
224 12:13:21
4,5814 4,6139
4,3383 4,3706
4,7567 4,7903
5,3013 5,3348
225 12:14:21
4,5813 4,6138
4,3380 4,3703
4,7567 4,7903
5,3013 5,3348
226 12:15:21
4,5811 4,6136
4,3385 4,3708
4,7570 4,7906
5,3013 5,3348
227 12:16:22
4,5812 4,6135
4,3389 4,3712
4,7563 4,7899
5,3019 5,3354
228 12:17:21
4,5810 4,6133
4,3385 4,3708
4,7554 4,7890
5,3020 5,3355
229 12:18:21
4,5810 4,6133
4,3388 4,3711
4,7556 4,7892
5,3029 5,3364
230 12:19:21
4,5813 4,6136
4,3391 4,3714
4,7560 4,7896
5,3020 5,3355
231 12:20:21
4,5818 4,6141
4,3397 4,3720
4,7568 4,7904
5,3027 5,3362
232 12:21:28
4,5820 4,6143
4,3400 4,3723
4,7564 4,7900
5,3025 5,3360
233 12:22:20
4,5806 4,6129
4,3387 4,3710
4,7551 4,7887
5,3008 5,3343
234 12:23:20
4,5796 4,6119
4,3371 4,3694
4,7536 4,7872
5,2994 5,3329
235 12:24:21
4,5795 4,6118
4,3371 4,3694
4,7535 4,7871
5,2990 5,3325
236 12:25:22
4,5814 4,6137
4,3385 4,3708
4,7557 4,7893
5,3012 5,3347
237 12:26:21
4,5808 4,6131
4,3385 4,3708
4,7557 4,7893
5,3012 5,3347
238 12:27:21
4,5804 4,6127
4,3379 4,3702
4,7552 4,7888
5,3006 5,3341
239 12:28:21
4,5805 4,6128
4,3377 4,3700
4,7553 4,7889
5,3004 5,3339
240 12:29:21
4,5811 4,6134
4,3390 4,3713
4,7560 4,7896
5,3015 5,3350
241 12:30:20
4,5795 4,6118
4,3376 4,3699
4,7543 4,7879
5,2996 5,3331
242 12:31:21
4,5797 4,6122
4,3375 4,3698
4,7549 4,7885
5,2994 5,3329
243 12:32:21
4,5789 4,6114
4,3366 4,3689
4,7538 4,7874
5,2985 5,3320
244 12:33:21
4,5791 4,6116
4,3370 4,3693
4,7540 4,7876
5,2984 5,3319
245 12:34:21
4,5794 4,6119
4,3370 4,3693
4,7544 4,7880
5,2990 5,3325
246 12:35:21
4,5790 4,6115
4,3360 4,3683
4,7534 4,7870
5,2978 5,3313
247 12:36:21
4,5789 4,6114
4,3359 4,3682
4,7533 4,7869
5,2978 5,3313
248 12:37:21
4,5789 4,6114
4,3358 4,3681
4,7532 4,7868
5,2979 5,3314
249 12:38:21
4,5790 4,6115
4,3360 4,3683
4,7534 4,7870
5,2991 5,3326
250 12:39:20
4,5793 4,6118
4,3363 4,3686
4,7535 4,7871
5,2995 5,3330
251 12:40:20
4,5797 4,6122
4,3365 4,3688
4,7537 4,7873
5,3000 5,3335
252 12:41:21
4,5791 4,6114
4,3354 4,3677
4,7525 4,7861
5,2995 5,3330
253 12:42:20
4,5796 4,6119
4,3361 4,3684
4,7537 4,7873
5,2997 5,3332
254 12:43:21
4,5801 4,6124
4,3366 4,3689
4,7540 4,7876
5,3000 5,3335
255 12:44:21
4,5824 4,6147
4,3392 4,3715
4,7559 4,7895
5,3030 5,3365
256 12:45:21
4,5812 4,6135
4,3374 4,3697
4,7556 4,7892
5,3013 5,3348
257 12:46:21
4,5817 4,6140
4,3389 4,3712
4,7561 4,7897
5,3020 5,3355
258 12:47:21
4,5816 4,6139
4,3391 4,3714
4,7561 4,7897
5,3015 5,3350
259 12:48:23
4,5817 4,6140
4,3393 4,3716
4,7566 4,7902
5,3013 5,3348
260 12:49:20
4,5822 4,6145
4,3402 4,3725
4,7572 4,7908
5,3022 5,3357
261 12:50:22
4,5824 4,6147
4,3400 4,3723
4,7578 4,7914
5,3020 5,3355
262 12:51:22
4,5820 4,6145
4,3401 4,3724
4,7570 4,7906
5,3014 5,3349
263 12:52:22
4,5819 4,6144
4,3401 4,3724
4,7570 4,7906
5,3017 5,3352
264 12:53:24
4,5836 4,6161
4,3423 4,3746
4,7587 4,7923
5,3034 5,3369
265 12:54:21
4,5839 4,6164
4,3425 4,3748
4,7590 4,7926
5,3045 5,3380
266 12:55:21
4,5835 4,6160
4,3421 4,3744
4,7586 4,7922
5,3042 5,3377
267 12:56:28
4,5836 4,6159
4,3423 4,3746
4,7581 4,7917
5,3047 5,3382
268 12:57:24
4,5835 4,6158
4,3429 4,3752
4,7583 4,7919
5,3048 5,3383
269 12:58:24
4,5813 4,6136
4,3408 4,3731
4,7558 4,7894
5,3032 5,3367
270 12:59:24
4,5827 4,6150
4,3421 4,3744
4,7581 4,7917
5,3048 5,3383
271 13:00:21
4,5827 4,6150
4,3422 4,3745
4,7581 4,7917
5,3053 5,3388
272 13:01:21
4,5827 4,6150
4,3426 4,3749
4,7584 4,7920
5,3052 5,3387
273 13:02:20
4,5815 4,6138
4,3416 4,3739
4,7569 4,7905
5,3022 5,3357
274 13:03:20
4,5815 4,6138
4,3414 4,3737
4,7569 4,7905
5,3023 5,3358
275 13:04:21
4,5798 4,6121
4,3396 4,3719
4,7552 4,7888
5,3003 5,3338
276 13:05:21
4,5799 4,6122
4,3399 4,3722
4,7553 4,7889
5,3002 5,3337
277 13:06:21
4,5808 4,6131
4,3406 4,3729
4,7561 4,7897
5,3012 5,3347
278 13:07:21
4,5811 4,6134
4,3410 4,3733
4,7565 4,7901
5,3015 5,3350
279 13:08:21
4,5827 4,6150
4,3432 4,3755
4,7586 4,7922
5,3037 5,3372
280 13:09:21
4,5845 4,6168
4,3449 4,3772
4,7607 4,7943
5,3062 5,3397
281 13:10:21
4,5837 4,6160
4,3439 4,3762
4,7596 4,7932
5,3047 5,3382
282 13:11:21
4,5846 4,6169
4,3448 4,3771
4,7606 4,7942
5,3055 5,3390
283 13:12:21
4,5843 4,6166
4,3444 4,3767
4,7602 4,7938
5,3055 5,3390
284 13:13:21
4,5840 4,6163
4,3442 4,3765
4,7607 4,7943
5,3054 5,3389
285 13:14:21
4,5838 4,6161
4,3446 4,3769
4,7607 4,7943
5,3053 5,3388
286 13:15:21
4,5839 4,6162
4,3447 4,3770
4,7603 4,7939
5,3050 5,3385
287 13:16:21
4,5840 4,6163
4,3442 4,3765
4,7607 4,7943
5,3052 5,3387
288 13:17:21
4,5825 4,6148
4,3423 4,3746
4,7595 4,7931
5,3033 5,3368
289 13:18:21
4,5825 4,6148
4,3427 4,3750
4,7599 4,7935
5,3036 5,3371
290 13:19:20
4,5830 4,6153
4,3432 4,3755
4,7605 4,7941
5,3040 5,3375
291 13:20:24
4,5824 4,6147
4,3422 4,3745
4,7598 4,7934
5,3033 5,3368
292 13:21:28
4,5823 4,6146
4,3422 4,3745
4,7597 4,7933
5,3033 5,3368
293 13:22:21
4,5823 4,6146
4,3419 4,3742
4,7616 4,7952
5,3031 5,3366
294 13:23:21
4,5811 4,6134
4,3406 4,3729
4,7595 4,7931
5,3015 5,3350
295 13:24:21
4,5808 4,6131
4,3405 4,3728
4,7588 4,7924
5,3019 5,3354
296 13:25:21
4,5783 4,6106
4,3380 4,3703
4,7561 4,7897
5,2986 5,3321
297 13:26:21
4,5777 4,6102
4,3367 4,3690
4,7555 4,7891
5,2975 5,3310
298 13:27:21
4,5781 4,6106
4,3377 4,3700
4,7560 4,7896
5,2973 5,3308
299 13:28:24
4,5791 4,6116
4,3386 4,3709
4,7565 4,7901
5,2979 5,3314
300 13:29:22
4,5784 4,6109
4,3382 4,3705
4,7558 4,7894
5,2963 5,3298
301 13:30:20
4,5796 4,6121
4,3393 4,3716
4,7570 4,7906
5,2977 5,3312
302 13:31:20
4,5791 4,6114
4,3391 4,3714
4,7564 4,7900
5,2970 5,3305
303 13:32:21
4,5784 4,6107
4,3385 4,3708
4,7559 4,7895
5,2965 5,3300
304 13:33:21
4,5788 4,6111
4,3391 4,3714
4,7564 4,7900
5,2965 5,3300
305 13:34:21
4,5778 4,6101
4,3378 4,3701
4,7555 4,7891
5,2953 5,3288
306 13:35:20
4,5779 4,6102
4,3380 4,3703
4,7554 4,7890
5,2946 5,3281
307 13:36:20
4,5791 4,6114
4,3383 4,3706
4,7559 4,7895
5,2958 5,3293
308 13:37:21
4,5786 4,6109
4,3380 4,3703
4,7555 4,7891
5,2949 5,3284
309 13:38:21
4,5792 4,6115
4,3382 4,3705
4,7557 4,7893
5,2953 5,3288
310 13:39:21
4,5796 4,6119
4,3386 4,3709
4,7560 4,7896
5,2954 5,3289
311 13:40:21
4,5796 4,6119
4,3390 4,3713
4,7559 4,7895
5,2951 5,3286
312 13:41:21
4,5788 4,6113
4,3381 4,3704
4,7552 4,7888
5,2944 5,3279
313 13:42:21
4,5790 4,6115
4,3382 4,3705
4,7558 4,7894
5,2948 5,3283
314 13:43:21
4,5790 4,6115
4,3379 4,3702
4,7564 4,7900
5,2952 5,3287
315 13:44:21
4,5790 4,6115
4,3374 4,3697
4,7559 4,7895
5,2937 5,3272
316 13:45:20
4,5790 4,6115
4,3371 4,3694
4,7559 4,7895
5,2949 5,3284
317 13:46:20
4,5789 4,6112
4,3365 4,3688
4,7552 4,7888
5,2947 5,3282
318 13:47:21
4,5782 4,6105
4,3360 4,3683
4,7544 4,7880
5,2947 5,3282
319 13:48:21
4,5784 4,6107
4,3358 4,3681
4,7553 4,7889
5,2948 5,3283
320 13:49:21
4,5795 4,6118
4,3364 4,3687
4,7556 4,7892
5,2957 5,3292
321 13:50:22
4,5787 4,6110
4,3347 4,3670
4,7548 4,7884
5,2938 5,3273
322 13:51:21
4,5801 4,6124
4,3357 4,3680
4,7562 4,7898
5,2948 5,3283
323 13:52:21
4,5806 4,6129
4,3352 4,3675
4,7568 4,7904
5,2955 5,3290
324 13:53:21
4,5811 4,6134
4,3359 4,3682
4,7570 4,7906
5,2966 5,3301
325 13:54:21
4,5809 4,6132
4,3357 4,3680
4,7568 4,7904
5,2957 5,3292
326 13:55:21
4,5805 4,6128
4,3351 4,3674
4,7564 4,7900
5,2959 5,3294
327 13:56:20
4,5791 4,6114
4,3340 4,3663
4,7552 4,7888
5,2949 5,3284
328 13:57:20
4,5791 4,6114
4,3339 4,3662
4,7560 4,7896
5,2948 5,3283
329 13:58:21
4,5797 4,6120
4,3346 4,3669
4,7551 4,7887
5,2956 5,3291
330 13:59:21
4,5782 4,6105
4,3329 4,3652
4,7537 4,7873
5,2942 5,3277
331 14:00:20
4,5779 4,6102
4,3326 4,3649
4,7534 4,7870
5,2938 5,3273
332 14:01:20
4,5782 4,6107
4,3322 4,3645
4,7532 4,7868
5,2950 5,3285
333 14:02:21
4,5795 4,6120
4,3345 4,3668
4,7550 4,7886
5,2970 5,3305
334 14:03:21
4,5789 4,6114
4,3339 4,3662
4,7543 4,7879
5,2957 5,3292
335 14:04:21
4,5818 4,6143
4,3375 4,3698
4,7574 4,7910
5,3004 5,3339
336 14:05:20
4,5807 4,6132
4,3362 4,3685
4,7560 4,7896
5,2990 5,3325
337 14:06:20
4,5814 4,6137
4,3376 4,3699
4,7563 4,7899
5,2997 5,3332
338 14:07:21
4,5811 4,6134
4,3373 4,3696
4,7565 4,7901
5,2991 5,3326
339 14:08:20
4,5813 4,6136
4,3357 4,3680
4,7562 4,7898
5,2987 5,3322
340 14:09:20
4,5811 4,6134
4,3365 4,3688
4,7561 4,7897
5,2987 5,3322
341 14:10:20
4,5810 4,6133
4,3370 4,3693
4,7562 4,7898
5,2983 5,3318
342 14:11:20
4,5809 4,6132
4,3376 4,3699
4,7558 4,7894
5,2979 5,3314
343 14:12:21
4,5821 4,6144
4,3393 4,3716
4,7562 4,7898
5,2996 5,3331
344 14:13:21
4,5828 4,6151
4,3395 4,3718
4,7562 4,7898
5,3003 5,3338
345 14:14:21
4,5820 4,6143
4,3392 4,3715
4,7549 4,7885
5,2994 5,3329
346 14:15:20
4,5811 4,6134
4,3390 4,3713
4,7550 4,7886
5,2985 5,3320
347 14:16:20
4,5811 4,6136
4,3392 4,3715
4,7549 4,7885
5,2991 5,3326
348 14:17:20
4,5824 4,6149
4,3414 4,3737
4,7565 4,7901
5,3007 5,3342
349 14:18:20
4,5810 4,6135
4,3394 4,3717
4,7550 4,7886
5,2981 5,3316
350 14:19:21
4,5813 4,6138
4,3391 4,3714
4,7553 4,7889
5,2979 5,3314
351 14:20:21
4,5810 4,6135
4,3393 4,3716
4,7550 4,7886
5,2990 5,3325
352 14:21:21
4,5813 4,6138
4,3400 4,3723
4,7557 4,7893
5,2997 5,3332
353 14:22:21
4,5819 4,6144
4,3402 4,3725
4,7568 4,7904
5,3010 5,3345
354 14:23:21
4,5821 4,6146
4,3386 4,3709
4,7562 4,7898
5,3005 5,3340
355 14:24:21
4,5822 4,6147
4,3385 4,3708
4,7557 4,7893
5,2999 5,3334
356 14:25:20
4,5843 4,6168
4,3414 4,3737
4,7588 4,7924
5,3028 5,3363
357 14:26:20
4,5827 4,6152
4,3406 4,3729
4,7574 4,7910
5,3007 5,3342
358 14:27:21
4,5815 4,6140
4,3401 4,3724
4,7574 4,7910
5,3002 5,3337
359 14:28:21
4,5806 4,6131
4,3388 4,3711
4,7560 4,7896
5,2991 5,3326
360 14:29:21
4,5797 4,6122
4,3385 4,3711
4,7556 4,7892
5,2988 5,3323
361 14:30:21
4,5773 4,6106
4,3370 4,3704
4,7541 4,7898
5,2958 5,3319
362 14:31:20
4,5787 4,6133
4,3479 4,3821
4,7519 4,7897
5,2933 5,3295
363 14:32:20
4,5793 4,6133
4,3520 4,3857
4,7557 4,7915
5,2963 5,3314
364 14:33:20
4,5840 4,6166
4,3606 4,3933
4,7600 4,7937
5,3000 5,3335
365 14:34:20
4,5855 4,6180
4,3640 4,3963
4,7621 4,7958
5,3006 5,3341
366 14:35:21
4,5881 4,6206
4,3691 4,4014
4,7646 4,7983
5,3037 5,3372
367 14:36:21
4,5882 4,6205
4,3665 4,3988
4,7634 4,7971
5,3025 5,3360
368 14:37:21
4,5865 4,6188
4,3632 4,3955
4,7619 4,7956
5,3007 5,3342
369 14:38:21
4,5854 4,6177
4,3621 4,3944
4,7628 4,7965
5,3007 5,3342
370 14:39:20
4,5840 4,6163
4,3616 4,3939
4,7600 4,7937
5,2968 5,3303
371 14:40:20
4,5844 4,6167
4,3604 4,3927
4,7609 4,7946
5,2975 5,3310
372 14:41:21
4,5831 4,6154
4,3585 4,3908
4,7594 4,7931
5,2969 5,3304
373 14:42:21
4,5828 4,6151
4,3590 4,3913
4,7596 4,7933
5,2964 5,3299
374 14:43:21
4,5836 4,6159
4,3610 4,3933
4,7600 4,7937
5,2969 5,3304
375 14:44:21
4,5826 4,6149
4,3588 4,3911
4,7591 4,7928
5,2946 5,3281
376 14:45:20
4,5835 4,6158
4,3622 4,3945
4,7595 4,7932
5,2960 5,3295
377 14:46:20
4,5826 4,6151
4,3644 4,3967
4,7592 4,7929
5,2950 5,3285
378 14:47:21
4,5840 4,6165
4,3649 4,3972
4,7606 4,7943
5,2955 5,3290
379 14:48:21
4,5837 4,6162
4,3659 4,3982
4,7621 4,7958
5,2960 5,3295
380 14:49:21
4,5832 4,6157
4,3659 4,3982
4,7618 4,7955
5,2961 5,3296
381 14:50:20
4,5835 4,6160
4,3685 4,4008
4,7629 4,7966
5,2973 5,3308
382 14:51:20
4,5833 4,6157
4,3692 4,4015
4,7629 4,7966
5,2959 5,3294
383 14:52:21
4,5838 4,6162
4,3722 4,4045
4,7644 4,7981
5,2983 5,3318
384 14:53:21
4,5836 4,6160
4,3722 4,4045
4,7639 4,7976
5,2976 5,3311
385 14:54:21
4,5845 4,6169
4,3714 4,4037
4,7644 4,7981
5,2957 5,3292
386 14:55:20
4,5834 4,6158
4,3678 4,4001
4,7630 4,7967
5,2972 5,3307
387 14:56:20
4,5843 4,6166
4,3686 4,4009
4,7630 4,7967
5,2975 5,3310
388 14:57:21
4,5837 4,6160
4,3696 4,4019
4,7620 4,7957
5,2968 5,3303
389 14:58:21
4,5813 4,6136
4,3645 4,3968
4,7592 4,7929
5,2938 5,3273
390 14:59:20
4,5827 4,6150
4,3658 4,3981
4,7612 4,7949
5,2951 5,3286
391 15:00:20
4,5808 4,6131
4,3646 4,3969
4,7591 4,7928
5,2928 5,3263
392 15:01:21
4,5814 4,6138
4,3656 4,3979
4,7605 4,7941
5,2939 5,3274
393 15:02:21
4,5814 4,6138
4,3674 4,3997
4,7606 4,7942
5,2955 5,3290
394 15:03:21
4,5764 4,6088
4,3599 4,3922
4,7553 4,7889
5,2890 5,3225
395 15:04:21
4,5773 4,6097
4,3597 4,3920
4,7565 4,7901
5,2901 5,3236
396 15:05:20
4,5785 4,6109
4,3618 4,3941
4,7587 4,7923
5,2920 5,3255
397 15:06:21
4,5758 4,6083
4,3587 4,3910
4,7563 4,7900
5,2905 5,3240
398 15:07:21
4,5767 4,6092
4,3582 4,3905
4,7576 4,7913
5,2911 5,3246
399 15:08:20
4,5785 4,6110
4,3586 4,3909
4,7594 4,7931
5,2943 5,3278
400 15:09:20
4,5751 4,6076
4,3541 4,3864
4,7568 4,7905
5,2909 5,3244
401 15:10:21
4,5740 4,6065
4,3539 4,3862
4,7545 4,7882
5,2894 5,3229
402 15:11:21
4,5744 4,6069
4,3563 4,3886
4,7556 4,7893
5,2902 5,3237
403 15:12:21
4,5764 4,6089
4,3571 4,3894
4,7575 4,7912
5,2936 5,3271
404 15:13:20
4,5765 4,6090
4,3554 4,3877
4,7577 4,7914
5,2942 5,3277
405 15:14:21
4,5764 4,6089
4,3549 4,3872
4,7566 4,7903
5,2936 5,3271
406 15:15:21
4,5769 4,6094
4,3572 4,3895
4,7567 4,7904
5,2946 5,3281
407 15:16:21
4,5759 4,6082
4,3537 4,3860
4,7553 4,7890
5,2934 5,3269
408 15:17:21
4,5730 4,6053
4,3491 4,3814
4,7521 4,7858
5,2888 5,3223
409 15:18:22
4,5735 4,6058
4,3493 4,3816
4,7524 4,7861
5,2886 5,3221
410 15:19:21
4,5736 4,6059
4,3502 4,3825
4,7526 4,7863
5,2885 5,3220
411 15:20:21
4,5716 4,6039
4,3479 4,3802
4,7510 4,7847
5,2859 5,3194
412 15:21:21
4,5702 4,6025
4,3458 4,3781
4,7508 4,7845
5,2860 5,3195
413 15:22:21
4,5712 4,6035
4,3468 4,3791
4,7517 4,7854
5,2864 5,3199
414 15:23:21
4,5731 4,6054
4,3475 4,3798
4,7536 4,7873
5,2879 5,3214
415 15:24:20
4,5728 4,6051
4,3476 4,3799
4,7547 4,7884
5,2897 5,3232
416 15:25:21
4,5707 4,6030
4,3442 4,3765
4,7524 4,7861
5,2873 5,3208
417 15:26:21
4,5723 4,6048
4,3460 4,3783
4,7533 4,7869
5,2897 5,3232
418 15:27:21
4,5739 4,6064
4,3506 4,3829
4,7538 4,7874
5,2912 5,3247
419 15:28:21
4,5734 4,6059
4,3504 4,3827
4,7540 4,7876
5,2903 5,3238
420 15:29:20
4,5740 4,6065
4,3509 4,3832
4,7531 4,7867
5,2912 5,3247
421 15:30:21
4,5738 4,6063
4,3516 4,3839
4,7539 4,7875
5,2920 5,3255
422 15:31:21
4,5721 4,6046
4,3499 4,3822
4,7517 4,7854
5,2898 5,3233
423 15:32:21
4,5720 4,6045
4,3480 4,3803
4,7487 4,7824
5,2895 5,3230
424 15:33:21
4,5719 4,6044
4,3485 4,3808
4,7482 4,7819
5,2903 5,3238
425 15:34:21
4,5710 4,6035
4,3479 4,3802
4,7474 4,7811
5,2899 5,3234
426 15:35:20
4,5710 4,6035
4,3494 4,3817
4,7477 4,7814
5,2900 5,3235
427 15:36:20
4,5755 4,6078
4,3540 4,3863
4,7528 4,7865
5,2945 5,3280
428 15:37:21
4,5747 4,6070
4,3518 4,3841
4,7528 4,7865
5,2941 5,3276
429 15:38:21
4,5752 4,6075
4,3539 4,3862
4,7529 4,7866
5,2935 5,3270
430 15:39:21
4,5755 4,6078
4,3546 4,3869
4,7542 4,7879
5,2938 5,3273
431 15:40:20
4,5747 4,6070
4,3548 4,3871
4,7533 4,7870
5,2923 5,3258
432 15:41:20
4,5771 4,6095
4,3589 4,3912
4,7561 4,7898
5,2949 5,3284
433 15:42:21
4,5785 4,6109
4,3582 4,3905
4,7572 4,7909
5,2956 5,3291
434 15:43:21
4,5747 4,6071
4,3520 4,3843
4,7539 4,7876
5,2909 5,3244
435 15:44:20
4,5748 4,6072
4,3529 4,3852
4,7540 4,7877
5,2906 5,3241
436 15:45:20
4,5736 4,6060
4,3510 4,3833
4,7530 4,7867
5,2890 5,3225
437 15:46:21
4,5731 4,6056
4,3493 4,3816
4,7523 4,7859
5,2886 5,3221
438 15:47:21
4,5735 4,6060
4,3502 4,3825
4,7529 4,7865
5,2891 5,3226
439 15:48:21
4,5724 4,6049
4,3499 4,3822
4,7519 4,7855
5,2885 5,3220
440 15:49:21
4,5721 4,6046
4,3508 4,3831
4,7524 4,7860
5,2878 5,3213
441 15:50:21
4,5726 4,6051
4,3539 4,3862
4,7531 4,7867
5,2883 5,3218
442 15:51:21
4,5731 4,6054
4,3534 4,3857
4,7526 4,7862
5,2883 5,3218
443 15:52:21
4,5730 4,6053
4,3524 4,3847
4,7521 4,7857
5,2879 5,3214
444 15:53:20
4,5734 4,6057
4,3546 4,3869
4,7507 4,7843
5,2882 5,3217
445 15:54:21
4,5729 4,6052
4,3529 4,3852
4,7500 4,7836
5,2884 5,3219
446 15:55:21
4,5731 4,6054
4,3525 4,3848
4,7504 4,7840
5,2889 5,3224
447 15:56:21
4,5738 4,6061
4,3550 4,3873
4,7514 4,7850
5,2899 5,3234
448 15:57:21
4,5727 4,6050
4,3546 4,3869
4,7512 4,7848
5,2888 5,3223
449 15:58:20
4,5729 4,6052
4,3529 4,3852
4,7492 4,7828
5,2887 5,3222
450 15:59:20
4,5721 4,6044
4,3511 4,3834
4,7489 4,7825
5,2889 5,3224
451 16:00:21
4,5722 4,6045
4,3497 4,3820
4,7488 4,7824
5,2885 5,3220
452 16:01:21
4,5711 4,6034
4,3473 4,3796
4,7479 4,7815
5,2875 5,3210
453 16:02:21
4,5720 4,6043
4,3496 4,3819
4,7483 4,7819
5,2889 5,3224
454 16:03:21
4,5714 4,6037
4,3481 4,3804
4,7479 4,7815
5,2890 5,3225
455 16:04:20
4,5717 4,6040
4,3493 4,3816
4,7475 4,7811
5,2888 5,3223
456 16:05:20
4,5719 4,6042
4,3487 4,3810
4,7477 4,7813
5,2897 5,3232
457 16:06:21
4,5720 4,6043
4,3485 4,3808
4,7482 4,7818
5,2916 5,3251
458 16:07:21
4,5733 4,6056
4,3510 4,3833
4,7501 4,7837
5,2937 5,3272
459 16:08:21
4,5722 4,6045
4,3523 4,3846
4,7493 4,7829
5,2901 5,3236
460 16:09:20
4,5728 4,6051
4,3509 4,3832
4,7499 4,7835
5,2907 5,3242
461 16:10:21
4,5730 4,6053
4,3512 4,3835
4,7496 4,7832
5,2921 5,3256
462 16:11:21
4,5728 4,6053
4,3509 4,3832
4,7490 4,7826
5,2911 5,3246
463 16:12:21
4,5726 4,6051
4,3505 4,3828
4,7493 4,7829
5,2905 5,3240
464 16:13:21
4,5734 4,6059
4,3502 4,3825
4,7503 4,7839
5,2925 5,3260
465 16:14:21
4,5709 4,6034
4,3463 4,3786
4,7480 4,7816
5,2910 5,3245
466 16:15:20
4,5732 4,6057
4,3493 4,3816
4,7505 4,7841
5,2941 5,3276
467 16:16:20
4,5732 4,6055
4,3493 4,3816
4,7506 4,7842
5,2939 5,3274
468 16:17:21
4,5732 4,6055
4,3495 4,3818
4,7508 4,7844
5,2930 5,3265
469 16:18:21
4,5742 4,6065
4,3500 4,3823
4,7523 4,7859
5,2935 5,3270
470 16:19:20
4,5730 4,6053
4,3477 4,3800
4,7511 4,7847
5,2919 5,3254
471 16:20:20
4,5728 4,6051
4,3481 4,3804
4,7501 4,7837
5,2919 5,3254
472 16:21:21
4,5730 4,6053
4,3493 4,3816
4,7508 4,7844
5,2919 5,3254
473 16:22:21
4,5728 4,6051
4,3477 4,3800
4,7509 4,7845
5,2919 5,3254
474 16:23:21
4,5738 4,6061
4,3473 4,3796
4,7509 4,7845
5,2933 5,3268
475 16:24:20
4,5725 4,6048
4,3447 4,3770
4,7510 4,7846
5,2932 5,3267
476 16:25:20
4,5703 4,6026
4,3409 4,3732
4,7490 4,7826
5,2907 5,3242
477 16:26:21
4,5722 4,6047
4,3420 4,3743
4,7493 4,7829
5,2935 5,3270
478 16:27:21
4,5716 4,6041
4,3403 4,3726
4,7486 4,7822
5,2933 5,3268
479 16:28:21
4,5706 4,6031
4,3415 4,3738
4,7473 4,7809
5,2921 5,3256
480 16:29:20
4,5706 4,6031
4,3406 4,3729
4,7473 4,7809
5,2912 5,3247
481 16:30:21
4,5703 4,6028
4,3389 4,3712
4,7467 4,7803
5,2911 5,3246
482 16:31:20
4,5698 4,6023
4,3359 4,3682
4,7453 4,7789
5,2897 5,3232
483 16:32:20
4,5685 4,6010
4,3318 4,3641
4,7431 4,7767
5,2869 5,3204
484 16:33:21
4,5690 4,6015
4,3326 4,3649
4,7441 4,7777
5,2873 5,3208
485 16:34:21
4,5684 4,6009
4,3319 4,3642
4,7431 4,7767
5,2856 5,3191
486 16:35:21
4,5683 4,6008
4,3315 4,3638
4,7436 4,7772
5,2854 5,3189
487 16:36:21
4,5680 4,6005
4,3312 4,3635
4,7435 4,7771
5,2852 5,3187
488 16:37:21
4,5678 4,6003
4,3312 4,3635
4,7428 4,7764
5,2853 5,3188
489 16:38:21
4,5677 4,6002
4,3326 4,3649
4,7432 4,7768
5,2859 5,3194
490 16:39:20
4,5676 4,6001
4,3291 4,3614
4,7428 4,7764
5,2859 5,3194
491 16:40:20
4,5677 4,6002
4,3282 4,3605
4,7427 4,7763
5,2864 5,3199
492 16:41:20
4,5661 4,5986
4,3273 4,3596
4,7417 4,7753
5,2844 5,3179
493 16:42:20
4,5684 4,6009
4,3288 4,3611
4,7431 4,7767
5,2863 5,3198
494 16:43:21
4,5674 4,5999
4,3292 4,3615
4,7424 4,7760
5,2855 5,3190
495 16:44:21
4,5669 4,5994
4,3281 4,3604
4,7415 4,7751
5,2848 5,3183
496 16:45:21
4,5665 4,5990
4,3277 4,3600
4,7407 4,7743
5,2841 5,3176
497 16:46:21
4,5667 4,5992
4,3272 4,3595
4,7424 4,7760
5,2852 5,3187
498 16:47:20
4,5659 4,5984
4,3285 4,3608
4,7415 4,7751
5,2836 5,3171
499 16:48:20
4,5663 4,5988
4,3288 4,3611
4,7425 4,7761
5,2829 5,3164
500 16:49:21
4,5660 4,5985
4,3287 4,3610
4,7420 4,7756
5,2847 5,3182
501 16:50:21
4,5677 4,6002
4,3315 4,3638
4,7420 4,7756
5,2864 5,3199
502 16:51:21
4,5676 4,6001
4,3325 4,3648
4,7421 4,7757
5,2854 5,3189
503 16:52:21
4,5681 4,6006
4,3344 4,3667
4,7426 4,7762
5,2855 5,3190
504 16:53:21
4,5679 4,6004
4,3340 4,3663
4,7408 4,7744
5,2850 5,3185
505 16:54:21
4,5679 4,6004
4,3348 4,3671
4,7399 4,7735
5,2858 5,3193
506 16:55:21
4,5678 4,6003
4,3351 4,3674
4,7398 4,7734
5,2859 5,3194
507 16:56:20
4,5692 4,6017
4,3357 4,3680
4,7411 4,7747
5,2876 5,3211
508 16:57:20
4,5689 4,6014
4,3368 4,3691
4,7413 4,7749
5,2872 5,3207
509 16:58:21
4,5680 4,6005
4,3355 4,3678
4,7406 4,7742
5,2847 5,3182
510 16:59:21
4,5690 4,6015
4,3359 4,3682
4,7426 4,7762
5,2866 5,3201
511 17:00:21
4,5679 4,6004
4,3352 4,3675
4,7424 4,7760
5,2859 5,3194
512 17:01:21
4,5681 4,6006
4,3350 4,3673
4,7431 4,7767
5,2864 5,3199
513 17:02:21
4,5682 4,6007
4,3357 4,3680
4,7435 4,7771
5,2866 5,3201
514 17:03:20
4,5680 4,6005
4,3337 4,3660
4,7438 4,7774
5,2868 5,3203
515 17:04:20
4,5694 4,6019
4,3358 4,3681
4,7452 4,7788
5,2877 5,3212
516 17:05:21
4,5678 4,6003
4,3312 4,3635
4,7435 4,7771
5,2865 5,3200
517 17:06:21
4,5689 4,6014
4,3316 4,3639
4,7444 4,7780
5,2875 5,3210
518 17:07:21
4,5697 4,6022
4,3322 4,3645
4,7455 4,7791
5,2882 5,3217
519 17:08:20
4,5701 4,6026
4,3330 4,3653
4,7456 4,7792
5,2881 5,3216
520 17:09:20
4,5701 4,6026
4,3323 4,3646
4,7451 4,7787
5,2876 5,3211
521 17:10:21
4,5697 4,6022
4,3306 4,3629
4,7453 4,7789
5,2872 5,3207
522 17:11:21
4,5702 4,6027
4,3306 4,3629
4,7448 4,7784
5,2870 5,3205
523 17:12:20
4,5696 4,6021
4,3301 4,3624
4,7447 4,7783
5,2867 5,3202
524 17:13:20
4,5671 4,5996
4,3269 4,3592
4,7423 4,7759
5,2843 5,3178
525 17:14:21
4,5651 4,5976
4,3223 4,3546
4,7405 4,7741
5,2814 5,3149
526 17:15:21
4,5646 4,5971
4,3218 4,3541
4,7403 4,7739
5,2811 5,3146
527 17:16:21
4,5644 4,5969
4,3210 4,3533
4,7396 4,7732
5,2808 5,3143
528 17:17:20
4,5649 4,5974
4,3226 4,3549
4,7397 4,7733
5,2819 5,3154
529 17:18:20
4,5649 4,5974
4,3214 4,3537
4,7392 4,7728
5,2813 5,3148
530 17:19:21
4,5664 4,5989
4,3218 4,3541
4,7408 4,7744
5,2828 5,3163
531 17:20:21
4,5646 4,5971
4,3210 4,3533
4,7389 4,7725
5,2794 5,3129
532 17:21:21
4,5649 4,5974
4,3221 4,3544
4,7403 4,7739
5,2807 5,3142
533 17:22:20
4,5651 4,5976
4,3215 4,3538
4,7402 4,7738
5,2810 5,3145
534 17:23:20
4,5625 4,5950
4,3178 4,3501
4,7374 4,7710
5,2780 5,3115
535 17:24:21
4,5616 4,5941
4,3163 4,3486
4,7374 4,7710
5,2769 5,3104
536 17:25:21
4,5616 4,5941
4,3130 4,3453
4,7365 4,7701
5,2766 5,3101
537 17:26:20
4,5610 4,5935
4,3122 4,3445
4,7360 4,7696
5,2762 5,3097
538 17:27:20
4,5611 4,5936
4,3101 4,3424
4,7362 4,7698
5,2763 5,3098
539 17:28:21
4,5623 4,5948
4,3112 4,3435
4,7376 4,7712
5,2787 5,3122
540 17:29:21
4,5617 4,5942
4,3073 4,3396
4,7369 4,7705
5,2773 5,3108
541 17:30:21
4,5620 4,5945
4,3087 4,3410
4,7358 4,7694
5,2777 5,3112
542 17:31:21
4,5619 4,5944
4,3082 4,3405
4,7367 4,7703
5,2773 5,3108
543 17:32:20
4,5613 4,5938
4,3090 4,3413
4,7377 4,7713
5,2769 5,3104
544 17:33:20
4,5611 4,5936
4,3068 4,3391
4,7372 4,7708
5,2770 5,3105
545 17:34:21
4,5615 4,5940
4,3090 4,3413
4,7382 4,7718
5,2786 5,3121
546 17:35:21
4,5620 4,5945
4,3083 4,3406
4,7383 4,7719
5,2787 5,3122
547 17:36:21
4,5623 4,5948
4,3098 4,3421
4,7393 4,7729
5,2798 5,3133
548 17:37:21
4,5621 4,5946
4,3069 4,3392
4,7376 4,7712
5,2809 5,3144
549 17:38:20
4,5621 4,5946
4,3076 4,3399
4,7384 4,7720
5,2803 5,3138
550 17:39:20
4,5621 4,5946
4,3065 4,3388
4,7384 4,7720
5,2803 5,3138
551 17:40:21
4,5618 4,5943
4,3067 4,3390
4,7391 4,7727
5,2796 5,3131
552 17:41:21
4,5612 4,5937
4,3043 4,3366
4,7399 4,7735
5,2798 5,3133
553 17:42:21
4,5600 4,5925
4,3029 4,3352
4,7396 4,7732
5,2775 5,3110
554 17:43:20
4,5599 4,5924
4,3029 4,3352
4,7390 4,7726
5,2771 5,3106
555 17:44:21
4,5599 4,5924
4,3029 4,3354
4,7400 4,7736
5,2770 5,3105
556 17:45:21
4,5601 4,5926
4,3051 4,3374
4,7383 4,7719
5,2773 5,3108
557 17:46:21
4,5605 4,5930
4,3072 4,3398
4,7400 4,7736
5,2778 5,3113
558 17:47:21
4,5605 4,5930
4,3067 4,3392
4,7406 4,7742
5,2777 5,3112
559 17:48:21
4,5605 4,5930
4,3063 4,3386
4,7407 4,7743
5,2775 5,3110
560 17:49:21
4,5605 4,5930
4,3043 4,3368
4,7409 4,7745
5,2775 5,3110
561 17:50:21
4,5602 4,5927
4,3035 4,3358
4,7399 4,7735
5,2768 5,3103
562 17:51:20
4,5604 4,5929
4,3052 4,3375
4,7396 4,7732
5,2771 5,3106
563 17:52:20
4,5605 4,5930
4,3051 4,3376
4,7393 4,7729
5,2774 5,3109
564 17:53:21
4,5609 4,5934
4,3042 4,3367
4,7385 4,7721
5,2776 5,3111
565 17:54:21
4,5611 4,5936
4,3050 4,3373
4,7388 4,7724
5,2779 5,3114
566 17:55:21
4,5611 4,5936
4,3049 4,3374
4,7388 4,7724
5,2782 5,3117
567 17:56:21
4,5613 4,5938
4,3044 4,3368
4,7390 4,7726
5,2784 5,3119
568 17:57:21
4,5613 4,5938
4,3046 4,3371
4,7377 4,7713
5,2784 5,3119
569 17:58:21
4,5613 4,5938
4,3042 4,3367
4,7370 4,7706
5,2782 5,3117
570 17:59:21
4,5617 4,5942
4,3060 4,3383
4,7385 4,7721
5,2792 5,3127
571 18:00:20
4,5614 4,5951
4,3055 4,3396
4,7387 4,7735
5,2781 5,3132
572 18:01:20
4,5613 4,5951
4,3065 4,3404
4,7389 4,7743
5,2787 5,3137
573 18:02:21
4,5610 4,5950
4,3050 4,3391
4,7376 4,7730
5,2777 5,3128
574 18:03:21
4,5619 4,5953
4,3081 4,3418
4,7395 4,7742
5,2798 5,3142
575 18:04:21
4,5617 4,5953
4,3079 4,3419
4,7390 4,7737
5,2797 5,3144
576 18:05:21
4,5616 4,5947
4,3078 4,3413
4,7379 4,7722
5,2797 5,3138
577 18:06:20
4,5617 4,5951
4,3083 4,3417
4,7385 4,7734
5,2803 5,3148
578 18:07:20
4,5621 4,5957
4,3091 4,3427
4,7383 4,7732
5,2809 5,3157
579 18:08:21
4,5623 4,5973
4,3088 4,3442
4,7380 4,7742
5,2804 5,3167
580 18:09:21
4,5624 4,5971
4,3081 4,3428
4,7378 4,7737
5,2810 5,3171
581 18:10:21
4,5627 4,5977
4,3086 4,3438
4,7390 4,7751
5,2816 5,3178
582 18:11:20
4,5628 4,5979
4,3109 4,3462
4,7397 4,7760
5,2812 5,3177
583 18:12:20
4,5631 4,5979
4,3115 4,3466
4,7399 4,7764
5,2819 5,3180
584 18:13:21
4,5629 4,5978
4,3114 4,3467
4,7394 4,7759
5,2812 5,3171
585 18:14:21
4,5631 4,5979
4,3119 4,3470
4,7394 4,7759
5,2810 5,3171
586 18:15:21
4,5628 4,5977
4,3118 4,3471
4,7397 4,7758
5,2806 5,3168
587 18:16:21
4,5629 4,5980
4,3124 4,3478
4,7393 4,7756
5,2806 5,3169
588 18:17:20
4,5630 4,5980
4,3124 4,3474
4,7396 4,7758
5,2812 5,3175
589 18:18:20
4,5629 4,5981
4,3126 4,3481
4,7391 4,7759
5,2816 5,3178
590 18:19:21
4,5626 4,5971
4,3124 4,3473
4,7395 4,7756
5,2816 5,3174
591 18:20:21
4,5627 4,5973
4,3129 4,3478
4,7394 4,7756
5,2812 5,3172
592 18:21:21
4,5626 4,5978
4,3132 4,3488
4,7393 4,7757
5,2815 5,3180
593 18:22:20
4,5628 4,5975
4,3130 4,3481
4,7397 4,7756
5,2811 5,3174
594 18:23:20
4,5627 4,5971
4,3136 4,3482
4,7389 4,7749
5,2808 5,3165
595 18:24:21
4,5624 4,5969
4,3134 4,3483
4,7387 4,7747
5,2800 5,3157
596 18:25:21
4,5622 4,5971
4,3129 4,3481
4,7381 4,7746
5,2799 5,3161
597 18:26:21
4,5621 4,5972
4,3129 4,3479
4,7380 4,7747
5,2798 5,3162
598 18:27:21
4,5623 4,5975
4,3112 4,3465
4,7381 4,7750
5,2799 5,3165
599 18:28:21
4,5620 4,5975
4,3111 4,3469
4,7374 4,7741
5,2796 5,3165
600 18:29:20
4,5621 4,5975
4,3110 4,3467
4,7368 4,7735
5,2803 5,3171
601 18:31:20
4,5621 4,5979
4,3114 4,3475
4,7364 4,7739
5,2803 5,3175
602 18:32:20
4,5624 4,5980
4,3113 4,3472
4,7362 4,7734
5,2793 5,3164
603 18:33:21
4,5618 4,5978
4,3103 4,3466
4,7353 4,7727
5,2786 5,3161
604 18:34:21
4,5620 4,5977
4,3111 4,3471
4,7353 4,7725
5,2796 5,3167
605 18:35:21
4,5614 4,5979
4,3117 4,3483
4,7354 4,7734
5,2788 5,3169
606 18:36:21
4,5619 4,5978
4,3118 4,3480
4,7368 4,7739
5,2795 5,3174
607 19:15:21
4,5590 4,5957
4,3062 4,3428
4,7329 4,7712
5,2748 5,3129
608 19:16:21
4,5590 4,5958
4,3064 4,3435
4,7326 4,7708
5,2742 5,3126
609 19:17:21
4,5591 4,5957
4,3069 4,3434
4,7332 4,7711
5,2749 5,3130
610 19:18:21
4,5590 4,5958
4,3064 4,3435
4,7321 4,7701
5,2742 5,3126
611 19:19:21
4,5589 4,5957
4,3067 4,3438
4,7321 4,7702
5,2744 5,3125
612 19:20:20
4,5590 4,5956
4,3060 4,3429
4,7317 4,7699
5,2742 5,3124
613 19:21:20
4,5590 4,5956
4,3056 4,3421
4,7317 4,7700
5,2742 5,3124
614 19:22:20
4,5589 4,5956
4,3057 4,3427
4,7326 4,7710
5,2748 5,3131
615 19:23:21
4,5588 4,5954
4,3046 4,3411
4,7319 4,7697
5,2739 5,3120
616 19:24:21
4,5588 4,5954
4,3046 4,3411
4,7315 4,7698
5,2740 5,3122
617 19:25:21
4,5586 4,5951
4,3045 4,3409
4,7308 4,7690
5,2735 5,3114
618 19:26:21
4,5589 4,5951
4,3043 4,3408
4,7316 4,7691
5,2742 5,3122
619 19:27:21
4,5589 4,5951
4,3045 4,3409
4,7315 4,7689
5,2748 5,3124
620 19:28:20
4,5579 4,5948
4,3031 4,3403
4,7301 4,7687
5,2730 5,3115
621 19:29:20
4,5581 4,5949
4,3035 4,3406
4,7305 4,7688
5,2732 5,3116
622 19:30:21
4,5581 4,5946
4,3049 4,3416
4,7319 4,7696
5,2738 5,3119
623 19:31:21
4,5581 4,5946
4,3049 4,3416
4,7319 4,7696
5,2738 5,3119
624 19:32:21
4,5580 4,5945
4,3048 4,3415
4,7318 4,7695
5,2743 5,3119
625 19:33:20
4,5581 4,5946
4,3058 4,3426
4,7319 4,7700
5,2744 5,3125
626 19:34:20
4,5581 4,5946
4,3054 4,3422
4,7313 4,7695
5,2738 5,3119
627 19:35:21
4,5580 4,5945
4,3052 4,3416
4,7312 4,7690
5,2737 5,3118
628 19:36:21
4,5573 4,5953
4,3049 4,3427
4,7303 4,7701
5,2729 5,3127
629 19:37:21
4,5581 4,5945
4,3060 4,3427
4,7313 4,7694
5,2732 5,3118
630 19:38:21
4,5581 4,5946
4,3066 4,3434
4,7312 4,7690
5,2733 5,3113
631 19:39:20
4,5584 4,5947
4,3065 4,3431
4,7317 4,7692
5,2737 5,3115
632 19:40:20
4,5583 4,5947
4,3062 4,3429
4,7312 4,7690
5,2740 5,3120
633 19:41:20
4,5579 4,5946
4,3060 4,3430
4,7312 4,7691
5,2730 5,3119
634 19:42:21
4,5580 4,5945
4,3065 4,3433
4,7313 4,7690
5,2737 5,3118
635 19:43:21
4,5584 4,5948
4,3071 4,3434
4,7320 4,7696
5,2741 5,3120
636 19:44:20
4,5583 4,5946
4,3072 4,3438
4,7320 4,7700
5,2748 5,3126
637 19:45:20
4,5584 4,5947
4,3079 4,3442
4,7322 4,7699
5,2743 5,3121
638 19:46:21
4,5584 4,5947
4,3081 4,3447
4,7316 4,7696
5,2743 5,3121
639 19:47:21
4,5583 4,5946
4,3072 4,3438
4,7310 4,7690
5,2740 5,3113
640 19:48:21
4,5585 4,5944
4,3074 4,3432
4,7313 4,7684
5,2731 5,3104
641 19:49:21
4,5584 4,5946
4,3067 4,3432
4,7310 4,7686
5,2728 5,3105
642 19:50:21
4,5585 4,5945
4,3068 4,3431
4,7311 4,7684
5,2723 5,3098
643 19:51:20
4,5584 4,5943
4,3065 4,3427
4,7307 4,7682
5,2724 5,3098
644 19:52:20
4,5584 4,5944
4,3059 4,3422
4,7306 4,7683
5,2716 5,3091
645 19:53:21
4,5584 4,5944
4,3063 4,3422
4,7306 4,7683
5,2716 5,3091
646 19:54:21
4,5583 4,5944
4,3064 4,3424
4,7311 4,7684
5,2717 5,3093
647 19:55:21
4,5584 4,5943
4,3065 4,3427
4,7312 4,7683
5,2724 5,3097
648 19:56:21
4,5582 4,5944
4,3057 4,3422
4,7304 4,7682
5,2720 5,3097
649 19:57:20
4,5583 4,5942
4,3064 4,3426
4,7310 4,7686
5,2723 5,3096
650 19:58:20
4,5584 4,5944
4,3055 4,3418
4,7305 4,7677
5,2722 5,3097
651 19:59:21
4,5584 4,5946
4,3056 4,3416
4,7291 4,7669
5,2722 5,3093
652 20:00:21
4,5584 4,5943
4,3052 4,3412
4,7286 4,7662
5,2718 5,3092
653 20:01:21
4,5584 4,5943
4,3044 4,3406
4,7292 4,7663
5,2718 5,3092
654 20:02:20
4,5584 4,5944
4,3047 4,3407
4,7285 4,7657
5,2716 5,3091
655 20:03:20
4,5584 4,5944
4,3038 4,3401
4,7290 4,7663
5,2710 5,3085
656 20:04:20
4,5583 4,5942
4,3037 4,3398
4,7288 4,7659
5,2710 5,3083
657 20:05:21
4,5576 4,5943
4,3028 4,3393
4,7279 4,7662
5,2702 5,3086
658 20:06:21
4,5581 4,5943
4,3031 4,3396
4,7282 4,7656
5,2707 5,3084
659 20:07:20
4,5578 4,5942
4,3030 4,3396
4,7282 4,7660
5,2710 5,3090
660 20:08:20
4,5580 4,5944
4,3030 4,3397
4,7282 4,7658
5,2712 5,3092
661 20:09:20
4,5578 4,5944
4,3028 4,3397
4,7280 4,7663
5,2710 5,3092
662 20:10:20
4,5576 4,5944
4,3032 4,3398
4,7287 4,7667
5,2714 5,3098
663 20:11:20
4,5578 4,5946
4,3022 4,3392
4,7294 4,7674
5,2716 5,3099
664 20:12:21
4,5577 4,5944
4,3021 4,3391
4,7295 4,7674
5,2715 5,3098
665 20:13:21
4,5580 4,5943
4,3020 4,3386
4,7287 4,7665
5,2720 5,3098
666 20:14:21
4,5578 4,5941
4,3026 4,3388
4,7290 4,7668
5,2718 5,3096
667 20:15:21
4,5577 4,5941
4,3019 4,3386
4,7288 4,7664
5,2721 5,3101
668 20:16:21
4,5581 4,5941
4,3027 4,3387
4,7292 4,7668
5,2714 5,3088
669 20:17:20
4,5578 4,5939
4,3022 4,3386
4,7290 4,7666
5,2711 5,3087
670 20:18:21
4,5583 4,5941
4,3038 4,3400
4,7295 4,7670
5,2721 5,3094
671 20:19:21
4,5583 4,5941
4,3042 4,3400
4,7300 4,7673
5,2721 5,3094
672 20:20:21
4,5581 4,5940
4,3036 4,3399
4,7298 4,7674
5,2721 5,3095
673 20:21:21
4,5567 4,5911
4,3019 4,3363
4,7282 4,7638
5,2704 5,3064
674 20:22:21
4,5566 4,5912
4,3018 4,3368
4,7281 4,7643
5,2701 5,3060
675 20:23:20
4,5566 4,5912
4,3020 4,3368
4,7282 4,7645
5,2709 5,3067
676 20:24:20
4,5566 4,5912
4,3014 4,3364
4,7281 4,7639
5,2707 5,3066
677 20:25:21
4,5567 4,5911
4,3015 4,3362
4,7282 4,7638
5,2702 5,3065
678 20:26:21
4,5567 4,5911
4,3011 4,3359
4,7282 4,7638
5,2704 5,3066
679 20:27:20
4,5567 4,5911
4,3015 4,3363
4,7282 4,7638
5,2710 5,3066
680 20:28:20
4,5566 4,5912
4,3006 4,3355
4,7277 4,7640
5,2715 5,3067
681 20:29:21
4,5567 4,5911
4,2999 4,3347
4,7277 4,7633
5,2710 5,3066
682 20:30:21
4,5567 4,5911
4,2995 4,3343
4,7280 4,7638
5,2710 5,3066
683 20:31:21
4,5566 4,5912
4,3002 4,3352
4,7282 4,7644
5,2715 5,3073
684 20:32:21
4,5566 4,5912
4,3000 4,3348
4,7286 4,7644
5,2714 5,3071
685 20:33:21
4,5566 4,5912
4,3002 4,3352
4,7287 4,7650
5,2714 5,3069
686 20:34:21
4,5567 4,5911
4,2999 4,3347
4,7288 4,7649
5,2716 5,3072
687 20:35:21
4,5567 4,5911
4,2999 4,3347
4,7292 4,7648
5,2716 5,3072
688 20:36:20
4,5567 4,5911
4,2991 4,3339
4,7292 4,7648
5,2716 5,3072
689 20:37:20
4,5571 4,5933
4,2997 4,3362
4,7297 4,7676
5,2720 5,3098
690 20:38:21
4,5571 4,5935
4,2993 4,3360
4,7296 4,7672
5,2716 5,3093
691 20:39:21
4,5573 4,5934
4,3000 4,3365
4,7300 4,7679
5,2724 5,3098
692 20:40:21
4,5576 4,5936
4,3002 4,3361
4,7297 4,7669
5,2721 5,3095
693 20:41:20
4,5574 4,5935
4,3002 4,3362
4,7291 4,7669
5,2719 5,3095
694 20:42:20
4,5575 4,5935
4,3001 4,3360
4,7291 4,7667
5,2718 5,3093
695 20:43:21
4,5574 4,5935
4,3002 4,3366
4,7296 4,7670
5,2721 5,3095
696 20:44:21
4,5575 4,5936
4,3008 4,3372
4,7298 4,7671
5,2720 5,3096
697 20:45:21
4,5576 4,5937
4,3008 4,3372
4,7298 4,7676
5,2721 5,3097
698 20:46:20
4,5575 4,5936
4,3003 4,3363
4,7292 4,7670
5,2720 5,3096
699 20:47:20
4,5575 4,5936
4,2999 4,3363
4,7293 4,7666
5,2714 5,3090
700 20:48:21
4,5575 4,5936
4,3006 4,3367
4,7297 4,7675
5,2714 5,3090
701 20:49:21
4,5575 4,5936
4,3011 4,3371
4,7301 4,7675
5,2714 5,3090
702 20:50:21
4,5568 4,5939
4,3000 4,3373
4,7287 4,7673
5,2705 5,3092
703 20:51:21
4,5569 4,5941
4,3009 4,3383
4,7289 4,7679
5,2705 5,3094
704 20:52:20
4,5576 4,5936
4,3019 4,3383
4,7298 4,7675
5,2713 5,3088
705 20:53:21
4,5577 4,5937
4,3024 4,3388
4,7303 4,7675
5,2714 5,3089
706 20:54:20
4,5577 4,5937
4,3028 4,3387
4,7303 4,7675
5,2714 5,3089
707 20:55:21
4,5578 4,5941
4,3030 4,3396
4,7300 4,7680
5,2720 5,3097
708 20:56:21
4,5579 4,5943
4,3035 4,3397
4,7305 4,7681
5,2723 5,3102
709 20:57:21
4,5578 4,5943
4,3034 4,3401
4,7305 4,7687
5,2716 5,3097
710 20:58:21
4,5580 4,5941
4,3036 4,3399
4,7307 4,7685
5,2726 5,3102
711 20:59:21
4,5572 4,5934
4,3023 4,3388
4,7298 4,7677
5,2721 5,3098
712 21:00:21
4,5572 4,5932
4,3019 4,3378
4,7297 4,7673
5,2708 5,3083
713 21:01:20
4,5576 4,5921
4,3033 4,3381
4,7307 4,7669
5,2721 5,3079
714 21:02:20
4,5572 4,5932
4,3027 4,3386
4,7303 4,7680
5,2721 5,3096
715 21:03:21
4,5573 4,5933
4,3028 4,3387
4,7308 4,7680
5,2722 5,3097
716 21:04:21
4,5574 4,5934
4,3029 4,3392
4,7309 4,7681
5,2717 5,3092
717 21:05:21
4,5581 4,5940
4,3040 4,3403
4,7319 4,7690
5,2727 5,3101
718 21:06:21
4,5582 4,5942
4,3038 4,3400
4,7318 4,7690
5,2728 5,3104
719 21:07:21
4,5582 4,5941
4,3034 4,3396
4,7316 4,7690
5,2728 5,3102
720 21:08:20
4,5583 4,5941
4,3034 4,3394
4,7319 4,7689
5,2727 5,3100
721 21:09:20
4,5582 4,5941
4,3030 4,3388
4,7309 4,7685
5,2722 5,3102
722 21:10:21
4,5582 4,5940
4,3028 4,3389
4,7309 4,7684
5,2721 5,3093
723 21:11:21
4,5583 4,5941
4,3038 4,3400
4,7314 4,7688
5,2727 5,3100
724 21:12:21
4,5584 4,5946
4,3046 4,3411
4,7314 4,7692
5,2728 5,3105
725 21:13:21
4,5584 4,5946
4,3042 4,3407
4,7311 4,7690
5,2736 5,3106
726 21:14:21
4,5582 4,5944
4,3045 4,3410
4,7309 4,7688
5,2734 5,3110
727 21:15:21
4,5581 4,5943
4,3037 4,3397
4,7302 4,7680
5,2733 5,3103
728 21:16:20
4,5581 4,5943
4,3037 4,3401
4,7303 4,7682
5,2731 5,3102
729 21:17:20
4,5582 4,5944
4,3036 4,3401
4,7304 4,7683
5,2732 5,3103
730 21:18:20
4,5580 4,5943
4,3040 4,3402
4,7306 4,7682
5,2731 5,3104
731 21:19:21
4,5581 4,5943
4,3041 4,3401
4,7303 4,7682
5,2731 5,3102
732 21:20:21
4,5581 4,5943
4,3035 4,3400
4,7303 4,7681
5,2731 5,3102
733 21:21:21
4,5582 4,5944
4,3040 4,3401
4,7309 4,7688
5,2732 5,3109
734 21:22:21
4,5582 4,5944
4,3038 4,3400
4,7309 4,7688
5,2732 5,3109
735 21:23:20
4,5582 4,5944
4,3032 4,3393
4,7309 4,7688
5,2732 5,3103
736 21:25:20
4,5582 4,5944
4,3028 4,3393
4,7304 4,7683
5,2732 5,3103
737 21:26:20
4,5582 4,5944
4,3024 4,3389
4,7309 4,7688
5,2732 5,3109
738 21:27:21
4,5580 4,5943
4,3028 4,3390
4,7307 4,7687
5,2732 5,3110
739 21:28:21
4,5581 4,5944
4,3029 4,3391
4,7303 4,7683
5,2727 5,3104
740 21:29:21
4,5580 4,5943
4,3028 4,3390
4,7308 4,7683
5,2732 5,3110
741 21:30:21
4,5571 4,5936
4,3015 4,3379
4,7291 4,7673
5,2717 5,3092
742 21:31:20
4,5572 4,5935
4,3008 4,3374
4,7289 4,7669
5,2717 5,3095
743 21:32:20
4,5572 4,5935
4,3012 4,3377
4,7289 4,7669
5,2717 5,3095
744 21:33:21
4,5570 4,5942
4,3014 4,3384
4,7285 4,7675
5,2712 5,3102
745 21:34:21
4,5569 4,5938
4,3017 4,3388
4,7286 4,7673
5,2712 5,3097
746 21:35:21
4,5570 4,5939
4,3018 4,3389
4,7282 4,7668
5,2713 5,3098
747 21:36:21
4,5573 4,5937
4,3020 4,3387
4,7289 4,7666
5,2716 5,3101
748 21:37:21
4,5572 4,5937
4,3018 4,3384
4,7289 4,7672
5,2717 5,3096
749 21:38:21
4,5576 4,5940
4,3018 4,3385
4,7292 4,7672
5,2719 5,3098
750 21:39:21
4,5583 4,5947
4,3025 4,3392
4,7295 4,7676
5,2728 5,3108
751 21:40:21
4,5582 4,5947
4,3022 4,3386
4,7291 4,7672
5,2727 5,3108
752 21:41:21
4,5584 4,5948
4,3026 4,3393
4,7296 4,7673
5,2729 5,3109
753 21:42:21
4,5582 4,5946
4,3024 4,3387
4,7289 4,7670
5,2726 5,3105
754 21:43:21
4,5581 4,5946
4,3029 4,3397
4,7288 4,7670
5,2726 5,3107
755 21:44:20
4,5583 4,5947
4,3029 4,3396
4,7290 4,7671
5,2728 5,3108
756 21:45:21
4,5583 4,5947
4,3029 4,3392
4,7290 4,7671
5,2728 5,3108
757 21:46:21
4,5581 4,5946
4,3025 4,3393
4,7294 4,7671
5,2726 5,3107
758 21:47:21
4,5580 4,5945
4,3020 4,3388
4,7293 4,7670
5,2726 5,3106
759 21:48:21
4,5581 4,5945
4,3019 4,3386
4,7293 4,7670
5,2720 5,3100
760 21:49:21
4,5576 4,5939
4,3012 4,3377
4,7288 4,7668
5,2719 5,3099
761 21:50:21
4,5574 4,5936
4,3013 4,3376
4,7286 4,7665
5,2717 5,3094
762 21:51:21
4,5569 4,5933
4,3008 4,3375
4,7280 4,7657
5,2711 5,3090
763 21:52:21
4,5570 4,5936
4,3014 4,3382
4,7282 4,7669
5,2712 5,3093
764 21:53:21
4,5571 4,5936
4,3028 4,3392
4,7288 4,7671
5,2716 5,3096
765 21:54:21
4,5570 4,5936
4,3027 4,3395
4,7291 4,7670
5,2713 5,3094
766 21:55:20
4,5569 4,5934
4,3026 4,3394
4,7285 4,7663
5,2706 5,3087
767 21:56:20
4,5570 4,5933
4,3023 4,3389
4,7287 4,7668
5,2708 5,3086
768 21:57:21
4,5571 4,5936
4,3028 4,3396
4,7293 4,7674
5,2708 5,3089
769 21:58:20
4,5569 4,5934
4,3029 4,3396
4,7291 4,7674
5,2706 5,3087
770 21:59:21
4,5570 4,5934
4,3029 4,3396
4,7296 4,7677
5,2713 5,3093
771 22:00:21
4,5574 4,5934
4,3035 4,3397
4,7304 4,7676
5,2712 5,3086
772 22:01:21
4,5571 4,5932
4,3036 4,3400
4,7298 4,7677
5,2709 5,3091
773 22:02:20
4,5570 4,5936
4,3041 4,3406
4,7301 4,7680
5,2711 5,3094
774 22:03:20
4,5570 4,5935
4,3043 4,3411
4,7301 4,7683
5,2713 5,3094
775 22:04:21
4,5570 4,5936
4,3037 4,3406
4,7296 4,7679
5,2707 5,3089
776 22:05:21
4,5569 4,5936
4,3042 4,3408
4,7300 4,7681
5,2706 5,3089
777 22:06:21
4,5571 4,5936
4,3044 4,3412
4,7297 4,7679
5,2708 5,3089
778 22:07:21
4,5569 4,5936
4,3042 4,3412
4,7300 4,7681
5,2707 5,3089
779 22:08:21
4,5568 4,5939
4,3041 4,3415
4,7300 4,7689
5,2705 5,3086
780 22:09:20
4,5568 4,5939
4,3049 4,3419
4,7299 4,7687
5,2703 5,3090
781 22:10:20
4,5570 4,5940
4,3045 4,3418
4,7300 4,7688
5,2700 5,3087
782 22:11:21
4,5568 4,5941
4,3045 4,3421
4,7292 4,7681
5,2700 5,3090
783 22:12:21
4,5568 4,5942
4,3045 4,3421
4,7288 4,7680
5,2699 5,3089
784 22:13:21
4,5571 4,5940
4,3052 4,3424
4,7298 4,7685
5,2708 5,3087
785 22:14:21
4,5572 4,5940
4,3051 4,3422
4,7298 4,7687
5,2708 5,3094
786 22:15:21
4,5572 4,5940
4,3051 4,3422
4,7303 4,7688
5,2709 5,3093
787 22:16:20
4,5572 4,5940
4,3061 4,3427
4,7302 4,7688
5,2709 5,3093
788 22:17:21
4,5568 4,5944
4,3053 4,3430
4,7299 4,7692
5,2705 5,3102
789 22:18:21
4,5572 4,5940
4,3061 4,3427
4,7302 4,7688
5,2709 5,3093
790 22:19:21
4,5564 4,5947
4,3054 4,3438
4,7293 4,7696
5,2699 5,3102
791 22:20:21
4,5572 4,5940
4,3061 4,3431
4,7302 4,7688
5,2709 5,3093
792 22:21:21
4,5572 4,5940
4,3061 4,3427
4,7308 4,7689
5,2709 5,3093
793 22:22:21
4,5570 4,5940
4,3055 4,3427
4,7306 4,7689
5,2707 5,3093
794 22:23:20
4,5571 4,5939
4,3056 4,3426
4,7301 4,7687
5,2702 5,3092
795 22:24:20
4,5571 4,5939
4,3056 4,3426
4,7301 4,7687
5,2702 5,3086
796 22:25:21
4,5569 4,5938
4,3054 4,3425
4,7296 4,7683
5,2700 5,3085
797 22:26:21
4,5572 4,5940
4,3055 4,3422
4,7299 4,7684
5,2703 5,3087
798 22:27:21
4,5572 4,5940
4,3051 4,3422
4,7297 4,7683
5,2703 5,3087
799 22:28:20
4,5569 4,5943
4,3050 4,3426
4,7294 4,7686
5,2699 5,3090
800 22:29:20
4,5568 4,5944
4,3049 4,3427
4,7294 4,7693
5,2692 5,3092
801 22:30:20
4,5566 4,5945
4,3049 4,3433
4,7302 4,7694
5,2690 5,3093
802 22:31:21
4,5567 4,5944
4,3048 4,3427
4,7298 4,7698
5,2693 5,3093
803 22:32:21
4,5567 4,5944
4,3044 4,3423
4,7294 4,7699
5,2685 5,3086
804 22:33:21
4,5567 4,5944
4,3048 4,3427
4,7294 4,7699
5,2686 5,3092
805 22:34:21
4,5567 4,5944
4,3048 4,3427
4,7294 4,7699
5,2687 5,3093
806 22:35:21
4,5568 4,5943
4,3045 4,3423
4,7295 4,7696
5,2694 5,3092
807 22:36:21
4,5566 4,5945
4,3047 4,3428
4,7297 4,7699
5,2698 5,3094
808 22:37:20
4,5567 4,5944
4,3045 4,3421
4,7298 4,7698
5,2692 5,3092
809 22:38:20
4,5567 4,5944
4,3044 4,3423
4,7298 4,7698
5,2693 5,3099
810 22:39:21
4,5548 4,5945
4,3027 4,3425
4,7279 4,7700
5,2680 5,3098
811 22:40:21
4,5548 4,5946
4,3025 4,3428
4,7283 4,7700
5,2679 5,3102
812 22:41:21
4,5548 4,5946
4,3025 4,3428
4,7283 4,7700
5,2679 5,3097
813 22:42:20
4,5566 4,5943
4,3043 4,3422
4,7304 4,7703
5,2698 5,3097
814 22:43:20
4,5568 4,5943
4,3045 4,3423
4,7304 4,7702
5,2694 5,3098
815 22:44:20
4,5571 4,5940
4,3048 4,3420
4,7312 4,7694
5,2696 5,3087
816 22:45:21
4,5568 4,5943
4,3044 4,3425
4,7305 4,7698
5,2694 5,3092
817 22:46:21
4,5568 4,5943
4,3045 4,3427
4,7304 4,7702
5,2694 5,3098
818 22:47:21
4,5571 4,5940
4,3048 4,3420
4,7308 4,7699
5,2697 5,3095
819 22:48:21
4,5568 4,5943
4,3049 4,3430
4,7305 4,7698
5,2700 5,3104
820 22:49:21
4,5571 4,5940
4,3056 4,3428
4,7302 4,7698
5,2709 5,3107
821 22:50:20
4,5567 4,5944
4,3056 4,3435
4,7294 4,7699
5,2705 5,3111
822 22:51:20
4,5569 4,5942
4,3054 4,3433
4,7296 4,7697
5,2701 5,3109
823 22:52:20
4,5568 4,5943
4,3049 4,3430
4,7295 4,7698
5,2695 5,3103
824 22:53:21
4,5571 4,5947
4,3055 4,3433
4,7294 4,7698
5,2696 5,3105
825 22:54:21
4,5571 4,5940
4,3056 4,3428
4,7293 4,7690
5,2697 5,3101
826 22:55:21
4,5566 4,5957
4,3052 4,3444
4,7287 4,7707
5,2695 5,3117
827 22:56:20
4,5581 4,6029
4,3061 4,3511
4,7293 4,7786
5,2716 5,3188
828 22:57:20
4,5584 4,6027
4,3047 4,3510
4,7297 4,7789
5,2708 5,3241
829 22:58:21
4,5584 4,6027
4,3049 4,3508
4,7291 4,7789
5,2731 5,3195
830 22:59:21
4,5584 4,6027
4,3048 4,3510
4,7289 4,7790
5,2689 5,3228
831 23:00:21
4,5284 4,6277
4,2748 4,3810
4,7077 4,7900
5,2383 5,3528
832 23:01:20
4,5284 4,6277
4,2748 4,3810
4,7077 4,7900
5,2383 5,3528
833 23:02:20
4,5284 4,6277
4,2748 4,3810
4,7077 4,7900
5,2383 5,3528
834 23:03:21
4,5284 4,6277
4,2748 4,3810
4,7077 4,7900
5,2383 5,3528
835 23:04:21
4,5284 4,6277
4,2748 4,3810
4,7077 4,7900
5,2383 5,3528
836 23:05:21
4,5284 4,6277
4,2748 4,3810
4,7077 4,7900
5,2383 5,3528
837 23:06:20
4,5284 4,6277
4,2748 4,3810
4,7077 4,7900
5,2383 5,3528
Connection error x5
