#======================
2023-8-29
# 1.EUR, 2.USD, 3.CHF, 4.GBP
Sell Price, Buy Price
1 09:37
4,4512 4,4834
4,1113 4,1434
4,6534 4,6862
5,1960 5,2292
2 09:38
4,4510 4,4832
4,1110 4,1431
4,6533 4,6861
5,1952 5,2284
3 09:39
4,4500 4,4822
4,1100 4,1421
4,6521 4,6849
5,1945 5,2277
4 09:40
4,4500 4,4822
4,1100 4,1421
4,6517 4,6845
5,1946 5,2278
5 09:41
4,4500 4,4822
4,1099 4,1421
4,6522 4,6850
5,1942 5,2275
6 09:42
4,4502 4,4824
4,1111 4,1433
4,6519 4,6847
5,1951 5,2284
7 09:43
4,4495 4,4817
4,1099 4,1421
4,6511 4,6839
5,1938 5,2271
8 09:44
4,4495 4,4817
4,1093 4,1415
4,6521 4,6849
5,1940 5,2273
9 09:45
4,4494 4,4816
4,1083 4,1405
4,6511 4,6839
5,1930 5,2263
10 09:46
4,4498 4,4820
4,1087 4,1409
4,6515 4,6845
5,1936 5,2268
11 09:47
4,4502 4,4824
4,1088 4,1410
4,6515 4,6845
5,1937 5,2269
12 09:48
4,4505 4,4827
4,1098 4,1420
4,6523 4,6853
5,1940 5,2272
13 09:49
4,4513 4,4835
4,1105 4,1427
4,6538 4,6868
5,1951 5,2283
14 09:50
4,4516 4,4838
4,1122 4,1444
4,6542 4,6872
5,1937 5,2269
15 09:51
4,4516 4,4838
4,1120 4,1442
4,6547 4,6875
5,1934 5,2266
16 09:52
4,4520 4,4842
4,1127 4,1449
4,6547 4,6875
5,1939 5,2271
17 09:53
4,4525 4,4847
4,1142 4,1464
4,6553 4,6881
5,1942 5,2274
18 09:54
4,4526 4,4848
4,1145 4,1467
4,6562 4,6890
5,1938 5,2270
19 09:55
4,4532 4,4854
4,1161 4,1483
4,6571 4,6899
5,1936 5,2268
20 09:56
4,4544 4,4866
4,1175 4,1497
4,6583 4,6911
5,1955 5,2288
21 09:57
4,4546 4,4868
4,1171 4,1493
4,6584 4,6912
5,1956 5,2289
22 09:58:21
4,4528 4,4850
4,1147 4,1469
4,6566 4,6894
5,1936 5,2269
23 09:59:21
4,4528 4,4850
4,1147 4,1469
4,6566 4,6894
5,1933 5,2266
24 10:00:28
4,4529 4,4851
4,1149 4,1471
4,6567 4,6895
5,1934 5,2267
25 10:01:22
4,4519 4,4841
4,1135 4,1457
4,6547 4,6875
5,1920 5,2253
26 10:02:22
4,4531 4,4853
4,1145 4,1467
4,6559 4,6887
5,1936 5,2269
27 10:03:21
4,4543 4,4865
4,1157 4,1479
4,6572 4,6900
5,1947 5,2280
28 10:04:21
4,4531 4,4853
4,1145 4,1467
4,6561 4,6889
5,1933 5,2266
29 10:05:21
4,4517 4,4839
4,1133 4,1455
4,6547 4,6875
5,1917 5,2250
30 10:06:21
4,4517 4,4839
4,1134 4,1456
4,6549 4,6877
5,1917 5,2250
31 10:07:21
4,4517 4,4839
4,1134 4,1456
4,6550 4,6878
5,1917 5,2250
32 10:08:21
4,4532 4,4854
4,1155 4,1477
4,6566 4,6894
5,1946 5,2279
33 10:09:21
4,4544 4,4866
4,1165 4,1487
4,6575 4,6903
5,1954 5,2287
34 10:10:20
4,4545 4,4867
4,1168 4,1490
4,6579 4,6907
5,1965 5,2298
35 10:11:20
4,4545 4,4867
4,1180 4,1502
4,6579 4,6907
5,1968 5,2301
36 10:12:20
4,4547 4,4869
4,1187 4,1509
4,6581 4,6909
5,1973 5,2306
37 10:13:20
4,4547 4,4869
4,1191 4,1513
4,6581 4,6909
5,1976 5,2309
38 10:14:21
4,4547 4,4869
4,1195 4,1517
4,6581 4,6909
5,1976 5,2309
39 10:15:21
4,4524 4,4846
4,1169 4,1491
4,6556 4,6884
5,1948 5,2281
40 10:16:21
4,4524 4,4846
4,1167 4,1489
4,6556 4,6884
5,1950 5,2282
41 10:17:21
4,4547 4,4869
4,1189 4,1511
4,6598 4,6926
5,1979 5,2311
42 10:18:21
4,4546 4,4868
4,1184 4,1506
4,6597 4,6925
5,1991 5,2323
43 10:19:21
4,4547 4,4869
4,1185 4,1507
4,6593 4,6921
5,1996 5,2328
44 10:20:21
4,4549 4,4871
4,1198 4,1520
4,6593 4,6921
5,1998 5,2330
45 10:21:20
4,4548 4,4870
4,1198 4,1520
4,6592 4,6920
5,1996 5,2329
46 10:22:20
4,4548 4,4870
4,1194 4,1516
4,6592 4,6920
5,1991 5,2324
47 10:23:21
4,4543 4,4865
4,1189 4,1511
4,6585 4,6913
5,1993 5,2326
48 10:24:21
4,4542 4,4864
4,1188 4,1510
4,6586 4,6914
5,1995 5,2328
49 10:25:21
4,4541 4,4863
4,1196 4,1518
4,6582 4,6910
5,1999 5,2332
50 10:26:21
4,4528 4,4850
4,1185 4,1507
4,6568 4,6896
5,1979 5,2312
51 10:27:21
4,4526 4,4848
4,1175 4,1497
4,6576 4,6904
5,1967 5,2300
52 10:28:21
4,4524 4,4846
4,1173 4,1495
4,6567 4,6895
5,1958 5,2291
53 10:29:21
4,4519 4,4841
4,1181 4,1503
4,6561 4,6889
5,1954 5,2287
54 10:30:20
4,4512 4,4834
4,1170 4,1492
4,6552 4,6880
5,1942 5,2275
55 10:31:21
4,4511 4,4833
4,1173 4,1495
4,6553 4,6881
5,1944 5,2276
56 10:32:20
4,4512 4,4834
4,1174 4,1496
4,6554 4,6882
5,1946 5,2278
57 10:33:20
4,4512 4,4834
4,1174 4,1496
4,6554 4,6882
5,1939 5,2271
58 10:34:20
4,4509 4,4831
4,1163 4,1485
4,6544 4,6872
5,1927 5,2259
59 10:35:21
4,4508 4,4830
4,1170 4,1492
4,6545 4,6873
5,1935 5,2267
60 10:36:21
4,4497 4,4819
4,1160 4,1482
4,6534 4,6862
5,1927 5,2260
61 10:37:21
4,4487 4,4809
4,1147 4,1469
4,6523 4,6851
5,1920 5,2253
62 10:38:21
4,4487 4,4809
4,1151 4,1473
4,6523 4,6851
5,1934 5,2267
63 10:39:21
4,4487 4,4809
4,1149 4,1471
4,6523 4,6851
5,1928 5,2261
64 10:40:21
4,4487 4,4809
4,1148 4,1470
4,6523 4,6851
5,1935 5,2268
65 10:41:20
4,4487 4,4809
4,1143 4,1465
4,6520 4,6848
5,1931 5,2263
66 10:42:20
4,4487 4,4809
4,1143 4,1465
4,6520 4,6848
5,1931 5,2263
67 10:43:20
4,4494 4,4816
4,1142 4,1464
4,6525 4,6853
5,1940 5,2272
68 10:44:21
4,4494 4,4816
4,1139 4,1461
4,6528 4,6856
5,1933 5,2265
69 10:45:21
4,4484 4,4806
4,1127 4,1449
4,6518 4,6846
5,1918 5,2250
70 10:46:21
4,4484 4,4806
4,1133 4,1455
4,6515 4,6843
5,1922 5,2254
71 10:47:21
4,4485 4,4807
4,1135 4,1457
4,6516 4,6844
5,1920 5,2252
72 10:48:20
4,4488 4,4810
4,1148 4,1470
4,6519 4,6847
5,1924 5,2256
73 10:49:20
4,4489 4,4811
4,1145 4,1467
4,6514 4,6842
5,1943 5,2275
74 10:50:20
4,4487 4,4809
4,1137 4,1459
4,6511 4,6839
5,1941 5,2273
75 10:51:21
4,4486 4,4808
4,1138 4,1460
4,6512 4,6840
5,1927 5,2260
76 10:52:21
4,4487 4,4809
4,1141 4,1463
4,6515 4,6843
5,1927 5,2260
77 10:53:21
4,4499 4,4821
4,1146 4,1468
4,6526 4,6854
5,1942 5,2275
78 10:54:21
4,4499 4,4821
4,1150 4,1472
4,6526 4,6854
5,1942 5,2275
79 10:55:21
4,4500 4,4822
4,1151 4,1473
4,6527 4,6855
5,1943 5,2276
80 10:56:21
4,4509 4,4831
4,1158 4,1480
4,6534 4,6862
5,1953 5,2286
81 10:57:21
4,4509 4,4831
4,1161 4,1483
4,6532 4,6860
5,1950 5,2283
82 10:58:20
4,4527 4,4849
4,1177 4,1499
4,6551 4,6879
5,1975 5,2308
83 10:59:20
4,4527 4,4849
4,1184 4,1506
4,6550 4,6878
5,1971 5,2304
84 11:00:20
4,4527 4,4849
4,1184 4,1506
4,6550 4,6878
5,1974 5,2307
85 11:01:20
4,4536 4,4858
4,1192 4,1514
4,6560 4,6888
5,1985 5,2318
86 11:02:20
4,4529 4,4851
4,1178 4,1500
4,6552 4,6880
5,1986 5,2319
87 11:03:22
4,4536 4,4858
4,1188 4,1510
4,6560 4,6888
5,1994 5,2327
88 11:04:21
4,4524 4,4846
4,1173 4,1495
4,6547 4,6875
5,1983 5,2316
89 11:05:21
4,4524 4,4846
4,1172 4,1494
4,6547 4,6875
5,1977 5,2310
90 11:06:21
4,4516 4,4838
4,1176 4,1498
4,6539 4,6867
5,1975 5,2307
91 11:07:20
4,4517 4,4839
4,1176 4,1498
4,6540 4,6868
5,1979 5,2311
92 11:08:20
4,4514 4,4836
4,1174 4,1496
4,6532 4,6860
5,1981 5,2313
93 11:09:21
4,4514 4,4836
4,1183 4,1505
4,6532 4,6860
5,1981 5,2313
94 11:10:21
4,4513 4,4835
4,1182 4,1504
4,6545 4,6873
5,1980 5,2312
95 11:11:21
4,4513 4,4835
4,1182 4,1504
4,6545 4,6873
5,1980 5,2312
96 11:12:21
4,4515 4,4837
4,1184 4,1506
4,6555 4,6883
5,1976 5,2308
97 11:13:21
4,4515 4,4837
4,1182 4,1504
4,6555 4,6883
5,1973 5,2305
98 11:14:20
4,4515 4,4837
4,1180 4,1502
4,6555 4,6883
5,1967 5,2299
99 11:15:20
4,4515 4,4837
4,1177 4,1499
4,6550 4,6878
5,1964 5,2296
100 11:16:21
4,4515 4,4837
4,1180 4,1502
4,6550 4,6878
5,1964 5,2296
101 11:17:21
4,4515 4,4837
4,1180 4,1502
4,6552 4,6880
5,1964 5,2296
102 11:18:21
4,4516 4,4838
4,1181 4,1503
4,6554 4,6882
5,1953 5,2285
103 11:19:21
4,4517 4,4839
4,1186 4,1508
4,6550 4,6878
5,1945 5,2277
104 11:20:21
4,4516 4,4838
4,1185 4,1507
4,6551 4,6879
5,1944 5,2276
105 11:21:20
4,4516 4,4838
4,1189 4,1511
4,6551 4,6879
5,1954 5,2286
106 11:22:20
4,4519 4,4841
4,1188 4,1510
4,6554 4,6882
5,1965 5,2297
107 11:23:21
4,4526 4,4848
4,1195 4,1517
4,6564 4,6892
5,1975 5,2307
108 11:24:21
4,4532 4,4854
4,1200 4,1522
4,6573 4,6901
5,1981 5,2313
109 11:25:21
4,4532 4,4854
4,1200 4,1522
4,6573 4,6901
5,1981 5,2313
110 11:26:21
4,4539 4,4861
4,1199 4,1521
4,6578 4,6906
5,1981 5,2313
111 11:27:21
4,4539 4,4861
4,1195 4,1517
4,6575 4,6903
5,1980 5,2312
112 11:28:21
4,4533 4,4855
4,1195 4,1517
4,6571 4,6899
5,1973 5,2305
113 11:29:21
4,4539 4,4861
4,1201 4,1523
4,6580 4,6908
5,1971 5,2303
114 11:30:21
4,4543 4,4865
4,1208 4,1530
4,6589 4,6917
5,1970 5,2302
115 11:31:21
4,4542 4,4864
4,1200 4,1522
4,6590 4,6918
5,1968 5,2300
116 11:32:20
4,4538 4,4860
4,1199 4,1521
4,6586 4,6914
5,1963 5,2295
117 11:33:20
4,4539 4,4861
4,1202 4,1524
4,6577 4,6905
5,1971 5,2303
118 11:34:21
4,4535 4,4857
4,1191 4,1513
4,6568 4,6896
5,1963 5,2295
119 11:35:21
4,4540 4,4862
4,1200 4,1522
4,6574 4,6902
5,1972 5,2304
120 11:36:21
4,4555 4,4877
4,1212 4,1534
4,6592 4,6920
5,1995 5,2328
121 11:37:21
4,4556 4,4878
4,1212 4,1534
4,6590 4,6918
5,1998 5,2331
122 11:38:21
4,4556 4,4878
4,1211 4,1533
4,6591 4,6919
5,1999 5,2332
123 11:39:21
4,4566 4,4888
4,1221 4,1543
4,6595 4,6923
5,2007 5,2340
124 11:40:20
4,4566 4,4888
4,1219 4,1541
4,6601 4,6929
5,2010 5,2343
125 11:41:22
4,4568 4,4890
4,1224 4,1546
4,6598 4,6926
5,2019 5,2351
126 11:42:22
4,4567 4,4889
4,1227 4,1549
4,6597 4,6925
5,2014 5,2346
127 11:43:20
4,4565 4,4887
4,1225 4,1547
4,6595 4,6923
5,2010 5,2342
128 11:44:21
4,4563 4,4885
4,1224 4,1546
4,6592 4,6920
5,2007 5,2339
129 11:45:21
4,4565 4,4887
4,1227 4,1549
4,6602 4,6930
5,2017 5,2349
130 11:46:21
4,4562 4,4884
4,1223 4,1545
4,6601 4,6929
5,2006 5,2338
131 11:47:21
4,4559 4,4881
4,1223 4,1545
4,6601 4,6929
5,2013 5,2345
132 11:48:21
4,4566 4,4888
4,1220 4,1542
4,6606 4,6934
5,2025 5,2357
133 11:49:20
4,4565 4,4887
4,1221 4,1543
4,6607 4,6935
5,2023 5,2355
134 11:50:20
4,4566 4,4888
4,1222 4,1544
4,6608 4,6936
5,2023 5,2355
135 11:51:20
4,4567 4,4889
4,1225 4,1547
4,6609 4,6937
5,2025 5,2357
136 11:52:20
4,4564 4,4886
4,1212 4,1534
4,6604 4,6932
5,2009 5,2341
137 11:53:21
4,4569 4,4891
4,1225 4,1547
4,6613 4,6941
5,2021 5,2353
138 11:54:21
4,4564 4,4886
4,1212 4,1534
4,6613 4,6941
5,2012 5,2344
139 11:55:21
4,4543 4,4865
4,1177 4,1499
4,6596 4,6924
5,1984 5,2316
140 11:56:21
4,4537 4,4859
4,1182 4,1504
4,6598 4,6926
5,1984 5,2317
141 11:57:21
4,4539 4,4861
4,1182 4,1504
4,6597 4,6925
5,1986 5,2319
142 11:58:21
4,4537 4,4859
4,1180 4,1502
4,6595 4,6923
5,1986 5,2319
143 11:59:20
4,4544 4,4866
4,1190 4,1512
4,6607 4,6935
5,1993 5,2326
144 12:00:20
4,4543 4,4865
4,1187 4,1509
4,6606 4,6934
5,1992 5,2325
145 12:01:21
4,4538 4,4860
4,1184 4,1506
4,6598 4,6926
5,1987 5,2319
146 12:02:21
4,4538 4,4860
4,1184 4,1506
4,6600 4,6928
5,1998 5,2330
147 12:03:21
4,4541 4,4863
4,1187 4,1509
4,6602 4,6930
5,2000 5,2332
148 12:04:24
4,4541 4,4863
4,1187 4,1509
4,6595 4,6923
5,1988 5,2320
149 12:05:21
4,4518 4,4840
4,1174 4,1496
4,6565 4,6893
5,1969 5,2301
150 12:06:21
4,4516 4,4838
4,1171 4,1493
4,6558 4,6886
5,1968 5,2300
151 12:07:20
4,4516 4,4838
4,1171 4,1493
4,6565 4,6893
5,1968 5,2300
152 12:08:20
4,4516 4,4838
4,1167 4,1489
4,6568 4,6896
5,1962 5,2294
153 12:09:21
4,4501 4,4823
4,1154 4,1476
4,6548 4,6876
5,1952 5,2284
154 12:10:21
4,4505 4,4827
4,1158 4,1480
4,6554 4,6882
5,1952 5,2284
155 12:11:21
4,4505 4,4827
4,1148 4,1470
4,6539 4,6867
5,1942 5,2275
156 12:12:21
4,4504 4,4826
4,1141 4,1463
4,6540 4,6868
5,1929 5,2262
157 12:13:21
4,4506 4,4828
4,1145 4,1467
4,6535 4,6863
5,1931 5,2264
158 12:14:21
4,4509 4,4831
4,1155 4,1477
4,6538 4,6866
5,1934 5,2267
159 12:15:20
4,4513 4,4835
4,1157 4,1479
4,6543 4,6871
5,1939 5,2272
160 12:16:20
4,4516 4,4838
4,1163 4,1484
4,6539 4,6867
5,1941 5,2273
161 12:17:21
4,4516 4,4838
4,1170 4,1491
4,6541 4,6869
5,1939 5,2271
162 12:18:21
4,4518 4,4840
4,1172 4,1493
4,6543 4,6871
5,1940 5,2272
163 12:19:21
4,4518 4,4840
4,1169 4,1490
4,6548 4,6876
5,1941 5,2273
164 12:20:21
4,4517 4,4839
4,1170 4,1491
4,6550 4,6878
5,1933 5,2265
165 12:21:20
4,4516 4,4838
4,1163 4,1484
4,6546 4,6874
5,1931 5,2263
166 12:22:20
4,4517 4,4839
4,1164 4,1485
4,6550 4,6878
5,1930 5,2262
167 12:23:20
4,4515 4,4837
4,1162 4,1483
4,6548 4,6876
5,1919 5,2251
168 12:24:21
4,4513 4,4835
4,1161 4,1482
4,6545 4,6873
5,1895 5,2227
169 12:25:21
4,4511 4,4833
4,1166 4,1487
4,6542 4,6870
5,1905 5,2237
170 12:26:21
4,4510 4,4832
4,1165 4,1486
4,6537 4,6865
5,1894 5,2226
171 12:27:21
4,4508 4,4830
4,1169 4,1490
4,6540 4,6868
5,1907 5,2239
172 12:28:20
4,4513 4,4835
4,1176 4,1497
4,6548 4,6876
5,1913 5,2245
173 12:29:20
4,4512 4,4834
4,1171 4,1492
4,6549 4,6877
5,1906 5,2238
174 12:30:20
4,4518 4,4840
4,1176 4,1497
4,6555 4,6883
5,1903 5,2235
175 12:31:21
4,4523 4,4845
4,1180 4,1501
4,6561 4,6889
5,1914 5,2246
176 12:32:22
4,4524 4,4846
4,1178 4,1499
4,6560 4,6888
5,1920 5,2252
177 12:33:21
4,4538 4,4860
4,1191 4,1512
4,6572 4,6900
5,1936 5,2268
178 12:34:21
4,4538 4,4860
4,1189 4,1510
4,6571 4,6899
5,1943 5,2275
179 12:35:21
4,4541 4,4863
4,1192 4,1513
4,6570 4,6898
5,1946 5,2278
180 12:36:21
4,4542 4,4864
4,1197 4,1518
4,6576 4,6904
5,1947 5,2279
181 12:37:21
4,4543 4,4865
4,1198 4,1519
4,6577 4,6905
5,1952 5,2284
182 12:38:20
4,4544 4,4866
4,1201 4,1522
4,6583 4,6911
5,1953 5,2285
183 12:39:20
4,4531 4,4853
4,1189 4,1510
4,6564 4,6892
5,1940 5,2272
184 12:40:20
4,4532 4,4854
4,1184 4,1505
4,6560 4,6888
5,1935 5,2267
185 12:41:20
4,4525 4,4847
4,1177 4,1498
4,6553 4,6881
5,1927 5,2259
186 12:42:20
4,4528 4,4850
4,1186 4,1507
4,6559 4,6887
5,1931 5,2263
187 12:43:20
4,4525 4,4847
4,1183 4,1504
4,6553 4,6881
5,1936 5,2268
188 12:44:21
4,4531 4,4853
4,1192 4,1513
4,6564 4,6892
5,1943 5,2275
189 12:45:21
4,4529 4,4851
4,1187 4,1508
4,6548 4,6876
5,1935 5,2267
190 12:46:20
4,4530 4,4852
4,1189 4,1510
4,6558 4,6886
5,1933 5,2265
191 12:47:20
4,4531 4,4853
4,1190 4,1511
4,6559 4,6887
5,1934 5,2266
192 12:48:21
4,4529 4,4851
4,1188 4,1509
4,6557 4,6885
5,1929 5,2261
193 12:49:21
4,4529 4,4851
4,1182 4,1503
4,6557 4,6885
5,1931 5,2263
194 12:50:21
4,4531 4,4853
4,1187 4,1508
4,6560 4,6888
5,1935 5,2267
195 12:51:20
4,4531 4,4853
4,1192 4,1513
4,6559 4,6887
5,1931 5,2263
196 12:52:20
4,4533 4,4855
4,1194 4,1515
4,6556 4,6884
5,1932 5,2264
197 12:53:20
4,4533 4,4855
4,1196 4,1517
4,6560 4,6888
5,1921 5,2253
198 12:54:21
4,4530 4,4852
4,1191 4,1512
4,6553 4,6881
5,1921 5,2253
199 12:55:21
4,4531 4,4853
4,1196 4,1517
4,6555 4,6883
5,1922 5,2254
200 12:56:21
4,4531 4,4853
4,1198 4,1519
4,6555 4,6883
5,1908 5,2240
201 12:57:21
4,4531 4,4853
4,1202 4,1523
4,6562 4,6890
5,1913 5,2245
202 12:58:21
4,4535 4,4857
4,1211 4,1532
4,6563 4,6891
5,1897 5,2229
203 12:59:20
4,4537 4,4859
4,1209 4,1530
4,6563 4,6891
5,1912 5,2244
204 13:00:20
4,4535 4,4857
4,1205 4,1526
4,6556 4,6884
5,1914 5,2246
205 13:01:20
4,4533 4,4855
4,1209 4,1530
4,6549 4,6877
5,1909 5,2241
206 13:02:20
4,4534 4,4856
4,1206 4,1527
4,6547 4,6875
5,1913 5,2245
207 13:03:21
4,4537 4,4859
4,1217 4,1538
4,6550 4,6878
5,1919 5,2251
208 13:04:21
4,4540 4,4862
4,1220 4,1541
4,6550 4,6878
5,1933 5,2265
209 13:05:21
4,4543 4,4865
4,1218 4,1539
4,6557 4,6885
5,1933 5,2265
210 13:06:21
4,4543 4,4865
4,1219 4,1540
4,6554 4,6882
5,1921 5,2253
211 13:07:21
4,4545 4,4867
4,1205 4,1526
4,6556 4,6884
5,1917 5,2249
212 13:08:21
4,4544 4,4866
4,1204 4,1525
4,6558 4,6886
5,1928 5,2260
213 13:09:21
4,4545 4,4867
4,1203 4,1524
4,6562 4,6890
5,1929 5,2261
214 13:10:21
4,4514 4,4836
4,1176 4,1497
4,6529 4,6857
5,1898 5,2230
215 13:11:20
4,4519 4,4841
4,1177 4,1498
4,6535 4,6863
5,1899 5,2231
216 13:12:20
4,4519 4,4841
4,1179 4,1500
4,6535 4,6863
5,1905 5,2237
217 13:13:21
4,4521 4,4843
4,1185 4,1506
4,6537 4,6865
5,1907 5,2239
218 13:14:21
4,4520 4,4842
4,1188 4,1509
4,6538 4,6866
5,1903 5,2235
219 13:15:21
4,4520 4,4842
4,1182 4,1503
4,6540 4,6868
5,1895 5,2227
220 13:16:21
4,4517 4,4839
4,1175 4,1496
4,6534 4,6862
5,1893 5,2225
221 13:17:21
4,4520 4,4842
4,1181 4,1502
4,6537 4,6865
5,1898 5,2230
222 13:18:20
4,4522 4,4844
4,1184 4,1505
4,6537 4,6865
5,1899 5,2231
223 13:19:20
4,4521 4,4843
4,1185 4,1506
4,6545 4,6873
5,1892 5,2224
224 13:20:20
4,4518 4,4840
4,1180 4,1501
4,6538 4,6866
5,1876 5,2208
225 13:21:20
4,4515 4,4837
4,1177 4,1498
4,6540 4,6868
5,1875 5,2207
226 13:22:20
4,4521 4,4843
4,1183 4,1504
4,6549 4,6877
5,1886 5,2218
227 13:23:21
4,4518 4,4840
4,1176 4,1497
4,6540 4,6868
5,1879 5,2211
228 13:24:23
4,4518 4,4840
4,1176 4,1497
4,6538 4,6866
5,1885 5,2217
229 13:25:22
4,4519 4,4841
4,1177 4,1498
4,6539 4,6867
5,1886 5,2218
230 13:26:20
4,4524 4,4846
4,1180 4,1501
4,6540 4,6868
5,1893 5,2225
231 13:27:21
4,4529 4,4851
4,1185 4,1506
4,6550 4,6878
5,1899 5,2231
232 13:28:21
4,4530 4,4852
4,1195 4,1516
4,6548 4,6876
5,1894 5,2226
233 13:29:21
4,4545 4,4867
4,1217 4,1538
4,6569 4,6897
5,1915 5,2247
234 13:30:21
4,4558 4,4880
4,1229 4,1550
4,6581 4,6909
5,1925 5,2257
235 13:31:21
4,4559 4,4881
4,1224 4,1545
4,6587 4,6915
5,1928 5,2260
236 13:32:20
4,4550 4,4872
4,1214 4,1535
4,6579 4,6907
5,1918 5,2250
237 13:33:20
4,4532 4,4854
4,1193 4,1514
4,6557 4,6885
5,1895 5,2227
238 13:34:21
4,4536 4,4858
4,1195 4,1516
4,6559 4,6887
5,1906 5,2238
239 13:35:21
4,4529 4,4851
4,1187 4,1508
4,6555 4,6883
5,1899 5,2231
240 13:36:21
4,4527 4,4849
4,1185 4,1506
4,6555 4,6883
5,1896 5,2228
241 13:37:21
4,4527 4,4849
4,1185 4,1506
4,6550 4,6878
5,1896 5,2228
242 13:38:21
4,4532 4,4854
4,1189 4,1510
4,6556 4,6884
5,1900 5,2232
243 13:39:21
4,4535 4,4857
4,1196 4,1517
4,6561 4,6889
5,1896 5,2228
244 13:40:20
4,4535 4,4857
4,1194 4,1515
4,6561 4,6889
5,1897 5,2229
245 13:41:20
4,4532 4,4854
4,1189 4,1510
4,6548 4,6876
5,1889 5,2221
246 13:42:21
4,4528 4,4850
4,1180 4,1501
4,6544 4,6872
5,1882 5,2214
247 13:43:21
4,4528 4,4850
4,1182 4,1503
4,6547 4,6875
5,1882 5,2214
248 13:44:21
4,4533 4,4855
4,1188 4,1509
4,6554 4,6882
5,1888 5,2220
249 13:45:21
4,4534 4,4856
4,1191 4,1512
4,6557 4,6885
5,1889 5,2221
250 13:46:20
4,4533 4,4855
4,1190 4,1511
4,6554 4,6882
5,1885 5,2217
251 13:47:20
4,4532 4,4854
4,1187 4,1508
4,6548 4,6876
5,1883 5,2215
252 13:48:20
4,4530 4,4852
4,1186 4,1507
4,6554 4,6882
5,1882 5,2214
253 13:49:20
4,4529 4,4851
4,1188 4,1509
4,6554 4,6882
5,1888 5,2220
254 13:50:20
4,4528 4,4850
4,1186 4,1507
4,6551 4,6879
5,1885 5,2217
255 13:51:21
4,4528 4,4850
4,1190 4,1511
4,6552 4,6880
5,1886 5,2218
256 13:52:21
4,4530 4,4852
4,1185 4,1506
4,6546 4,6874
5,1890 5,2222
257 13:53:21
4,4531 4,4853
4,1187 4,1508
4,6548 4,6876
5,1895 5,2227
258 13:54:21
4,4532 4,4854
4,1185 4,1506
4,6550 4,6878
5,1895 5,2227
259 13:55:20
4,4528 4,4850
4,1182 4,1503
4,6561 4,6889
5,1894 5,2226
260 13:56:20
4,4531 4,4853
4,1185 4,1506
4,6559 4,6887
5,1892 5,2224
261 13:57:20
4,4532 4,4854
4,1191 4,1512
4,6560 4,6888
5,1889 5,2221
262 13:58:21
4,4531 4,4853
4,1191 4,1512
4,6560 4,6888
5,1889 5,2221
263 13:59:21
4,4534 4,4856
4,1213 4,1534
4,6563 4,6891
5,1902 5,2234
264 14:00:21
4,4534 4,4856
4,1216 4,1537
4,6564 4,6892
5,1901 5,2233
265 14:01:20
4,4534 4,4856
4,1222 4,1543
4,6564 4,6892
5,1908 5,2240
266 14:02:20
4,4533 4,4855
4,1217 4,1538
4,6566 4,6894
5,1907 5,2239
267 14:03:21
4,4529 4,4851
4,1212 4,1533
4,6562 4,6890
5,1902 5,2234
268 14:04:21
4,4526 4,4848
4,1205 4,1526
4,6566 4,6894
5,1899 5,2231
269 14:05:21
4,4545 4,4867
4,1224 4,1545
4,6586 4,6914
5,1922 5,2254
270 14:06:21
4,4547 4,4869
4,1226 4,1547
4,6601 4,6929
5,1926 5,2258
271 14:07:21
4,4535 4,4857
4,1213 4,1534
4,6590 4,6918
5,1907 5,2239
272 14:08:20
4,4540 4,4862
4,1218 4,1539
4,6599 4,6927
5,1918 5,2250
273 14:09:20
4,4541 4,4863
4,1224 4,1545
4,6599 4,6927
5,1909 5,2241
274 14:10:21
4,4546 4,4868
4,1233 4,1554
4,6611 4,6939
5,1909 5,2241
275 14:11:21
4,4545 4,4867
4,1241 4,1562
4,6614 4,6942
5,1911 5,2243
276 14:12:21
4,4547 4,4869
4,1245 4,1566
4,6618 4,6946
5,1913 5,2245
277 14:13:21
4,4546 4,4868
4,1244 4,1565
4,6616 4,6944
5,1910 5,2242
278 14:14:21
4,4545 4,4867
4,1244 4,1565
4,6620 4,6948
5,1908 5,2240
279 14:15:20
4,4552 4,4874
4,1244 4,1565
4,6628 4,6956
5,1917 5,2249
280 14:16:20
4,4537 4,4859
4,1230 4,1551
4,6610 4,6938
5,1899 5,2231
281 14:17:21
4,4543 4,4865
4,1252 4,1573
4,6624 4,6952
5,1915 5,2247
282 14:18:21
4,4545 4,4867
4,1257 4,1578
4,6625 4,6953
5,1917 5,2249
283 14:19:21
4,4540 4,4862
4,1260 4,1581
4,6630 4,6958
5,1905 5,2237
284 14:20:21
4,4552 4,4874
4,1277 4,1598
4,6645 4,6973
5,1934 5,2266
285 14:21:21
4,4549 4,4871
4,1274 4,1595
4,6642 4,6970
5,1928 5,2260
286 14:22:20
4,4549 4,4871
4,1270 4,1591
4,6642 4,6970
5,1928 5,2260
287 14:23:20
4,4547 4,4869
4,1276 4,1597
4,6637 4,6965
5,1916 5,2248
288 14:24:21
4,4535 4,4857
4,1265 4,1586
4,6627 4,6955
5,1902 5,2234
289 14:25:21
4,4539 4,4861
4,1270 4,1591
4,6626 4,6954
5,1916 5,2248
290 14:26:21
4,4535 4,4857
4,1270 4,1591
4,6620 4,6948
5,1909 5,2241
291 14:27:21
4,4531 4,4853
4,1271 4,1592
4,6616 4,6944
5,1895 5,2227
292 14:28:20
4,4535 4,4857
4,1282 4,1603
4,6619 4,6947
5,1896 5,2228
293 14:29:20
4,4538 4,4860
4,1277 4,1598
4,6620 4,6948
5,1896 5,2228
294 14:30:20
4,4542 4,4864
4,1280 4,1601
4,6621 4,6949
5,1902 5,2234
295 14:31:21
4,4545 4,4867
4,1280 4,1601
4,6623 4,6951
5,1905 5,2237
296 14:32:21
4,4538 4,4860
4,1273 4,1594
4,6615 4,6943
5,1896 5,2228
297 14:33:21
4,4540 4,4862
4,1275 4,1596
4,6618 4,6946
5,1918 5,2250
298 14:34:21
4,4538 4,4860
4,1264 4,1585
4,6621 4,6949
5,1915 5,2247
299 14:35:21
4,4541 4,4863
4,1263 4,1584
4,6629 4,6957
5,1922 5,2254
300 14:36:21
4,4545 4,4867
4,1272 4,1593
4,6638 4,6966
5,1926 5,2258
301 14:37:20
4,4548 4,4870
4,1273 4,1594
4,6636 4,6964
5,1922 5,2254
302 14:38:20
4,4544 4,4866
4,1261 4,1582
4,6632 4,6960
5,1916 5,2248
303 14:39:21
4,4541 4,4863
4,1254 4,1575
4,6629 4,6957
5,1922 5,2254
304 14:40:21
4,4543 4,4865
4,1259 4,1580
4,6633 4,6961
5,1917 5,2249
305 14:41:21
4,4542 4,4864
4,1254 4,1575
4,6634 4,6962
5,1924 5,2256
306 14:42:21
4,4540 4,4862
4,1254 4,1575
4,6629 4,6957
5,1920 5,2252
307 14:43:21
4,4538 4,4860
4,1255 4,1576
4,6628 4,6956
5,1922 5,2254
308 14:44:21
4,4533 4,4855
4,1242 4,1563
4,6625 4,6953
5,1916 5,2248
309 14:45:21
4,4537 4,4859
4,1249 4,1570
4,6627 4,6955
5,1923 5,2255
310 14:46:21
4,4539 4,4861
4,1248 4,1569
4,6631 4,6959
5,1925 5,2257
311 14:47:21
4,4543 4,4865
4,1261 4,1582
4,6636 4,6964
5,1931 5,2263
312 14:48:21
4,4547 4,4869
4,1259 4,1580
4,6634 4,6962
5,1931 5,2263
313 14:49:20
4,4547 4,4869
4,1257 4,1578
4,6634 4,6962
5,1929 5,2261
314 14:50:20
4,4544 4,4866
4,1254 4,1575
4,6632 4,6960
5,1925 5,2257
315 14:51:20
4,4540 4,4862
4,1250 4,1571
4,6630 4,6958
5,1924 5,2256
316 14:52:21
4,4535 4,4857
4,1246 4,1567
4,6625 4,6953
5,1915 5,2247
317 14:53:21
4,4537 4,4859
4,1248 4,1569
4,6627 4,6955
5,1917 5,2249
318 14:54:21
4,4555 4,4877
4,1264 4,1585
4,6641 4,6969
5,1937 5,2269
319 14:55:21
4,4546 4,4868
4,1262 4,1583
4,6631 4,6959
5,1929 5,2261
320 14:56:21
4,4547 4,4868
4,1270 4,1591
4,6635 4,6963
5,1932 5,2264
321 14:57:20
4,4540 4,4861
4,1268 4,1589
4,6633 4,6961
5,1925 5,2257
322 14:58:20
4,4535 4,4856
4,1263 4,1584
4,6632 4,6960
5,1921 5,2253
323 14:59:21
4,4534 4,4855
4,1262 4,1583
4,6631 4,6959
5,1919 5,2251
324 15:00:21
4,4538 4,4859
4,1264 4,1585
4,6629 4,6957
5,1921 5,2253
325 15:01:21
4,4541 4,4863
4,1271 4,1592
4,6632 4,6960
5,1922 5,2254
326 15:02:21
4,4538 4,4860
4,1256 4,1577
4,6625 4,6953
5,1918 5,2250
327 15:03:20
4,4536 4,4858
4,1256 4,1577
4,6620 4,6948
5,1921 5,2253
328 15:04:21
4,4535 4,4857
4,1263 4,1584
4,6622 4,6950
5,1921 5,2253
329 15:05:20
4,4537 4,4859
4,1265 4,1586
4,6624 4,6952
5,1919 5,2251
330 15:06:21
4,4537 4,4859
4,1270 4,1591
4,6624 4,6952
5,1923 5,2255
331 15:07:21
4,4524 4,4846
4,1261 4,1582
4,6613 4,6941
5,1911 5,2243
332 15:08:21
4,4521 4,4843
4,1254 4,1575
4,6618 4,6946
5,1911 5,2243
333 15:09:21
4,4529 4,4851
4,1261 4,1582
4,6621 4,6949
5,1916 5,2248
334 15:10:22
4,4529 4,4851
4,1261 4,1582
4,6625 4,6953
5,1914 5,2246
335 15:11:21
4,4529 4,4851
4,1271 4,1592
4,6626 4,6954
5,1920 5,2252
336 15:12:20
4,4533 4,4855
4,1269 4,1590
4,6630 4,6958
5,1921 5,2253
337 15:13:20
4,4532 4,4854
4,1274 4,1595
4,6629 4,6957
5,1923 5,2255
338 15:14:20
4,4533 4,4855
4,1286 4,1607
4,6630 4,6958
5,1921 5,2253
339 15:15:21
4,4536 4,4858
4,1297 4,1618
4,6633 4,6961
5,1928 5,2260
340 15:16:21
4,4534 4,4856
4,1295 4,1616
4,6631 4,6959
5,1919 5,2251
341 15:17:21
4,4530 4,4852
4,1295 4,1616
4,6627 4,6955
5,1927 5,2259
342 15:18:21
4,4520 4,4842
4,1276 4,1597
4,6612 4,6940
5,1912 5,2244
343 15:19:21
4,4520 4,4842
4,1276 4,1597
4,6616 4,6944
5,1913 5,2245
344 15:20:20
4,4520 4,4842
4,1276 4,1597
4,6619 4,6947
5,1915 5,2247
345 15:21:22
4,4513 4,4835
4,1269 4,1590
4,6613 4,6941
5,1904 5,2236
346 15:22:21
4,4512 4,4834
4,1257 4,1578
4,6613 4,6941
5,1907 5,2239
347 15:23:21
4,4512 4,4834
4,1266 4,1587
4,6608 4,6936
5,1899 5,2231
348 15:24:20
4,4505 4,4827
4,1249 4,1570
4,6596 4,6924
5,1886 5,2218
349 15:25:20
4,4505 4,4827
4,1249 4,1570
4,6591 4,6919
5,1889 5,2221
350 15:26:21
4,4496 4,4818
4,1248 4,1569
4,6582 4,6910
5,1875 5,2207
351 15:27:21
4,4499 4,4821
4,1251 4,1572
4,6580 4,6908
5,1872 5,2204
352 15:28:21
4,4499 4,4821
4,1256 4,1577
4,6582 4,6910
5,1872 5,2204
353 15:29:21
4,4505 4,4827
4,1266 4,1587
4,6587 4,6915
5,1881 5,2213
354 15:30:21
4,4505 4,4827
4,1266 4,1587
4,6584 4,6912
5,1877 5,2209
355 15:31:20
4,4498 4,4820
4,1250 4,1571
4,6576 4,6904
5,1862 5,2194
356 15:32:20
4,4498 4,4820
4,1237 4,1558
4,6576 4,6904
5,1864 5,2196
357 15:33:20
4,4506 4,4828
4,1252 4,1573
4,6589 4,6917
5,1866 5,2198
358 15:34:21
4,4502 4,4824
4,1240 4,1561
4,6584 4,6912
5,1860 5,2192
359 15:35:21
4,4505 4,4827
4,1246 4,1567
4,6585 4,6913
5,1864 5,2196
360 15:36:21
4,4509 4,4831
4,1241 4,1562
4,6590 4,6918
5,1869 5,2201
361 15:37:21
4,4513 4,4835
4,1242 4,1563
4,6591 4,6919
5,1870 5,2202
362 15:38:21
4,4520 4,4842
4,1242 4,1563
4,6594 4,6922
5,1876 5,2208
363 15:39:20
4,4518 4,4840
4,1250 4,1571
4,6590 4,6918
5,1877 5,2209
364 15:40:20
4,4525 4,4847
4,1250 4,1571
4,6594 4,6922
5,1881 5,2213
365 15:41:21
4,4525 4,4847
4,1250 4,1571
4,6594 4,6922
5,1884 5,2216
366 15:42:21
4,4521 4,4843
4,1236 4,1557
4,6595 4,6923
5,1877 5,2209
367 15:43:21
4,4521 4,4843
4,1231 4,1552
4,6590 4,6918
5,1877 5,2209
368 15:44:21
4,4522 4,4844
4,1233 4,1554
4,6596 4,6924
5,1875 5,2207
369 15:45:21
4,4521 4,4843
4,1234 4,1555
4,6590 4,6918
5,1870 5,2202
370 15:46:21
4,4518 4,4840
4,1232 4,1553
4,6590 4,6918
5,1865 5,2197
371 15:47:21
4,4511 4,4833
4,1208 4,1529
4,6582 4,6910
5,1853 5,2185
372 15:48:20
4,4508 4,4830
4,1202 4,1523
4,6572 4,6900
5,1853 5,2185
373 15:49:42
4,4515 4,4837
4,1208 4,1529
4,6579 4,6907
5,1854 5,2186
374 15:50:22
4,4515 4,4837
4,1196 4,1517
4,6579 4,6907
5,1859 5,2191
375 15:51:21
4,4515 4,4837
4,1198 4,1519
4,6584 4,6912
5,1854 5,2186
376 15:52:20
4,4518 4,4840
4,1204 4,1525
4,6586 4,6914
5,1859 5,2191
377 15:53:20
4,4523 4,4845
4,1204 4,1525
4,6595 4,6923
5,1864 5,2196
378 15:54:20
4,4517 4,4839
4,1200 4,1521
4,6588 4,6916
5,1857 5,2189
379 15:55:21
4,4523 4,4845
4,1212 4,1533
4,6595 4,6923
5,1865 5,2197
380 15:56:21
4,4526 4,4848
4,1206 4,1527
4,6593 4,6921
5,1867 5,2199
381 15:57:21
4,4524 4,4846
4,1205 4,1526
4,6591 4,6919
5,1865 5,2197
382 15:58:21
4,4524 4,4846
4,1205 4,1526
4,6587 4,6915
5,1850 5,2182
383 15:59:21
4,4522 4,4844
4,1203 4,1524
4,6593 4,6921
5,1855 5,2187
384 16:00:21
4,4520 4,4842
4,1205 4,1526
4,6592 4,6920
5,1858 5,2190
385 16:01:21
4,4504 4,4826
4,1097 4,1418
4,6575 4,6903
5,1830 5,2162
386 16:02:21
4,4505 4,4827
4,1096 4,1417
4,6576 4,6904
5,1834 5,2166
387 16:03:21
4,4495 4,4817
4,1058 4,1379
4,6571 4,6899
5,1842 5,2174
388 16:04:22
4,4495 4,4817
4,1045 4,1366
4,6561 4,6889
5,1830 5,2162
389 16:05:21
4,4483 4,4805
4,1034 4,1355
4,6550 4,6878
5,1816 5,2148
390 16:06:22
4,4484 4,4806
4,0997 4,1318
4,6569 4,6897
5,1813 5,2145
391 16:07:21
4,4478 4,4800
4,1014 4,1335
4,6563 4,6891
5,1805 5,2137
392 16:08:20
4,4485 4,4807
4,1020 4,1341
4,6570 4,6898
5,1817 5,2149
393 16:09:21
4,4487 4,4809
4,1013 4,1334
4,6559 4,6887
5,1823 5,2155
394 16:10:21
4,4491 4,4813
4,1014 4,1335
4,6564 4,6892
5,1832 5,2164
395 16:11:21
4,4497 4,4819
4,1039 4,1360
4,6568 4,6896
5,1819 5,2151
396 16:12:21
4,4497 4,4819
4,1056 4,1377
4,6563 4,6891
5,1822 5,2154
397 16:13:21
4,4512 4,4834
4,1080 4,1401
4,6579 4,6907
5,1831 5,2163
398 16:14:20
4,4509 4,4831
4,1080 4,1401
4,6577 4,6905
5,1823 5,2155
399 16:15:20
4,4507 4,4829
4,1065 4,1386
4,6575 4,6903
5,1845 5,2177
400 16:16:20
4,4507 4,4829
4,1059 4,1380
4,6575 4,6903
5,1845 5,2177
401 16:17:21
4,4507 4,4829
4,1055 4,1376
4,6563 4,6891
5,1848 5,2180
402 16:18:21
4,4507 4,4829
4,1055 4,1376
4,6557 4,6885
5,1848 5,2180
403 16:19:21
4,4522 4,4844
4,1079 4,1400
4,6575 4,6903
5,1877 5,2209
404 16:20:24
4,4521 4,4843
4,1068 4,1389
4,6573 4,6901
5,1867 5,2199
405 16:21:21
4,4520 4,4842
4,1068 4,1389
4,6589 4,6917
5,1873 5,2205
406 16:22:22
4,4519 4,4841
4,1054 4,1375
4,6586 4,6914
5,1872 5,2204
407 16:23:21
4,4518 4,4840
4,1046 4,1367
4,6582 4,6910
5,1870 5,2202
408 16:24:21
4,4526 4,4848
4,1067 4,1388
4,6596 4,6924
5,1889 5,2221
409 16:25:20
4,4518 4,4840
4,1069 4,1390
4,6585 4,6913
5,1880 5,2212
410 16:26:20
4,4519 4,4841
4,1059 4,1380
4,6586 4,6914
5,1881 5,2213
411 16:27:21
4,4524 4,4846
4,1062 4,1383
4,6594 4,6922
5,1887 5,2219
412 16:28:21
4,4525 4,4847
4,1048 4,1369
4,6597 4,6925
5,1882 5,2214
413 16:29:21
4,4516 4,4838
4,1049 4,1370
4,6596 4,6924
5,1863 5,2195
414 16:30:21
4,4525 4,4847
4,1048 4,1369
4,6607 4,6935
5,1872 5,2204
415 16:31:21
4,4527 4,4849
4,1065 4,1386
4,6619 4,6947
5,1874 5,2206
416 16:32:20
4,4531 4,4853
4,1074 4,1395
4,6627 4,6955
5,1831 5,2163
417 16:33:20
4,4527 4,4849
4,1075 4,1396
4,6632 4,6960
5,1846 5,2178
418 16:34:21
4,4528 4,4850
4,1052 4,1373
4,6623 4,6951
5,1845 5,2177
419 16:35:21
4,4530 4,4852
4,1055 4,1376
4,6627 4,6955
5,1824 5,2156
420 16:36:21
4,4534 4,4856
4,1096 4,1417
4,6642 4,6970
5,1816 5,2148
421 16:37:21
4,4528 4,4850
4,1108 4,1429
4,6627 4,6955
5,1806 5,2138
422 16:38:21
4,4528 4,4850
4,1111 4,1432
4,6644 4,6972
5,1801 5,2133
423 16:39:21
4,4528 4,4850
4,1117 4,1438
4,6635 4,6963
5,1804 5,2136
424 16:40:21
4,4527 4,4849
4,1095 4,1416
4,6626 4,6954
5,1805 5,2137
425 16:41:21
4,4526 4,4848
4,1089 4,1410
4,6624 4,6953
5,1789 5,2121
426 16:42:21
4,4530 4,4852
4,1092 4,1413
4,6626 4,6955
5,1797 5,2129
427 16:43:21
4,4528 4,4850
4,1109 4,1430
4,6624 4,6953
5,1786 5,2118
428 16:44:20
4,4528 4,4850
4,1108 4,1429
4,6629 4,6958
5,1795 5,2127
429 16:45:20
4,4529 4,4851
4,1118 4,1439
4,6631 4,6960
5,1788 5,2120
430 16:46:20
4,4530 4,4852
4,1113 4,1434
4,6632 4,6961
5,1788 5,2120
431 16:47:20
4,4533 4,4855
4,1131 4,1452
4,6631 4,6960
5,1787 5,2119
432 16:48:21
4,4533 4,4855
4,1139 4,1460
4,6632 4,6961
5,1781 5,2113
433 16:49:21
4,4532 4,4854
4,1135 4,1456
4,6637 4,6966
5,1794 5,2126
434 16:50:22
4,4523 4,4845
4,1107 4,1428
4,6621 4,6950
5,1782 5,2114
435 16:51:21
4,4524 4,4846
4,1104 4,1425
4,6615 4,6944
5,1784 5,2116
436 16:52:33
4,4523 4,4845
4,1103 4,1424
4,6626 4,6955
5,1780 5,2112
437 16:53:21
4,4526 4,4848
4,1104 4,1425
4,6631 4,6960
5,1763 5,2095
438 16:54:20
4,4527 4,4849
4,1103 4,1424
4,6625 4,6954
5,1760 5,2092
439 16:55:20
4,4526 4,4848
4,1094 4,1415
4,6622 4,6951
5,1756 5,2088
440 16:56:21
4,4526 4,4848
4,1108 4,1429
4,6622 4,6951
5,1759 5,2091
441 16:57:21
4,4524 4,4846
4,1106 4,1427
4,6639 4,6968
5,1760 5,2092
442 16:58:21
4,4521 4,4843
4,1109 4,1430
4,6639 4,6968
5,1766 5,2098
443 16:59:21
4,4509 4,4831
4,1098 4,1419
4,6626 4,6955
5,1776 5,2108
444 17:00:22
4,4503 4,4825
4,1092 4,1413
4,6620 4,6949
5,1766 5,2098
445 17:01:20
4,4502 4,4824
4,1091 4,1412
4,6621 4,6950
5,1762 5,2094
446 17:02:21
4,4502 4,4824
4,1101 4,1422
4,6621 4,6950
5,1774 5,2106
447 17:03:21
4,4502 4,4824
4,1082 4,1403
4,6616 4,6945
5,1773 5,2105
448 17:04:21
4,4493 4,4815
4,1053 4,1374
4,6610 4,6939
5,1755 5,2087
449 17:05:21
4,4496 4,4818
4,1057 4,1378
4,6609 4,6938
5,1757 5,2089
450 17:06:21
4,4490 4,4812
4,1049 4,1370
4,6603 4,6932
5,1731 5,2063
451 17:07:21
4,4489 4,4811
4,1049 4,1370
4,6598 4,6927
5,1726 5,2058
452 17:08:20
4,4497 4,4819
4,1054 4,1375
4,6606 4,6935
5,1728 5,2060
453 17:09:20
4,4506 4,4828
4,1062 4,1383
4,6612 4,6941
5,1738 5,2070
454 17:10:20
4,4493 4,4815
4,1048 4,1369
4,6601 4,6930
5,1729 5,2061
455 17:11:20
4,4483 4,4805
4,1036 4,1357
4,6597 4,6926
5,1717 5,2049
456 17:12:20
4,4490 4,4812
4,1046 4,1367
4,6606 4,6935
5,1720 5,2052
457 17:13:21
4,4479 4,4801
4,1030 4,1351
4,6592 4,6921
5,1707 5,2039
458 17:14:21
4,4487 4,4809
4,1024 4,1345
4,6595 4,6924
5,1720 5,2052
459 17:15:21
4,4504 4,4826
4,1029 4,1350
4,6618 4,6947
5,1743 5,2075
460 17:16:21
4,4508 4,4830
4,1047 4,1368
4,6622 4,6951
5,1765 5,2097
461 17:17:23
4,4505 4,4827
4,1042 4,1363
4,6615 4,6944
5,1765 5,2097
462 17:18:21
4,4497 4,4819
4,1043 4,1364
4,6606 4,6935
5,1753 5,2085
463 17:19:23
4,4487 4,4809
4,1023 4,1344
4,6593 4,6922
5,1741 5,2073
464 17:20:24
4,4500 4,4822
4,1034 4,1355
4,6604 4,6933
5,1769 5,2101
465 17:21:21
4,4499 4,4821
4,1037 4,1358
4,6608 4,6937
5,1769 5,2101
466 17:22:22
4,4494 4,4816
4,1027 4,1348
4,6603 4,6932
5,1764 5,2096
467 17:23:21
4,4496 4,4818
4,1030 4,1351
4,6604 4,6933
5,1763 5,2095
468 17:24:21
4,4488 4,4810
4,1021 4,1342
4,6597 4,6926
5,1753 5,2085
469 17:25:21
4,4484 4,4806
4,1021 4,1342
4,6597 4,6926
5,1749 5,2081
470 17:26:21
4,4478 4,4800
4,1010 4,1331
4,6591 4,6920
5,1751 5,2083
471 17:27:21
4,4487 4,4809
4,1017 4,1338
4,6601 4,6930
5,1761 5,2093
472 17:28:22
4,4493 4,4815
4,1018 4,1339
4,6614 4,6943
5,1777 5,2109
473 17:29:20
4,4486 4,4808
4,1012 4,1333
4,6609 4,6938
5,1772 5,2104
474 17:30:20
4,4488 4,4810
4,1015 4,1336
4,6616 4,6945
5,1775 5,2107
475 17:31:20
4,4501 4,4823
4,1031 4,1352
4,6624 4,6953
5,1790 5,2122
476 17:32:21
4,4505 4,4827
4,1031 4,1352
4,6629 4,6958
5,1786 5,2118
477 17:33:20
4,4504 4,4826
4,1032 4,1353
4,6624 4,6953
5,1788 5,2120
478 17:34:21
4,4506 4,4828
4,1028 4,1349
4,6635 4,6964
5,1783 5,2115
479 17:35:21
4,4506 4,4828
4,1015 4,1336
4,6636 4,6965
5,1788 5,2120
480 17:36:21
4,4507 4,4829
4,1014 4,1335
4,6635 4,6964
5,1791 5,2123
481 17:37:21
4,4513 4,4835
4,1018 4,1339
4,6641 4,6970
5,1799 5,2131
482 17:38:21
4,4510 4,4832
4,1015 4,1336
4,6633 4,6962
5,1806 5,2138
483 17:39:21
4,4511 4,4833
4,1005 4,1326
4,6628 4,6957
5,1805 5,2137
484 17:40:20
4,4512 4,4834
4,0996 4,1317
4,6627 4,6956
5,1800 5,2132
485 17:41:20
4,4511 4,4833
4,1000 4,1321
4,6625 4,6954
5,1804 5,2136
486 17:42:20
4,4510 4,4832
4,0992 4,1313
4,6624 4,6953
5,1809 5,2141
487 17:43:21
4,4510 4,4832
4,0996 4,1317
4,6625 4,6954
5,1809 5,2141
488 17:44:21
4,4502 4,4824
4,0992 4,1313
4,6618 4,6947
5,1797 5,2129
489 17:45:21
4,4493 4,4815
4,0988 4,1309
4,6609 4,6938
5,1787 5,2119
490 17:46:21
4,4489 4,4811
4,0986 4,1307
4,6604 4,6933
5,1781 5,2113
491 17:47:21
4,4487 4,4809
4,0988 4,1309
4,6603 4,6932
5,1774 5,2106
492 17:48:21
4,4488 4,4810
4,0978 4,1299
4,6607 4,6936
5,1778 5,2110
493 17:49:20
4,4489 4,4811
4,0980 4,1301
4,6604 4,6933
5,1782 5,2114
494 17:50:20
4,4489 4,4811
4,0978 4,1299
4,6607 4,6936
5,1782 5,2114
495 17:51:20
4,4488 4,4810
4,0977 4,1298
4,6611 4,6940
5,1781 5,2113
496 17:52:21
4,4488 4,4810
4,0977 4,1298
4,6618 4,6947
5,1772 5,2104
497 17:53:21
4,4487 4,4809
4,0984 4,1305
4,6620 4,6949
5,1770 5,2102
498 17:54:21
4,4488 4,4810
4,0983 4,1304
4,6620 4,6949
5,1766 5,2098
499 17:55:21
4,4498 4,4820
4,1002 4,1323
4,6627 4,6956
5,1776 5,2108
500 17:56:21
4,4502 4,4824
4,1015 4,1336
4,6622 4,6951
5,1777 5,2109
501 17:57:20
4,4500 4,4822
4,1011 4,1332
4,6617 4,6946
5,1768 5,2100
502 17:58:20
4,4489 4,4811
4,0997 4,1318
4,6607 4,6936
5,1749 5,2081
503 17:59:20
4,4489 4,4811
4,0999 4,1320
4,6604 4,6933
5,1743 5,2075
504 18:00:20
4,4487 4,4818
4,0995 4,1329
4,6601 4,6939
5,1740 5,2076
505 18:01:21
4,4487 4,4818
4,0986 4,1321
4,6596 4,6934
5,1728 5,2070
506 18:02:21
4,4482 4,4814
4,0987 4,1323
4,6586 4,6926
5,1724 5,2066
507 18:03:21
4,4479 4,4810
4,0977 4,1311
4,6573 4,6911
5,1723 5,2065
508 18:04:21
4,4479 4,4810
4,0976 4,1308
4,6571 4,6910
5,1726 5,2067
509 18:05:21
4,4480 4,4811
4,0980 4,1314
4,6574 4,6912
5,1732 5,2068
510 18:06:20
4,4479 4,4810
4,0975 4,1310
4,6573 4,6911
5,1732 5,2072
511 18:07:20
4,4479 4,4811
4,0984 4,1318
4,6569 4,6913
5,1739 5,2081
512 18:08:20
4,4490 4,4820
4,0993 4,1328
4,6589 4,6926
5,1757 5,2097
513 18:09:21
4,4491 4,4823
4,0980 4,1316
4,6596 4,6940
5,1762 5,2105
514 18:10:21
4,4491 4,4824
4,0975 4,1312
4,6594 4,6939
5,1756 5,2100
515 18:11:21
4,4490 4,4824
4,0983 4,1321
4,6595 4,6941
5,1764 5,2103
516 18:12:21
4,4492 4,4825
4,0983 4,1316
4,6596 4,6936
5,1761 5,2106
517 18:13:21
4,4499 4,4830
4,0986 4,1321
4,6598 4,6935
5,1767 5,2108
518 18:14:20
4,4495 4,4830
4,0986 4,1321
4,6593 4,6936
5,1762 5,2103
519 18:15:20
4,4497 4,4826
4,1000 4,1330
4,6601 4,6937
5,1765 5,2104
520 18:16:20
4,4500 4,4832
4,1004 4,1336
4,6610 4,6950
5,1774 5,2118
521 18:17:21
4,4501 4,4832
4,1003 4,1338
4,6604 4,6943
5,1774 5,2116
522 18:18:21
4,4500 4,4829
4,1013 4,1346
4,6608 4,6945
5,1774 5,2114
523 18:19:21
4,4501 4,4831
4,1016 4,1350
4,6611 4,6949
5,1776 5,2116
524 18:20:21
4,4503 4,4832
4,1017 4,1347
4,6611 4,6948
5,1784 5,2117
525 18:21:20
4,4492 4,4824
4,1004 4,1340
4,6601 4,6940
5,1772 5,2109
526 18:22:20
4,4493 4,4824
4,0996 4,1332
4,6600 4,6939
5,1765 5,2107
527 18:23:21
4,4493 4,4825
4,0997 4,1333
4,6602 4,6941
5,1767 5,2109
528 18:24:21
4,4493 4,4825
4,1005 4,1341
4,6602 4,6941
5,1773 5,2110
529 18:25:21
4,4493 4,4824
4,1003 4,1338
4,6601 4,6942
5,1765 5,2107
530 18:26:21
4,4493 4,4824
4,1003 4,1334
4,6607 4,6945
5,1765 5,2107
531 18:27:21
4,4493 4,4825
4,0997 4,1333
4,6607 4,6946
5,1773 5,2114
532 18:28:20
4,4493 4,4824
4,0999 4,1334
4,6607 4,6945
5,1771 5,2113
533 18:29:20
4,4493 4,4817
4,1004 4,1333
4,6607 4,6938
5,1766 5,2100
534 18:30:20
4,4497 4,4822
4,1004 4,1334
4,6611 4,6943
5,1764 5,2098
535 18:31:21
4,4497 4,4826
4,1003 4,1336
4,6611 4,6947
5,1761 5,2101
536 18:32:21
4,4496 4,4825
4,1003 4,1333
4,6609 4,6946
5,1757 5,2098
537 18:33:21
4,4491 4,4821
4,0999 4,1333
4,6604 4,6941
5,1752 5,2092
538 18:34:21
4,4490 4,4820
4,1004 4,1339
4,6609 4,6947
5,1744 5,2086
539 18:35:20
4,4490 4,4822
4,1002 4,1338
4,6605 4,6947
5,1738 5,2082
540 18:36:20
4,4491 4,4822
4,1001 4,1336
4,6610 4,6948
5,1746 5,2087
541 18:37:20
4,4492 4,4823
4,0998 4,1333
4,6611 4,6949
5,1740 5,2082
542 18:38:21
4,4493 4,4826
4,0992 4,1330
4,6612 4,6952
5,1742 5,2085
543 18:39:21
4,4493 4,4824
4,0996 4,1328
4,6612 4,6950
5,1737 5,2079
544 18:40:21
4,4492 4,4824
4,0989 4,1321
4,6616 4,6955
5,1736 5,2077
545 18:41:20
4,4492 4,4824
4,0991 4,1328
4,6616 4,6955
5,1736 5,2079
546 18:42:20
4,4493 4,4824
4,0992 4,1324
4,6612 4,6950
5,1735 5,2077
547 18:43:20
4,4492 4,4825
4,0991 4,1325
4,6611 4,6951
5,1734 5,2072
548 18:44:21
4,4492 4,4824
4,0995 4,1329
4,6606 4,6945
5,1730 5,2067
549 18:45:21
4,4492 4,4825
4,0987 4,1324
4,6606 4,6946
5,1728 5,2072
550 18:46:21
4,4483 4,4830
4,0979 4,1325
4,6597 4,6950
5,1710 5,2072
551 18:47:21
4,4492 4,4825
4,0984 4,1318
4,6606 4,6946
5,1716 5,2061
552 18:48:21
4,4492 4,4824
4,0978 4,1314
4,6606 4,6945
5,1724 5,2067
553 18:49:21
4,4491 4,4823
4,0975 4,1310
4,6605 4,6944
5,1723 5,2066
554 18:50:21
4,4492 4,4825
4,0972 4,1309
4,6606 4,6946
5,1723 5,2066
555 18:51:20
4,4492 4,4825
4,0968 4,1301
4,6606 4,6946
5,1722 5,2064
556 18:52:20
4,4492 4,4825
4,0968 4,1301
4,6611 4,6955
5,1716 5,2060
557 18:53:20
4,4491 4,4823
4,0968 4,1301
4,6610 4,6949
5,1722 5,2062
558 18:54:21
4,4492 4,4825
4,0964 4,1301
4,6606 4,6946
5,1717 5,2060
559 18:55:21
4,4491 4,4823
4,0965 4,1300
4,6605 4,6944
5,1717 5,2060
560 18:56:21
4,4493 4,4826
4,0969 4,1302
4,6607 4,6947
5,1717 5,2061
561 18:57:21
4,4492 4,4825
4,0964 4,1301
4,6606 4,6946
5,1722 5,2066
562 18:58:21
4,4492 4,4825
4,0953 4,1286
4,6596 4,6936
5,1716 5,2060
563 18:59:21
4,4470 4,4810
4,0926 4,1269
4,6573 4,6926
5,1684 5,2038
564 19:00:20
4,4478 4,4815
4,0938 4,1278
4,6580 4,6925
5,1700 5,2049
565 19:01:20
4,4478 4,4813
4,0932 4,1271
4,6575 4,6918
5,1700 5,2046
566 19:02:20
4,4470 4,4810
4,0915 4,1259
4,6570 4,6920
5,1693 5,2044
567 19:03:21
4,4473 4,4809
4,0918 4,1258
4,6572 4,6916
5,1690 5,2036
568 19:04:21
4,4480 4,4811
4,0919 4,1251
4,6583 4,6921
5,1701 5,2044
569 19:05:21
4,4482 4,4813
4,0925 4,1260
4,6584 4,6923
5,1704 5,2046
570 19:06:21
4,4480 4,4813
4,0926 4,1263
4,6584 4,6924
5,1702 5,2046
571 19:07:21
4,4482 4,4813
4,0929 4,1265
4,6585 4,6928
5,1698 5,2040
572 19:08:20
4,4482 4,4815
4,0925 4,1262
4,6589 4,6930
5,1698 5,2042
573 19:09:20
4,4481 4,4813
4,0928 4,1265
4,6590 4,6930
5,1699 5,2042
574 19:10:20
4,4485 4,4815
4,0925 4,1257
4,6595 4,6933
5,1703 5,2043
575 19:11:21
4,4483 4,4813
4,0930 4,1265
4,6591 4,6934
5,1701 5,2042
576 19:12:21
4,4485 4,4814
4,0932 4,1262
4,6597 4,6934
5,1701 5,2035
577 19:13:21
4,4482 4,4814
4,0926 4,1262
4,6590 4,6935
5,1694 5,2037
578 19:14:21
4,4481 4,4815
4,0908 4,1242
4,6585 4,6930
5,1692 5,2036
579 19:15:21
4,4486 4,4811
4,0905 4,1233
4,6586 4,6922
5,1697 5,2034
580 19:16:20
4,4490 4,4813
4,0914 4,1238
4,6587 4,6918
5,1702 5,2034
581 19:17:20
4,4485 4,4810
4,0910 4,1236
4,6578 4,6915
5,1697 5,2032
582 19:18:21
4,4484 4,4808
4,0920 4,1245
4,6593 4,6929
5,1699 5,2031
583 19:19:21
4,4483 4,4809
4,0912 4,1239
4,6592 4,6930
5,1701 5,2036
584 19:20:21
4,4480 4,4812
4,0906 4,1242
4,6590 4,6933
5,1698 5,2041
585 19:21:21
4,4485 4,4811
4,0909 4,1236
4,6596 4,6931
5,1701 5,2033
586 19:22:20
4,4487 4,4813
4,0911 4,1238
4,6596 4,6929
5,1711 5,2048
587 19:23:20
4,4489 4,4818
4,0905 4,1238
4,6598 4,6934
5,1712 5,2052
588 19:24:21
4,4488 4,4815
4,0916 4,1244
4,6597 4,6931
5,1712 5,2049
589 19:25:21
4,4486 4,4812
4,0910 4,1237
4,6595 4,6929
5,1710 5,2047
590 19:26:21
4,4479 4,4814
4,0907 4,1242
4,6586 4,6929
5,1697 5,2042
591 19:27:21
4,4487 4,4810
4,0914 4,1239
4,6595 4,6924
5,1707 5,2039
592 19:28:20
4,4484 4,4813
4,0919 4,1248
4,6591 4,6928
5,1702 5,2041
593 19:29:20
4,4481 4,4812
4,0917 4,1249
4,6588 4,6927
5,1697 5,2039
594 19:30:20
4,4482 4,4813
4,0917 4,1248
4,6589 4,6928
5,1698 5,2040
595 19:31:20
4,4479 4,4810
4,0914 4,1249
4,6581 4,6920
5,1694 5,2036
596 19:32:21
4,4482 4,4811
4,0914 4,1248
4,6589 4,6927
5,1705 5,2044
597 19:33:21
4,4481 4,4813
4,0906 4,1241
4,6585 4,6928
5,1704 5,2040
598 19:34:21
4,4480 4,4812
4,0902 4,1238
4,6583 4,6928
5,1704 5,2041
599 19:35:21
4,4480 4,4812
4,0902 4,1234
4,6583 4,6928
5,1704 5,2041
600 19:36:21
4,4488 4,4817
4,0902 4,1233
4,6592 4,6928
5,1711 5,2051
601 19:37:21
4,4483 4,4815
4,0901 4,1233
4,6585 4,6927
5,1712 5,2050
602 19:38:20
4,4484 4,4814
4,0906 4,1240
4,6588 4,6925
5,1714 5,2054
603 19:39:21
4,4482 4,4815
4,0898 4,1235
4,6584 4,6925
5,1710 5,2054
604 19:40:21
4,4487 4,4818
4,0899 4,1234
4,6589 4,6928
5,1723 5,2064
605 19:41:21
4,4482 4,4815
4,0898 4,1235
4,6581 4,6921
5,1716 5,2054
606 19:42:21
4,4486 4,4816
4,0900 4,1234
4,6581 4,6922
5,1722 5,2058
607 19:43:21
4,4485 4,4816
4,0898 4,1230
4,6579 4,6917
5,1715 5,2056
608 19:44:21
4,4484 4,4815
4,0896 4,1229
4,6581 4,6920
5,1712 5,2054
609 19:45:21
4,4482 4,4816
4,0896 4,1234
4,6577 4,6923
5,1711 5,2057
610 19:46:20
4,4483 4,4816
4,0895 4,1232
4,6576 4,6917
5,1705 5,2049
611 19:47:20
4,4483 4,4816
4,0891 4,1228
4,6571 4,6916
5,1705 5,2049
612 19:48:21
4,4482 4,4816
4,0891 4,1226
4,6574 4,6917
5,1705 5,2049
613 19:49:21
4,4481 4,4815
4,0888 4,1226
4,6570 4,6911
5,1699 5,2044
614 19:50:20
4,4482 4,4815
4,0891 4,1224
4,6571 4,6911
5,1698 5,2042
615 19:51:20
4,4483 4,4816
4,0895 4,1230
4,6570 4,6911
5,1699 5,2044
616 19:52:21
4,4482 4,4815
4,0894 4,1231
4,6570 4,6915
5,1692 5,2036
617 19:53:21
4,4481 4,4814
4,0901 4,1236
4,6574 4,6919
5,1697 5,2035
618 19:54:21
4,4484 4,4814
4,0897 4,1230
4,6576 4,6916
5,1702 5,2043
619 19:55:21
4,4483 4,4816
4,0904 4,1240
4,6577 4,6917
5,1700 5,2044
620 19:56:21
4,4480 4,4815
4,0908 4,1243
4,6574 4,6916
5,1696 5,2036
621 19:57:21
4,4481 4,4815
4,0910 4,1247
4,6575 4,6916
5,1699 5,2038
622 19:58:20
4,4478 4,4810
4,0904 4,1240
4,6572 4,6911
5,1697 5,2038
623 19:59:20
4,4475 4,4808
4,0895 4,1232
4,6567 4,6908
5,1696 5,2035
624 20:00:21
4,4470 4,4802
4,0891 4,1224
4,6564 4,6904
5,1686 5,2029
625 20:01:21
4,4470 4,4798
4,0896 4,1225
4,6559 4,6899
5,1685 5,2023
626 20:02:21
4,4471 4,4802
4,0896 4,1231
4,6558 4,6901
5,1693 5,2034
627 20:03:21
4,4471 4,4802
4,0900 4,1236
4,6564 4,6902
5,1685 5,2027
628 20:04:20
4,4470 4,4802
4,0908 4,1244
4,6563 4,6902
5,1693 5,2036
629 20:05:20
4,4471 4,4802
4,0911 4,1243
4,6564 4,6902
5,1697 5,2039
630 20:06:21
4,4471 4,4802
4,0911 4,1246
4,6558 4,6901
5,1705 5,2040
631 20:07:21
4,4470 4,4802
4,0914 4,1251
4,6559 4,6899
5,1698 5,2040
632 20:08:21
4,4471 4,4800
4,0912 4,1242
4,6559 4,6895
5,1703 5,2038
633 20:09:21
4,4471 4,4802
4,0907 4,1242
4,6559 4,6897
5,1698 5,2039
634 20:10:21
4,4471 4,4802
4,0907 4,1242
4,6559 4,6897
5,1703 5,2045
635 20:11:20
4,4470 4,4800
4,0908 4,1242
4,6558 4,6895
5,1706 5,2045
636 20:12:20
4,4471 4,4802
4,0903 4,1238
4,6558 4,6897
5,1709 5,2046
637 20:13:21
4,4471 4,4800
4,0904 4,1238
4,6559 4,6895
5,1705 5,2043
638 20:14:21
4,4471 4,4800
4,0907 4,1236
4,6557 4,6894
5,1703 5,2043
639 20:15:21
4,4471 4,4802
4,0909 4,1243
4,6558 4,6897
5,1709 5,2051
640 20:16:21
4,4471 4,4800
4,0911 4,1244
4,6553 4,6894
5,1709 5,2049
641 20:17:20
4,4471 4,4802
4,0911 4,1246
4,6553 4,6892
5,1709 5,2051
642 20:18:20
4,4470 4,4800
4,0914 4,1249
4,6553 4,6896
5,1704 5,2045
643 20:19:21
4,4471 4,4800
4,0919 4,1253
4,6553 4,6894
5,1703 5,2043
644 20:20:21
4,4471 4,4802
4,0922 4,1253
4,6553 4,6896
5,1703 5,2045
645 20:21:21
4,4471 4,4802
4,0922 4,1253
4,6559 4,6897
5,1703 5,2045
646 20:22:20
4,4471 4,4802
4,0923 4,1255
4,6559 4,6897
5,1703 5,2045
647 20:23:20
4,4471 4,4802
4,0922 4,1257
4,6554 4,6896
5,1704 5,2044
648 20:24:20
4,4471 4,4800
4,0922 4,1255
4,6553 4,6894
5,1709 5,2049
649 20:25:20
4,4471 4,4800
4,0930 4,1263
4,6559 4,6895
5,1709 5,2049
650 20:26:21
4,4470 4,4800
4,0927 4,1261
4,6554 4,6892
5,1710 5,2051
651 20:27:21
4,4470 4,4802
4,0934 4,1266
4,6553 4,6892
5,1710 5,2053
652 20:28:21
4,4470 4,4800
4,0938 4,1272
4,6558 4,6895
5,1710 5,2045
653 20:29:21
4,4471 4,4802
4,0938 4,1270
4,6553 4,6892
5,1703 5,2045
654 20:30:21
4,4471 4,4800
4,0934 4,1268
4,6553 4,6890
5,1703 5,2043
655 20:31:21
4,4471 4,4800
4,0934 4,1268
4,6553 4,6894
5,1709 5,2049
656 20:32:20
4,4471 4,4800
4,0934 4,1268
4,6559 4,6895
5,1709 5,2049
657 20:33:20
4,4470 4,4798
4,0933 4,1266
4,6554 4,6890
5,1710 5,2049
658 20:34:21
4,4471 4,4800
4,0934 4,1268
4,6553 4,6890
5,1709 5,2049
659 20:35:21
4,4471 4,4800
4,0930 4,1263
4,6553 4,6890
5,1716 5,2048
660 20:36:21
4,4470 4,4798
4,0931 4,1263
4,6553 4,6888
5,1710 5,2049
661 20:37:21
4,4470 4,4798
4,0927 4,1259
4,6553 4,6888
5,1716 5,2055
662 20:38:21
4,4471 4,4800
4,0922 4,1255
4,6553 4,6890
5,1715 5,2055
663 20:39:21
4,4459 4,4805
4,0916 4,1265
4,6543 4,6897
5,1704 5,2063
664 20:40:21
4,4460 4,4805
4,0913 4,1261
4,6543 4,6901
5,1697 5,2055
665 20:41:20
4,4459 4,4805
4,0908 4,1257
4,6542 4,6901
5,1704 5,2063
666 20:42:20
4,4470 4,4798
4,0918 4,1251
4,6558 4,6893
5,1715 5,2053
667 20:43:21
4,4471 4,4800
4,0915 4,1249
4,6553 4,6894
5,1715 5,2055
668 20:44:21
4,4471 4,4800
4,0916 4,1250
4,6553 4,6894
5,1717 5,2056
669 20:45:21
4,4471 4,4800
4,0915 4,1249
4,6558 4,6899
5,1715 5,2049
670 20:46:21
4,4471 4,4800
4,0911 4,1244
4,6564 4,6900
5,1715 5,2055
671 20:47:21
4,4471 4,4800
4,0904 4,1234
4,6563 4,6904
5,1709 5,2049
672 20:48:21
4,4471 4,4800
4,0903 4,1236
4,6564 4,6900
5,1715 5,2050
673 20:49:21
4,4471 4,4800
4,0903 4,1236
4,6564 4,6900
5,1711 5,2049
674 20:50:21
4,4471 4,4800
4,0903 4,1236
4,6563 4,6904
5,1715 5,2055
675 20:51:21
4,4471 4,4800
4,0896 4,1229
4,6563 4,6904
5,1709 5,2049
676 20:52:20
4,4470 4,4800
4,0901 4,1234
4,6563 4,6900
5,1722 5,2057
677 20:53:20
4,4471 4,4800
4,0900 4,1234
4,6564 4,6900
5,1720 5,2054
678 20:54:21
4,4471 4,4800
4,0904 4,1234
4,6564 4,6900
5,1715 5,2055
679 20:55:21
4,4471 4,4800
4,0904 4,1234
4,6558 4,6899
5,1715 5,2055
680 20:56:21
4,4471 4,4800
4,0903 4,1236
4,6559 4,6895
5,1709 5,2049
681 20:57:21
4,4470 4,4800
4,0899 4,1230
4,6559 4,6901
5,1704 5,2045
682 20:58:21
4,4464 4,4800
4,0890 4,1229
4,6552 4,6895
5,1697 5,2038
683 20:59:21
4,4465 4,4787
4,0899 4,1222
4,6552 4,6881
5,1691 5,2023
684 21:00:20
4,4464 4,4786
4,0892 4,1216
4,6546 4,6875
5,1695 5,2027
685 21:01:20
4,4464 4,4786
4,0896 4,1220
4,6546 4,6875
5,1695 5,2027
686 21:02:21
4,4455 4,4792
4,0885 4,1222
4,6538 4,6882
5,1691 5,2039
687 21:03:21
4,4455 4,4791
4,0886 4,1226
4,6534 4,6878
5,1692 5,2040
688 21:04:21
4,4462 4,4786
4,0888 4,1217
4,6541 4,6877
5,1706 5,2040
689 21:05:21
4,4462 4,4786
4,0889 4,1215
4,6540 4,6875
5,1706 5,2040
690 21:06:21
4,4462 4,4786
4,0884 4,1213
4,6540 4,6871
5,1706 5,2040
691 21:07:20
4,4456 4,4793
4,0885 4,1223
4,6534 4,6878
5,1698 5,2046
692 21:08:20
4,4462 4,4786
4,0892 4,1221
4,6541 4,6873
5,1700 5,2034
693 21:09:21
4,4462 4,4786
4,0892 4,1217
4,6540 4,6875
5,1701 5,2034
694 21:10:21
4,4462 4,4786
4,0892 4,1221
4,6541 4,6877
5,1703 5,2035
695 21:11:21
4,4462 4,4786
4,0873 4,1202
4,6535 4,6868
5,1700 5,2034
696 21:12:21
4,4460 4,4787
4,0863 4,1194
4,6529 4,6867
5,1692 5,2029
697 21:13:21
4,4458 4,4784
4,0858 4,1189
4,6526 4,6859
5,1695 5,2031
698 21:14:21
4,4465 4,4789
4,0865 4,1191
4,6534 4,6866
5,1703 5,2041
699 21:15:21
4,4467 4,4800
4,0858 4,1195
4,6531 4,6871
5,1699 5,2043
700 21:16:20
4,4466 4,4801
4,0853 4,1188
4,6524 4,6871
5,1699 5,2040
701 21:17:20
4,4465 4,4799
4,0853 4,1190
4,6525 4,6871
5,1699 5,2044
702 21:18:21
4,4466 4,4799
4,0853 4,1190
4,6523 4,6864
5,1699 5,2042
703 21:19:21
4,4465 4,4799
4,0854 4,1188
4,6520 4,6866
5,1699 5,2044
704 21:20:21
4,4465 4,4799
4,0838 4,1175
4,6519 4,6860
5,1694 5,2039
705 21:21:21
4,4466 4,4799
4,0842 4,1175
4,6520 4,6860
5,1692 5,2037
706 21:22:21
4,4465 4,4799
4,0835 4,1173
4,6519 4,6860
5,1691 5,2037
707 21:23:21
4,4465 4,4799
4,0832 4,1166
4,6519 4,6860
5,1685 5,2031
708 21:24:20
4,4471 4,4802
4,0833 4,1166
4,6525 4,6863
5,1698 5,2036
709 21:25:20
4,4471 4,4804
4,0828 4,1161
4,6530 4,6870
5,1697 5,2041
710 21:26:20
4,4471 4,4804
4,0824 4,1157
4,6530 4,6870
5,1691 5,2035
711 21:27:21
4,4471 4,4804
4,0831 4,1168
4,6535 4,6875
5,1697 5,2041
712 21:28:21
4,4470 4,4802
4,0831 4,1168
4,6534 4,6873
5,1698 5,2041
713 21:29:21
4,4471 4,4804
4,0831 4,1168
4,6535 4,6875
5,1702 5,2047
714 21:30:21
4,4471 4,4804
4,0835 4,1168
4,6540 4,6884
5,1697 5,2041
715 21:31:20
4,4471 4,4804
4,0835 4,1172
4,6539 4,6880
5,1703 5,2047
716 21:32:20
4,4471 4,4804
4,0835 4,1172
4,6540 4,6880
5,1703 5,2047
717 21:33:20
4,4471 4,4804
4,0835 4,1172
4,6535 4,6875
5,1709 5,2047
718 21:34:20
4,4467 4,4799
4,0830 4,1166
4,6527 4,6871
5,1706 5,2042
719 21:35:21
4,4467 4,4796
4,0828 4,1157
4,6531 4,6867
5,1700 5,2039
720 21:36:21
4,4466 4,4795
4,0827 4,1160
4,6533 4,6870
5,1699 5,2038
721 21:37:21
4,4465 4,4799
4,0828 4,1166
4,6534 4,6876
5,1699 5,2044
722 21:38:21
4,4466 4,4799
4,0831 4,1168
4,6529 4,6870
5,1698 5,2042
723 21:39:21
4,4466 4,4799
4,0835 4,1169
4,6533 4,6874
5,1704 5,2048
724 21:40:21
4,4466 4,4791
4,0834 4,1161
4,6534 4,6866
5,1704 5,2038
725 21:41:20
4,4465 4,4797
4,0839 4,1173
4,6529 4,6868
5,1710 5,2047
726 21:42:20
4,4466 4,4799
4,0843 4,1179
4,6533 4,6874
5,1710 5,2054
727 21:43:21
4,4465 4,4797
4,0847 4,1179
4,6529 4,6868
5,1710 5,2052
728 21:44:21
4,4465 4,4797
4,0847 4,1179
4,6529 4,6868
5,1704 5,2046
729 21:45:21
4,4466 4,4799
4,0838 4,1175
4,6524 4,6869
5,1704 5,2042
730 21:46:21
4,4466 4,4797
4,0838 4,1173
4,6520 4,6858
5,1705 5,2046
731 21:47:21
4,4465 4,4795
4,0843 4,1177
4,6519 4,6856
5,1704 5,2044
732 21:48:21
4,4466 4,4795
4,0839 4,1173
4,6520 4,6856
5,1705 5,2044
733 21:49:20
4,4462 4,4803
4,0839 4,1183
4,6524 4,6877
5,1705 5,2060
734 21:50:20
4,4459 4,4806
4,0829 4,1179
4,6522 4,6882
5,1698 5,2057
735 21:51:20
4,4459 4,4805
4,0837 4,1183
4,6528 4,6882
5,1698 5,2057
736 21:52:21
4,4458 4,4804
4,0828 4,1177
4,6526 4,6881
5,1695 5,2055
737 21:53:21
4,4460 4,4805
4,0834 4,1182
4,6528 4,6886
5,1697 5,2055
738 21:54:21
4,4465 4,4795
4,0839 4,1173
4,6539 4,6877
5,1704 5,2044
739 21:55:21
4,4465 4,4795
4,0834 4,1169
4,6533 4,6876
5,1704 5,2044
740 21:56:20
4,4465 4,4795
4,0843 4,1177
4,6539 4,6877
5,1704 5,2044
741 21:57:20
4,4467 4,4796
4,0843 4,1172
4,6535 4,6876
5,1710 5,2050
742 21:58:21
4,4467 4,4796
4,0844 4,1174
4,6535 4,6876
5,1712 5,2051
743 21:59:21
4,4459 4,4805
4,0836 4,1185
4,6527 4,6886
5,1698 5,2057
744 22:00:21
4,4466 4,4794
4,0842 4,1175
4,6534 4,6869
5,1706 5,2043
745 22:01:21
4,4464 4,4799
4,0840 4,1175
4,6538 4,6881
5,1702 5,2049
746 22:02:21
4,4464 4,4799
4,0844 4,1179
4,6536 4,6879
5,1702 5,2049
747 22:03:20
4,4463 4,4798
4,0843 4,1178
4,6535 4,6878
5,1700 5,2046
748 22:04:20
4,4463 4,4797
4,0845 4,1179
4,6537 4,6879
5,1702 5,2047
749 22:05:21
4,4465 4,4802
4,0846 4,1186
4,6537 4,6882
5,1703 5,2052
750 22:06:21
4,4465 4,4804
4,0845 4,1184
4,6537 4,6884
5,1703 5,2048
751 22:07:21
4,4462 4,4802
4,0844 4,1184
4,6536 4,6884
5,1701 5,2050
752 22:08:21
4,4463 4,4804
4,0844 4,1188
4,6531 4,6885
5,1694 5,2048
753 22:09:21
4,4462 4,4799
4,0846 4,1183
4,6534 4,6879
5,1700 5,2043
754 22:10:20
4,4462 4,4799
4,0847 4,1187
4,6535 4,6885
5,1700 5,2043
755 22:11:20
4,4462 4,4798
4,0847 4,1186
4,6535 4,6884
5,1694 5,2043
756 22:12:21
4,4462 4,4797
4,0846 4,1181
4,6534 4,6877
5,1693 5,2039
757 22:13:21
4,4462 4,4797
4,0842 4,1177
4,6530 4,6878
5,1693 5,2039
758 22:14:21
4,4462 4,4797
4,0842 4,1177
4,6529 4,6872
5,1693 5,2039
759 22:15:21
4,4462 4,4797
4,0842 4,1177
4,6530 4,6878
5,1693 5,2039
760 22:16:20
4,4462 4,4796
4,0844 4,1178
4,6531 4,6877
5,1694 5,2040
761 22:17:20
4,4462 4,4796
4,0844 4,1178
4,6530 4,6877
5,1701 5,2040
762 22:18:21
4,4462 4,4797
4,0842 4,1177
4,6530 4,6878
5,1697 5,2040
763 22:19:21
4,4462 4,4796
4,0840 4,1178
4,6530 4,6877
5,1701 5,2046
764 22:20:21
4,4462 4,4797
4,0842 4,1181
4,6529 4,6872
5,1693 5,2039
765 22:21:21
4,4461 4,4796
4,0845 4,1180
4,6528 4,6871
5,1692 5,2038
766 22:22:21
4,4459 4,4795
4,0845 4,1181
4,6528 4,6872
5,1690 5,2038
767 22:23:21
4,4461 4,4796
4,0845 4,1180
4,6528 4,6871
5,1692 5,2038
768 22:24:20
4,4461 4,4795
4,0843 4,1177
4,6530 4,6872
5,1694 5,2039
769 22:25:20
4,4461 4,4796
4,0841 4,1180
4,6528 4,6871
5,1692 5,2038
770 22:26:21
4,4465 4,4796
4,0845 4,1180
4,6532 4,6871
5,1696 5,2038
771 22:27:21
4,4465 4,4796
4,0845 4,1180
4,6532 4,6871
5,1696 5,2038
772 22:28:21
4,4465 4,4796
4,0845 4,1180
4,6532 4,6871
5,1696 5,2038
773 22:29:21
4,4461 4,4796
4,0845 4,1184
4,6533 4,6876
5,1692 5,2038
774 22:30:21
4,4463 4,4803
4,0848 4,1192
4,6537 4,6885
5,1695 5,2047
775 22:31:20
4,4473 4,4804
4,0856 4,1191
4,6547 4,6885
5,1707 5,2048
776 22:32:20
4,4469 4,4803
4,0858 4,1192
4,6543 4,6884
5,1703 5,2054
777 22:33:21
4,4471 4,4804
4,0862 4,1195
4,6545 4,6885
5,1710 5,2052
778 22:34:21
4,4467 4,4803
4,0860 4,1200
4,6537 4,6885
5,1707 5,2054
779 22:35:22
4,4467 4,4803
4,0860 4,1200
4,6537 4,6885
5,1701 5,2054
780 22:36:21
4,4465 4,4806
4,0861 4,1205
4,6532 4,6881
5,1702 5,2056
781 22:37:21
4,4462 4,4802
4,0862 4,1201
4,6530 4,6883
5,1700 5,2052
782 22:38:21
4,4462 4,4803
4,0862 4,1206
4,6530 4,6884
5,1700 5,2053
783 22:39:21
4,4461 4,4801
4,0862 4,1202
4,6529 4,6882
5,1699 5,2051
784 22:40:24
4,4462 4,4801
4,0861 4,1204
4,6529 4,6876
5,1698 5,2050
785 22:41:21
4,4461 4,4801
4,0861 4,1204
4,6530 4,6878
5,1699 5,2051
786 22:42:21
4,4460 4,4801
4,0859 4,1204
4,6527 4,6876
5,1698 5,2051
787 22:43:21
4,4460 4,4801
4,0860 4,1204
4,6527 4,6876
5,1698 5,2051
788 22:44:21
4,4460 4,4801
4,0860 4,1204
4,6523 4,6877
5,1692 5,2045
789 22:45:21
4,4460 4,4801
4,0860 4,1204
4,6523 4,6877
5,1692 5,2045
790 22:46:21
4,4459 4,4799
4,0860 4,1204
4,6522 4,6875
5,1691 5,2049
791 22:47:21
4,4459 4,4799
4,0860 4,1204
4,6522 4,6875
5,1697 5,2049
792 22:48:21
4,4460 4,4803
4,0856 4,1202
4,6518 4,6874
5,1698 5,2053
793 22:49:21
4,4460 4,4803
4,0856 4,1202
4,6518 4,6874
5,1692 5,2047
794 22:50:21
4,4457 4,4813
4,0854 4,1211
4,6515 4,6884
5,1688 5,2060
795 22:51:21
4,4456 4,4827
4,0855 4,1224
4,6514 4,6900
5,1687 5,2076
796 22:52:21
4,4459 4,4829
4,0855 4,1226
4,6518 4,6902
5,1692 5,2079
797 22:53:21
4,4459 4,4829
4,0855 4,1226
4,6518 4,6902
5,1692 5,2085
798 22:54:21
4,4459 4,4830
4,0855 4,1227
4,6516 4,6901
5,1696 5,2085
799 22:55:21
4,4460 4,4834
4,0856 4,1231
4,6515 4,6903
5,1693 5,2084
800 22:56:21
4,4463 4,4835
4,0859 4,1228
4,6518 4,6904
5,1695 5,2085
801 22:57:21
4,4465 4,4835
4,0865 4,1236
4,6525 4,6909
5,1705 5,2092
802 22:58:21
4,4465 4,4835
4,0865 4,1236
4,6525 4,6909
5,1699 5,2092
803 22:59:21
4,4436 4,4871
4,0838 4,1268
4,6493 4,6945
5,1679 5,2124
804 23:00:21
4,4451 4,4847
4,0845 4,1251
4,6470 4,6961
5,1671 5,2111
805 23:01:21
4,4451 4,4849
4,0845 4,1253
4,6470 4,6961
5,1671 5,2111
806 23:02:20
4,4451 4,4849
4,0859 4,1264
4,6436 4,6971
5,1684 5,2149
807 23:03:21
4,4451 4,4849
4,0860 4,1276
4,6393 4,6987
5,1679 5,2166
808 23:04:21
4,4451 4,4849
4,0860 4,1276
4,6393 4,6987
5,1679 5,2166
809 23:05:21
4,4451 4,4849
4,0848 4,1275
4,6393 4,6987
5,1679 5,2166
810 23:06:21
4,4451 4,4849
4,0844 4,1271
4,6470 4,6991
5,1677 5,2138
811 23:07:21
4,4433 4,4867
4,0831 4,1284
4,6456 4,7015
5,1657 5,2155
812 23:08:21
4,4433 4,4867
4,0850 4,1291
4,6463 4,7020
5,1675 5,2156
813 23:09:21
4,4450 4,4850
4,0867 4,1277
4,6480 4,6992
5,1686 5,2138
814 23:10:21
4,4451 4,4849
4,0868 4,1276
4,6475 4,6996
5,1691 5,2139
815 23:11:21
4,4431 4,4863
4,0849 4,1288
4,6455 4,7007
5,1666 5,2153
816 23:12:21
4,4431 4,4865
4,0845 4,1290
4,6449 4,7008
5,1673 5,2153
817 23:13:21
4,4431 4,4865
4,0837 4,1286
4,6455 4,7009
5,1655 5,2153
818 23:14:21
4,4452 4,4845
4,0856 4,1264
4,6465 4,6986
5,1679 5,2127
819 23:15:21
4,4452 4,4845
4,0856 4,1259
4,6480 4,6981
5,1679 5,2127
820 23:16:20
4,4452 4,4845
4,0856 4,1260
4,6480 4,6981
5,1679 5,2127
821 23:17:20
4,4452 4,4845
4,0848 4,1251
4,6486 4,6972
5,1672 5,2116
822 23:18:20
4,4452 4,4845
4,0848 4,1255
4,6486 4,6972
5,1673 5,2118
823 23:19:21
4,4452 4,4845
4,0848 4,1255
4,6437 4,6967
5,1673 5,2118
824 23:20:20
4,4433 4,4860
4,0830 4,1265
4,6450 4,6987
5,1656 5,2128
825 23:21:21
4,4436 4,4859
4,0837 4,1264
4,6467 4,6986
5,1660 5,2129
826 23:22:21
4,4435 4,4858
4,0832 4,1267
4,6473 4,6971
5,1659 5,2132
827 23:23:21
4,4436 4,4859
4,0833 4,1268
4,6469 4,6986
5,1661 5,2134
828 23:24:21
4,4436 4,4859
4,0833 4,1268
4,6473 4,6974
5,1661 5,2134
829 23:25:21
4,4436 4,4859
4,0833 4,1264
4,6474 4,6972
5,1659 5,2128
830 23:26:21
4,4436 4,4859
4,0834 4,1262
4,6469 4,6967
5,1659 5,2127
831 23:27:21
4,4452 4,4845
4,0848 4,1251
4,6487 4,6969
5,1673 5,2116
832 23:28:21
4,4452 4,4845
4,0848 4,1251
4,6475 4,6966
5,1671 5,2111
833 23:29:21
4,4452 4,4845
4,0848 4,1251
4,6486 4,6972
5,1671 5,2111
834 23:30:21
4,4434 4,4860
4,0833 4,1267
4,6467 4,6988
5,1663 5,2126
835 23:31:21
4,4435 4,4858
4,0832 4,1263
4,6443 4,6971
5,1662 5,2122
836 23:32:21
4,4437 4,4857
4,0836 4,1264
4,6485 4,6944
5,1677 5,2130
837 23:33:21
4,4437 4,4860
4,0834 4,1265
4,6486 4,6943
5,1674 5,2126
Connection error x5
Connection error x5
