#======================
2023-3-28
# 1.EUR, 2.USD, 3.CHF, 4.GBP
Sell Price, Buy Price
1 08:48
4,6681 4,7004
4,3160 4,3482
4,7080 4,7409
5,3213 5,3547
2 08:49
4,6679 4,7002
4,3152 4,3474
4,7071 4,7400
5,3211 5,3545
3 08:50
4,6679 4,7002
4,3154 4,3476
4,7076 4,7405
5,3221 5,3555
4 08:51
4,6678 4,7001
4,3151 4,3473
4,7070 4,7399
5,3219 5,3553
5 08:52
4,6671 4,6994
4,3144 4,3466
4,7058 4,7387
5,3211 5,3545
6 08:53
4,6671 4,6994
4,3147 4,3469
4,7045 4,7374
5,3212 5,3546
7 08:54
4,6676 4,6999
4,3147 4,3469
4,7046 4,7375
5,3216 5,3550
8 08:55
4,6678 4,7001
4,3149 4,3471
4,7046 4,7375
5,3213 5,3547
9 08:56
4,6682 4,7005
4,3155 4,3477
4,7060 4,7389
5,3218 5,3552
10 08:57
4,6682 4,7005
4,3163 4,3485
4,7070 4,7399
5,3227 5,3561
11 08:58
4,6681 4,7004
4,3176 4,3498
4,7088 4,7417
5,3241 5,3575
12 08:59
4,6676 4,6999
4,3170 4,3492
4,7080 4,7409
5,3229 5,3563
13 09:00
4,6676 4,6999
4,3174 4,3496
4,7091 4,7420
5,3238 5,3572
14 09:01
4,6670 4,6993
4,3162 4,3484
4,7057 4,7386
5,3223 5,3557
15 09:02
4,6671 4,6994
4,3167 4,3489
4,7067 4,7396
5,3232 5,3566
16 09:03
4,6675 4,6998
4,3165 4,3487
4,7026 4,7355
5,3228 5,3562
17 09:04
4,6690 4,7013
4,3182 4,3504
4,7049 4,7378
5,3249 5,3583
18 09:05
4,6669 4,6992
4,3149 4,3471
4,7018 4,7347
5,3224 5,3558
19 09:17
4,6655 4,6977
4,3127 4,3450
4,7037 4,7367
5,3186 5,3520
20 09:18
4,6659 4,6981
4,3135 4,3458
4,7045 4,7375
5,3190 5,3524
21 09:19
4,6659 4,6981
4,3137 4,3460
4,7043 4,7373
5,3175 5,3509
22 09:20
4,6664 4,6986
4,3142 4,3465
4,7046 4,7376
5,3184 5,3518
23 09:21
4,6669 4,6991
4,3145 4,3468
4,7063 4,7393
5,3203 5,3538
24 09:38
4,6671 4,6994
4,3092 4,3415
4,7050 4,7380
5,3153 5,3486
25 09:39
4,6661 4,6984
4,3092 4,3415
4,7047 4,7377
5,3145 5,3478
26 09:40
4,6644 4,6967
4,3077 4,3400
4,7030 4,7360
5,3125 5,3458
27 09:41
4,6645 4,6968
4,3072 4,3395
4,7028 4,7358
5,3113 5,3447
28 09:42
4,6644 4,6967
4,3065 4,3388
4,7018 4,7348
5,3103 5,3437
29 09:43
4,6645 4,6968
4,3064 4,3387
4,7022 4,7352
5,3099 5,3433
30 09:44
4,6643 4,6966
4,3070 4,3393
4,7029 4,7359
5,3100 5,3434
31 09:45
4,6643 4,6966
4,3070 4,3393
4,7032 4,7362
5,3118 5,3452
32 09:46
4,6643 4,6966
4,3062 4,3385
4,7029 4,7359
5,3112 5,3446
33 09:47
4,6646 4,6969
4,3065 4,3388
4,7032 4,7362
5,3114 5,3448
34 09:48
4,6645 4,6968
4,3066 4,3389
4,7027 4,7357
5,3107 5,3441
35 09:49
4,6643 4,6966
4,3046 4,3369
4,7010 4,7340
5,3087 5,3421
36 09:50
4,6660 4,6983
4,3080 4,3403
4,7041 4,7371
5,3106 5,3440
37 09:51
4,6666 4,6989
4,3087 4,3410
4,7048 4,7378
5,3116 5,3450
38 09:52
4,6662 4,6985
4,3089 4,3412
4,7053 4,7383
5,3112 5,3446
39 09:53
4,6664 4,6987
4,3104 4,3427
4,7046 4,7376
5,3111 5,3445
40 09:54
4,6654 4,6977
4,3095 4,3418
4,7041 4,7371
5,3097 5,3431
41 09:55
4,6652 4,6975
4,3087 4,3410
4,7036 4,7366
5,3097 5,3431
42 09:56
4,6645 4,6968
4,3077 4,3400
4,7021 4,7351
5,3089 5,3423
43 09:57
4,6648 4,6971
4,3085 4,3408
4,7027 4,7357
5,3087 5,3421
44 09:58
4,6647 4,6970
4,3095 4,3418
4,7028 4,7358
5,3079 5,3413
45 09:59
4,6653 4,6976
4,3105 4,3428
4,7032 4,7362
5,3095 5,3429
46 10:00
4,6654 4,6977
4,3112 4,3435
4,7031 4,7361
5,3096 5,3430
47 10:01
4,6655 4,6978
4,3101 4,3424
4,7032 4,7362
5,3098 5,3432
48 10:02
4,6653 4,6976
4,3101 4,3424
4,7029 4,7359
5,3098 5,3432
49 10:03
4,6655 4,6978
4,3100 4,3423
4,7028 4,7358
5,3099 5,3433
50 10:04
4,6658 4,6981
4,3102 4,3425
4,7016 4,7346
5,3098 5,3432
51 10:05
4,6659 4,6982
4,3115 4,3438
4,7022 4,7352
5,3103 5,3437
52 10:06
4,6662 4,6985
4,3122 4,3445
4,7027 4,7357
5,3106 5,3440
53 10:07
4,6672 4,6995
4,3121 4,3444
4,7025 4,7355
5,3111 5,3445
54 10:08
4,6686 4,7009
4,3142 4,3465
4,7044 4,7374
5,3127 5,3461
55 10:09
4,6684 4,7007
4,3137 4,3460
4,7042 4,7372
5,3125 5,3459
56 10:10
4,6674 4,6997
4,3123 4,3446
4,7027 4,7357
5,3113 5,3447
57 10:11
4,6667 4,6990
4,3112 4,3435
4,7024 4,7354
5,3108 5,3442
58 10:12
4,6661 4,6984
4,3115 4,3438
4,7024 4,7354
5,3106 5,3440
59 10:13
4,6667 4,6990
4,3114 4,3437
4,7034 4,7364
5,3108 5,3442
60 10:14
4,6666 4,6989
4,3111 4,3434
4,7029 4,7359
5,3104 5,3438
61 10:15
4,6661 4,6984
4,3113 4,3436
4,7023 4,7353
5,3098 5,3432
62 10:16
4,6660 4,6983
4,3118 4,3441
4,7030 4,7360
5,3098 5,3433
63 10:17
4,6657 4,6980
4,3105 4,3428
4,7017 4,7347
5,3088 5,3423
64 10:18
4,6656 4,6979
4,3106 4,3429
4,7016 4,7346
5,3084 5,3419
65 10:19
4,6659 4,6982
4,3111 4,3434
4,7022 4,7352
5,3087 5,3422
66 10:20
4,6658 4,6981
4,3106 4,3429
4,7020 4,7350
5,3092 5,3427
67 10:21
4,6659 4,6982
4,3112 4,3435
4,7026 4,7356
5,3093 5,3428
68 10:22
4,6655 4,6978
4,3109 4,3432
4,7024 4,7354
5,3091 5,3426
69 10:23
4,6656 4,6979
4,3114 4,3437
4,7030 4,7360
5,3096 5,3431
70 10:24
4,6657 4,6980
4,3113 4,3436
4,7034 4,7364
5,3094 5,3429
71 10:25
4,6655 4,6978
4,3111 4,3434
4,7036 4,7366
5,3088 5,3423
72 10:26
4,6652 4,6974
4,3103 4,3426
4,7031 4,7361
5,3082 5,3416
73 10:27
4,6649 4,6971
4,3113 4,3436
4,7035 4,7365
5,3091 5,3425
74 10:28
4,6647 4,6969
4,3106 4,3429
4,7028 4,7358
5,3092 5,3426
75 10:29
4,6649 4,6971
4,3109 4,3432
4,7028 4,7358
5,3091 5,3425
76 10:30
4,6650 4,6972
4,3112 4,3435
4,7033 4,7363
5,3092 5,3426
77 10:31
4,6655 4,6978
4,3119 4,3442
4,7041 4,7371
5,3091 5,3426
78 10:32
4,6654 4,6977
4,3124 4,3447
4,7040 4,7370
5,3087 5,3422
79 10:33
4,6655 4,6978
4,3129 4,3452
4,7044 4,7374
5,3092 5,3427
80 10:34
4,6659 4,6982
4,3129 4,3452
4,7045 4,7375
5,3100 5,3435
81 10:35
4,6654 4,6977
4,3122 4,3445
4,7040 4,7370
5,3093 5,3428
82 10:36
4,6655 4,6977
4,3121 4,3444
4,7041 4,7371
5,3091 5,3425
83 10:37
4,6655 4,6977
4,3117 4,3440
4,7041 4,7371
5,3091 5,3425
84 10:38
4,6654 4,6976
4,3116 4,3439
4,7035 4,7365
5,3082 5,3416
85 10:39
4,6655 4,6977
4,3121 4,3444
4,7031 4,7361
5,3088 5,3422
86 10:40
4,6655 4,6977
4,3123 4,3446
4,7041 4,7371
5,3089 5,3423
87 10:41
4,6657 4,6980
4,3127 4,3450
4,7043 4,7373
5,3085 5,3419
88 10:42
4,6657 4,6980
4,3135 4,3458
4,7048 4,7378
5,3067 5,3401
89 10:43
4,6662 4,6985
4,3140 4,3463
4,7053 4,7383
5,3079 5,3413
90 10:44
4,6661 4,6984
4,3143 4,3466
4,7052 4,7382
5,3078 5,3412
91 10:45
4,6659 4,6982
4,3131 4,3454
4,7045 4,7375
5,3066 5,3400
92 10:46
4,6657 4,6980
4,3125 4,3448
4,7034 4,7364
5,3058 5,3392
93 10:47
4,6656 4,6979
4,3128 4,3451
4,7038 4,7368
5,3060 5,3394
94 10:48
4,6653 4,6976
4,3124 4,3447
4,7042 4,7372
5,3053 5,3387
95 10:49
4,6653 4,6976
4,3129 4,3452
4,7039 4,7369
5,3050 5,3384
96 10:50
4,6653 4,6976
4,3131 4,3454
4,7041 4,7371
5,3047 5,3381
97 10:51
4,6657 4,6979
4,3131 4,3454
4,7043 4,7373
5,3051 5,3385
98 10:52
4,6656 4,6978
4,3128 4,3451
4,7042 4,7372
5,3063 5,3397
99 10:53
4,6651 4,6973
4,3125 4,3448
4,7037 4,7367
5,3066 5,3400
100 10:54
4,6645 4,6967
4,3114 4,3437
4,7022 4,7352
5,3044 5,3378
101 10:55
4,6646 4,6968
4,3114 4,3437
4,7022 4,7352
5,3048 5,3382
102 10:56
4,6646 4,6969
4,3121 4,3444
4,7028 4,7358
5,3051 5,3385
103 10:57
4,6646 4,6969
4,3124 4,3447
4,7032 4,7362
5,3048 5,3382
104 10:58
4,6647 4,6970
4,3130 4,3453
4,7019 4,7349
5,3052 5,3386
105 10:59
4,6645 4,6968
4,3132 4,3455
4,7015 4,7345
5,3069 5,3403
106 11:00
4,6635 4,6958
4,3125 4,3448
4,7013 4,7343
5,3055 5,3389
107 11:01
4,6635 4,6958
4,3113 4,3436
4,7011 4,7341
5,3038 5,3372
108 11:02
4,6626 4,6949
4,3104 4,3427
4,7001 4,7331
5,3037 5,3371
109 11:03
4,6619 4,6942
4,3092 4,3415
4,6990 4,7320
5,3029 5,3363
110 11:04
4,6618 4,6941
4,3091 4,3414
4,6991 4,7321
5,3031 5,3365
111 11:05
4,6620 4,6943
4,3085 4,3408
4,6979 4,7309
5,3011 5,3345
112 11:06
4,6611 4,6934
4,3083 4,3406
4,6977 4,7307
5,3013 5,3347
113 11:07
4,6612 4,6935
4,3085 4,3408
4,6983 4,7313
5,3011 5,3345
114 11:08
4,6612 4,6935
4,3086 4,3409
4,6983 4,7313
5,3002 5,3336
115 11:09
4,6614 4,6937
4,3091 4,3414
4,6987 4,7317
5,2996 5,3330
116 11:10
4,6618 4,6941
4,3095 4,3418
4,6991 4,7321
5,2997 5,3331
117 11:11
4,6627 4,6950
4,3109 4,3432
4,7005 4,7335
5,3014 5,3348
118 11:12
4,6636 4,6959
4,3130 4,3453
4,7017 4,7347
5,3021 5,3355
119 11:13
4,6632 4,6955
4,3126 4,3449
4,7015 4,7345
5,3016 5,3350
120 11:14
4,6634 4,6957
4,3124 4,3447
4,7014 4,7344
5,3021 5,3355
121 11:15
4,6620 4,6943
4,3111 4,3434
4,6998 4,7328
5,3006 5,3340
122 11:16
4,6621 4,6944
4,3110 4,3433
4,6992 4,7322
5,3007 5,3341
123 11:17
4,6618 4,6941
4,3099 4,3422
4,6979 4,7309
5,2997 5,3331
124 11:18
4,6618 4,6941
4,3097 4,3420
4,6970 4,7300
5,2990 5,3324
125 11:19
4,6620 4,6943
4,3097 4,3420
4,6955 4,7285
5,2996 5,3330
126 11:20
4,6622 4,6945
4,3095 4,3418
4,6957 4,7287
5,2996 5,3330
127 11:21
4,6622 4,6945
4,3099 4,3422
4,6957 4,7287
5,3002 5,3337
128 11:22
4,6622 4,6945
4,3097 4,3420
4,6957 4,7287
5,3005 5,3340
129 11:23
4,6621 4,6944
4,3094 4,3417
4,6954 4,7284
5,3007 5,3342
130 11:24
4,6620 4,6943
4,3091 4,3414
4,6953 4,7283
5,3002 5,3337
131 11:25
4,6621 4,6944
4,3090 4,3413
4,6944 4,7274
5,3007 5,3342
132 11:26
4,6619 4,6942
4,3088 4,3411
4,6942 4,7272
5,3010 5,3345
133 11:27
4,6621 4,6944
4,3088 4,3411
4,6935 4,7265
5,3007 5,3342
134 11:28
4,6619 4,6942
4,3092 4,3415
4,6942 4,7272
5,3011 5,3346
135 11:29
4,6618 4,6941
4,3091 4,3414
4,6936 4,7266
5,2994 5,3329
136 11:30
4,6620 4,6943
4,3099 4,3422
4,6946 4,7276
5,2997 5,3332
137 11:31
4,6620 4,6943
4,3099 4,3422
4,6952 4,7282
5,2984 5,3318
138 11:32
4,6626 4,6949
4,3108 4,3431
4,6959 4,7289
5,2991 5,3325
139 11:33
4,6629 4,6952
4,3121 4,3444
4,6971 4,7301
5,2992 5,3326
140 11:34
4,6629 4,6952
4,3115 4,3438
4,6971 4,7301
5,2995 5,3329
141 11:35
4,6629 4,6952
4,3111 4,3434
4,6963 4,7293
5,2988 5,3322
142 11:36
4,6629 4,6952
4,3110 4,3433
4,6962 4,7292
5,2989 5,3324
143 11:37
4,6630 4,6953
4,3108 4,3431
4,6958 4,7288
5,2987 5,3322
144 11:38
4,6633 4,6956
4,3111 4,3434
4,6961 4,7291
5,2988 5,3323
145 11:39
4,6636 4,6959
4,3120 4,3443
4,6969 4,7299
5,2991 5,3326
146 11:40
4,6632 4,6955
4,3118 4,3441
4,6967 4,7297
5,3001 5,3336
147 11:41
4,6633 4,6956
4,3119 4,3442
4,6956 4,7286
5,3002 5,3336
148 11:42
4,6631 4,6954
4,3117 4,3440
4,6950 4,7280
5,3000 5,3334
149 11:43
4,6635 4,6958
4,3121 4,3444
4,6951 4,7281
5,2999 5,3333
150 11:44
4,6632 4,6955
4,3118 4,3441
4,6942 4,7272
5,2998 5,3332
151 11:45
4,6633 4,6956
4,3121 4,3444
4,6947 4,7277
5,3002 5,3336
152 11:46
4,6640 4,6963
4,3125 4,3448
4,6959 4,7289
5,3007 5,3341
153 11:47
4,6641 4,6964
4,3122 4,3445
4,6955 4,7285
5,3009 5,3343
154 11:48
4,6639 4,6962
4,3120 4,3443
4,6960 4,7290
5,2999 5,3333
155 11:49
4,6639 4,6962
4,3113 4,3436
4,6955 4,7285
5,3009 5,3343
156 11:50
4,6640 4,6963
4,3111 4,3434
4,6963 4,7293
5,2998 5,3332
157 11:51
4,6639 4,6961
4,3108 4,3431
4,6965 4,7295
5,3001 5,3334
158 11:52
4,6644 4,6966
4,3109 4,3432
4,6986 4,7316
5,3009 5,3342
159 11:53
4,6643 4,6965
4,3102 4,3425
4,6985 4,7315
5,2987 5,3320
160 11:54
4,6640 4,6962
4,3098 4,3421
4,6982 4,7312
5,2984 5,3317
161 11:55
4,6641 4,6963
4,3092 4,3415
4,6986 4,7316
5,2985 5,3318
162 11:56
4,6639 4,6962
4,3089 4,3412
4,6981 4,7311
5,2976 5,3310
163 11:57
4,6636 4,6959
4,3094 4,3417
4,6978 4,7308
5,2978 5,3312
164 11:58
4,6641 4,6964
4,3106 4,3429
4,6988 4,7318
5,2998 5,3332
165 11:59
4,6659 4,6982
4,3131 4,3454
4,7001 4,7331
5,3025 5,3359
166 12:00
4,6644 4,6967
4,3118 4,3441
4,6982 4,7312
5,3006 5,3340
167 12:01
4,6647 4,6970
4,3118 4,3441
4,6984 4,7314
5,3005 5,3339
168 12:02
4,6653 4,6976
4,3125 4,3448
4,6990 4,7320
5,3024 5,3358
169 12:03
4,6650 4,6973
4,3121 4,3444
4,6988 4,7318
5,3019 5,3353
170 12:04
4,6649 4,6972
4,3116 4,3439
4,6982 4,7312
5,3011 5,3345
171 12:05
4,6649 4,6972
4,3115 4,3438
4,6986 4,7316
5,3029 5,3363
172 12:06
4,6648 4,6972
4,3118 4,3441
4,6982 4,7312
5,3030 5,3363
173 12:07
4,6650 4,6974
4,3122 4,3445
4,6984 4,7314
5,3036 5,3369
174 12:08
4,6643 4,6967
4,3121 4,3444
4,6977 4,7307
5,3026 5,3359
175 12:09
4,6643 4,6967
4,3121 4,3444
4,6977 4,7307
5,3022 5,3355
176 12:10
4,6643 4,6967
4,3115 4,3438
4,6977 4,7307
5,3029 5,3362
177 12:11
4,6645 4,6967
4,3116 4,3439
4,6971 4,7301
5,3022 5,3356
178 12:12
4,6646 4,6968
4,3105 4,3428
4,6969 4,7299
5,3022 5,3356
179 12:13
4,6653 4,6975
4,3110 4,3433
4,6967 4,7297
5,3025 5,3359
180 12:14
4,6655 4,6977
4,3121 4,3444
4,6962 4,7292
5,3024 5,3358
181 12:15
4,6646 4,6968
4,3111 4,3434
4,6953 4,7283
5,3023 5,3357
182 12:16
4,6645 4,6968
4,3114 4,3437
4,6954 4,7284
5,3025 5,3359
183 12:17
4,6644 4,6967
4,3096 4,3419
4,6956 4,7286
5,3024 5,3358
184 12:18
4,6644 4,6967
4,3091 4,3414
4,6948 4,7278
5,3017 5,3351
185 12:19
4,6643 4,6966
4,3090 4,3413
4,6947 4,7277
5,3023 5,3357
186 12:20
4,6640 4,6963
4,3087 4,3410
4,6944 4,7274
5,3019 5,3353
187 12:21
4,6636 4,6958
4,3080 4,3403
4,6940 4,7270
5,3015 5,3348
188 12:22
4,6635 4,6957
4,3079 4,3402
4,6935 4,7265
5,3009 5,3342
189 12:23
4,6638 4,6960
4,3078 4,3401
4,6935 4,7265
5,3015 5,3348
190 12:24
4,6636 4,6958
4,3077 4,3400
4,6935 4,7265
5,3015 5,3348
191 12:25
4,6634 4,6956
4,3072 4,3395
4,6929 4,7259
5,3019 5,3352
192 12:26
4,6636 4,6959
4,3076 4,3399
4,6931 4,7261
5,3028 5,3361
193 12:27
4,6637 4,6960
4,3069 4,3392
4,6927 4,7257
5,3032 5,3365
194 12:28
4,6648 4,6971
4,3075 4,3398
4,6941 4,7271
5,3063 5,3396
195 12:29
4,6649 4,6972
4,3072 4,3395
4,6944 4,7274
5,3055 5,3388
196 12:30
4,6658 4,6981
4,3084 4,3407
4,6953 4,7283
5,3068 5,3401
197 12:31
4,6653 4,6975
4,3080 4,3403
4,6950 4,7280
5,3071 5,3404
198 12:32
4,6654 4,6976
4,3080 4,3403
4,6953 4,7283
5,3072 5,3405
199 12:33
4,6653 4,6975
4,3086 4,3409
4,6960 4,7290
5,3071 5,3404
200 12:34
4,6656 4,6978
4,3090 4,3413
4,6965 4,7295
5,3078 5,3411
201 12:35
4,6658 4,6980
4,3092 4,3415
4,6972 4,7302
5,3083 5,3416
202 12:36
4,6661 4,6983
4,3095 4,3418
4,6977 4,7307
5,3087 5,3420
203 12:37
4,6661 4,6983
4,3089 4,3412
4,6982 4,7312
5,3078 5,3411
204 12:38
4,6661 4,6983
4,3085 4,3408
4,6975 4,7305
5,3080 5,3413
205 12:39
4,6663 4,6985
4,3083 4,3406
4,6977 4,7307
5,3074 5,3407
206 12:40
4,6653 4,6975
4,3077 4,3400
4,6976 4,7306
5,3074 5,3407
207 12:41
4,6645 4,6967
4,3072 4,3395
4,6975 4,7305
5,3071 5,3404
208 12:42
4,6645 4,6967
4,3080 4,3403
4,6977 4,7307
5,3074 5,3407
209 12:43
4,6644 4,6966
4,3081 4,3404
4,6976 4,7306
5,3069 5,3402
210 12:44
4,6642 4,6964
4,3083 4,3406
4,6979 4,7309
5,3067 5,3400
211 12:45
4,6640 4,6962
4,3085 4,3408
4,6994 4,7324
5,3071 5,3404
212 12:46
4,6641 4,6963
4,3085 4,3408
4,6995 4,7325
5,3082 5,3415
213 12:47
4,6643 4,6965
4,3094 4,3417
4,7004 4,7334
5,3081 5,3414
214 12:48
4,6643 4,6965
4,3096 4,3419
4,7007 4,7337
5,3081 5,3414
215 12:49
4,6640 4,6962
4,3089 4,3412
4,7001 4,7331
5,3077 5,3410
216 12:50
4,6641 4,6963
4,3092 4,3415
4,6986 4,7316
5,3079 5,3412
217 12:51
4,6641 4,6963
4,3100 4,3423
4,6993 4,7323
5,3081 5,3415
218 12:52
4,6641 4,6963
4,3102 4,3425
4,6993 4,7323
5,3081 5,3415
219 12:53
4,6641 4,6963
4,3108 4,3431
4,6983 4,7313
5,3081 5,3415
220 12:54
4,6640 4,6962
4,3110 4,3433
4,6980 4,7310
5,3077 5,3411
221 12:55
4,6638 4,6960
4,3108 4,3431
4,6976 4,7306
5,3078 5,3412
222 12:56
4,6635 4,6957
4,3103 4,3426
4,6973 4,7303
5,3075 5,3408
223 12:57
4,6634 4,6956
4,3104 4,3427
4,6972 4,7302
5,3071 5,3404
224 12:58
4,6633 4,6955
4,3095 4,3418
4,6966 4,7296
5,3073 5,3406
225 12:59
4,6632 4,6954
4,3090 4,3413
4,6958 4,7288
5,3072 5,3405
226 13:00
4,6632 4,6954
4,3082 4,3405
4,6948 4,7278
5,3071 5,3404
227 13:01
4,6635 4,6957
4,3087 4,3410
4,6947 4,7277
5,3072 5,3405
228 13:02
4,6634 4,6956
4,3080 4,3403
4,6938 4,7268
5,3062 5,3395
229 13:03
4,6634 4,6956
4,3086 4,3409
4,6943 4,7273
5,3065 5,3398
230 13:04
4,6634 4,6956
4,3086 4,3409
4,6948 4,7278
5,3068 5,3401
231 13:05
4,6635 4,6957
4,3081 4,3404
4,6958 4,7288
5,3084 5,3417
232 13:06
4,6635 4,6957
4,3075 4,3398
4,6945 4,7275
5,3084 5,3417
233 13:07
4,6640 4,6962
4,3085 4,3408
4,6949 4,7279
5,3097 5,3430
234 13:08
4,6654 4,6976
4,3094 4,3417
4,6954 4,7284
5,3109 5,3442
235 13:09
4,6657 4,6979
4,3091 4,3414
4,6947 4,7277
5,3115 5,3448
236 13:10
4,6659 4,6981
4,3091 4,3414
4,6944 4,7274
5,3112 5,3445
237 13:11
4,6651 4,6973
4,3084 4,3407
4,6951 4,7281
5,3105 5,3438
238 13:12
4,6653 4,6975
4,3077 4,3400
4,6976 4,7306
5,3110 5,3443
239 13:13
4,6658 4,6980
4,3082 4,3405
4,6982 4,7312
5,3104 5,3437
240 13:14
4,6655 4,6977
4,3079 4,3402
4,6978 4,7308
5,3100 5,3433
241 13:15
4,6657 4,6979
4,3077 4,3400
4,6983 4,7313
5,3100 5,3433
242 13:16
4,6657 4,6979
4,3077 4,3400
4,6978 4,7308
5,3103 5,3436
243 13:17
4,6659 4,6981
4,3083 4,3406
4,6980 4,7310
5,3106 5,3439
244 13:18
4,6659 4,6981
4,3087 4,3410
4,6983 4,7313
5,3100 5,3433
245 13:19
4,6658 4,6980
4,3090 4,3413
4,6979 4,7309
5,3097 5,3430
246 13:20
4,6656 4,6978
4,3082 4,3405
4,6979 4,7309
5,3099 5,3432
247 13:21
4,6654 4,6977
4,3072 4,3395
4,6963 4,7293
5,3090 5,3424
248 13:22
4,6647 4,6970
4,3064 4,3387
4,6957 4,7287
5,3079 5,3413
249 13:23
4,6648 4,6971
4,3072 4,3395
4,6962 4,7292
5,3079 5,3413
250 13:24
4,6645 4,6968
4,3068 4,3391
4,6940 4,7270
5,3080 5,3414
251 13:25
4,6633 4,6956
4,3058 4,3381
4,6933 4,7263
5,3066 5,3400
252 13:26
4,6634 4,6957
4,3061 4,3384
4,6938 4,7267
5,3067 5,3400
253 13:27
4,6640 4,6963
4,3068 4,3391
4,6949 4,7278
5,3078 5,3411
254 13:28
4,6638 4,6961
4,3066 4,3389
4,6933 4,7262
5,3076 5,3409
255 13:29
4,6636 4,6959
4,3057 4,3380
4,6930 4,7259
5,3070 5,3403
256 13:30
4,6637 4,6960
4,3058 4,3381
4,6931 4,7260
5,3071 5,3404
257 13:31
4,6638 4,6961
4,3064 4,3387
4,6938 4,7268
5,3078 5,3411
258 13:32
4,6637 4,6960
4,3057 4,3380
4,6932 4,7262
5,3072 5,3405
259 13:33
4,6637 4,6960
4,3057 4,3380
4,6932 4,7262
5,3074 5,3407
260 13:34
4,6634 4,6957
4,3056 4,3379
4,6929 4,7259
5,3068 5,3401
261 13:35
4,6634 4,6957
4,3040 4,3363
4,6924 4,7254
5,3065 5,3398
262 13:36
4,6633 4,6956
4,3033 4,3356
4,6916 4,7246
5,3058 5,3391
263 13:37
4,6633 4,6956
4,3031 4,3354
4,6914 4,7244
5,3058 5,3391
264 13:38
4,6634 4,6957
4,3044 4,3367
4,6929 4,7259
5,3068 5,3401
265 13:39
4,6636 4,6959
4,3042 4,3365
4,6933 4,7263
5,3066 5,3399
266 13:40
4,6633 4,6956
4,3043 4,3366
4,6933 4,7263
5,3064 5,3397
267 13:41
4,6634 4,6957
4,3044 4,3367
4,6931 4,7261
5,3062 5,3395
268 13:42
4,6635 4,6958
4,3045 4,3368
4,6935 4,7265
5,3063 5,3396
269 13:43
4,6646 4,6969
4,3065 4,3388
4,6930 4,7260
5,3080 5,3413
270 13:44
4,6645 4,6968
4,3069 4,3392
4,6921 4,7251
5,3087 5,3420
271 13:45
4,6646 4,6969
4,3079 4,3402
4,6927 4,7257
5,3088 5,3421
272 13:46
4,6645 4,6968
4,3070 4,3393
4,6926 4,7256
5,3083 5,3416
273 13:47
4,6645 4,6968
4,3068 4,3391
4,6925 4,7255
5,3083 5,3416
274 13:48
4,6644 4,6967
4,3069 4,3392
4,6924 4,7254
5,3085 5,3418
275 13:49
4,6643 4,6966
4,3046 4,3369
4,6904 4,7234
5,3083 5,3416
276 13:50
4,6642 4,6965
4,3045 4,3368
4,6903 4,7233
5,3082 5,3415
277 13:51
4,6645 4,6967
4,3046 4,3369
4,6906 4,7236
5,3089 5,3422
278 13:52
4,6645 4,6967
4,3046 4,3369
4,6906 4,7236
5,3086 5,3419
279 13:53
4,6644 4,6966
4,3047 4,3370
4,6901 4,7231
5,3085 5,3418
280 13:54
4,6644 4,6966
4,3055 4,3378
4,6906 4,7236
5,3085 5,3418
281 14:01
4,6653 4,6976
4,3062 4,3385
4,6891 4,7221
5,3095 5,3428
282 14:02
4,6649 4,6972
4,3044 4,3367
4,6887 4,7217
5,3082 5,3415
283 14:03
4,6649 4,6972
4,3045 4,3368
4,6891 4,7221
5,3081 5,3414
284 14:04
4,6655 4,6978
4,3063 4,3386
4,6900 4,7230
5,3092 5,3425
285 14:05
4,6655 4,6978
4,3063 4,3386
4,6902 4,7232
5,3095 5,3428
286 14:06
4,6654 4,6977
4,3062 4,3385
4,6911 4,7241
5,3083 5,3417
287 14:07
4,6656 4,6979
4,3064 4,3387
4,6911 4,7241
5,3083 5,3417
288 14:08
4,6659 4,6982
4,3067 4,3390
4,6913 4,7243
5,3085 5,3419
289 14:09
4,6656 4,6979
4,3046 4,3369
4,6897 4,7227
5,3074 5,3408
290 14:10
4,6655 4,6978
4,3038 4,3361
4,6889 4,7219
5,3070 5,3404
291 14:11
4,6656 4,6978
4,3032 4,3355
4,6889 4,7219
5,3077 5,3410
292 14:12
4,6656 4,6978
4,3038 4,3361
4,6905 4,7235
5,3080 5,3413
293 14:13
4,6655 4,6977
4,3041 4,3364
4,6900 4,7230
5,3085 5,3418
294 14:14
4,6653 4,6975
4,3037 4,3360
4,6900 4,7230
5,3077 5,3410
295 14:15
4,6644 4,6966
4,3021 4,3344
4,6887 4,7217
5,3064 5,3397
296 14:16
4,6645 4,6968
4,3026 4,3349
4,6881 4,7211
5,3062 5,3395
297 14:17
4,6645 4,6968
4,3030 4,3353
4,6885 4,7215
5,3065 5,3398
298 14:18
4,6646 4,6969
4,3027 4,3350
4,6884 4,7214
5,3060 5,3393
299 14:19
4,6655 4,6978
4,3032 4,3355
4,6888 4,7218
5,3061 5,3394
300 14:20
4,6657 4,6980
4,3031 4,3354
4,6890 4,7220
5,3057 5,3390
301 14:21
4,6648 4,6972
4,3019 4,3342
4,6884 4,7214
5,3054 5,3387
302 14:22
4,6648 4,6972
4,3027 4,3350
4,6885 4,7215
5,3063 5,3396
303 14:23
4,6648 4,6972
4,3018 4,3341
4,6875 4,7205
5,3048 5,3381
304 14:24
4,6648 4,6972
4,3010 4,3333
4,6877 4,7207
5,3040 5,3373
305 14:25
4,6649 4,6973
4,3015 4,3338
4,6877 4,7207
5,3053 5,3386
306 14:26
4,6656 4,6979
4,3028 4,3351
4,6888 4,7218
5,3057 5,3390
307 14:27
4,6653 4,6976
4,3015 4,3338
4,6886 4,7216
5,3050 5,3383
308 14:28
4,6659 4,6982
4,3019 4,3342
4,6887 4,7217
5,3050 5,3383
309 14:29
4,6661 4,6984
4,3026 4,3349
4,6891 4,7221
5,3050 5,3383
310 14:30
4,6659 4,6982
4,3031 4,3354
4,6885 4,7215
5,3056 5,3389
311 14:31
4,6655 4,6978
4,3026 4,3349
4,6881 4,7211
5,3052 5,3385
312 14:32
4,6654 4,6977
4,3017 4,3340
4,6881 4,7211
5,3057 5,3390
313 14:33
4,6652 4,6975
4,3013 4,3336
4,6876 4,7206
5,3041 5,3374
314 14:34
4,6652 4,6975
4,3009 4,3332
4,6882 4,7212
5,3046 5,3379
315 14:35
4,6652 4,6975
4,3008 4,3331
4,6877 4,7207
5,3039 5,3372
316 14:36
4,6654 4,6976
4,3018 4,3340
4,6882 4,7212
5,3042 5,3375
317 14:37
4,6656 4,6978
4,3014 4,3336
4,6888 4,7218
5,3041 5,3374
318 14:38
4,6656 4,6978
4,3011 4,3333
4,6898 4,7228
5,3042 5,3375
319 14:39
4,6686 4,7008
4,3040 4,3362
4,6933 4,7263
5,3075 5,3408
320 14:40
4,6675 4,6997
4,3026 4,3348
4,6915 4,7245
5,3062 5,3395
321 14:41
4,6668 4,6990
4,3026 4,3348
4,6910 4,7240
5,3052 5,3385
322 14:42
4,6678 4,7000
4,3041 4,3363
4,6916 4,7246
5,3063 5,3396
323 14:43
4,6675 4,6997
4,3044 4,3366
4,6914 4,7244
5,3051 5,3384
324 14:44
4,6672 4,6994
4,3041 4,3363
4,6908 4,7238
5,3045 5,3378
325 14:45
4,6671 4,6993
4,3049 4,3371
4,6904 4,7234
5,3041 5,3374
326 14:46
4,6670 4,6992
4,3045 4,3367
4,6901 4,7231
5,3036 5,3369
327 14:47
4,6671 4,6993
4,3048 4,3370
4,6902 4,7232
5,3043 5,3376
328 14:48
4,6667 4,6989
4,3044 4,3366
4,6905 4,7235
5,3036 5,3369
329 14:49
4,6666 4,6988
4,3046 4,3368
4,6907 4,7237
5,3038 5,3371
330 14:50
4,6667 4,6989
4,3045 4,3367
4,6902 4,7232
5,3030 5,3363
331 14:51
4,6664 4,6986
4,3062 4,3384
4,6884 4,7214
5,3035 5,3368
332 14:52
4,6673 4,6995
4,3076 4,3398
4,6906 4,7236
5,3035 5,3368
333 14:53
4,6672 4,6994
4,3073 4,3395
4,6900 4,7230
5,3020 5,3353
334 14:54
4,6665 4,6987
4,3076 4,3398
4,6894 4,7224
5,3012 5,3345
335 14:55
4,6662 4,6984
4,3066 4,3388
4,6892 4,7222
5,3005 5,3338
336 14:56
4,6652 4,6974
4,3050 4,3372
4,6866 4,7196
5,3000 5,3333
337 14:57
4,6652 4,6974
4,3052 4,3374
4,6867 4,7197
5,2998 5,3331
338 14:58
4,6658 4,6980
4,3048 4,3370
4,6867 4,7197
5,3013 5,3346
339 14:59
4,6659 4,6981
4,3045 4,3367
4,6873 4,7203
5,3015 5,3348
340 15:00
4,6658 4,6980
4,3042 4,3364
4,6872 4,7202
5,3025 5,3358
341 15:01
4,6659 4,6981
4,3053 4,3375
4,6873 4,7202
5,3039 5,3372
342 15:02
4,6658 4,6980
4,3044 4,3366
4,6868 4,7197
5,3029 5,3362
343 15:03
4,6657 4,6979
4,3045 4,3367
4,6866 4,7195
5,3021 5,3354
344 15:04
4,6649 4,6971
4,3047 4,3369
4,6859 4,7188
5,3012 5,3345
345 15:05
4,6647 4,6969
4,3052 4,3374
4,6861 4,7190
5,3013 5,3346
346 15:06
4,6647 4,6969
4,3042 4,3364
4,6864 4,7194
5,3007 5,3340
347 15:07
4,6648 4,6970
4,3047 4,3369
4,6876 4,7206
5,3002 5,3335
348 15:08
4,6641 4,6963
4,3041 4,3363
4,6868 4,7198
5,2993 5,3326
349 15:09
4,6643 4,6965
4,3036 4,3358
4,6869 4,7199
5,2996 5,3329
350 15:10
4,6655 4,6977
4,3053 4,3375
4,6879 4,7209
5,3009 5,3342
351 15:11
4,6656 4,6978
4,3060 4,3382
4,6876 4,7208
5,3016 5,3349
352 15:12
4,6657 4,6979
4,3061 4,3383
4,6870 4,7202
5,3015 5,3348
353 15:13
4,6663 4,6985
4,3074 4,3396
4,6881 4,7213
5,3031 5,3364
354 15:14
4,6663 4,6985
4,3074 4,3396
4,6881 4,7213
5,3034 5,3367
355 15:15
4,6661 4,6983
4,3063 4,3385
4,6879 4,7211
5,3032 5,3365
356 15:16
4,6660 4,6982
4,3062 4,3384
4,6885 4,7215
5,3042 5,3375
357 15:17
4,6660 4,6982
4,3066 4,3388
4,6884 4,7214
5,3042 5,3375
358 15:18
4,6659 4,6981
4,3063 4,3385
4,6882 4,7212
5,3035 5,3368
359 15:19
4,6660 4,6982
4,3058 4,3380
4,6881 4,7211
5,3042 5,3375
360 15:20
4,6661 4,6983
4,3059 4,3381
4,6876 4,7206
5,3044 5,3377
361 15:21
4,6662 4,6984
4,3055 4,3377
4,6875 4,7205
5,3049 5,3383
362 15:22
4,6663 4,6985
4,3069 4,3391
4,6882 4,7212
5,3054 5,3388
363 15:23
4,6663 4,6985
4,3084 4,3406
4,6882 4,7212
5,3051 5,3385
364 15:24
4,6664 4,6986
4,3079 4,3401
4,6873 4,7203
5,3055 5,3389
365 15:25
4,6663 4,6985
4,3081 4,3403
4,6863 4,7193
5,3048 5,3382
366 15:26
4,6665 4,6987
4,3071 4,3393
4,6868 4,7198
5,3052 5,3385
367 15:27
4,6665 4,6987
4,3080 4,3402
4,6866 4,7196
5,3063 5,3396
368 15:28
4,6666 4,6988
4,3087 4,3409
4,6883 4,7213
5,3071 5,3404
369 15:29
4,6665 4,6987
4,3085 4,3407
4,6898 4,7228
5,3057 5,3390
370 15:30
4,6666 4,6988
4,3090 4,3412
4,6895 4,7225
5,3062 5,3395
371 15:31
4,6673 4,6995
4,3095 4,3417
4,6901 4,7231
5,3066 5,3399
372 15:32
4,6675 4,6997
4,3096 4,3418
4,6870 4,7200
5,3075 5,3408
373 15:33
4,6677 4,6999
4,3107 4,3429
4,6871 4,7201
5,3077 5,3410
374 15:34
4,6672 4,6994
4,3109 4,3431
4,6868 4,7198
5,3081 5,3414
375 15:35
4,6669 4,6991
4,3090 4,3412
4,6859 4,7189
5,3074 5,3407
376 15:36
4,6666 4,6988
4,3078 4,3400
4,6862 4,7192
5,3074 5,3407
377 15:37
4,6666 4,6988
4,3097 4,3419
4,6881 4,7211
5,3074 5,3407
378 15:38
4,6667 4,6989
4,3084 4,3406
4,6874 4,7204
5,3071 5,3404
379 15:39
4,6665 4,6987
4,3079 4,3401
4,6883 4,7213
5,3070 5,3403
380 15:40
4,6666 4,6988
4,3077 4,3399
4,6892 4,7222
5,3070 5,3403
381 15:41
4,6664 4,6986
4,3087 4,3409
4,6863 4,7193
5,3068 5,3401
382 15:42
4,6664 4,6986
4,3087 4,3409
4,6854 4,7184
5,3065 5,3398
383 15:43
4,6665 4,6987
4,3092 4,3414
4,6864 4,7194
5,3075 5,3408
384 15:44
4,6664 4,6986
4,3089 4,3411
4,6873 4,7203
5,3080 5,3413
385 15:45
4,6664 4,6986
4,3088 4,3410
4,6861 4,7191
5,3072 5,3405
386 15:46
4,6664 4,6986
4,3082 4,3404
4,6855 4,7185
5,3072 5,3405
387 15:47
4,6666 4,6988
4,3093 4,3415
4,6852 4,7182
5,3067 5,3400
388 15:48
4,6664 4,6986
4,3091 4,3413
4,6854 4,7184
5,3068 5,3401
389 15:49
4,6664 4,6986
4,3097 4,3419
4,6852 4,7182
5,3083 5,3416
390 15:50
4,6665 4,6987
4,3099 4,3421
4,6845 4,7175
5,3070 5,3403
391 15:51
4,6663 4,6985
4,3099 4,3421
4,6839 4,7169
5,3059 5,3392
392 15:52
4,6665 4,6987
4,3112 4,3434
4,6844 4,7174
5,3054 5,3387
393 15:53
4,6663 4,6985
4,3095 4,3417
4,6827 4,7157
5,3053 5,3386
394 15:54
4,6663 4,6985
4,3099 4,3421
4,6826 4,7156
5,3061 5,3394
395 15:55
4,6659 4,6981
4,3087 4,3409
4,6824 4,7154
5,3067 5,3400
396 15:56
4,6654 4,6977
4,3088 4,3410
4,6826 4,7156
5,3071 5,3405
397 15:57
4,6657 4,6980
4,3097 4,3419
4,6824 4,7154
5,3080 5,3414
398 15:58
4,6657 4,6980
4,3099 4,3421
4,6819 4,7149
5,3077 5,3411
399 15:59
4,6659 4,6982
4,3093 4,3415
4,6798 4,7128
5,3074 5,3408
400 16:00
4,6659 4,6982
4,3103 4,3425
4,6803 4,7133
5,3074 5,3408
401 16:01
4,6660 4,6982
4,3116 4,3438
4,6808 4,7138
5,3078 5,3412
402 16:02
4,6662 4,6984
4,3110 4,3432
4,6797 4,7127
5,3078 5,3412
403 16:03
4,6663 4,6985
4,3114 4,3436
4,6798 4,7128
5,3084 5,3418
404 16:04
4,6658 4,6980
4,3103 4,3425
4,6792 4,7122
5,3080 5,3414
405 16:05
4,6653 4,6975
4,3095 4,3417
4,6788 4,7118
5,3073 5,3407
406 16:06
4,6654 4,6977
4,3105 4,3427
4,6791 4,7121
5,3079 5,3412
407 16:07
4,6657 4,6980
4,3119 4,3441
4,6787 4,7117
5,3087 5,3420
408 16:08
4,6656 4,6979
4,3126 4,3448
4,6795 4,7125
5,3102 5,3435
409 16:09
4,6656 4,6979
4,3114 4,3436
4,6788 4,7118
5,3095 5,3428
410 16:10
4,6654 4,6977
4,3104 4,3426
4,6778 4,7108
5,3096 5,3429
411 16:11
4,6657 4,6979
4,3095 4,3417
4,6773 4,7103
5,3094 5,3427
412 16:12
4,6660 4,6982
4,3106 4,3428
4,6780 4,7110
5,3103 5,3436
413 16:13
4,6660 4,6982
4,3118 4,3440
4,6790 4,7120
5,3110 5,3443
414 16:14
4,6658 4,6980
4,3118 4,3440
4,6788 4,7118
5,3101 5,3434
415 16:15
Definite connection error