#======================
2023-7-21
# 1.EUR, 2.USD, 3.CHF, 4.GBP
Sell Price, Buy Price
1 10:39
4,4320 4,4643
3,9800 4,0123
4,5987 4,6316
5,1192 5,1525
2 10:40
4,4321 4,4644
3,9805 4,0128
4,5988 4,6317
5,1195 5,1528
3 10:41
4,4321 4,4644
3,9803 4,0126
4,5988 4,6317
5,1187 5,1521
4 10:42
4,4322 4,4645
3,9800 4,0123
4,5982 4,6311
5,1188 5,1522
5 10:43
4,4321 4,4644
3,9797 4,0120
4,5979 4,6308
5,1193 5,1527
6 10:44
4,4320 4,4643
3,9798 4,0121
4,5980 4,6309
5,1194 5,1528
7 10:45
4,4313 4,4636
3,9789 4,0112
4,5975 4,6304
5,1188 5,1522
8 10:46
4,4306 4,4629
3,9784 4,0107
4,5970 4,6299
5,1190 5,1524
9 10:47
4,4305 4,4628
3,9791 4,0114
4,5972 4,6301
5,1192 5,1526
10 10:48
4,4308 4,4631
3,9790 4,0113
4,5972 4,6301
5,1193 5,1527
11 10:49
4,4305 4,4628
3,9794 4,0117
4,5957 4,6286
5,1190 5,1524
12 10:50
4,4301 4,4624
3,9791 4,0114
4,5945 4,6274
5,1191 5,1525
13 10:51
4,4303 4,4626
3,9795 4,0118
4,5951 4,6280
5,1193 5,1527
14 10:52
4,4303 4,4626
3,9798 4,0121
4,5953 4,6282
5,1192 5,1526
15 10:53
4,4305 4,4628
3,9807 4,0130
4,5962 4,6291
5,1208 5,1542
16 10:54
4,4314 4,4637
3,9812 4,0135
4,5979 4,6308
5,1209 5,1543
17 10:55
4,4308 4,4631
3,9799 4,0122
4,5968 4,6297
5,1202 5,1536
18 10:56
4,4310 4,4633
3,9801 4,0124
4,5965 4,6294
5,1222 5,1556
19 10:57
4,4313 4,4636
3,9810 4,0133
4,5961 4,6290
5,1219 5,1553
20 10:58
4,4317 4,4640
3,9821 4,0144
4,5963 4,6292
5,1230 5,1564
21 10:59
4,4334 4,4657
3,9833 4,0156
4,5982 4,6311
5,1249 5,1583
22 11:00
4,4319 4,4642
3,9821 4,0144
4,5965 4,6294
5,1236 5,1570
23 11:01
4,4330 4,4653
3,9829 4,0152
4,5974 4,6304
5,1239 5,1572
24 11:02
4,4332 4,4655
3,9831 4,0154
4,5988 4,6318
5,1248 5,1581
25 11:03
4,4323 4,4646
3,9815 4,0138
4,5981 4,6311
5,1239 5,1572
26 11:04
4,4313 4,4636
3,9809 4,0132
4,5968 4,6298
5,1226 5,1559
27 11:05
4,4306 4,4629
3,9802 4,0125
4,5966 4,6296
5,1223 5,1556
28 11:06
4,4296 4,4619
3,9786 4,0109
4,5960 4,6289
5,1222 5,1556
29 11:07
4,4293 4,4616
3,9785 4,0108
4,5959 4,6288
5,1223 5,1557
30 11:08
4,4292 4,4615
3,9784 4,0107
4,5956 4,6285
5,1234 5,1568
31 11:09
4,4308 4,4631
3,9806 4,0129
4,5973 4,6302
5,1242 5,1576
32 11:10
4,4320 4,4643
3,9815 4,0138
4,5986 4,6315
5,1258 5,1592
33 11:11
4,4307 4,4630
3,9801 4,0124
4,5969 4,6298
5,1245 5,1579
34 11:12
4,4298 4,4621
3,9792 4,0115
4,5962 4,6291
5,1244 5,1578
35 11:13
4,4299 4,4622
3,9789 4,0112
4,5960 4,6289
5,1242 5,1576
36 11:14
4,4299 4,4622
3,9792 4,0115
4,5963 4,6292
5,1239 5,1573
37 11:15
4,4304 4,4627
3,9808 4,0131
4,5972 4,6301
5,1245 5,1579
38 11:16
4,4302 4,4627
3,9807 4,0130
4,5974 4,6305
5,1253 5,1587
39 11:17
4,4302 4,4627
3,9807 4,0130
4,5974 4,6305
5,1252 5,1586
40 11:18
4,4306 4,4631
3,9812 4,0135
4,5978 4,6309
5,1251 5,1585
41 11:19
4,4328 4,4653
3,9849 4,0172
4,6006 4,6337
5,1274 5,1608
42 11:20
4,4310 4,4635
3,9821 4,0144
4,5972 4,6303
5,1250 5,1584
43 11:21
4,4345 4,4670
3,9853 4,0176
4,6007 4,6337
5,1290 5,1624
44 11:22
4,4336 4,4661
3,9845 4,0168
4,6001 4,6331
5,1281 5,1615
45 11:23
4,4336 4,4661
3,9838 4,0161
4,5997 4,6327
5,1287 5,1621
46 11:24
4,4336 4,4661
3,9838 4,0161
4,6003 4,6333
5,1284 5,1618
47 11:25
4,4337 4,4662
3,9838 4,0161
4,5997 4,6327
5,1284 5,1618
48 11:26
4,4336 4,4659
3,9843 4,0166
4,5998 4,6328
5,1287 5,1621
49 11:27
4,4334 4,4657
3,9839 4,0162
4,5993 4,6323
5,1286 5,1620
50 11:28
4,4336 4,4659
3,9842 4,0165
4,5994 4,6324
5,1287 5,1621
51 11:29
4,4330 4,4653
3,9831 4,0154
4,5988 4,6318
5,1277 5,1611
52 11:30
4,4288 4,4611
3,9792 4,0115
4,5937 4,6267
5,1222 5,1556
53 11:31
4,4278 4,4601
3,9784 4,0107
4,5927 4,6257
5,1212 5,1546
54 11:32
4,4267 4,4590
3,9767 4,0090
4,5913 4,6243
5,1195 5,1529
55 11:33
4,4262 4,4585
3,9761 4,0084
4,5910 4,6240
5,1193 5,1527
56 11:34
4,4268 4,4591
3,9777 4,0100
4,5908 4,6238
5,1200 5,1534
57 11:35
4,4269 4,4592
3,9778 4,0101
4,5906 4,6236
5,1198 5,1532
58 11:36
4,4275 4,4598
3,9790 4,0113
4,5912 4,6242
5,1212 5,1546
59 11:37
4,4270 4,4593
3,9792 4,0115
4,5917 4,6247
5,1206 5,1540
60 11:38
4,4273 4,4596
3,9794 4,0117
4,5920 4,6250
5,1215 5,1549
61 11:39
4,4272 4,4595
3,9795 4,0118
4,5919 4,6249
5,1216 5,1550
62 11:40
4,4277 4,4600
3,9798 4,0121
4,5914 4,6244
5,1222 5,1556
63 11:41
4,4277 4,4600
3,9801 4,0124
4,5914 4,6244
5,1225 5,1559
64 11:42
4,4287 4,4610
3,9812 4,0135
4,5925 4,6255
5,1249 5,1583
65 11:43
4,4265 4,4588
3,9785 4,0108
4,5902 4,6232
5,1218 5,1552
66 11:44
4,4279 4,4602
3,9800 4,0123
4,5916 4,6246
5,1237 5,1571
67 11:45
4,4287 4,4610
3,9808 4,0131
4,5929 4,6259
5,1241 5,1575
68 11:46
4,4267 4,4592
3,9791 4,0114
4,5912 4,6242
5,1214 5,1548
69 11:47
4,4268 4,4593
3,9787 4,0110
4,5911 4,6241
5,1214 5,1548
70 11:48
4,4272 4,4597
3,9785 4,0108
4,5910 4,6240
5,1213 5,1547
71 11:49
4,4272 4,4597
3,9791 4,0114
4,5911 4,6241
5,1206 5,1540
72 11:50
4,4274 4,4599
3,9800 4,0123
4,5910 4,6240
5,1208 5,1542
73 11:51
4,4279 4,4603
3,9794 4,0117
4,5914 4,6244
5,1216 5,1550
74 11:52
4,4278 4,4602
3,9789 4,0112
4,5915 4,6245
5,1211 5,1545
75 11:53
4,4289 4,4613
3,9805 4,0128
4,5928 4,6258
5,1236 5,1570
76 11:54
4,4274 4,4598
3,9790 4,0113
4,5914 4,6244
5,1222 5,1556
77 11:55
4,4273 4,4597
3,9787 4,0110
4,5910 4,6240
5,1221 5,1555
78 11:56
4,4262 4,4585
3,9773 4,0096
4,5903 4,6233
5,1208 5,1542
79 11:57
4,4248 4,4571
3,9761 4,0084
4,5891 4,6221
5,1192 5,1526
80 11:58
4,4248 4,4571
3,9758 4,0081
4,5884 4,6214
5,1201 5,1535
81 11:59
4,4244 4,4567
3,9760 4,0083
4,5881 4,6211
5,1194 5,1528
82 12:00
4,4246 4,4569
3,9757 4,0080
4,5889 4,6219
5,1192 5,1526
83 12:01
4,4246 4,4569
3,9757 4,0080
4,5892 4,6222
5,1187 5,1521
84 12:02
4,4246 4,4569
3,9763 4,0086
4,5894 4,6224
5,1193 5,1527
85 12:03
4,4254 4,4577
3,9774 4,0097
4,5905 4,6235
5,1206 5,1540
86 12:04
4,4270 4,4593
3,9781 4,0104
4,5921 4,6251
5,1218 5,1552
87 12:05
4,4273 4,4596
3,9792 4,0115
4,5925 4,6255
5,1224 5,1558
88 12:06
4,4276 4,4599
3,9798 4,0121
4,5927 4,6257
5,1223 5,1557
89 12:07
4,4264 4,4587
3,9790 4,0113
4,5918 4,6248
5,1214 5,1548
90 12:08
4,4264 4,4587
3,9784 4,0107
4,5920 4,6250
5,1207 5,1541
91 12:09
4,4265 4,4588
3,9785 4,0108
4,5927 4,6257
5,1208 5,1542
92 12:10
4,4264 4,4587
3,9781 4,0104
4,5928 4,6258
5,1204 5,1538
93 12:11
4,4264 4,4587
3,9777 4,0100
4,5927 4,6257
5,1208 5,1542
94 12:12
4,4265 4,4588
3,9780 4,0103
4,5930 4,6260
5,1208 5,1542
95 12:13
4,4260 4,4583
3,9779 4,0102
4,5922 4,6252
5,1202 5,1536
96 12:14
4,4258 4,4581
3,9781 4,0104
4,5921 4,6251
5,1195 5,1529
97 12:15
4,4259 4,4582
3,9780 4,0103
4,5920 4,6250
5,1190 5,1524
98 12:16
4,4254 4,4577
3,9770 4,0093
4,5916 4,6246
5,1183 5,1517
99 12:17
4,4293 4,4616
3,9811 4,0134
4,5960 4,6290
5,1233 5,1567
100 12:18
4,4293 4,4616
3,9804 4,0127
4,5955 4,6285
5,1231 5,1565
101 12:19
4,4303 4,4626
3,9819 4,0142
4,5962 4,6292
5,1237 5,1571
102 12:20
4,4313 4,4636
3,9827 4,0150
4,5973 4,6303
5,1248 5,1582
103 12:21
4,4305 4,4628
3,9827 4,0150
4,5961 4,6291
5,1240 5,1574
104 12:22
4,4327 4,4650
3,9845 4,0168
4,5985 4,6315
5,1265 5,1599
105 12:23
4,4339 4,4662
3,9854 4,0177
4,5991 4,6321
5,1277 5,1611
106 12:24
4,4350 4,4673
3,9862 4,0185
4,6004 4,6334
5,1292 5,1626
107 12:25
4,4360 4,4683
3,9874 4,0197
4,6014 4,6344
5,1297 5,1631
108 12:26
4,4348 4,4671
3,9870 4,0193
4,6007 4,6337
5,1286 5,1621
109 12:27
4,4348 4,4671
3,9869 4,0192
4,6007 4,6337
5,1280 5,1615
110 12:28
4,4348 4,4671
3,9874 4,0197
4,6002 4,6332
5,1281 5,1616
111 12:29
4,4348 4,4671
3,9869 4,0192
4,6007 4,6337
5,1281 5,1616
112 12:30
4,4350 4,4673
3,9866 4,0188
4,6007 4,6337
5,1280 5,1615
113 12:31
4,4349 4,4672
3,9861 4,0183
4,6003 4,6333
5,1279 5,1613
114 12:32
4,4376 4,4699
3,9882 4,0204
4,6031 4,6361
5,1304 5,1638
115 12:33
4,4376 4,4699
3,9878 4,0200
4,6031 4,6361
5,1304 5,1638
116 12:34
4,4370 4,4693
3,9878 4,0200
4,6029 4,6359
5,1288 5,1622
117 12:35
4,4372 4,4695
3,9878 4,0200
4,6027 4,6357
5,1293 5,1627
118 12:36
4,4368 4,4691
3,9876 4,0198
4,6025 4,6355
5,1280 5,1614
119 12:37
4,4373 4,4696
3,9886 4,0208
4,6033 4,6363
5,1284 5,1618
120 12:38
4,4423 4,4746
3,9933 4,0255
4,6080 4,6410
5,1331 5,1665
121 12:39
4,4426 4,4749
3,9932 4,0254
4,6085 4,6415
5,1337 5,1671
122 12:40
4,4419 4,4742
3,9920 4,0242
4,6079 4,6409
5,1327 5,1661
123 12:41
4,4418 4,4741
3,9918 4,0240
4,6079 4,6409
5,1328 5,1662
124 12:42
4,4443 4,4766
3,9947 4,0269
4,6104 4,6434
5,1359 5,1693
125 12:43
4,4466 4,4789
3,9966 4,0288
4,6135 4,6465
5,1391 5,1725
126 12:44
4,4455 4,4778
3,9951 4,0273
4,6121 4,6451
5,1369 5,1703
127 12:45
4,4451 4,4774
3,9947 4,0269
4,6112 4,6442
5,1364 5,1698
128 12:46
4,4412 4,4735
3,9912 4,0234
4,6068 4,6398
5,1317 5,1651
129 12:47
4,4397 4,4720
3,9904 4,0226
4,6056 4,6386
5,1302 5,1636
130 12:48
4,4395 4,4718
3,9904 4,0226
4,6057 4,6387
5,1296 5,1630
131 12:49
4,4415 4,4738
3,9915 4,0237
4,6078 4,6408
5,1319 5,1653
132 12:50
4,4396 4,4719
3,9903 4,0225
4,6056 4,6386
5,1299 5,1633
133 12:51
4,4396 4,4719
3,9903 4,0225
4,6062 4,6392
5,1303 5,1637
134 12:52
4,4396 4,4719
3,9901 4,0223
4,6056 4,6386
5,1300 5,1634
135 12:53
4,4393 4,4716
3,9896 4,0218
4,6054 4,6384
5,1297 5,1631
136 12:54
4,4395 4,4718
3,9901 4,0223
4,6057 4,6387
5,1302 5,1636
137 12:55
4,4397 4,4720
3,9899 4,0221
4,6057 4,6387
5,1304 5,1638
138 12:56
4,4398 4,4721
3,9903 4,0225
4,6061 4,6391
5,1298 5,1632
139 12:57
4,4398 4,4721
3,9907 4,0229
4,6056 4,6386
5,1288 5,1622
140 12:58
4,4396 4,4719
3,9903 4,0225
4,6056 4,6386
5,1286 5,1620
141 12:59
4,4396 4,4719
3,9901 4,0223
4,6052 4,6382
5,1291 5,1625
142 13:00
4,4395 4,4718
3,9899 4,0221
4,6053 4,6383
5,1288 5,1622
143 13:01
4,4381 4,4704
3,9884 4,0206
4,6037 4,6367
5,1274 5,1608
144 13:02
4,4388 4,4711
3,9894 4,0216
4,6043 4,6373
5,1287 5,1621
145 13:03
4,4403 4,4726
3,9910 4,0232
4,6061 4,6391
5,1312 5,1646
146 13:04
4,4406 4,4729
3,9910 4,0232
4,6062 4,6392
5,1313 5,1647
147 13:05
4,4405 4,4728
3,9913 4,0235
4,6063 4,6393
5,1316 5,1650
148 13:06
4,4408 4,4731
3,9918 4,0240
4,6065 4,6395
5,1329 5,1663
149 13:07
4,4409 4,4732
3,9917 4,0239
4,6066 4,6396
5,1342 5,1676
150 13:08
4,4408 4,4731
3,9918 4,0240
4,6065 4,6395
5,1335 5,1669
151 13:09
4,4408 4,4731
3,9919 4,0241
4,6065 4,6395
5,1335 5,1669
152 13:10
4,4404 4,4727
3,9922 4,0244
4,6058 4,6388
5,1330 5,1664
153 13:11
4,4421 4,4744
3,9933 4,0255
4,6083 4,6413
5,1347 5,1681
154 13:12
4,4414 4,4737
3,9927 4,0249
4,6075 4,6405
5,1339 5,1673
155 13:13
4,4413 4,4736
3,9922 4,0244
4,6082 4,6412
5,1334 5,1668
156 13:14
4,4412 4,4735
3,9918 4,0240
4,6079 4,6409
5,1335 5,1669
157 13:15
4,4412 4,4735
3,9921 4,0243
4,6078 4,6408
5,1333 5,1667
158 13:16
4,4413 4,4736
3,9922 4,0244
4,6079 4,6409
5,1335 5,1669
159 13:17
4,4415 4,4738
3,9924 4,0246
4,6081 4,6411
5,1337 5,1671
160 13:18
4,4417 4,4740
3,9929 4,0251
4,6083 4,6413
5,1339 5,1673
161 13:19
4,4415 4,4738
3,9928 4,0250
4,6086 4,6416
5,1331 5,1665
162 13:20
4,4414 4,4737
3,9923 4,0245
4,6087 4,6417
5,1326 5,1660
163 13:21
4,4394 4,4717
3,9901 4,0223
4,6071 4,6400
5,1301 5,1635
164 13:22
4,4378 4,4701
3,9890 4,0212
4,6057 4,6386
5,1281 5,1615
165 13:23
4,4377 4,4700
3,9886 4,0208
4,6051 4,6380
5,1281 5,1615
166 13:24
4,4373 4,4696
3,9886 4,0208
4,6050 4,6379
5,1274 5,1608
167 13:25
4,4367 4,4690
3,9879 4,0201
4,6042 4,6371
5,1267 5,1601
168 13:26
4,4385 4,4708
3,9888 4,0210
4,6060 4,6390
5,1284 5,1618
169 13:27
4,4402 4,4725
3,9906 4,0228
4,6077 4,6407
5,1300 5,1634
170 13:28
4,4396 4,4719
3,9904 4,0226
4,6072 4,6402
5,1301 5,1635
171 13:29
4,4396 4,4719
3,9901 4,0223
4,6071 4,6401
5,1297 5,1631
172 13:30
4,4396 4,4719
3,9903 4,0225
4,6071 4,6401
5,1292 5,1626
173 13:31
4,4394 4,4717
3,9897 4,0219
4,6064 4,6394
5,1288 5,1622
174 13:32
4,4387 4,4710
3,9893 4,0215
4,6054 4,6384
5,1277 5,1611
175 13:33
4,4385 4,4708
3,9892 4,0214
4,6055 4,6385
5,1276 5,1610
176 13:34
4,4386 4,4709
3,9890 4,0212
4,6058 4,6388
5,1279 5,1613
177 13:35
4,4385 4,4708
3,9892 4,0214
4,6055 4,6385
5,1281 5,1615
178 13:36
4,4377 4,4700
3,9879 4,0201
4,6049 4,6378
5,1273 5,1607
179 13:37
4,4379 4,4702
3,9881 4,0203
4,6047 4,6376
5,1269 5,1603
180 13:38
4,4374 4,4697
3,9871 4,0193
4,6042 4,6371
5,1263 5,1597
181 13:39
4,4373 4,4696
3,9868 4,0190
4,6037 4,6366
5,1261 5,1595
182 13:40
4,4371 4,4694
3,9867 4,0189
4,6036 4,6365
5,1251 5,1585
183 13:41
4,4373 4,4696
3,9870 4,0192
4,6040 4,6370
5,1250 5,1584
184 13:42
4,4375 4,4698
3,9866 4,0188
4,6042 4,6372
5,1251 5,1585
185 13:43
4,4381 4,4704
3,9868 4,0190
4,6051 4,6381
5,1247 5,1581
186 13:44
4,4376 4,4699
3,9863 4,0185
4,6045 4,6375
5,1238 5,1572
187 13:45
4,4377 4,4700
3,9862 4,0184
4,6046 4,6376
5,1239 5,1573
188 13:46
4,4377 4,4700
3,9871 4,0193
4,6046 4,6375
5,1242 5,1576
189 13:47
4,4378 4,4701
3,9874 4,0196
4,6048 4,6377
5,1253 5,1587
190 13:48
4,4377 4,4700
3,9879 4,0201
4,6044 4,6373
5,1246 5,1580
191 13:49
4,4372 4,4695
3,9874 4,0196
4,6042 4,6371
5,1240 5,1574
192 13:50
4,4373 4,4696
3,9875 4,0197
4,6041 4,6370
5,1237 5,1571
193 13:51
4,4372 4,4695
3,9876 4,0198
4,6041 4,6371
5,1239 5,1573
194 13:52
4,4373 4,4696
3,9879 4,0201
4,6046 4,6376
5,1241 5,1575
195 13:53
4,4374 4,4697
3,9874 4,0196
4,6048 4,6378
5,1248 5,1582
196 13:54
4,4373 4,4696
3,9879 4,0201
4,6050 4,6380
5,1250 5,1584
197 13:55
4,4373 4,4696
3,9875 4,0197
4,6049 4,6379
5,1240 5,1574
198 13:56
4,4374 4,4697
3,9883 4,0205
4,6055 4,6384
5,1241 5,1575
199 13:57
4,4374 4,4697
3,9889 4,0211
4,6058 4,6387
5,1227 5,1561
200 13:58
4,4372 4,4695
3,9899 4,0221
4,6058 4,6387
5,1216 5,1550
201 13:59
4,4377 4,4700
3,9908 4,0230
4,6068 4,6397
5,1222 5,1556
202 14:00
4,4401 4,4724
3,9928 4,0250
4,6096 4,6425
5,1246 5,1580
203 14:01
4,4394 4,4717
3,9918 4,0240
4,6081 4,6411
5,1230 5,1564
204 14:02
4,4381 4,4704
3,9904 4,0226
4,6080 4,6410
5,1209 5,1543
205 14:03
4,4383 4,4706
3,9902 4,0224
4,6078 4,6408
5,1211 5,1545
206 14:04
4,4384 4,4707
3,9907 4,0229
4,6073 4,6403
5,1203 5,1537
207 14:05
4,4385 4,4708
3,9897 4,0219
4,6074 4,6404
5,1210 5,1544
208 14:06
4,4385 4,4708
3,9893 4,0215
4,6076 4,6405
5,1213 5,1547
209 14:07
4,4382 4,4705
3,9891 4,0213
4,6083 4,6412
5,1222 5,1556
210 14:08
4,4384 4,4707
3,9896 4,0218
4,6083 4,6412
5,1224 5,1558
211 14:09
4,4393 4,4716
3,9906 4,0228
4,6094 4,6423
5,1221 5,1555
212 14:10
4,4403 4,4726
3,9917 4,0239
4,6106 4,6435
5,1240 5,1574
213 14:11
4,4404 4,4727
3,9912 4,0234
4,6106 4,6436
5,1241 5,1575
214 14:12
4,4405 4,4728
3,9915 4,0237
4,6109 4,6439
5,1227 5,1561
215 14:13
4,4410 4,4733
3,9914 4,0236
4,6112 4,6442
5,1233 5,1567
216 14:14
4,4408 4,4731
3,9912 4,0234
4,6112 4,6442
5,1231 5,1565
217 14:15
4,4404 4,4727
3,9910 4,0232
4,6106 4,6436
5,1217 5,1551
218 14:16
4,4405 4,4728
3,9910 4,0232
4,6118 4,6449
5,1227 5,1561
219 14:17
4,4405 4,4728
3,9906 4,0228
4,6120 4,6451
5,1228 5,1562
220 14:18
4,4399 4,4722
3,9904 4,0226
4,6112 4,6443
5,1218 5,1552
221 14:19
4,4403 4,4726
3,9911 4,0233
4,6118 4,6449
5,1226 5,1560
222 14:20
4,4420 4,4743
3,9930 4,0252
4,6137 4,6468
5,1249 5,1583
223 14:21
4,4414 4,4737
3,9907 4,0229
4,6138 4,6467
5,1244 5,1578
224 14:22
4,4432 4,4755
3,9925 4,0247
4,6157 4,6486
5,1262 5,1596
225 14:23
4,4418 4,4741
3,9914 4,0236
4,6143 4,6472
5,1252 5,1586
226 14:24
4,4420 4,4743
3,9916 4,0238
4,6145 4,6474
5,1251 5,1585
227 14:25
4,4419 4,4742
3,9921 4,0243
4,6147 4,6476
5,1252 5,1586
228 14:26
4,4417 4,4740
3,9931 4,0253
4,6150 4,6480
5,1250 5,1584
229 14:27
4,4414 4,4737
3,9928 4,0250
4,6159 4,6489
5,1225 5,1559
230 14:28
4,4413 4,4736
3,9934 4,0256
4,6161 4,6491
5,1227 5,1561
231 14:29
4,4414 4,4737
3,9934 4,0256
4,6157 4,6487
5,1241 5,1575
232 14:30
4,4417 4,4740
3,9931 4,0253
4,6159 4,6489
5,1244 5,1578
233 14:31
4,4418 4,4741
3,9926 4,0248
4,6166 4,6495
5,1235 5,1569
234 14:32
4,4419 4,4742
3,9931 4,0253
4,6165 4,6494
5,1226 5,1560
235 14:33
4,4424 4,4747
3,9932 4,0254
4,6172 4,6501
5,1232 5,1566
236 14:34
4,4423 4,4746
3,9926 4,0248
4,6174 4,6503
5,1236 5,1570
237 14:35
4,4419 4,4742
3,9922 4,0244
4,6160 4,6489
5,1229 5,1563
238 14:36
4,4416 4,4739
3,9927 4,0249
4,6150 4,6479
5,1227 5,1561
239 14:37
4,4414 4,4737
3,9916 4,0238
4,6157 4,6486
5,1234 5,1568
240 14:38
4,4415 4,4738
3,9928 4,0250
4,6152 4,6481
5,1228 5,1562
241 14:39
4,4409 4,4732
3,9906 4,0228
4,6154 4,6483
5,1217 5,1551
242 14:40
4,4401 4,4724
3,9906 4,0228
4,6139 4,6468
5,1202 5,1536
243 14:41
4,4424 4,4747
3,9934 4,0256
4,6160 4,6491
5,1224 5,1558
244 14:42
4,4431 4,4754
3,9935 4,0257
4,6167 4,6498
5,1228 5,1562
245 14:43
4,4428 4,4751
3,9937 4,0259
4,6163 4,6494
5,1222 5,1556
246 14:44
4,4432 4,4755
3,9937 4,0259
4,6172 4,6503
5,1222 5,1556
247 14:45
4,4434 4,4757
3,9938 4,0260
4,6173 4,6504
5,1232 5,1566
248 14:46
4,4442 4,4765
3,9941 4,0263
4,6176 4,6505
5,1255 5,1589
249 14:47
4,4450 4,4773
3,9939 4,0261
4,6190 4,6519
5,1268 5,1602
250 14:48
4,4450 4,4773
3,9946 4,0268
4,6185 4,6514
5,1276 5,1610
251 14:49
4,4446 4,4769
3,9928 4,0250
4,6181 4,6510
5,1271 5,1605
252 14:50
4,4433 4,4756
3,9924 4,0246
4,6170 4,6499
5,1239 5,1573
253 14:51
4,4430 4,4753
3,9912 4,0234
4,6167 4,6496
5,1239 5,1573
254 14:52
4,4419 4,4742
3,9905 4,0227
4,6150 4,6479
5,1228 5,1562
255 14:53
4,4416 4,4739
3,9897 4,0219
4,6142 4,6471
5,1216 5,1550
256 14:54
4,4415 4,4738
3,9895 4,0217
4,6139 4,6468
5,1215 5,1549
257 14:55
4,4414 4,4737
3,9890 4,0212
4,6133 4,6462
5,1214 5,1548
258 14:56
4,4413 4,4736
3,9886 4,0208
4,6130 4,6459
5,1210 5,1544
259 14:57
4,4414 4,4737
3,9885 4,0207
4,6128 4,6457
5,1222 5,1556
260 14:58
4,4412 4,4735
3,9903 4,0225
4,6131 4,6460
5,1232 5,1566
261 14:59
4,4414 4,4737
3,9905 4,0227
4,6133 4,6462
5,1235 5,1569
262 15:00
4,4416 4,4739
3,9910 4,0232
4,6138 4,6467
5,1238 5,1572
263 15:01
4,4438 4,4761
3,9923 4,0245
4,6158 4,6487
5,1268 5,1602
264 15:02
4,4432 4,4755
3,9910 4,0232
4,6151 4,6480
5,1264 5,1598
265 15:03
4,4433 4,4756
3,9909 4,0231
4,6152 4,6481
5,1262 5,1596
266 15:04
4,4437 4,4760
3,9917 4,0239
4,6158 4,6487
5,1267 5,1601
267 15:05
4,4427 4,4750
3,9913 4,0235
4,6151 4,6480
5,1259 5,1593
268 15:06
4,4424 4,4747
3,9907 4,0229
4,6151 4,6480
5,1258 5,1592
269 15:07
4,4432 4,4755
3,9914 4,0236
4,6159 4,6488
5,1267 5,1601
270 15:08
4,4421 4,4744
3,9891 4,0213
4,6139 4,6468
5,1246 5,1580
271 15:09
4,4421 4,4744
3,9899 4,0221
4,6141 4,6470
5,1252 5,1586
272 15:10
4,4415 4,4738
3,9891 4,0213
4,6136 4,6465
5,1241 5,1575
273 15:11
4,4402 4,4725
3,9874 4,0196
4,6118 4,6447
5,1229 5,1563
274 15:12
4,4413 4,4736
3,9886 4,0208
4,6130 4,6459
5,1249 5,1583
275 15:13
4,4412 4,4735
3,9882 4,0204
4,6131 4,6460
5,1263 5,1597
276 15:14
4,4430 4,4753
3,9903 4,0225
4,6152 4,6481
5,1290 5,1624
277 15:15
4,4427 4,4750
3,9904 4,0226
4,6144 4,6473
5,1278 5,1612
278 15:16
4,4426 4,4750
3,9904 4,0226
4,6144 4,6473
5,1282 5,1616
279 15:17
4,4424 4,4748
3,9892 4,0214
4,6142 4,6471
5,1286 5,1620
280 15:18
4,4423 4,4747
3,9888 4,0210
4,6145 4,6474
5,1281 5,1615
281 15:19
4,4424 4,4748
3,9887 4,0209
4,6150 4,6479
5,1285 5,1619
282 15:20
4,4425 4,4749
3,9894 4,0216
4,6148 4,6477
5,1283 5,1617
283 15:21
4,4422 4,4745
3,9890 4,0212
4,6147 4,6478
5,1284 5,1618
284 15:22
4,4418 4,4741
3,9878 4,0200
4,6144 4,6475
5,1269 5,1603
285 15:23
4,4417 4,4740
3,9877 4,0199
4,6140 4,6471
5,1280 5,1614
286 15:24
4,4417 4,4740
3,9873 4,0195
4,6142 4,6473
5,1273 5,1607
287 15:25
4,4418 4,4741
3,9883 4,0205
4,6152 4,6483
5,1283 5,1617
288 15:26
4,4416 4,4739
3,9883 4,0205
4,6149 4,6478
5,1284 5,1618
289 15:27
4,4412 4,4735
3,9880 4,0202
4,6150 4,6479
5,1280 5,1614
290 15:28
4,4416 4,4739
3,9887 4,0209
4,6155 4,6484
5,1282 5,1616
291 15:29
4,4405 4,4728
3,9884 4,0206
4,6136 4,6465
5,1272 5,1606
292 15:30
4,4405 4,4728
3,9883 4,0205
4,6130 4,6459
5,1275 5,1609
293 15:31
4,4393 4,4716
3,9877 4,0199
4,6116 4,6445
5,1260 5,1594
294 15:32
4,4400 4,4723
3,9873 4,0195
4,6129 4,6458
5,1284 5,1618
295 15:33
4,4410 4,4733
3,9884 4,0206
4,6137 4,6466
5,1296 5,1630
296 15:34
4,4411 4,4734
3,9883 4,0205
4,6137 4,6466
5,1309 5,1643
297 15:35
4,4412 4,4735
3,9891 4,0213
4,6138 4,6467
5,1307 5,1641
298 15:36
4,4414 4,4737
3,9885 4,0207
4,6143 4,6472
5,1312 5,1646
299 15:37
4,4415 4,4738
3,9893 4,0215
4,6134 4,6463
5,1322 5,1656
300 15:38
4,4411 4,4734
3,9883 4,0205
4,6129 4,6458
5,1318 5,1652
301 15:39
4,4411 4,4734
3,9881 4,0203
4,6130 4,6459
5,1320 5,1654
302 15:40
4,4421 4,4744
3,9890 4,0212
4,6139 4,6468
5,1335 5,1669
303 15:41
4,4422 4,4746
3,9899 4,0221
4,6140 4,6469
5,1333 5,1667
304 15:42
4,4425 4,4749
3,9905 4,0227
4,6146 4,6475
5,1345 5,1679
305 15:43
4,4422 4,4746
3,9913 4,0235
4,6149 4,6478
5,1349 5,1683
306 15:44
4,4422 4,4746
3,9913 4,0235
4,6157 4,6486
5,1352 5,1686
307 15:45
4,4422 4,4746
3,9924 4,0246
4,6157 4,6486
5,1353 5,1687
308 15:46
4,4444 4,4767
3,9939 4,0261
4,6181 4,6510
5,1376 5,1710
309 15:47
4,4453 4,4776
3,9956 4,0278
4,6191 4,6520
5,1399 5,1733
310 15:48
4,4453 4,4776
3,9965 4,0287
4,6183 4,6512
5,1393 5,1727
311 15:49
4,4452 4,4775
3,9973 4,0295
4,6185 4,6514
5,1392 5,1726
312 15:50
4,4448 4,4771
3,9990 4,0312
4,6196 4,6525
5,1399 5,1733
313 15:51
4,4448 4,4771
3,9973 4,0295
4,6187 4,6516
5,1384 5,1718
314 15:52
4,4451 4,4774
3,9981 4,0303
4,6190 4,6519
5,1387 5,1721
315 15:53
4,4446 4,4769
3,9968 4,0290
4,6186 4,6515
5,1370 5,1704
316 15:54
4,4444 4,4767
3,9963 4,0285
4,6179 4,6508
5,1359 5,1693
317 15:55
4,4444 4,4767
3,9959 4,0281
4,6174 4,6503
5,1356 5,1690
318 15:56
4,4445 4,4768
3,9956 4,0278
4,6171 4,6500
5,1354 5,1688
319 15:57
4,4451 4,4774
3,9965 4,0287
4,6181 4,6510
5,1370 5,1704
320 15:58
4,4445 4,4768
3,9964 4,0286
4,6183 4,6512
5,1363 5,1697
321 15:59
4,4444 4,4767
3,9966 4,0288
4,6183 4,6512
5,1358 5,1692
322 16:00
4,4449 4,4772
3,9971 4,0293
4,6192 4,6521
5,1376 5,1710
323 16:01
4,4445 4,4768
3,9972 4,0294
4,6180 4,6509
5,1365 5,1699
324 16:02
4,4430 4,4753
3,9959 4,0281
4,6169 4,6498
5,1350 5,1684
325 16:03
4,4429 4,4752
3,9960 4,0282
4,6163 4,6492
5,1356 5,1690
326 16:04
4,4430 4,4753
3,9967 4,0289
4,6164 4,6493
5,1375 5,1709
327 16:05
4,4433 4,4756
3,9971 4,0293
4,6168 4,6497
5,1382 5,1716
328 16:06
4,4431 4,4754
3,9967 4,0289
4,6163 4,6492
5,1383 5,1717
329 16:07
4,4432 4,4755
3,9968 4,0290
4,6166 4,6495
5,1381 5,1715
330 16:08
4,4440 4,4763
3,9979 4,0301
4,6177 4,6506
5,1384 5,1718
331 16:09
4,4440 4,4763
3,9981 4,0303
4,6172 4,6501
5,1384 5,1718
332 16:10
4,4447 4,4770
3,9995 4,0317
4,6177 4,6506
5,1398 5,1732
333 16:11
4,4452 4,4775
4,0004 4,0326
4,6180 4,6509
5,1415 5,1749
334 16:12
4,4452 4,4775
3,9999 4,0321
4,6182 4,6511
5,1410 5,1744
335 16:13
4,4452 4,4775
4,0001 4,0323
4,6183 4,6512
5,1416 5,1750
336 16:14
4,4451 4,4774
4,0000 4,0322
4,6184 4,6513
5,1416 5,1750
337 16:15
4,4484 4,4807
4,0022 4,0344
4,6215 4,6544
5,1453 5,1787
338 16:16
4,4462 4,4785
4,0000 4,0322
4,6196 4,6525
5,1424 5,1758
339 16:17
4,4462 4,4785
4,0002 4,0324
4,6195 4,6524
5,1421 5,1755
340 16:18
4,4477 4,4800
4,0009 4,0331
4,6215 4,6544
5,1432 5,1766
341 16:19
4,4475 4,4798
4,0010 4,0332
4,6206 4,6535
5,1433 5,1767
342 16:20
4,4478 4,4801
4,0013 4,0335
4,6207 4,6536
5,1440 5,1774
343 16:21
4,4479 4,4802
4,0016 4,0338
4,6204 4,6533
5,1432 5,1766
344 16:22
4,4486 4,4809
4,0031 4,0353
4,6210 4,6539
5,1437 5,1771
345 16:23
4,4489 4,4812
4,0030 4,0352
4,6218 4,6547
5,1434 5,1768
346 16:24
4,4487 4,4810
4,0034 4,0356
4,6219 4,6548
5,1437 5,1771
347 16:25
4,4472 4,4795
4,0019 4,0341
4,6201 4,6530
5,1423 5,1757
348 16:26
4,4470 4,4794
4,0019 4,0341
4,6197 4,6526
5,1423 5,1757
349 16:27
4,4457 4,4781
3,9997 4,0319
4,6198 4,6527
5,1411 5,1745
350 16:28
4,4455 4,4779
3,9994 4,0316
4,6194 4,6523
5,1412 5,1746
351 16:29
4,4474 4,4798
4,0010 4,0332
4,6216 4,6545
5,1430 5,1764
352 16:30
4,4457 4,4781
3,9992 4,0314
4,6195 4,6524
5,1407 5,1741
353 16:31
4,4452 4,4776
3,9989 4,0311
4,6197 4,6528
5,1408 5,1742
354 16:32
4,4454 4,4778
3,9989 4,0311
4,6199 4,6530
5,1401 5,1735
355 16:33
4,4448 4,4772
3,9983 4,0305
4,6188 4,6519
5,1385 5,1719
356 16:34
4,4454 4,4778
3,9996 4,0318
4,6192 4,6523
5,1393 5,1727
357 16:35
4,4465 4,4789
4,0004 4,0326
4,6205 4,6536
5,1399 5,1733
358 16:36
4,4466 4,4790
4,0001 4,0323
4,6207 4,6537
5,1423 5,1757
359 16:37
4,4466 4,4790
4,0007 4,0329
4,6200 4,6530
5,1427 5,1761
360 16:38
4,4467 4,4791
4,0008 4,0330
4,6208 4,6538
5,1431 5,1765
361 16:39
4,4465 4,4789
3,9997 4,0319
4,6206 4,6536
5,1426 5,1760
362 16:40
4,4466 4,4790
3,9999 4,0321
4,6208 4,6538
5,1420 5,1754
363 16:41
4,4468 4,4791
4,0006 4,0328
4,6217 4,6547
5,1419 5,1753
364 16:42
4,4463 4,4786
3,9994 4,0316
4,6211 4,6541
5,1418 5,1752
365 16:43
4,4463 4,4786
3,9994 4,0316
4,6205 4,6535
5,1420 5,1754
366 16:44
4,4465 4,4788
4,0001 4,0323
4,6203 4,6533
5,1415 5,1749
367 16:45
4,4464 4,4787
4,0000 4,0322
4,6204 4,6534
5,1405 5,1739
368 16:46
4,4463 4,4786
4,0002 4,0324
4,6199 4,6529
5,1402 5,1736
369 16:47
4,4466 4,4789
4,0011 4,0333
4,6203 4,6533
5,1401 5,1735
370 16:48
4,4456 4,4779
4,0006 4,0328
4,6201 4,6531
5,1403 5,1737
371 16:49
4,4455 4,4778
4,0000 4,0322
4,6199 4,6529
5,1395 5,1729
372 16:50
4,4456 4,4779
4,0002 4,0324
4,6196 4,6526
5,1405 5,1739
373 16:51
4,4417 4,4740
3,9962 4,0284
4,6150 4,6480
5,1350 5,1684
374 16:52
4,4420 4,4743
3,9982 4,0304
4,6149 4,6479
5,1363 5,1697
375 16:53
4,4422 4,4745
3,9979 4,0301
4,6154 4,6484
5,1381 5,1715
376 16:54
4,4431 4,4754
3,9983 4,0305
4,6167 4,6497
5,1384 5,1718
377 16:55
4,4432 4,4755
3,9978 4,0300
4,6163 4,6493
5,1386 5,1720
378 16:56
4,4430 4,4753
3,9978 4,0300
4,6159 4,6489
5,1383 5,1717
379 16:57
4,4436 4,4759
3,9986 4,0308
4,6165 4,6495
5,1382 5,1716
380 16:58
4,4432 4,4755
3,9984 4,0306
4,6163 4,6493
5,1384 5,1718
381 16:59
4,4431 4,4754
3,9976 4,0298
4,6163 4,6493
5,1389 5,1723
382 17:00
4,4428 4,4751
3,9970 4,0292
4,6156 4,6486
5,1376 5,1710
383 17:01
4,4427 4,4750
3,9967 4,0289
4,6154 4,6484
5,1375 5,1709
384 17:02
4,4431 4,4754
3,9971 4,0293
4,6165 4,6495
5,1389 5,1723
385 17:03
4,4434 4,4757
3,9975 4,0297
4,6173 4,6503
5,1392 5,1726
386 17:04
4,4435 4,4758
3,9978 4,0300
4,6174 4,6504
5,1396 5,1730
387 17:05
4,4435 4,4758
3,9980 4,0302
4,6167 4,6497
5,1393 5,1727
388 17:06
4,4440 4,4763
3,9972 4,0294
4,6175 4,6505
5,1399 5,1733
389 17:07
4,4434 4,4757
3,9952 4,0274
4,6170 4,6500
5,1392 5,1726
390 17:08
4,4422 4,4745
3,9941 4,0263
4,6158 4,6488
5,1384 5,1718
391 17:09
4,4419 4,4742
3,9929 4,0251
4,6153 4,6483
5,1368 5,1702
392 17:10
4,4425 4,4748
3,9942 4,0264
4,6159 4,6489
5,1373 5,1707
393 17:11
4,4420 4,4743
3,9934 4,0256
4,6154 4,6484
5,1370 5,1704
394 17:12
4,4421 4,4744
3,9931 4,0253
4,6150 4,6480
5,1371 5,1705
395 17:13
4,4420 4,4743
3,9930 4,0252
4,6149 4,6479
5,1369 5,1703
396 17:14
4,4421 4,4744
3,9931 4,0253
4,6154 4,6484
5,1370 5,1704
397 17:15
4,4420 4,4743
3,9926 4,0248
4,6153 4,6483
5,1367 5,1701
398 17:16
4,4420 4,4743
3,9923 4,0245
4,6152 4,6482
5,1367 5,1701
399 17:17
4,4420 4,4743
3,9921 4,0243
4,6149 4,6479
5,1366 5,1700
400 17:18
4,4419 4,4742
3,9924 4,0246
4,6152 4,6482
5,1368 5,1702
401 17:19
4,4426 4,4749
3,9934 4,0256
4,6163 4,6493
5,1376 5,1710
402 17:20
4,4433 4,4756
3,9940 4,0262
4,6170 4,6500
5,1386 5,1720
403 17:21
4,4435 4,4758
3,9940 4,0262
4,6171 4,6501
5,1386 5,1720
404 17:22
4,4435 4,4758
3,9940 4,0262
4,6169 4,6499
5,1386 5,1720
405 17:23
4,4439 4,4762
3,9946 4,0268
4,6174 4,6504
5,1395 5,1729
406 17:24
4,4436 4,4759
3,9951 4,0273
4,6175 4,6505
5,1396 5,1730
407 17:25
4,4437 4,4760
3,9953 4,0275
4,6169 4,6499
5,1395 5,1729
408 17:26
4,4434 4,4757
3,9954 4,0276
4,6170 4,6500
5,1392 5,1726
409 17:27
4,4434 4,4757
3,9948 4,0270
4,6178 4,6508
5,1389 5,1723
410 17:28
4,4437 4,4760
3,9954 4,0276
4,6175 4,6505
5,1389 5,1723
411 17:29
4,4437 4,4760
3,9954 4,0276
4,6174 4,6504
5,1386 5,1720
412 17:30
4,4437 4,4760
3,9954 4,0276
4,6179 4,6509
5,1384 5,1718
413 17:31
4,4437 4,4760
3,9952 4,0274
4,6176 4,6506
5,1368 5,1702
414 17:32
4,4437 4,4760
3,9956 4,0278
4,6167 4,6497
5,1374 5,1708
415 17:33
4,4442 4,4765
3,9961 4,0283
4,6169 4,6499
5,1378 5,1712
416 17:34
4,4470 4,4793
3,9992 4,0314
4,6201 4,6531
5,1410 5,1744
417 17:35
4,4471 4,4794
3,9998 4,0320
4,6202 4,6532
5,1419 5,1753
418 17:36
4,4469 4,4792
3,9994 4,0316
4,6200 4,6530
5,1426 5,1760
419 17:37
4,4473 4,4796
3,9999 4,0321
4,6204 4,6534
5,1425 5,1759
420 17:38
4,4466 4,4789
3,9995 4,0317
4,6197 4,6527
5,1423 5,1757
421 17:39
4,4467 4,4790
4,0000 4,0322
4,6199 4,6529
5,1430 5,1764
422 17:40
4,4467 4,4790
3,9992 4,0314
4,6199 4,6529
5,1425 5,1759
423 17:41
4,4466 4,4789
3,9987 4,0309
4,6197 4,6527
5,1422 5,1756
424 17:42
4,4466 4,4789
3,9987 4,0309
4,6192 4,6522
5,1416 5,1750
425 17:43
4,4467 4,4790
3,9992 4,0314
4,6197 4,6527
5,1420 5,1754
426 17:44
4,4467 4,4790
3,9994 4,0316
4,6193 4,6523
5,1420 5,1754
427 17:45
4,4467 4,4790
3,9994 4,0316
4,6194 4,6524
5,1428 5,1762
428 17:46
4,4462 4,4785
3,9990 4,0312
4,6188 4,6518
5,1421 5,1755
429 17:47
4,4461 4,4784
3,9981 4,0303
4,6187 4,6517
5,1421 5,1755
430 17:48
4,4462 4,4785
3,9976 4,0298
4,6188 4,6518
5,1418 5,1752
431 17:49
4,4460 4,4783
3,9971 4,0293
4,6183 4,6513
5,1412 5,1746
432 17:50
4,4459 4,4782
3,9967 4,0289
4,6175 4,6505
5,1412 5,1746
433 17:51
4,4459 4,4782
3,9971 4,0293
4,6175 4,6505
5,1412 5,1746
434 17:52
4,4459 4,4782
3,9972 4,0294
4,6176 4,6506
5,1418 5,1752
435 17:53
4,4459 4,4782
3,9974 4,0296
4,6170 4,6500
5,1421 5,1755
436 17:54
4,4459 4,4782
3,9980 4,0302
4,6178 4,6508
5,1415 5,1749
437 17:55
4,4457 4,4780
3,9982 4,0304
4,6178 4,6508
5,1412 5,1746
438 17:56
4,4454 4,4777
3,9972 4,0294
4,6175 4,6505
5,1412 5,1746
439 17:57
4,4454 4,4777
3,9975 4,0297
4,6172 4,6502
5,1411 5,1745
440 17:58
4,4454 4,4777
3,9975 4,0297
4,6170 4,6500
5,1412 5,1746
441 17:59
4,4451 4,4774
3,9976 4,0298
4,6166 4,6496
5,1411 5,1745
442 18:00
4,4438 4,4772
3,9958 4,0290
4,6153 4,6493
5,1393 5,1734
443 18:01
4,4433 4,4763
3,9949 4,0283
4,6143 4,6480
5,1382 5,1723
444 18:02
4,4432 4,4763
3,9947 4,0280
4,6138 4,6476
5,1381 5,1723
445 18:03
4,4424 4,4778
3,9946 4,0297
4,6128 4,6490
5,1381 5,1748
446 18:04
4,4433 4,4765
3,9949 4,0285
4,6139 4,6478
5,1382 5,1725
447 18:05
4,4433 4,4765
3,9954 4,0289
4,6141 4,6481
5,1376 5,1719
448 18:06
4,4439 4,4767
3,9962 4,0290
4,6149 4,6483
5,1389 5,1727
449 18:07
4,4437 4,4769
3,9956 4,0290
4,6148 4,6487
5,1391 5,1733
450 18:08
4,4437 4,4769
3,9965 4,0296
4,6148 4,6487
5,1387 5,1730
451 18:09
4,4437 4,4768
3,9962 4,0293
4,6148 4,6486
5,1393 5,1735
452 18:10
4,4437 4,4768
3,9969 4,0300
4,6143 4,6485
5,1393 5,1736
453 18:11
4,4437 4,4768
3,9965 4,0299
4,6148 4,6486
5,1393 5,1735
454 18:12
4,4438 4,4768
3,9968 4,0298
4,6148 4,6484
5,1394 5,1735
455 18:13
4,4435 4,4769
3,9965 4,0299
4,6146 4,6487
5,1385 5,1730
456 18:14
4,4432 4,4765
3,9964 4,0300
4,6142 4,6482
5,1381 5,1725
457 18:15
4,4435 4,4764
3,9967 4,0296
4,6147 4,6482
5,1391 5,1732
458 18:16
4,4438 4,4767
3,9966 4,0299
4,6150 4,6485
5,1400 5,1740
459 18:17
4,4438 4,4767
3,9970 4,0303
4,6150 4,6485
5,1400 5,1740
460 18:18
4,4440 4,4768
3,9970 4,0298
4,6150 4,6484
5,1402 5,1741
461 18:19
4,4437 4,4768
3,9969 4,0300
4,6148 4,6486
5,1399 5,1741
462 18:20
4,4439 4,4768
3,9971 4,0300
4,6150 4,6486
5,1401 5,1741
463 18:21
4,4440 4,4768
3,9963 4,0291
4,6145 4,6485
5,1399 5,1737
464 18:22
4,4439 4,4769
3,9958 4,0292
4,6150 4,6487
5,1401 5,1742
465 18:23
4,4436 4,4769
3,9953 4,0289
4,6147 4,6487
5,1398 5,1743
466 18:24
4,4436 4,4769
3,9955 4,0290
4,6147 4,6487
5,1402 5,1742
467 18:25
4,4433 4,4765
3,9953 4,0285
4,6143 4,6482
5,1396 5,1736
468 18:26
4,4433 4,4765
3,9953 4,0286
4,6139 4,6478
5,1400 5,1743
469 18:27
4,4422 4,4777
3,9940 4,0296
4,6133 4,6496
5,1387 5,1757
470 18:28
4,4422 4,4777
3,9941 4,0294
4,6133 4,6496
5,1387 5,1755
471 18:29
4,4422 4,4777
3,9940 4,0296
4,6133 4,6496
5,1387 5,1757
472 18:30
4,4422 4,4777
3,9940 4,0296
4,6128 4,6491
5,1387 5,1757
473 18:31
4,4422 4,4777
3,9947 4,0303
4,6127 4,6495
5,1387 5,1751
474 18:32
4,4423 4,4781
3,9946 4,0302
4,6127 4,6493
5,1381 5,1755
475 18:33
4,4422 4,4782
3,9943 4,0303
4,6131 4,6499
5,1386 5,1762
476 18:34
4,4423 4,4783
3,9944 4,0304
4,6132 4,6500
5,1387 5,1757
477 18:35
4,4426 4,4767
3,9951 4,0291
4,6136 4,6484
5,1392 5,1747
478 18:36
4,4426 4,4767
3,9947 4,0291
4,6136 4,6484
5,1392 5,1746
479 18:37
4,4430 4,4768
3,9954 4,0294
4,6139 4,6485
5,1390 5,1741
480 18:38
4,4430 4,4767
3,9951 4,0291
4,6140 4,6484
5,1398 5,1747
481 18:39
4,4430 4,4767
3,9951 4,0291
4,6140 4,6484
5,1397 5,1741
482 18:40
4,4423 4,4782
3,9946 4,0305
4,6134 4,6501
5,1385 5,1758
483 18:41
4,4430 4,4768
3,9951 4,0288
4,6140 4,6485
5,1391 5,1740
484 18:42
4,4430 4,4767
3,9951 4,0287
4,6140 4,6484
5,1392 5,1741
485 18:43
4,4430 4,4767
3,9955 4,0292
4,6140 4,6484
5,1390 5,1734
486 18:44
4,4423 4,4782
3,9948 4,0304
4,6134 4,6501
5,1377 5,1751
487 18:45
4,4426 4,4767
3,9951 4,0291
4,6136 4,6484
5,1380 5,1734
488 18:46
4,4430 4,4767
3,9956 4,0295
4,6136 4,6480
5,1386 5,1735
489 18:47
4,4430 4,4767
3,9951 4,0287
4,6136 4,6480
5,1386 5,1735
490 18:48
4,4432 4,4766
3,9953 4,0290
4,6138 4,6479
5,1380 5,1727
491 18:49
4,4432 4,4765
3,9953 4,0289
4,6138 4,6478
5,1382 5,1727
492 18:50
4,4433 4,4767
3,9954 4,0287
4,6139 4,6480
5,1387 5,1733
493 18:51
4,4433 4,4767
3,9947 4,0284
4,6139 4,6480
5,1387 5,1733
494 18:52
4,4424 4,4784
3,9938 4,0298
4,6128 4,6496
5,1382 5,1752
495 18:53
4,4425 4,4779
3,9939 4,0294
4,6129 4,6491
5,1379 5,1748
496 18:54
4,4432 4,4765
3,9939 4,0272
4,6138 4,6478
5,1388 5,1733
497 18:55
4,4433 4,4767
3,9936 4,0269
4,6138 4,6479
5,1381 5,1727
498 18:56
4,4432 4,4768
3,9935 4,0270
4,6136 4,6481
5,1380 5,1728
499 18:57
4,4438 4,4769
3,9937 4,0271
4,6139 4,6477
5,1394 5,1736
500 18:58
4,4438 4,4770
3,9939 4,0275
4,6139 4,6478
5,1400 5,1743
501 18:59
4,4438 4,4769
3,9944 4,0278
4,6144 4,6482
5,1406 5,1748
502 19:00
4,4438 4,4770
3,9943 4,0275
4,6144 4,6483
5,1400 5,1743
503 19:01
4,4438 4,4770
3,9944 4,0279
4,6144 4,6483
5,1400 5,1737
504 19:02
4,4443 4,4773
3,9947 4,0279
4,6149 4,6486
5,1404 5,1746
505 19:03
4,4439 4,4773
3,9945 4,0282
4,6139 4,6485
5,1394 5,1740
506 19:04
4,4436 4,4771
3,9942 4,0276
4,6137 4,6479
5,1393 5,1740
507 19:05
4,4435 4,4770
3,9934 4,0272
4,6131 4,6477
5,1391 5,1738
508 19:06
4,4435 4,4770
3,9934 4,0268
4,6132 4,6475
5,1396 5,1741
509 19:07
4,4435 4,4770
3,9935 4,0270
4,6131 4,6473
5,1391 5,1738
510 19:08
4,4435 4,4770
3,9934 4,0272
4,6126 4,6468
5,1391 5,1738
511 19:09
4,4435 4,4770
3,9934 4,0272
4,6122 4,6464
5,1391 5,1738
512 19:10
4,4435 4,4770
3,9934 4,0272
4,6126 4,6468
5,1391 5,1738
513 19:11
4,4432 4,4774
3,9927 4,0271
4,6119 4,6472
5,1385 5,1741
514 19:12
4,4434 4,4769
3,9934 4,0269
4,6122 4,6467
5,1390 5,1737
515 19:13
4,4437 4,4771
3,9936 4,0273
4,6124 4,6465
5,1393 5,1732
516 19:14
4,4437 4,4771
3,9932 4,0269
4,6124 4,6465
5,1387 5,1732
517 19:15
4,4435 4,4770
3,9930 4,0268
4,6122 4,6464
5,1391 5,1738
518 19:16
4,4436 4,4772
3,9935 4,0270
4,6117 4,6465
5,1391 5,1734
519 19:17
4,4436 4,4772
3,9935 4,0274
4,6117 4,6465
5,1385 5,1734
520 19:18
4,4435 4,4770
3,9937 4,0275
4,6117 4,6459
5,1391 5,1738
521 19:19
4,4436 4,4772
3,9938 4,0277
4,6118 4,6463
5,1391 5,1740
522 19:20
4,4435 4,4770
3,9934 4,0272
4,6122 4,6464
5,1391 5,1738
523 19:21
4,4435 4,4770
3,9937 4,0275
4,6122 4,6464
5,1391 5,1738
524 19:22
4,4435 4,4770
3,9938 4,0273
4,6122 4,6464
5,1391 5,1738
525 19:23
4,4435 4,4770
3,9938 4,0273
4,6122 4,6468
5,1397 5,1744
526 19:24
4,4435 4,4770
3,9937 4,0275
4,6122 4,6464
5,1391 5,1738
527 19:25
4,4435 4,4770
3,9941 4,0276
4,6122 4,6464
5,1391 5,1738
528 19:26
4,4435 4,4770
3,9937 4,0275
4,6122 4,6468
5,1391 5,1738
529 19:27
4,4435 4,4769
3,9938 4,0275
4,6120 4,6466
5,1389 5,1735
530 19:28
4,4435 4,4769
3,9937 4,0271
4,6120 4,6466
5,1389 5,1735
531 19:29
4,4446 4,4769
3,9944 4,0270
4,6137 4,6467
5,1402 5,1736
532 19:30
4,4444 4,4767
3,9943 4,0266
4,6135 4,6465
5,1400 5,1734
533 19:31
4,4445 4,4768
3,9943 4,0269
4,6141 4,6471
5,1407 5,1741
534 19:32
4,4445 4,4768
3,9943 4,0269
4,6136 4,6466
5,1407 5,1741
535 19:33
4,4445 4,4768
3,9946 4,0270
4,6132 4,6462
5,1407 5,1741
536 19:34
4,4444 4,4768
3,9941 4,0269
4,6130 4,6460
5,1406 5,1740
537 19:35
4,4445 4,4768
3,9940 4,0267
4,6128 4,6461
5,1407 5,1741
538 19:36
4,4434 4,4779
3,9934 4,0277
4,6121 4,6474
5,1390 5,1749
539 19:37
4,4445 4,4768
3,9944 4,0271
4,6127 4,6457
5,1401 5,1735
540 19:38
4,4434 4,4779
3,9930 4,0277
4,6117 4,6474
5,1390 5,1749
541 19:39
4,4444 4,4767
3,9939 4,0266
4,6130 4,6460
5,1394 5,1728
542 19:40
4,4444 4,4767
3,9939 4,0266
4,6130 4,6460
5,1394 5,1728
543 19:41
4,4433 4,4778
3,9929 4,0276
4,6120 4,6473
5,1385 5,1741
544 19:42
4,4445 4,4768
3,9939 4,0263
4,6132 4,6462
5,1396 5,1730
545 19:43
4,4445 4,4768
3,9940 4,0263
4,6131 4,6461
5,1389 5,1723
546 19:44
4,4445 4,4768
3,9936 4,0262
4,6131 4,6461
5,1389 5,1723
547 19:45
4,4445 4,4768
3,9928 4,0256
4,6127 4,6457
5,1383 5,1717
548 19:46
4,4444 4,4770
3,9931 4,0258
4,6126 4,6459
5,1382 5,1718
549 19:47
4,4444 4,4770
3,9930 4,0260
4,6125 4,6463
5,1382 5,1718
550 19:48
4,4445 4,4769
3,9935 4,0263
4,6127 4,6462
5,1389 5,1723
551 19:49
4,4446 4,4769
3,9937 4,0259
4,6129 4,6462
5,1390 5,1724
552 19:50
4,4446 4,4769
3,9940 4,0264
4,6129 4,6464
5,1391 5,1725
553 19:51
4,4446 4,4769
3,9940 4,0264
4,6133 4,6463
5,1391 5,1725
554 19:52
4,4435 4,4780
3,9930 4,0274
4,6122 4,6474
5,1379 5,1738
555 19:53
4,4435 4,4780
3,9928 4,0275
4,6122 4,6474
5,1378 5,1734
556 19:54
4,4445 4,4770
3,9940 4,0269
4,6133 4,6464
5,1387 5,1721
557 19:55
4,4446 4,4769
3,9941 4,0268
4,6133 4,6463
5,1386 5,1723
558 19:56
4,4435 4,4780
3,9935 4,0282
4,6117 4,6469
5,1379 5,1738
559 19:57
4,4435 4,4781
3,9933 4,0281
4,6117 4,6470
5,1371 5,1727
560 19:58
4,4446 4,4772
3,9941 4,0270
4,6129 4,6460
5,1385 5,1719
561 19:59
4,4445 4,4768
3,9940 4,0266
4,6127 4,6457
5,1390 5,1724
562 20:00
4,4442 4,4773
3,9937 4,0271
4,6124 4,6462
5,1387 5,1730
563 20:01
4,4444 4,4776
3,9937 4,0273
4,6131 4,6470
5,1389 5,1733
564 20:02
4,4444 4,4776
3,9937 4,0273
4,6134 4,6474
5,1389 5,1732
565 20:03
4,4445 4,4775
3,9931 4,0265
4,6132 4,6469
5,1390 5,1731
566 20:04
4,4444 4,4775
3,9928 4,0262
4,6132 4,6471
5,1389 5,1731
567 20:05
4,4444 4,4776
3,9924 4,0258
4,6131 4,6473
5,1389 5,1732
568 20:06
4,4444 4,4776
3,9928 4,0259
4,6136 4,6475
5,1389 5,1732
569 20:07
4,4434 4,4781
3,9916 4,0265
4,6126 4,6481
5,1378 5,1739
570 20:08
4,4434 4,4781
3,9920 4,0265
4,6126 4,6481
5,1384 5,1739
571 20:09
4,4444 4,4776
3,9924 4,0259
4,6136 4,6475
5,1395 5,1738
572 20:10
4,4443 4,4774
3,9927 4,0261
4,6135 4,6473
5,1400 5,1742
573 20:11
4,4443 4,4774
3,9928 4,0259
4,6135 4,6473
5,1400 5,1742
574 20:12
4,4432 4,4783
3,9917 4,0269
4,6124 4,6483
5,1381 5,1747
575 20:13
4,4444 4,4776
3,9930 4,0266
4,6136 4,6475
5,1395 5,1738
576 20:14
4,4435 4,4783
3,9922 4,0268
4,6126 4,6481
5,1383 5,1745
577 20:15
4,4444 4,4776
3,9930 4,0262
4,6130 4,6474
5,1398 5,1742
578 20:16
4,4435 4,4783
3,9922 4,0268
4,6126 4,6481
5,1389 5,1751
579 20:17
4,4443 4,4773
3,9929 4,0259
4,6130 4,6467
5,1398 5,1740
580 20:18
4,4444 4,4772
3,9930 4,0258
4,6131 4,6466
5,1400 5,1738
581 20:19
4,4442 4,4773
3,9926 4,0260
4,6129 4,6467
5,1405 5,1748
582 20:20
4,4444 4,4771
3,9932 4,0263
4,6131 4,6465
5,1414 5,1751
583 20:21
4,4444 4,4771
3,9932 4,0259
4,6127 4,6466
5,1414 5,1751
584 20:22
4,4444 4,4772
3,9930 4,0262
4,6131 4,6466
5,1412 5,1750
585 20:23
4,4443 4,4770
3,9931 4,0258
4,6130 4,6464
5,1413 5,1750
586 20:24
4,4442 4,4769
3,9934 4,0265
4,6129 4,6463
5,1410 5,1748
587 20:25
4,4440 4,4765
3,9936 4,0265
4,6128 4,6459
5,1409 5,1744
588 20:26
4,4441 4,4765
3,9935 4,0263
4,6128 4,6463
5,1405 5,1739
589 20:27
4,4432 4,4765
3,9932 4,0265
4,6118 4,6458
5,1400 5,1745
590 20:28
4,4432 4,4761
3,9932 4,0265
4,6118 4,6454
5,1399 5,1733
591 20:29
4,4432 4,4761
3,9932 4,0265
4,6119 4,6460
5,1399 5,1733
592 20:30
4,4427 4,4770
3,9930 4,0273
4,6114 4,6465
5,1387 5,1743
593 20:31
4,4432 4,4761
3,9935 4,0267
4,6118 4,6454
5,1394 5,1733
594 20:32
4,4432 4,4761
3,9932 4,0265
4,6118 4,6454
5,1393 5,1733
595 20:33
4,4432 4,4761
3,9932 4,0265
4,6118 4,6454
5,1393 5,1733
596 20:34
4,4433 4,4765
3,9932 4,0267
4,6119 4,6458
5,1400 5,1743
597 20:35
4,4433 4,4765
3,9935 4,0269
4,6119 4,6458
5,1394 5,1737
598 20:36
4,4427 4,4783
3,9929 4,0283
4,6112 4,6476
5,1387 5,1758
599 20:37
4,4431 4,4767
3,9930 4,0269
4,6113 4,6456
5,1391 5,1739
600 20:38
4,4431 4,4765
3,9923 4,0260
4,6113 4,6454
5,1392 5,1737
601 20:39
4,4430 4,4765
3,9923 4,0258
4,6112 4,6454
5,1386 5,1733
602 20:40
4,4430 4,4765
3,9926 4,0260
4,6107 4,6453
5,1386 5,1733
603 20:41
4,4419 4,4780
3,9912 4,0270
4,6096 4,6465
5,1373 5,1744
604 20:42
4,4430 4,4765
3,9923 4,0258
4,6107 4,6449
5,1382 5,1729
605 20:43
4,4427 4,4781
3,9920 4,0271
4,6104 4,6465
5,1380 5,1750
606 20:44
4,4427 4,4781
3,9920 4,0271
4,6104 4,6465
5,1375 5,1744
607 20:45
4,4427 4,4781
3,9920 4,0275
4,6104 4,6465
5,1375 5,1744
608 20:46
4,4427 4,4781
3,9920 4,0275
4,6104 4,6465
5,1375 5,1743
609 20:47
4,4431 4,4767
3,9923 4,0262
4,6108 4,6451
5,1385 5,1729
610 20:48
4,4434 4,4770
3,9926 4,0265
4,6111 4,6454
5,1382 5,1730
611 20:49
4,4432 4,4767
3,9924 4,0262
4,6109 4,6451
5,1382 5,1729
612 20:50
4,4434 4,4769
3,9926 4,0264
4,6111 4,6453
5,1384 5,1731
613 20:51
4,4434 4,4770
3,9926 4,0265
4,6111 4,6454
5,1383 5,1726
614 20:52
4,4434 4,4770
3,9928 4,0264
4,6111 4,6454
5,1382 5,1724
615 20:53
4,4428 4,4782
3,9923 4,0276
4,6104 4,6470
5,1376 5,1745
616 20:54
4,4428 4,4782
3,9923 4,0275
4,6108 4,6470
5,1376 5,1739
617 20:55
4,4428 4,4782
3,9923 4,0275
4,6108 4,6470
5,1376 5,1745
618 20:56
4,4428 4,4782
3,9923 4,0275
4,6108 4,6470
5,1370 5,1739
619 20:57
4,4427 4,4782
3,9923 4,0279
4,6108 4,6474
5,1375 5,1745
620 20:58
4,4428 4,4781
3,9932 4,0283
4,6115 4,6476
5,1382 5,1748
621 20:59
4,4434 4,4770
3,9937 4,0272
4,6116 4,6459
5,1388 5,1736
622 21:00
4,4440 4,4775
3,9942 4,0277
4,6122 4,6464
5,1397 5,1744
623 21:01
4,4440 4,4775
3,9942 4,0280
4,6122 4,6464
5,1403 5,1746
624 21:02
4,4439 4,4780
3,9942 4,0285
4,6121 4,6469
5,1401 5,1755
625 21:03
4,4435 4,4780
3,9942 4,0289
4,6122 4,6474
5,1397 5,1756
626 21:04
4,4440 4,4775
3,9944 4,0280
4,6127 4,6469
5,1403 5,1750
627 21:05
4,4440 4,4775
3,9949 4,0287
4,6127 4,6469
5,1403 5,1750
628 21:06
4,4440 4,4775
3,9949 4,0287
4,6128 4,6475
5,1403 5,1750
629 21:07
4,4442 4,4776
3,9951 4,0288
4,6134 4,6475
5,1403 5,1749
630 21:08
4,4442 4,4776
3,9957 4,0291
4,6134 4,6475
5,1403 5,1749
631 21:09
4,4434 4,4782
3,9950 4,0300
4,6124 4,6480
5,1394 5,1750
632 21:10
4,4434 4,4782
3,9946 4,0296
4,6125 4,6486
5,1388 5,1750
633 21:11
4,4434 4,4782
3,9950 4,0296
4,6129 4,6485
5,1388 5,1750
634 21:12
4,4441 4,4775
3,9957 4,0294
4,6137 4,6478
5,1392 5,1737
635 21:13
4,4440 4,4775
3,9960 4,0294
4,6132 4,6478
5,1393 5,1740
636 21:14
4,4442 4,4776
3,9958 4,0295
4,6133 4,6475
5,1391 5,1737
637 21:15
4,4441 4,4775
3,9961 4,0294
4,6133 4,6478
5,1390 5,1736
638 21:16
4,4441 4,4775
3,9957 4,0294
4,6133 4,6474
5,1384 5,1730
639 21:17
4,4440 4,4775
3,9956 4,0292
4,6132 4,6474
5,1379 5,1726
640 21:18
4,4440 4,4776
3,9957 4,0292
4,6130 4,6474
5,1377 5,1731
641 21:19
4,4440 4,4776
3,9956 4,0294
4,6130 4,6478
5,1377 5,1725
642 21:20
4,4433 4,4770
3,9943 4,0283
4,6125 4,6474
5,1371 5,1720
643 21:21
4,4433 4,4770
3,9943 4,0279
4,6125 4,6474
5,1371 5,1720
644 21:22
4,4427 4,4780
3,9942 4,0293
4,6119 4,6480
5,1364 5,1738
645 21:23
4,4427 4,4782
3,9941 4,0295
4,6119 4,6486
5,1369 5,1739
646 21:24
4,4427 4,4782
3,9942 4,0295
4,6118 4,6486
5,1369 5,1739
647 21:25
4,4427 4,4782
3,9939 4,0294
4,6119 4,6482
5,1369 5,1739
648 21:26
4,4428 4,4782
3,9941 4,0293
4,6119 4,6486
5,1370 5,1741
649 21:27
4,4427 4,4782
3,9939 4,0294
4,6118 4,6486
5,1369 5,1739
650 21:28
4,4434 4,4770
3,9940 4,0279
4,6124 4,6472
5,1376 5,1724
651 21:29
4,4437 4,4769
3,9947 4,0278
4,6119 4,6462
5,1381 5,1724
652 21:30
4,4437 4,4771
3,9943 4,0280
4,6123 4,6463
5,1380 5,1724
653 21:31
4,4434 4,4768
3,9944 4,0281
4,6119 4,6461
5,1382 5,1728

1 21:36
4,4433 4,4769
3,9943 4,0282
4,6119 4,6462
5,1375 5,1723
2 21:37
4,4433 4,4769
3,9943 4,0282
4,6119 4,6466
5,1375 5,1723
3 21:38
4,4433 4,4769
3,9939 4,0278
4,6119 4,6462
5,1375 5,1723
4 21:39
4,4430 4,4780
3,9932 4,0284
4,6115 4,6473
5,1366 5,1736
5 21:40
4,4433 4,4769
3,9936 4,0275
4,6119 4,6462
5,1375 5,1723
1 21:41
4,4433 4,4768
3,9936 4,0274
4,6119 4,6461
5,1377 5,1724
2 21:42
4,4433 4,4768
3,9940 4,0275
4,6119 4,6461
5,1377 5,1724
3 21:43
4,4433 4,4769
3,9939 4,0277
4,6119 4,6461
5,1375 5,1723
4 21:44
4,4433 4,4769
3,9939 4,0278
4,6119 4,6462
5,1375 5,1723
5 21:45
4,4433 4,4767
3,9936 4,0273
4,6119 4,6460
5,1375 5,1721
1 21:46
4,4433 4,4767
3,9936 4,0273
4,6115 4,6456
5,1375 5,1721
2 21:47
4,4428 4,4780
3,9934 4,0284
4,6108 4,6468
5,1370 5,1737
3 21:48
4,4428 4,4779
3,9932 4,0281
4,6115 4,6474
5,1370 5,1736
4 21:49
4,4427 4,4781
3,9929 4,0281
4,6112 4,6474
5,1363 5,1732
5 21:50
4,4427 4,4779
3,9929 4,0279
4,6112 4,6472
5,1363 5,1730
6 21:51
4,4426 4,4779
3,9930 4,0281
4,6113 4,6474
5,1368 5,1736
7 21:52
4,4426 4,4779
3,9930 4,0281
4,6108 4,6469
5,1368 5,1736
8 21:53
4,4428 4,4780
3,9928 4,0281
4,6108 4,6468
5,1366 5,1731
9 21:54
4,4428 4,4782
3,9930 4,0282
4,6108 4,6470
5,1370 5,1739
10 21:55
4,4428 4,4782
3,9930 4,0282
4,6108 4,6470
5,1370 5,1739
11 21:56
4,4427 4,4780
3,9931 4,0284
4,6109 4,6470
5,1369 5,1737
12 21:57
4,4427 4,4780
3,9931 4,0282
4,6109 4,6470
5,1369 5,1737
13 21:58
4,4427 4,4782
3,9931 4,0284
4,6109 4,6472
5,1369 5,1739
14 21:59
4,4427 4,4782
3,9931 4,0284
4,6105 4,6472
5,1376 5,1743
15 22:00
4,4429 4,4779
3,9924 4,0276
4,6101 4,6460
5,1372 5,1735
16 22:01
4,4427 4,4778
3,9927 4,0279
4,6104 4,6462
5,1377 5,1742
17 22:02
4,4427 4,4779
3,9923 4,0274
4,6104 4,6463
5,1375 5,1742
18 22:03
4,4427 4,4779
3,9923 4,0276
4,6107 4,6467
5,1379 5,1747
19 22:04
4,4432 4,4770
3,9927 4,0267
4,6113 4,6463
5,1380 5,1730
20 22:05
4,4431 4,4770
3,9928 4,0269
4,6118 4,6465
5,1381 5,1732
21 22:06
4,4431 4,4770
3,9930 4,0270
4,6118 4,6465
5,1380 5,1738
22 22:07
4,4432 4,4772
3,9927 4,0270
4,6109 4,6460
5,1386 5,1738
23 22:08
4,4432 4,4772
3,9928 4,0267
4,6109 4,6456
5,1381 5,1734
24 22:09
4,4429 4,4776
3,9926 4,0275
4,6106 4,6460
5,1379 5,1738
25 22:10
4,4428 4,4782
3,9924 4,0279
4,6105 4,6466
5,1376 5,1745
26 22:11
4,4427 4,4782
3,9923 4,0275
4,6104 4,6466
5,1375 5,1745
27 22:12
4,4428 4,4782
3,9923 4,0275
4,6105 4,6466
5,1376 5,1745
28 22:13
4,4431 4,4770
3,9928 4,0269
4,6104 4,6454
5,1385 5,1732
29 22:14
4,4431 4,4772
3,9928 4,0271
4,6104 4,6457
5,1380 5,1736
30 22:15
4,4431 4,4772
3,9928 4,0271
4,6106 4,6456
5,1381 5,1736
31 22:16
4,4428 4,4780
3,9923 4,0273
4,6100 4,6465
5,1382 5,1749
32 22:17
4,4427 4,4780
3,9924 4,0275
4,6102 4,6464
5,1381 5,1749
33 22:18
4,4427 4,4782
3,9919 4,0275
4,6100 4,6467
5,1381 5,1751
34 22:19
4,4422 4,4784
3,9914 4,0276
4,6097 4,6467
5,1374 5,1752
35 22:20
4,4425 4,4781
3,9918 4,0275
4,6096 4,6464
5,1379 5,1750
36 22:21
4,4427 4,4780
3,9920 4,0275
4,6100 4,6465
5,1381 5,1749
37 22:22
4,4427 4,4780
3,9920 4,0275
4,6100 4,6465
5,1381 5,1749
38 22:23
4,4427 4,4782
3,9920 4,0273
4,6100 4,6467
5,1381 5,1751
39 22:24
4,4427 4,4782
3,9916 4,0272
4,6100 4,6463
5,1375 5,1745
40 22:25
4,4428 4,4782
3,9916 4,0272
4,6100 4,6467
5,1375 5,1745
41 22:26
4,4427 4,4782
3,9916 4,0269
4,6099 4,6461
5,1376 5,1745
42 22:27
4,4428 4,4784
3,9917 4,0270
4,6099 4,6464
5,1376 5,1747
43 22:28
4,4428 4,4784
3,9917 4,0274
4,6094 4,6458
5,1376 5,1747
44 22:29
4,4428 4,4784
3,9917 4,0270
4,6094 4,6458
5,1376 5,1747
45 22:30
4,4428 4,4784
3,9913 4,0270
4,6099 4,6467
5,1376 5,1747
46 22:31
4,4428 4,4784
3,9917 4,0270
4,6099 4,6463
5,1376 5,1747
47 22:32
4,4428 4,4784
3,9917 4,0274
4,6095 4,6463
5,1364 5,1737
48 22:33
4,4429 4,4783
3,9918 4,0273
4,6096 4,6463
5,1370 5,1742
49 22:34
4,4429 4,4783
3,9918 4,0273
4,6100 4,6462
5,1371 5,1740
50 22:35
4,4429 4,4783
3,9918 4,0273
4,6100 4,6462
5,1371 5,1742
51 22:36
4,4429 4,4783
3,9918 4,0273
4,6100 4,6462
5,1371 5,1740
52 22:37
4,4433 4,4771
3,9921 4,0262
4,6104 4,6454
5,1375 5,1725
53 22:38
4,4433 4,4771
3,9921 4,0258
4,6105 4,6450
5,1369 5,1719
54 22:39
4,4433 4,4770
3,9921 4,0261
4,6106 4,6455
5,1364 5,1714
55 22:40
4,4433 4,4770
3,9921 4,0261
4,6106 4,6455
5,1364 5,1714
56 22:41
4,4433 4,4770
3,9921 4,0261
4,6106 4,6455
5,1364 5,1708
57 22:42
4,4433 4,4770
3,9921 4,0261
4,6111 4,6460
5,1364 5,1708
58 22:43
4,4431 4,4772
3,9919 4,0263
4,6113 4,6461
5,1363 5,1716
59 22:44
4,4432 4,4774
3,9923 4,0267
4,6113 4,6467
5,1369 5,1718
60 22:45
4,4432 4,4774
3,9923 4,0267
4,6110 4,6463
5,1363 5,1718
61 22:46
4,4429 4,4783
3,9921 4,0276
4,6105 4,6471
5,1353 5,1721
62 22:47
4,4429 4,4783
3,9921 4,0276
4,6105 4,6471
5,1355 5,1727
63 22:48
4,4429 4,4783
3,9921 4,0276
4,6105 4,6471
5,1353 5,1727
64 22:49
4,4429 4,4783
3,9921 4,0276
4,6105 4,6467
5,1353 5,1727
65 22:50
4,4434 4,4788
3,9926 4,0281
4,6106 4,6472
5,1356 5,1730
66 22:51
4,4434 4,4788
3,9928 4,0284
4,6110 4,6476
5,1358 5,1734
67 22:52
4,4434 4,4788
3,9928 4,0284
4,6115 4,6481
5,1353 5,1734
68 22:53
4,4433 4,4789
3,9932 4,0289
4,6115 4,6488
5,1358 5,1735
69 22:54
4,4433 4,4789
3,9928 4,0286
4,6114 4,6482
5,1364 5,1735
70 22:55
4,4366 4,4809
3,9869 4,0306
4,6043 4,6504
5,1281 5,1742
71 22:56
4,4354 4,4810
3,9860 4,0306
4,6030 4,6503
5,1281 5,1745
72 22:57
4,4411 4,4811
3,9908 4,0308
4,6086 4,6500
5,1336 5,1757
73 22:58
4,4410 4,4812
3,9907 4,0309
4,6085 4,6501
5,1335 5,1756
74 22:59
4,4404 4,4815
3,9906 4,0312
4,5980 4,6629
5,1315 5,1782
75 23:00
4,4109 4,5060
3,9603 4,0605
4,5899 4,6706
5,1010 5,2084
76 23:01
4,4109 4,5060
3,9603 4,0605
4,5899 4,6706
5,1010 5,2084
77 23:02
4,4109 4,5060
3,9603 4,0605
4,5899 4,6706
5,1010 5,2084
78 23:03
4,4109 4,5060
3,9603 4,0605
4,5899 4,6706
5,1010 5,2084
79 23:04
4,4109 4,5060
3,9603 4,0605
4,5899 4,6706
5,1010 5,2084
80 23:05
4,4109 4,5060
3,9603 4,0605
4,5899 4,6706
5,1010 5,2084
81 23:06
4,4109 4,5060
3,9603 4,0605
4,5899 4,6706
5,1010 5,2084
82 23:07
4,4109 4,5060
3,9603 4,0605
4,5899 4,6706
5,1010 5,2084
83 23:08
4,4109 4,5060
3,9603 4,0605
4,5899 4,6706
5,1010 5,2084
84 23:09
4,4109 4,5060
3,9603 4,0605
4,5899 4,6706
5,1010 5,2084
85 23:10
4,4109 4,5060
3,9603 4,0605
4,5899 4,6706
5,1010 5,2084
86 23:11
4,4109 4,5060
3,9603 4,0605
4,5899 4,6706
5,1010 5,2084
87 23:12
4,4109 4,5060
3,9603 4,0605
4,5899 4,6706
5,1010 5,2084
88 23:13
4,4109 4,5060
3,9603 4,0605
4,5899 4,6706
5,1010 5,2084
89 23:14
4,4109 4,5060
3,9603 4,0605
4,5899 4,6706
5,1010 5,2084
90 23:15
4,4109 4,5060
3,9603 4,0605
4,5899 4,6706
5,1010 5,2084
91 23:16
4,4109 4,5060
3,9603 4,0605
4,5899 4,6706
5,1010 5,2084
92 23:17
4,4109 4,5060
3,9603 4,0605
4,5899 4,6706
5,1010 5,2084
93 23:18
4,4109 4,5060
3,9603 4,0605
4,5899 4,6706
5,1010 5,2084
94 23:19
4,4109 4,5060
3,9603 4,0605
4,5899 4,6706
5,1010 5,2084
95 23:20
4,4109 4,5060
3,9603 4,0605
4,5899 4,6706
5,1010 5,2084
96 23:21
4,4109 4,5060
3,9603 4,0605
4,5899 4,6706
5,1010 5,2084
97 23:22
4,4109 4,5060
3,9603 4,0605
4,5899 4,6706
5,1010 5,2084
98 23:23
4,4109 4,5060
3,9603 4,0605
4,5899 4,6706
5,1010 5,2084
99 23:24
4,4109 4,5060
3,9603 4,0605
4,5899 4,6706
5,1010 5,2084
100 23:25
4,4109 4,5060
3,9603 4,0605
4,5899 4,6706
5,1010 5,2084
101 23:26
4,4109 4,5060
3,9603 4,0605
4,5899 4,6706
5,1010 5,2084
102 23:27
4,4109 4,5060
3,9603 4,0605
4,5899 4,6706
5,1010 5,2084
103 23:28
4,4109 4,5060
3,9603 4,0605
4,5899 4,6706
5,1010 5,2084
104 23:29
4,4109 4,5060
3,9603 4,0605
4,5899 4,6706
5,1010 5,2084
105 23:30
4,4109 4,5060
3,9603 4,0605
4,5899 4,6706
5,1010 5,2084
106 23:31
4,4109 4,5060
3,9603 4,0605
4,5899 4,6706
5,1010 5,2084
107 23:32
4,4109 4,5060
3,9603 4,0605
4,5899 4,6706
5,1010 5,2084
108 23:33
4,4109 4,5060
3,9603 4,0605
4,5899 4,6706
5,1010 5,2084
109 23:34
4,4109 4,5060
3,9603 4,0605
4,5899 4,6706
5,1010 5,2084
110 23:35
4,4109 4,5060
3,9603 4,0605
4,5899 4,6706
5,1010 5,2084
111 23:36
4,4109 4,5060
3,9603 4,0605
4,5899 4,6706
5,1010 5,2084
112 23:37
4,4109 4,5060
3,9603 4,0605
4,5899 4,6706
5,1010 5,2084
113 23:38
4,4109 4,5060
3,9603 4,0605
4,5899 4,6706
5,1010 5,2084
114 23:39
4,4109 4,5060
3,9603 4,0605
4,5899 4,6706
5,1010 5,2084
115 23:40
4,4109 4,5060
3,9603 4,0605
4,5899 4,6746
5,1010 5,2084
116 23:41
4,4109 4,5060
3,9603 4,0605
4,5899 4,6746
5,1010 5,2084
117 23:42
4,4109 4,5060
3,9603 4,0605
4,5899 4,6746
5,1010 5,2084
118 23:43
4,4109 4,5060
3,9603 4,0605
4,5899 4,6746
5,1010 5,2084
119 23:44
4,4109 4,5060
3,9603 4,0605
4,5899 4,6746
5,1010 5,2084
120 23:45
4,4109 4,5060
3,9603 4,0605
4,5899 4,6746
5,1010 5,2084
121 23:46
4,4109 4,5060
3,9603 4,0605
4,5899 4,6746
5,1010 5,2084
122 23:47
4,4109 4,5060
3,9603 4,0605
4,5899 4,6706
5,1010 5,2084
123 23:48
4,4109 4,5060
3,9603 4,0605
4,5899 4,6736
5,1010 5,2084
124 23:49
4,4109 4,5060
3,9603 4,0605
4,5899 4,6736
5,1010 5,2084
125 23:50
4,4109 4,5060
3,9603 4,0605
4,5899 4,6736
5,1010 5,2084
126 23:51
4,4109 4,5060
3,9603 4,0605
4,5899 4,6736
5,1010 5,2084
127 23:52
4,4109 4,5060
3,9603 4,0605
4,5899 4,6736
5,1010 5,2084
128 23:53
4,4109 4,5060
3,9603 4,0605
4,5899 4,6736
5,1010 5,2084
129 23:54
4,4109 4,5060
3,9603 4,0605
4,5899 4,6756
5,1010 5,2084
130 23:55
4,4109 4,5060
3,9603 4,0605
4,5899 4,6756
5,1010 5,2084
131 23:56
4,4109 4,5060
3,9603 4,0605
4,5899 4,6756
5,1010 5,2084
132 23:57
4,4109 4,5060
3,9603 4,0605
4,5899 4,6756
5,1010 5,2084
133 23:58
4,4109 4,5060
3,9603 4,0605
4,5899 4,6756
5,1010 5,2084
134 23:59
4,4109 4,5060
3,9603 4,0605
4,5899 4,6756
5,1010 5,2084
135 00:00
4,4116 4,5066
3,9607 4,0607
4,5899 4,6767
5,1016 5,2087
136 00:01
4,4116 4,5066
3,9607 4,0607
4,5899 4,6767
5,1016 5,2087
137 00:02
4,4116 4,5066
3,9607 4,0607
4,5899 4,6767
5,1016 5,2087
138 00:03
4,4116 4,5066
3,9607 4,0607
4,5899 4,6767
5,1016 5,2087
139 00:04
4,4116 4,5066
3,9607 4,0607
4,5899 4,6767
5,1016 5,2087
140 00:05
4,4116 4,5066
3,9607 4,0607
4,5899 4,6767
5,1016 5,2087
141 00:06
4,4116 4,5066
3,9607 4,0607
4,5899 4,6767
5,1016 5,2087
142 00:07
4,4116 4,5066
3,9607 4,0607
4,5899 4,6767
5,1016 5,2087
143 00:08
4,4116 4,5066
3,9607 4,0607
4,5899 4,6767
5,1016 5,2087
144 00:09
4,4116 4,5066
3,9607 4,0607
4,5899 4,6767
5,1016 5,2087
145 00:10
4,4116 4,5066
3,9607 4,0607
4,5899 4,6767
5,1016 5,2087
146 00:11
4,4116 4,5066
3,9607 4,0607
4,5899 4,6767
5,1016 5,2087
147 00:12
4,4116 4,5066
3,9607 4,0607
4,5899 4,6767
5,1016 5,2087
148 00:13
4,4116 4,5066
3,9607 4,0607
4,5899 4,6767
5,1016 5,2087
149 00:14
4,4116 4,5066
3,9607 4,0607
4,5899 4,6767
5,1016 5,2087
150 00:15
4,4116 4,5066
3,9607 4,0607
4,5899 4,6767
5,1016 5,2087
151 00:16
4,4116 4,5066
3,9607 4,0607
4,5899 4,6767
5,1016 5,2087
152 00:17
4,4116 4,5066
3,9607 4,0607
4,5899 4,6767
5,1016 5,2087
153 00:18
4,4116 4,5066
3,9607 4,0607
4,5899 4,6767
5,1016 5,2087
154 00:19
4,4116 4,5066
3,9607 4,0607
4,5899 4,6767
5,1016 5,2087
155 00:20
4,4116 4,5066
3,9607 4,0607
4,5899 4,6767
5,1016 5,2087
156 00:21
4,4116 4,5066
3,9607 4,0607
4,5899 4,6767
5,1016 5,2087
157 00:22
4,4116 4,5066
3,9607 4,0607
4,5899 4,6767
5,1016 5,2087
158 00:23
4,4116 4,5066
3,9607 4,0607
4,5899 4,6767
5,1016 5,2087
159 00:24
4,4116 4,5066
3,9607 4,0607
4,5899 4,6767
5,1016 5,2087
160 00:25
4,4116 4,5066
3,9607 4,0607
4,5899 4,6767
5,1016 5,2087
161 00:26
4,4116 4,5066
3,9607 4,0607
4,5899 4,6767
5,1016 5,2087
162 00:27
4,4116 4,5066
3,9607 4,0607
4,5899 4,6767
5,1016 5,2087
163 00:28
4,4116 4,5066
3,9607 4,0607
4,5899 4,6767
5,1016 5,2087
164 00:29
4,4116 4,5066
3,9607 4,0607
4,5899 4,6767
5,1016 5,2087
165 00:30
4,4116 4,5066
3,9607 4,0607
4,5899 4,6767
5,1016 5,2087
166 00:31
4,4116 4,5066
3,9607 4,0607
4,5899 4,6767
5,1016 5,2087
167 00:32
4,4116 4,5066
3,9607 4,0607
4,5899 4,6767
5,1016 5,2087
168 00:33
4,4116 4,5066
3,9607 4,0607
4,5899 4,6767
5,1016 5,2087
169 00:34
4,4116 4,5066
3,9607 4,0607
4,5899 4,6767
5,1016 5,2087
170 00:35
4,4116 4,5066
3,9607 4,0607
4,5899 4,6767
5,1016 5,2087
171 00:36
4,4116 4,5066
3,9607 4,0607
4,5899 4,6767
5,1016 5,2087
172 00:37
4,4116 4,5066
3,9607 4,0607
4,5899 4,6767
5,1016 5,2087
173 00:38
4,4116 4,5066
3,9607 4,0607
4,5899 4,6767
5,1016 5,2087
174 00:39
4,4116 4,5066
3,9607 4,0607
4,5899 4,6767
5,1016 5,2087
175 00:40
4,4116 4,5066
3,9607 4,0607
4,5899 4,6767
5,1016 5,2087
176 00:41
Definite connection error