#======================
2023-7-31
# 1.EUR, 2.USD, 3.CHF, 4.GBP
Sell Price, Buy Price
1 12:00
4,3920 4,4242
3,9801 4,0122
4,5741 4,6070
5,1219 5,1552
2 12:01
4,3924 4,4246
3,9814 4,0135
4,5747 4,6077
5,1227 5,1560
3 12:02
4,3919 4,4241
3,9804 4,0125
4,5742 4,6072
5,1219 5,1552
4 12:03
4,3921 4,4243
3,9809 4,0130
4,5742 4,6072
5,1223 5,1556
5 12:04
4,3923 4,4245
3,9811 4,0132
4,5745 4,6075
5,1229 5,1562
6 12:05
4,3936 4,4258
3,9827 4,0148
4,5757 4,6087
5,1236 5,1569
7 12:06
4,3939 4,4261
3,9828 4,0149
4,5758 4,6088
5,1233 5,1566
8 12:07
4,3940 4,4262
3,9830 4,0151
4,5753 4,6083
5,1234 5,1567
9 12:08
4,3941 4,4263
3,9829 4,0150
4,5754 4,6084
5,1226 5,1559
10 12:09
4,3942 4,4264
3,9825 4,0146
4,5756 4,6086
5,1237 5,1570
11 12:10
4,3944 4,4266
3,9824 4,0145
4,5754 4,6084
5,1242 5,1575
12 12:11
4,3941 4,4263
3,9815 4,0136
4,5745 4,6075
5,1235 5,1568
13 12:12
4,3939 4,4261
3,9811 4,0132
4,5743 4,6073
5,1227 5,1560
14 12:13
4,3938 4,4260
3,9808 4,0129
4,5744 4,6074
5,1222 5,1555
15 12:14
4,3943 4,4265
3,9807 4,0128
4,5752 4,6082
5,1222 5,1555
16 12:15
4,3943 4,4265
3,9807 4,0128
4,5749 4,6079
5,1227 5,1560
17 12:16
4,3943 4,4265
3,9804 4,0125
4,5743 4,6072
5,1223 5,1556
18 12:17
4,3944 4,4266
3,9807 4,0128
4,5744 4,6073
5,1230 5,1563
19 12:18
4,3943 4,4265
3,9811 4,0132
4,5743 4,6072
5,1229 5,1562
20 12:19
4,3944 4,4266
3,9816 4,0137
4,5748 4,6077
5,1235 5,1568
21 12:20
4,3943 4,4265
3,9818 4,0139
4,5754 4,6083
5,1234 5,1567
22 12:21
4,3948 4,4270
3,9818 4,0139
4,5757 4,6087
5,1231 5,1564
23 12:22
4,3962 4,4284
3,9826 4,0147
4,5764 4,6094
5,1243 5,1576
24 12:23
4,3944 4,4266
3,9814 4,0135
4,5746 4,6076
5,1216 5,1549
25 12:24
4,3944 4,4266
3,9814 4,0135
4,5744 4,6074
5,1215 5,1548
26 12:25
4,3951 4,4273
3,9814 4,0135
4,5751 4,6081
5,1216 5,1549
27 12:26
4,3945 4,4267
3,9809 4,0130
4,5742 4,6071
5,1212 5,1545
28 12:27
4,3945 4,4267
3,9804 4,0125
4,5742 4,6071
5,1210 5,1543
29 12:28
4,3933 4,4255
3,9795 4,0116
4,5730 4,6059
5,1188 5,1521
30 12:29
4,3948 4,4270
3,9808 4,0129
4,5745 4,6074
5,1198 5,1531
31 12:30
4,3943 4,4265
3,9804 4,0125
4,5743 4,6072
5,1205 5,1538
32 12:31
4,3939 4,4261
3,9804 4,0125
4,5738 4,6067
5,1202 5,1535
33 12:32
4,3943 4,4265
3,9806 4,0127
4,5742 4,6071
5,1210 5,1543
34 12:33
4,3943 4,4265
3,9806 4,0127
4,5740 4,6069
5,1217 5,1550
35 12:34
4,3940 4,4262
3,9805 4,0126
4,5739 4,6068
5,1207 5,1540
36 12:35
4,3941 4,4263
3,9805 4,0126
4,5740 4,6069
5,1205 5,1538
37 12:36
4,3940 4,4262
3,9801 4,0122
4,5736 4,6065
5,1203 5,1536
38 12:37
4,3938 4,4260
3,9801 4,0122
4,5735 4,6064
5,1208 5,1541
39 12:38
4,3934 4,4256
3,9800 4,0121
4,5731 4,6060
5,1206 5,1539
40 12:39
4,3938 4,4260
3,9807 4,0128
4,5740 4,6069
5,1219 5,1552
41 12:40
4,3933 4,4255
3,9806 4,0127
4,5737 4,6066
5,1211 5,1544
42 12:41
4,3919 4,4241
3,9790 4,0111
4,5717 4,6046
5,1200 5,1533
43 12:42
4,3917 4,4239
3,9790 4,0111
4,5716 4,6045
5,1204 5,1537
44 12:43
4,3912 4,4234
3,9785 4,0106
4,5711 4,6040
5,1196 5,1529
45 12:44
4,3883 4,4205
3,9754 4,0075
4,5678 4,6007
5,1157 5,1490
46 12:45
4,3883 4,4205
3,9750 4,0071
4,5678 4,6007
5,1153 5,1486
47 12:46
4,3887 4,4209
3,9753 4,0074
4,5684 4,6013
5,1151 5,1484
48 12:47
4,3854 4,4176
3,9726 4,0047
4,5655 4,5984
5,1131 5,1464
49 12:48
4,3840 4,4162
3,9711 4,0032
4,5640 4,5969
5,1117 5,1450
50 12:49
4,3844 4,4166
3,9711 4,0032
4,5644 4,5973
5,1126 5,1459
51 12:50
4,3851 4,4173
3,9719 4,0040
4,5656 4,5985
5,1139 5,1472
52 12:51
4,3849 4,4171
3,9714 4,0035
4,5655 4,5984
5,1135 5,1468
53 12:52
4,3853 4,4175
3,9720 4,0041
4,5656 4,5985
5,1135 5,1468
54 12:53
4,3853 4,4175
3,9726 4,0047
4,5668 4,5997
5,1138 5,1471
55 12:54
4,3853 4,4175
3,9728 4,0049
4,5675 4,6004
5,1138 5,1471
56 12:55
4,3853 4,4175
3,9730 4,0051
4,5682 4,6011
5,1145 5,1478
57 12:56
4,3855 4,4177
3,9734 4,0055
4,5687 4,6016
5,1147 5,1480
58 12:57
4,3853 4,4175
3,9731 4,0052
4,5684 4,6013
5,1147 5,1480
59 12:58
4,3826 4,4148
3,9700 4,0021
4,5645 4,5974
5,1112 5,1445
60 12:59
4,3833 4,4155
3,9712 4,0033
4,5649 4,5978
5,1124 5,1457
61 13:00
4,3824 4,4146
3,9700 4,0021
4,5636 4,5965
5,1117 5,1450
62 13:01
4,3828 4,4150
3,9711 4,0032
4,5640 4,5969
5,1116 5,1449
63 13:02
4,3832 4,4154
3,9714 4,0035
4,5634 4,5963
5,1120 5,1453
64 13:03
4,3830 4,4152
3,9711 4,0032
4,5632 4,5961
5,1118 5,1451
65 13:04
4,3830 4,4152
3,9711 4,0032
4,5642 4,5971
5,1119 5,1452
66 13:05
4,3833 4,4155
3,9724 4,0045
4,5635 4,5964
5,1122 5,1455
67 13:06
4,3857 4,4179
3,9746 4,0067
4,5655 4,5984
5,1149 5,1482
68 13:07
4,3857 4,4179
3,9745 4,0066
4,5653 4,5982
5,1149 5,1482
69 13:08
4,3860 4,4182
3,9745 4,0066
4,5655 4,5984
5,1152 5,1485
70 13:09
4,3855 4,4177
3,9744 4,0065
4,5651 4,5980
5,1150 5,1483
71 13:10
4,3855 4,4177
3,9742 4,0063
4,5655 4,5984
5,1147 5,1480
72 13:11
4,3856 4,4178
3,9740 4,0061
4,5657 4,5986
5,1149 5,1482
73 13:12
4,3857 4,4179
3,9743 4,0064
4,5657 4,5986
5,1149 5,1482
74 13:13
4,3860 4,4182
3,9745 4,0066
4,5659 4,5988
5,1153 5,1486
75 13:14
4,3861 4,4183
3,9747 4,0068
4,5660 4,5989
5,1155 5,1488
76 13:15
4,3862 4,4184
3,9745 4,0066
4,5663 4,5992
5,1155 5,1488
77 13:16
4,3862 4,4184
3,9751 4,0072
4,5666 4,5995
5,1158 5,1491
78 13:17
4,3869 4,4191
3,9762 4,0083
4,5680 4,6009
5,1166 5,1499
79 13:18
4,3869 4,4191
3,9762 4,0083
4,5679 4,6008
5,1175 5,1508
80 13:19
4,3875 4,4197
3,9769 4,0090
4,5688 4,6017
5,1191 5,1524
81 13:20
4,3875 4,4197
3,9768 4,0089
4,5689 4,6018
5,1201 5,1534
82 13:21
4,3878 4,4200
3,9774 4,0095
4,5694 4,6023
5,1213 5,1546
83 13:22
4,3881 4,4203
3,9777 4,0098
4,5697 4,6026
5,1221 5,1554
84 13:23
4,3877 4,4199
3,9768 4,0089
4,5684 4,6013
5,1215 5,1548
85 13:24
4,3880 4,4202
3,9776 4,0097
4,5694 4,6023
5,1221 5,1554
86 13:25
4,3880 4,4202
3,9775 4,0096
4,5692 4,6021
5,1222 5,1555
87 13:26
4,3885 4,4207
3,9778 4,0099
4,5687 4,6016
5,1223 5,1556
88 13:27
4,3884 4,4206
3,9778 4,0099
4,5684 4,6013
5,1232 5,1565
89 13:28
4,3884 4,4206
3,9774 4,0095
4,5681 4,6010
5,1230 5,1563
90 13:29
4,3884 4,4206
3,9776 4,0097
4,5684 4,6013
5,1232 5,1565
91 13:30
4,3885 4,4207
3,9775 4,0096
4,5687 4,6016
5,1232 5,1565
92 13:31
4,3884 4,4206
3,9774 4,0095
4,5679 4,6008
5,1231 5,1564
93 13:32
4,3884 4,4206
3,9774 4,0095
4,5681 4,6010
5,1228 5,1561
94 13:33
4,3883 4,4205
3,9775 4,0096
4,5678 4,6007
5,1225 5,1558
95 13:34
4,3881 4,4203
3,9779 4,0100
4,5678 4,6007
5,1225 5,1558
96 13:35
4,3881 4,4203
3,9779 4,0100
4,5673 4,6002
5,1228 5,1561
97 13:36
4,3862 4,4184
3,9758 4,0079
4,5651 4,5980
5,1206 5,1539
98 13:37
4,3860 4,4182
3,9756 4,0077
4,5646 4,5975
5,1203 5,1536
99 13:38
4,3854 4,4176
3,9750 4,0071
4,5638 4,5967
5,1193 5,1526
100 13:39
4,3852 4,4174
3,9749 4,0070
4,5636 4,5965
5,1194 5,1527
101 13:40
4,3849 4,4171
3,9748 4,0069
4,5633 4,5962
5,1194 5,1527
102 13:41
4,3837 4,4159
3,9741 4,0062
4,5618 4,5947
5,1177 5,1510
103 13:42
4,3837 4,4159
3,9739 4,0060
4,5619 4,5948
5,1175 5,1508
104 13:43
4,3843 4,4165
3,9748 4,0069
4,5615 4,5944
5,1177 5,1510
105 13:44
4,3854 4,4176
3,9765 4,0086
4,5617 4,5946
5,1188 5,1521
106 13:45
4,3836 4,4158
3,9756 4,0077
4,5607 4,5936
5,1173 5,1506
107 13:46
4,3842 4,4164
3,9763 4,0084
4,5621 4,5950
5,1183 5,1516
108 13:47
4,3832 4,4154
3,9750 4,0071
4,5612 4,5941
5,1173 5,1506
109 13:48
4,3834 4,4156
3,9751 4,0072
4,5615 4,5944
5,1173 5,1506
110 13:49
4,3850 4,4172
3,9769 4,0090
4,5632 4,5961
5,1198 5,1531
111 13:50
4,3850 4,4172
3,9768 4,0089
4,5631 4,5960
5,1194 5,1527
112 13:51
4,3849 4,4171
3,9770 4,0091
4,5629 4,5958
5,1194 5,1527
113 13:52
4,3849 4,4171
3,9769 4,0090
4,5632 4,5961
5,1190 5,1523
114 13:53
4,3853 4,4175
3,9771 4,0092
4,5634 4,5963
5,1191 5,1524
115 13:54
4,3854 4,4176
3,9771 4,0092
4,5633 4,5962
5,1188 5,1521
116 13:55
4,3855 4,4177
3,9768 4,0089
4,5637 4,5966
5,1195 5,1528
117 13:56
4,3860 4,4182
3,9763 4,0084
4,5639 4,5968
5,1194 5,1527
118 13:57
4,3862 4,4184
3,9766 4,0087
4,5630 4,5959
5,1197 5,1530
119 13:58
4,3862 4,4184
3,9770 4,0091
4,5630 4,5959
5,1182 5,1515
120 13:59
4,3869 4,4191
3,9779 4,0100
4,5649 4,5978
5,1197 5,1530
121 14:00
4,3867 4,4189
3,9775 4,0096
4,5647 4,5976
5,1197 5,1530
122 14:01
4,3868 4,4190
3,9783 4,0104
4,5653 4,5982
5,1202 5,1535
123 14:02
4,3871 4,4193
3,9781 4,0102
4,5656 4,5985
5,1201 5,1534
124 14:03
4,3882 4,4204
3,9794 4,0115
4,5665 4,5994
5,1215 5,1548
125 14:04
4,3882 4,4204
3,9791 4,0112
4,5631 4,5960
5,1213 5,1546
126 14:05
4,3876 4,4198
3,9769 4,0090
4,5618 4,5947
5,1196 5,1529
127 14:06
4,3877 4,4199
3,9775 4,0096
4,5614 4,5943
5,1193 5,1526
128 14:07
4,3879 4,4201
3,9786 4,0107
4,5619 4,5948
5,1193 5,1526
129 14:08
4,3881 4,4203
3,9788 4,0109
4,5619 4,5948
5,1186 5,1519
130 14:09
4,3882 4,4204
3,9791 4,0112
4,5610 4,5939
5,1190 5,1523
131 14:10
4,3898 4,4220
3,9817 4,0138
4,5627 4,5956
5,1213 5,1546
132 14:11
4,3905 4,4227
3,9826 4,0147
4,5641 4,5970
5,1218 5,1551
133 14:12
4,3905 4,4227
3,9831 4,0152
4,5633 4,5962
5,1217 5,1550
134 14:13
4,3903 4,4225
3,9828 4,0149
4,5633 4,5962
5,1215 5,1548
135 14:14
4,3905 4,4227
3,9829 4,0150
4,5634 4,5963
5,1223 5,1556
136 14:15
4,3906 4,4228
3,9834 4,0155
4,5633 4,5962
5,1228 5,1561
137 14:16
4,3905 4,4227
3,9833 4,0154
4,5636 4,5965
5,1229 5,1562
138 14:17
4,3905 4,4227
3,9833 4,0154
4,5636 4,5965
5,1223 5,1556
139 14:18
4,3904 4,4226
3,9831 4,0152
4,5641 4,5970
5,1223 5,1556
140 14:19
4,3906 4,4228
3,9836 4,0157
4,5637 4,5966
5,1224 5,1557
141 14:20
4,3906 4,4228
3,9836 4,0157
4,5639 4,5968
5,1218 5,1551
142 14:21
4,3905 4,4227
3,9835 4,0156
4,5632 4,5961
5,1218 5,1550
143 14:22
4,3906 4,4228
3,9834 4,0155
4,5625 4,5954
5,1219 5,1551
144 14:23
4,3907 4,4229
3,9828 4,0149
4,5618 4,5947
5,1221 5,1553
145 14:24
4,3909 4,4231
3,9828 4,0149
4,5622 4,5951
5,1220 5,1552
146 14:25
4,3905 4,4227
3,9822 4,0143
4,5617 4,5946
5,1209 5,1541
147 14:26
4,3905 4,4227
3,9820 4,0141
4,5617 4,5946
5,1205 5,1538
148 14:27
4,3904 4,4226
3,9818 4,0139
4,5626 4,5955
5,1199 5,1532
149 14:28
4,3905 4,4227
3,9813 4,0134
4,5629 4,5958
5,1199 5,1532
150 14:29
4,3921 4,4243
3,9826 4,0147
4,5650 4,5979
5,1214 5,1547
151 14:30
4,3908 4,4230
3,9814 4,0135
4,5637 4,5966
5,1200 5,1533
152 14:31
4,3907 4,4229
3,9802 4,0123
4,5638 4,5967
5,1202 5,1535
153 14:32
4,3907 4,4229
3,9795 4,0116
4,5638 4,5967
5,1209 5,1542
154 14:33
4,3906 4,4228
3,9798 4,0119
4,5642 4,5971
5,1207 5,1540
155 14:34
4,3913 4,4235
3,9802 4,0123
4,5658 4,5987
5,1216 5,1549
156 14:35
4,3912 4,4234
3,9804 4,0125
4,5658 4,5987
5,1212 5,1545
157 14:36
4,3912 4,4234
3,9803 4,0124
4,5662 4,5991
5,1210 5,1543
158 14:37
4,3914 4,4236
3,9803 4,0124
4,5661 4,5990
5,1215 5,1548
159 14:38
4,3913 4,4235
3,9802 4,0123
4,5664 4,5993
5,1212 5,1545
160 14:39
4,3915 4,4237
3,9799 4,0120
4,5671 4,6000
5,1214 5,1547
161 14:40
4,3915 4,4237
3,9801 4,0122
4,5673 4,6002
5,1211 5,1544
162 14:41
4,3916 4,4238
3,9803 4,0124
4,5667 4,5996
5,1213 5,1545
163 14:42
4,3915 4,4237
3,9802 4,0123
4,5666 4,5995
5,1206 5,1538
164 14:43
4,3912 4,4234
3,9798 4,0119
4,5664 4,5993
5,1199 5,1531
165 14:44
4,3911 4,4233
3,9799 4,0120
4,5669 4,5998
5,1198 5,1530
166 14:45
4,3915 4,4237
3,9804 4,0125
4,5673 4,6002
5,1206 5,1538
167 14:46
4,3915 4,4237
3,9802 4,0123
4,5665 4,5994
5,1201 5,1534
168 14:47
4,3907 4,4229
3,9795 4,0116
4,5659 4,5988
5,1201 5,1534
169 14:48
4,3896 4,4218
3,9783 4,0104
4,5648 4,5977
5,1192 5,1525
170 14:49
4,3892 4,4214
3,9776 4,0097
4,5647 4,5976
5,1188 5,1521
171 14:50
4,3900 4,4222
3,9787 4,0108
4,5664 4,5993
5,1199 5,1532
172 14:51
4,3895 4,4217
3,9777 4,0098
4,5662 4,5991
5,1197 5,1530
173 14:52
4,3894 4,4216
3,9774 4,0095
4,5653 4,5982
5,1186 5,1519
174 14:53
4,3887 4,4209
3,9756 4,0077
4,5646 4,5975
5,1172 5,1505
175 14:54
4,3882 4,4204
3,9750 4,0071
4,5636 4,5965
5,1163 5,1496
176 14:55
4,3875 4,4197
3,9743 4,0064
4,5634 4,5963
5,1159 5,1492
177 14:56
4,3875 4,4197
3,9748 4,0069
4,5634 4,5963
5,1160 5,1493
178 14:57
4,3876 4,4198
3,9759 4,0080
4,5638 4,5967
5,1165 5,1498
179 14:58
4,3896 4,4218
3,9784 4,0105
4,5661 4,5990
5,1197 5,1530
180 14:59
4,3887 4,4209
3,9784 4,0105
4,5651 4,5980
5,1188 5,1521
181 15:00
4,3886 4,4208
3,9786 4,0107
4,5652 4,5981
5,1180 5,1513
182 15:01
4,3902 4,4224
3,9812 4,0133
4,5671 4,6000
5,1199 5,1531
183 15:02
4,3901 4,4223
3,9817 4,0138
4,5670 4,5999
5,1202 5,1534
184 15:03
4,3901 4,4223
3,9810 4,0131
4,5673 4,6002
5,1199 5,1531
185 15:04
4,3903 4,4225
3,9811 4,0132
4,5672 4,6001
5,1192 5,1524
186 15:05
4,3900 4,4222
3,9809 4,0130
4,5662 4,5991
5,1185 5,1517
187 15:06
4,3904 4,4226
3,9818 4,0139
4,5660 4,5989
5,1191 5,1523
188 15:07
4,3908 4,4230
3,9822 4,0143
4,5664 4,5993
5,1192 5,1524
189 15:08
4,3900 4,4222
3,9807 4,0128
4,5669 4,5998
5,1182 5,1514
190 15:09
4,3903 4,4225
3,9815 4,0136
4,5668 4,5997
5,1182 5,1514
191 15:10
4,3902 4,4224
3,9816 4,0137
4,5667 4,5996
5,1182 5,1514
192 15:11
4,3900 4,4222
3,9814 4,0135
4,5666 4,5995
5,1175 5,1508
193 15:12
4,3897 4,4219
3,9816 4,0137
4,5666 4,5995
5,1159 5,1492
194 15:13
4,3898 4,4220
3,9816 4,0137
4,5659 4,5988
5,1158 5,1491
195 15:14
4,3898 4,4220
3,9816 4,0137
4,5664 4,5993
5,1161 5,1494
196 15:15
4,3897 4,4219
3,9816 4,0137
4,5666 4,5995
5,1168 5,1501
197 15:16
4,3901 4,4223
3,9828 4,0149
4,5675 4,6004
5,1176 5,1509
198 15:17
4,3895 4,4217
3,9832 4,0153
4,5664 4,5993
5,1179 5,1512
199 15:18
4,3895 4,4217
3,9834 4,0155
4,5668 4,5997
5,1178 5,1511
200 15:19
4,3893 4,4215
3,9829 4,0150
4,5659 4,5988
5,1170 5,1503
201 15:20
4,3893 4,4215
3,9835 4,0156
4,5666 4,5995
5,1177 5,1510
202 15:21
4,3895 4,4217
3,9835 4,0156
4,5664 4,5993
5,1173 5,1505
203 15:22
4,3896 4,4218
3,9837 4,0158
4,5661 4,5990
5,1171 5,1503
204 15:23
4,3887 4,4209
3,9821 4,0142
4,5646 4,5975
5,1150 5,1482
205 15:24
4,3891 4,4213
3,9826 4,0147
4,5646 4,5975
5,1151 5,1483
206 15:25
4,3888 4,4210
3,9820 4,0141
4,5645 4,5974
5,1139 5,1471
207 15:26
4,3892 4,4214
3,9821 4,0142
4,5644 4,5973
5,1142 5,1474
208 15:27
4,3894 4,4216
3,9821 4,0142
4,5644 4,5973
5,1133 5,1465
209 15:28
4,3897 4,4219
3,9829 4,0150
4,5669 4,5998
5,1131 5,1463
210 15:29
4,3901 4,4223
3,9830 4,0151
4,5677 4,6006
5,1141 5,1473
211 15:30
4,3902 4,4224
3,9825 4,0146
4,5679 4,6008
5,1143 5,1475
212 15:31
4,3907 4,4229
3,9826 4,0147
4,5693 4,6022
5,1151 5,1484
213 15:32
4,3907 4,4229
3,9815 4,0136
4,5696 4,6025
5,1155 5,1488
214 15:33
4,3900 4,4222
3,9794 4,0115
4,5688 4,6017
5,1152 5,1485
215 15:34
4,3900 4,4222
3,9792 4,0113
4,5693 4,6022
5,1148 5,1481
216 15:35
4,3898 4,4220
3,9778 4,0099
4,5695 4,6024
5,1144 5,1477
217 15:36
4,3897 4,4219
3,9777 4,0098
4,5692 4,6021
5,1154 5,1487
218 15:37
4,3896 4,4218
3,9776 4,0097
4,5696 4,6025
5,1149 5,1482
219 15:38
4,3894 4,4216
3,9776 4,0097
4,5689 4,6018
5,1144 5,1477
220 15:39
4,3894 4,4216
3,9767 4,0088
4,5679 4,6008
5,1147 5,1480
221 15:40
4,3892 4,4214
3,9764 4,0085
4,5681 4,6010
5,1145 5,1478
222 15:41
4,3894 4,4216
3,9769 4,0090
4,5689 4,6018
5,1138 5,1471
223 15:42
4,3890 4,4212
3,9767 4,0088
4,5685 4,6014
5,1130 5,1463
224 15:43
4,3890 4,4212
3,9763 4,0084
4,5692 4,6021
5,1127 5,1460
225 15:44
4,3885 4,4207
3,9757 4,0078
4,5682 4,6011
5,1122 5,1455
226 15:45
4,3883 4,4205
3,9754 4,0075
4,5681 4,6010
5,1118 5,1451
227 15:46
4,3879 4,4201
3,9737 4,0058
4,5681 4,6010
5,1109 5,1442
228 15:47
4,3878 4,4200
3,9729 4,0050
4,5677 4,6006
5,1108 5,1441
229 15:48
4,3881 4,4203
3,9726 4,0047
4,5699 4,6028
5,1114 5,1447
230 15:49
4,3882 4,4204
3,9733 4,0054
4,5696 4,6025
5,1116 5,1449
231 15:50
4,3886 4,4208
3,9736 4,0057
4,5700 4,6029
5,1119 5,1452
232 15:51
4,3889 4,4211
3,9746 4,0067
4,5710 4,6039
5,1127 5,1460
233 15:52
4,3891 4,4213
3,9748 4,0069
4,5722 4,6051
5,1135 5,1468
234 15:53
4,3889 4,4211
3,9748 4,0069
4,5720 4,6049
5,1139 5,1472
235 15:54
4,3897 4,4219
3,9759 4,0080
4,5730 4,6059
5,1150 5,1483
236 15:55
4,3898 4,4220
3,9757 4,0078
4,5734 4,6063
5,1149 5,1482
237 15:56
4,3906 4,4228
3,9776 4,0097
4,5757 4,6086
5,1158 5,1491
238 15:57
4,3906 4,4228
3,9771 4,0092
4,5745 4,6074
5,1156 5,1489
239 15:58
4,3905 4,4227
3,9770 4,0091
4,5753 4,6082
5,1152 5,1485
240 15:59
4,3904 4,4226
3,9773 4,0094
4,5752 4,6081
5,1153 5,1486
241 16:00
4,3905 4,4227
3,9769 4,0090
4,5753 4,6082
5,1160 5,1493
242 16:01
4,3904 4,4226
3,9759 4,0080
4,5769 4,6098
5,1162 5,1495
243 16:02
4,3904 4,4226
3,9756 4,0077
4,5776 4,6105
5,1156 5,1489
244 16:03
4,3903 4,4225
3,9755 4,0076
4,5787 4,6116
5,1160 5,1493
245 16:04
4,3903 4,4225
3,9753 4,0074
4,5777 4,6106
5,1163 5,1496
246 16:05
4,3879 4,4201
3,9732 4,0053
4,5755 4,6084
5,1148 5,1481
247 16:06
4,3881 4,4203
3,9731 4,0052
4,5759 4,6088
5,1141 5,1474
248 16:07
4,3881 4,4203
3,9746 4,0067
4,5745 4,6074
5,1130 5,1463
249 16:08
4,3874 4,4196
3,9732 4,0053
4,5744 4,6073
5,1121 5,1454
250 16:09
4,3865 4,4187
3,9723 4,0044
4,5736 4,6065
5,1104 5,1437
251 16:10
4,3864 4,4186
3,9725 4,0046
4,5742 4,6071
5,1101 5,1434
252 16:11
4,3864 4,4186
3,9714 4,0035
4,5741 4,6070
5,1100 5,1432
253 16:12
4,3851 4,4173
3,9696 4,0017
4,5737 4,6066
5,1087 5,1419
254 16:13
4,3847 4,4169
3,9697 4,0018
4,5738 4,6067
5,1078 5,1410
255 16:14
4,3847 4,4169
3,9706 4,0027
4,5733 4,6062
5,1075 5,1407
256 16:15
4,3845 4,4167
3,9699 4,0020
4,5732 4,6061
5,1070 5,1402
257 16:16
4,3847 4,4169
3,9696 4,0017
4,5737 4,6066
5,1079 5,1412
258 16:17
4,3848 4,4170
3,9694 4,0015
4,5732 4,6061
5,1072 5,1405
259 16:18
4,3852 4,4174
3,9702 4,0023
4,5736 4,6065
5,1078 5,1411
260 16:19
4,3862 4,4184
3,9718 4,0039
4,5756 4,6085
5,1091 5,1424
261 16:20
4,3849 4,4171
3,9709 4,0030
4,5755 4,6084
5,1081 5,1414
262 16:21
4,3878 4,4200
3,9739 4,0060
4,5798 4,6127
5,1114 5,1447
263 16:22
4,3875 4,4197
3,9738 4,0059
4,5802 4,6131
5,1113 5,1446
264 16:23
4,3879 4,4201
3,9740 4,0061
4,5805 4,6134
5,1115 5,1448
265 16:24
4,3884 4,4206
3,9745 4,0066
4,5810 4,6139
5,1121 5,1454
266 16:25
4,3882 4,4204
3,9742 4,0063
4,5808 4,6137
5,1116 5,1449
267 16:26
4,3879 4,4201
3,9748 4,0069
4,5806 4,6135
5,1116 5,1449
268 16:27
4,3877 4,4199
3,9741 4,0062
4,5797 4,6126
5,1113 5,1446
269 16:28
4,3874 4,4196
3,9737 4,0058
4,5798 4,6127
5,1113 5,1446
270 16:29
4,3876 4,4198
3,9742 4,0063
4,5803 4,6132
5,1121 5,1454
271 16:30
4,3866 4,4188
3,9731 4,0052
4,5796 4,6125
5,1109 5,1442
272 16:31
4,3844 4,4166
3,9691 4,0012
4,5788 4,6117
5,1101 5,1434
273 16:32
4,3841 4,4163
3,9695 4,0016
4,5789 4,6118
5,1109 5,1442
274 16:33
4,3825 4,4147
3,9688 4,0009
4,5768 4,6097
5,1088 5,1421
275 16:34
4,3820 4,4142
3,9693 4,0014
4,5763 4,6092
5,1085 5,1418
276 16:35
4,3823 4,4145
3,9696 4,0017
4,5762 4,6091
5,1096 5,1429
277 16:36
4,3814 4,4136
3,9687 4,0008
4,5749 4,6078
5,1087 5,1420
278 16:37
4,3819 4,4141
3,9704 4,0025
4,5762 4,6091
5,1096 5,1429
279 16:38
4,3824 4,4146
3,9711 4,0032
4,5767 4,6096
5,1110 5,1443
280 16:39
4,3819 4,4141
3,9710 4,0031
4,5757 4,6086
5,1099 5,1432
281 16:40
4,3822 4,4144
3,9714 4,0035
4,5760 4,6089
5,1094 5,1427
282 16:41
4,3822 4,4144
3,9714 4,0035
4,5750 4,6079
5,1093 5,1426
283 16:42
4,3818 4,4140
3,9710 4,0031
4,5737 4,6066
5,1091 5,1424
284 16:43
4,3820 4,4142
3,9716 4,0037
4,5737 4,6066
5,1088 5,1421
285 16:44
4,3832 4,4154
3,9720 4,0041
4,5749 4,6078
5,1096 5,1429
286 16:45
4,3834 4,4156
3,9725 4,0046
4,5754 4,6083
5,1105 5,1438
287 16:46
4,3833 4,4155
3,9724 4,0045
4,5762 4,6091
5,1103 5,1436
288 16:47
4,3840 4,4162
3,9736 4,0057
4,5776 4,6105
5,1108 5,1441
289 16:48
4,3837 4,4159
3,9736 4,0057
4,5768 4,6097
5,1099 5,1432
290 16:49
4,3837 4,4159
3,9735 4,0056
4,5771 4,6100
5,1114 5,1447
291 16:50
4,3851 4,4173
3,9751 4,0072
4,5788 4,6117
5,1133 5,1466
292 16:51
4,3855 4,4177
3,9769 4,0090
4,5809 4,6138
5,1168 5,1501
293 16:52
4,3855 4,4177
3,9777 4,0098
4,5817 4,6146
5,1171 5,1504
294 16:53
4,3858 4,4180
3,9785 4,0106
4,5831 4,6160
5,1189 5,1522
295 16:54
4,3848 4,4170
3,9771 4,0092
4,5829 4,6158
5,1190 5,1523
296 16:55
4,3838 4,4160
3,9754 4,0075
4,5827 4,6156
5,1177 5,1510
297 16:56
4,3842 4,4164
3,9754 4,0075
4,5853 4,6182
5,1185 5,1518
298 16:57
4,3834 4,4156
3,9751 4,0072
4,5841 4,6170
5,1183 5,1516
299 16:58
4,3833 4,4155
3,9748 4,0069
4,5860 4,6189
5,1183 5,1516
300 16:59
4,3839 4,4161
3,9755 4,0076
4,5866 4,6195
5,1185 5,1518
301 17:00
4,3861 4,4183
3,9777 4,0098
4,5865 4,6194
5,1203 5,1536
302 17:01
4,3879 4,4201
3,9795 4,0116
4,5892 4,6221
5,1236 5,1569
303 17:02
4,3873 4,4195
3,9789 4,0110
4,5899 4,6228
5,1230 5,1563
304 17:03
4,3871 4,4193
3,9793 4,0114
4,5874 4,6203
5,1219 5,1552
305 17:04
4,3869 4,4191
3,9791 4,0112
4,5881 4,6210
5,1220 5,1553
306 17:05
4,3856 4,4178
3,9787 4,0108
4,5878 4,6207
5,1205 5,1538
307 17:06
4,3851 4,4173
3,9772 4,0093
4,5865 4,6194
5,1196 5,1529
308 17:07
4,3857 4,4179
3,9775 4,0096
4,5854 4,6183
5,1200 5,1533
309 17:08
4,3867 4,4189
3,9792 4,0113
4,5879 4,6208
5,1215 5,1548
310 17:09
4,3867 4,4189
3,9796 4,0117
4,5876 4,6205
5,1217 5,1550
311 17:10
4,3864 4,4186
3,9793 4,0114
4,5872 4,6201
5,1209 5,1542
312 17:11
4,3866 4,4188
3,9794 4,0115
4,5873 4,6202
5,1213 5,1546
313 17:12
4,3866 4,4188
3,9796 4,0117
4,5874 4,6203
5,1220 5,1553
314 17:13
4,3867 4,4189
3,9801 4,0122
4,5882 4,6211
5,1212 5,1545
315 17:14
4,3871 4,4193
3,9808 4,0129
4,5879 4,6208
5,1223 5,1556
316 17:15
4,3867 4,4189
3,9801 4,0122
4,5865 4,6194
5,1222 5,1555
317 17:16
4,3864 4,4186
3,9804 4,0125
4,5861 4,6190
5,1217 5,1550
318 17:17
4,3863 4,4185
3,9822 4,0143
4,5860 4,6189
5,1236 5,1569
319 17:18
4,3846 4,4168
3,9797 4,0118
4,5838 4,6167
5,1217 5,1550
320 17:19
4,3845 4,4167
3,9799 4,0120
4,5828 4,6157
5,1217 5,1550
321 17:20
4,3843 4,4165
3,9788 4,0109
4,5828 4,6157
5,1201 5,1534
322 17:21
4,3837 4,4159
3,9775 4,0096
4,5829 4,6158
5,1192 5,1525
323 17:22
4,3838 4,4160
3,9772 4,0093
4,5829 4,6158
5,1186 5,1519
324 17:23
4,3836 4,4158
3,9765 4,0086
4,5813 4,6142
5,1181 5,1514
325 17:24
4,3834 4,4156
3,9758 4,0079
4,5811 4,6140
5,1174 5,1507
326 17:25
4,3836 4,4158
3,9771 4,0092
4,5811 4,6140
5,1180 5,1513
327 17:26
4,3842 4,4164
3,9767 4,0088
4,5814 4,6143
5,1179 5,1512
328 17:27
4,3838 4,4160
3,9771 4,0092
4,5806 4,6135
5,1175 5,1508
329 17:28
4,3839 4,4161
3,9773 4,0094
4,5806 4,6135
5,1173 5,1506
330 17:29
4,3841 4,4163
3,9766 4,0087
4,5808 4,6137
5,1173 5,1506
331 17:30
4,3842 4,4164
3,9756 4,0077
4,5800 4,6129
5,1170 5,1503
332 17:31
4,3842 4,4164
3,9750 4,0071
4,5805 4,6134
5,1170 5,1503
333 17:32
4,3840 4,4162
3,9754 4,0075
4,5786 4,6115
5,1153 5,1486
334 17:33
4,3840 4,4162
3,9754 4,0075
4,5786 4,6115
5,1153 5,1486
335 17:34
4,3840 4,4162
3,9754 4,0075
4,5786 4,6115
5,1153 5,1486
336 17:35
4,3841 4,4163
3,9746 4,0067
4,5772 4,6101
5,1167 5,1500
337 17:36
4,3841 4,4163
3,9746 4,0067
4,5764 4,6093
5,1170 5,1503
338 17:37
4,3830 4,4152
3,9739 4,0060
4,5742 4,6071
5,1155 5,1488
339 17:38
4,3827 4,4149
3,9739 4,0060
4,5743 4,6072
5,1157 5,1490
340 17:39
4,3827 4,4149
3,9742 4,0063
4,5739 4,6068
5,1159 5,1492
341 17:40
4,3822 4,4144
3,9747 4,0068
4,5741 4,6070
5,1153 5,1486
342 17:41
4,3814 4,4136
3,9734 4,0055
4,5727 4,6056
5,1146 5,1479
343 17:42
4,3817 4,4139
3,9744 4,0065
4,5736 4,6065
5,1155 5,1488
344 17:43
4,3815 4,4137
3,9750 4,0071
4,5740 4,6069
5,1157 5,1490
345 17:44
4,3818 4,4140
3,9752 4,0073
4,5741 4,6070
5,1163 5,1496
346 17:45
4,3828 4,4150
3,9756 4,0077
4,5772 4,6101
5,1176 5,1509
347 17:46
4,3828 4,4150
3,9756 4,0077
4,5772 4,6101
5,1176 5,1509
348 17:47
4,3831 4,4153
3,9762 4,0083
4,5776 4,6105
5,1175 5,1508
349 17:48
4,3833 4,4155
3,9762 4,0083
4,5772 4,6101
5,1169 5,1502
350 17:49
4,3833 4,4155
3,9761 4,0082
4,5767 4,6096
5,1169 5,1502
351 17:50
4,3833 4,4155
3,9761 4,0082
4,5772 4,6101
5,1169 5,1502
352 17:51
4,3834 4,4156
3,9763 4,0084
4,5770 4,6099
5,1170 5,1503
353 17:52
4,3836 4,4158
3,9778 4,0099
4,5770 4,6099
5,1173 5,1506
354 17:53
4,3836 4,4158
3,9777 4,0098
4,5770 4,6099
5,1174 5,1507
355 17:54
4,3836 4,4158
3,9777 4,0098
4,5767 4,6096
5,1178 5,1511
356 17:55
4,3836 4,4158
3,9774 4,0095
4,5765 4,6094
5,1175 5,1508
357 17:56
