#======================
2023-7-22
# 1.EUR, 2.USD, 3.CHF, 4.GBP
Sell Price, Buy Price
1 11:32
4,4116 4,5066
3,9607 4,0607
4,5899 4,6767
5,1016 5,2087
2 11:33
4,4116 4,5066
3,9607 4,0607
4,5899 4,6767
5,1016 5,2087
3 11:34
4,4116 4,5066
3,9607 4,0607
4,5899 4,6767
5,1016 5,2087
4 11:35
4,4116 4,5066
3,9607 4,0607
4,5899 4,6767
5,1016 5,2087
5 11:36
4,4116 4,5066
3,9607 4,0607
4,5899 4,6767
5,1016 5,2087
6 11:37
4,4116 4,5066
3,9607 4,0607
4,5899 4,6767
5,1016 5,2087
7 11:38
4,4116 4,5066
3,9607 4,0607
4,5899 4,6767
5,1016 5,2087
8 11:39
4,4116 4,5066
3,9607 4,0607
4,5899 4,6767
5,1016 5,2087
9 11:40
4,4116 4,5066
3,9607 4,0607
4,5899 4,6767
5,1016 5,2087
10 11:41
4,4116 4,5066
3,9607 4,0607
4,5899 4,6767
5,1016 5,2087
11 11:42
4,4116 4,5066
3,9607 4,0607
4,5899 4,6767
5,1016 5,2087
12 11:43
4,4116 4,5066
3,9607 4,0607
4,5899 4,6767
5,1016 5,2087
13 11:44
4,4116 4,5066
3,9607 4,0607
4,5899 4,6767
5,1016 5,2087
14 11:45
4,4116 4,5066
3,9607 4,0607
4,5899 4,6767
5,1016 5,2087
15 11:46
4,4116 4,5066
3,9607 4,0607
4,5899 4,6767
5,1016 5,2087
16 11:47
4,4116 4,5066
3,9607 4,0607
4,5899 4,6767
5,1016 5,2087
17 11:48
4,4116 4,5066
3,9607 4,0607
4,5899 4,6767
5,1016 5,2087
18 11:49
4,4116 4,5066
3,9607 4,0607
4,5899 4,6767
5,1016 5,2087
19 11:50
4,4116 4,5066
3,9607 4,0607
4,5899 4,6767
5,1016 5,2087
20 11:51
4,4116 4,5066
3,9607 4,0607
4,5899 4,6767
5,1016 5,2087
21 11:52
4,4116 4,5066
3,9607 4,0607
4,5899 4,6767
5,1016 5,2087
22 11:53
4,4116 4,5066
3,9607 4,0607
4,5899 4,6767
5,1016 5,2087
23 11:54
4,4116 4,5066
3,9607 4,0607
4,5899 4,6767
5,1016 5,2087
24 11:55
4,4116 4,5066
3,9607 4,0607
4,5899 4,6767
5,1016 5,2087
25 11:56
4,4116 4,5066
3,9607 4,0607
4,5899 4,6767
5,1016 5,2087
26 11:57
4,4116 4,5066
3,9607 4,0607
4,5899 4,6767
5,1016 5,2087
27 11:58
4,4116 4,5066
3,9607 4,0607
4,5899 4,6767
5,1016 5,2087
28 11:59
4,4116 4,5066
3,9607 4,0607
4,5899 4,6767
5,1016 5,2087
29 12:00
4,4116 4,5066
3,9607 4,0607
4,5899 4,6767
5,1016 5,2087
30 12:01
4,4116 4,5066
3,9607 4,0607
4,5899 4,6767
5,1016 5,2087
31 12:02
4,4116 4,5066
3,9607 4,0607
4,5899 4,6767
5,1016 5,2087
32 12:03
4,4116 4,5066
3,9607 4,0607
4,5899 4,6767
5,1016 5,2087
33 12:04
4,4116 4,5066
3,9607 4,0607
4,5899 4,6767
5,1016 5,2087
34 12:05
4,4116 4,5066
3,9607 4,0607
4,5899 4,6767
5,1016 5,2087
35 12:06
4,4116 4,5066
3,9607 4,0607
4,5899 4,6767
5,1016 5,2087
36 12:07
4,4116 4,5066
3,9607 4,0607
4,5899 4,6767
5,1016 5,2087
37 12:08
4,4116 4,5066
3,9607 4,0607
4,5899 4,6767
5,1016 5,2087
38 12:09
4,4116 4,5066
3,9607 4,0607
4,5899 4,6767
5,1016 5,2087
39 12:10
4,4116 4,5066
3,9607 4,0607
4,5899 4,6767
5,1016 5,2087
40 12:11
4,4116 4,5066
3,9607 4,0607
4,5899 4,6767
5,1016 5,2087
41 12:12
4,4116 4,5066
3,9607 4,0607
4,5899 4,6767
5,1016 5,2087
42 12:13
4,4116 4,5066
3,9607 4,0607
4,5899 4,6767
5,1016 5,2087
43 12:14
4,4116 4,5066
3,9607 4,0607
4,5899 4,6767
5,1016 5,2087
44 12:15
4,4116 4,5066
3,9607 4,0607
4,5899 4,6767
5,1016 5,2087
45 12:16
4,4116 4,5066
3,9607 4,0607
4,5899 4,6767
5,1016 5,2087
46 12:17
4,4116 4,5066
3,9607 4,0607
4,5899 4,6767
5,1016 5,2087
47 12:18
4,4116 4,5066
3,9607 4,0607
4,5899 4,6767
5,1016 5,2087
48 12:19
4,4116 4,5066
3,9607 4,0607
4,5899 4,6767
5,1016 5,2087
49 12:20
4,4116 4,5066
3,9607 4,0607
4,5899 4,6767
5,1016 5,2087
50 12:21
4,4116 4,5066
3,9607 4,0607
4,5899 4,6767
5,1016 5,2087
51 12:22
4,4116 4,5066
3,9607 4,0607
4,5899 4,6767
5,1016 5,2087
52 12:23
4,4116 4,5066
3,9607 4,0607
4,5899 4,6767
5,1016 5,2087
53 12:24
4,4116 4,5066
3,9607 4,0607
4,5899 4,6767
5,1016 5,2087
54 12:25
4,4116 4,5066
3,9607 4,0607
4,5899 4,6767
5,1016 5,2087
55 12:26
4,4116 4,5066
3,9607 4,0607
4,5899 4,6767
5,1016 5,2087
56 12:27
4,4116 4,5066
3,9607 4,0607
4,5899 4,6767
5,1016 5,2087
57 12:28
4,4116 4,5066
3,9607 4,0607
4,5899 4,6767
5,1016 5,2087
58 12:29
4,4116 4,5066
3,9607 4,0607
4,5899 4,6767
5,1016 5,2087
59 12:30
4,4116 4,5066
3,9607 4,0607
4,5899 4,6767
5,1016 5,2087
60 12:31
4,4116 4,5066
3,9607 4,0607
4,5899 4,6767
5,1016 5,2087
61 12:32
4,4116 4,5066
3,9607 4,0607
4,5899 4,6767
5,1016 5,2087
62 12:33
4,4116 4,5066
3,9607 4,0607
4,5899 4,6767
5,1016 5,2087
63 12:34
4,4116 4,5066
3,9607 4,0607
4,5899 4,6767
5,1016 5,2087
64 12:35
4,4116 4,5066
3,9607 4,0607
4,5899 4,6767
5,1016 5,2087
65 12:36
4,4116 4,5066
3,9607 4,0607
4,5899 4,6767
5,1016 5,2087
66 12:37
4,4116 4,5066
3,9607 4,0607
4,5899 4,6767
5,1016 5,2087
67 12:38
4,4116 4,5066
3,9607 4,0607
4,5899 4,6767
5,1016 5,2087
68 12:39
4,4116 4,5066
3,9607 4,0607
4,5899 4,6767
5,1016 5,2087
69 12:40
4,4116 4,5066
3,9607 4,0607
4,5899 4,6767
5,1016 5,2087
70 12:41
4,4116 4,5066
3,9607 4,0607
4,5899 4,6767
5,1016 5,2087
71 12:42
4,4116 4,5066
3,9607 4,0607
4,5899 4,6767
5,1016 5,2087
72 12:43
4,4116 4,5066
3,9607 4,0607
4,5899 4,6767
5,1016 5,2087
73 15:03
Definite connection error
1 15:07
4,4116 4,5066
3,9607 4,0607
4,5899 4,6767
5,1016 5,2087
2 15:08
4,4116 4,5066
3,9607 4,0607
4,5899 4,6767
5,1016 5,2087
3 15:09
4,4116 4,5066
3,9607 4,0607
4,5899 4,6767
5,1016 5,2087
4 15:10
4,4116 4,5066
3,9607 4,0607
4,5899 4,6767
5,1016 5,2087
5 15:11
4,4116 4,5066
3,9607 4,0607
4,5899 4,6767
5,1016 5,2087
6 15:12
4,4116 4,5066
3,9607 4,0607
4,5899 4,6767
5,1016 5,2087
7 15:13
4,4116 4,5066
3,9607 4,0607
4,5899 4,6767
5,1016 5,2087
8 15:14
4,4116 4,5066
3,9607 4,0607
4,5899 4,6767
5,1016 5,2087
9 15:15
4,4116 4,5066
3,9607 4,0607
4,5899 4,6767
5,1016 5,2087
10 15:16
4,4116 4,5066
3,9607 4,0607
4,5899 4,6767
5,1016 5,2087
11 15:17
4,4116 4,5066
3,9607 4,0607
4,5899 4,6767
5,1016 5,2087
12 15:18
4,4116 4,5066
3,9607 4,0607
4,5899 4,6767
5,1016 5,2087
13 15:19
4,4116 4,5066
3,9607 4,0607
4,5899 4,6767
5,1016 5,2087
14 15:20
4,4116 4,5066
3,9607 4,0607
4,5899 4,6767
5,1016 5,2087
15 15:21
4,4116 4,5066
3,9607 4,0607
4,5899 4,6767
5,1016 5,2087
16 15:22
4,4116 4,5066
3,9607 4,0607
4,5899 4,6767
5,1016 5,2087
17 15:23
4,4116 4,5066
3,9607 4,0607
4,5899 4,6767
5,1016 5,2087
18 15:24
4,4116 4,5066
3,9607 4,0607
4,5899 4,6767
5,1016 5,2087
19 15:25
4,4116 4,5066
3,9607 4,0607
4,5899 4,6767
5,1016 5,2087
20 15:26
4,4116 4,5066
3,9607 4,0607
4,5899 4,6767
5,1016 5,2087
21 15:27
4,4116 4,5066
3,9607 4,0607
4,5899 4,6767
5,1016 5,2087
22 15:28
4,4116 4,5066
3,9607 4,0607
4,5899 4,6767
5,1016 5,2087
23 15:29
4,4116 4,5066
3,9607 4,0607
4,5899 4,6767
5,1016 5,2087
24 15:30
4,4116 4,5066
3,9607 4,0607
4,5899 4,6767
5,1016 5,2087
25 15:31
4,4116 4,5066
3,9607 4,0607
4,5899 4,6767
5,1016 5,2087
26 15:32
4,4116 4,5066
3,9607 4,0607
4,5899 4,6767
5,1016 5,2087
27 15:33
4,4116 4,5066
3,9607 4,0607
4,5899 4,6767
5,1016 5,2087
28 15:34
4,4116 4,5066
3,9607 4,0607
4,5899 4,6767
5,1016 5,2087
29 15:35
4,4116 4,5066
3,9607 4,0607
4,5899 4,6767
5,1016 5,2087
30 15:36
4,4116 4,5066
3,9607 4,0607
4,5899 4,6767
5,1016 5,2087
31 15:37
4,4116 4,5066
3,9607 4,0607
4,5899 4,6767
5,1016 5,2087
32 15:38
4,4116 4,5066
3,9607 4,0607
4,5899 4,6767
5,1016 5,2087
33 15:39
4,4116 4,5066
3,9607 4,0607
4,5899 4,6767
5,1016 5,2087
34 15:40
4,4116 4,5066
3,9607 4,0607
4,5899 4,6767
5,1016 5,2087
35 15:41
4,4116 4,5066
3,9607 4,0607
4,5899 4,6767
5,1016 5,2087
36 15:42
4,4116 4,5066
3,9607 4,0607
4,5899 4,6767
5,1016 5,2087
37 15:43
4,4116 4,5066
3,9607 4,0607
4,5899 4,6767
5,1016 5,2087
38 15:44
4,4116 4,5066
3,9607 4,0607
4,5899 4,6767
5,1016 5,2087
39 15:45
4,4116 4,5066
3,9607 4,0607
4,5899 4,6767
5,1016 5,2087
40 15:46
4,4116 4,5066
3,9607 4,0607
4,5899 4,6767
5,1016 5,2087
41 15:47
4,4116 4,5066
3,9607 4,0607
4,5899 4,6767
5,1016 5,2087
42 15:48
4,4116 4,5066
3,9607 4,0607
4,5899 4,6767
5,1016 5,2087
43 15:49
4,4116 4,5066
3,9607 4,0607
4,5899 4,6767
5,1016 5,2087
44 15:50
4,4116 4,5066
3,9607 4,0607
4,5899 4,6767
5,1016 5,2087
45 15:51
4,4116 4,5066
3,9607 4,0607
4,5899 4,6767
5,1016 5,2087
46 15:52
4,4116 4,5066
3,9607 4,0607
4,5899 4,6767
5,1016 5,2087
47 15:53
4,4116 4,5066
3,9607 4,0607
4,5899 4,6767
5,1016 5,2087
48 15:54
4,4116 4,5066
3,9607 4,0607
4,5899 4,6767
5,1016 5,2087
49 15:55
4,4116 4,5066
3,9607 4,0607
4,5899 4,6767
5,1016 5,2087
50 15:56
4,4116 4,5066
3,9607 4,0607
4,5899 4,6767
5,1016 5,2087
51 15:57
4,4116 4,5066
3,9607 4,0607
4,5899 4,6767
5,1016 5,2087
52 15:58
4,4116 4,5066
3,9607 4,0607
4,5899 4,6767
5,1016 5,2087
53 15:59
4,4116 4,5066
3,9607 4,0607
4,5899 4,6767
5,1016 5,2087
54 16:00
4,4116 4,5066
3,9607 4,0607
4,5899 4,6767
5,1016 5,2087
55 16:01
4,4116 4,5066
3,9607 4,0607
4,5899 4,6767
5,1016 5,2087
56 16:02
4,4116 4,5066
3,9607 4,0607
4,5899 4,6767
5,1016 5,2087
57 16:03
4,4116 4,5066
3,9607 4,0607
4,5899 4,6767
5,1016 5,2087
58 16:04
4,4116 4,5066
3,9607 4,0607
4,5899 4,6767
5,1016 5,2087
59 16:05
4,4116 4,5066
3,9607 4,0607
4,5899 4,6767
5,1016 5,2087
60 16:06
4,4116 4,5066
3,9607 4,0607
4,5899 4,6767
5,1016 5,2087
61 16:07
4,4116 4,5066
3,9607 4,0607
4,5899 4,6767
5,1016 5,2087
62 16:08
4,4116 4,5066
3,9607 4,0607
4,5899 4,6767
5,1016 5,2087
63 16:09
4,4116 4,5066
3,9607 4,0607
4,5899 4,6767
5,1016 5,2087
64 16:10
4,4116 4,5066
3,9607 4,0607
4,5899 4,6767
5,1016 5,2087
65 16:11
4,4116 4,5066
3,9607 4,0607
4,5899 4,6767
5,1016 5,2087
66 16:12
4,4116 4,5066
3,9607 4,0607
4,5899 4,6767
5,1016 5,2087
67 16:13
4,4116 4,5066
3,9607 4,0607
4,5899 4,6767
5,1016 5,2087
68 16:14
4,4116 4,5066
3,9607 4,0607
4,5899 4,6767
5,1016 5,2087
69 16:15
4,4116 4,5066
3,9607 4,0607
4,5899 4,6767
5,1016 5,2087
70 16:16
4,4116 4,5066
3,9607 4,0607
4,5899 4,6767
5,1016 5,2087
71 16:17
4,4116 4,5066
3,9607 4,0607
4,5899 4,6767
5,1016 5,2087
72 16:18
4,4116 4,5066
3,9607 4,0607
4,5899 4,6767
5,1016 5,2087
73 16:19
4,4116 4,5066
3,9607 4,0607
4,5899 4,6767
5,1016 5,2087
74 16:20
4,4116 4,5066
3,9607 4,0607
4,5899 4,6767
5,1016 5,2087
75 16:21
4,4116 4,5066
3,9607 4,0607
4,5899 4,6767
5,1016 5,2087
76 16:22
4,4116 4,5066
3,9607 4,0607
4,5899 4,6767
5,1016 5,2087
77 16:23
4,4116 4,5066
3,9607 4,0607
4,5899 4,6767
5,1016 5,2087
78 16:24
4,4116 4,5066
3,9607 4,0607
4,5899 4,6767
5,1016 5,2087
79 16:25
4,4116 4,5066
3,9607 4,0607
4,5899 4,6767
5,1016 5,2087
80 16:26
4,4116 4,5066
3,9607 4,0607
4,5899 4,6767
5,1016 5,2087
81 16:27
4,4116 4,5066
3,9607 4,0607
4,5899 4,6767
5,1016 5,2087
82 16:28
4,4116 4,5066
3,9607 4,0607
4,5899 4,6767
5,1016 5,2087
83 16:29
4,4116 4,5066
3,9607 4,0607
4,5899 4,6767
5,1016 5,2087
84 16:30
4,4116 4,5066
3,9607 4,0607
4,5899 4,6767
5,1016 5,2087
85 16:31
4,4116 4,5066
3,9607 4,0607
4,5899 4,6767
5,1016 5,2087
86 16:32
4,4116 4,5066
3,9607 4,0607
4,5899 4,6767
5,1016 5,2087
87 16:33
4,4116 4,5066
3,9607 4,0607
4,5899 4,6767
5,1016 5,2087
88 16:34
4,4116 4,5066
3,9607 4,0607
4,5899 4,6767
5,1016 5,2087
89 16:35
4,4116 4,5066
3,9607 4,0607
4,5899 4,6767
5,1016 5,2087
90 16:36
4,4116 4,5066
3,9607 4,0607
4,5899 4,6767
5,1016 5,2087
91 16:37
4,4116 4,5066
3,9607 4,0607
4,5899 4,6767
5,1016 5,2087
92 16:38
4,4116 4,5066
3,9607 4,0607
4,5899 4,6767
5,1016 5,2087
93 16:39
4,4116 4,5066
3,9607 4,0607
4,5899 4,6767
5,1016 5,2087
94 16:40
4,4116 4,5066
3,9607 4,0607
4,5899 4,6767
5,1016 5,2087
95 16:41
4,4116 4,5066
3,9607 4,0607
4,5899 4,6767
5,1016 5,2087
96 16:42
4,4116 4,5066
3,9607 4,0607
4,5899 4,6767
5,1016 5,2087
97 16:43
4,4116 4,5066
3,9607 4,0607
4,5899 4,6767
5,1016 5,2087
98 16:44
4,4116 4,5066
3,9607 4,0607
4,5899 4,6767
5,1016 5,2087
99 16:45
4,4116 4,5066
3,9607 4,0607
4,5899 4,6767
5,1016 5,2087
100 16:46
4,4116 4,5066
3,9607 4,0607
4,5899 4,6767
5,1016 5,2087
101 16:47
4,4116 4,5066
3,9607 4,0607
4,5899 4,6767
5,1016 5,2087
102 16:48
4,4116 4,5066
3,9607 4,0607
4,5899 4,6767
5,1016 5,2087
103 16:49
4,4116 4,5066
3,9607 4,0607
4,5899 4,6767
5,1016 5,2087
104 16:50
4,4116 4,5066
3,9607 4,0607
4,5899 4,6767
5,1016 5,2087
105 16:51
4,4116 4,5066
3,9607 4,0607
4,5899 4,6767
5,1016 5,2087
106 16:52
4,4116 4,5066
3,9607 4,0607
4,5899 4,6767
5,1016 5,2087
107 16:53
4,4116 4,5066
3,9607 4,0607
4,5899 4,6767
5,1016 5,2087
108 16:54
4,4116 4,5066
3,9607 4,0607
4,5899 4,6767
5,1016 5,2087
109 16:55
4,4116 4,5066
3,9607 4,0607
4,5899 4,6767
5,1016 5,2087
110 16:56
4,4116 4,5066
3,9607 4,0607
4,5899 4,6767
5,1016 5,2087
111 16:57
4,4116 4,5066
3,9607 4,0607
4,5899 4,6767
5,1016 5,2087
112 16:58
4,4116 4,5066
3,9607 4,0607
4,5899 4,6767
5,1016 5,2087
113 16:59
4,4116 4,5066
3,9607 4,0607
4,5899 4,6767
5,1016 5,2087
114 17:00
4,4116 4,5066
3,9607 4,0607
4,5899 4,6767
5,1016 5,2087
115 17:01
4,4116 4,5066
3,9607 4,0607
4,5899 4,6767
5,1016 5,2087
116 17:02
4,4116 4,5066
3,9607 4,0607
4,5899 4,6767
5,1016 5,2087
117 17:03
4,4116 4,5066
3,9607 4,0607
4,5899 4,6767
5,1016 5,2087
118 17:04
4,4116 4,5066
3,9607 4,0607
4,5899 4,6767
5,1016 5,2087
119 17:05
4,4116 4,5066
3,9607 4,0607
4,5899 4,6767
5,1016 5,2087
120 17:06
4,4116 4,5066
3,9607 4,0607
4,5899 4,6767
5,1016 5,2087
121 17:07
4,4116 4,5066
3,9607 4,0607
4,5899 4,6767
5,1016 5,2087
122 17:08
4,4116 4,5066
3,9607 4,0607
4,5899 4,6767
5,1016 5,2087
123 17:09
4,4116 4,5066
3,9607 4,0607
4,5899 4,6767
5,1016 5,2087
124 17:10
4,4116 4,5066
3,9607 4,0607
4,5899 4,6767
5,1016 5,2087
125 17:11
4,4116 4,5066
3,9607 4,0607
4,5899 4,6767
5,1016 5,2087
126 17:12
4,4116 4,5066
3,9607 4,0607
4,5899 4,6767
5,1016 5,2087
127 17:13
4,4116 4,5066
3,9607 4,0607
4,5899 4,6767
5,1016 5,2087
128 17:14
4,4116 4,5066
3,9607 4,0607
4,5899 4,6767
5,1016 5,2087
129 17:15
4,4116 4,5066
3,9607 4,0607
4,5899 4,6767
5,1016 5,2087
130 17:16
4,4116 4,5066
3,9607 4,0607
4,5899 4,6767
5,1016 5,2087
131 17:17
4,4116 4,5066
3,9607 4,0607
4,5899 4,6767
5,1016 5,2087
132 17:18
4,4116 4,5066
3,9607 4,0607
4,5899 4,6767
5,1016 5,2087
133 17:19
4,4116 4,5066
3,9607 4,0607
4,5899 4,6767
5,1016 5,2087
134 17:20
4,4116 4,5066
3,9607 4,0607
4,5899 4,6767
5,1016 5,2087
135 17:21
4,4116 4,5066
3,9607 4,0607
4,5899 4,6767
5,1016 5,2087
136 17:22
4,4116 4,5066
3,9607 4,0607
4,5899 4,6767
5,1016 5,2087
137 17:23
4,4116 4,5066
3,9607 4,0607
4,5899 4,6767
5,1016 5,2087
138 17:24
4,4116 4,5066
3,9607 4,0607
4,5899 4,6767
5,1016 5,2087
139 17:25
4,4116 4,5066
3,9607 4,0607
4,5899 4,6767
5,1016 5,2087
140 17:26
4,4116 4,5066
3,9607 4,0607
4,5899 4,6767
5,1016 5,2087
141 17:27
4,4116 4,5066
3,9607 4,0607
4,5899 4,6767
5,1016 5,2087
142 17:28
4,4116 4,5066
3,9607 4,0607
4,5899 4,6767
5,1016 5,2087
143 17:29
4,4116 4,5066
3,9607 4,0607
4,5899 4,6767
5,1016 5,2087
144 17:30
4,4116 4,5066
3,9607 4,0607
4,5899 4,6767
5,1016 5,2087
145 17:31
4,4116 4,5066
3,9607 4,0607
4,5899 4,6767
5,1016 5,2087
146 17:32
4,4116 4,5066
3,9607 4,0607
4,5899 4,6767
5,1016 5,2087
147 17:33
4,4116 4,5066
3,9607 4,0607
4,5899 4,6767
5,1016 5,2087
148 17:34
4,4116 4,5066
3,9607 4,0607
4,5899 4,6767
5,1016 5,2087
149 17:35
4,4116 4,5066
3,9607 4,0607
4,5899 4,6767
5,1016 5,2087
150 17:36
4,4116 4,5066
3,9607 4,0607
4,5899 4,6767
5,1016 5,2087
151 17:37
4,4116 4,5066
3,9607 4,0607
4,5899 4,6767
5,1016 5,2087
152 17:38
4,4116 4,5066
3,9607 4,0607
4,5899 4,6767
5,1016 5,2087
153 17:39
4,4116 4,5066
3,9607 4,0607
4,5899 4,6767
5,1016 5,2087
154 17:40
4,4116 4,5066
3,9607 4,0607
4,5899 4,6767
5,1016 5,2087
155 17:41
4,4116 4,5066
3,9607 4,0607
4,5899 4,6767
5,1016 5,2087
156 17:42
4,4116 4,5066
3,9607 4,0607
4,5899 4,6767
5,1016 5,2087
157 17:43
4,4116 4,5066
3,9607 4,0607
4,5899 4,6767
5,1016 5,2087
158 17:44
4,4116 4,5066
3,9607 4,0607
4,5899 4,6767
5,1016 5,2087
159 17:45
4,4116 4,5066
3,9607 4,0607
4,5899 4,6767
5,1016 5,2087
160 17:46
4,4116 4,5066
3,9607 4,0607
4,5899 4,6767
5,1016 5,2087
161 17:47
4,4116 4,5066
3,9607 4,0607
4,5899 4,6767
5,1016 5,2087
162 17:48
4,4116 4,5066
3,9607 4,0607
4,5899 4,6767
5,1016 5,2087
163 17:49
4,4116 4,5066
3,9607 4,0607
4,5899 4,6767
5,1016 5,2087
164 17:50
4,4116 4,5066
3,9607 4,0607
4,5899 4,6767
5,1016 5,2087
165 17:51
4,4116 4,5066
3,9607 4,0607
4,5899 4,6767
5,1016 5,2087
166 17:52
4,4116 4,5066
3,9607 4,0607
4,5899 4,6767
5,1016 5,2087
167 17:53
4,4116 4,5066
3,9607 4,0607
4,5899 4,6767
5,1016 5,2087
168 17:54
4,4116 4,5066
3,9607 4,0607
4,5899 4,6767
5,1016 5,2087
169 17:55
4,4116 4,5066
3,9607 4,0607
4,5899 4,6767
5,1016 5,2087
170 17:56
4,4116 4,5066
3,9607 4,0607
4,5899 4,6767
5,1016 5,2087
171 17:57
4,4116 4,5066
3,9607 4,0607
4,5899 4,6767
5,1016 5,2087
172 17:58
4,4116 4,5066
3,9607 4,0607
4,5899 4,6767
5,1016 5,2087
173 17:59
4,4116 4,5066
3,9607 4,0607
4,5899 4,6767
5,1016 5,2087
174 18:00
4,4116 4,5066
3,9607 4,0607
4,5899 4,6767
5,1016 5,2087
175 18:01
4,4116 4,5066
3,9607 4,0607
4,5899 4,6767
5,1016 5,2087
176 18:02
4,4116 4,5066
3,9607 4,0607
4,5899 4,6767
5,1016 5,2087
177 18:03
4,4116 4,5066
3,9607 4,0607
4,5899 4,6767
5,1016 5,2087
178 18:04
4,4116 4,5066
3,9607 4,0607
4,5899 4,6767
5,1016 5,2087
179 18:05
4,4116 4,5066
3,9607 4,0607
4,5899 4,6767
5,1016 5,2087
180 18:06
4,4116 4,5066
3,9607 4,0607
4,5899 4,6767
5,1016 5,2087
181 18:07
4,4116 4,5066
3,9607 4,0607
4,5899 4,6767
5,1016 5,2087
182 18:08
4,4116 4,5066
3,9607 4,0607
4,5899 4,6767
5,1016 5,2087
183 18:09
4,4116 4,5066
3,9607 4,0607
4,5899 4,6767
5,1016 5,2087
184 18:10
4,4116 4,5066
3,9607 4,0607
4,5899 4,6767
5,1016 5,2087
185 18:11
4,4116 4,5066
3,9607 4,0607
4,5899 4,6767
5,1016 5,2087
186 18:12
4,4116 4,5066
3,9607 4,0607
4,5899 4,6767
5,1016 5,2087
187 18:13
4,4116 4,5066
3,9607 4,0607
4,5899 4,6767
5,1016 5,2087
188 18:14
4,4116 4,5066
3,9607 4,0607
4,5899 4,6767
5,1016 5,2087
189 18:15
4,4116 4,5066
3,9607 4,0607
4,5899 4,6767
5,1016 5,2087
190 18:16
4,4116 4,5066
3,9607 4,0607
4,5899 4,6767
5,1016 5,2087
191 18:17
4,4116 4,5066
3,9607 4,0607
4,5899 4,6767
5,1016 5,2087
192 18:18
4,4116 4,5066
3,9607 4,0607
4,5899 4,6767
5,1016 5,2087
193 18:19
4,4116 4,5066
3,9607 4,0607
4,5899 4,6767
5,1016 5,2087
194 18:20
4,4116 4,5066
3,9607 4,0607
4,5899 4,6767
5,1016 5,2087
195 18:21
4,4116 4,5066
3,9607 4,0607
4,5899 4,6767
5,1016 5,2087
196 18:22
4,4116 4,5066
3,9607 4,0607
4,5899 4,6767
5,1016 5,2087
197 18:23
4,4116 4,5066
3,9607 4,0607
4,5899 4,6767
5,1016 5,2087
198 18:24
4,4116 4,5066
3,9607 4,0607
4,5899 4,6767
5,1016 5,2087
199 18:25
4,4116 4,5066
3,9607 4,0607
4,5899 4,6767
5,1016 5,2087
200 18:26
4,4116 4,5066
3,9607 4,0607
4,5899 4,6767
5,1016 5,2087
201 18:27
4,4116 4,5066
3,9607 4,0607
4,5899 4,6767
5,1016 5,2087
202 18:28
4,4116 4,5066
3,9607 4,0607
4,5899 4,6767
5,1016 5,2087
203 18:29
4,4116 4,5066
3,9607 4,0607
4,5899 4,6767
5,1016 5,2087
204 18:30
4,4116 4,5066
3,9607 4,0607
4,5899 4,6767
5,1016 5,2087
205 18:31
4,4116 4,5066
3,9607 4,0607
4,5899 4,6767
5,1016 5,2087
206 18:32
4,4116 4,5066
3,9607 4,0607
4,5899 4,6767
5,1016 5,2087
207 18:33
4,4116 4,5066
3,9607 4,0607
4,5899 4,6767
5,1016 5,2087
208 18:34
4,4116 4,5066
3,9607 4,0607
4,5899 4,6767
5,1016 5,2087
209 18:35
4,4116 4,5066
3,9607 4,0607
4,5899 4,6767
5,1016 5,2087
210 18:36
4,4116 4,5066
3,9607 4,0607
4,5899 4,6767
5,1016 5,2087
211 18:37
4,4116 4,5066
3,9607 4,0607
4,5899 4,6767
5,1016 5,2087
212 18:38
4,4116 4,5066
3,9607 4,0607
4,5899 4,6767
5,1016 5,2087
213 18:39
4,4116 4,5066
3,9607 4,0607
4,5899 4,6767
5,1016 5,2087
214 18:40
4,4116 4,5066
3,9607 4,0607
4,5899 4,6767
5,1016 5,2087
215 18:41
4,4116 4,5066
3,9607 4,0607
4,5899 4,6767
5,1016 5,2087
216 18:42
4,4116 4,5066
3,9607 4,0607
4,5899 4,6767
5,1016 5,2087
217 18:43
4,4116 4,5066
3,9607 4,0607
4,5899 4,6767
5,1016 5,2087
218 18:44
4,4116 4,5066
3,9607 4,0607
4,5899 4,6767
5,1016 5,2087
219 18:45
4,4116 4,5066
3,9607 4,0607
4,5899 4,6767
5,1016 5,2087
220 18:46
4,4116 4,5066
3,9607 4,0607
4,5899 4,6767
5,1016 5,2087
221 18:47
4,4116 4,5066
3,9607 4,0607
4,5899 4,6767
5,1016 5,2087
222 18:48
4,4116 4,5066
3,9607 4,0607
4,5899 4,6767
5,1016 5,2087
223 18:49
4,4116 4,5066
3,9607 4,0607
4,5899 4,6767
5,1016 5,2087
224 18:50
4,4116 4,5066
3,9607 4,0607
4,5899 4,6767
5,1016 5,2087
225 18:51
4,4116 4,5066
3,9607 4,0607
4,5899 4,6767
5,1016 5,2087
226 18:52
4,4116 4,5066
3,9607 4,0607
4,5899 4,6767
5,1016 5,2087
227 18:53
4,4116 4,5066
3,9607 4,0607
4,5899 4,6767
5,1016 5,2087
228 18:54
4,4116 4,5066
3,9607 4,0607
4,5899 4,6767
5,1016 5,2087
229 18:55
4,4116 4,5066
3,9607 4,0607
4,5899 4,6767
5,1016 5,2087
230 18:56
4,4116 4,5066
3,9607 4,0607
4,5899 4,6767
5,1016 5,2087
231 18:57
4,4116 4,5066
3,9607 4,0607
4,5899 4,6767
5,1016 5,2087
232 18:58
4,4116 4,5066
3,9607 4,0607
4,5899 4,6767
5,1016 5,2087
233 18:59
4,4116 4,5066
3,9607 4,0607
4,5899 4,6767
5,1016 5,2087
234 19:00
4,4116 4,5066
3,9607 4,0607
4,5899 4,6767
5,1016 5,2087
235 19:01
4,4116 4,5066
3,9607 4,0607
4,5899 4,6767
5,1016 5,2087
236 19:02
4,4116 4,5066
3,9607 4,0607
4,5899 4,6767
5,1016 5,2087
1 19:03
4,4116 4,5066
3,9607 4,0607
4,5899 4,6767
5,1016 5,2087
1 19:04
4,4116 4,5066
3,9607 4,0607
4,5899 4,6767
5,1016 5,2087
2 19:05
4,4116 4,5066
3,9607 4,0607
4,5899 4,6767
5,1016 5,2087
3 19:06
4,4116 4,5066
3,9607 4,0607
4,5899 4,6767
5,1016 5,2087
4 21:27
Connection error1 21:36
4,4116 4,5066
3,9607 4,0607
4,5899 4,6767
5,1016 5,2087
2 21:37
4,4116 4,5066
3,9607 4,0607
4,5899 4,6767
5,1016 5,2087
3 21:38
4,4116 4,5066
3,9607 4,0607
4,5899 4,6767
5,1016 5,2087
4 21:39
4,4116 4,5066
3,9607 4,0607
4,5899 4,6767
5,1016 5,2087
5 21:40
4,4116 4,5066
3,9607 4,0607
4,5899 4,6767
5,1016 5,2087
6 21:41
4,4116 4,5066
3,9607 4,0607
4,5899 4,6767
5,1016 5,2087
7 21:42
4,4116 4,5066
3,9607 4,0607
4,5899 4,6767
5,1016 5,2087
8 21:43
4,4116 4,5066
3,9607 4,0607
4,5899 4,6767
5,1016 5,2087
9 21:44
4,4116 4,5066
3,9607 4,0607
4,5899 4,6767
5,1016 5,2087
10 21:45
4,4116 4,5066
3,9607 4,0607
4,5899 4,6767
5,1016 5,2087
11 21:46
4,4116 4,5066
3,9607 4,0607
4,5899 4,6767
5,1016 5,2087
12 21:47
4,4116 4,5066
3,9607 4,0607
4,5899 4,6767
5,1016 5,2087
13 21:48
4,4116 4,5066
3,9607 4,0607
4,5899 4,6767
5,1016 5,2087
14 21:49
4,4116 4,5066
3,9607 4,0607
4,5899 4,6767
5,1016 5,2087
15 21:50
4,4116 4,5066
3,9607 4,0607
4,5899 4,6767
5,1016 5,2087
16 21:51
4,4116 4,5066
3,9607 4,0607
4,5899 4,6767
5,1016 5,2087
17 21:52
4,4116 4,5066
3,9607 4,0607
4,5899 4,6767
5,1016 5,2087
18 21:53
4,4116 4,5066
3,9607 4,0607
4,5899 4,6767
5,1016 5,2087
19 21:54
4,4116 4,5066
3,9607 4,0607
4,5899 4,6767
5,1016 5,2087
20 21:55
4,4116 4,5066
3,9607 4,0607
4,5899 4,6767
5,1016 5,2087
21 21:56
4,4116 4,5066
3,9607 4,0607
4,5899 4,6767
5,1016 5,2087
22 21:57
4,4116 4,5066
3,9607 4,0607
4,5899 4,6767
5,1016 5,2087
23 21:58
4,4116 4,5066
3,9607 4,0607
4,5899 4,6767
5,1016 5,2087
24 21:59
4,4116 4,5066
3,9607 4,0607
4,5899 4,6767
5,1016 5,2087
25 22:00
4,4116 4,5066
3,9607 4,0607
4,5899 4,6767
5,1016 5,2087
26 22:01
4,4116 4,5066
3,9607 4,0607
4,5899 4,6767
5,1016 5,2087
27 22:02
4,4116 4,5066
3,9607 4,0607
4,5899 4,6767
5,1016 5,2087
28 22:03
4,4116 4,5066
3,9607 4,0607
4,5899 4,6767
5,1016 5,2087
29 22:04
4,4116 4,5066
3,9607 4,0607
4,5899 4,6767
5,1016 5,2087
30 22:05
4,4116 4,5066
3,9607 4,0607
4,5899 4,6767
5,1016 5,2087
31 22:06
4,4116 4,5066
3,9607 4,0607
4,5899 4,6767
5,1016 5,2087
32 22:07
4,4116 4,5066
3,9607 4,0607
4,5899 4,6767
5,1016 5,2087
33 22:08
4,4116 4,5066
3,9607 4,0607
4,5899 4,6767
5,1016 5,2087
34 22:09
4,4116 4,5066
3,9607 4,0607
4,5899 4,6767
5,1016 5,2087
35 22:10
4,4116 4,5066
3,9607 4,0607
4,5899 4,6767
5,1016 5,2087
36 22:11
4,4116 4,5066
3,9607 4,0607
4,5899 4,6767
5,1016 5,2087
37 22:12
4,4116 4,5066
3,9607 4,0607
4,5899 4,6767
5,1016 5,2087
38 22:13
4,4116 4,5066
3,9607 4,0607
4,5899 4,6767
5,1016 5,2087
39 22:14
4,4116 4,5066
3,9607 4,0607
4,5899 4,6767
5,1016 5,2087
40 22:15
4,4116 4,5066
3,9607 4,0607
4,5899 4,6767
5,1016 5,2087
41 22:16
4,4116 4,5066
3,9607 4,0607
4,5899 4,6767
5,1016 5,2087
42 22:17
4,4116 4,5066
3,9607 4,0607
4,5899 4,6767
5,1016 5,2087
43 22:18
4,4116 4,5066
3,9607 4,0607
4,5899 4,6767
5,1016 5,2087
44 22:19
4,4116 4,5066
3,9607 4,0607
4,5899 4,6767
5,1016 5,2087
45 22:20
4,4116 4,5066
3,9607 4,0607
4,5899 4,6767
5,1016 5,2087
46 22:21
4,4116 4,5066
3,9607 4,0607
4,5899 4,6767
5,1016 5,2087
47 22:22
4,4116 4,5066
3,9607 4,0607
4,5899 4,6767
5,1016 5,2087
48 22:23
4,4116 4,5066
3,9607 4,0607
4,5899 4,6767
5,1016 5,2087
49 22:24
4,4116 4,5066
3,9607 4,0607
4,5899 4,6767
5,1016 5,2087
50 22:25
4,4116 4,5066
3,9607 4,0607
4,5899 4,6767
5,1016 5,2087
51 22:26
4,4116 4,5066
3,9607 4,0607
4,5899 4,6767
5,1016 5,2087
52 22:27
4,4116 4,5066
3,9607 4,0607
4,5899 4,6767
5,1016 5,2087
53 22:28
4,4116 4,5066
3,9607 4,0607
4,5899 4,6767
5,1016 5,2087
54 22:29
4,4116 4,5066
3,9607 4,0607
4,5899 4,6767
5,1016 5,2087
55 22:30
4,4116 4,5066
3,9607 4,0607
4,5899 4,6767
5,1016 5,2087
56 22:31
4,4116 4,5066
3,9607 4,0607
4,5899 4,6767
5,1016 5,2087
57 22:32
4,4116 4,5066
3,9607 4,0607
4,5899 4,6767
5,1016 5,2087
58 22:33
4,4116 4,5066
3,9607 4,0607
4,5899 4,6767
5,1016 5,2087
59 22:34
4,4116 4,5066
3,9607 4,0607
4,5899 4,6767
5,1016 5,2087
60 22:35
4,4116 4,5066
3,9607 4,0607
4,5899 4,6767
5,1016 5,2087
61 22:36
4,4116 4,5066
3,9607 4,0607
4,5899 4,6767
5,1016 5,2087
62 22:37
4,4116 4,5066
3,9607 4,0607
4,5899 4,6767
5,1016 5,2087
63 22:38
4,4116 4,5066
3,9607 4,0607
4,5899 4,6767
5,1016 5,2087
64 22:39
4,4116 4,5066
3,9607 4,0607
4,5899 4,6767
5,1016 5,2087
65 22:40
4,4116 4,5066
3,9607 4,0607
4,5899 4,6767
5,1016 5,2087
66 22:41
4,4116 4,5066
3,9607 4,0607
4,5899 4,6767
5,1016 5,2087
67 22:42
4,4116 4,5066
3,9607 4,0607
4,5899 4,6767
5,1016 5,2087
68 22:43
4,4116 4,5066
3,9607 4,0607
4,5899 4,6767
5,1016 5,2087
69 22:44
4,4116 4,5066
3,9607 4,0607
4,5899 4,6767
5,1016 5,2087
70 22:45
4,4116 4,5066
3,9607 4,0607
4,5899 4,6767
5,1016 5,2087
71 22:46
4,4116 4,5066
3,9607 4,0607
4,5899 4,6767
5,1016 5,2087
72 22:47
4,4116 4,5066
3,9607 4,0607
4,5899 4,6767
5,1016 5,2087
73 22:48
4,4116 4,5066
3,9607 4,0607
4,5899 4,6767
5,1016 5,2087
74 22:49
4,4116 4,5066
3,9607 4,0607
4,5899 4,6767
5,1016 5,2087
75 22:50
4,4116 4,5066
3,9607 4,0607
4,5899 4,6767
5,1016 5,2087
76 22:51
4,4116 4,5066
3,9607 4,0607
4,5899 4,6767
5,1016 5,2087
77 22:52
4,4116 4,5066
3,9607 4,0607
4,5899 4,6767
5,1016 5,2087
78 22:53
4,4116 4,5066
3,9607 4,0607
4,5899 4,6767
5,1016 5,2087
79 22:54
4,4116 4,5066
3,9607 4,0607
4,5899 4,6767
5,1016 5,2087
80 22:55
4,4116 4,5066
3,9607 4,0607
4,5899 4,6767
5,1016 5,2087
81 22:56
4,4116 4,5066
3,9607 4,0607
4,5899 4,6767
5,1016 5,2087
82 22:57
4,4116 4,5066
3,9607 4,0607
4,5899 4,6767
5,1016 5,2087
83 22:58
4,4116 4,5066
3,9607 4,0607
4,5899 4,6767
5,1016 5,2087
84 22:59
4,4116 4,5066
3,9607 4,0607
4,5899 4,6767
5,1016 5,2087
85 23:00
4,4116 4,5066
3,9607 4,0607
4,5899 4,6767
5,1016 5,2087
86 23:01
4,4116 4,5066
3,9607 4,0607
4,5899 4,6767
5,1016 5,2087
87 23:02
4,4116 4,5066
3,9607 4,0607
4,5899 4,6767
5,1016 5,2087
88 23:03
4,4116 4,5066
3,9607 4,0607
4,5899 4,6767
5,1016 5,2087
89 23:04
4,4116 4,5066
3,9607 4,0607
4,5899 4,6767
5,1016 5,2087
90 23:05
4,4116 4,5066
3,9607 4,0607
4,5899 4,6767
5,1016 5,2087
91 23:06
4,4116 4,5066
3,9607 4,0607
4,5899 4,6767
5,1016 5,2087
92 23:07
4,4116 4,5066
3,9607 4,0607
4,5899 4,6767
5,1016 5,2087
93 23:08
4,4116 4,5066
3,9607 4,0607
4,5899 4,6767
5,1016 5,2087
94 23:09
4,4116 4,5066
3,9607 4,0607
4,5899 4,6767
5,1016 5,2087
95 23:10
4,4116 4,5066
3,9607 4,0607
4,5899 4,6767
5,1016 5,2087
96 23:11
4,4116 4,5066
3,9607 4,0607
4,5899 4,6767
5,1016 5,2087
97 23:12
4,4116 4,5066
3,9607 4,0607
4,5899 4,6767
5,1016 5,2087
98 23:13
4,4116 4,5066
3,9607 4,0607
4,5899 4,6767
5,1016 5,2087
99 23:14
4,4116 4,5066
3,9607 4,0607
4,5899 4,6767
5,1016 5,2087
100 23:15
4,4116 4,5066
3,9607 4,0607
4,5899 4,6767
5,1016 5,2087
101 23:16
4,4116 4,5066
3,9607 4,0607
4,5899 4,6767
5,1016 5,2087
102 23:17
4,4116 4,5066
3,9607 4,0607
4,5899 4,6767
5,1016 5,2087
103 23:18
4,4116 4,5066
3,9607 4,0607
4,5899 4,6767
5,1016 5,2087
104 23:19
4,4116 4,5066
3,9607 4,0607
4,5899 4,6767
5,1016 5,2087
105 23:20
4,4116 4,5066
3,9607 4,0607
4,5899 4,6767
5,1016 5,2087
106 23:21
4,4116 4,5066
3,9607 4,0607
4,5899 4,6767
5,1016 5,2087
107 23:22
4,4116 4,5066
3,9607 4,0607
4,5899 4,6767
5,1016 5,2087
108 23:23
4,4116 4,5066
3,9607 4,0607
4,5899 4,6767
5,1016 5,2087
109 23:24
4,4116 4,5066
3,9607 4,0607
4,5899 4,6767
5,1016 5,2087
110 23:25
4,4116 4,5066
3,9607 4,0607
4,5899 4,6767
5,1016 5,2087
111 23:26
4,4116 4,5066
3,9607 4,0607
4,5899 4,6767
5,1016 5,2087
112 23:27
4,4116 4,5066
3,9607 4,0607
4,5899 4,6767
5,1016 5,2087
113 23:28
4,4116 4,5066
3,9607 4,0607
4,5899 4,6767
5,1016 5,2087
