#======================
2023-4-11
# 1.EUR, 2.USD, 3.CHF, 4.GBP
Sell Price, Buy Price
1 08:15
4,6708 4,7032
4,2867 4,3189
4,7257 4,7601
5,3255 5,3589
2 08:16
4,6708 4,7032
4,2870 4,3192
4,7257 4,7601
5,3260 5,3594
3 08:17
4,6708 4,7032
4,2870 4,3192
4,7257 4,7601
5,3260 5,3594
4 08:18
4,6707 4,7031
4,2872 4,3194
4,7258 4,7602
5,3260 5,3594
5 08:19
4,6708 4,7032
4,2879 4,3201
4,7260 4,7604
5,3261 5,3595
6 08:20
4,6710 4,7034
4,2884 4,3206
4,7259 4,7603
5,3261 5,3595
7 08:21
4,6715 4,7039
4,2888 4,3210
4,7264 4,7608
5,3269 5,3603
8 08:22
4,6713 4,7037
4,2887 4,3209
4,7267 4,7611
5,3263 5,3597
9 08:23
4,6710 4,7034
4,2878 4,3200
4,7263 4,7607
5,3263 5,3597
10 08:24
4,6714 4,7038
4,2886 4,3208
4,7270 4,7614
5,3274 5,3608
11 08:25
4,6712 4,7036
4,2884 4,3206
4,7262 4,7606
5,3265 5,3599
12 08:26
4,6711 4,7035
4,2885 4,3207
4,7260 4,7604
5,3265 5,3599
13 08:27
4,6710 4,7034
4,2884 4,3206
4,7259 4,7603
5,3269 5,3603
14 08:28
4,6714 4,7038
4,2884 4,3206
4,7263 4,7607
5,3268 5,3602
15 08:29
4,6713 4,7037
4,2890 4,3212
4,7264 4,7608
5,3271 5,3605
16 08:30
4,6713 4,7037
4,2891 4,3213
4,7263 4,7607
5,3269 5,3603
17 08:31
4,6721 4,7045
4,2898 4,3220
4,7275 4,7619
5,3280 5,3614
18 08:32
4,6712 4,7036
4,2892 4,3214
4,7271 4,7615
5,3275 5,3609
19 08:33
4,6713 4,7037
4,2897 4,3219
4,7277 4,7621
5,3281 5,3615
20 08:34
4,6714 4,7038
4,2898 4,3220
4,7278 4,7622
5,3285 5,3619
21 08:35
4,6710 4,7034
4,2894 4,3216
4,7278 4,7622
5,3284 5,3618
22 08:36
4,6717 4,7041
4,2902 4,3224
4,7282 4,7626
5,3286 5,3620
23 08:37
4,6717 4,7041
4,2912 4,3234
4,7290 4,7634
5,3289 5,3623
24 08:38
4,6718 4,7042
4,2917 4,3239
4,7293 4,7637
5,3284 5,3618
25 08:39
4,6719 4,7043
4,2914 4,3236
4,7292 4,7636
5,3286 5,3620
26 08:40
4,6718 4,7042
4,2905 4,3227
4,7291 4,7635
5,3285 5,3619
27 08:41
4,6718 4,7042
4,2905 4,3227
4,7296 4,7640
5,3291 5,3625
28 08:42
4,6720 4,7044
4,2905 4,3227
4,7298 4,7642
5,3295 5,3629
29 08:43
4,6720 4,7044
4,2915 4,3237
4,7303 4,7647
5,3296 5,3630
30 08:44
4,6715 4,7039
4,2912 4,3234
4,7305 4,7649
5,3296 5,3630
31 08:45
4,6714 4,7038
4,2911 4,3233
4,7301 4,7645
5,3290 5,3624
32 08:46
4,6714 4,7038
4,2918 4,3240
4,7307 4,7651
5,3302 5,3636
33 08:47
4,6716 4,7040
4,2923 4,3245
4,7308 4,7652
5,3303 5,3637
34 08:48
4,6711 4,7035
4,2919 4,3241
4,7304 4,7648
5,3298 5,3632
35 08:49
4,6711 4,7035
4,2919 4,3241
4,7301 4,7645
5,3301 5,3635
36 08:50
4,6712 4,7036
4,2922 4,3244
4,7300 4,7644
5,3308 5,3642
37 08:51
4,6712 4,7036
4,2914 4,3236
4,7305 4,7649
5,3308 5,3642
38 08:52
4,6712 4,7036
4,2918 4,3240
4,7300 4,7644
5,3321 5,3655
39 08:53
4,6712 4,7036
4,2916 4,3238
4,7300 4,7644
5,3315 5,3649
40 08:54
4,6711 4,7035
4,2915 4,3237
4,7304 4,7648
5,3323 5,3657
41 08:55
4,6713 4,7037
4,2925 4,3247
4,7310 4,7654
5,3330 5,3664
42 08:56
4,6714 4,7038
4,2923 4,3245
4,7316 4,7660
5,3330 5,3664
43 08:57
4,6714 4,7038
4,2926 4,3248
4,7316 4,7660
5,3313 5,3647
44 08:58
4,6714 4,7038
4,2920 4,3242
4,7316 4,7660
5,3302 5,3636
45 08:59
4,6715 4,7039
4,2922 4,3244
4,7317 4,7661
5,3297 5,3631
46 09:00
4,6724 4,7048
4,2927 4,3249
4,7324 4,7668
5,3311 5,3645
47 09:01
4,6736 4,7060
4,2926 4,3248
4,7346 4,7690
5,3315 5,3649
48 09:02
4,6730 4,7054
4,2910 4,3232
4,7339 4,7683
5,3302 5,3636
49 09:03
4,6727 4,7051
4,2912 4,3234
4,7339 4,7683
5,3301 5,3635
50 09:04
4,6728 4,7052
4,2915 4,3237
4,7350 4,7694
5,3296 5,3630
51 09:05
4,6730 4,7054
4,2911 4,3233
4,7350 4,7694
5,3296 5,3629
52 09:06
4,6734 4,7057
4,2920 4,3242
4,7365 4,7695
5,3291 5,3624
53 09:07
4,6742 4,7065
4,2912 4,3234
4,7369 4,7699
5,3283 5,3616
54 09:08
4,6729 4,7052
4,2895 4,3217
4,7352 4,7682
5,3279 5,3612
55 09:09
4,6725 4,7048
4,2889 4,3211
4,7348 4,7678
5,3275 5,3608
56 09:10
4,6719 4,7042
4,2880 4,3202
4,7340 4,7670
5,3273 5,3607
57 09:11
4,6724 4,7047
4,2888 4,3210
4,7344 4,7674
5,3284 5,3618
58 09:12
4,6722 4,7045
4,2873 4,3195
4,7340 4,7670
5,3298 5,3632
59 09:13
4,6723 4,7046
4,2870 4,3192
4,7346 4,7676
5,3305 5,3639
60 09:14
4,6723 4,7046
4,2869 4,3191
4,7350 4,7680
5,3304 5,3638
61 09:15
4,6723 4,7046
4,2878 4,3200
4,7357 4,7687
5,3314 5,3648
62 09:16
4,6723 4,7046
4,2883 4,3205
4,7370 4,7700
5,3311 5,3645
63 09:17
4,6721 4,7044
4,2880 4,3202
4,7369 4,7699
5,3310 5,3644
64 09:18
4,6720 4,7043
4,2879 4,3201
4,7364 4,7694
5,3305 5,3639
65 09:19
4,6718 4,7041
4,2871 4,3193
4,7360 4,7690
5,3296 5,3630
66 09:20
4,6717 4,7040
4,2868 4,3190
4,7368 4,7698
5,3304 5,3639
67 09:21
4,6720 4,7043
4,2869 4,3191
4,7384 4,7714
5,3307 5,3642
68 09:22
4,6719 4,7042
4,2868 4,3190
4,7383 4,7713
5,3306 5,3641
69 09:23
4,6716 4,7039
4,2865 4,3187
4,7396 4,7726
5,3309 5,3644
70 09:24
4,6714 4,7037
4,2858 4,3180
4,7385 4,7715
5,3307 5,3642
71 09:25
4,6712 4,7035
4,2848 4,3170
4,7380 4,7710
5,3301 5,3636
72 09:26
4,6713 4,7037
4,2844 4,3166
4,7378 4,7708
5,3306 5,3641
73 09:27
4,6712 4,7036
4,2836 4,3158
4,7383 4,7713
5,3296 5,3631
74 09:28
4,6711 4,7035
4,2843 4,3165
4,7385 4,7715
5,3297 5,3632
75 09:29
4,6715 4,7039
4,2851 4,3173
4,7401 4,7731
5,3302 5,3637
76 09:30
4,6724 4,7048
4,2869 4,3191
4,7406 4,7736
5,3303 5,3638
77 09:31
4,6722 4,7046
4,2873 4,3195
4,7389 4,7719
5,3305 5,3640
78 09:32
4,6721 4,7045
4,2878 4,3200
4,7395 4,7725
5,3303 5,3638
79 09:33
4,6717 4,7041
4,2870 4,3192
4,7396 4,7726
5,3298 5,3633
80 09:34
4,6717 4,7041
4,2871 4,3193
4,7394 4,7724
5,3308 5,3643
81 09:35
4,6716 4,7040
4,2868 4,3190
4,7395 4,7725
5,3307 5,3640
82 09:36
4,6715 4,7038
4,2866 4,3188
4,7395 4,7725
5,3311 5,3644
83 09:37
4,6718 4,7041
4,2872 4,3194
4,7408 4,7738
5,3311 5,3644
84 09:38
4,6715 4,7038
4,2868 4,3190
4,7405 4,7735
5,3302 5,3635
85 09:39
4,6715 4,7038
4,2870 4,3192
4,7397 4,7727
5,3299 5,3632
86 09:40
4,6712 4,7035
4,2869 4,3191
4,7395 4,7725
5,3290 5,3623
87 09:41
4,6710 4,7033
4,2858 4,3180
4,7381 4,7711
5,3284 5,3619
88 09:42
4,6709 4,7032
4,2855 4,3177
4,7385 4,7715
5,3286 5,3621
89 09:43
4,6712 4,7035
4,2848 4,3170
4,7388 4,7718
5,3286 5,3621
90 09:44
4,6709 4,7032
4,2835 4,3157
4,7389 4,7719
5,3285 5,3620
91 09:45
4,6705 4,7028
4,2837 4,3159
4,7395 4,7725
5,3287 5,3622
92 09:46
4,6692 4,7015
4,2823 4,3145
4,7377 4,7707
5,3269 5,3604
93 09:47
4,6690 4,7013
4,2820 4,3142
4,7359 4,7689
5,3270 5,3605
94 09:48
4,6682 4,7005
4,2813 4,3135
4,7338 4,7668
5,3264 5,3599
95 09:49
4,6681 4,7004
4,2807 4,3129
4,7341 4,7671
5,3259 5,3594
96 09:50
4,6680 4,7003
4,2807 4,3129
4,7337 4,7667
5,3256 5,3589
97 09:51
4,6681 4,7004
4,2809 4,3131
4,7340 4,7669
5,3251 5,3584
98 09:52
4,6683 4,7006
4,2823 4,3145
4,7349 4,7678
5,3253 5,3586
99 09:53
4,6685 4,7008
4,2827 4,3149
4,7352 4,7681
5,3258 5,3591
100 09:54
4,6686 4,7009
4,2830 4,3152
4,7350 4,7679
5,3263 5,3596
101 09:55
4,6683 4,7006
4,2827 4,3149
4,7350 4,7679
5,3260 5,3593
102 09:56
4,6684 4,7007
4,2824 4,3146
4,7354 4,7684
5,3259 5,3592
103 09:57
4,6692 4,7015
4,2834 4,3156
4,7358 4,7688
5,3276 5,3609
104 09:58
4,6687 4,7010
4,2832 4,3154
4,7350 4,7680
5,3273 5,3606
105 09:59
4,6689 4,7012
4,2840 4,3162
4,7350 4,7680
5,3276 5,3609
106 10:00
4,6688 4,7011
4,2846 4,3168
4,7351 4,7681
5,3262 5,3595
107 10:01
4,6687 4,7010
4,2839 4,3161
4,7350 4,7680
5,3260 5,3595
108 10:02
4,6688 4,7011
4,2840 4,3162
4,7349 4,7679
5,3261 5,3596
109 10:03
4,6687 4,7010
4,2844 4,3166
4,7353 4,7683
5,3273 5,3608
110 10:04
4,6691 4,7014
4,2846 4,3168
4,7354 4,7684
5,3280 5,3615
111 10:05
4,6692 4,7015
4,2845 4,3167
4,7353 4,7683
5,3275 5,3610
112 10:06
4,6689 4,7012
4,2840 4,3162
4,7352 4,7682
5,3278 5,3613
113 10:07
4,6692 4,7015
4,2843 4,3165
4,7348 4,7678
5,3275 5,3610
114 10:08
4,6690 4,7013
4,2843 4,3165
4,7348 4,7678
5,3279 5,3614
115 10:09
4,6692 4,7015
4,2840 4,3162
4,7344 4,7674
5,3284 5,3619
116 10:10
4,6691 4,7014
4,2830 4,3152
4,7342 4,7672
5,3280 5,3615
117 10:11
4,6687 4,7010
4,2824 4,3146
4,7339 4,7669
5,3274 5,3609
118 10:12
4,6684 4,7007
4,2815 4,3137
4,7340 4,7670
5,3267 5,3602
119 10:13
4,6681 4,7004
4,2803 4,3125
4,7332 4,7662
5,3259 5,3594
120 10:14
4,6681 4,7004
4,2801 4,3123
4,7334 4,7664
5,3263 5,3598
121 10:15
4,6682 4,7005
4,2799 4,3121
4,7333 4,7663
5,3261 5,3596
122 10:16
4,6681 4,7004
4,2798 4,3120
4,7327 4,7657
5,3263 5,3598
123 10:17
4,6681 4,7004
4,2805 4,3127
4,7332 4,7662
5,3272 5,3607
124 10:18
4,6671 4,6994
4,2793 4,3115
4,7317 4,7647
5,3257 5,3592
125 10:19
4,6671 4,6994
4,2792 4,3114
4,7324 4,7654
5,3258 5,3593
126 10:20
4,6663 4,6986
4,2779 4,3101
4,7309 4,7639
5,3245 5,3580
127 10:21
4,6655 4,6978
4,2774 4,3096
4,7306 4,7636
5,3233 5,3568
128 10:22
4,6655 4,6978
4,2778 4,3100
4,7313 4,7643
5,3230 5,3565
129 10:23
4,6655 4,6978
4,2782 4,3104
4,7307 4,7637
5,3227 5,3562
130 10:24
4,6653 4,6976
4,2780 4,3102
4,7304 4,7634
5,3240 5,3575
131 10:25
4,6654 4,6977
4,2775 4,3097
4,7305 4,7635
5,3241 5,3576
132 10:26
4,6652 4,6975
4,2773 4,3095
4,7307 4,7637
5,3249 5,3583
133 10:27
4,6656 4,6979
4,2781 4,3103
4,7312 4,7642
5,3251 5,3585
134 10:28
4,6652 4,6975
4,2781 4,3103
4,7312 4,7642
5,3239 5,3573
135 10:29
4,6645 4,6968
4,2778 4,3100
4,7305 4,7635
5,3233 5,3567
136 10:30
4,6644 4,6967
4,2780 4,3102
4,7305 4,7635
5,3245 5,3579
137 10:31
4,6647 4,6970
4,2778 4,3100
4,7307 4,7637
5,3251 5,3586
138 10:32
4,6653 4,6976
4,2782 4,3104
4,7313 4,7643
5,3252 5,3587
139 10:33
4,6654 4,6977
4,2791 4,3113
4,7317 4,7647
5,3247 5,3582
140 10:34
4,6648 4,6971
4,2789 4,3111
4,7313 4,7643
5,3246 5,3581
141 10:35
4,6643 4,6966
4,2783 4,3105
4,7313 4,7643
5,3245 5,3579
142 10:36
4,6642 4,6965
4,2791 4,3113
4,7307 4,7637
5,3228 5,3562
143 10:37
4,6641 4,6964
4,2794 4,3116
4,7304 4,7634
5,3226 5,3560
144 10:38
4,6634 4,6957
4,2788 4,3110
4,7296 4,7626
5,3222 5,3556
145 10:39
4,6643 4,6966
4,2798 4,3120
4,7308 4,7638
5,3232 5,3566
146 10:40
4,6641 4,6964
4,2794 4,3116
4,7304 4,7634
5,3230 5,3563
147 10:41
4,6642 4,6965
4,2797 4,3119
4,7307 4,7637
5,3231 5,3564
148 10:42
4,6642 4,6965
4,2787 4,3109
4,7305 4,7635
5,3221 5,3554
149 10:43
4,6643 4,6966
4,2781 4,3103
4,7298 4,7628
5,3220 5,3553
150 10:44
4,6643 4,6966
4,2779 4,3101
4,7298 4,7628
5,3213 5,3546
151 10:45
4,6643 4,6966
4,2776 4,3098
4,7298 4,7628
5,3208 5,3541
152 10:46
4,6642 4,6965
4,2780 4,3102
4,7297 4,7627
5,3195 5,3528
153 10:47
4,6642 4,6965
4,2782 4,3104
4,7298 4,7628
5,3205 5,3538
154 10:48
4,6643 4,6966
4,2782 4,3104
4,7298 4,7628
5,3202 5,3535
155 10:49
4,6642 4,6965
4,2773 4,3095
4,7298 4,7628
5,3188 5,3521
156 10:50
4,6642 4,6965
4,2770 4,3092
4,7297 4,7627
5,3192 5,3526
157 10:51
4,6642 4,6965
4,2764 4,3086
4,7293 4,7623
5,3189 5,3523
158 10:52
4,6645 4,6968
4,2770 4,3092
4,7296 4,7626
5,3192 5,3526
159 10:53
4,6644 4,6967
4,2750 4,3072
4,7293 4,7623
5,3169 5,3503
160 10:54
4,6640 4,6963
4,2750 4,3072
4,7286 4,7616
5,3177 5,3511
161 10:55
4,6641 4,6964
4,2755 4,3077
4,7287 4,7617
5,3182 5,3515
162 10:56
4,6640 4,6963
4,2752 4,3074
4,7292 4,7622
5,3195 5,3528
163 10:57
4,6636 4,6959
4,2754 4,3076
4,7288 4,7618
5,3191 5,3524
164 10:58
4,6633 4,6956
4,2752 4,3074
4,7293 4,7623
5,3191 5,3524
165 10:59
4,6632 4,6955
4,2753 4,3075
4,7287 4,7617
5,3184 5,3517
166 11:00
4,6634 4,6957
4,2752 4,3074
4,7284 4,7614
5,3194 5,3527
167 11:01
4,6634 4,6957
4,2745 4,3067
4,7288 4,7618
5,3192 5,3525
168 11:02
4,6632 4,6955
4,2735 4,3057
4,7273 4,7603
5,3193 5,3526
169 11:03
4,6629 4,6952
4,2738 4,3060
4,7265 4,7595
5,3195 5,3528
170 11:04
4,6625 4,6948
4,2725 4,3047
4,7255 4,7585
5,3189 5,3522
171 11:05
4,6604 4,6927
4,2705 4,3027
4,7230 4,7560
5,3163 5,3496
172 11:06
4,6608 4,6931
4,2707 4,3029
4,7231 4,7561
5,3165 5,3498
173 11:07
4,6613 4,6936
4,2712 4,3034
4,7237 4,7567
5,3177 5,3510
174 11:08
4,6615 4,6938
4,2712 4,3034
4,7236 4,7566
5,3181 5,3514
175 11:09
4,6621 4,6944
4,2719 4,3041
4,7242 4,7572
5,3184 5,3517
176 11:10
4,6619 4,6942
4,2715 4,3037
4,7241 4,7571
5,3188 5,3522
177 11:11
4,6632 4,6955
4,2727 4,3049
4,7250 4,7579
5,3208 5,3542
178 11:12
4,6630 4,6953
4,2731 4,3053
4,7248 4,7577
5,3202 5,3536
179 11:13
4,6635 4,6958
4,2734 4,3056
4,7250 4,7579
5,3208 5,3542
180 11:14
4,6630 4,6953
4,2735 4,3057
4,7245 4,7574
5,3199 5,3533
181 11:15
4,6617 4,6940
4,2727 4,3049
4,7232 4,7561
5,3178 5,3512
182 11:16
4,6624 4,6947
4,2729 4,3051
4,7238 4,7568
5,3186 5,3519
183 11:17
4,6617 4,6940
4,2721 4,3043
4,7222 4,7552
5,3179 5,3512
184 11:18
4,6617 4,6940
4,2719 4,3041
4,7220 4,7550
5,3179 5,3512
185 11:19
4,6607 4,6930
4,2702 4,3024
4,7211 4,7541
5,3161 5,3494
186 11:20
4,6607 4,6930
4,2702 4,3024
4,7209 4,7539
5,3158 5,3492
187 11:21
4,6601 4,6924
4,2697 4,3019
4,7198 4,7528
5,3159 5,3494
188 11:22
4,6613 4,6936
4,2710 4,3032
4,7215 4,7545
5,3166 5,3501
189 11:23
4,6609 4,6932
4,2708 4,3030
4,7221 4,7551
5,3162 5,3497
190 11:24
4,6606 4,6929
4,2703 4,3025
4,7220 4,7550
5,3150 5,3485
191 11:25
4,6604 4,6927
4,2701 4,3023
4,7218 4,7548
5,3144 5,3479
192 11:26
4,6602 4,6925
4,2694 4,3016
4,7214 4,7544
5,3145 5,3480
193 11:27
4,6589 4,6912
4,2680 4,3002
4,7200 4,7530
5,3129 5,3464
194 11:28
4,6580 4,6903
4,2668 4,2990
4,7194 4,7524
5,3117 5,3452
195 11:29
4,6587 4,6910
4,2676 4,2998
4,7189 4,7519
5,3121 5,3456
196 11:30
4,6585 4,6908
4,2674 4,2996
4,7182 4,7512
5,3108 5,3442
197 11:31
4,6579 4,6902
4,2668 4,2991
4,7181 4,7510
5,3108 5,3442
198 11:32
4,6579 4,6902
4,2663 4,2986
4,7177 4,7506
5,3117 5,3451
199 11:33
4,6586 4,6909
4,2665 4,2988
4,7184 4,7513
5,3122 5,3456
200 11:34
4,6589 4,6912
4,2668 4,2991
4,7189 4,7518
5,3125 5,3459
201 11:35
4,6593 4,6916
4,2670 4,2993
4,7196 4,7525
5,3134 5,3469
202 11:36
4,6589 4,6912
4,2668 4,2991
4,7197 4,7526
5,3137 5,3472
203 11:37
4,6592 4,6915
4,2675 4,2998
4,7201 4,7530
5,3134 5,3469
204 11:38
4,6605 4,6928
4,2687 4,3010
4,7208 4,7537
5,3145 5,3480
205 11:39
4,6608 4,6931
4,2694 4,3017
4,7211 4,7540
5,3143 5,3478
206 11:40
4,6606 4,6929
4,2693 4,3016
4,7209 4,7538
5,3138 5,3473
207 11:41
4,6599 4,6922
4,2691 4,3014
4,7203 4,7532
5,3130 5,3465
208 11:42
4,6604 4,6927
4,2700 4,3023
4,7209 4,7538
5,3141 5,3476
209 11:43
4,6608 4,6931
4,2703 4,3026
4,7211 4,7540
5,3128 5,3463
210 11:44
4,6605 4,6928
4,2702 4,3025
4,7210 4,7539
5,3127 5,3462
211 11:45
4,6607 4,6930
4,2706 4,3029
4,7220 4,7549
5,3131 5,3465
212 11:46
4,6601 4,6924
4,2695 4,3018
4,7214 4,7543
5,3123 5,3457
213 11:47
4,6595 4,6918
4,2685 4,3008
4,7210 4,7539
5,3114 5,3448
214 11:48
4,6601 4,6924
4,2700 4,3023
4,7218 4,7547
5,3115 5,3449
215 11:49
4,6601 4,6924
4,2707 4,3030
4,7221 4,7550
5,3115 5,3449
216 11:50
4,6600 4,6923
4,2710 4,3033
4,7217 4,7546
5,3123 5,3457
217 11:51
4,6593 4,6916
4,2702 4,3025
4,7214 4,7543
5,3118 5,3452
218 11:52
4,6592 4,6915
4,2695 4,3018
4,7209 4,7538
5,3116 5,3450
219 11:53
4,6591 4,6914
4,2688 4,3011
4,7208 4,7537
5,3115 5,3449
220 11:54
4,6589 4,6912
4,2694 4,3017
4,7206 4,7535
5,3122 5,3456
221 11:55
4,6592 4,6915
4,2692 4,3015
4,7209 4,7538
5,3123 5,3457
222 11:56
4,6596 4,6919
4,2694 4,3017
4,7213 4,7542
5,3129 5,3462
223 11:57
4,6603 4,6926
4,2701 4,3024
4,7221 4,7550
5,3141 5,3474
224 11:58
4,6606 4,6929
4,2709 4,3032
4,7221 4,7550
5,3145 5,3478
225 11:59
4,6607 4,6930
4,2710 4,3033
4,7222 4,7551
5,3152 5,3485
226 12:00
4,6601 4,6924
4,2695 4,3018
4,7210 4,7539
5,3152 5,3485
227 12:01
4,6605 4,6928
4,2694 4,3017
4,7211 4,7540
5,3157 5,3491
228 12:02
4,6603 4,6926
4,2689 4,3012
4,7211 4,7540
5,3154 5,3488
229 12:03
4,6605 4,6928
4,2696 4,3019
4,7213 4,7542
5,3154 5,3488
230 12:04
4,6611 4,6934
4,2716 4,3039
4,7226 4,7555
5,3157 5,3491
231 12:05
4,6613 4,6936
4,2710 4,3033
4,7226 4,7555
5,3146 5,3480
232 12:06
4,6617 4,6940
4,2709 4,3032
4,7225 4,7554
5,3154 5,3488
233 12:07
4,6618 4,6941
4,2706 4,3029
4,7226 4,7555
5,3162 5,3496
234 12:08
4,6616 4,6939
4,2705 4,3028
4,7226 4,7555
5,3159 5,3493
235 12:09
4,6615 4,6938
4,2706 4,3029
4,7223 4,7552
5,3161 5,3495
236 12:10
4,6612 4,6935
4,2713 4,3036
4,7229 4,7558
5,3164 5,3498
237 12:11
4,6613 4,6936
4,2718 4,3041
4,7235 4,7564
5,3168 5,3502
238 12:12
4,6612 4,6935
4,2717 4,3040
4,7234 4,7563
5,3164 5,3498
239 12:13
4,6613 4,6936
4,2718 4,3041
4,7235 4,7564
5,3171 5,3505
240 12:14
4,6612 4,6935
4,2715 4,3038
4,7232 4,7561
5,3175 5,3509
241 12:15
4,6612 4,6935
4,2697 4,3020
4,7227 4,7556
5,3167 5,3501
242 12:16
4,6618 4,6941
4,2700 4,3023
4,7233 4,7562
5,3170 5,3504
243 12:17
4,6621 4,6944
4,2713 4,3036
4,7239 4,7568
5,3177 5,3511
244 12:18
4,6614 4,6937
4,2707 4,3030
4,7232 4,7561
5,3166 5,3500
245 12:19
4,6610 4,6933
4,2697 4,3020
4,7225 4,7554
5,3164 5,3498
246 12:20
4,6611 4,6934
4,2702 4,3025
4,7228 4,7557
5,3163 5,3497
247 12:21
4,6611 4,6934
4,2696 4,3019
4,7226 4,7555
5,3153 5,3487
248 12:22
4,6611 4,6934
4,2694 4,3017
4,7219 4,7548
5,3153 5,3487
249 12:23
4,6610 4,6933
4,2695 4,3018
4,7217 4,7546
5,3152 5,3486
250 12:24
4,6609 4,6932
4,2699 4,3022
4,7217 4,7546
5,3152 5,3486
251 12:25
4,6611 4,6934
4,2706 4,3029
4,7217 4,7546
5,3155 5,3489
252 12:26
4,6608 4,6931
4,2705 4,3028
4,7216 4,7545
5,3156 5,3490
253 12:27
4,6602 4,6925
4,2703 4,3026
4,7208 4,7537
5,3156 5,3490
254 12:28
4,6602 4,6925
4,2703 4,3026
4,7205 4,7534
5,3154 5,3488
255 12:29
4,6602 4,6925
4,2705 4,3028
4,7209 4,7538
5,3152 5,3486
256 12:30
4,6600 4,6923
4,2705 4,3028
4,7207 4,7536
5,3150 5,3484
257 12:31
4,6602 4,6925
4,2713 4,3036
4,7209 4,7538
5,3152 5,3486
258 12:32
4,6600 4,6923
4,2712 4,3035
4,7206 4,7535
5,3150 5,3484
259 12:33
4,6601 4,6924
4,2707 4,3030
4,7214 4,7543
5,3149 5,3483
260 12:34
4,6601 4,6924
4,2707 4,3030
4,7214 4,7543
5,3149 5,3483
261 12:35
4,6600 4,6923
4,2705 4,3028
4,7211 4,7540
5,3138 5,3472
262 12:36
4,6601 4,6924
4,2708 4,3031
4,7208 4,7537
5,3135 5,3469
263 12:37
4,6602 4,6925
4,2709 4,3032
4,7207 4,7536
5,3133 5,3467
264 12:38
4,6602 4,6925
4,2707 4,3030
4,7209 4,7538
5,3143 5,3477
265 12:39
4,6601 4,6924
4,2703 4,3026
4,7207 4,7536
5,3143 5,3477
266 12:40
4,6601 4,6924
4,2701 4,3024
4,7199 4,7528
5,3145 5,3479
267 12:41
4,6603 4,6926
4,2693 4,3016
4,7201 4,7530
5,3147 5,3481
268 12:42
4,6601 4,6924
4,2687 4,3010
4,7199 4,7528
5,3148 5,3482
269 12:43
4,6603 4,6926
4,2691 4,3014
4,7199 4,7528
5,3150 5,3484
270 12:44
4,6603 4,6926
4,2687 4,3010
4,7197 4,7526
5,3153 5,3487
271 12:45
4,6603 4,6926
4,2683 4,3006
4,7187 4,7516
5,3150 5,3484
272 12:46
4,6603 4,6926
4,2681 4,3004
4,7189 4,7518
5,3162 5,3496
273 12:47
4,6604 4,6927
4,2676 4,2999
4,7190 4,7519
5,3157 5,3491
274 12:48
4,6608 4,6931
4,2682 4,3005
4,7197 4,7526
5,3159 5,3493
275 12:49
4,6608 4,6931
4,2680 4,3003
4,7197 4,7526
5,3164 5,3498
276 12:50
4,6609 4,6932
4,2688 4,3011
4,7200 4,7529
5,3157 5,3491
277 12:51
4,6604 4,6927
4,2676 4,2999
4,7207 4,7536
5,3154 5,3488
278 12:52
4,6604 4,6927
4,2678 4,3001
4,7212 4,7541
5,3155 5,3489
279 12:53
4,6607 4,6930
4,2687 4,3010
4,7205 4,7534
5,3161 5,3495
280 12:54
4,6608 4,6931
4,2687 4,3010
4,7206 4,7535
5,3162 5,3496
281 12:55
4,6606 4,6929
4,2654 4,2977
4,7204 4,7533
5,3157 5,3491
282 12:56
4,6604 4,6927
4,2660 4,2983
4,7195 4,7524
5,3154 5,3488
283 12:57
4,6605 4,6928
4,2659 4,2982
4,7193 4,7522
5,3155 5,3489
284 12:58
4,6605 4,6928
4,2657 4,2980
4,7183 4,7512
5,3152 5,3486
285 12:59
4,6604 4,6927
4,2652 4,2975
4,7184 4,7513
5,3158 5,3492
286 13:00
4,6604 4,6927
4,2662 4,2985
4,7184 4,7513
5,3150 5,3485
287 13:01
4,6607 4,6930
4,2659 4,2982
4,7185 4,7514
5,3153 5,3488
288 13:02
4,6605 4,6928
4,2667 4,2990
4,7183 4,7512
5,3145 5,3480
289 13:03
4,6608 4,6931
4,2672 4,2995
4,7187 4,7516
5,3146 5,3481
290 13:04
4,6605 4,6928
4,2667 4,2990
4,7188 4,7517
5,3126 5,3461
291 13:05
4,6605 4,6928
4,2663 4,2986
4,7190 4,7519
5,3122 5,3456
292 13:06
4,6605 4,6928
4,2673 4,2996
4,7187 4,7516
5,3114 5,3448
293 13:07
4,6604 4,6927
4,2678 4,3001
4,7181 4,7510
5,3109 5,3443
294 13:08
4,6605 4,6928
4,2680 4,3003
4,7183 4,7512
5,3119 5,3453
295 13:09
4,6607 4,6930
4,2683 4,3006
4,7186 4,7515
5,3119 5,3453
296 13:10
4,6608 4,6931
4,2687 4,3010
4,7185 4,7514
5,3116 5,3450
297 13:11
4,6605 4,6928
4,2671 4,2994
4,7179 4,7508
5,3104 5,3438
298 13:12
4,6604 4,6927
4,2679 4,3002
4,7182 4,7511
5,3102 5,3436
299 13:13
4,6604 4,6927
4,2677 4,3000
4,7187 4,7516
5,3106 5,3440
300 13:14
4,6604 4,6927
4,2677 4,3000
4,7187 4,7516
5,3112 5,3446
301 13:15
4,6604 4,6927
4,2677 4,3000
4,7183 4,7512
5,3112 5,3446
302 13:16
4,6604 4,6927
4,2675 4,2998
4,7190 4,7519
5,3108 5,3442
303 13:17
4,6603 4,6926
4,2674 4,2997
4,7186 4,7515
5,3108 5,3442
304 13:18
4,6603 4,6926
4,2675 4,2998
4,7193 4,7522
5,3113 5,3447
305 13:19
4,6602 4,6925
4,2678 4,3001
4,7195 4,7524
5,3112 5,3446
306 13:20
4,6602 4,6925
4,2680 4,3003
4,7197 4,7526
5,3106 5,3440
307 13:21
4,6602 4,6925
4,2700 4,3023
4,7212 4,7542
5,3110 5,3444
308 13:22
4,6604 4,6927
4,2695 4,3018
4,7203 4,7533
5,3102 5,3436
309 13:23
4,6604 4,6927
4,2695 4,3018
4,7205 4,7535
5,3102 5,3436
310 13:24
4,6604 4,6927
4,2699 4,3022
4,7205 4,7535
5,3102 5,3436
311 13:25
4,6604 4,6927
4,2693 4,3016
4,7198 4,7528
5,3096 5,3430
312 13:26
4,6604 4,6927
4,2691 4,3014
4,7192 4,7521
5,3078 5,3412
313 13:27
4,6603 4,6926
4,2697 4,3020
4,7187 4,7516
5,3081 5,3415
314 13:28
4,6605 4,6928
4,2702 4,3025
4,7181 4,7510
5,3088 5,3422
315 13:29
4,6605 4,6928
4,2700 4,3023
4,7193 4,7522
5,3095 5,3429
316 13:30
4,6605 4,6928
4,2700 4,3023
4,7188 4,7517
5,3091 5,3425
317 13:31
4,6605 4,6928
4,2700 4,3023
4,7184 4,7513
5,3095 5,3429
318 13:32
4,6599 4,6922
4,2697 4,3020
4,7187 4,7516
5,3094 5,3428
319 13:33
4,6605 4,6928
4,2702 4,3025
4,7191 4,7520
5,3101 5,3435
320 13:34
4,6606 4,6929
4,2709 4,3032
4,7195 4,7524
5,3100 5,3434
321 13:35
4,6606 4,6929
4,2711 4,3034
4,7195 4,7524
5,3096 5,3430
322 13:36
4,6610 4,6933
4,2710 4,3033
4,7193 4,7522
5,3088 5,3422
323 13:37
4,6606 4,6929
4,2708 4,3031
4,7186 4,7515
5,3085 5,3419
324 13:38
4,6603 4,6926
4,2710 4,3033
4,7189 4,7518
5,3086 5,3420
325 13:39
4,6564 4,6887
4,2676 4,2999
4,7153 4,7482
5,3049 5,3383
326 13:40
4,6579 4,6902
4,2686 4,3009
4,7167 4,7496
5,3069 5,3403
327 13:41
4,6565 4,6888
4,2674 4,2997
4,7150 4,7480
5,3052 5,3386
328 13:42
4,6568 4,6891
4,2682 4,3005
4,7160 4,7490
5,3062 5,3396
329 13:43
4,6560 4,6883
4,2679 4,3002
4,7154 4,7484
5,3055 5,3389
330 13:44
4,6556 4,6879
4,2677 4,3000
4,7153 4,7483
5,3051 5,3385
331 13:45
4,6548 4,6871
4,2667 4,2990
4,7151 4,7481
5,3046 5,3380
332 13:46
4,6550 4,6873
4,2666 4,2989
4,7157 4,7487
5,3048 5,3382
333 13:47
4,6555 4,6878
4,2680 4,3003
4,7168 4,7498
5,3047 5,3381
334 13:48
4,6553 4,6876
4,2674 4,2997
4,7163 4,7493
5,3044 5,3378
335 13:49
4,6553 4,6876
4,2682 4,3005
4,7167 4,7497
5,3057 5,3391
336 13:50
4,6549 4,6872
4,2678 4,3001
4,7158 4,7488
5,3050 5,3384
337 13:51
4,6555 4,6878
4,2664 4,2987
4,7157 4,7486
5,3056 5,3390
338 13:52
4,6556 4,6879
4,2665 4,2988
4,7158 4,7487
5,3045 5,3379
339 13:53
4,6557 4,6880
4,2660 4,2983
4,7155 4,7484
5,3050 5,3384
340 13:54
4,6559 4,6882
4,2656 4,2979
4,7165 4,7494
5,3058 5,3392
341 13:55
4,6559 4,6882
4,2656 4,2979
4,7176 4,7505
5,3067 5,3401
342 13:56
4,6531 4,6854
4,2644 4,2967
4,7157 4,7486
5,3040 5,3374
343 13:57
4,6510 4,6833
4,2635 4,2958
4,7133 4,7462
5,3029 5,3363
344 13:58
4,6508 4,6831
4,2631 4,2954
4,7128 4,7457
5,3033 5,3367
345 13:59
4,6513 4,6836
4,2644 4,2967
4,7134 4,7463
5,3036 5,3370
346 14:00
4,6522 4,6845
4,2657 4,2980
4,7140 4,7469
5,3043 5,3377
347 14:01
4,6521 4,6844
4,2645 4,2968
4,7146 4,7475
5,3035 5,3369
348 14:02
4,6518 4,6841
4,2646 4,2969
4,7144 4,7473
5,3033 5,3367
349 14:03
4,6517 4,6840
4,2637 4,2960
4,7142 4,7471
5,3025 5,3359
350 14:04
4,6513 4,6836
4,2630 4,2953
4,7139 4,7468
5,3024 5,3358
351 14:05
4,6509 4,6832
4,2626 4,2949
4,7134 4,7463
5,3013 5,3347
352 14:06
4,6517 4,6840
4,2632 4,2955
4,7143 4,7472
5,3025 5,3359
353 14:07
4,6520 4,6843
4,2648 4,2971
4,7148 4,7477
5,3034 5,3368
354 14:08
4,6517 4,6840
4,2653 4,2976
4,7145 4,7474
5,3046 5,3380
355 14:09
4,6509 4,6832
4,2646 4,2969
4,7137 4,7466
5,3037 5,3371
356 14:10
4,6513 4,6836
4,2650 4,2973
4,7134 4,7463
5,3038 5,3372
357 14:11
4,6513 4,6836
4,2638 4,2961
4,7132 4,7461
5,3036 5,3370
358 14:12
4,6519 4,6842
4,2639 4,2962
4,7132 4,7461
5,3051 5,3385
359 14:13
4,6514 4,6837
4,2633 4,2956
4,7125 4,7454
5,3046 5,3380
360 14:14
4,6520 4,6843
4,2642 4,2965
4,7127 4,7456
5,3059 5,3393
361 14:15
4,6522 4,6845
4,2638 4,2961
4,7124 4,7453
5,3055 5,3389
362 14:16
4,6522 4,6845
4,2633 4,2956
4,7111 4,7440
5,3052 5,3386
363 14:17
4,6516 4,6839
4,2623 4,2946
4,7099 4,7428
5,3046 5,3380
364 14:18
4,6515 4,6838
4,2628 4,2951
4,7100 4,7429
5,3044 5,3378
365 14:19
4,6514 4,6837
4,2634 4,2957
4,7099 4,7428
5,3042 5,3376
366 14:20
4,6511 4,6834
4,2649 4,2972
4,7112 4,7441
5,3029 5,3363
367 14:21
4,6511 4,6834
4,2643 4,2966
4,7107 4,7436
5,3026 5,3360
368 14:22
4,6508 4,6831
4,2640 4,2963
4,7104 4,7433
5,3029 5,3363
369 14:23
4,6508 4,6831
4,2639 4,2962
4,7104 4,7433
5,3032 5,3366
370 14:24
4,6508 4,6831
4,2648 4,2971
4,7109 4,7438
5,3039 5,3373
371 14:25
4,6508 4,6831
4,2646 4,2969
4,7109 4,7438
5,3032 5,3366
372 14:26
4,6508 4,6831
4,2653 4,2976
4,7110 4,7439
5,3012 5,3346
373 14:27
4,6507 4,6830
4,2640 4,2963
4,7106 4,7435
5,3007 5,3341
374 14:28
4,6507 4,6830
4,2638 4,2961
4,7108 4,7437
5,3012 5,3346
375 14:29
4,6507 4,6830
4,2638 4,2961
4,7107 4,7436
5,3010 5,3344
376 14:30
4,6498 4,6821
4,2624 4,2947
4,7097 4,7426
5,3004 5,3338
377 14:31
4,6501 4,6824
4,2623 4,2946
4,7099 4,7429
5,3010 5,3344
378 14:32
4,6510 4,6833
4,2633 4,2956
4,7115 4,7445
5,3029 5,3363
379 14:33
4,6513 4,6836
4,2634 4,2957
4,7126 4,7456
5,3036 5,3370
380 14:34
4,6524 4,6847
4,2640 4,2963
4,7127 4,7457
5,3049 5,3383
381 14:35
4,6524 4,6847
4,2632 4,2955
4,7105 4,7435
5,3038 5,3372
382 14:36
4,6520 4,6843
4,2630 4,2953
4,7097 4,7427
5,3047 5,3381
383 14:37
4,6518 4,6841
4,2629 4,2952
4,7086 4,7416
5,3050 5,3384
384 14:38
4,6518 4,6841
4,2630 4,2953
4,7085 4,7415
5,3047 5,3381
385 14:39
4,6516 4,6839
4,2627 4,2950
4,7083 4,7413
5,3048 5,3382
386 14:40
4,6518 4,6841
4,2632 4,2955
4,7083 4,7413
5,3051 5,3385
387 14:41
4,6517 4,6840
4,2624 4,2947
4,7076 4,7405
5,3043 5,3377
388 14:42
4,6515 4,6838
4,2628 4,2951
4,7081 4,7410
5,3035 5,3369
389 14:43
4,6515 4,6838
4,2620 4,2943
4,7081 4,7410
5,3023 5,3357
390 14:44
4,6516 4,6839
4,2617 4,2940
4,7070 4,7399
5,3024 5,3358
391 14:45
4,6517 4,6840
4,2620 4,2943
4,7071 4,7400
5,3024 5,3358
392 14:46
4,6521 4,6844
4,2623 4,2946
4,7080 4,7409
5,3024 5,3358
393 14:47
4,6521 4,6844
4,2612 4,2935
4,7082 4,7411
5,3030 5,3364
394 14:48
4,6522 4,6845
4,2615 4,2938
4,7074 4,7403
5,3034 5,3368
395 14:49
4,6521 4,6844
4,2608 4,2931
4,7070 4,7399
5,3021 5,3355
396 14:50
4,6518 4,6841
4,2609 4,2932
4,7068 4,7397
5,3014 5,3348
397 14:51
4,6515 4,6838
4,2602 4,2925
4,7076 4,7405
5,3001 5,3335
398 14:52
4,6519 4,6842
4,2606 4,2929
4,7074 4,7403
5,3006 5,3340
399 14:53
4,6518 4,6841
4,2613 4,2936
4,7076 4,7405
5,3009 5,3343
400 14:54
4,6516 4,6839
4,2611 4,2934
4,7081 4,7410
5,3005 5,3339
401 14:55
4,6505 4,6828
4,2599 4,2922
4,7069 4,7398
5,2990 5,3324
402 14:56
4,6505 4,6828
4,2601 4,2924
4,7071 4,7400
5,2990 5,3324
403 14:57
4,6507 4,6830
4,2607 4,2930
4,7075 4,7404
5,2996 5,3330
404 14:58
4,6504 4,6827
4,2599 4,2922
4,7072 4,7401
5,2995 5,3329
405 14:59
4,6504 4,6827
4,2606 4,2929
4,7072 4,7401
5,2995 5,3329
406 15:00
4,6500 4,6823
4,2604 4,2927
4,7073 4,7402
5,2996 5,3330
407 15:01
4,6512 4,6835
4,2617 4,2940
4,7082 4,7411
5,2998 5,3332
408 15:02
4,6510 4,6833
4,2613 4,2936
4,7078 4,7407
5,2989 5,3323
409 15:03
4,6505 4,6828
4,2607 4,2930
4,7075 4,7404
5,2990 5,3324
410 15:04
4,6505 4,6828
4,2609 4,2932
4,7076 4,7405
5,2987 5,3321
411 15:05
4,6503 4,6826
4,2607 4,2930
4,7069 4,7398
5,2979 5,3313
412 15:06
4,6499 4,6822
4,2601 4,2924
4,7062 4,7391
5,2971 5,3305
413 15:07
4,6499 4,6822
4,2621 4,2944
4,7071 4,7400
5,2977 5,3311
414 15:08
4,6497 4,6820
4,2613 4,2936
4,7070 4,7399
5,2984 5,3318
415 15:09
4,6495 4,6818
4,2605 4,2928
4,7065 4,7394
5,2988 5,3322
416 15:10
4,6489 4,6812
4,2604 4,2927
4,7057 4,7386
5,2975 5,3309
417 15:11
4,6488 4,6811
4,2605 4,2928
4,7056 4,7385
5,2983 5,3317
418 15:12
4,6485 4,6808
4,2602 4,2925
4,7053 4,7382
5,2983 5,3317
419 15:13
4,6484 4,6807
4,2598 4,2921
4,7052 4,7381
5,2981 5,3315
420 15:14
4,6484 4,6807
4,2590 4,2913
4,7049 4,7378
5,2972 5,3306
421 15:15
4,6494 4,6817
4,2597 4,2920
4,7057 4,7386
5,2989 5,3323
422 15:16
4,6494 4,6817
4,2591 4,2914
4,7054 4,7384
5,2983 5,3317
423 15:17
4,6491 4,6814
4,2586 4,2909
4,7048 4,7378
5,2977 5,3311
424 15:18
4,6497 4,6820
4,2596 4,2919
4,7050 4,7380
5,2984 5,3318
425 15:19
4,6497 4,6820
4,2584 4,2907
4,7047 4,7377
5,2981 5,3315
426 15:20
4,6497 4,6820
4,2596 4,2919
4,7054 4,7384
5,2981 5,3315
427 15:21
4,6498 4,6821
4,2593 4,2916
4,7061 4,7390
5,2982 5,3316
428 15:22
4,6503 4,6826
4,2595 4,2918
4,7069 4,7398
5,2991 5,3325
429 15:23
4,6504 4,6827
4,2592 4,2915
4,7070 4,7399
5,2989 5,3323
430 15:24
4,6513 4,6836
4,2604 4,2927
4,7076 4,7405
5,2996 5,3330
431 15:25
4,6511 4,6834
4,2600 4,2923
4,7070 4,7399
5,2993 5,3327
432 15:26
4,6511 4,6834
4,2606 4,2929
4,7060 4,7389
5,2993 5,3327
433 15:27
4,6511 4,6834
4,2602 4,2925
4,7060 4,7389
5,2996 5,3330
434 15:28
4,6512 4,6835
4,2598 4,2921
4,7056 4,7385
5,2995 5,3329
435 15:29
4,6521 4,6844
4,2604 4,2927
4,7066 4,7395
5,3009 5,3343
436 15:30
4,6524 4,6847
4,2600 4,2923
4,7064 4,7393
5,3009 5,3343
437 15:31
4,6525 4,6848
4,2601 4,2924
4,7062 4,7391
5,3010 5,3344
438 15:32
4,6524 4,6847
4,2595 4,2918
4,7064 4,7393
5,3012 5,3346
439 15:33
4,6532 4,6855
4,2612 4,2935
4,7077 4,7406
5,3021 5,3355
440 15:34
4,6533 4,6856
4,2615 4,2938
4,7073 4,7402
5,3022 5,3356
441 15:35
4,6521 4,6844
4,2606 4,2929
4,7061 4,7390
5,3008 5,3342
442 15:36
4,6503 4,6826
4,2581 4,2904
4,7042 4,7371
5,2986 5,3320
443 15:37
4,6498 4,6821
4,2584 4,2907
4,7028 4,7357
5,2964 5,3298
444 15:38
4,6514 4,6837
4,2597 4,2920
4,7034 4,7363
5,2973 5,3307
445 15:39
4,6508 4,6831
4,2586 4,2909
4,7028 4,7357
5,2960 5,3294
446 15:40
4,6506 4,6829
4,2590 4,2913
4,7024 4,7353
5,2946 5,3280
447 15:41
4,6504 4,6827
4,2586 4,2909
4,7023 4,7352
5,2946 5,3280
448 15:42
4,6503 4,6826
4,2587 4,2910
4,7025 4,7354
5,2945 5,3279
449 15:43
4,6506 4,6829
4,2592 4,2915
4,7031 4,7360
5,2946 5,3280
450 15:44
4,6505 4,6828
4,2587 4,2910
4,7030 4,7359
5,2949 5,3283
451 15:45
4,6504 4,6827
4,2594 4,2917
4,7027 4,7356
5,2968 5,3302
452 15:46
4,6501 4,6824
4,2592 4,2915
4,7030 4,7359
5,2964 5,3298
453 15:47
4,6499 4,6822
4,2590 4,2913
4,7036 4,7365
5,2962 5,3296
454 15:48
4,6493 4,6816
4,2574 4,2897
4,7028 4,7357
5,2961 5,3295
455 15:49
4,6499 4,6822
4,2580 4,2903
4,7034 4,7363
5,2965 5,3299
456 15:50
4,6500 4,6823
4,2578 4,2901
4,7032 4,7361
5,2959 5,3293
457 15:51
4,6496 4,6819
4,2573 4,2896
4,7031 4,7360
5,2952 5,3286
458 15:52
4,6490 4,6813
4,2567 4,2890
4,7024 4,7353
5,2954 5,3288
459 15:53
4,6491 4,6814
4,2557 4,2880
4,7019 4,7348
5,2950 5,3284
460 15:54
4,6490 4,6813
4,2552 4,2875
4,7018 4,7347
5,2937 5,3271
461 15:55
4,6488 4,6811
4,2560 4,2883
4,7018 4,7347
5,2934 5,3268
462 15:56
4,6490 4,6813
4,2558 4,2881
4,7017 4,7346
5,2928 5,3262
463 15:57
4,6487 4,6810
4,2553 4,2876
4,7021 4,7350
5,2921 5,3255
464 15:58
4,6489 4,6812
4,2557 4,2880
4,7031 4,7360
5,2924 5,3258
465 15:59
4,6491 4,6814
4,2565 4,2888
4,7037 4,7366
5,2932 5,3266
466 16:00
4,6499 4,6822
4,2570 4,2893
4,7048 4,7377
5,2944 5,3278
467 16:01
4,6497 4,6820
4,2562 4,2885
4,7046 4,7375
5,2936 5,3270
468 16:02
4,6497 4,6820
4,2559 4,2882
4,7044 4,7373
5,2939 5,3273
469 16:03
4,6495 4,6818
4,2555 4,2878
4,7039 4,7368
5,2936 5,3270
470 16:04
4,6491 4,6814
4,2547 4,2870
4,7035 4,7364
5,2940 5,3274
471 16:05
4,6494 4,6817
4,2554 4,2877
4,7038 4,7367
5,2944 5,3278
472 16:06
4,6495 4,6818
4,2555 4,2878
4,7039 4,7368
5,2951 5,3285
473 16:07
4,6495 4,6818
4,2553 4,2876
4,7035 4,7364
5,2942 5,3276
474 16:08
4,6495 4,6818
4,2547 4,2870
4,7046 4,7375
5,2952 5,3286
