#======================
2023-5-31
# 1.EUR, 2.USD, 3.CHF, 4.GBP
Sell Price, Buy Price
1 09:04
4,5178 4,5499
4,2303 4,2624
4,6498 4,6826
5,2380 5,2712
2 09:05
4,5178 4,5499
4,2307 4,2628
4,6496 4,6824
5,2379 5,2711
3 09:06
4,5180 4,5501
4,2311 4,2632
4,6492 4,6822
5,2367 5,2699
4 09:07
4,5174 4,5495
4,2292 4,2613
4,6481 4,6811
5,2356 5,2688
5 09:08
4,5171 4,5492
4,2289 4,2610
4,6475 4,6805
5,2355 5,2687
6 09:09
4,5170 4,5491
4,2288 4,2609
4,6474 4,6804
5,2335 5,2667
7 09:10
4,5169 4,5490
4,2289 4,2610
4,6483 4,6813
5,2335 5,2667
8 09:11
4,5171 4,5492
4,2291 4,2612
4,6491 4,6819
5,2350 5,2682
9 09:12
4,5176 4,5497
4,2313 4,2634
4,6496 4,6824
5,2346 5,2678
10 09:13
4,5185 4,5506
4,2326 4,2647
4,6515 4,6843
5,2368 5,2700
11 09:14
4,5182 4,5503
4,2323 4,2644
4,6509 4,6837
5,2368 5,2700
12 09:15
4,5182 4,5503
4,2317 4,2638
4,6505 4,6833
5,2360 5,2692
13 09:16
4,5181 4,5502
4,2302 4,2623
4,6491 4,6821
5,2354 5,2686
14 09:17
4,5184 4,5505
4,2313 4,2634
4,6498 4,6828
5,2355 5,2687
15 09:18
4,5182 4,5503
4,2311 4,2632
4,6492 4,6822
5,2352 5,2684
16 09:19
4,5184 4,5505
4,2313 4,2634
4,6494 4,6824
5,2355 5,2687
17 09:20
4,5183 4,5504
4,2324 4,2645
4,6507 4,6837
5,2369 5,2701
18 09:21
4,5177 4,5498
4,2320 4,2641
4,6507 4,6835
5,2368 5,2700
19 09:22
4,5176 4,5497
4,2319 4,2640
4,6506 4,6834
5,2367 5,2699
20 09:23
4,5182 4,5503
4,2325 4,2646
4,6507 4,6835
5,2375 5,2707
21 09:24
4,5189 4,5510
4,2326 4,2647
4,6514 4,6842
5,2382 5,2714
22 09:25
4,5189 4,5510
4,2318 4,2639
4,6514 4,6842
5,2382 5,2714
23 09:26
4,5189 4,5510
4,2320 4,2641
4,6514 4,6842
5,2404 5,2736
24 09:27
4,5188 4,5509
4,2319 4,2640
4,6499 4,6827
5,2399 5,2731
25 09:28
4,5186 4,5507
4,2309 4,2630
4,6499 4,6827
5,2390 5,2722
26 09:29
4,5174 4,5495
4,2298 4,2619
4,6484 4,6812
5,2371 5,2703
27 09:30
4,5189 4,5510
4,2317 4,2638
4,6500 4,6828
5,2387 5,2719
28 09:31
4,5196 4,5517
4,2330 4,2651
4,6506 4,6835
5,2390 5,2722
29 09:32
4,5205 4,5526
4,2333 4,2654
4,6496 4,6825
5,2398 5,2730
30 09:33
4,5206 4,5527
4,2340 4,2661
4,6495 4,6824
5,2395 5,2727
31 09:34
4,5224 4,5545
4,2358 4,2679
4,6506 4,6835
5,2417 5,2749
32 09:35
4,5218 4,5539
4,2349 4,2670
4,6498 4,6827
5,2410 5,2742
33 09:36
4,5218 4,5539
4,2349 4,2670
4,6498 4,6827
5,2410 5,2742
34 09:37
4,5217 4,5538
4,2346 4,2667
4,6490 4,6818
5,2399 5,2731
35 09:38
4,5224 4,5545
4,2358 4,2679
4,6497 4,6825
5,2398 5,2730
36 09:39
4,5214 4,5535
4,2341 4,2662
4,6487 4,6815
5,2384 5,2716
37 09:40
4,5203 4,5524
4,2335 4,2656
4,6485 4,6813
5,2371 5,2703
38 09:41
4,5200 4,5521
4,2330 4,2651
4,6482 4,6810
5,2389 5,2721
39 09:42
4,5164 4,5485
4,2288 4,2609
4,6437 4,6765
5,2350 5,2682
40 09:43
4,5162 4,5483
4,2287 4,2608
4,6439 4,6767
5,2336 5,2668
41 09:44
4,5164 4,5485
4,2295 4,2616
4,6443 4,6771
5,2348 5,2680
42 09:45
4,5163 4,5484
4,2301 4,2622
4,6454 4,6782
5,2348 5,2680
43 09:46
4,5161 4,5484
4,2322 4,2643
4,6452 4,6780
5,2353 5,2685
44 09:47
4,5161 4,5484
4,2304 4,2625
4,6431 4,6759
5,2345 5,2677
45 09:48
4,5161 4,5484
4,2304 4,2625
4,6422 4,6750
5,2340 5,2672
46 09:49
4,5149 4,5472
4,2295 4,2616
4,6409 4,6737
5,2324 5,2656
47 09:50
4,5149 4,5472
4,2301 4,2622
4,6402 4,6730
5,2328 5,2660
48 09:51
4,5141 4,5462
4,2293 4,2614
4,6388 4,6717
5,2305 5,2637
49 09:52
4,5141 4,5462
4,2289 4,2610
4,6387 4,6716
5,2302 5,2634
50 09:53
4,5145 4,5466
4,2290 4,2611
4,6391 4,6720
5,2307 5,2639
51 09:54
4,5147 4,5468
4,2290 4,2611
4,6399 4,6728
5,2309 5,2641
52 09:55
4,5157 4,5478
4,2296 4,2617
4,6413 4,6742
5,2324 5,2656
53 09:56
4,5157 4,5478
4,2296 4,2617
4,6414 4,6742
5,2333 5,2665
54 09:57
4,5163 4,5484
4,2305 4,2626
4,6419 4,6747
5,2342 5,2674
55 09:58
4,5163 4,5484
4,2305 4,2626
4,6419 4,6747
5,2340 5,2672
56 09:59
4,5164 4,5485
4,2306 4,2627
4,6411 4,6739
5,2341 5,2673
57 10:00
4,5164 4,5485
4,2306 4,2627
4,6411 4,6739
5,2329 5,2661
58 10:01
4,5148 4,5469
4,2285 4,2606
4,6395 4,6723
5,2310 5,2642
59 10:02
4,5153 4,5474
4,2290 4,2611
4,6400 4,6728
5,2319 5,2651
60 10:03
4,5153 4,5474
4,2300 4,2621
4,6415 4,6743
5,2315 5,2647
61 10:04
4,5153 4,5474
4,2310 4,2631
4,6419 4,6747
5,2328 5,2660
62 10:05
4,5150 4,5471
4,2307 4,2628
4,6424 4,6752
5,2325 5,2657
63 10:06
4,5147 4,5468
4,2296 4,2617
4,6423 4,6751
5,2315 5,2647
64 10:07
4,5145 4,5466
4,2294 4,2615
4,6421 4,6749
5,2319 5,2651
65 10:08
4,5142 4,5463
4,2292 4,2613
4,6418 4,6746
5,2316 5,2648
66 10:09
4,5158 4,5479
4,2318 4,2639
4,6434 4,6762
5,2334 5,2666
67 10:10
4,5156 4,5477
4,2319 4,2640
4,6423 4,6751
5,2316 5,2648
68 10:11
4,5172 4,5495
4,2346 4,2667
4,6446 4,6776
5,2342 5,2674
69 10:12
4,5177 4,5500
4,2347 4,2668
4,6449 4,6779
5,2345 5,2677
70 10:13
4,5177 4,5500
4,2347 4,2668
4,6455 4,6785
5,2342 5,2674
71 10:14
4,5177 4,5500
4,2343 4,2664
4,6449 4,6779
5,2339 5,2671
72 10:15
4,5177 4,5500
4,2351 4,2672
4,6449 4,6779
5,2346 5,2678
73 10:16
4,5178 4,5500
4,2347 4,2668
4,6457 4,6785
5,2361 5,2693
74 10:17
4,5174 4,5496
4,2340 4,2661
4,6458 4,6786
5,2362 5,2694
75 10:18
4,5175 4,5497
4,2344 4,2665
4,6464 4,6792
5,2363 5,2695
76 10:19
4,5171 4,5493
4,2339 4,2660
4,6460 4,6788
5,2352 5,2684
77 10:20
4,5171 4,5493
4,2339 4,2660
4,6461 4,6789
5,2358 5,2690
78 10:21
4,5171 4,5493
4,2343 4,2664
4,6460 4,6788
5,2358 5,2690
79 10:22
4,5171 4,5493
4,2343 4,2664
4,6467 4,6795
5,2358 5,2690
80 10:23
4,5170 4,5492
4,2342 4,2663
4,6463 4,6791
5,2357 5,2689
81 10:24
4,5166 4,5488
4,2338 4,2659
4,6462 4,6790
5,2353 5,2685
82 10:25
4,5161 4,5483
4,2333 4,2654
4,6457 4,6785
5,2351 5,2683
83 10:26
4,5156 4,5477
4,2317 4,2638
4,6453 4,6781
5,2347 5,2679
84 10:27
4,5159 4,5480
4,2319 4,2640
4,6454 4,6782
5,2341 5,2673
85 10:28
4,5162 4,5483
4,2322 4,2643
4,6459 4,6787
5,2345 5,2677
86 10:29
4,5165 4,5486
4,2319 4,2640
4,6465 4,6793
5,2354 5,2686
87 10:30
4,5163 4,5484
4,2315 4,2636
4,6463 4,6791
5,2352 5,2684
88 10:31
4,5166 4,5488
4,2318 4,2639
4,6467 4,6795
5,2355 5,2687
89 10:32
4,5166 4,5488
4,2318 4,2639
4,6469 4,6797
5,2353 5,2685
90 10:33
4,5166 4,5488
4,2328 4,2649
4,6469 4,6797
5,2353 5,2685
91 10:34
4,5173 4,5495
4,2335 4,2656
4,6478 4,6806
5,2361 5,2693
92 10:35
4,5172 4,5494
4,2332 4,2653
4,6477 4,6805
5,2359 5,2691
93 10:36
4,5173 4,5494
4,2333 4,2654
4,6474 4,6802
5,2361 5,2693
94 10:37
4,5173 4,5494
4,2335 4,2656
4,6474 4,6802
5,2357 5,2689
95 10:38
4,5175 4,5496
4,2336 4,2657
4,6471 4,6799
5,2363 5,2695
96 10:39
4,5175 4,5496
4,2336 4,2657
4,6466 4,6794
5,2375 5,2707
97 10:40
4,5203 4,5524
4,2381 4,2702
4,6495 4,6823
5,2411 5,2743
98 10:41
4,5206 4,5527
4,2381 4,2702
4,6498 4,6826
5,2414 5,2746
99 10:42
4,5226 4,5547
4,2410 4,2731
4,6528 4,6856
5,2441 5,2773
100 10:43
4,5225 4,5546
4,2409 4,2730
4,6524 4,6852
5,2439 5,2771
101 10:44
4,5225 4,5546
4,2405 4,2726
4,6525 4,6853
5,2433 5,2765
102 10:45
4,5236 4,5557
4,2415 4,2736
4,6530 4,6858
5,2439 5,2771
103 10:46
4,5242 4,5563
4,2421 4,2742
4,6537 4,6865
5,2446 5,2778
104 10:47
4,5242 4,5563
4,2429 4,2750
4,6540 4,6868
5,2447 5,2779
105 10:48
4,5239 4,5560
4,2423 4,2744
4,6539 4,6867
5,2443 5,2775
106 10:49
4,5240 4,5561
4,2427 4,2748
4,6543 4,6871
5,2441 5,2773
107 10:50
4,5241 4,5562
4,2424 4,2745
4,6534 4,6862
5,2445 5,2777
108 10:51
4,5223 4,5544
4,2407 4,2728
4,6516 4,6844
5,2422 5,2754
109 10:52
4,5216 4,5537
4,2403 4,2724
4,6508 4,6836
5,2420 5,2752
110 10:53
4,5216 4,5537
4,2407 4,2728
4,6513 4,6841
5,2417 5,2749
111 10:54
4,5213 4,5534
4,2412 4,2733
4,6510 4,6838
5,2410 5,2742
112 10:55
4,5213 4,5534
4,2408 4,2729
4,6509 4,6837
5,2401 5,2733
113 10:56
4,5194 4,5515
4,2392 4,2713
4,6495 4,6823
5,2377 5,2709
114 10:57
4,5200 4,5521
4,2398 4,2719
4,6509 4,6837
5,2392 5,2724
115 10:58
4,5203 4,5524
4,2403 4,2724
4,6512 4,6840
5,2395 5,2727
116 10:59
4,5201 4,5522
4,2405 4,2726
4,6531 4,6859
5,2408 5,2740
117 11:00
4,5201 4,5522
4,2401 4,2722
4,6526 4,6854
5,2408 5,2740
118 11:01
4,5217 4,5538
4,2394 4,2715
4,6538 4,6866
5,2415 5,2747
119 11:02
4,5214 4,5535
4,2381 4,2702
4,6523 4,6851
5,2411 5,2743
120 11:03
4,5211 4,5532
4,2382 4,2703
4,6532 4,6860
5,2408 5,2740
121 11:04
4,5216 4,5537
4,2386 4,2707
4,6537 4,6865
5,2413 5,2745
122 11:05
4,5216 4,5537
4,2384 4,2705
4,6537 4,6865
5,2413 5,2745
123 11:06
4,5216 4,5537
4,2385 4,2706
4,6534 4,6862
5,2406 5,2738
124 11:07
4,5230 4,5551
4,2397 4,2718
4,6551 4,6879
5,2420 5,2752
125 11:08
4,5242 4,5563
4,2403 4,2724
4,6564 4,6892
5,2451 5,2783
126 11:09
4,5242 4,5563
4,2405 4,2726
4,6564 4,6892
5,2452 5,2784
127 11:10
4,5240 4,5561
4,2409 4,2730
4,6562 4,6890
5,2449 5,2781
128 11:11
4,5241 4,5562
4,2416 4,2737
4,6567 4,6896
5,2449 5,2781
129 11:12
4,5241 4,5562
4,2429 4,2750
4,6567 4,6896
5,2440 5,2772
130 11:13
4,5239 4,5560
4,2426 4,2747
4,6574 4,6903
5,2437 5,2769
131 11:14
4,5239 4,5560
4,2426 4,2747
4,6574 4,6903
5,2430 5,2762
132 11:15
4,5226 4,5547
4,2412 4,2733
4,6560 4,6889
5,2417 5,2749
133 11:16
4,5226 4,5547
4,2406 4,2727
4,6552 4,6882
5,2413 5,2745
134 11:17
4,5235 4,5556
4,2417 4,2738
4,6561 4,6891
5,2426 5,2758
135 11:18
4,5234 4,5555
4,2430 4,2751
4,6559 4,6889
5,2431 5,2763
136 11:19
4,5236 4,5557
4,2432 4,2753
4,6562 4,6892
5,2434 5,2766
137 11:20
4,5235 4,5556
4,2427 4,2748
4,6559 4,6889
5,2433 5,2765
138 11:21
4,5235 4,5556
4,2424 4,2745
4,6561 4,6891
5,2433 5,2765
139 11:22
4,5233 4,5554
4,2413 4,2734
4,6558 4,6888
5,2430 5,2762
140 11:23
4,5233 4,5554
4,2419 4,2740
4,6561 4,6891
5,2433 5,2765
141 11:24
4,5233 4,5554
4,2417 4,2738
4,6558 4,6888
5,2427 5,2759
142 11:25
4,5233 4,5554
4,2417 4,2738
4,6558 4,6888
5,2433 5,2765
143 11:26
4,5233 4,5554
4,2411 4,2732
4,6562 4,6890
5,2434 5,2766
144 11:27
4,5228 4,5549
4,2392 4,2713
4,6554 4,6882
5,2426 5,2758
145 11:28
4,5230 4,5551
4,2394 4,2715
4,6556 4,6884
5,2427 5,2759
146 11:29
4,5227 4,5548
4,2387 4,2708
4,6551 4,6879
5,2426 5,2758
147 11:30
4,5237 4,5558
4,2385 4,2706
4,6559 4,6887
5,2429 5,2761
148 11:31
4,5238 4,5559
4,2391 4,2712
4,6545 4,6873
5,2424 5,2756
149 11:32
4,5235 4,5556
4,2387 4,2708
4,6542 4,6870
5,2408 5,2740
150 11:33
4,5240 4,5561
4,2387 4,2708
4,6543 4,6871
5,2420 5,2752
151 11:34
4,5238 4,5559
4,2391 4,2712
4,6541 4,6869
5,2427 5,2759
152 11:35
4,5238 4,5559
4,2380 4,2701
4,6533 4,6861
5,2430 5,2762
153 11:36
4,5238 4,5559
4,2378 4,2699
4,6536 4,6864
5,2430 5,2762
154 11:37
4,5259 4,5580
4,2395 4,2716
4,6538 4,6866
5,2454 5,2786
155 11:38
4,5261 4,5582
4,2401 4,2722
4,6543 4,6871
5,2462 5,2794
156 11:39
4,5254 4,5575
4,2398 4,2719
4,6538 4,6866
5,2461 5,2793
157 11:40
4,5252 4,5573
4,2397 4,2718
4,6529 4,6857
5,2452 5,2784
158 11:41
4,5253 4,5574
4,2388 4,2709
4,6530 4,6858
5,2451 5,2783
159 11:42
4,5258 4,5579
4,2392 4,2713
4,6535 4,6863
5,2456 5,2788
160 11:43
4,5261 4,5582
4,2395 4,2716
4,6526 4,6854
5,2461 5,2793
161 11:44
4,5246 4,5567
4,2379 4,2700
4,6510 4,6838
5,2448 5,2780
162 11:45
4,5247 4,5568
4,2384 4,2705
4,6519 4,6847
5,2452 5,2784
163 11:46
4,5250 4,5571
4,2387 4,2708
4,6519 4,6847
5,2462 5,2794
164 11:47
4,5245 4,5566
4,2392 4,2713
4,6514 4,6842
5,2451 5,2783
165 11:48
4,5268 4,5589
4,2417 4,2738
4,6533 4,6861
5,2476 5,2808
166 11:49
4,5274 4,5595
4,2424 4,2745
4,6540 4,6868
5,2478 5,2810
167 11:50
4,5278 4,5599
4,2424 4,2745
4,6543 4,6871
5,2482 5,2814
168 11:51
4,5276 4,5597
4,2423 4,2744
4,6540 4,6869
5,2477 5,2809
169 11:52
4,5258 4,5579
4,2402 4,2723
4,6557 4,6886
5,2453 5,2785
170 11:53
4,5251 4,5572
4,2397 4,2718
4,6547 4,6876
5,2445 5,2777
171 11:54
4,5266 4,5587
4,2418 4,2739
4,6562 4,6891
5,2462 5,2794
172 11:55
4,5261 4,5582
4,2411 4,2732
4,6557 4,6886
5,2456 5,2788
173 11:56
4,5261 4,5582
4,2407 4,2728
4,6558 4,6888
5,2455 5,2787
174 11:57
4,5261 4,5582
4,2407 4,2728
4,6563 4,6893
5,2444 5,2776
175 11:58
4,5248 4,5569
4,2393 4,2714
4,6550 4,6880
5,2423 5,2755
176 11:59
4,5250 4,5571
4,2393 4,2714
4,6552 4,6882
5,2422 5,2754
177 12:00
4,5253 4,5574
4,2390 4,2711
4,6553 4,6883
5,2415 5,2747
178 12:01
4,5253 4,5574
4,2389 4,2710
4,6550 4,6880
5,2423 5,2755
179 12:02
4,5253 4,5574
4,2392 4,2713
4,6550 4,6880
5,2426 5,2758
180 12:03
4,5253 4,5574
4,2394 4,2715
4,6550 4,6880
5,2429 5,2761
181 12:04
4,5255 4,5576
4,2399 4,2720
4,6552 4,6882
5,2438 5,2770
182 12:05
4,5255 4,5576
4,2401 4,2722
4,6550 4,6880
5,2438 5,2770
183 12:06
4,5255 4,5576
4,2401 4,2722
4,6547 4,6877
5,2431 5,2763
184 12:07
4,5256 4,5577
4,2400 4,2721
4,6549 4,6879
5,2436 5,2768
185 12:08
4,5254 4,5575
4,2398 4,2719
4,6544 4,6874
5,2424 5,2756
186 12:09
4,5258 4,5579
4,2394 4,2715
4,6553 4,6883
5,2429 5,2761
187 12:10
4,5253 4,5574
4,2390 4,2711
4,6548 4,6878
5,2417 5,2749
188 12:11
4,5252 4,5573
4,2389 4,2710
4,6547 4,6877
5,2419 5,2751
189 12:12
4,5249 4,5570
4,2390 4,2711
4,6544 4,6874
5,2415 5,2747
190 12:13
4,5270 4,5591
4,2414 4,2735
4,6565 4,6895
5,2443 5,2775
191 12:14
4,5271 4,5592
4,2422 4,2743
4,6566 4,6896
5,2441 5,2773
192 12:15
4,5277 4,5598
4,2428 4,2749
4,6568 4,6898
5,2447 5,2779
193 12:16
4,5277 4,5598
4,2426 4,2747
4,6569 4,6897
5,2447 5,2779
194 12:17
4,5278 4,5599
4,2435 4,2756
4,6570 4,6898
5,2448 5,2780
195 12:18
4,5277 4,5598
4,2434 4,2755
4,6559 4,6887
5,2448 5,2780
196 12:19
4,5272 4,5593
4,2423 4,2744
4,6564 4,6892
5,2445 5,2777
197 12:20
4,5269 4,5590
4,2421 4,2742
4,6560 4,6888
5,2441 5,2773
198 12:21
4,5264 4,5585
4,2414 4,2735
4,6555 4,6883
5,2442 5,2774
199 12:22
4,5265 4,5586
4,2423 4,2744
4,6568 4,6896
5,2442 5,2774
200 12:23
4,5269 4,5590
4,2426 4,2747
4,6572 4,6900
5,2462 5,2794
201 12:24
4,5272 4,5593
4,2433 4,2754
4,6576 4,6904
5,2468 5,2800
202 12:25
4,5273 4,5594
4,2430 4,2751
4,6581 4,6909
5,2467 5,2799
203 12:26
4,5268 4,5590
4,2422 4,2743
4,6575 4,6905
5,2459 5,2791
204 12:27
4,5264 4,5586
4,2412 4,2733
4,6571 4,6901
5,2454 5,2786
205 12:28
4,5265 4,5587
4,2413 4,2734
4,6572 4,6902
5,2455 5,2787
206 12:29
4,5250 4,5572
4,2395 4,2716
4,6554 4,6884
5,2425 5,2757
207 12:30
4,5251 4,5573
4,2396 4,2717
4,6555 4,6885
5,2427 5,2759
208 12:31
4,5250 4,5572
4,2391 4,2712
4,6552 4,6882
5,2425 5,2757
209 12:32
4,5242 4,5564
4,2377 4,2698
4,6544 4,6874
5,2416 5,2748
210 12:33
4,5245 4,5567
4,2374 4,2695
4,6544 4,6874
5,2420 5,2752
211 12:34
4,5248 4,5570
4,2375 4,2696
4,6540 4,6870
5,2412 5,2744
212 12:35
4,5241 4,5563
4,2368 4,2689
4,6533 4,6863
5,2409 5,2741
213 12:36
4,5235 4,5557
4,2365 4,2686
4,6528 4,6856
5,2396 5,2728
214 12:37
4,5230 4,5552
4,2356 4,2677
4,6523 4,6851
5,2389 5,2721
215 12:38
4,5229 4,5551
4,2355 4,2676
4,6522 4,6850
5,2401 5,2733
216 12:39
4,5233 4,5555
4,2365 4,2686
4,6531 4,6859
5,2406 5,2738
217 12:40
4,5236 4,5558
4,2368 4,2689
4,6533 4,6861
5,2409 5,2741
218 12:41
4,5236 4,5559
4,2373 4,2694
4,6535 4,6863
5,2417 5,2749
219 12:42
4,5236 4,5559
4,2373 4,2694
4,6540 4,6868
5,2417 5,2749
220 12:43
4,5236 4,5559
4,2373 4,2694
4,6537 4,6865
5,2419 5,2751
221 12:44
4,5236 4,5559
4,2365 4,2686
4,6537 4,6865
5,2417 5,2749
222 12:45
4,5232 4,5555
4,2361 4,2682
4,6533 4,6861
5,2412 5,2744
223 12:46
4,5231 4,5553
4,2357 4,2678
4,6525 4,6853
5,2410 5,2742
224 12:47
4,5231 4,5553
4,2361 4,2682
4,6521 4,6849
5,2416 5,2748
225 12:48
4,5232 4,5554
4,2362 4,2683
4,6522 4,6850
5,2417 5,2749
226 12:49
4,5232 4,5554
4,2362 4,2683
4,6525 4,6853
5,2407 5,2739
227 12:50
4,5237 4,5559
4,2367 4,2688
4,6530 4,6858
5,2414 5,2746
228 12:51
4,5233 4,5555
4,2363 4,2684
4,6524 4,6852
5,2406 5,2738
229 12:52
4,5232 4,5554
4,2356 4,2677
4,6522 4,6850
5,2402 5,2734
230 12:53
4,5229 4,5551
4,2361 4,2682
4,6524 4,6852
5,2398 5,2730
231 12:54
4,5225 4,5547
4,2361 4,2682
4,6521 4,6849
5,2393 5,2725
232 12:55
4,5224 4,5546
4,2360 4,2681
4,6520 4,6848
5,2392 5,2724
233 12:56
4,5224 4,5546
4,2364 4,2685
4,6520 4,6850
5,2389 5,2721
234 12:57
4,5230 4,5552
4,2372 4,2693
4,6527 4,6857
5,2393 5,2725
235 12:58
4,5230 4,5552
4,2374 4,2695
4,6534 4,6864
5,2396 5,2728
236 12:59
4,5231 4,5553
4,2369 4,2690
4,6532 4,6862
5,2403 5,2735
237 13:00
4,5231 4,5553
4,2369 4,2690
4,6532 4,6862
5,2419 5,2751
238 13:01
4,5231 4,5553
4,2365 4,2686
4,6533 4,6861
5,2419 5,2751
239 13:02
4,5213 4,5535
4,2343 4,2664
4,6511 4,6839
5,2380 5,2712
240 13:03
4,5212 4,5534
4,2333 4,2654
4,6509 4,6837
5,2369 5,2701
241 13:04
4,5203 4,5525
4,2324 4,2645
4,6496 4,6824
5,2353 5,2685
242 13:05
4,5202 4,5524
4,2334 4,2655
4,6496 4,6824
5,2352 5,2684
243 13:06
4,5199 4,5521
4,2325 4,2646
4,6498 4,6826
5,2352 5,2684
244 13:07
4,5206 4,5528
4,2338 4,2659
4,6505 4,6833
5,2359 5,2691
245 13:08
4,5201 4,5523
4,2339 4,2660
4,6498 4,6826
5,2362 5,2694
246 13:09
4,5188 4,5510
4,2317 4,2638
4,6485 4,6813
5,2350 5,2682
247 13:10
4,5190 4,5512
4,2323 4,2644
4,6489 4,6817
5,2350 5,2682
248 13:11
4,5190 4,5512
4,2327 4,2648
4,6489 4,6817
5,2351 5,2683
249 13:12
4,5186 4,5508
4,2327 4,2648
4,6485 4,6813
5,2349 5,2681
250 13:13
4,5187 4,5509
4,2317 4,2638
4,6485 4,6813
5,2343 5,2675
251 13:14
4,5190 4,5512
4,2319 4,2640
4,6493 4,6821
5,2351 5,2683
252 13:15
4,5194 4,5516
4,2322 4,2643
4,6498 4,6826
5,2358 5,2690
253 13:16
4,5194 4,5516
4,2322 4,2643
4,6498 4,6826
5,2358 5,2690
254 13:17
4,5185 4,5507
4,2314 4,2635
4,6486 4,6814
5,2347 5,2679
255 13:18
4,5185 4,5507
4,2310 4,2631
4,6486 4,6814
5,2353 5,2685
256 13:19
4,5186 4,5508
4,2305 4,2626
4,6477 4,6805
5,2364 5,2696
257 13:20
4,5187 4,5509
4,2312 4,2633
4,6478 4,6806
5,2359 5,2691
258 13:21
4,5189 4,5511
4,2306 4,2627
4,6485 4,6813
5,2361 5,2693
259 13:22
4,5189 4,5511
4,2310 4,2631
4,6485 4,6813
5,2360 5,2692
260 13:23
4,5191 4,5513
4,2314 4,2635
4,6487 4,6815
5,2357 5,2689
261 13:24
4,5191 4,5513
4,2316 4,2637
4,6473 4,6801
5,2357 5,2689
262 13:25
4,5194 4,5516
4,2312 4,2633
4,6476 4,6804
5,2361 5,2693
263 13:26
4,5194 4,5516
4,2312 4,2633
4,6476 4,6804
5,2367 5,2699
264 13:27
4,5194 4,5516
4,2314 4,2635
4,6476 4,6804
5,2361 5,2693
265 13:28
4,5197 4,5519
4,2315 4,2636
4,6479 4,6807
5,2379 5,2711
266 13:29
4,5201 4,5523
4,2319 4,2640
4,6483 4,6811
5,2381 5,2713
267 13:30
4,5206 4,5528
4,2324 4,2645
4,6503 4,6831
5,2382 5,2714
268 13:31
4,5209 4,5531
4,2317 4,2638
4,6506 4,6836
5,2381 5,2713
269 13:32
4,5179 4,5501
4,2288 4,2609
4,6475 4,6805
5,2348 5,2680
270 13:33
4,5199 4,5521
4,2307 4,2628
4,6496 4,6826
5,2367 5,2699
271 13:34
4,5203 4,5525
4,2311 4,2632
4,6500 4,6830
5,2371 5,2703
272 13:35
4,5204 4,5526
4,2312 4,2633
4,6484 4,6814
5,2372 5,2704
273 13:36
4,5203 4,5525
4,2301 4,2622
4,6485 4,6813
5,2372 5,2704
274 13:37
4,5203 4,5525
4,2307 4,2628
4,6483 4,6811
5,2371 5,2703
275 13:38
4,5200 4,5522
4,2292 4,2613
4,6480 4,6808
5,2367 5,2699
276 13:39
4,5202 4,5524
4,2298 4,2619
4,6470 4,6798
5,2364 5,2696
277 13:40
4,5210 4,5532
4,2311 4,2632
4,6473 4,6801
5,2373 5,2705
278 13:41
4,5210 4,5532
4,2315 4,2636
4,6473 4,6801
5,2370 5,2702
279 13:42
4,5210 4,5532
4,2315 4,2636
4,6473 4,6801
5,2361 5,2693
280 13:43
4,5206 4,5528
4,2304 4,2625
4,6481 4,6809
5,2356 5,2688
281 13:44
4,5204 4,5526
4,2310 4,2631
4,6482 4,6810
5,2351 5,2683
282 13:45
4,5209 4,5531
4,2322 4,2643
4,6499 4,6827
5,2357 5,2689
283 13:46
4,5209 4,5530
4,2322 4,2643
4,6501 4,6829
5,2357 5,2689
284 13:47
4,5211 4,5532
4,2322 4,2643
4,6501 4,6829
5,2359 5,2691
285 13:48
4,5212 4,5533
4,2325 4,2646
4,6502 4,6830
5,2357 5,2689
286 13:49
4,5212 4,5533
4,2325 4,2646
4,6504 4,6832
5,2354 5,2686
287 13:50
4,5216 4,5537
4,2329 4,2650
4,6506 4,6834
5,2359 5,2691
288 13:51
4,5215 4,5537
4,2336 4,2657
4,6505 4,6835
5,2361 5,2693
289 13:52
4,5213 4,5535
4,2332 4,2653
4,6502 4,6832
5,2355 5,2687
290 13:53
4,5214 4,5536
4,2335 4,2656
4,6505 4,6835
5,2363 5,2695
291 13:54
4,5210 4,5532
4,2329 4,2650
4,6503 4,6833
5,2355 5,2687
292 13:55
4,5210 4,5532
4,2329 4,2650
4,6503 4,6833
5,2358 5,2690
293 13:56
4,5210 4,5532
4,2327 4,2648
4,6504 4,6832
5,2352 5,2684
294 13:57
4,5205 4,5527
4,2323 4,2644
4,6495 4,6823
5,2346 5,2678
295 13:58
4,5209 4,5531
4,2326 4,2647
4,6499 4,6827
5,2351 5,2683
296 13:59
4,5206 4,5528
4,2325 4,2646
4,6495 4,6823
5,2347 5,2679
297 14:00
4,5206 4,5528
4,2325 4,2646
4,6495 4,6823
5,2346 5,2678
298 14:01
4,5207 4,5529
4,2324 4,2645
4,6503 4,6833
5,2351 5,2683
299 14:02
4,5206 4,5528
4,2324 4,2645
4,6502 4,6832
5,2354 5,2686
300 14:03
4,5202 4,5524
4,2326 4,2647
4,6498 4,6828
5,2349 5,2681
301 14:04
4,5200 4,5522
4,2312 4,2633
4,6496 4,6826
5,2346 5,2678
302 14:05
4,5205 4,5527
4,2317 4,2638
4,6493 4,6823
5,2352 5,2684
303 14:06
4,5201 4,5523
4,2311 4,2632
4,6488 4,6816
5,2342 5,2674
304 14:07
4,5201 4,5523
4,2311 4,2632
4,6483 4,6811
5,2345 5,2677
305 14:08
4,5206 4,5528
4,2314 4,2635
4,6484 4,6812
5,2350 5,2682
306 14:09
4,5206 4,5528
4,2312 4,2633
4,6486 4,6814
5,2353 5,2685
307 14:10
4,5189 4,5511
4,2300 4,2621
4,6466 4,6794
5,2325 5,2657
308 14:11
4,5194 4,5516
4,2300 4,2621
4,6469 4,6798
5,2331 5,2663
309 14:12
4,5195 4,5517
4,2289 4,2610
4,6470 4,6799
5,2339 5,2671
310 14:13
4,5195 4,5517
4,2291 4,2612
4,6465 4,6794
5,2340 5,2672
311 14:14
4,5195 4,5517
4,2291 4,2612
4,6476 4,6805
5,2340 5,2672
312 14:15
4,5199 4,5521
4,2295 4,2616
4,6467 4,6796
5,2346 5,2678
313 14:16
4,5200 4,5521
4,2296 4,2617
4,6468 4,6796
5,2340 5,2672
314 14:17
4,5198 4,5519
4,2290 4,2611
4,6468 4,6796
5,2337 5,2669
315 14:18
4,5194 4,5515
4,2288 4,2609
4,6464 4,6792
5,2333 5,2665
316 14:19
4,5192 4,5513
4,2287 4,2608
4,6464 4,6792
5,2331 5,2663
317 14:20
4,5196 4,5517
4,2298 4,2619
4,6471 4,6799
5,2342 5,2674
318 14:21
4,5201 4,5523
4,2303 4,2624
4,6469 4,6797
5,2350 5,2682
319 14:22
4,5202 4,5524
4,2314 4,2635
4,6470 4,6798
5,2352 5,2684
320 14:23
4,5202 4,5524
4,2310 4,2631
4,6470 4,6798
5,2355 5,2687
321 14:24
4,5204 4,5526
4,2312 4,2633
4,6470 4,6798
5,2357 5,2689
322 14:25
4,5204 4,5526
4,2320 4,2641
4,6470 4,6798
5,2351 5,2683
323 14:26
4,5207 4,5529
4,2323 4,2644
4,6473 4,6802
5,2354 5,2686
324 14:27
4,5218 4,5540
4,2337 4,2658
4,6486 4,6815
5,2367 5,2699
325 14:28
4,5215 4,5537
4,2330 4,2651
4,6481 4,6810
5,2385 5,2717
326 14:29
4,5206 4,5528
4,2320 4,2641
4,6472 4,6801
5,2375 5,2707
327 14:30
4,5206 4,5528
4,2316 4,2637
4,6472 4,6801
5,2375 5,2707
328 14:31
4,5199 4,5521
4,2311 4,2632
4,6463 4,6793
5,2369 5,2701
329 14:32
4,5198 4,5520
4,2310 4,2631
4,6462 4,6792
5,2377 5,2709
330 14:33
4,5198 4,5520
4,2310 4,2631
4,6461 4,6791
5,2377 5,2709
331 14:34
4,5198 4,5520
4,2310 4,2631
4,6460 4,6790
5,2384 5,2716
332 14:35
4,5198 4,5520
4,2318 4,2639
4,6458 4,6788
5,2380 5,2712
333 14:36
4,5186 4,5508
4,2295 4,2616
4,6441 4,6769
5,2359 5,2691
334 14:37
4,5183 4,5505
4,2296 4,2617
4,6441 4,6769
5,2354 5,2686
335 14:38
4,5180 4,5502
4,2283 4,2604
4,6436 4,6764
5,2347 5,2679
336 14:39
4,5174 4,5496
4,2278 4,2599
4,6427 4,6755
5,2341 5,2673
337 14:40
4,5178 4,5500
4,2278 4,2599
4,6431 4,6759
5,2330 5,2662
338 14:41
4,5172 4,5494
4,2278 4,2599
4,6425 4,6753
5,2326 5,2658
339 14:42
4,5170 4,5492
4,2274 4,2595
4,6423 4,6751
5,2324 5,2656
340 14:43
4,5167 4,5489
4,2275 4,2596
4,6419 4,6747
5,2317 5,2649
341 14:44
4,5166 4,5488
4,2272 4,2593
4,6418 4,6746
5,2316 5,2648
342 14:45
4,5202 4,5524
4,2300 4,2621
4,6460 4,6788
5,2358 5,2690
343 14:46
4,5181 4,5503
4,2292 4,2613
4,6439 4,6767
5,2342 5,2674
344 14:47
4,5198 4,5520
4,2302 4,2623
4,6450 4,6778
5,2353 5,2685
345 14:48
4,5199 4,5521
4,2305 4,2626
4,6445 4,6773
5,2351 5,2683
346 14:49
4,5197 4,5519
4,2305 4,2626
4,6443 4,6771
5,2346 5,2678
347 14:50
4,5200 4,5522
4,2308 4,2629
4,6446 4,6774
5,2349 5,2681
348 14:51
4,5199 4,5521
4,2295 4,2616
4,6440 4,6770
5,2348 5,2680
349 14:52
4,5194 4,5516
4,2287 4,2608
4,6435 4,6765
5,2343 5,2675
350 14:53
4,5196 4,5518
4,2288 4,2609
4,6437 4,6767
5,2336 5,2668
351 14:54
4,5195 4,5517
4,2288 4,2609
4,6430 4,6760
5,2334 5,2666
352 14:55
4,5198 4,5520
4,2297 4,2618
4,6438 4,6768
5,2341 5,2673
353 14:56
4,5198 4,5520
4,2296 4,2617
4,6469 4,6797
5,2344 5,2676
354 14:57
4,5199 4,5521
4,2305 4,2626
4,6462 4,6790
5,2335 5,2667
355 14:58
4,5210 4,5532
4,2315 4,2636
4,6473 4,6801
5,2352 5,2684
356 14:59
4,5197 4,5519
4,2316 4,2637
4,6465 4,6793
5,2350 5,2682
357 15:00
4,5203 4,5525
4,2321 4,2642
4,6467 4,6795
5,2350 5,2682
358 15:01
4,5203 4,5525
4,2321 4,2642
4,6468 4,6798
5,2352 5,2684
359 15:02
4,5198 4,5520
4,2320 4,2641
4,6455 4,6785
5,2344 5,2676
360 15:03
4,5202 4,5524
4,2322 4,2643
4,6459 4,6789
5,2348 5,2680
361 15:04
4,5202 4,5524
4,2328 4,2649
4,6453 4,6783
5,2349 5,2681
362 15:05
4,5202 4,5524
4,2326 4,2647
4,6450 4,6780
5,2355 5,2687
363 15:06
4,5194 4,5516
4,2307 4,2628
4,6443 4,6771
5,2333 5,2665
364 15:07
4,5194 4,5516
4,2303 4,2624
4,6443 4,6771
5,2339 5,2671
365 15:08
4,5194 4,5516
4,2300 4,2621
4,6443 4,6771
5,2343 5,2675
366 15:09
4,5200 4,5522
4,2306 4,2627
4,6449 4,6777
5,2352 5,2684
367 15:10
4,5198 4,5520
4,2304 4,2625
4,6447 4,6775
5,2343 5,2675
368 15:11
4,5197 4,5519
4,2303 4,2624
4,6451 4,6781
5,2340 5,2672
369 15:12
4,5199 4,5521
4,2291 4,2612
4,6456 4,6786
5,2348 5,2680
370 15:13
4,5193 4,5515
4,2300 4,2621
4,6448 4,6778
5,2341 5,2673
371 15:14
4,5189 4,5511
4,2286 4,2607
4,6442 4,6772
5,2337 5,2669
372 15:15
4,5189 4,5511
4,2296 4,2617
4,6446 4,6776
5,2336 5,2668
373 15:16
4,5188 4,5510
4,2295 4,2616
4,6445 4,6775
5,2335 5,2667
374 15:17
4,5187 4,5509
4,2284 4,2605
4,6444 4,6774
5,2334 5,2666
375 15:18
4,5186 4,5508
4,2285 4,2606
4,6438 4,6768
5,2333 5,2665
376 15:19
4,5186 4,5508
4,2277 4,2598
4,6433 4,6763
5,2342 5,2674
377 15:20
4,5186 4,5508
4,2279 4,2600
4,6433 4,6763
5,2348 5,2680
378 15:21
4,5193 4,5515
4,2296 4,2617
4,6442 4,6770
5,2353 5,2685
379 15:22
4,5193 4,5515
4,2296 4,2617
4,6439 4,6767
5,2353 5,2685
380 15:23
4,5191 4,5513
4,2294 4,2615
4,6437 4,6765
5,2351 5,2683
381 15:24
4,5191 4,5513
4,2302 4,2623
4,6435 4,6763
5,2351 5,2683
382 15:25
4,5189 4,5511
4,2296 4,2617
4,6433 4,6761
5,2373 5,2705
383 15:26
4,5191 4,5513
4,2304 4,2625
4,6442 4,6771
5,2382 5,2714
384 15:27
4,5194 4,5516
4,2306 4,2627
4,6445 4,6774
5,2385 5,2717
385 15:28
4,5194 4,5516
4,2306 4,2627
4,6445 4,6774
5,2385 5,2717
386 15:29
4,5194 4,5516
4,2302 4,2623
4,6447 4,6776
5,2392 5,2724
387 15:30
4,5192 4,5514
4,2288 4,2609
4,6445 4,6774
5,2385 5,2717
388 15:31
4,5192 4,5514
4,2283 4,2604
4,6439 4,6769
5,2389 5,2721
389 15:32
4,5192 4,5514
4,2283 4,2604
4,6440 4,6770
5,2395 5,2727
390 15:33
4,5192 4,5514
4,2283 4,2604
4,6442 4,6772
5,2401 5,2733
391 15:34
4,5191 4,5513
4,2288 4,2609
4,6441 4,6771
5,2393 5,2725
392 15:35
4,5191 4,5513
4,2278 4,2599
4,6438 4,6768
5,2394 5,2726
393 15:36
4,5187 4,5509
4,2268 4,2589
4,6434 4,6764
5,2389 5,2721
394 15:37
4,5181 4,5503
4,2263 4,2584
4,6421 4,6751
5,2391 5,2723
395 15:38
4,5178 4,5500
4,2258 4,2579
4,6418 4,6748
5,2403 5,2735
396 15:39
4,5174 4,5496
4,2252 4,2573
4,6402 4,6732
5,2401 5,2733
397 15:40
4,5174 4,5496
4,2252 4,2573
4,6392 4,6722
5,2408 5,2740
398 15:41
4,5174 4,5496
4,2246 4,2567
4,6387 4,6717
5,2401 5,2733
399 15:42
4,5178 4,5500
4,2246 4,2567
4,6392 4,6722
5,2401 5,2733
400 15:43
4,5172 4,5494
4,2218 4,2539
4,6387 4,6717
5,2400 5,2732
401 15:44
4,5172 4,5494
4,2212 4,2533
4,6390 4,6720
5,2410 5,2742
402 15:45
4,5172 4,5494
4,2212 4,2533
4,6375 4,6705
5,2420 5,2752
403 15:46
4,5172 4,5494
4,2222 4,2543
4,6376 4,6705
5,2422 5,2754
404 15:47
4,5168 4,5490
4,2225 4,2546
4,6378 4,6707
5,2407 5,2739
405 15:48
4,5172 4,5494
4,2232 4,2553
4,6381 4,6710
5,2408 5,2740
406 15:49
4,5171 4,5493
4,2223 4,2544
4,6369 4,6698
5,2392 5,2724
407 15:50
4,5171 4,5493
4,2223 4,2544
4,6376 4,6705
5,2398 5,2730
408 15:51
4,5173 4,5495
4,2217 4,2538
4,6378 4,6706
5,2400 5,2733
409 15:52
4,5173 4,5495
4,2217 4,2538
4,6385 4,6713
5,2409 5,2742
410 15:53
4,5173 4,5495
4,2235 4,2556
4,6385 4,6713
5,2400 5,2733
411 15:54
4,5173 4,5495
4,2243 4,2564
4,6385 4,6713
5,2394 5,2727
412 15:55
4,5189 4,5511
4,2254 4,2575
4,6401 4,6729
5,2413 5,2746
413 15:56
4,5194 4,5516
4,2273 4,2594
4,6374 4,6704
5,2422 5,2754
414 15:57
4,5194 4,5516
4,2269 4,2590
4,6388 4,6718
5,2422 5,2754
415 15:58
4,5195 4,5517
4,2269 4,2590
4,6388 4,6718
5,2435 5,2767
416 15:59
4,5195 4,5517
4,2276 4,2597
4,6388 4,6718
5,2426 5,2758
417 16:00
4,5186 4,5508
4,2268 4,2589
4,6393 4,6723
5,2416 5,2748
418 16:01
4,5185 4,5507
4,2327 4,2648
4,6392 4,6720
5,2414 5,2746
419 16:02
4,5191 4,5513
4,2334 4,2655
4,6407 4,6735
5,2412 5,2744
