#======================
2023-6-30
# 1.EUR, 2.USD, 3.CHF, 4.GBP
Sell Price, Buy Price
1 13:38
4,4252 4,4576
4,0777 4,1100
4,5271 4,5601
5,1596 5,1931
2 13:39
4,4243 4,4567
4,0764 4,1090
4,5259 4,5589
5,1591 5,1926
3 13:40
4,4241 4,4565
4,0761 4,1085
4,5255 4,5585
5,1589 5,1924
4 13:41
4,4241 4,4565
4,0759 4,1082
4,5252 4,5582
5,1588 5,1923
5 13:42
4,4238 4,4562
4,0755 4,1080
4,5246 4,5578
5,1578 5,1913
6 13:43
4,4205 4,4531
4,0723 4,1053
4,5217 4,5547
5,1545 5,1880
7 13:44
4,4206 4,4531
4,0730 4,1056
4,5212 4,5546
5,1542 5,1877
8 13:45
4,4205 4,4529
4,0729 4,1054
4,5212 4,5542
5,1526 5,1861
9 13:46
4,4205 4,4529
4,0726 4,1049
4,5206 4,5537
5,1521 5,1856
10 13:47
4,4201 4,4527
4,0725 4,1052
4,5204 4,5536
5,1512 5,1849
11 13:48
4,4200 4,4527
4,0724 4,1052
4,5206 4,5540
5,1517 5,1854
12 13:49
4,4196 4,4520
4,0718 4,1041
4,5196 4,5527
5,1513 5,1848
13 13:50
4,4193 4,4519
4,0718 4,1046
4,5196 4,5528
5,1516 5,1854
14 13:51
4,4198 4,4524
4,0722 4,1049
4,5200 4,5537
5,1515 5,1852
15 13:52
4,4198 4,4524
4,0719 4,1046
4,5198 4,5529
5,1521 5,1858
16 13:53
4,4193 4,4519
4,0712 4,1042
4,5192 4,5524
5,1523 5,1859
17 13:54
4,4194 4,4518
4,0709 4,1033
4,5182 4,5513
5,1521 5,1856
18 13:55
4,4193 4,4517
4,0708 4,1032
4,5181 4,5512
5,1515 5,1850
19 13:56
4,4201 4,4525
4,0717 4,1040
4,5187 4,5518
5,1524 5,1859
20 13:57
4,4202 4,4526
4,0712 4,1035
4,5185 4,5516
5,1532 5,1867
21 13:58
4,4197 4,4521
4,0713 4,1038
4,5180 4,5511
5,1538 5,1873
22 13:59
4,4192 4,4516
4,0718 4,1042
4,5175 4,5506
5,1532 5,1867
23 14:00
4,4192 4,4516
4,0715 4,1039
4,5170 4,5501
5,1534 5,1869
24 14:01
4,4191 4,4515
4,0715 4,1041
4,5169 4,5499
5,1531 5,1866
25 14:02
4,4198 4,4522
4,0720 4,1044
4,5167 4,5497
5,1539 5,1874
26 14:03
4,4193 4,4517
4,0700 4,1027
4,5153 4,5483
5,1523 5,1858
27 14:04
4,4190 4,4514
4,0697 4,1020
4,5148 4,5478
5,1517 5,1852
28 14:05
4,4189 4,4513
4,0689 4,1014
4,5144 4,5474
5,1508 5,1843
29 14:06
4,4189 4,4515
4,0686 4,1013
4,5145 4,5475
5,1512 5,1847
30 14:07
4,4192 4,4519
4,0684 4,1010
4,5139 4,5470
5,1509 5,1844
31 14:08
4,4194 4,4520
4,0683 4,1006
4,5141 4,5471
5,1522 5,1857
32 14:09
4,4194 4,4520
4,0680 4,1004
4,5146 4,5476
5,1518 5,1853
33 14:10
4,4195 4,4521
4,0674 4,1000
4,5143 4,5473
5,1531 5,1866
34 14:11
4,4197 4,4521
4,0669 4,0998
4,5143 4,5473
5,1526 5,1861
35 14:12
4,4197 4,4521
4,0664 4,0990
4,5143 4,5473
5,1514 5,1849
36 14:13
4,4194 4,4520
4,0644 4,0975
4,5137 4,5468
5,1511 5,1848
37 14:14
4,4196 4,4522
4,0653 4,0984
4,5142 4,5474
5,1523 5,1858
38 14:15
4,4198 4,4523
4,0657 4,0984
4,5144 4,5475
5,1527 5,1863
39 14:16
4,4199 4,4523
4,0664 4,0991
4,5150 4,5480
5,1528 5,1863
40 14:17
4,4196 4,4521
4,0662 4,0989
4,5151 4,5481
5,1524 5,1859
41 14:18
4,4195 4,4521
4,0657 4,0987
4,5152 4,5486
5,1526 5,1862
42 14:19
4,4169 4,4495
4,0636 4,0963
4,5124 4,5458
5,1495 5,1831
43 14:20
4,4168 4,4494
4,0620 4,0947
4,5124 4,5459
5,1493 5,1830
44 14:21
4,4158 4,4484
4,0614 4,0945
4,5114 4,5446
5,1470 5,1806
45 14:22
4,4158 4,4484
4,0622 4,0950
4,5114 4,5446
5,1467 5,1803
46 14:23
4,4183 4,4508
4,0647 4,0974
4,5138 4,5474
5,1492 5,1828
47 14:24
4,4187 4,4514
4,0641 4,0973
4,5142 4,5475
5,1494 5,1829
48 14:25
4,4200 4,4532
4,0650 4,0984
4,5157 4,5495
5,1506 5,1849
49 14:26
4,4209 4,4540
4,0654 4,0986
4,5174 4,5512
5,1514 5,1852
50 14:27
4,4211 4,4539
4,0653 4,0981
4,5168 4,5506
5,1511 5,1846
51 14:28
4,4210 4,4538
4,0659 4,0989
4,5172 4,5506
5,1512 5,1850
52 14:29
4,4212 4,4539
4,0663 4,0992
4,5177 4,5511
5,1513 5,1851
53 14:30
4,4209 4,4540
4,0660 4,0995
4,5174 4,5519
5,1509 5,1852
54 14:31
4,4208 4,4538
4,0633 4,0964
4,5173 4,5513
5,1515 5,1856
55 14:32
4,4251 4,4586
4,0680 4,1019
4,5211 4,5557
5,1558 5,1905
56 14:33
4,4253 4,4588
4,0669 4,1005
4,5218 4,5564
5,1557 5,1903
57 14:34
4,4242 4,4576
4,0648 4,0983
4,5208 4,5553
5,1544 5,1890
58 14:35
4,4242 4,4572
4,0637 4,0971
4,5202 4,5540
5,1542 5,1877
59 14:36
4,4245 4,4572
4,0643 4,0973
4,5201 4,5533
5,1551 5,1888
60 14:37
4,4247 4,4572
4,0647 4,0977
4,5203 4,5533
5,1571 5,1906
61 14:38
4,4238 4,4566
4,0629 4,0961
4,5200 4,5533
5,1562 5,1901
62 14:39
4,4240 4,4567
4,0626 4,0958
4,5201 4,5535
5,1575 5,1912
63 14:40
4,4242 4,4567
4,0635 4,0965
4,5208 4,5539
5,1566 5,1902
64 14:41
4,4247 4,4571
4,0636 4,0963
4,5216 4,5547
5,1584 5,1919
65 14:42
4,4245 4,4569
4,0633 4,0959
4,5217 4,5548
5,1576 5,1911
66 14:43
4,4238 4,4563
4,0619 4,0949
4,5207 4,5543
5,1576 5,1911
67 14:44
4,4237 4,4563
4,0609 4,0938
4,5215 4,5548
5,1568 5,1903
68 14:45
4,4230 4,4556
4,0612 4,0944
4,5205 4,5537
5,1552 5,1888
69 14:46
4,4235 4,4563
4,0621 4,0951
4,5201 4,5531
5,1546 5,1885
70 14:47
4,4253 4,4577
4,0631 4,0960
4,5228 4,5559
5,1567 5,1902
71 14:48
4,4252 4,4579
4,0624 4,0956
4,5222 4,5556
5,1559 5,1896
72 14:49
4,4250 4,4576
4,0613 4,0942
4,5221 4,5557
5,1557 5,1894
73 14:50
4,4247 4,4573
4,0617 4,0946
4,5218 4,5554
5,1553 5,1888
74 14:51
4,4248 4,4574
4,0625 4,0957
4,5220 4,5551
5,1547 5,1882
75 14:52
4,4246 4,4570
4,0617 4,0946
4,5216 4,5546
5,1536 5,1871
76 14:53
4,4240 4,4567
4,0610 4,0942
4,5205 4,5537
5,1527 5,1863
77 14:54
4,4233 4,4561
4,0615 4,0945
4,5209 4,5542
5,1525 5,1864
78 14:55
4,4237 4,4564
4,0617 4,0947
4,5211 4,5543
5,1528 5,1867
79 14:56
4,4245 4,4571
4,0624 4,0951
4,5221 4,5551
5,1535 5,1871
80 14:57
4,4252 4,4577
4,0617 4,0944
4,5226 4,5558
5,1540 5,1875
81 14:58
4,4249 4,4573
4,0612 4,0941
4,5228 4,5558
5,1549 5,1884
82 14:59
4,4251 4,4575
4,0610 4,0935
4,5228 4,5559
5,1552 5,1887
83 15:00
4,4251 4,4575
4,0609 4,0933
4,5219 4,5549
5,1547 5,1882
84 15:01
4,4243 4,4567
4,0595 4,0919
4,5208 4,5540
5,1534 5,1869
85 15:02
4,4241 4,4565
4,0591 4,0918
4,5210 4,5542
5,1534 5,1869
86 15:03
4,4260 4,4584
4,0614 4,0938
4,5229 4,5561
5,1562 5,1897
87 15:04
4,4261 4,4585
4,0613 4,0940
4,5235 4,5567
5,1555 5,1890
88 15:05
4,4261 4,4585
4,0605 4,0931
4,5239 4,5571
5,1551 5,1886
89 15:06
4,4255 4,4579
4,0599 4,0927
4,5232 4,5563
5,1541 5,1876
90 15:07
4,4262 4,4586
4,0608 4,0934
4,5237 4,5567
5,1547 5,1882
91 15:08
4,4255 4,4579
4,0591 4,0919
4,5225 4,5555
5,1527 5,1862
92 15:09
4,4259 4,4583
4,0588 4,0913
4,5226 4,5556
5,1531 5,1866
93 15:10
4,4262 4,4586
4,0598 4,0927
4,5233 4,5563
5,1539 5,1874
94 15:11
4,4265 4,4589
4,0593 4,0921
4,5239 4,5571
5,1551 5,1886
95 15:12
4,4267 4,4591
4,0598 4,0925
4,5244 4,5579
5,1556 5,1891
96 15:13
4,4276 4,4600
4,0609 4,0935
4,5254 4,5586
5,1557 5,1892
97 15:14
4,4285 4,4609
4,0615 4,0940
4,5264 4,5596
5,1567 5,1902
98 15:15
4,4283 4,4607
4,0610 4,0935
4,5267 4,5599
5,1564 5,1899
99 15:16
4,4277 4,4601
4,0601 4,0926
4,5249 4,5582
5,1558 5,1893
100 15:17
4,4270 4,4594
4,0584 4,0910
4,5240 4,5572
5,1550 5,1885
101 15:18
4,4262 4,4586
4,0572 4,0898
4,5231 4,5563
5,1540 5,1875
102 15:19
4,4260 4,4584
4,0573 4,0902
4,5234 4,5566
5,1550 5,1885
103 15:20
4,4258 4,4582
4,0576 4,0902
4,5237 4,5569
5,1555 5,1890
104 15:21
4,4261 4,4585
4,0582 4,0911
4,5244 4,5576
5,1563 5,1898
105 15:22
4,4259 4,4583
4,0580 4,0908
4,5247 4,5579
5,1557 5,1892
106 15:23
4,4268 4,4592
4,0596 4,0921
4,5251 4,5583
5,1574 5,1909
107 15:24
4,4275 4,4599
4,0595 4,0923
4,5250 4,5582
5,1574 5,1909
108 15:25
4,4274 4,4598
4,0599 4,0926
4,5253 4,5585
5,1564 5,1899
109 15:26
4,4274 4,4598
4,0601 4,0925
4,5248 4,5580
5,1562 5,1897
110 15:27
4,4270 4,4594
4,0595 4,0922
4,5235 4,5567
5,1557 5,1892
111 15:28
4,4274 4,4598
4,0599 4,0926
4,5248 4,5580
5,1567 5,1902
112 15:29
4,4275 4,4599
4,0598 4,0924
4,5250 4,5582
5,1563 5,1898
113 15:30
4,4269 4,4593
4,0589 4,0913
4,5243 4,5575
5,1555 5,1890
114 15:31
4,4259 4,4583
4,0580 4,0908
4,5225 4,5555
5,1544 5,1879
115 15:32
4,4251 4,4575
4,0573 4,0898
4,5221 4,5551
5,1534 5,1869
116 15:33
4,4248 4,4572
4,0582 4,0906
4,5218 4,5548
5,1528 5,1863
117 15:34
4,4257 4,4586
4,0588 4,0919
4,5227 4,5561
5,1541 5,1881
118 15:35
4,4258 4,4586
4,0597 4,0927
4,5231 4,5567
5,1542 5,1881
119 15:36
4,4261 4,4588
4,0603 4,0936
4,5235 4,5573
5,1549 5,1886
120 15:37
4,4260 4,4587
4,0602 4,0935
4,5239 4,5578
5,1554 5,1889
121 15:38
4,4261 4,4588
4,0599 4,0932
4,5244 4,5578
5,1550 5,1888
122 15:39
4,4261 4,4587
4,0614 4,0942
4,5246 4,5579
5,1545 5,1882
123 15:40
4,4262 4,4588
4,0602 4,0933
4,5247 4,5580
5,1541 5,1878
124 15:41
4,4258 4,4585
4,0578 4,0911
4,5244 4,5576
5,1524 5,1862
125 15:42
4,4263 4,4593
4,0572 4,0904
4,5258 4,5595
5,1538 5,1878
126 15:43
4,4265 4,4595
4,0562 4,0894
4,5244 4,5586
5,1545 5,1886
127 15:44
4,4264 4,4589
4,0568 4,0898
4,5242 4,5574
5,1531 5,1867
128 15:45
4,4263 4,4589
4,0567 4,0898
4,5237 4,5571
5,1530 5,1867
129 15:46
4,4264 4,4588
4,0566 4,0894
4,5239 4,5569
5,1531 5,1866
130 15:47
4,4269 4,4593
4,0574 4,0898
4,5249 4,5579
5,1537 5,1872
131 15:48
4,4268 4,4594
4,0572 4,0900
4,5246 4,5581
5,1554 5,1891
132 15:49
4,4269 4,4593
4,0570 4,0895
4,5245 4,5575
5,1550 5,1885
133 15:50
4,4271 4,4595
4,0571 4,0896
4,5255 4,5585
5,1554 5,1889
134 15:51
4,4277 4,4601
4,0575 4,0901
4,5267 4,5597
5,1564 5,1899
135 15:52
4,4266 4,4593
4,0555 4,0884
4,5246 4,5582
5,1563 5,1900
136 15:53
4,4264 4,4590
4,0562 4,0893
4,5246 4,5581
5,1555 5,1892
137 15:54
4,4261 4,4587
4,0556 4,0887
4,5251 4,5585
5,1548 5,1884
138 15:55
4,4268 4,4598
4,0563 4,0898
4,5264 4,5599
5,1555 5,1896
139 15:56
4,4271 4,4598
4,0560 4,0891
4,5263 4,5596
5,1545 5,1883
140 15:57
4,4271 4,4597
4,0560 4,0892
4,5264 4,5598
5,1539 5,1876
141 15:58
4,4270 4,4598
4,0555 4,0889
4,5259 4,5597
5,1538 5,1877
142 15:59
4,4270 4,4598
4,0553 4,0886
4,5241 4,5576
5,1545 5,1881
143 16:00
4,4276 4,4603
4,0560 4,0890
4,5238 4,5577
5,1541 5,1878
144 16:01
4,4270 4,4598
4,0544 4,0874
4,5232 4,5570
5,1544 5,1883
145 16:02
4,4266 4,4592
4,0531 4,0861
4,5231 4,5564
5,1517 5,1852
146 16:03
4,4267 4,4592
4,0534 4,0861
4,5242 4,5576
5,1539 5,1874
147 16:04
4,4269 4,4593
4,0532 4,0858
4,5254 4,5584
5,1541 5,1876
148 16:05
4,4267 4,4593
4,0539 4,0870
4,5258 4,5593
5,1542 5,1878
149 16:06
4,4269 4,4594
4,0543 4,0874
4,5262 4,5594
5,1546 5,1881
150 16:07
4,4267 4,4593
4,0530 4,0862
4,5258 4,5594
5,1550 5,1885
151 16:08
4,4269 4,4594
4,0532 4,0859
4,5264 4,5597
5,1548 5,1883
152 16:09
4,4270 4,4594
4,0545 4,0873
4,5277 4,5608
5,1556 5,1891
153 16:10
4,4271 4,4595
4,0545 4,0869
4,5280 4,5611
5,1563 5,1898
154 16:11
4,4271 4,4595
4,0536 4,0860
4,5274 4,5604
5,1551 5,1886
155 16:12
4,4272 4,4596
4,0529 4,0853
4,5275 4,5605
5,1552 5,1887
156 16:13
4,4281 4,4605
4,0541 4,0867
4,5289 4,5619
5,1563 5,1898
157 16:14
4,4285 4,4609
4,0534 4,0859
4,5294 4,5624
5,1586 5,1921
158 16:15
4,4285 4,4609
4,0533 4,0857
4,5293 4,5623
5,1586 5,1921
159 16:16
4,4286 4,4610
4,0545 4,0869
4,5296 4,5628
5,1587 5,1922
160 16:17
4,4288 4,4612
4,0542 4,0866
4,5292 4,5624
5,1595 5,1930
161 16:18
4,4263 4,4587
4,0514 4,0839
4,5266 4,5598
5,1555 5,1890
162 16:19
4,4264 4,4588
4,0503 4,0832
4,5273 4,5608
5,1561 5,1896
163 16:20
4,4269 4,4596
4,0503 4,0832
4,5293 4,5627
5,1571 5,1906
164 16:21
4,4269 4,4596
4,0502 4,0831
4,5292 4,5629
5,1558 5,1894
165 16:22
4,4269 4,4593
4,0507 4,0836
4,5284 4,5616
5,1548 5,1883
166 16:23
4,4263 4,4587
4,0498 4,0827
4,5278 4,5610
5,1541 5,1876
167 16:24
4,4264 4,4590
4,0498 4,0826
4,5308 4,5642
5,1537 5,1874
168 16:25
4,4265 4,4590
4,0499 4,0826
4,5299 4,5631
5,1535 5,1870
169 16:26
4,4265 4,4590
4,0491 4,0820
4,5286 4,5623
5,1537 5,1872
170 16:27
4,4267 4,4594
4,0497 4,0826
4,5297 4,5631
5,1550 5,1888
171 16:28
4,4269 4,4594
4,0510 4,0837
4,5294 4,5626
5,1560 5,1895
172 16:29
4,4269 4,4593
4,0517 4,0844
4,5302 4,5634
5,1575 5,1910
173 16:30
4,4269 4,4597
4,0521 4,0851
4,5306 4,5641
5,1581 5,1920
174 16:31
4,4270 4,4597
4,0516 4,0846
4,5332 4,5666
5,1598 5,1935
175 16:32
4,4269 4,4597
4,0532 4,0862
4,5324 4,5659
5,1585 5,1924
176 16:33
4,4266 4,4593
4,0521 4,0853
4,5314 4,5648
5,1581 5,1919
177 16:34
4,4250 4,4574
4,0508 4,0832
4,5295 4,5629
5,1565 5,1900
178 16:35
4,4250 4,4574
4,0491 4,0818
4,5279 4,5611
5,1553 5,1888
179 16:36
4,4246 4,4570
4,0493 4,0821
4,5267 4,5597
5,1544 5,1879
180 16:37
4,4254 4,4581
4,0514 4,0847
4,5278 4,5612
5,1560 5,1895
181 16:38
4,4263 4,4588
4,0545 4,0872
4,5289 4,5623
5,1554 5,1889
182 16:39
4,4266 4,4590
4,0552 4,0878
4,5288 4,5618
5,1557 5,1892
183 16:40
4,4265 4,4591
4,0544 4,0873
4,5292 4,5626
5,1579 5,1917
184 16:41
4,4262 4,4588
4,0537 4,0866
4,5289 4,5622
5,1590 5,1926
185 16:42
4,4261 4,4587
4,0532 4,0864
4,5297 4,5634
5,1591 5,1926
186 16:43
4,4258 4,4584
4,0529 4,0861
4,5292 4,5627
5,1586 5,1921
187 16:44
4,4260 4,4585
4,0530 4,0858
4,5309 4,5645
5,1587 5,1923
188 16:45
4,4261 4,4590
4,0525 4,0856
4,5314 4,5650
5,1596 5,1936
189 16:46
4,4251 4,4575
4,0508 4,0838
4,5306 4,5641
5,1581 5,1916
190 16:47
4,4256 4,4582
4,0529 4,0856
4,5323 4,5657
5,1589 5,1926
191 16:48
4,4252 4,4576
4,0533 4,0860
4,5316 4,5650
5,1571 5,1906
192 16:49
4,4248 4,4572
4,0525 4,0854
4,5311 4,5645
5,1578 5,1913
193 16:50
4,4228 4,4552
4,0514 4,0842
4,5296 4,5630
5,1549 5,1884
194 16:51
4,4228 4,4552
4,0530 4,0859
4,5309 4,5641
5,1544 5,1879
195 16:52
4,4223 4,4547
4,0517 4,0845
4,5275 4,5607
5,1532 5,1867
196 16:53
4,4215 4,4541
4,0505 4,0837
4,5276 4,5614
5,1524 5,1859
197 16:54
4,4197 4,4526
4,0494 4,0826
4,5277 4,5618
5,1506 5,1847
198 16:55
4,4171 4,4505
4,0469 4,0805
4,5253 4,5595
5,1483 5,1828
199 16:56
4,4156 4,4480
4,0457 4,0785
4,5225 4,5557
5,1496 5,1831
200 16:57
4,4148 4,4472
4,0452 4,0776
4,5220 4,5553
5,1476 5,1811
201 16:58
4,4146 4,4470
4,0466 4,0791
4,5216 4,5548
5,1474 5,1809
202 16:59
4,4150 4,4474
4,0458 4,0782
4,5210 4,5542
5,1477 5,1812
203 17:00
4,4136 4,4460
4,0452 4,0776
4,5203 4,5535
5,1464 5,1799
204 17:01
4,4132 4,4456
4,0457 4,0781
4,5216 4,5548
5,1464 5,1799
205 17:02
4,4147 4,4471
4,0475 4,0799
4,5234 4,5566
5,1485 5,1820
206 17:03
4,4161 4,4490
4,0477 4,0807
4,5239 4,5575
5,1491 5,1831
207 17:04
4,4178 4,4507
4,0487 4,0820
4,5249 4,5590
5,1498 5,1837
208 17:05
4,4192 4,4523
4,0498 4,0830
4,5249 4,5592
5,1518 5,1861
209 17:06
4,4192 4,4520
4,0493 4,0826
4,5244 4,5582
5,1532 5,1872
210 17:07
4,4191 4,4519
4,0503 4,0836
4,5249 4,5584
5,1538 5,1876
211 17:08
4,4181 4,4509
4,0486 4,0819
4,5237 4,5575
5,1513 5,1853
212 17:09
4,4181 4,4509
4,0475 4,0808
4,5228 4,5568
5,1513 5,1852
213 17:10
4,4178 4,4507
4,0461 4,0794
4,5220 4,5557
5,1498 5,1838
214 17:11
4,4173 4,4502
4,0463 4,0794
4,5219 4,5555
5,1491 5,1827
215 17:12
4,4172 4,4500
4,0474 4,0807
4,5218 4,5554
5,1484 5,1823
216 17:13
4,4171 4,4499
4,0468 4,0802
4,5219 4,5554
5,1502 5,1839
217 17:14
4,4172 4,4500
4,0473 4,0807
4,5215 4,5550
5,1490 5,1829
218 17:15
4,4158 4,4486
4,0460 4,0794
4,5205 4,5543
5,1486 5,1825
219 17:16
4,4159 4,4487
4,0454 4,0785
4,5211 4,5546
5,1493 5,1832
220 17:17
4,4158 4,4486
4,0443 4,0776
4,5201 4,5536
5,1476 5,1815
221 17:18
4,4157 4,4482
4,0444 4,0772
4,5189 4,5521
5,1463 5,1798
222 17:19
4,4169 4,4495
4,0453 4,0782
4,5212 4,5545
5,1485 5,1821
223 17:20
4,4167 4,4494
4,0454 4,0783
4,5204 4,5538
5,1478 5,1816
224 17:21
4,4166 4,4490
4,0462 4,0789
4,5207 4,5539
5,1474 5,1809
225 17:22
4,4164 4,4490
4,0464 4,0791
4,5208 4,5541
5,1475 5,1810
226 17:23
4,4164 4,4488
4,0455 4,0781
4,5201 4,5533
5,1469 5,1804
227 17:24
4,4164 4,4488
4,0457 4,0782
4,5202 4,5534
5,1463 5,1798
228 17:25
4,4165 4,4489
4,0452 4,0778
4,5197 4,5529
5,1458 5,1793
229 17:26
4,4164 4,4488
4,0455 4,0781
4,5201 4,5533
5,1446 5,1781
230 17:27
4,4172 4,4498
4,0466 4,0794
4,5215 4,5548
5,1460 5,1797
231 17:28
4,4170 4,4498
4,0476 4,0809
4,5218 4,5553
5,1477 5,1815
232 17:29
4,4173 4,4499
4,0475 4,0806
4,5220 4,5558
5,1468 5,1805
233 17:30
4,4171 4,4495
4,0470 4,0799
4,5219 4,5554
5,1465 5,1800
234 17:31
4,4168 4,4494
4,0466 4,0794
4,5224 4,5562
5,1463 5,1799
235 17:32
4,4167 4,4493
4,0466 4,0797
4,5229 4,5566
5,1461 5,1796
236 17:33
4,4189 4,4517
4,0490 4,0823
4,5251 4,5586
5,1489 5,1827
237 17:34
4,4177 4,4501
4,0479 4,0803
4,5241 4,5573
5,1476 5,1811
238 17:35
4,4180 4,4508
4,0480 4,0810
4,5241 4,5581
5,1482 5,1821
239 17:36
4,4178 4,4504
4,0471 4,0799
4,5240 4,5573
5,1485 5,1822
240 17:37
4,4181 4,4506
4,0478 4,0805
4,5237 4,5570
5,1494 5,1829
241 17:38
4,4178 4,4506
4,0480 4,0813
4,5234 4,5574
5,1497 5,1836
242 17:39
4,4185 4,4509
4,0491 4,0817
4,5237 4,5569
5,1495 5,1830
243 17:40
4,4186 4,4510
4,0491 4,0820
4,5237 4,5569
5,1488 5,1823
244 17:41
4,4185 4,4509
4,0492 4,0818
4,5237 4,5571
5,1481 5,1816
245 17:42
4,4184 4,4508
4,0487 4,0814
4,5235 4,5567
5,1479 5,1814
246 17:43
4,4181 4,4505
4,0483 4,0808
4,5234 4,5568
5,1482 5,1817
247 17:44
4,4182 4,4506
4,0480 4,0804
4,5233 4,5565
5,1478 5,1813
248 17:45
4,4180 4,4507
4,0473 4,0802
4,5231 4,5565
5,1487 5,1825
249 17:46
4,4178 4,4505
4,0467 4,0799
4,5229 4,5563
5,1479 5,1817
250 17:47
4,4178 4,4502
4,0467 4,0797
4,5229 4,5561
5,1479 5,1814
251 17:48
4,4176 4,4503
4,0466 4,0795
4,5223 4,5558
5,1477 5,1815
252 17:49
4,4175 4,4500
4,0461 4,0788
4,5217 4,5552
5,1473 5,1808
253 17:50
4,4174 4,4500
4,0465 4,0796
4,5222 4,5555
5,1470 5,1806
254 17:51
4,4177 4,4502
4,0474 4,0801
4,5219 4,5556
5,1466 5,1802
255 17:52
4,4180 4,4504
4,0479 4,0804
4,5224 4,5559
5,1464 5,1799
256 17:53
4,4180 4,4505
4,0477 4,0804
4,5217 4,5553
5,1460 5,1795
257 17:54
4,4178 4,4502
4,0482 4,0808
4,5217 4,5550
5,1458 5,1793
258 17:55
4,4179 4,4503
4,0485 4,0812
4,5216 4,5548
5,1467 5,1802
259 17:56
4,4180 4,4505
4,0484 4,0815
4,5217 4,5549
5,1466 5,1801
260 17:57
4,4179 4,4503
4,0476 4,0806
4,5221 4,5553
5,1462 5,1797
261 17:58
4,4180 4,4505
4,0465 4,0795
4,5217 4,5549
5,1464 5,1799
262 17:59
4,4177 4,4503
4,0464 4,0795
4,5219 4,5553
5,1457 5,1793
263 18:00
4,4172 4,4501
4,0450 4,0784
4,5208 4,5540
5,1447 5,1786
264 18:01
4,4174 4,4502
4,0454 4,0787
4,5204 4,5543
5,1448 5,1785
265 18:02
4,4176 4,4504
4,0452 4,0785
4,5204 4,5541
5,1447 5,1786
266 18:03
4,4177 4,4505
4,0449 4,0782
4,5202 4,5537
5,1454 5,1793
267 18:04
4,4177 4,4505
4,0444 4,0774
4,5202 4,5537
5,1448 5,1787
268 18:05
4,4177 4,4505
4,0449 4,0782
4,5202 4,5537
5,1454 5,1793
269 18:06
4,4177 4,4505
4,0459 4,0789
4,5205 4,5541
5,1448 5,1787
270 18:07
4,4181 4,4505
4,0467 4,0795
4,5218 4,5550
5,1458 5,1793
271 18:08
4,4181 4,4505
4,0471 4,0795
4,5218 4,5550
5,1464 5,1799
272 18:09
4,4180 4,4507
4,0476 4,0808
4,5212 4,5546
5,1469 5,1807
273 18:10
4,4179 4,4505
4,0472 4,0804
4,5209 4,5542
5,1466 5,1802
274 18:11
4,4178 4,4504
4,0469 4,0800
4,5197 4,5531
5,1467 5,1804
275 18:12
4,4179 4,4503
4,0476 4,0802
4,5198 4,5530
5,1472 5,1807
276 18:13
4,4178 4,4504
4,0475 4,0807
4,5203 4,5536
5,1471 5,1806
277 18:14
4,4178 4,4504
4,0472 4,0803
4,5198 4,5531
5,1467 5,1804
278 18:15
4,4179 4,4505
4,0479 4,0807
4,5199 4,5532
5,1470 5,1806
279 18:16
4,4179 4,4505
4,0476 4,0804
4,5195 4,5530
5,1468 5,1805
280 18:17
4,4179 4,4506
4,0475 4,0807
4,5193 4,5527
5,1480 5,1818
281 18:18
4,4186 4,4511
4,0479 4,0806
4,5196 4,5531
5,1488 5,1824
282 18:19
4,4182 4,4510
4,0473 4,0805
4,5192 4,5532
5,1484 5,1823
283 18:20
4,4184 4,4511
4,0477 4,0806
4,5193 4,5529
5,1492 5,1830
284 18:21
4,4181 4,4508
4,0478 4,0807
4,5190 4,5524
5,1494 5,1831
285 18:22
4,4181 4,4508
4,0478 4,0807
4,5185 4,5519
5,1495 5,1831
286 18:23
4,4181 4,4508
4,0470 4,0803
4,5185 4,5520
5,1486 5,1821
287 18:24
4,4180 4,4508
4,0467 4,0796
4,5182 4,5517
5,1476 5,1815
288 18:25
4,4181 4,4508
4,0470 4,0799
4,5185 4,5520
5,1477 5,1813
289 18:26
4,4181 4,4508
4,0470 4,0799
4,5185 4,5520
5,1474 5,1809
290 18:27
4,4181 4,4508
4,0470 4,0803
4,5190 4,5524
5,1482 5,1819
291 18:28
4,4180 4,4506
4,0469 4,0801
4,5186 4,5519
5,1477 5,1813
292 18:29
4,4180 4,4506
4,0473 4,0805
4,5186 4,5519
5,1472 5,1807
293 18:30
4,4182 4,4507
4,0481 4,0809
4,5191 4,5527
5,1477 5,1812
294 18:31
4,4181 4,4508
4,0474 4,0803
4,5188 4,5525
5,1464 5,1801
295 18:32
4,4181 4,4508
4,0470 4,0801
4,5190 4,5524
5,1464 5,1799
296 18:33
4,4180 4,4508
4,0462 4,0792
4,5191 4,5526
5,1458 5,1798
297 18:34
4,4180 4,4508
4,0467 4,0800
4,5191 4,5526
5,1462 5,1797
298 18:35
4,4180 4,4508
4,0469 4,0803
4,5191 4,5526
5,1463 5,1798
299 18:36
4,4183 4,4507
4,0469 4,0798
4,5192 4,5524
5,1457 5,1792
300 18:37
4,4181 4,4509
4,0474 4,0804
4,5192 4,5527
5,1464 5,1799
301 18:38
4,4183 4,4507
4,0472 4,0802
4,5197 4,5529
5,1472 5,1807
302 18:39
4,4182 4,4509
4,0467 4,0796
4,5200 4,5534
5,1478 5,1814
303 18:40
4,4181 4,4509
4,0474 4,0805
4,5197 4,5536
5,1477 5,1816
304 18:41
4,4181 4,4508
4,0474 4,0807
4,5200 4,5539
5,1476 5,1813
305 18:42
4,4181 4,4508
4,0478 4,0807
4,5204 4,5538
5,1476 5,1813
306 18:43
4,4179 4,4506
4,0476 4,0805
4,5203 4,5538
5,1480 5,1818
307 18:44
4,4179 4,4505
4,0476 4,0804
4,5209 4,5542
5,1475 5,1815
308 18:45
4,4180 4,4507
4,0480 4,0809
4,5210 4,5546
5,1479 5,1814
309 18:46
4,4178 4,4506
4,0467 4,0801
4,5212 4,5547
5,1479 5,1818
310 18:47
4,4183 4,4507
4,0477 4,0801
4,5216 4,5548
5,1485 5,1820
311 18:48
4,4183 4,4507
4,0481 4,0805
4,5219 4,5551
5,1491 5,1826
312 18:49
4,4183 4,4507
4,0479 4,0804
4,5216 4,5548
5,1491 5,1826
313 18:50
4,4167 4,4528
4,0464 4,0824
4,5200 4,5573
5,1470 5,1851
314 18:51
4,4184 4,4508
4,0482 4,0806
4,5219 4,5551
5,1492 5,1827
315 18:52
4,4182 4,4506
4,0484 4,0811
4,5219 4,5551
5,1495 5,1830
316 18:53
4,4181 4,4505
4,0485 4,0811
4,5220 4,5555
5,1495 5,1830
317 18:54
4,4182 4,4506
4,0486 4,0812
4,5220 4,5556
5,1499 5,1834
318 18:55
4,4185 4,4509
4,0482 4,0810
4,5223 4,5555
5,1499 5,1834
319 18:56
4,4184 4,4508
4,0474 4,0799
4,5219 4,5552
5,1498 5,1833
320 18:57
4,4184 4,4508
4,0471 4,0798
4,5216 4,5548
5,1494 5,1829
321 18:58
4,4180 4,4504
4,0467 4,0792
4,5213 4,5549
5,1490 5,1825
322 18:59
4,4173 4,4497
4,0460 4,0785
4,5207 4,5541
5,1479 5,1814
323 19:00
4,4173 4,4497
4,0457 4,0782
4,5207 4,5541
5,1479 5,1814
324 19:01
4,4174 4,4499
4,0452 4,0782
4,5211 4,5543
5,1480 5,1816
325 19:02
4,4172 4,4498
4,0447 4,0775
4,5211 4,5544
5,1478 5,1815
326 19:03
4,4174 4,4498
4,0450 4,0779
4,5211 4,5543
5,1480 5,1815
327 19:04
4,4176 4,4500
4,0457 4,0783
4,5218 4,5550
5,1483 5,1818
328 19:05
4,4176 4,4500
4,0455 4,0779
4,5213 4,5545
5,1476 5,1811
329 19:06
4,4176 4,4500
4,0449 4,0776
4,5213 4,5545
5,1473 5,1808
330 19:07
4,4175 4,4499
4,0450 4,0780
4,5212 4,5544
5,1473 5,1808
331 19:08
4,4176 4,4501
4,0450 4,0780
4,5213 4,5545
5,1476 5,1811
332 19:09
4,4175 4,4499
4,0450 4,0776
4,5212 4,5544
5,1475 5,1810
333 19:10
4,4176 4,4500
4,0455 4,0782
4,5215 4,5547
5,1477 5,1812
334 19:11
4,4173 4,4500
4,0452 4,0781
4,5213 4,5545
5,1473 5,1811
335 19:12
4,4173 4,4499
4,0448 4,0778
4,5211 4,5547
5,1473 5,1810
336 19:13
4,4175 4,4500
4,0441 4,0769
4,5216 4,5549
5,1478 5,1814
337 19:14
4,4171 4,4499
4,0440 4,0769
4,5214 4,5549
5,1477 5,1816
338 19:15
4,4171 4,4499
4,0440 4,0773
4,5210 4,5549
5,1483 5,1822
339 19:16
4,4171 4,4499
4,0444 4,0777
4,5214 4,5549
5,1477 5,1816
340 19:17
4,4171 4,4499
4,0442 4,0773
4,5213 4,5553
5,1483 5,1822
341 19:18
4,4171 4,4499
4,0442 4,0774
4,5214 4,5553
5,1483 5,1822
342 19:19
4,4176 4,4501
4,0451 4,0778
4,5222 4,5554
5,1488 5,1823
343 19:20
4,4176 4,4500
4,0453 4,0778
4,5225 4,5560
5,1483 5,1818
344 19:21
4,4177 4,4501
4,0453 4,0782
4,5228 4,5560
5,1490 5,1825
345 19:22
4,4173 4,4501
4,0449 4,0782
4,5226 4,5561
5,1487 5,1825
346 19:23
4,4174 4,4501
4,0449 4,0782
4,5229 4,5563
5,1486 5,1823
347 19:24
4,4173 4,4500
4,0455 4,0787
4,5224 4,5558
5,1485 5,1823
348 19:25
4,4173 4,4500
4,0455 4,0787
4,5224 4,5558
5,1485 5,1823
349 19:26
4,4163 4,4518
4,0449 4,0803
4,5214 4,5577
5,1472 5,1843
350 19:27
4,4173 4,4499
4,0453 4,0784
4,5226 4,5559
5,1487 5,1823
351 19:28
4,4174 4,4500
4,0456 4,0788
4,5227 4,5560
5,1488 5,1824
352 19:29
4,4173 4,4499
4,0459 4,0787
4,5225 4,5559
5,1484 5,1819
353 19:30
4,4175 4,4499
4,0461 4,0791
4,5231 4,5563
5,1481 5,1816
354 19:31
4,4173 4,4500
4,0462 4,0794
4,5229 4,5568
5,1479 5,1817
355 19:32
4,4173 4,4500
4,0462 4,0794
4,5228 4,5562
5,1482 5,1817
356 19:33
4,4173 4,4500
4,0467 4,0796
4,5229 4,5568
5,1479 5,1817
357 19:34
4,4173 4,4500
4,0466 4,0794
4,5229 4,5568
5,1479 5,1817
358 19:35
4,4171 4,4499
4,0465 4,0795
4,5227 4,5563
5,1477 5,1816
359 19:36
4,4173 4,4500
4,0462 4,0794
4,5229 4,5564
5,1469 5,1804
360 19:37
4,4172 4,4499
4,0477 4,0806
4,5232 4,5566
5,1472 5,1810
361 19:38
4,4172 4,4499
4,0477 4,0806
4,5232 4,5566
5,1472 5,1810
362 19:39
4,4171 4,4499
4,0472 4,0806
4,5232 4,5568
5,1471 5,1810
363 19:40
4,4171 4,4499
4,0477 4,0810
4,5232 4,5572
5,1471 5,1810
364 19:41
4,4171 4,4499
4,0477 4,0810
4,5219 4,5554
5,1471 5,1810
365 19:42
4,4162 4,4516
4,0471 4,0829
4,5211 4,5572
5,1462 5,1827
366 19:43
4,4162 4,4519
4,0475 4,0832
4,5213 4,5578
5,1461 5,1833
367 19:44
4,4171 4,4499
4,0479 4,0809
4,5219 4,5554
5,1465 5,1804
368 19:45
4,4171 4,4499
4,0477 4,0808
4,5219 4,5554
5,1471 5,1807
369 19:46
4,4171 4,4499
4,0477 4,0810
4,5219 4,5554
5,1471 5,1810
370 19:47
4,4172 4,4499
4,0480 4,0812
4,5213 4,5547
5,1472 5,1810
371 19:48
4,4171 4,4499
4,0481 4,0814
4,5214 4,5549
5,1471 5,1810
372 19:49
4,4171 4,4499
4,0481 4,0814
4,5214 4,5549
5,1471 5,1810
373 19:50
4,4171 4,4499
4,0483 4,0813
4,5213 4,5549
5,1471 5,1810
374 19:51
4,4171 4,4499
4,0481 4,0810
4,5214 4,5549
5,1471 5,1810
375 19:52
4,4171 4,4499
4,0481 4,0814
4,5214 4,5549
5,1471 5,1810
376 19:53
4,4157 4,4520
4,0462 4,0828
4,5194 4,5565
5,1450 5,1828
377 19:54
4,4171 4,4499
4,0477 4,0810
4,5214 4,5549
5,1470 5,1805
378 19:55
4,4171 4,4499
4,0477 4,0810
4,5224 4,5559
5,1471 5,1810
379 19:56
4,4171 4,4499
4,0476 4,0806
4,5224 4,5559
5,1465 5,1804
380 19:57
4,4171 4,4499
4,0477 4,0810
4,5228 4,5563
5,1465 5,1804
381 19:58
4,4171 4,4499
4,0481 4,0814
4,5231 4,5567
5,1470 5,1809
382 19:59
4,4174 4,4504
4,0482 4,0814
4,5236 4,5573
5,1474 5,1809
383 20:00
4,4177 4,4508
4,0481 4,0817
4,5237 4,5575
5,1472 5,1814
384 20:01
4,4177 4,4508
4,0477 4,0809
4,5242 4,5581
5,1470 5,1807
385 20:02
4,4177 4,4508
4,0470 4,0803
4,5242 4,5580
5,1466 5,1808
386 20:03
4,4177 4,4507
4,0475 4,0810
4,5239 4,5576
5,1466 5,1807
387 20:04
4,4177 4,4508
4,0473 4,0809
4,5233 4,5576
5,1466 5,1808
388 20:05
4,4177 4,4507
4,0475 4,0810
4,5233 4,5575
5,1466 5,1807
389 20:06
4,4177 4,4508
4,0473 4,0809
4,5233 4,5572
5,1466 5,1808
390 20:07
4,4177 4,4508
4,0473 4,0809
4,5229 4,5572
5,1466 5,1808
391 20:08
4,4177 4,4508
4,0473 4,0807
4,5228 4,5566
5,1462 5,1805
392 20:09
4,4177 4,4508
4,0470 4,0803
4,5228 4,5566
5,1460 5,1802
393 20:10
4,4177 4,4508
4,0469 4,0805
4,5226 4,5567
5,1460 5,1802
394 20:11
4,4176 4,4508
4,0469 4,0805
4,5223 4,5563
5,1460 5,1804
395 20:12
4,4177 4,4508
4,0470 4,0803
4,5223 4,5561
5,1460 5,1802
396 20:13
4,4177 4,4508
4,0469 4,0805
4,5224 4,5567
5,1460 5,1802
397 20:14
4,4177 4,4508
4,0466 4,0802
4,5223 4,5561
5,1454 5,1796
398 20:15
4,4177 4,4508
4,0470 4,0807
4,5224 4,5567
5,1460 5,1802
399 20:16
4,4178 4,4509
4,0474 4,0806
4,5224 4,5562
5,1460 5,1803
400 20:17
4,4178 4,4509
4,0470 4,0806
4,5224 4,5566
5,1460 5,1802
401 20:18
4,4176 4,4510
4,0474 4,0809
4,5224 4,5565
5,1454 5,1800
402 20:19
4,4178 4,4509
4,0478 4,0814
4,5225 4,5568
5,1454 5,1797
403 20:20
4,4178 4,4509
4,0478 4,0810
4,5225 4,5568
5,1454 5,1797
404 20:21
4,4178 4,4510
4,0479 4,0815
4,5225 4,5569
5,1455 5,1798
405 20:22
4,4178 4,4507
4,0474 4,0808
4,5229 4,5565
5,1461 5,1801
406 20:23
4,4176 4,4506
4,0474 4,0809
4,5232 4,5570
5,1459 5,1794
407 20:24
4,4176 4,4506
4,0478 4,0809
4,5232 4,5570
5,1459 5,1800
408 20:25
4,4176 4,4506
4,0478 4,0809
4,5232 4,5570
5,1459 5,1794
409 20:26
4,4176 4,4506
4,0478 4,0809
4,5232 4,5570
5,1453 5,1794
410 20:27
4,4178 4,4507
4,0474 4,0808
4,5234 4,5571
5,1455 5,1795
411 20:28
4,4178 4,4507
4,0474 4,0808
4,5238 4,5578
5,1455 5,1795
412 20:29
4,4177 4,4507
4,0474 4,0806
4,5239 4,5576
5,1448 5,1789
413 20:30
4,4177 4,4507
4,0475 4,0810
4,5237 4,5576
5,1448 5,1789
414 20:31
4,4177 4,4507
4,0479 4,0814
4,5239 4,5576
5,1448 5,1789
415 20:32
4,4177 4,4505
4,0479 4,0812
4,5238 4,5578
5,1448 5,1787
416 20:33
4,4177 4,4505
4,0479 4,0808
4,5244 4,5579
5,1442 5,1781
417 20:34
4,4178 4,4507
4,0478 4,0809
4,5243 4,5579
5,1443 5,1784
418 20:35
4,4178 4,4507
4,0478 4,0809
4,5243 4,5579
5,1443 5,1783
419 20:36
4,4178 4,4507
4,0474 4,0808
4,5243 4,5579
5,1443 5,1783
420 20:37
4,4178 4,4507
4,0474 4,0808
4,5239 4,5579
5,1443 5,1783
421 20:38
4,4167 4,4517
4,0461 4,0815
4,5228 4,5586
5,1430 5,1795
422 20:39
4,4167 4,4517
4,0461 4,0815
4,5228 4,5590
5,1424 5,1789
423 20:40
4,4168 4,4517
4,0465 4,0817
4,5229 4,5586
5,1431 5,1795
424 20:41
4,4167 4,4517
4,0466 4,0819
4,5228 4,5586
5,1430 5,1795
425 20:42
4,4167 4,4517
4,0470 4,0823
4,5228 4,5586
5,1430 5,1795
426 20:43
4,4168 4,4516
4,0469 4,0821
4,5233 4,5589
5,1433 5,1795
427 20:44
4,4168 4,4516
4,0469 4,0821
4,5233 4,5589
5,1433 5,1795
428 20:45
4,4167 4,4517
4,0469 4,0819
4,5232 4,5590
5,1431 5,1795
429 20:46
4,4178 4,4507
4,0481 4,0815
4,5243 4,5579
5,1437 5,1777
430 20:47
4,4178 4,4507
4,0482 4,0817
4,5243 4,5579
5,1437 5,1777
431 20:48
4,4163 4,4517
4,0470 4,0823
4,5224 4,5590
5,1420 5,1789
432 20:49
4,4178 4,4507
4,0478 4,0812
4,5243 4,5579
5,1437 5,1777
433 20:50
4,4178 4,4507
4,0478 4,0812
4,5238 4,5578
5,1434 5,1771
434 20:51
4,4178 4,4507
4,0478 4,0812
4,5243 4,5580
5,1437 5,1777
435 20:52
4,4178 4,4507
4,0482 4,0815
4,5243 4,5579
5,1437 5,1777
436 20:53
4,4172 4,4499
4,0477 4,0806
4,5233 4,5572
5,1430 5,1768
437 20:54
4,4172 4,4499
4,0477 4,0806
4,5232 4,5566
5,1424 5,1761
438 20:55
4,4172 4,4499
4,0473 4,0806
4,5232 4,5566
5,1430 5,1767
439 20:56
4,4172 4,4499
4,0473 4,0802
4,5232 4,5566
5,1424 5,1762
440 20:57
4,4171 4,4499
4,0476 4,0806
4,5233 4,5568
5,1430 5,1768
441 20:58
4,4171 4,4499
4,0476 4,0806
4,5231 4,5568
5,1429 5,1768
442 20:59
4,4171 4,4497
4,0481 4,0812
4,5226 4,5560
5,1429 5,1766
443 21:00
4,4170 4,4500
4,0479 4,0811
4,5227 4,5564
5,1428 5,1769
444 21:01
4,4171 4,4500
4,0479 4,0813
4,5227 4,5564
5,1423 5,1763
445 21:02
4,4171 4,4497
4,0483 4,0811
4,5219 4,5552
5,1423 5,1760
446 21:03
4,4171 4,4497
4,0481 4,0812
4,5219 4,5554
5,1417 5,1754
447 21:04
4,4171 4,4497
4,0476 4,0808
4,5224 4,5557
5,1423 5,1760
448 21:05
4,4171 4,4497
4,0480 4,0808
4,5219 4,5552
5,1423 5,1760
449 21:06
4,4171 4,4497
4,0480 4,0808
4,5214 4,5547
5,1423 5,1758
450 21:07
4,4171 4,4497
4,0476 4,0808
4,5213 4,5551
5,1423 5,1760
451 21:08
4,4172 4,4499
4,0476 4,0804
4,5218 4,5553
5,1417 5,1754
452 21:09
4,4171 4,4497
4,0476 4,0804
4,5219 4,5552
5,1417 5,1754
453 21:10
4,4171 4,4497
4,0476 4,0804
4,5213 4,5549
5,1418 5,1754
454 21:11
4,4171 4,4497
4,0476 4,0808
4,5215 4,5552
5,1420 5,1755
455 21:12
4,4171 4,4497
4,0480 4,0808
4,5214 4,5547
5,1423 5,1760
456 21:13
4,4171 4,4497
4,0481 4,0812
4,5219 4,5552
5,1423 5,1758
457 21:14
4,4171 4,4497
4,0478 4,0808
4,5214 4,5551
5,1417 5,1754
458 21:15
4,4172 4,4499
4,0477 4,0806
4,5214 4,5549
5,1418 5,1756
459 21:16
4,4171 4,4498
4,0468 4,0800
4,5208 4,5542
5,1417 5,1753
460 21:17
4,4171 4,4497
4,0468 4,0800
4,5210 4,5543
5,1411 5,1748
461 21:18
4,4171 4,4497
4,0468 4,0800
4,5210 4,5547
5,1411 5,1748
462 21:19
4,4172 4,4499
4,0469 4,0798
4,5209 4,5543
5,1412 5,1750
463 21:20
4,4169 4,4497
4,0468 4,0799
4,5208 4,5543
5,1409 5,1748
464 21:21
4,4169 4,4497
4,0468 4,0801
4,5208 4,5543
5,1409 5,1754
465 21:22
4,4169 4,4497
4,0468 4,0801
4,5203 4,5538
5,1409 5,1748
466 21:23
4,4169 4,4497
4,0468 4,0801
4,5203 4,5538
5,1409 5,1748
467 21:24
4,4171 4,4498
4,0468 4,0800
4,5203 4,5537
5,1411 5,1749
468 21:25
4,4171 4,4498
4,0472 4,0805
4,5199 4,5534
5,1417 5,1755
469 21:26
4,4170 4,4498
4,0471 4,0801
4,5198 4,5534
5,1416 5,1755
470 21:27
4,4171 4,4498
4,0472 4,0801
4,5198 4,5532
5,1417 5,1755
471 21:28
4,4171 4,4498
4,0472 4,0805
4,5198 4,5532
5,1417 5,1755
472 21:29
4,4170 4,4498
4,0476 4,0809
4,5194 4,5532
5,1416 5,1755
473 21:30
4,4170 4,4498
4,0476 4,0809
4,5198 4,5534
5,1416 5,1755
474 21:31
4,4171 4,4497
4,0476 4,0804
4,5190 4,5528
5,1414 5,1750
475 21:32
4,4170 4,4496
4,0471 4,0803
4,5186 4,5522
5,1422 5,1759
476 21:33
4,4171 4,4498
4,0472 4,0805
4,5190 4,5529
5,1423 5,1761
477 21:34
4,4170 4,4498
4,0475 4,0805
4,5195 4,5530
5,1422 5,1761
478 21:35
4,4171 4,4500
4,0472 4,0807
4,5204 4,5545
5,1423 5,1763
479 21:36
4,4171 4,4500
4,0468 4,0802
4,5208 4,5544
5,1417 5,1757
480 21:37
4,4171 4,4500
4,0472 4,0803
4,5208 4,5544
5,1417 5,1757
481 21:38
4,4171 4,4500
4,0468 4,0802
4,5203 4,5539
5,1417 5,1757
482 21:39
4,4170 4,4498
4,0469 4,0798
4,5204 4,5539
5,1422 5,1760
483 21:40
4,4170 4,4498
4,0469 4,0798
4,5204 4,5539
5,1422 5,1761
484 21:41
4,4162 4,4512
4,0460 4,0814
4,5196 4,5553
5,1414 5,1778
485 21:42
4,4162 4,4512
4,0464 4,0818
4,5196 4,5553
5,1420 5,1784
486 21:43
4,4162 4,4512
4,0464 4,0818
4,5185 4,5543
5,1420 5,1784
487 21:44
4,4170 4,4500
4,0475 4,0807
4,5195 4,5532
5,1428 5,1769
488 21:45
4,4160 4,4516
4,0463 4,0822
4,5184 4,5549
5,1416 5,1789
489 21:46
4,4170 4,4500
4,0476 4,0811
4,5195 4,5532
5,1434 5,1775
490 21:47
4,4170 4,4500
4,0482 4,0818
4,5195 4,5532
5,1434 5,1775
491 21:48
4,4171 4,4500
4,0483 4,0814
4,5194 4,5530
5,1441 5,1781
492 21:49
4,4172 4,4501
4,0484 4,0815
4,5195 4,5531
5,1442 5,1782
493 21:50
4,4172 4,4501
4,0484 4,0819
4,5200 4,5537
5,1444 5,1782
494 21:51
4,4172 4,4501
4,0484 4,0815
4,5205 4,5541
5,1448 5,1788
495 21:52
4,4172 4,4501
4,0484 4,0819
4,5209 4,5545
5,1447 5,1788
496 21:53
4,4172 4,4501
4,0480 4,0814
4,5209 4,5545
5,1442 5,1782
497 21:54
4,4171 4,4501
4,0481 4,0812
4,5210 4,5547
5,1441 5,1782
498 21:55
4,4172 4,4501
4,0476 4,0810
4,5209 4,5545
5,1444 5,1782
499 21:56
4,4172 4,4501
4,0480 4,0810
4,5213 4,5546
5,1448 5,1788
500 21:57
4,4172 4,4501
4,0480 4,0810
4,5214 4,5551
5,1448 5,1788
501 21:58
4,4163 4,4520
4,0468 4,0828
4,5200 4,5565
5,1433 5,1805
502 21:59
4,4171 4,4501
4,0477 4,0812
4,5210 4,5547
5,1441 5,1782
503 22:00
4,4170 4,4500
4,0471 4,0807
4,5212 4,5554
5,1434 5,1775
504 22:01
4,4172 4,4501
4,0480 4,0814
4,5214 4,5551
5,1442 5,1782
505 22:02
4,4176 4,4508
4,0485 4,0822
4,5224 4,5563
5,1448 5,1791
506 22:03
4,4164 4,4496
4,0474 4,0811
4,5212 4,5551
5,1439 5,1782
507 22:04
4,4161 4,4492
4,0470 4,0806
4,5207 4,5545
5,1435 5,1781
508 22:05
4,4160 4,4491
4,0473 4,0806
4,5206 4,5544
5,1433 5,1776
509 22:06
4,4157 4,4489
4,0472 4,0805
4,5200 4,5541
5,1431 5,1774
510 22:07
4,4157 4,4489
4,0472 4,0809
4,5205 4,5544
5,1436 5,1781
511 22:08
4,4158 4,4490
4,0471 4,0805
4,5206 4,5545
5,1439 5,1783
512 22:09
4,4158 4,4490
4,0471 4,0805
4,5206 4,5545
5,1439 5,1783
513 22:10
4,4157 4,4489
4,0472 4,0805
4,5208 4,5547
5,1437 5,1780
514 22:11
4,4156 4,4489
4,0469 4,0807
4,5202 4,5542
5,1436 5,1780
515 22:12
4,4158 4,4489
4,0475 4,0808
4,5207 4,5547
5,1438 5,1780
516 22:13
4,4154 4,4486
4,0469 4,0806
4,5206 4,5545
5,1434 5,1777
517 22:14
4,4155 4,4490
4,0468 4,0808
4,5206 4,5549
5,1433 5,1780
518 22:15
4,4151 4,4490
4,0468 4,0808
4,5202 4,5549
5,1429 5,1780
519 22:16
4,4156 4,4496
4,0474 4,0815
4,5207 4,5555
5,1437 5,1789
520 22:17
4,4154 4,4494
4,0468 4,0812
4,5205 4,5553
5,1433 5,1786
521 22:18
4,4154 4,4490
4,0469 4,0810
4,5201 4,5549
5,1433 5,1782
