#======================
2023-7-4
# 1.EUR, 2.USD, 3.CHF, 4.GBP
Sell Price, Buy Price
1 12:08
4,4078 4,4400
4,0443 4,0764
4,5171 4,5501
5,1405 5,1738
2 12:09
4,4086 4,4408
4,0448 4,0769
4,5179 4,5509
5,1416 5,1749
3 12:10
4,4088 4,4410
4,0444 4,0765
4,5179 4,5509
5,1418 5,1751
4 12:11
4,4088 4,4410
4,0450 4,0771
4,5181 4,5510
5,1421 5,1755
5 12:12
4,4087 4,4409
4,0449 4,0770
4,5176 4,5505
5,1419 5,1753
6 12:13
4,4087 4,4409
4,0451 4,0772
4,5176 4,5505
5,1421 5,1755
7 12:14
4,4082 4,4404
4,0441 4,0762
4,5171 4,5500
5,1410 5,1744
8 12:15
4,4078 4,4400
4,0435 4,0756
4,5167 4,5496
5,1401 5,1735
9 12:16
4,4082 4,4404
4,0441 4,0762
4,5170 4,5500
5,1412 5,1745
10 12:17
4,4073 4,4395
4,0435 4,0756
4,5157 4,5487
5,1403 5,1736
11 12:18
4,4065 4,4387
4,0423 4,0744
4,5148 4,5478
5,1398 5,1731
12 12:19
4,4064 4,4386
4,0417 4,0738
4,5142 4,5472
5,1397 5,1730
13 12:20
4,4055 4,4377
4,0412 4,0733
4,5133 4,5463
5,1383 5,1716
14 12:21
4,4053 4,4375
4,0414 4,0735
4,5136 4,5466
5,1381 5,1714
15 12:22
4,4062 4,4384
4,0421 4,0742
4,5145 4,5475
5,1395 5,1728
16 12:23
4,4067 4,4389
4,0426 4,0747
4,5151 4,5481
5,1398 5,1731
17 12:24
4,4062 4,4384
4,0416 4,0737
4,5145 4,5475
5,1388 5,1721
18 12:25
4,4067 4,4389
4,0419 4,0740
4,5143 4,5473
5,1394 5,1727
19 12:26
4,4064 4,4386
4,0422 4,0743
4,5146 4,5475
5,1387 5,1720
20 12:27
4,4064 4,4386
4,0422 4,0743
4,5148 4,5477
5,1384 5,1717
21 12:28
4,4064 4,4386
4,0422 4,0743
4,5146 4,5475
5,1384 5,1717
22 12:29
4,4068 4,4390
4,0428 4,0749
4,5150 4,5479
5,1388 5,1721
23 12:30
4,4066 4,4388
4,0422 4,0743
4,5143 4,5472
5,1383 5,1716
24 12:31
4,4055 4,4377
4,0409 4,0730
4,5132 4,5461
5,1371 5,1704
25 12:32
4,4056 4,4378
4,0412 4,0733
4,5133 4,5462
5,1382 5,1715
26 12:33
4,4054 4,4376
4,0410 4,0731
4,5131 4,5460
5,1382 5,1715
27 12:34
4,4053 4,4375
4,0411 4,0732
4,5128 4,5457
5,1381 5,1714
28 12:35
4,4052 4,4374
4,0408 4,0729
4,5122 4,5451
5,1374 5,1707
29 12:36
4,4053 4,4375
4,0410 4,0731
4,5116 4,5449
5,1372 5,1705
30 12:37
4,4051 4,4373
4,0408 4,0729
4,5118 4,5451
5,1371 5,1704
31 12:38
4,4050 4,4372
4,0406 4,0727
4,5113 4,5446
5,1374 5,1707
32 12:39
4,4051 4,4373
4,0406 4,0727
4,5109 4,5442
5,1374 5,1707
33 12:40
4,4051 4,4373
4,0406 4,0727
4,5104 4,5437
5,1370 5,1703
34 12:41
4,4050 4,4372
4,0406 4,0727
4,5105 4,5436
5,1371 5,1705
35 12:42
4,4048 4,4370
4,0404 4,0725
4,5103 4,5434
5,1371 5,1705
36 12:43
4,4051 4,4373
4,0407 4,0728
4,5108 4,5439
5,1375 5,1709
37 12:44
4,4048 4,4370
4,0395 4,0716
4,5101 4,5432
5,1359 5,1693
38 12:45
4,4049 4,4371
4,0399 4,0720
4,5104 4,5435
5,1367 5,1701
39 12:46
4,4045 4,4367
4,0394 4,0715
4,5097 4,5428
5,1368 5,1702
40 12:47
4,4046 4,4368
4,0396 4,0717
4,5104 4,5435
5,1369 5,1703
41 12:48
4,4047 4,4369
4,0399 4,0720
4,5120 4,5451
5,1373 5,1707
42 12:49
4,4047 4,4369
4,0394 4,0715
4,5120 4,5451
5,1373 5,1707
43 12:50
4,4048 4,4370
4,0393 4,0714
4,5121 4,5452
5,1375 5,1708
44 12:51
4,4048 4,4370
4,0397 4,0718
4,5122 4,5451
5,1378 5,1711
45 12:52
4,4048 4,4370
4,0400 4,0721
4,5127 4,5456
5,1384 5,1717
46 12:53
4,4048 4,4370
4,0400 4,0721
4,5122 4,5451
5,1384 5,1717
47 12:54
4,4047 4,4369
4,0407 4,0728
4,5126 4,5455
5,1398 5,1731
48 12:55
4,4048 4,4370
4,0411 4,0732
4,5129 4,5458
5,1405 5,1737
49 12:56
4,4047 4,4369
4,0411 4,0732
4,5127 4,5466
5,1407 5,1739
50 12:57
4,4048 4,4370
4,0408 4,0729
4,5135 4,5474
5,1412 5,1744
51 12:58
4,4050 4,4372
4,0417 4,0738
4,5140 4,5479
5,1420 5,1752
52 12:59
4,4053 4,4375
4,0424 4,0745
4,5140 4,5479
5,1423 5,1755
53 13:00
4,4054 4,4376
4,0424 4,0745
4,5141 4,5480
5,1412 5,1744
54 13:01
4,4049 4,4371
4,0418 4,0739
4,5137 4,5466
5,1409 5,1742
55 13:02
4,4051 4,4373
4,0424 4,0745
4,5139 4,5468
5,1415 5,1748
56 13:03
4,4053 4,4375
4,0425 4,0746
4,5141 4,5470
5,1416 5,1749
57 13:04
4,4052 4,4374
4,0420 4,0741
4,5142 4,5471
5,1415 5,1748
58 13:05
4,4052 4,4374
4,0420 4,0741
4,5140 4,5469
5,1407 5,1740
59 13:06
4,4069 4,4391
4,0436 4,0757
4,5156 4,5495
5,1431 5,1765
60 13:07
4,4068 4,4390
4,0435 4,0756
4,5153 4,5492
5,1446 5,1780
61 13:08
4,4069 4,4391
4,0436 4,0757
4,5152 4,5491
5,1441 5,1775
62 13:09
4,4073 4,4395
4,0438 4,0759
4,5152 4,5491
5,1443 5,1777
63 13:10
4,4071 4,4393
4,0448 4,0769
4,5155 4,5494
5,1451 5,1784
64 13:11
4,4068 4,4390
4,0450 4,0771
4,5145 4,5478
5,1455 5,1788
65 13:12
4,4053 4,4375
4,0433 4,0754
4,5130 4,5463
5,1432 5,1765
66 13:13
4,4049 4,4371
4,0425 4,0746
4,5126 4,5459
5,1428 5,1761
67 13:14
4,4049 4,4371
4,0431 4,0752
4,5126 4,5459
5,1434 5,1767
68 13:15
4,4057 4,4379
4,0448 4,0769
4,5144 4,5477
5,1456 5,1789
69 13:16
4,4059 4,4381
4,0451 4,0772
4,5142 4,5472
5,1454 5,1787
70 13:17
4,4052 4,4374
4,0439 4,0760
4,5130 4,5460
5,1446 5,1779
71 13:18
4,4051 4,4373
4,0438 4,0759
4,5129 4,5459
5,1445 5,1778
72 13:19
4,4051 4,4373
4,0439 4,0760
4,5128 4,5458
5,1447 5,1780
73 13:20
4,4048 4,4370
4,0437 4,0758
4,5125 4,5455
5,1441 5,1774
74 13:21
4,4047 4,4369
4,0439 4,0760
4,5123 4,5464
5,1445 5,1778
75 13:22
4,4049 4,4371
4,0434 4,0755
4,5125 4,5466
5,1445 5,1778
76 13:23
4,4047 4,4369
4,0430 4,0751
4,5121 4,5462
5,1442 5,1775
77 13:24
4,4047 4,4369
4,0423 4,0744
4,5116 4,5457
5,1439 5,1772
78 13:25
4,4047 4,4369
4,0426 4,0747
4,5123 4,5464
5,1445 5,1778
79 13:26
4,4044 4,4367
4,0422 4,0743
4,5122 4,5451
5,1440 5,1773
80 13:27
4,4043 4,4366
4,0423 4,0744
4,5123 4,5452
5,1446 5,1779
81 13:28
4,4046 4,4369
4,0424 4,0745
4,5124 4,5453
5,1447 5,1780
82 13:29
4,4048 4,4371
4,0424 4,0745
4,5126 4,5455
5,1452 5,1785
83 13:30
4,4049 4,4372
4,0421 4,0742
4,5123 4,5452
5,1450 5,1783
84 13:31
4,4049 4,4371
4,0423 4,0744
4,5122 4,5451
5,1444 5,1777
85 13:32
4,4050 4,4372
4,0418 4,0739
4,5119 4,5448
5,1436 5,1769
86 13:33
4,4054 4,4376
4,0422 4,0743
4,5129 4,5458
5,1441 5,1774
87 13:34
4,4053 4,4375
4,0421 4,0742
4,5130 4,5459
5,1440 5,1773
88 13:35
4,4054 4,4376
4,0422 4,0743
4,5132 4,5461
5,1438 5,1771
89 13:36
4,4054 4,4376
4,0424 4,0745
4,5129 4,5460
5,1438 5,1772
90 13:37
4,4060 4,4382
4,0428 4,0749
4,5134 4,5465
5,1440 5,1774
91 13:38
4,4060 4,4382
4,0428 4,0749
4,5132 4,5463
5,1441 5,1775
92 13:39
4,4060 4,4382
4,0428 4,0749
4,5127 4,5458
5,1441 5,1775
93 13:40
4,4060 4,4382
4,0426 4,0747
4,5127 4,5458
5,1441 5,1775
94 13:41
4,4063 4,4386
4,0429 4,0750
4,5130 4,5460
5,1445 5,1779
95 13:42
4,4061 4,4384
4,0423 4,0744
4,5126 4,5456
5,1442 5,1776
96 13:43
4,4057 4,4380
4,0416 4,0737
4,5124 4,5454
5,1441 5,1775
97 13:44
4,4058 4,4381
4,0416 4,0737
4,5120 4,5450
5,1441 5,1775
98 13:45
4,4060 4,4383
4,0417 4,0738
4,5122 4,5452
5,1447 5,1781
99 13:46
4,4063 4,4385
4,0414 4,0735
4,5120 4,5449
5,1449 5,1782
100 13:47
4,4063 4,4385
4,0414 4,0735
4,5119 4,5448
5,1452 5,1785
101 13:48
4,4063 4,4385
4,0414 4,0735
4,5122 4,5451
5,1451 5,1784
102 13:49
4,4064 4,4386
4,0413 4,0734
4,5125 4,5454
5,1450 5,1783
103 13:50
4,4063 4,4385
4,0416 4,0737
4,5124 4,5453
5,1446 5,1779
104 13:51
4,4063 4,4385
4,0417 4,0738
4,5125 4,5454
5,1444 5,1777
105 13:52
4,4064 4,4386
4,0417 4,0738
4,5124 4,5453
5,1438 5,1771
106 13:53
4,4053 4,4375
4,0401 4,0722
4,5109 4,5438
5,1428 5,1761
107 13:54
4,4059 4,4381
4,0412 4,0733
4,5119 4,5448
5,1438 5,1771
108 13:55
4,4060 4,4382
4,0420 4,0741
4,5121 4,5450
5,1442 5,1775
109 13:56
4,4063 4,4385
4,0423 4,0744
4,5130 4,5460
5,1442 5,1776
110 13:57
4,4063 4,4385
4,0420 4,0741
4,5121 4,5451
5,1442 5,1776
111 13:58
4,4067 4,4389
4,0429 4,0750
4,5127 4,5457
5,1446 5,1780
112 13:59
4,4062 4,4384
4,0422 4,0743
4,5119 4,5449
5,1434 5,1768
113 14:00
4,4061 4,4383
4,0423 4,0744
4,5118 4,5448
5,1436 5,1770
114 14:01
4,4063 4,4386
4,0430 4,0751
4,5121 4,5450
5,1444 5,1778
115 14:02
4,4061 4,4384
4,0434 4,0755
4,5119 4,5448
5,1442 5,1776
116 14:03
4,4062 4,4385
4,0432 4,0753
4,5124 4,5453
5,1444 5,1778
117 14:04
4,4054 4,4377
4,0426 4,0747
4,5114 4,5443
5,1434 5,1768
118 14:05
4,4050 4,4373
4,0426 4,0747
4,5115 4,5444
5,1433 5,1767
119 14:06
4,4049 4,4371
4,0422 4,0743
4,5117 4,5446
5,1434 5,1767
120 14:07
4,4049 4,4371
4,0422 4,0743
4,5122 4,5451
5,1434 5,1767
121 14:08
4,4050 4,4372
4,0420 4,0741
4,5120 4,5449
5,1438 5,1771
122 14:09
4,4046 4,4368
4,0419 4,0740
4,5118 4,5447
5,1434 5,1767
123 14:10
4,4040 4,4362
4,0413 4,0734
4,5112 4,5441
5,1427 5,1760
124 14:11
4,4043 4,4365
4,0411 4,0732
4,5115 4,5444
5,1430 5,1764
125 14:12
4,4044 4,4366
4,0410 4,0731
4,5116 4,5445
5,1428 5,1762
126 14:13
4,4043 4,4365
4,0405 4,0726
4,5115 4,5444
5,1425 5,1759
127 14:14
4,4044 4,4366
4,0402 4,0723
4,5114 4,5443
5,1425 5,1759
128 14:15
4,4038 4,4360
4,0399 4,0720
4,5108 4,5437
5,1424 5,1758
129 14:16
4,4035 4,4357
4,0394 4,0715
4,5101 4,5432
5,1418 5,1750
130 14:17
4,4036 4,4358
4,0400 4,0721
4,5105 4,5436
5,1420 5,1752
131 14:18
4,4036 4,4358
4,0404 4,0725
4,5107 4,5438
5,1423 5,1755
132 14:19
4,4036 4,4358
4,0404 4,0725
4,5109 4,5440
5,1422 5,1754
133 14:20
4,4036 4,4358
4,0404 4,0725
4,5110 4,5441
5,1419 5,1751
134 14:21
4,4037 4,4359
4,0405 4,0726
4,5109 4,5438
5,1418 5,1751
135 14:22
4,4036 4,4358
4,0403 4,0724
4,5109 4,5438
5,1418 5,1751
136 14:23
4,4036 4,4358
4,0404 4,0725
4,5108 4,5437
5,1417 5,1750
137 14:24
4,4036 4,4358
4,0404 4,0725
4,5108 4,5437
5,1420 5,1753
138 14:25
4,4036 4,4358
4,0404 4,0725
4,5108 4,5437
5,1423 5,1756
139 14:26
4,4036 4,4358
4,0404 4,0725
4,5101 4,5430
5,1417 5,1750
140 14:27
4,4037 4,4359
4,0403 4,0724
4,5100 4,5429
5,1421 5,1754
141 14:28
4,4037 4,4359
4,0406 4,0727
4,5099 4,5428
5,1425 5,1758
142 14:29
4,4037 4,4359
4,0403 4,0724
4,5100 4,5429
5,1425 5,1758
143 14:30
4,4037 4,4359
4,0400 4,0721
4,5100 4,5429
5,1427 5,1760
144 14:31
4,4036 4,4358
4,0399 4,0720
4,5095 4,5425
5,1435 5,1768
145 14:32
4,4037 4,4359
4,0401 4,0722
4,5099 4,5429
5,1436 5,1769
146 14:33
4,4037 4,4359
4,0403 4,0724
4,5096 4,5426
5,1433 5,1766
147 14:34
4,4037 4,4359
4,0405 4,0726
4,5099 4,5429
5,1433 5,1766
148 14:35
4,4036 4,4358
4,0402 4,0723
4,5098 4,5428
5,1429 5,1762
149 14:36
4,4036 4,4359
4,0402 4,0723
4,5095 4,5425
5,1423 5,1756
150 14:37
4,4036 4,4359
4,0404 4,0725
4,5095 4,5425
5,1426 5,1759
151 14:38
4,4037 4,4360
4,0403 4,0724
4,5096 4,5426
5,1431 5,1764
152 14:39
4,4036 4,4359
4,0400 4,0721
4,5093 4,5423
5,1429 5,1762
153 14:40
4,4036 4,4359
4,0402 4,0723
4,5093 4,5423
5,1426 5,1759
154 14:41
4,4036 4,4358
4,0400 4,0721
4,5099 4,5428
5,1423 5,1756
155 14:42
4,4036 4,4358
4,0402 4,0723
4,5103 4,5432
5,1420 5,1753
156 14:43
4,4036 4,4358
4,0402 4,0723
4,5099 4,5428
5,1420 5,1753
157 14:44
4,4036 4,4358
4,0402 4,0723
4,5101 4,5430
5,1429 5,1762
158 14:45
4,4036 4,4358
4,0399 4,0720
4,5096 4,5425
5,1432 5,1765
159 14:46
4,4036 4,4358
4,0399 4,0720
4,5098 4,5428
5,1432 5,1765
160 14:47
4,4035 4,4357
4,0398 4,0719
4,5104 4,5434
5,1430 5,1763
161 14:48
4,4029 4,4351
4,0390 4,0711
4,5102 4,5432
5,1426 5,1759
162 14:49
4,4028 4,4350
4,0389 4,0710
4,5103 4,5433
5,1428 5,1761
163 14:50
4,4027 4,4349
4,0389 4,0710
4,5101 4,5431
5,1427 5,1760
164 14:51
4,4011 4,4333
4,0370 4,0691
4,5084 4,5413
5,1412 5,1744
165 14:52
4,4010 4,4332
4,0369 4,0690
4,5086 4,5415
5,1410 5,1742
166 14:53
4,4003 4,4325
4,0367 4,0688
4,5079 4,5408
5,1410 5,1742
167 14:54
4,4002 4,4324
4,0366 4,0687
4,5076 4,5405
5,1408 5,1740
168 14:55
4,4004 4,4326
4,0369 4,0690
4,5079 4,5408
5,1415 5,1747
169 14:56
4,3993 4,4315
4,0355 4,0676
4,5067 4,5398
5,1397 5,1730
170 14:57
4,3993 4,4315
4,0357 4,0678
4,5072 4,5403
5,1396 5,1729
171 14:58
4,3992 4,4314
4,0356 4,0677
4,5074 4,5405
5,1395 5,1728
172 14:59
4,3993 4,4315
4,0355 4,0676
4,5072 4,5403
5,1405 5,1738
173 15:00
4,4002 4,4324
4,0360 4,0681
4,5083 4,5414
5,1436 5,1769
174 15:01
4,4004 4,4327
4,0360 4,0681
4,5086 4,5416
5,1434 5,1767
175 15:02
4,4006 4,4329
4,0364 4,0685
4,5086 4,5416
5,1430 5,1763
176 15:03
4,4007 4,4330
4,0368 4,0689
4,5089 4,5419
5,1437 5,1770
177 15:04
4,4003 4,4326
4,0372 4,0693
4,5080 4,5410
5,1430 5,1763
178 15:05
4,4001 4,4324
4,0368 4,0689
4,5078 4,5408
5,1427 5,1761
179 15:06
4,4003 4,4325
4,0374 4,0695
4,5080 4,5411
5,1429 5,1762
180 15:07
4,4002 4,4324
4,0371 4,0692
4,5077 4,5408
5,1422 5,1755
181 15:08
4,4008 4,4330
4,0374 4,0695
4,5087 4,5418
5,1425 5,1758
182 15:09
4,4007 4,4329
4,0374 4,0695
4,5084 4,5415
5,1425 5,1758
183 15:10
4,4008 4,4330
4,0378 4,0699
4,5085 4,5416
5,1425 5,1758
184 15:11
4,4007 4,4329
4,0379 4,0700
4,5088 4,5417
5,1424 5,1757
185 15:12
4,4005 4,4327
4,0376 4,0697
4,5086 4,5415
5,1422 5,1755
186 15:13
4,3998 4,4320
4,0367 4,0688
4,5081 4,5410
5,1420 5,1753
187 15:14
4,4005 4,4327
4,0376 4,0697
4,5086 4,5415
5,1422 5,1755
188 15:15
4,4005 4,4327
4,0372 4,0693
4,5088 4,5417
5,1420 5,1753
189 15:16
4,4006 4,4328
4,0373 4,0694
4,5086 4,5416
5,1420 5,1754
190 15:17
4,4005 4,4327
4,0372 4,0693
4,5085 4,5415
5,1419 5,1753
191 15:18
4,4006 4,4328
4,0373 4,0694
4,5086 4,5416
5,1418 5,1752
192 15:19
4,4006 4,4328
4,0371 4,0692
4,5081 4,5411
5,1420 5,1754
193 15:20
4,4005 4,4327
4,0368 4,0689
4,5080 4,5410
5,1419 5,1753
194 15:21
4,4005 4,4327
4,0368 4,0689
4,5081 4,5410
5,1419 5,1752
195 15:22
4,4005 4,4327
4,0365 4,0686
4,5086 4,5415
5,1415 5,1748
196 15:23
4,4008 4,4330
4,0369 4,0690
4,5084 4,5413
5,1417 5,1750
197 15:24
4,3998 4,4320
4,0360 4,0681
4,5074 4,5403
5,1411 5,1744
198 15:25
4,4000 4,4322
4,0365 4,0686
4,5078 4,5407
5,1416 5,1750
199 15:26
4,3999 4,4321
4,0363 4,0684
4,5077 4,5406
5,1421 5,1755
200 15:27
4,4008 4,4330
4,0369 4,0690
4,5082 4,5411
5,1431 5,1765
201 15:28
4,4011 4,4333
4,0377 4,0698
4,5087 4,5416
5,1431 5,1765
202 15:29
4,4008 4,4330
4,0373 4,0694
4,5084 4,5413
5,1429 5,1763
203 15:30
4,4006 4,4328
4,0367 4,0688
4,5080 4,5409
5,1426 5,1760
204 15:31
4,4007 4,4329
4,0370 4,0691
4,5083 4,5412
5,1427 5,1760
205 15:32
4,4009 4,4331
4,0370 4,0691
4,5085 4,5414
5,1425 5,1758
206 15:33
4,4003 4,4325
4,0364 4,0685
4,5081 4,5410
5,1420 5,1753
207 15:34
4,4003 4,4325
4,0362 4,0683
4,5083 4,5412
5,1417 5,1750
208 15:35
4,4014 4,4336
4,0373 4,0694
4,5095 4,5424
5,1434 5,1767
209 15:36
4,4010 4,4332
4,0371 4,0692
4,5090 4,5421
5,1429 5,1762
210 15:37
4,4011 4,4333
4,0372 4,0693
4,5091 4,5422
5,1424 5,1757
211 15:38
4,4014 4,4336
4,0371 4,0692
4,5096 4,5427
5,1415 5,1748
212 15:39
4,4014 4,4336
4,0375 4,0696
4,5094 4,5425
5,1422 5,1755
213 15:40
4,4015 4,4337
4,0381 4,0702
4,5099 4,5430
5,1428 5,1761
214 15:41
4,4009 4,4331
4,0376 4,0697
4,5094 4,5423
5,1417 5,1751
215 15:42
4,4014 4,4336
4,0380 4,0701
4,5099 4,5428
5,1429 5,1763
216 15:43
4,4018 4,4340
4,0384 4,0705
4,5106 4,5435
5,1437 5,1771
217 15:44
4,4020 4,4342
4,0384 4,0705
4,5108 4,5437
5,1443 5,1777
218 15:45
4,4022 4,4344
4,0388 4,0709
4,5110 4,5439
5,1436 5,1770
219 15:46
4,4029 4,4351
4,0396 4,0717
4,5117 4,5446
5,1442 5,1775
220 15:47
4,4038 4,4360
4,0403 4,0724
4,5127 4,5456
5,1450 5,1783
221 15:48
4,4040 4,4362
4,0406 4,0727
4,5128 4,5457
5,1443 5,1776
222 15:49
4,4041 4,4363
4,0409 4,0730
4,5129 4,5458
5,1441 5,1774
223 15:50
4,4043 4,4365
4,0411 4,0732
4,5131 4,5460
5,1443 5,1776
224 15:51
4,4047 4,4369
4,0414 4,0735
4,5135 4,5464
5,1451 5,1784
225 15:52
4,4035 4,4357
4,0401 4,0722
4,5123 4,5452
5,1440 5,1773
226 15:53
4,4042 4,4364
4,0406 4,0727
4,5130 4,5459
5,1448 5,1781
227 15:54
4,4042 4,4364
4,0404 4,0725
4,5128 4,5457
5,1454 5,1787
228 15:55
4,4037 4,4359
4,0401 4,0722
4,5124 4,5453
5,1443 5,1776
229 15:56
4,4040 4,4362
4,0402 4,0723
4,5126 4,5455
5,1452 5,1785
230 15:57
4,4039 4,4361
4,0399 4,0720
4,5125 4,5454
5,1453 5,1786
231 15:58
4,4045 4,4367
4,0404 4,0725
4,5131 4,5460
5,1463 5,1796
232 15:59
4,4048 4,4370
4,0406 4,0727
4,5132 4,5461
5,1468 5,1801
233 16:00
4,4049 4,4371
4,0406 4,0727
4,5132 4,5461
5,1456 5,1789
234 16:01
4,4051 4,4373
4,0409 4,0730
4,5133 4,5462
5,1467 5,1801
235 16:02
4,4048 4,4370
4,0406 4,0727
4,5132 4,5461
5,1460 5,1794
236 16:03
4,4042 4,4364
4,0399 4,0720
4,5123 4,5452
5,1456 5,1790
237 16:04
4,4042 4,4364
4,0400 4,0721
4,5123 4,5452
5,1456 5,1790
238 16:05
4,4046 4,4368
4,0404 4,0725
4,5125 4,5454
5,1461 5,1794
239 16:06
4,4051 4,4373
4,0410 4,0731
4,5130 4,5459
5,1468 5,1801
240 16:07
4,4052 4,4374
4,0406 4,0727
4,5131 4,5460
5,1475 5,1808
241 16:08
4,4050 4,4372
4,0402 4,0723
4,5127 4,5456
5,1470 5,1803
242 16:09
4,4049 4,4371
4,0403 4,0724
4,5126 4,5455
5,1474 5,1807
243 16:10
4,4048 4,4370
4,0406 4,0727
4,5125 4,5454
5,1476 5,1809
244 16:11
4,4049 4,4371
4,0403 4,0724
4,5128 4,5457
5,1480 5,1813
245 16:12
4,4045 4,4367
4,0399 4,0720
4,5126 4,5455
5,1474 5,1807
246 16:13
4,4046 4,4368
4,0396 4,0717
4,5132 4,5461
5,1473 5,1806
247 16:14
4,4046 4,4368
4,0397 4,0718
4,5132 4,5461
5,1473 5,1806
248 16:15
4,4043 4,4365
4,0394 4,0715
4,5129 4,5458
5,1473 5,1807
249 16:16
4,4044 4,4366
4,0397 4,0718
4,5130 4,5459
5,1468 5,1802
250 16:17
4,4043 4,4365
4,0398 4,0719
4,5129 4,5458
5,1473 5,1807
251 16:18
4,4043 4,4365
4,0396 4,0717
4,5129 4,5458
5,1473 5,1807
252 16:19
4,4040 4,4362
4,0391 4,0712
4,5124 4,5453
5,1469 5,1803
253 16:20
4,4041 4,4363
4,0392 4,0713
4,5118 4,5447
5,1470 5,1804
254 16:21
4,4042 4,4364
4,0389 4,0710
4,5119 4,5448
5,1472 5,1805
255 16:22
4,4040 4,4362
4,0386 4,0707
4,5113 4,5442
5,1473 5,1806
256 16:23
4,4041 4,4363
4,0385 4,0706
4,5112 4,5441
5,1466 5,1799
257 16:24
4,4044 4,4366
4,0385 4,0706
4,5113 4,5442
5,1465 5,1798
258 16:25
4,4052 4,4374
4,0395 4,0716
4,5123 4,5452
5,1472 5,1805
259 16:26
4,4052 4,4374
4,0392 4,0713
4,5119 4,5448
5,1466 5,1799
260 16:27
4,4051 4,4373
4,0394 4,0715
4,5121 4,5450
5,1470 5,1803
261 16:28
4,4051 4,4373
4,0390 4,0711
4,5118 4,5447
5,1466 5,1799
262 16:29
4,4052 4,4374
4,0383 4,0704
4,5119 4,5448
5,1464 5,1797
263 16:30
4,4051 4,4373
4,0384 4,0705
4,5118 4,5447
5,1457 5,1790
264 16:31
4,4050 4,4372
4,0378 4,0699
4,5120 4,5449
5,1453 5,1787
265 16:32
4,4050 4,4372
4,0381 4,0702
4,5120 4,5449
5,1444 5,1778
266 16:33
4,4050 4,4372
4,0387 4,0708
4,5122 4,5451
5,1456 5,1790
267 16:34
4,4050 4,4372
4,0387 4,0708
4,5124 4,5453
5,1453 5,1787
268 16:35
4,4050 4,4372
4,0392 4,0713
4,5124 4,5453
5,1456 5,1789
269 16:36
4,4051 4,4373
4,0404 4,0725
4,5130 4,5459
5,1464 5,1797
270 16:37
4,4051 4,4373
4,0407 4,0728
4,5123 4,5452
5,1456 5,1789
271 16:38
4,4049 4,4371
4,0407 4,0728
4,5121 4,5450
5,1455 5,1788
272 16:39
4,4048 4,4370
4,0408 4,0729
4,5120 4,5449
5,1452 5,1785
273 16:40
4,4049 4,4371
4,0409 4,0730
4,5127 4,5456
5,1450 5,1783
274 16:41
4,4049 4,4371
4,0409 4,0730
4,5129 4,5458
5,1450 5,1783
275 16:42
4,4052 4,4374
4,0413 4,0734
4,5133 4,5462
5,1459 5,1792
276 16:43
4,4044 4,4366
4,0399 4,0720
4,5121 4,5450
5,1450 5,1783
277 16:44
4,4045 4,4367
4,0405 4,0726
4,5122 4,5451
5,1445 5,1778
278 16:45
4,4045 4,4367
4,0401 4,0722
4,5122 4,5451
5,1444 5,1777
279 16:46
4,4047 4,4369
4,0403 4,0724
4,5124 4,5453
5,1447 5,1780
280 16:47
4,4048 4,4370
4,0404 4,0725
4,5125 4,5454
5,1448 5,1781
281 16:48
4,4044 4,4366
4,0400 4,0721
4,5116 4,5445
5,1440 5,1773
282 16:49
4,4044 4,4366
4,0398 4,0719
4,5107 4,5436
5,1437 5,1770
283 16:50
4,4044 4,4366
4,0396 4,0717
4,5106 4,5435
5,1437 5,1770
284 16:51
4,4045 4,4367
4,0399 4,0720
4,5107 4,5436
5,1432 5,1765
285 16:52
4,4045 4,4367
4,0398 4,0719
4,5106 4,5435
5,1436 5,1769
286 16:53
4,4045 4,4367
4,0398 4,0719
4,5106 4,5435
5,1439 5,1772
287 16:54
4,4045 4,4367
4,0396 4,0717
4,5108 4,5437
5,1436 5,1769
288 16:55
4,4046 4,4368
4,0398 4,0719
4,5109 4,5438
5,1443 5,1776
289 16:56
4,4047 4,4369
4,0407 4,0728
4,5112 4,5441
5,1448 5,1781
290 16:57
4,4044 4,4366
4,0402 4,0723
4,5107 4,5436
5,1441 5,1774
291 16:58
4,4044 4,4366
4,0402 4,0723
4,5097 4,5426
5,1439 5,1772
292 16:59
4,4042 4,4364
4,0395 4,0716
4,5092 4,5421
5,1432 5,1765
293 17:00
4,4050 4,4372
4,0400 4,0721
4,5099 4,5428
5,1445 5,1778
294 17:01
4,4050 4,4372
4,0400 4,0721
4,5099 4,5428
5,1445 5,1778
295 17:02
4,4050 4,4372
4,0400 4,0721
4,5099 4,5428
5,1445 5,1778
296 17:03
4,4050 4,4372
4,0400 4,0721
4,5099 4,5428
5,1445 5,1778
297 17:04
4,4070 4,4392
4,0422 4,0743
4,5131 4,5460
5,1468 5,1801
298 17:05
4,4071 4,4393
4,0426 4,0747
4,5129 4,5458
5,1468 5,1801
299 17:06
4,4072 4,4394
4,0430 4,0751
4,5136 4,5465
5,1476 5,1809
300 17:07
4,4073 4,4395
4,0431 4,0752
4,5132 4,5461
5,1484 5,1817
301 17:08
4,4074 4,4396
4,0427 4,0748
4,5133 4,5462
5,1481 5,1814
302 17:09
4,4073 4,4395
4,0430 4,0751
4,5131 4,5460
5,1483 5,1816
303 17:10
4,4074 4,4396
4,0435 4,0756
4,5133 4,5462
5,1487 5,1820
304 17:11
4,4074 4,4396
4,0431 4,0752
4,5128 4,5457
5,1478 5,1811
305 17:12
4,4074 4,4396
4,0433 4,0754
4,5128 4,5457
5,1478 5,1811
306 17:13
4,4074 4,4396
4,0426 4,0747
4,5123 4,5452
5,1472 5,1805
307 17:14
4,4073 4,4395
4,0425 4,0746
4,5122 4,5451
5,1471 5,1804
308 17:15
4,4075 4,4397
4,0425 4,0746
4,5124 4,5453
5,1479 5,1812
309 17:16
4,4075 4,4397
4,0425 4,0746
4,5129 4,5458
5,1479 5,1812
310 17:17
#======================
2023-7-4
# 1.EUR, 2.USD, 3.CHF, 4.GBP
Sell Price, Buy Price
1 18:06
4,4083 4,4408
4,0440 4,0769
4,5152 4,5488
5,1513 5,1849
2 18:07
4,4096 4,4420
4,0454 4,0782
4,5165 4,5496
5,1529 5,1864
3 18:08
4,4097 4,4420
4,0457 4,0785
4,5165 4,5495
5,1529 5,1862
4 18:09
4,4101 4,4424
4,0457 4,0785
4,5165 4,5498
5,1534 5,1868
5 18:10
4,4101 4,4423
4,0455 4,0781
4,5161 4,5490
5,1534 5,1867
6 18:11
4,4101 4,4423
4,0458 4,0782
4,5165 4,5494
5,1534 5,1867
7 18:12
4,4088 4,4438
4,0445 4,0798
4,5148 4,5509
5,1519 5,1884
8 18:13
4,4101 4,4423
4,0457 4,0784
4,5161 4,5494
5,1534 5,1867
9 18:14
4,4108 4,4430
4,0465 4,0791
4,5173 4,5502
5,1540 5,1873
10 18:15
4,4112 4,4434
4,0467 4,0790
4,5167 4,5496
5,1541 5,1874
11 18:16
4,4122 4,4444
4,0478 4,0804
4,5178 4,5507
5,1550 5,1883
12 18:17
4,4125 4,4447
4,0479 4,0806
4,5181 4,5510
5,1552 5,1885
13 18:18
4,4125 4,4447
4,0483 4,0810
4,5185 4,5514
5,1553 5,1886
14 18:19
4,4129 4,4451
4,0490 4,0815
4,5185 4,5514
5,1561 5,1894
15 18:20
4,4133 4,4455
4,0490 4,0817
4,5184 4,5513
5,1566 5,1899
16 18:21
4,4135 4,4458
4,0496 4,0820
4,5190 4,5519
5,1568 5,1902
17 18:22
4,4135 4,4457
4,0496 4,0823
4,5191 4,5520
5,1568 5,1901
18 18:23
4,4135 4,4457
4,0500 4,0823
4,5191 4,5524
5,1562 5,1895
19 18:24
4,4136 4,4458
4,0502 4,0828
4,5197 4,5526
5,1563 5,1896
20 18:25
4,4136 4,4458
4,0500 4,0827
4,5196 4,5525
5,1563 5,1896
21 18:26
4,4142 4,4464
4,0510 4,0837
4,5203 4,5534
5,1570 5,1903
22 18:27
4,4142 4,4464
4,0514 4,0838
4,5204 4,5536
5,1570 5,1903
23 18:28
4,4143 4,4465
4,0514 4,0841
4,5208 4,5537
5,1565 5,1898
24 18:29
4,4144 4,4467
4,0515 4,0843
4,5205 4,5539
5,1566 5,1900
25 18:30
4,4146 4,4469
4,0513 4,0840
4,5211 4,5540
5,1568 5,1901
26 18:31
4,4145 4,4467
4,0514 4,0840
4,5215 4,5544
5,1567 5,1900
27 18:32
4,4147 4,4471
4,0512 4,0840
4,5219 4,5549
5,1568 5,1901
28 18:33
4,4150 4,4472
4,0514 4,0840
4,5220 4,5549
5,1567 5,1900
29 18:34
4,4150 4,4472
4,0513 4,0840
4,5220 4,5549
5,1567 5,1900
30 18:35
4,4150 4,4472
4,0513 4,0840
4,5218 4,5550
5,1567 5,1900
31 18:36
4,4148 4,4475
4,0515 4,0847
4,5214 4,5552
5,1567 5,1902
32 18:37
4,4146 4,4474
4,0518 4,0850
4,5212 4,5551
5,1569 5,1908
33 18:38
4,4148 4,4475
4,0523 4,0851
4,5213 4,5546
5,1571 5,1915
34 18:39
4,4147 4,4475
4,0522 4,0851
4,5208 4,5547
5,1577 5,1917
35 18:40
4,4146 4,4474
4,0522 4,0854
4,5207 4,5546
5,1570 5,1910
36 18:41
4,4148 4,4475
4,0522 4,0853
4,5208 4,5541
5,1571 5,1909
37 18:42
4,4148 4,4475
4,0522 4,0853
4,5204 4,5541
5,1571 5,1909
38 18:43
4,4148 4,4475
4,0522 4,0853
4,5204 4,5541
5,1571 5,1909
39 18:44
4,4149 4,4474
4,0523 4,0852
4,5205 4,5540
5,1572 5,1908
40 18:45
4,4147 4,4473
4,0518 4,0849
4,5209 4,5541
5,1570 5,1907
41 18:46
4,4149 4,4474
4,0520 4,0850
4,5205 4,5540
5,1566 5,1902
42 18:47
4,4147 4,4475
4,0515 4,0845
4,5205 4,5539
5,1564 5,1903
43 18:48
4,4149 4,4476
4,0514 4,0843
4,5206 4,5544
5,1560 5,1898
44 18:49
4,4149 4,4473
4,0516 4,0845
4,5207 4,5541
5,1560 5,1895
45 18:50
4,4149 4,4476
4,0514 4,0844
4,5206 4,5544
5,1564 5,1903
46 18:51
4,4148 4,4474
4,0513 4,0843
4,5206 4,5538
5,1565 5,1902
47 18:52
4,4147 4,4475
4,0514 4,0847
4,5205 4,5543
5,1559 5,1905
48 18:53
4,4147 4,4476
4,0514 4,0848
4,5208 4,5544
5,1558 5,1898
49 18:54
4,4147 4,4475
4,0514 4,0847
4,5208 4,5543
5,1558 5,1897
50 18:55
4,4147 4,4475
4,0514 4,0847
4,5208 4,5543
5,1558 5,1897
51 18:56
4,4147 4,4475
4,0508 4,0839
4,5204 4,5543
5,1563 5,1899
52 18:57
4,4149 4,4476
4,0512 4,0843
4,5206 4,5544
5,1560 5,1898
53 18:58
4,4147 4,4475
4,0512 4,0844
4,5204 4,5543
5,1558 5,1897
54 18:59
4,4147 4,4475
4,0512 4,0844
4,5204 4,5543
5,1564 5,1897
55 19:00
4,4144 4,4481
4,0508 4,0847
4,5199 4,5544
5,1558 5,1909
56 19:01
4,4142 4,4479
4,0510 4,0850
4,5202 4,5545
5,1558 5,1908
57 19:02
4,4141 4,4479
4,0509 4,0850
4,5202 4,5547
5,1557 5,1914
58 19:03
4,4142 4,4480
4,0511 4,0849
4,5203 4,5548
5,1558 5,1915
59 19:04
4,4143 4,4482
4,0511 4,0849
4,5204 4,5550
5,1558 5,1917
60 19:05
4,4147 4,4482
4,0511 4,0849
4,5208 4,5550
5,1564 5,1917
61 19:06
4,4148 4,4483
4,0512 4,0850
4,5203 4,5550
5,1565 5,1919
62 19:07
4,4150 4,4482
4,0511 4,0847
4,5207 4,5550
5,1569 5,1913
63 19:08
4,4150 4,4482
4,0511 4,0847
4,5208 4,5546
5,1569 5,1913
64 19:09
4,4150 4,4480
4,0511 4,0845
4,5208 4,5544
5,1567 5,1910
65 19:10
4,4150 4,4480
4,0511 4,0845
4,5208 4,5544
5,1568 5,1909
66 19:11
4,4151 4,4482
4,0510 4,0845
4,5207 4,5546
5,1569 5,1917
67 19:12
4,4144 4,4482
4,0505 4,0847
4,5202 4,5546
5,1561 5,1918
68 19:13
4,4143 4,4482
4,0504 4,0842
4,5199 4,5544
5,1566 5,1918
69 19:14
4,4144 4,4481
4,0499 4,0840
4,5200 4,5544
5,1560 5,1916
70 19:15
4,4147 4,4484
4,0502 4,0843
4,5203 4,5546
5,1564 5,1920
71 19:16
4,4147 4,4482
4,0506 4,0842
4,5203 4,5544
5,1563 5,1910
72 19:17
4,4150 4,4484
4,0507 4,0845
4,5208 4,5548
5,1569 5,1915
73 19:18
4,4153 4,4482
4,0508 4,0841
4,5209 4,5544
5,1570 5,1911
74 19:19
4,4154 4,4481
4,0509 4,0840
4,5205 4,5538
5,1572 5,1910
75 19:20
4,4151 4,4482
4,0510 4,0842
4,5202 4,5539
5,1569 5,1911
76 19:21
4,4152 4,4480
4,0511 4,0840
4,5205 4,5539
5,1570 5,1909
77 19:22
4,4151 4,4482
4,0509 4,0844
4,5203 4,5545
5,1568 5,1911
78 19:23
4,4148 4,4483
4,0507 4,0846
4,5200 4,5546
5,1570 5,1917
79 19:24
4,4145 4,4484
4,0504 4,0847
4,5197 4,5547
5,1562 5,1920
80 19:25
4,4145 4,4483
4,0506 4,0844
4,5197 4,5546
5,1568 5,1919
81 19:26
4,4147 4,4484
4,0506 4,0843
4,5199 4,5547
5,1570 5,1920
82 19:27
4,4147 4,4484
4,0506 4,0843
4,5199 4,5547
5,1570 5,1920
83 19:28
4,4134 4,4475
4,0495 4,0839
4,5186 4,5538
5,1555 5,1909
84 19:29
4,4133 4,4474
4,0494 4,0838
4,5189 4,5541
5,1554 5,1908
85 19:30
4,4134 4,4472
4,0499 4,0836
4,5190 4,5539
5,1561 5,1912
86 19:31
4,4134 4,4473
4,0495 4,0837
4,5194 4,5539
5,1555 5,1907
87 19:32
4,4136 4,4473
4,0496 4,0833
4,5196 4,5539
5,1557 5,1909
88 19:33
4,4137 4,4474
4,0498 4,0838
4,5197 4,5540
5,1558 5,1914
89 19:34
4,4133 4,4473
4,0494 4,0837
4,5194 4,5545
5,1554 5,1907
90 19:35
4,4134 4,4472
4,0499 4,0840
4,5195 4,5544
5,1555 5,1906
91 19:36
4,4134 4,4470
4,0499 4,0838
4,5190 4,5537
5,1545 5,1899
92 19:37
4,4133 4,4471
4,0498 4,0839
4,5189 4,5538
5,1548 5,1899
93 19:38
4,4130 4,4470
4,0499 4,0838
4,5186 4,5537
5,1545 5,1899
94 19:39
4,4131 4,4470
4,0500 4,0838
4,5191 4,5536
5,1545 5,1897
95 19:40
4,4133 4,4470
4,0498 4,0838
4,5189 4,5536
5,1541 5,1896
96 19:41
4,4131 4,4469
4,0496 4,0837
4,5193 4,5537
5,1545 5,1896
97 19:42
4,4131 4,4470
4,0496 4,0838
4,5191 4,5536
5,1545 5,1897
98 19:43
4,4129 4,4469
4,0494 4,0837
4,5190 4,5541
5,1543 5,1896
99 19:44
4,4131 4,4469
4,0496 4,0837
4,5192 4,5541
5,1547 5,1897
100 19:45
4,4133 4,4471
4,0498 4,0839
4,5194 4,5543
5,1548 5,1899
101 19:46
4,4135 4,4471
4,0500 4,0839
4,5201 4,5548
5,1550 5,1899
102 19:47
4,4137 4,4473
4,0502 4,0842
4,5198 4,5541
5,1552 5,1901
103 19:48
4,4139 4,4474
4,0502 4,0841
4,5199 4,5540
5,1554 5,1901
104 19:49
4,4140 4,4475
4,0503 4,0842
4,5200 4,5541
5,1555 5,1902
105 19:50
4,4141 4,4474
4,0504 4,0841
4,5197 4,5537
5,1556 5,1901
106 19:51
4,4139 4,4474
4,0502 4,0841
4,5190 4,5531
5,1554 5,1901
107 19:52
4,4139 4,4474
4,0506 4,0841
4,5190 4,5531
5,1554 5,1901
108 19:53
4,4140 4,4475
4,0503 4,0838
4,5191 4,5532
5,1555 5,1902
109 19:54
4,4143 4,4478
4,0506 4,0841
4,5194 4,5531
5,1559 5,1907
110 19:55
4,4142 4,4477
4,0505 4,0844
4,5188 4,5529
5,1557 5,1904
111 19:56
4,4144 4,4479
4,0503 4,0842
4,5191 4,5533
5,1560 5,1907
112 19:57
4,4132 4,4472
4,0503 4,0844
4,5183 4,5530
5,1547 5,1907
113 19:58
4,4162 4,4490
4,0529 4,0861
4,5214 4,5549
5,1582 5,1921
114 19:59
4,4162 4,4490
4,0526 4,0858
4,5210 4,5549
5,1589 5,1929
115 20:00
4,4163 4,4494
4,0528 4,0863
4,5215 4,5553
5,1594 5,1937
116 20:01
4,4149 4,4489
4,0517 4,0861
4,5201 4,5548
5,1579 5,1932
117 20:02
4,4148 4,4487
4,0512 4,0854
4,5195 4,5540
5,1577 5,1928
118 20:03
4,4148 4,4485
4,0512 4,0852
4,5195 4,5543
5,1577 5,1927
119 20:04
4,4148 4,4485
4,0511 4,0848
4,5195 4,5539
5,1577 5,1927
120 20:05
4,4147 4,4485
4,0511 4,0848
4,5194 4,5543
5,1576 5,1927
121 20:06
4,4146 4,4484
4,0510 4,0851
4,5194 4,5542
5,1575 5,1926
122 20:07
4,4148 4,4485
4,0512 4,0852
4,5195 4,5539
5,1577 5,1927
123 20:08
4,4147 4,4485
4,0511 4,0852
4,5194 4,5539
5,1576 5,1927
