#======================
2023-7-7
# 1.EUR, 2.USD, 3.CHF, 4.GBP
Sell Price, Buy Price
1 14:01
4,4614 4,4937
4,0955 4,1278
4,5729 4,6059
5,2311 5,2645
2 14:02
4,4612 4,4935
4,0955 4,1278
4,5726 4,6056
5,2318 5,2652
3 14:03
4,4612 4,4935
4,0957 4,1280
4,5722 4,6052
5,2318 5,2652
4 14:04
4,4612 4,4935
4,0965 4,1288
4,5723 4,6053
5,2325 5,2659
5 14:05
4,4614 4,4937
4,0972 4,1295
4,5724 4,6054
5,2330 5,2664
6 14:06
4,4625 4,4948
4,0982 4,1305
4,5733 4,6062
5,2345 5,2679
7 14:07
4,4631 4,4954
4,0989 4,1312
4,5741 4,6070
5,2355 5,2689
8 14:08
4,4646 4,4969
4,0999 4,1322
4,5756 4,6085
5,2373 5,2707
9 14:09
4,4659 4,4982
4,1010 4,1333
4,5770 4,6099
5,2379 5,2713
10 14:10
4,4662 4,4985
4,1014 4,1337
4,5778 4,6107
5,2392 5,2726
11 14:11
4,4661 4,4984
4,1015 4,1338
4,5775 4,6105
5,2393 5,2727
12 14:12
4,4683 4,5006
4,1037 4,1360
4,5800 4,6130
5,2427 5,2761
13 14:13
4,4680 4,5003
4,1039 4,1362
4,5797 4,6127
5,2423 5,2757
14 14:14
4,4719 4,5042
4,1074 4,1397
4,5836 4,6166
5,2463 5,2797
15 14:15
4,4722 4,5045
4,1083 4,1406
4,5836 4,6166
5,2472 5,2806
16 14:16
4,4723 4,5046
4,1096 4,1419
4,5831 4,6161
5,2475 5,2809
17 14:17
4,4720 4,5043
4,1092 4,1415
4,5829 4,6159
5,2469 5,2803
18 14:18
4,4732 4,5055
4,1107 4,1430
4,5842 4,6172
5,2483 5,2817
19 14:19
4,4753 4,5076
4,1133 4,1456
4,5861 4,6191
5,2507 5,2841
20 14:20
4,4747 4,5070
4,1143 4,1466
4,5860 4,6190
5,2501 5,2835
21 14:21
4,4738 4,5061
4,1122 4,1445
4,5844 4,6174
5,2487 5,2821
22 14:22
4,4736 4,5059
4,1112 4,1435
4,5844 4,6174
5,2475 5,2809
23 14:23
4,4706 4,5029
4,1084 4,1407
4,5817 4,6147
5,2446 5,2780
24 14:24
4,4662 4,4985
4,1037 4,1360
4,5773 4,6103
5,2392 5,2726
25 14:25
4,4673 4,4996
4,1048 4,1371
4,5784 4,6114
5,2401 5,2735
26 14:26
4,4660 4,4983
4,1029 4,1352
4,5766 4,6096
5,2384 5,2718
27 14:27
4,4665 4,4988
4,1041 4,1364
4,5767 4,6097
5,2392 5,2726
28 14:28
4,4648 4,4971
4,1016 4,1339
4,5746 4,6076
5,2365 5,2699
29 14:29
4,4645 4,4968
4,1019 4,1342
4,5750 4,6080
5,2381 5,2715
30 14:30
4,4643 4,4966
4,1011 4,1340
4,5750 4,6089
5,2378 5,2712
31 14:31
4,4635 4,4958
4,0925 4,1250
4,5764 4,6098
5,2358 5,2692
32 14:32
4,4625 4,4948
4,0897 4,1220
4,5758 4,6088
5,2363 5,2697
33 14:33
4,4544 4,4875
4,0821 4,1150
4,5671 4,6005
5,2277 5,2613
34 14:34
4,4560 4,4891
4,0814 4,1143
4,5697 4,6035
5,2281 5,2622
35 14:35
4,4571 4,4899
4,0794 4,1124
4,5704 4,6039
5,2276 5,2615
36 14:36
4,4571 4,4894
4,0795 4,1118
4,5702 4,6036
5,2254 5,2590
37 14:37
4,4575 4,4898
4,0777 4,1100
4,5701 4,6035
5,2234 5,2570
38 14:38
4,4573 4,4896
4,0813 4,1136
4,5703 4,6037
5,2240 5,2576
39 14:39
4,4567 4,4890
4,0827 4,1150
4,5707 4,6041
5,2235 5,2571
40 14:40
4,4621 4,4944
4,0873 4,1196
4,5767 4,6101
5,2305 5,2641
41 14:41
4,4621 4,4944
4,0892 4,1215
4,5770 4,6099
5,2305 5,2639
42 14:42
4,4631 4,4954
4,0903 4,1226
4,5775 4,6104
5,2305 5,2639
43 14:43
4,4643 4,4966
4,0936 4,1259
4,5791 4,6120
5,2325 5,2659
44 14:44
4,4649 4,4972
4,0940 4,1263
4,5795 4,6124
5,2333 5,2667
45 14:45
4,4642 4,4965
4,0911 4,1234
4,5786 4,6115
5,2314 5,2648
46 14:46
4,4639 4,4962
4,0919 4,1242
4,5785 4,6115
5,2308 5,2642
47 14:47
4,4639 4,4962
4,0928 4,1251
4,5787 4,6117
5,2321 5,2655
48 14:48
4,4640 4,4963
4,0933 4,1256
4,5785 4,6115
5,2322 5,2656
49 14:49
4,4644 4,4967
4,0926 4,1249
4,5787 4,6117
5,2327 5,2661
50 14:50
4,4641 4,4964
4,0896 4,1219
4,5784 4,6114
5,2321 5,2655
51 14:51
4,4638 4,4961
4,0875 4,1198
4,5783 4,6113
5,2323 5,2657
52 14:52
4,4634 4,4957
4,0863 4,1186
4,5777 4,6107
5,2306 5,2640
53 14:53
4,4582 4,4905
4,0808 4,1131
4,5723 4,6053
5,2245 5,2579
54 14:54
4,4592 4,4915
4,0822 4,1145
4,5735 4,6065
5,2253 5,2587
55 14:55
4,4602 4,4925
4,0842 4,1165
4,5742 4,6072
5,2265 5,2599
56 14:56
4,4602 4,4925
4,0836 4,1159
4,5737 4,6067
5,2263 5,2597
57 14:57
4,4606 4,4929
4,0860 4,1183
4,5758 4,6088
5,2269 5,2603
58 14:58
4,4609 4,4932
4,0869 4,1192
4,5761 4,6091
5,2284 5,2618
59 14:59
4,4606 4,4929
4,0865 4,1188
4,5759 4,6089
5,2277 5,2611
60 15:00
4,4615 4,4938
4,0884 4,1207
4,5765 4,6095
5,2284 5,2618
61 15:01
4,4612 4,4935
4,0896 4,1219
4,5762 4,6092
5,2278 5,2612
62 15:02
4,4639 4,4962
4,0919 4,1242
4,5794 4,6124
5,2310 5,2644
63 15:03
4,4642 4,4965
4,0939 4,1262
4,5786 4,6116
5,2307 5,2641
64 15:04
4,4644 4,4967
4,0945 4,1268
4,5790 4,6120
5,2303 5,2637
65 15:05
4,4645 4,4968
4,0927 4,1250
4,5791 4,6121
5,2304 5,2638
66 15:06
4,4646 4,4969
4,0939 4,1262
4,5790 4,6120
5,2299 5,2633
67 15:07
4,4646 4,4969
4,0956 4,1279
4,5790 4,6120
5,2285 5,2619
68 15:08
4,4644 4,4967
4,0963 4,1286
4,5789 4,6119
5,2288 5,2622
69 15:09
4,4646 4,4969
4,0965 4,1288
4,5789 4,6119
5,2287 5,2621
70 15:10
4,4648 4,4971
4,0956 4,1279
4,5794 4,6124
5,2298 5,2632
71 15:11
4,4633 4,4956
4,0929 4,1252
4,5771 4,6101
5,2256 5,2590
72 15:12
4,4636 4,4959
4,0919 4,1242
4,5777 4,6107
5,2263 5,2597
73 15:13
4,4638 4,4961
4,0912 4,1235
4,5778 4,6108
5,2267 5,2601
74 15:14
4,4617 4,4940
4,0889 4,1212
4,5754 4,6084
5,2243 5,2577
75 15:15
4,4620 4,4943
4,0900 4,1223
4,5756 4,6086
5,2244 5,2578
76 15:16
4,4604 4,4927
4,0892 4,1215
4,5742 4,6072
5,2220 5,2554
77 15:17
4,4588 4,4911
4,0878 4,1201
4,5717 4,6047
5,2210 5,2544
78 15:18
4,4590 4,4913
4,0872 4,1195
4,5720 4,6050
5,2202 5,2536
79 15:19
4,4554 4,4877
4,0855 4,1178
4,5690 4,6020
5,2162 5,2496
80 15:20
4,4578 4,4901
4,0865 4,1188
4,5714 4,6044
5,2191 5,2525
81 15:21
4,4577 4,4900
4,0843 4,1166
4,5718 4,6048
5,2196 5,2530
82 15:22
4,4581 4,4904
4,0856 4,1179
4,5720 4,6050
5,2212 5,2546
83 15:23
4,4576 4,4899
4,0858 4,1181
4,5716 4,6046
5,2215 5,2549
84 15:24
4,4577 4,4900
4,0857 4,1180
4,5721 4,6051
5,2228 5,2562
85 15:25
4,4576 4,4899
4,0858 4,1181
4,5720 4,6050
5,2223 5,2557
86 15:26
4,4515 4,4838
4,0807 4,1130
4,5662 4,5991
5,2156 5,2491
87 15:27
4,4542 4,4865
4,0836 4,1159
4,5706 4,6036
5,2198 5,2533
88 15:28
4,4540 4,4863
4,0821 4,1144
4,5709 4,6039
5,2190 5,2525
89 15:29
4,4526 4,4849
4,0825 4,1148
4,5695 4,6025
5,2180 5,2515
90 15:30
4,4531 4,4854
4,0820 4,1143
4,5696 4,6026
5,2180 5,2515
91 15:31
4,4530 4,4853
4,0814 4,1137
4,5703 4,6033
5,2191 5,2525
92 15:32
4,4528 4,4851
4,0801 4,1124
4,5704 4,6034
5,2199 5,2533
93 15:33
4,4526 4,4849
4,0791 4,1114
4,5700 4,6030
5,2204 5,2538
94 15:34
4,4529 4,4852
4,0809 4,1132
4,5707 4,6037
5,2220 5,2554
95 15:35
4,4529 4,4852
4,0807 4,1130
4,5702 4,6032
5,2223 5,2557
96 15:36
4,4542 4,4865
4,0838 4,1161
4,5702 4,6031
5,2233 5,2567
97 15:37
4,4558 4,4881
4,0845 4,1168
4,5720 4,6049
5,2246 5,2580
98 15:38
4,4547 4,4870
4,0837 4,1160
4,5717 4,6046
5,2232 5,2566
99 15:39
4,4527 4,4850
4,0799 4,1122
4,5700 4,6029
5,2212 5,2546
100 15:40
4,4534 4,4857
4,0808 4,1131
4,5714 4,6043
5,2214 5,2548
101 15:41
4,4527 4,4850
4,0797 4,1120
4,5709 4,6039
5,2210 5,2544
102 15:42
4,4498 4,4821
4,0771 4,1094
4,5673 4,6003
5,2177 5,2511
103 15:43
4,4502 4,4825
4,0773 4,1096
4,5672 4,6002
5,2176 5,2510
104 15:44
4,4501 4,4824
4,0771 4,1094
4,5679 4,6009
5,2186 5,2520
105 15:45
4,4503 4,4826
4,0776 4,1099
4,5681 4,6011
5,2178 5,2512
106 15:46
4,4496 4,4819
4,0762 4,1085
4,5668 4,5998
5,2169 5,2503
107 15:47
4,4500 4,4823
4,0743 4,1066
4,5673 4,6003
5,2173 5,2507
108 15:48
4,4490 4,4813
4,0748 4,1071
4,5662 4,5992
5,2176 5,2510
109 15:49
4,4499 4,4822
4,0761 4,1084
4,5670 4,6000
5,2188 5,2522
110 15:50
4,4480 4,4803
4,0738 4,1061
4,5652 4,5982
5,2153 5,2487
111 15:51
4,4472 4,4795
4,0726 4,1049
4,5629 4,5958
5,2137 5,2471
112 15:52
4,4470 4,4793
4,0717 4,1040
4,5628 4,5957
5,2127 5,2461
113 15:53
4,4471 4,4794
4,0709 4,1032
4,5631 4,5960
5,2118 5,2452
114 15:54
4,4455 4,4778
4,0696 4,1019
4,5617 4,5946
5,2099 5,2433
115 15:55
4,4435 4,4758
4,0698 4,1021
4,5596 4,5925
5,2091 5,2425
116 15:56
4,4461 4,4784
4,0718 4,1041
4,5623 4,5953
5,2103 5,2437
117 15:57
4,4476 4,4799
4,0734 4,1057
4,5644 4,5974
5,2122 5,2456
118 15:58
4,4464 4,4787
4,0721 4,1044
4,5630 4,5960
5,2116 5,2450
119 15:59
4,4469 4,4792
4,0726 4,1049
4,5633 4,5963
5,2131 5,2465
120 16:00
4,4469 4,4792
4,0731 4,1054
4,5631 4,5961
5,2137 5,2471
121 16:01
4,4473 4,4796
4,0733 4,1056
4,5630 4,5960
5,2124 5,2458
122 16:02
4,4483 4,4806
4,0752 4,1075
4,5640 4,5970
5,2134 5,2468
123 16:03
4,4480 4,4803
4,0758 4,1081
4,5638 4,5968
5,2148 5,2482
124 16:04
4,4471 4,4794
4,0747 4,1070
4,5631 4,5961
5,2150 5,2484
125 16:05
4,4473 4,4796
4,0732 4,1055
4,5635 4,5965
5,2152 5,2486
126 16:06
4,4472 4,4795
4,0729 4,1052
4,5632 4,5962
5,2154 5,2488
127 16:07
4,4468 4,4791
4,0719 4,1042
4,5623 4,5953
5,2141 5,2475
128 16:08
4,4443 4,4766
4,0693 4,1016
4,5609 4,5939
5,2107 5,2441
129 16:09
4,4424 4,4747
4,0683 4,1006
4,5592 4,5922
5,2089 5,2423
130 16:10
4,4421 4,4744
4,0682 4,1005
4,5596 4,5926
5,2081 5,2415
131 16:11
4,4426 4,4749
4,0687 4,1010
4,5602 4,5932
5,2079 5,2413
132 16:12
4,4437 4,4760
4,0687 4,1010
4,5612 4,5942
5,2091 5,2425
133 16:13
4,4439 4,4762
4,0689 4,1012
4,5613 4,5943
5,2094 5,2428
134 16:14
4,4458 4,4781
4,0699 4,1022
4,5634 4,5964
5,2116 5,2450
135 16:15
4,4459 4,4782
4,0711 4,1034
4,5644 4,5974
5,2120 5,2454
136 16:16
4,4463 4,4786
4,0717 4,1040
4,5651 4,5981
5,2131 5,2465
137 16:17
4,4437 4,4760
4,0697 4,1020
4,5623 4,5953
5,2113 5,2447
138 16:18
4,4417 4,4740
4,0680 4,1003
4,5601 4,5931
5,2091 5,2425
139 16:19
4,4425 4,4748
4,0682 4,1005
4,5608 4,5938
5,2099 5,2433
140 16:20
4,4407 4,4730
4,0658 4,0981
4,5584 4,5914
5,2074 5,2408
141 16:21
4,4409 4,4732
4,0653 4,0976
4,5585 4,5915
5,2065 5,2399
142 16:22
4,4407 4,4730
4,0655 4,0978
4,5587 4,5917
5,2066 5,2400
143 16:23
4,4421 4,4744
4,0664 4,0987
4,5608 4,5938
5,2082 5,2416
144 16:24
4,4440 4,4763
4,0664 4,0987
4,5628 4,5958
5,2098 5,2432
145 16:25
4,4443 4,4766
4,0665 4,0988
4,5633 4,5963
5,2098 5,2432
146 16:26
4,4425 4,4748
4,0657 4,0980
4,5609 4,5939
5,2076 5,2410
147 16:27
4,4424 4,4747
4,0646 4,0969
4,5607 4,5937
5,2077 5,2411
148 16:28
4,4427 4,4750
4,0656 4,0979
4,5606 4,5936
5,2088 5,2422
149 16:29
4,4426 4,4749
4,0643 4,0966
4,5601 4,5931
5,2087 5,2421
150 16:30
4,4418 4,4741
4,0636 4,0959
4,5594 4,5924
5,2078 5,2412
151 16:31
4,4449 4,4772
4,0657 4,0980
4,5624 4,5954
5,2108 5,2442
152 16:32
4,4459 4,4782
4,0661 4,0984
4,5636 4,5966
5,2119 5,2453
153 16:33
4,4451 4,4774
4,0654 4,0977
4,5620 4,5950
5,2100 5,2434
154 16:34
4,4453 4,4776
4,0642 4,0965
4,5620 4,5950
5,2095 5,2429
155 16:35
4,4455 4,4778
4,0639 4,0962
4,5629 4,5959
5,2098 5,2432
156 16:36
4,4454 4,4777
4,0635 4,0958
4,5625 4,5955
5,2101 5,2435
157 16:37
4,4472 4,4795
4,0635 4,0958
4,5627 4,5957
5,2117 5,2451
158 16:38
4,4485 4,4808
4,0642 4,0965
4,5634 4,5964
5,2133 5,2467
159 16:39
4,4480 4,4803
4,0641 4,0964
4,5631 4,5961
5,2126 5,2460
160 16:40
4,4479 4,4802
4,0643 4,0966
4,5632 4,5962
5,2131 5,2465
161 16:41
4,4463 4,4787
4,0621 4,0944
4,5625 4,5954
5,2121 5,2455
162 16:42
4,4460 4,4784
4,0615 4,0938
4,5613 4,5942
5,2119 5,2453
163 16:43
4,4461 4,4785
4,0611 4,0934
4,5612 4,5941
5,2119 5,2453
164 16:44
4,4445 4,4769
4,0598 4,0921
4,5593 4,5922
5,2099 5,2433
165 16:45
4,4413 4,4737
4,0561 4,0884
4,5560 4,5889
5,2057 5,2391
166 16:46
4,4437 4,4761
4,0578 4,0901
4,5596 4,5925
5,2084 5,2418
167 16:47
4,4469 4,4793
4,0607 4,0930
4,5636 4,5965
5,2123 5,2457
168 16:48
4,4489 4,4813
4,0638 4,0961
4,5650 4,5979
5,2146 5,2480
169 16:49
4,4507 4,4831
4,0658 4,0981
4,5675 4,6004
5,2177 5,2511
170 16:50
4,4506 4,4830
4,0661 4,0984
4,5674 4,6003
5,2172 5,2506
171 16:51
4,4516 4,4840
4,0666 4,0989
4,5689 4,6018
5,2184 5,2518
172 16:52
4,4536 4,4860
4,0671 4,0994
4,5719 4,6048
5,2195 5,2529
173 16:53
4,4543 4,4867
4,0674 4,0997
4,5736 4,6065
5,2212 5,2546
174 16:54
4,4493 4,4817
4,0629 4,0952
4,5671 4,6000
5,2146 5,2480
175 16:55
4,4458 4,4782
4,0596 4,0919
4,5636 4,5965
5,2102 5,2436
176 16:56
4,4455 4,4779
4,0586 4,0909
4,5640 4,5969
5,2097 5,2431
177 16:57
4,4460 4,4784
4,0589 4,0912
4,5639 4,5968
5,2095 5,2429
178 16:58
4,4475 4,4799
4,0608 4,0931
4,5638 4,5967
5,2120 5,2454
179 16:59
4,4461 4,4785
4,0603 4,0926
4,5619 4,5948
5,2106 5,2440
180 17:00
4,4461 4,4785
4,0603 4,0926
4,5618 4,5947
5,2106 5,2440
181 17:01
4,4454 4,4778
4,0608 4,0931
4,5602 4,5931
5,2096 5,2430
182 17:02
4,4454 4,4778
4,0598 4,0921
4,5602 4,5931
5,2093 5,2427
183 17:03
4,4462 4,4786
4,0598 4,0921
4,5605 4,5934
5,2100 5,2434
184 17:04
4,4464 4,4788
4,0593 4,0916
4,5615 4,5944
5,2105 5,2439
185 17:05
4,4468 4,4792
4,0600 4,0923
4,5620 4,5949
5,2109 5,2443
186 17:06
4,4464 4,4788
4,0598 4,0921
4,5614 4,5943
5,2101 5,2435
187 17:07
4,4461 4,4785
4,0605 4,0928
4,5610 4,5939
5,2095 5,2429
188 17:08
4,4439 4,4763
4,0581 4,0905
4,5591 4,5920
5,2078 5,2412
189 17:09
4,4446 4,4770
4,0603 4,0926
4,5599 4,5928
5,2086 5,2420
190 17:10
4,4446 4,4770
4,0599 4,0922
4,5603 4,5932
5,2099 5,2433
191 17:11
4,4429 4,4753
4,0584 4,0907
4,5587 4,5916
5,2081 5,2415
192 17:12
4,4427 4,4751
4,0585 4,0908
4,5579 4,5908
5,2076 5,2410
193 17:13
4,4470 4,4794
4,0624 4,0947
4,5619 4,5948
5,2118 5,2452
194 17:14
4,4461 4,4785
4,0605 4,0928
4,5614 4,5943
5,2104 5,2438
195 17:15
4,4456 4,4780
4,0597 4,0920
4,5609 4,5938
5,2102 5,2436
196 17:16
4,4463 4,4787
4,0597 4,0920
4,5626 4,5955
5,2107 5,2441
197 17:17
4,4465 4,4789
4,0609 4,0932
4,5626 4,5955
5,2111 5,2445
198 17:18
4,4453 4,4777
4,0601 4,0924
4,5603 4,5932
5,2095 5,2429
199 17:19
4,4448 4,4772
4,0598 4,0921
4,5595 4,5924
5,2090 5,2424
200 17:20
4,4450 4,4774
4,0591 4,0914
4,5600 4,5929
5,2109 5,2443
201 17:21
4,4434 4,4758
4,0571 4,0894
4,5587 4,5916
5,2107 5,2441
202 17:22
4,4442 4,4766
4,0575 4,0898
4,5595 4,5924
5,2109 5,2443
203 17:23
4,4451 4,4775
4,0585 4,0908
4,5613 4,5942
5,2120 5,2454
204 17:24
4,4447 4,4771
4,0584 4,0907
4,5613 4,5942
5,2124 5,2458
205 17:25
4,4449 4,4773
4,0584 4,0907
4,5616 4,5945
5,2129 5,2463
206 17:26
4,4449 4,4773
4,0592 4,0915
4,5612 4,5941
5,2124 5,2458
207 17:27
4,4448 4,4772
4,0585 4,0908
4,5610 4,5939
5,2129 5,2463
208 17:28
4,4432 4,4756
4,0576 4,0899
4,5591 4,5920
5,2110 5,2444
209 17:29
4,4426 4,4753
4,0572 4,0900
4,5588 4,5920
5,2103 5,2440
210 17:30
4,4425 4,4753
4,0567 4,0896
4,5588 4,5920
5,2102 5,2440
211 17:31
4,4413 4,4749
4,0553 4,0889
4,5579 4,5920
5,2095 5,2436
212 17:32
4,4371 4,4720
4,0514 4,0858
4,5530 4,5879
5,2037 5,2393
213 17:33
4,4396 4,4723
4,0537 4,0865
4,5549 4,5878
5,2065 5,2399
214 17:34
4,4401 4,4725
4,0541 4,0864
4,5552 4,5881
5,2061 5,2395
215 17:35
4,4407 4,4740
4,0543 4,0873
4,5562 4,5899
5,2068 5,2412
216 17:36
4,4408 4,4746
4,0534 4,0872
4,5561 4,5903
5,2057 5,2407
217 17:37
4,4393 4,4751
4,0517 4,0873
4,5544 4,5907
5,2041 5,2414
218 17:38
4,4401 4,4730
4,0523 4,0849
4,5554 4,5886
5,2048 5,2388
219 17:39
4,4412 4,4767
4,0532 4,0885
4,5568 4,5923
5,2061 5,2431
220 17:40
4,4429 4,4770
4,0549 4,0889
4,5581 4,5926
5,2077 5,2429
221 17:41
4,4432 4,4764
4,0553 4,0881
4,5590 4,5922
5,2082 5,2425
222 17:42
4,4416 4,4773
4,0536 4,0887
4,5572 4,5929
5,2066 5,2439
223 17:43
4,4436 4,4769
4,0554 4,0883
4,5590 4,5925
5,2088 5,2428
224 17:44
4,4426 4,4760
4,0543 4,0873
4,5583 4,5918
5,2080 5,2419
225 17:45
4,4421 4,4760
4,0538 4,0872
4,5577 4,5920
5,2072 5,2416
226 17:46
4,4422 4,4758
4,0536 4,0868
4,5574 4,5915
5,2073 5,2421
227 17:47
4,4421 4,4756
4,0533 4,0865
4,5572 4,5912
5,2066 5,2413
228 17:48
4,4432 4,4762
4,0545 4,0871
4,5584 4,5919
5,2074 5,2415
229 17:49
4,4422 4,4748
4,0535 4,0859
4,5575 4,5905
5,2061 5,2397
230 17:50
4,4425 4,4750
4,0536 4,0859
4,5574 4,5903
5,2058 5,2392
231 17:51
4,4423 4,4748
4,0531 4,0854
4,5570 4,5900
5,2059 5,2393
232 17:52
4,4424 4,4749
4,0535 4,0858
4,5575 4,5904
5,2069 5,2403
233 17:53
4,4427 4,4751
4,0541 4,0865
4,5580 4,5909
5,2072 5,2406
234 17:54
4,4429 4,4753
4,0548 4,0871
4,5581 4,5910
5,2075 5,2409
235 17:55
4,4427 4,4751
4,0537 4,0860
4,5575 4,5904
5,2065 5,2399
236 17:56
4,4429 4,4753
4,0536 4,0859
4,5576 4,5905
5,2066 5,2400
237 17:57
4,4427 4,4751
4,0530 4,0853
4,5578 4,5907
5,2063 5,2397
238 17:58
4,4429 4,4753
4,0529 4,0852
4,5580 4,5909
5,2061 5,2395
239 17:59
4,4434 4,4758
4,0532 4,0855
4,5592 4,5921
5,2067 5,2401
240 18:00
4,4421 4,4753
4,0513 4,0849
4,5578 4,5915
5,2048 5,2392
241 18:01
4,4418 4,4757
4,0502 4,0842
4,5570 4,5910
5,2044 5,2390
242 18:02
4,4418 4,4759
4,0505 4,0849
4,5570 4,5916
5,2039 5,2392
243 18:03
4,4418 4,4757
4,0508 4,0847
4,5570 4,5914
5,2038 5,2389
244 18:04
4,4417 4,4753
4,0500 4,0839
4,5566 4,5906
5,2038 5,2380
245 18:05
4,4418 4,4759
4,0500 4,0841
4,5565 4,5911
5,2037 5,2387
246 18:06
4,4418 4,4759
4,0500 4,0841
4,5570 4,5916
5,2031 5,2385
247 18:07
4,4430 4,4769
4,0505 4,0847
4,5587 4,5931
5,2035 5,2384
248 18:08
4,4423 4,4754
4,0504 4,0839
4,5579 4,5915
5,2022 5,2364
249 18:09
4,4392 4,4724
4,0479 4,0812
4,5550 4,5891
5,1993 5,2336
250 18:10
4,4391 4,4722
4,0474 4,0809
4,5548 4,5887
5,1994 5,2332
251 18:11
4,4397 4,4722
4,0473 4,0803
4,5554 4,5883
5,1998 5,2332
252 18:12
4,4397 4,4722
4,0480 4,0810
4,5550 4,5879
5,1991 5,2325
253 18:13
4,4390 4,4722
4,0475 4,0811
4,5540 4,5876
5,1984 5,2327
254 18:14
4,4390 4,4722
4,0467 4,0802
4,5535 4,5875
5,1982 5,2319
255 18:15
4,4392 4,4729
4,0471 4,0812
4,5536 4,5878
5,1980 5,2327
256 18:16
4,4390 4,4722
4,0475 4,0811
4,5540 4,5876
5,1985 5,2328
257 18:17
4,4390 4,4722
4,0475 4,0811
4,5540 4,5876
5,1984 5,2326
258 18:18
4,4394 4,4725
4,0473 4,0808
4,5539 4,5875
5,1987 5,2329
259 18:19
4,4394 4,4724
4,0475 4,0809
4,5544 4,5878
5,1989 5,2330
260 18:20
4,4396 4,4721
4,0479 4,0808
4,5547 4,5879
5,1990 5,2325
261 18:21
4,4407 4,4733
4,0489 4,0816
4,5562 4,5892
5,2011 5,2346
262 18:22
4,4398 4,4733
4,0480 4,0815
4,5550 4,5889
5,1998 5,2344
263 18:23
4,4395 4,4721
4,0478 4,0809
4,5548 4,5879
5,1996 5,2331
264 18:24
4,4394 4,4741
4,0477 4,0826
4,5547 4,5899
5,1994 5,2355
265 18:25
4,4395 4,4739
4,0480 4,0826
4,5550 4,5898
5,1997 5,2354
266 18:26
4,4397 4,4739
4,0481 4,0823
4,5552 4,5898
5,1999 5,2354
267 18:27
4,4394 4,4740
4,0475 4,0823
4,5547 4,5898
5,1996 5,2355
268 18:28
4,4394 4,4734
4,0475 4,0815
4,5550 4,5898
5,1988 5,2340
269 18:29
4,4404 4,4732
4,0479 4,0812
4,5562 4,5895
5,1994 5,2332
270 18:30
4,4406 4,4732
4,0481 4,0812
4,5564 4,5895
5,1996 5,2333
271 18:31
4,4407 4,4732
4,0482 4,0812
4,5574 4,5903
5,1997 5,2332
272 18:32
4,4410 4,4737
4,0481 4,0813
4,5577 4,5908
5,2001 5,2338
273 18:33
4,4389 4,4724
4,0462 4,0800
4,5556 4,5896
5,1975 5,2321
274 18:34
4,4381 4,4722
4,0457 4,0802
4,5543 4,5893
5,1972 5,2326
275 18:35
4,4380 4,4720
4,0458 4,0802
4,5547 4,5892
5,1973 5,2325
276 18:36
4,4381 4,4722
4,0462 4,0806
4,5544 4,5893
5,1973 5,2326
277 18:37
4,4380 4,4720
4,0465 4,0804
4,5547 4,5892
5,1972 5,2324
278 18:38
4,4380 4,4720
4,0465 4,0808
4,5547 4,5892
5,1979 5,2328
279 18:39
4,4380 4,4710
4,0458 4,0792
4,5542 4,5877
5,1972 5,2312
280 18:40
4,4380 4,4710
4,0457 4,0788
4,5538 4,5873
5,1975 5,2313
281 18:41
4,4381 4,4710
4,0458 4,0788
4,5543 4,5877
5,1979 5,2318
282 18:42
4,4380 4,4710
4,0457 4,0788
4,5543 4,5879
5,1979 5,2320
283 18:43
4,4381 4,4710
4,0462 4,0792
4,5548 4,5882
5,1990 5,2330
284 18:44
4,4380 4,4710
4,0458 4,0792
4,5547 4,5882
5,1997 5,2338
285 18:45
4,4381 4,4712
4,0454 4,0789
4,5543 4,5878
5,1998 5,2341
286 18:46
4,4381 4,4712
4,0452 4,0785
4,5546 4,5883
5,1996 5,2338
287 18:47
4,4380 4,4710
4,0455 4,0789
4,5547 4,5882
5,2003 5,2344
288 18:48
4,4381 4,4712
4,0457 4,0792
4,5553 4,5893
5,2010 5,2351
289 18:49
4,4381 4,4712
4,0459 4,0793
4,5552 4,5887
5,2010 5,2351
290 18:50
4,4383 4,4714
4,0460 4,0792
4,5554 4,5889
5,2005 5,2347
291 18:51
4,4382 4,4712
4,0456 4,0790
4,5555 4,5889
5,2005 5,2345
292 18:52
4,4382 4,4712
4,0457 4,0791
4,5555 4,5889
5,2007 5,2345
293 18:53
4,4381 4,4712
4,0454 4,0789
4,5552 4,5887
5,2004 5,2345
294 18:54
4,4381 4,4712
4,0454 4,0785
4,5552 4,5887
5,2010 5,2351
295 18:55
4,4383 4,4713
4,0453 4,0786
4,5556 4,5890
5,2013 5,2354
296 18:56
4,4383 4,4713
4,0450 4,0784
4,5556 4,5890
5,2011 5,2352
297 18:57
4,4382 4,4712
4,0453 4,0787
4,5554 4,5891
5,2011 5,2351
298 18:58
4,4384 4,4713
4,0446 4,0776
4,5551 4,5885
5,2007 5,2346
299 18:59
4,4398 4,4725
4,0462 4,0793
4,5570 4,5902
5,2030 5,2367
300 19:00
4,4402 4,4729
4,0466 4,0794
4,5569 4,5900
5,2034 5,2371
301 19:01
4,4402 4,4728
4,0466 4,0794
4,5571 4,5901
5,2033 5,2367
302 19:02
4,4401 4,4727
4,0465 4,0792
4,5570 4,5900
5,2027 5,2363
303 19:03
4,4401 4,4727
4,0473 4,0800
4,5570 4,5900
5,2021 5,2357
304 19:04
4,4401 4,4728
4,0472 4,0803
4,5568 4,5899
5,2027 5,2364
305 19:05
4,4401 4,4728
4,0476 4,0803
4,5568 4,5899
5,2027 5,2364
306 19:06
4,4400 4,4728
4,0477 4,0809
4,5569 4,5901
5,2026 5,2364
307 19:07
4,4401 4,4728
4,0476 4,0807
4,5563 4,5894
5,2027 5,2364
308 19:08
4,4400 4,4729
4,0478 4,0811
4,5563 4,5897
5,2026 5,2361
309 19:09
4,4401 4,4728
4,0476 4,0807
4,5563 4,5894
5,2021 5,2358
310 19:10
4,4399 4,4727
4,0478 4,0807
4,5557 4,5894
5,2013 5,2352
311 19:11
4,4402 4,4727
4,0477 4,0806
4,5560 4,5894
5,2016 5,2351
312 19:12
4,4400 4,4729
4,0474 4,0807
4,5558 4,5896
5,2012 5,2352
313 19:13
4,4400 4,4728
4,0473 4,0805
4,5558 4,5891
5,2008 5,2346
314 19:14
4,4400 4,4728
4,0469 4,0801
4,5558 4,5891
5,2008 5,2346
315 19:15
4,4400 4,4728
4,0468 4,0797
4,5554 4,5891
5,2009 5,2344
316 19:16
4,4399 4,4729
4,0465 4,0795
4,5557 4,5892
5,2001 5,2342
317 19:17
4,4399 4,4729
4,0465 4,0795
4,5553 4,5892
5,2001 5,2342
318 19:18
4,4399 4,4729
4,0461 4,0795
4,5554 4,5888
5,2001 5,2336
319 19:19
4,4399 4,4730
4,0463 4,0794
4,5552 4,5887
5,1999 5,2341
320 19:20
4,4399 4,4730
4,0459 4,0790
4,5552 4,5887
5,1999 5,2335
321 19:21
4,4397 4,4735
4,0459 4,0801
4,5551 4,5894
5,1999 5,2348
322 19:22
4,4393 4,4725
4,0455 4,0791
4,5546 4,5883
5,1994 5,2337
323 19:23
4,4395 4,4725
4,0454 4,0788
4,5553 4,5888
5,1996 5,2336
324 19:24
4,4394 4,4719
4,0455 4,0781
4,5551 4,5880
5,1996 5,2334
325 19:25
4,4393 4,4719
4,0454 4,0785
4,5552 4,5882
5,2001 5,2336
326 19:26
4,4390 4,4714
4,0460 4,0783
4,5547 4,5876
5,1993 5,2327
327 19:27
4,4390 4,4714
4,0458 4,0781
4,5547 4,5876
5,2001 5,2335
328 19:28
4,4389 4,4713
4,0460 4,0783
4,5547 4,5876
5,2002 5,2336
329 19:29
4,4389 4,4713
4,0457 4,0780
4,5547 4,5876
5,2001 5,2335
330 19:30
4,4390 4,4714
4,0455 4,0778
4,5546 4,5875
5,2002 5,2336
331 19:31
4,4385 4,4709
4,0449 4,0774
4,5541 4,5870
5,1996 5,2330
332 19:32
4,4385 4,4709
4,0449 4,0774
4,5540 4,5869
5,1996 5,2330
333 19:33
4,4385 4,4709
4,0448 4,0771
4,5540 4,5869
5,1996 5,2330
334 19:34
4,4385 4,4709
4,0445 4,0770
4,5538 4,5867
5,1996 5,2330
335 19:35
4,4385 4,4709
4,0449 4,0774
4,5538 4,5867
5,1993 5,2327
336 19:36
4,4385 4,4709
4,0457 4,0781
4,5541 4,5871
5,1990 5,2324
337 19:37
4,4385 4,4709
4,0457 4,0783
4,5543 4,5872
5,1990 5,2324
338 19:38
4,4392 4,4716
4,0466 4,0794
4,5552 4,5884
5,2005 5,2339
339 19:39
4,4391 4,4715
4,0465 4,0792
4,5549 4,5878
5,1997 5,2331
340 19:40
4,4391 4,4715
4,0466 4,0792
4,5545 4,5874
5,1991 5,2325
341 19:41
4,4391 4,4715
4,0469 4,0795
4,5548 4,5877
5,2004 5,2338
342 19:42
4,4391 4,4715
4,0466 4,0792
4,5548 4,5877
5,2007 5,2341
343 19:43
4,4392 4,4716
4,0466 4,0789
4,5550 4,5879
5,2004 5,2338
344 19:44
4,4392 4,4716
4,0461 4,0790
4,5550 4,5883
5,2004 5,2338
345 19:45
4,4393 4,4718
4,0465 4,0794
4,5551 4,5885
5,2005 5,2340
346 19:46
4,4392 4,4716
4,0469 4,0792
4,5546 4,5877
5,2004 5,2338
347 19:47
4,4392 4,4716
4,0467 4,0793
4,5550 4,5879
5,2004 5,2338
348 19:48
4,4392 4,4716
4,0466 4,0791
4,5550 4,5879
5,2004 5,2338
349 19:49
4,4392 4,4716
4,0463 4,0788
4,5557 4,5886
5,2004 5,2338
350 19:50
4,4392 4,4716
4,0463 4,0788
4,5559 4,5888
5,2004 5,2338
351 19:51
4,4391 4,4715
4,0462 4,0787
4,5563 4,5892
5,2003 5,2337
352 19:52
4,4392 4,4716
4,0462 4,0785
4,5568 4,5897
5,2004 5,2338
353 19:53
4,4393 4,4717
4,0456 4,0782
4,5567 4,5897
5,1998 5,2332
354 19:54
4,4392 4,4716
4,0454 4,0777
4,5573 4,5902
5,2002 5,2336
355 19:55
4,4392 4,4716
4,0454 4,0781
4,5568 4,5897
5,1997 5,2331
356 19:56
4,4387 4,4711
4,0455 4,0778
4,5568 4,5897
5,1991 5,2325
357 19:57
4,4387 4,4711
4,0462 4,0785
4,5572 4,5901
5,1996 5,2330
358 19:58
4,4387 4,4711
4,0470 4,0793
4,5571 4,5900
5,1996 5,2330
359 19:59
4,4386 4,4710
4,0467 4,0790
4,5567 4,5896
5,1997 5,2331
360 20:00
4,4389 4,4713
4,0469 4,0792
4,5568 4,5897
5,2001 5,2335
361 20:01
4,4388 4,4712
4,0471 4,0794
4,5565 4,5894
5,1999 5,2333
362 20:02
4,4388 4,4712
4,0473 4,0796
4,5564 4,5893
5,1999 5,2333
363 20:03
4,4416 4,4759
4,0494 4,0839
4,5592 4,5941
5,2031 5,2387
364 20:04
4,4394 4,4746
4,0473 4,0824
4,5567 4,5929
5,2004 5,2372
365 20:05
4,4412 4,4784
4,0486 4,0855
4,5585 4,5962
5,2023 5,2414
366 20:06
4,4413 4,4773
4,0485 4,0845
4,5586 4,5951
5,2024 5,2399
367 20:07
4,4410 4,4770
4,0481 4,0842
4,5583 4,5948
5,2021 5,2396
368 20:08
4,4410 4,4770
4,0485 4,0846
4,5584 4,5950
5,2019 5,2395
369 20:09
4,4406 4,4779
4,0485 4,0855
4,5579 4,5957
5,2013 5,2405
370 20:10
4,4402 4,4770
4,0477 4,0842
4,5573 4,5949
5,2011 5,2396
371 20:11
4,4409 4,4767
4,0485 4,0841
4,5582 4,5945
5,2018 5,2392
372 20:12
4,4405 4,4771
4,0480 4,0843
4,5578 4,5950
5,2014 5,2396
373 20:13
4,4408 4,4766
4,0484 4,0844
4,5576 4,5939
5,2018 5,2391
374 20:14
4,4405 4,4772
4,0480 4,0848
4,5573 4,5945
5,2012 5,2397
375 20:15
4,4404 4,4771
4,0483 4,0847
4,5572 4,5944
5,2019 5,2402
376 20:16
4,4404 4,4771
4,0487 4,0855
4,5572 4,5944
5,2011 5,2395
377 20:17
4,4408 4,4775
4,0486 4,0853
4,5576 4,5948
5,2017 5,2400
378 20:18
4,4415 4,4781
4,0493 4,0860
4,5584 4,5956
5,2026 5,2409
379 20:19
4,4419 4,4783
4,0497 4,0858
4,5587 4,5956
5,2030 5,2410
380 20:20
4,4411 4,4779
4,0489 4,0858
4,5578 4,5951
5,2020 5,2405
381 20:21
4,4416 4,4784
4,0494 4,0863
4,5585 4,5959
5,2027 5,2412
382 20:22
4,4419 4,4786
4,0497 4,0865
4,5586 4,5963
5,2022 5,2406
383 20:23
4,4413 4,4786
4,0491 4,0865
4,5581 4,5963
5,2016 5,2407
384 20:24
4,4415 4,4787
4,0493 4,0862
4,5584 4,5966
5,2019 5,2409
385 20:25
4,4417 4,4787
4,0491 4,0862
4,5586 4,5962
5,2027 5,2415
386 20:26
4,4416 4,4787
4,0490 4,0862
4,5583 4,5960
5,2019 5,2407
387 20:27
4,4415 4,4787
4,0489 4,0858
4,5584 4,5962
5,2020 5,2405
388 20:28
4,4414 4,4786
4,0488 4,0857
4,5583 4,5961
5,2013 5,2402
389 20:29
4,4413 4,4785
4,0487 4,0856
4,5577 4,5955
5,2012 5,2401
390 20:30
4,4407 4,4767
4,0479 4,0841
4,5570 4,5935
5,2009 5,2383
391 20:31
4,4397 4,4771
4,0467 4,0841
4,5560 4,5943
5,1998 5,2385
392 20:32
4,4403 4,4774
4,0471 4,0843
4,5565 4,5942
5,2004 5,2387
393 20:33
4,4410 4,4769
4,0480 4,0841
4,5573 4,5937
5,2013 5,2388
394 20:34
4,4402 4,4769
4,0474 4,0842
4,5564 4,5941
5,2004 5,2387
395 20:35
4,4397 4,4769
4,0473 4,0842
4,5561 4,5943
5,1998 5,2388
396 20:36
4,4399 4,4767
4,0475 4,0840
4,5563 4,5941
5,2006 5,2386
397 20:37
4,4398 4,4770
4,0470 4,0840
4,5562 4,5944
5,2001 5,2390
398 20:38
4,4402 4,4773
4,0474 4,0842
4,5564 4,5945
5,1997 5,2385
399 20:39
4,4401 4,4767
4,0473 4,0836
4,5569 4,5940
5,1997 5,2379
400 20:40
4,4398 4,4765
4,0469 4,0836
4,5560 4,5937
5,1992 5,2376
401 20:41
4,4422 4,4752
4,0499 4,0831
4,5587 4,5921
5,2026 5,2363
402 20:42
4,4419 4,4753
4,0497 4,0831
4,5584 4,5922
5,2025 5,2370
403 20:43
4,4422 4,4750
4,0499 4,0832
4,5582 4,5914
5,2027 5,2365
404 20:44
4,4422 4,4750
4,0499 4,0832
4,5587 4,5919
5,2027 5,2365
405 20:45
4,4422 4,4750
4,0501 4,0833
4,5587 4,5919
5,2027 5,2367
406 20:46
4,4422 4,4750
4,0499 4,0832
4,5582 4,5917
5,2027 5,2365
407 20:47
4,4424 4,4751
4,0503 4,0833
4,5582 4,5913
5,2029 5,2366
408 20:48
4,4424 4,4751
4,0501 4,0833
4,5582 4,5913
5,2029 5,2366
409 20:49
4,4421 4,4753
4,0499 4,0835
4,5581 4,5917
5,2027 5,2370
410 20:50
4,4421 4,4753
4,0499 4,0835
4,5586 4,5922
5,2027 5,2370
411 20:51
4,4422 4,4753
4,0499 4,0833
4,5583 4,5921
5,2026 5,2368
412 20:52
4,4422 4,4753
4,0495 4,0826
4,5580 4,5915
5,2026 5,2368
413 20:53
4,4421 4,4751
4,0496 4,0830
4,5581 4,5915
5,2033 5,2374
414 20:54
4,4422 4,4753
4,0491 4,0826
4,5580 4,5915
5,2032 5,2374
415 20:55
4,4422 4,4753
4,0491 4,0823
4,5580 4,5915
5,2026 5,2368
416 20:56
4,4422 4,4753
4,0493 4,0826
4,5576 4,5916
5,2032 5,2374
417 20:57
4,4422 4,4753
4,0499 4,0831
4,5580 4,5915
5,2032 5,2374
418 20:58
4,4421 4,4753
4,0499 4,0835
4,5581 4,5917
5,2033 5,2376
419 20:59
4,4393 4,4730
4,0477 4,0813
4,5546 4,5887
5,1998 5,2346
420 21:00
4,4398 4,4731
4,0476 4,0813
4,5556 4,5894
5,2010 5,2355
421 21:01
4,4396 4,4727
4,0478 4,0813
4,5549 4,5889
5,2003 5,2344
422 21:02
4,4397 4,4727
4,0476 4,0811
4,5547 4,5881
5,2005 5,2346
423 21:03
4,4387 4,4726
4,0470 4,0809
4,5535 4,5878
5,1992 5,2342
424 21:04
4,4396 4,4726
4,0477 4,0811
4,5549 4,5884
5,2010 5,2349
425 21:05
4,4397 4,4728
4,0480 4,0812
4,5545 4,5880
5,2009 5,2346
426 21:06
4,4397 4,4728
4,0479 4,0814
4,5545 4,5880
5,2003 5,2345
427 21:07
4,4397 4,4728
4,0480 4,0812
4,5545 4,5880
5,2003 5,2345
428 21:08
4,4397 4,4728
4,0476 4,0811
4,5545 4,5880
5,2003 5,2345
429 21:09
4,4397 4,4728
4,0476 4,0811
4,5545 4,5880
5,2003 5,2345
430 21:10
4,4397 4,4728
4,0476 4,0811
4,5545 4,5880
5,2003 5,2345
431 21:11
4,4397 4,4728
4,0474 4,0807
4,5545 4,5880
5,2003 5,2345
432 21:12
4,4397 4,4728
4,0472 4,0807
4,5545 4,5880
5,2000 5,2339
433 21:13
4,4397 4,4728
4,0476 4,0807
4,5545 4,5880
5,2003 5,2345
434 21:14
4,4396 4,4726
4,0473 4,0807
4,5546 4,5880
5,1997 5,2338
435 21:15
4,4397 4,4728
4,0472 4,0803
4,5541 4,5877
5,1998 5,2339
436 21:16
4,4397 4,4728
4,0472 4,0807
4,5541 4,5881
5,1998 5,2339
437 21:17
4,4396 4,4726
4,0473 4,0807
4,5540 4,5875
5,1997 5,2337
438 21:18
4,4395 4,4725
4,0476 4,0810
4,5543 4,5879
5,1996 5,2336
439 21:19
4,4396 4,4727
4,0478 4,0813
4,5544 4,5880
5,1997 5,2338
440 21:20
4,4395 4,4725
4,0478 4,0813
4,5545 4,5879
5,1996 5,2336
441 21:21
4,4396 4,4727
4,0479 4,0811
4,5540 4,5880
5,1997 5,2338
442 21:22
4,4395 4,4727
4,0475 4,0808
4,5538 4,5875
5,1996 5,2332
443 21:23
4,4395 4,4727
4,0472 4,0808
4,5535 4,5876
5,1990 5,2333
444 21:24
4,4395 4,4727
4,0472 4,0808
4,5539 4,5876
5,1990 5,2333
445 21:25
4,4395 4,4727
4,0472 4,0804
4,5534 4,5871
5,1990 5,2333
446 21:26
4,4396 4,4727
4,0470 4,0803
4,5540 4,5876
5,1990 5,2327
447 21:27
4,4395 4,4727
4,0472 4,0804
4,5539 4,5876
5,1990 5,2327
448 21:28
4,4396 4,4727
4,0467 4,0802
4,5531 4,5871
5,1983 5,2325
449 21:29
4,4396 4,4727
4,0471 4,0803
4,5535 4,5871
5,1991 5,2326
450 21:30
4,4397 4,4729
4,0474 4,0810
4,5536 4,5873
5,1989 5,2329
451 21:31
4,4397 4,4728
4,0472 4,0807
4,5536 4,5872
5,1986 5,2327
452 21:32
4,4376 4,4709
4,0453 4,0786
4,5514 4,5851
5,1960 5,2304
453 21:33
4,4376 4,4709
4,0453 4,0790
4,5514 4,5851
5,1960 5,2304
454 21:34
4,4360 4,4749
4,0439 4,0827
4,5498 4,5894
5,1942 5,2350
455 21:35
4,4376 4,4709
4,0454 4,0790
4,5514 4,5851
5,1960 5,2304
456 21:36
4,4378 4,4708
4,0455 4,0786
4,5518 4,5852
5,1964 5,2298
457 21:37
4,4379 4,4710
4,0454 4,0788
4,5517 4,5852
5,1963 5,2299
458 21:38
4,4357 4,4749
4,0433 4,0821
4,5496 4,5894
5,1935 5,2346
