#======================
2023-9-5
# 1.EUR, 2.USD, 3.CHF, 4.GBP
Sell Price, Buy Price
3 00:01:20
4,4502 4,4927
4,1217 4,1641
4,6611 4,7054
5,2095 5,2542
4 00:02:21
4,4502 4,4927
4,1210 4,1635
4,6603 4,7045
5,2084 5,2535
5 00:03:21
4,4406 4,5019
4,1121 4,1720
4,6496 4,7141
5,1976 5,2634
6 00:04:21
4,4503 4,4926
4,1211 4,1634
4,6604 4,7044
5,2079 5,2529
7 00:05:21
4,4503 4,4926
4,1211 4,1634
4,6598 4,7043
5,2084 5,2529
8 00:06:21
4,4503 4,4926
4,1211 4,1634
4,6603 4,7048
5,2084 5,2529
7 00:07:20
4,4406 4,5019
4,1121 4,1720
4,6502 4,7146
5,1970 5,2640
8 00:08:21
4,4503 4,4926
4,1207 4,1634
4,6603 4,7048
5,2078 5,2529
9 07:19:21
4,4553 4,4896
4,1292 4,1637
4,6641 4,6993
5,2157 5,2516
10 07:20:21
4,4553 4,4896
4,1292 4,1637
4,6641 4,6993
5,2157 5,2516
11 07:21:21
4,4559 4,4902
4,1294 4,1635
4,6652 4,7004
5,2164 5,2523
12 07:22:20
4,4559 4,4903
4,1292 4,1638
4,6650 4,7003
5,2164 5,2524
13 07:23:20
4,4559 4,4903
4,1292 4,1638
4,6651 4,7007
5,2164 5,2524
14 07:24:21
4,4559 4,4903
4,1292 4,1638
4,6651 4,7009
5,2164 5,2524
15 07:25:21
4,4555 4,4901
4,1288 4,1636
4,6647 4,7007
5,2159 5,2520
16 07:26:21
4,4555 4,4901
4,1288 4,1636
4,6647 4,7007
5,2159 5,2520
17 07:27:20
4,4556 4,4900
4,1289 4,1635
4,6652 4,7005
5,2154 5,2513
18 07:28:20
4,4557 4,4900
4,1292 4,1637
4,6655 4,7007
5,2157 5,2515
19 07:29:20
4,4557 4,4900
4,1300 4,1641
4,6655 4,7007
5,2157 5,2515
20 07:30:21
4,4554 4,4898
4,1295 4,1637
4,6650 4,7003
5,2152 5,2512
21 07:31:21
4,4551 4,4900
4,1297 4,1643
4,6654 4,7012
5,2149 5,2514
22 07:32:21
4,4551 4,4900
4,1305 4,1651
4,6659 4,7017
5,2149 5,2514
23 07:33:21
4,4550 4,4899
4,1304 4,1654
4,6658 4,7016
5,2155 5,2521
24 07:34:20
4,4550 4,4899
4,1308 4,1658
4,6658 4,7016
5,2150 5,2513
25 07:35:21
4,4550 4,4899
4,1308 4,1659
4,6658 4,7016
5,2148 5,2513
26 07:36:21
4,4550 4,4899
4,1308 4,1655
4,6653 4,7011
5,2148 5,2513
27 07:37:21
4,4552 4,4900
4,1308 4,1654
4,6653 4,7010
5,2156 5,2520
28 07:38:21
4,4550 4,4899
4,1312 4,1659
4,6653 4,7011
5,2154 5,2519
29 07:39:21
4,4550 4,4899
4,1312 4,1663
4,6653 4,7011
5,2160 5,2519
30 07:40:20
4,4550 4,4901
4,1312 4,1664
4,6653 4,7013
5,2161 5,2529
31 07:41:20
4,4551 4,4903
4,1312 4,1665
4,6652 4,7013
5,2160 5,2529
32 07:43:20
4,4550 4,4901
4,1312 4,1661
4,6653 4,7013
5,2161 5,2529
33 07:44:20
4,4563 4,4904
4,1320 4,1662
4,6666 4,7016
5,2176 5,2532
34 07:45:21
4,4563 4,4904
4,1320 4,1662
4,6666 4,7016
5,2176 5,2532
35 07:46:21
4,4566 4,4907
4,1323 4,1666
4,6669 4,7018
5,2180 5,2536
36 07:47:20
4,4566 4,4907
4,1319 4,1662
4,6669 4,7018
5,2180 5,2530
37 07:48:20
4,4566 4,4907
4,1323 4,1662
4,6674 4,7024
5,2180 5,2536
38 07:49:21
4,4566 4,4907
4,1323 4,1662
4,6674 4,7024
5,2180 5,2536
39 07:50:21
4,4559 4,4914
4,1316 4,1668
4,6671 4,7036
5,2172 5,2544
40 07:51:21
4,4566 4,4912
4,1321 4,1665
4,6672 4,7027
5,2178 5,2539
41 07:52:21
4,4573 4,4914
4,1330 4,1669
4,6682 4,7032
5,2189 5,2543
42 07:53:20
4,4551 4,4897
4,1307 4,1651
4,6657 4,7012
5,2148 5,2503
43 07:54:20
4,4552 4,4917
4,1309 4,1675
4,6655 4,7031
5,2150 5,2531
44 07:55:21
4,4555 4,4923
4,1315 4,1683
4,6657 4,7035
5,2153 5,2534
45 07:56:21
4,4555 4,4923
4,1315 4,1683
4,6657 4,7035
5,2147 5,2535
46 07:57:21
4,4555 4,4923
4,1315 4,1683
4,6652 4,7030
5,2147 5,2529
47 07:58:20
4,4553 4,4916
4,1306 4,1666
4,6650 4,7023
5,2146 5,2522
48 07:59:20
4,4552 4,4915
4,1305 4,1665
4,6649 4,7022
5,2144 5,2519
49 08:00:21
4,4553 4,4914
4,1304 4,1665
4,6650 4,7021
5,2145 5,2518
50 08:01:21
4,4578 4,4899
4,1329 4,1651
4,6681 4,7010
5,2171 5,2504
51 08:02:21
4,4570 4,4891
4,1320 4,1642
4,6673 4,7002
5,2142 5,2475
52 08:03:20
4,4570 4,4891
4,1319 4,1641
4,6687 4,7016
5,2152 5,2485
53 08:04:20
4,4570 4,4891
4,1323 4,1645
4,6687 4,7016
5,2150 5,2483
54 08:05:21
4,4570 4,4891
4,1327 4,1649
4,6687 4,7016
5,2140 5,2473
55 08:06:21
4,4559 4,4880
4,1320 4,1642
4,6675 4,7004
5,2127 5,2460
56 08:07:20
4,4573 4,4894
4,1336 4,1658
4,6691 4,7020
5,2142 5,2475
57 08:08:20
4,4575 4,4896
4,1335 4,1657
4,6692 4,7021
5,2149 5,2482
58 08:09:20
4,4575 4,4896
4,1335 4,1657
4,6692 4,7021
5,2140 5,2473
59 08:10:21
4,4568 4,4889
4,1325 4,1647
4,6680 4,7009
5,2132 5,2465
60 08:11:21
4,4568 4,4889
4,1325 4,1647
4,6683 4,7012
5,2141 5,2474
61 08:12:21
4,4568 4,4889
4,1325 4,1647
4,6690 4,7019
5,2141 5,2474
62 08:13:20
4,4567 4,4888
4,1324 4,1646
4,6689 4,7018
5,2142 5,2475
63 08:14:20
4,4568 4,4889
4,1325 4,1647
4,6690 4,7019
5,2144 5,2477
64 08:15:21
4,4568 4,4889
4,1339 4,1661
4,6690 4,7019
5,2144 5,2477
65 08:16:21
4,4568 4,4889
4,1341 4,1663
4,6692 4,7021
5,2138 5,2471
66 08:17:20
4,4568 4,4889
4,1341 4,1663
4,6693 4,7022
5,2138 5,2471
67 08:18:20
4,4560 4,4881
4,1333 4,1655
4,6684 4,7013
5,2129 5,2462
68 08:19:20
4,4559 4,4880
4,1332 4,1654
4,6683 4,7012
5,2127 5,2460
69 08:20:21
4,4575 4,4896
4,1361 4,1683
4,6700 4,7029
5,2146 5,2479
70 08:21:21
4,4571 4,4892
4,1359 4,1681
4,6696 4,7025
5,2141 5,2474
71 08:22:21
4,4570 4,4891
4,1352 4,1674
4,6692 4,7021
5,2140 5,2473
72 08:23:20
4,4570 4,4891
4,1354 4,1676
4,6692 4,7021
5,2140 5,2473
73 08:24:20
4,4570 4,4891
4,1358 4,1680
4,6692 4,7021
5,2140 5,2473
74 08:25:21
4,4570 4,4891
4,1358 4,1680
4,6692 4,7021
5,2140 5,2473
75 08:26:21
4,4553 4,4874
4,1342 4,1664
4,6674 4,7003
5,2105 5,2438
76 08:27:21
4,4553 4,4874
4,1342 4,1664
4,6674 4,7003
5,2105 5,2438
77 08:28:21
4,4547 4,4868
4,1337 4,1659
4,6668 4,6997
5,2098 5,2431
78 08:29:20
4,4547 4,4868
4,1337 4,1659
4,6687 4,7016
5,2098 5,2431
79 08:30:20
4,4547 4,4868
4,1366 4,1688
4,6677 4,7006
5,2103 5,2436
80 08:31:20
4,4547 4,4868
4,1366 4,1688
4,6677 4,7006
5,2098 5,2431
81 08:32:21
4,4547 4,4868
4,1366 4,1688
4,6673 4,7002
5,2098 5,2431
82 08:33:21
4,4525 4,4846
4,1351 4,1673
4,6650 4,6979
5,2072 5,2405
83 08:34:21
4,4524 4,4845
4,1350 4,1672
4,6656 4,6985
5,2071 5,2404
84 08:35:20
4,4524 4,4845
4,1363 4,1685
4,6656 4,6985
5,2071 5,2404
85 08:36:20
4,4524 4,4845
4,1363 4,1685
4,6644 4,6973
5,2071 5,2404
86 08:37:21
4,4524 4,4845
4,1363 4,1685
4,6641 4,6970
5,2080 5,2413
87 08:38:21
4,4524 4,4845
4,1369 4,1691
4,6641 4,6970
5,2077 5,2410
88 08:39:21
4,4524 4,4845
4,1361 4,1683
4,6641 4,6970
5,2077 5,2410
89 08:40:21
4,4556 4,4877
4,1394 4,1716
4,6677 4,7006
5,2119 5,2452
90 08:41:20
4,4559 4,4880
4,1398 4,1720
4,6678 4,7007
5,2118 5,2451
91 12:13:21
4,4654 4,4976
4,1556 4,1878
4,6786 4,7114
5,2205 5,2538
92 12:14:21
4,4654 4,4976
4,1548 4,1870
4,6784 4,7112
5,2205 5,2538
93 12:15:20
4,4640 4,4962
4,1535 4,1857
4,6766 4,7094
5,2188 5,2521
94 12:16:21
4,4641 4,4963
4,1536 4,1858
4,6767 4,7095
5,2190 5,2522
95 12:17:21
4,4640 4,4962
4,1535 4,1857
4,6767 4,7095
5,2190 5,2522
96 12:18:21
4,4643 4,4965
4,1538 4,1860
4,6775 4,7103
5,2198 5,2530
97 12:19:21
4,4643 4,4965
4,1538 4,1860
4,6774 4,7102
5,2202 5,2534
98 12:20:20
4,4644 4,4966
4,1537 4,1859
4,6773 4,7101
5,2203 5,2535
99 12:21:21
4,4645 4,4967
4,1544 4,1866
4,6769 4,7097
5,2211 5,2543
100 12:22:21
4,4645 4,4967
4,1540 4,1862
4,6767 4,7095
5,2198 5,2530
101 12:23:21
4,4642 4,4964
4,1537 4,1859
4,6762 4,7090
5,2206 5,2538
102 12:24:20
4,4645 4,4967
4,1537 4,1859
4,6762 4,7090
5,2222 5,2554
103 12:25:20
4,4645 4,4967
4,1537 4,1859
4,6762 4,7090
5,2222 5,2554
104 12:26:21
4,4644 4,4966
4,1537 4,1859
4,6761 4,7089
5,2221 5,2554
105 12:27:21
4,4644 4,4966
4,1531 4,1853
4,6761 4,7089
5,2221 5,2554
106 12:28:21
4,4645 4,4967
4,1536 4,1858
4,6757 4,7085
5,2222 5,2555
107 12:29:21
4,4645 4,4967
4,1536 4,1858
4,6762 4,7090
5,2216 5,2549
108 12:30:20
4,4646 4,4968
4,1541 4,1863
4,6763 4,7091
5,2217 5,2550
109 12:31:20
4,4646 4,4968
4,1541 4,1863
4,6763 4,7091
5,2211 5,2544
110 12:32:21
4,4645 4,4967
4,1538 4,1860
4,6762 4,7090
5,2210 5,2543
111 12:33:21
4,4646 4,4968
4,1539 4,1861
4,6763 4,7091
5,2205 5,2538
112 12:34:20
4,4646 4,4968
4,1539 4,1861
4,6763 4,7091
5,2201 5,2534
113 12:35:20
4,4646 4,4968
4,1541 4,1863
4,6766 4,7094
5,2199 5,2532
114 12:36:21
4,4646 4,4968
4,1541 4,1863
4,6767 4,7094
5,2199 5,2532
115 12:37:21
4,4654 4,4976
4,1548 4,1870
4,6775 4,7102
5,2208 5,2541
116 12:38:21
4,4655 4,4977
4,1549 4,1871
4,6778 4,7105
5,2215 5,2548
117 12:39:21
4,4654 4,4976
4,1546 4,1868
4,6777 4,7104
5,2226 5,2559
118 12:40:20
4,4652 4,4974
4,1543 4,1865
4,6778 4,7105
5,2228 5,2561
119 12:41:20
4,4652 4,4974
4,1543 4,1865
4,6779 4,7107
5,2222 5,2554
120 12:42:21
4,4651 4,4973
4,1542 4,1864
4,6778 4,7106
5,2222 5,2554
121 12:43:21
4,4652 4,4974
4,1550 4,1872
4,6777 4,7105
5,2213 5,2545
122 12:44:21
4,4652 4,4974
4,1550 4,1872
4,6777 4,7105
5,2213 5,2545
123 12:45:20
4,4656 4,4978
4,1554 4,1876
4,6781 4,7109
5,2217 5,2549
124 12:46:20
4,4656 4,4978
4,1554 4,1876
4,6786 4,7114
5,2216 5,2549
125 12:47:21
4,4656 4,4978
4,1554 4,1876
4,6784 4,7112
5,2216 5,2549
126 12:48:21
4,4656 4,4978
4,1558 4,1880
4,6784 4,7112
5,2232 5,2565
127 12:49:21
4,4656 4,4978
4,1558 4,1880
4,6778 4,7106
5,2229 5,2562
128 12:50:21
4,4656 4,4978
4,1558 4,1880
4,6781 4,7109
5,2229 5,2562
129 12:51:20
4,4654 4,4976
4,1556 4,1878
4,6777 4,7105
5,2228 5,2560
130 12:52:20
4,4653 4,4975
4,1555 4,1877
4,6778 4,7106
5,2223 5,2555
131 12:53:21
4,4653 4,4975
4,1555 4,1877
4,6773 4,7101
5,2223 5,2555
132 12:54:21
4,4640 4,4962
4,1543 4,1865
4,6760 4,7088
5,2208 5,2540
133 12:55:21
4,4641 4,4963
4,1544 4,1866
4,6758 4,7086
5,2209 5,2541
134 12:56:20
4,4647 4,4969
4,1553 4,1875
4,6767 4,7096
5,2206 5,2539
135 12:57:20
4,4655 4,4977
4,1562 4,1884
4,6774 4,7103
5,2214 5,2547
136 12:58:21
4,4661 4,4983
4,1578 4,1900
4,6782 4,7111
5,2222 5,2555
137 12:59:21
4,4665 4,4987
4,1584 4,1906
4,6785 4,7114
5,2227 5,2560
138 13:00:21
4,4664 4,4986
4,1583 4,1905
4,6792 4,7121
5,2241 5,2574
139 13:01:20
4,4663 4,4985
4,1582 4,1904
4,6791 4,7120
5,2242 5,2574
140 13:02:20
4,4663 4,4985
4,1582 4,1904
4,6791 4,7120
5,2239 5,2571
141 13:03:20
4,4663 4,4985
4,1594 4,1916
4,6791 4,7120
5,2241 5,2573
142 13:04:21
4,4663 4,4985
4,1594 4,1916
4,6791 4,7120
5,2241 5,2573
143 13:05:21
4,4685 4,5007
4,1614 4,1936
4,6814 4,7143
5,2260 5,2592
144 13:06:21
4,4680 4,5002
4,1609 4,1931
4,6809 4,7137
5,2252 5,2584
145 13:07:20
4,4680 4,5002
4,1609 4,1931
4,6809 4,7137
5,2252 5,2584
146 13:08:20
4,4682 4,5004
4,1615 4,1937
4,6808 4,7136
5,2257 5,2589
147 13:09:21
4,4682 4,5004
4,1615 4,1937
4,6808 4,7136
5,2257 5,2589
148 13:10:21
4,4673 4,4995
4,1607 4,1929
4,6799 4,7127
5,2247 5,2579
149 13:11:21
4,4681 4,5003
4,1610 4,1932
4,6807 4,7136
5,2258 5,2590
150 13:12:20
4,4682 4,5004
4,1611 4,1933
4,6808 4,7137
5,2257 5,2589
151 13:13:20
4,4682 4,5004
4,1609 4,1931
4,6808 4,7137
5,2257 5,2589
152 13:14:21
4,4682 4,5004
4,1613 4,1935
4,6811 4,7140
5,2257 5,2589
153 13:15:21
4,4682 4,5004
4,1613 4,1935
4,6811 4,7140
5,2257 5,2589
154 13:16:21
4,4682 4,5004
4,1613 4,1935
4,6808 4,7136
5,2257 5,2589
155 13:17:21
4,4682 4,5004
4,1615 4,1937
4,6806 4,7134
5,2257 5,2589
156 13:18:20
4,4682 4,5004
4,1615 4,1937
4,6808 4,7136
5,2263 5,2595
157 13:19:20
4,4678 4,5000
4,1611 4,1933
4,6806 4,7134
5,2258 5,2590
158 13:20:21
4,4678 4,5000
4,1611 4,1933
4,6806 4,7134
5,2255 5,2587
159 13:21:21
4,4685 4,5007
4,1626 4,1948
4,6819 4,7148
5,2264 5,2596
160 13:22:21
4,4692 4,5014
4,1640 4,1962
4,6826 4,7155
5,2272 5,2604
161 13:23:21
4,4690 4,5012
4,1644 4,1966
4,6821 4,7150
5,2260 5,2592
162 13:24:20
4,4689 4,5011
4,1645 4,1967
4,6820 4,7149
5,2255 5,2587
163 13:25:20
4,4689 4,5011
4,1643 4,1965
4,6818 4,7147
5,2256 5,2588
164 13:26:21
4,4687 4,5009
4,1641 4,1963
4,6817 4,7145
5,2248 5,2581
165 13:27:21
4,4687 4,5009
4,1637 4,1959
4,6817 4,7145
5,2253 5,2586
166 13:28:21
4,4687 4,5009
4,1635 4,1957
4,6817 4,7145
5,2261 5,2594
167 13:29:20
4,4687 4,5009
4,1634 4,1956
4,6817 4,7145
5,2261 5,2594
168 13:30:20
4,4684 4,5006
4,1631 4,1953
4,6821 4,7149
5,2257 5,2590
169 13:31:21
4,4684 4,5006
4,1623 4,1945
4,6819 4,7147
5,2281 5,2613
170 13:32:21
4,4680 4,5002
4,1619 4,1941
4,6807 4,7135
5,2276 5,2608
171 13:33:21
4,4680 4,5002
4,1619 4,1941
4,6807 4,7135
5,2276 5,2608
172 13:34:21
4,4691 4,5013
4,1620 4,1942
4,6819 4,7147
5,2289 5,2621
173 13:35:20
4,4691 4,5013
4,1624 4,1946
4,6821 4,7149
5,2289 5,2621
174 13:36:20
4,4709 4,5031
4,1640 4,1962
4,6840 4,7168
5,2309 5,2642
175 13:37:21
4,4706 4,5028
4,1637 4,1959
4,6837 4,7165
5,2305 5,2638
176 13:38:21
4,4700 4,5022
4,1632 4,1954
4,6838 4,7166
5,2298 5,2631
177 13:39:21
4,4700 4,5022
4,1632 4,1954
4,6850 4,7178
5,2280 5,2613
178 13:40:20
4,4701 4,5023
4,1627 4,1949
4,6851 4,7179
5,2281 5,2614
179 13:41:20
4,4697 4,5019
4,1623 4,1945
4,6847 4,7175
5,2289 5,2622
180 13:42:21
4,4698 4,5020
4,1624 4,1946
4,6848 4,7176
5,2290 5,2623
181 13:43:21
4,4698 4,5020
4,1630 4,1952
4,6848 4,7176
5,2299 5,2632
182 13:44:21
4,4698 4,5020
4,1624 4,1946
4,6840 4,7168
5,2300 5,2633
183 13:45:20
4,4698 4,5020
4,1632 4,1954
4,6843 4,7171
5,2302 5,2635
184 13:46:20
4,4693 4,5015
4,1631 4,1953
4,6838 4,7166
5,2290 5,2623
185 13:47:21
4,4692 4,5014
4,1630 4,1952
4,6837 4,7165
5,2289 5,2622
186 13:48:21
4,4695 4,5017
4,1633 4,1955
4,6840 4,7168
5,2293 5,2626
187 13:49:21
4,4696 4,5018
4,1632 4,1954
4,6841 4,7169
5,2288 5,2621
188 13:50:21
4,4693 4,5015
4,1625 4,1947
4,6835 4,7163
5,2284 5,2617
189 13:51:20
4,4693 4,5015
4,1625 4,1947
4,6835 4,7163
5,2285 5,2617
190 13:52:20
4,4688 4,5010
4,1621 4,1943
4,6833 4,7161
5,2279 5,2611
191 13:53:21
4,4688 4,5010
4,1621 4,1943
4,6830 4,7158
5,2269 5,2601
192 13:54:21
4,4688 4,5010
4,1621 4,1943
4,6830 4,7158
5,2267 5,2599
193 13:55:21
4,4707 4,5029
4,1638 4,1960
4,6850 4,7178
5,2286 5,2618
194 13:56:20
4,4706 4,5028
4,1639 4,1961
4,6844 4,7172
5,2285 5,2617
195 13:57:20
4,4711 4,5033
4,1644 4,1966
4,6849 4,7177
5,2305 5,2637
196 13:58:21
4,4711 4,5033
4,1642 4,1964
4,6854 4,7182
5,2315 5,2647
197 13:59:21
4,4724 4,5046
4,1654 4,1976
4,6875 4,7203
5,2331 5,2663
198 14:00:21
4,4732 4,5054
4,1673 4,1995
4,6884 4,7212
5,2334 5,2666
199 14:01:20
4,4732 4,5054
4,1671 4,1993
4,6884 4,7212
5,2337 5,2669
200 14:02:20
4,4742 4,5064
4,1675 4,1997
4,6885 4,7213
5,2344 5,2676
201 14:03:21
4,4750 4,5072
4,1686 4,2008
4,6890 4,7218
5,2355 5,2687
202 14:04:21
4,4753 4,5075
4,1689 4,2011
4,6891 4,7219
5,2361 5,2693
203 14:05:20
4,4753 4,5075
4,1695 4,2017
4,6891 4,7219
5,2349 5,2681
204 14:06:20
4,4753 4,5075
4,1693 4,2015
4,6890 4,7218
5,2349 5,2681
205 14:07:20
4,4736 4,5058
4,1677 4,1999
4,6872 4,7200
5,2329 5,2661
206 14:08:20
4,4736 4,5058
4,1677 4,1999
4,6869 4,7197
5,2329 5,2661
207 14:09:20
4,4736 4,5058
4,1677 4,1999
4,6869 4,7197
5,2323 5,2655
208 14:10:21
4,4720 4,5042
4,1662 4,1984
4,6852 4,7180
5,2307 5,2639
209 14:11:21
4,4719 4,5041
4,1661 4,1983
4,6852 4,7180
5,2305 5,2638
210 14:12:21
4,4717 4,5039
4,1665 4,1987
4,6849 4,7177
5,2318 5,2651
211 14:13:20
4,4712 4,5034
4,1659 4,1981
4,6836 4,7164
5,2309 5,2642
212 14:14:20
4,4713 4,5035
4,1660 4,1982
4,6837 4,7165
5,2314 5,2647
213 14:15:21
4,4713 4,5035
4,1650 4,1972
4,6837 4,7165
5,2325 5,2658
214 14:16:21
4,4713 4,5035
4,1654 4,1976
4,6834 4,7162
5,2326 5,2659
215 14:17:21
4,4730 4,5052
4,1671 4,1993
4,6852 4,7180
5,2343 5,2676
216 14:18:21
4,4730 4,5052
4,1671 4,1993
4,6852 4,7180
5,2345 5,2678
217 14:19:20
4,4732 4,5054
4,1673 4,1995
4,6859 4,7187
5,2345 5,2678
218 14:20:20
4,4732 4,5054
4,1673 4,1995
4,6861 4,7189
5,2348 5,2681
219 14:21:21
4,4732 4,5054
4,1692 4,2014
4,6861 4,7189
5,2349 5,2681
220 14:22:21
4,4732 4,5054
4,1692 4,2014
4,6863 4,7191
5,2349 5,2681
221 14:23:21
4,4739 4,5061
4,1699 4,2021
4,6879 4,7207
5,2364 5,2696
222 14:24:20
4,4737 4,5059
4,1698 4,2020
4,6877 4,7205
5,2358 5,2690
223 14:25:20
4,4739 4,5061
4,1699 4,2021
4,6881 4,7209
5,2364 5,2696
224 14:26:21
4,4739 4,5061
4,1719 4,2041
4,6881 4,7209
5,2364 5,2696
225 14:27:21
4,4734 4,5056
4,1710 4,2032
4,6876 4,7204
5,2352 5,2684
226 14:28:21
4,4734 4,5056
4,1707 4,2029
4,6876 4,7204
5,2355 5,2687
227 14:29:21
4,4737 4,5059
4,1701 4,2023
4,6879 4,7207
5,2358 5,2690
228 14:30:20
4,4745 4,5067
4,1709 4,2031
4,6886 4,7214
5,2367 5,2699
229 14:31:20
4,4761 4,5083
4,1741 4,2063
4,6902 4,7230
5,2393 5,2725
230 14:32:21
4,4769 4,5091
4,1749 4,2071
4,6910 4,7238
5,2402 5,2734
231 14:33:21
4,4761 4,5083
4,1743 4,2065
4,6901 4,7229
5,2392 5,2724
232 14:34:21
4,4778 4,5100
4,1763 4,2085
4,6915 4,7243
5,2412 5,2744
233 14:35:20
4,4772 4,5094
4,1757 4,2079
4,6908 4,7236
5,2405 5,2737
234 14:36:20
4,4770 4,5092
4,1755 4,2077
4,6906 4,7234
5,2403 5,2735
235 14:37:21
4,4773 4,5095
4,1759 4,2081
4,6922 4,7250
5,2407 5,2739
236 14:38:21
4,4771 4,5093
4,1756 4,2078
4,6922 4,7250
5,2425 5,2757
237 14:39:21
4,4772 4,5094
4,1756 4,2078
4,6923 4,7251
5,2423 5,2755
238 14:40:20
4,4772 4,5094
4,1756 4,2078
4,6924 4,7252
5,2424 5,2756
239 14:41:20
4,4773 4,5095
4,1756 4,2078
4,6919 4,7247
5,2421 5,2753
240 14:42:21
4,4770 4,5092
4,1754 4,2076
4,6921 4,7249
5,2417 5,2749
241 14:43:21
4,4766 4,5088
4,1740 4,2062
4,6924 4,7252
5,2410 5,2742
242 14:44:21
4,4766 4,5088
4,1740 4,2062
4,6929 4,7257
5,2432 5,2764
243 14:45:20
4,4766 4,5088
4,1699 4,2021
4,6929 4,7257
5,2432 5,2764
244 14:46:20
4,4755 4,5077
4,1707 4,2029
4,6923 4,7251
5,2420 5,2753
245 14:47:20
4,4757 4,5079
4,1708 4,2030
4,6925 4,7253
5,2421 5,2754
246 14:48:21
4,4763 4,5085
4,1710 4,2032
4,6931 4,7259
5,2434 5,2767
247 14:49:21
4,4759 4,5081
4,1704 4,2026
4,6927 4,7255
5,2435 5,2768
248 14:50:21
4,4759 4,5081
4,1675 4,1997
4,6909 4,7237
5,2409 5,2742
249 14:51:21
4,4752 4,5074
4,1669 4,1991
4,6901 4,7229
5,2392 5,2725
250 14:52:21
4,4752 4,5074
4,1669 4,1991
4,6899 4,7227
5,2392 5,2725
251 14:53:20
4,4751 4,5073
4,1667 4,1989
4,6897 4,7225
5,2390 5,2723
252 14:54:21
4,4759 4,5081
4,1661 4,1983
4,6906 4,7234
5,2401 5,2734
253 14:55:21
4,4759 4,5081
4,1665 4,1987
4,6906 4,7234
5,2398 5,2731
254 14:56:21
4,4744 4,5066
4,1655 4,1977
4,6891 4,7219
5,2380 5,2713
255 14:57:21
4,4746 4,5068
4,1659 4,1981
4,6893 4,7221
5,2382 5,2715
256 14:58:20
4,4740 4,5062
4,1653 4,1975
4,6887 4,7215
5,2376 5,2709
257 14:59:21
4,4736 4,5058
4,1649 4,1971
4,6882 4,7210
5,2371 5,2704
258 15:00:21
4,4736 4,5058
4,1649 4,1971
4,6887 4,7215
5,2371 5,2704
259 15:01:21
4,4716 4,5038
4,1631 4,1953
4,6865 4,7194
5,2348 5,2680
260 15:02:21
4,4711 4,5033
4,1609 4,1931
4,6860 4,7189
5,2370 5,2702
261 15:03:21
4,4708 4,5030
4,1602 4,1924
4,6858 4,7187
5,2367 5,2699
262 15:04:21
4,4708 4,5030
4,1602 4,1924
4,6863 4,7192
5,2358 5,2690
263 15:05:20
4,4708 4,5030
4,1602 4,1924
4,6863 4,7192
5,2358 5,2690
264 15:06:20
4,4708 4,5030
4,1598 4,1920
4,6856 4,7184
5,2349 5,2681
265 15:07:20
4,4708 4,5030
4,1604 4,1926
4,6857 4,7185
5,2343 5,2675
266 15:08:20
4,4721 4,5043
4,1630 4,1952
4,6870 4,7198
5,2358 5,2690
267 15:09:21
4,4724 4,5046
4,1633 4,1955
4,6885 4,7213
5,2373 5,2705
268 15:10:21
4,4724 4,5046
4,1632 4,1954
4,6885 4,7213
5,2373 5,2705
269 15:11:20
4,4724 4,5046
4,1632 4,1954
4,6898 4,7226
5,2382 5,2714
270 15:12:20
4,4724 4,5046
4,1632 4,1954
4,6898 4,7226
5,2382 5,2714
271 15:13:20
4,4730 4,5052
4,1638 4,1960
4,6891 4,7219
5,2393 5,2725
272 15:14:21
4,4730 4,5052
4,1638 4,1960
4,6891 4,7219
5,2396 5,2728
273 15:15:21
4,4738 4,5060
4,1675 4,1997
4,6898 4,7226
5,2405 5,2737
274 15:16:21
4,4739 4,5061
4,1670 4,1992
4,6900 4,7229
5,2406 5,2739
275 15:17:21
4,4739 4,5061
4,1671 4,1993
4,6900 4,7229
5,2406 5,2739
276 15:18:20
4,4740 4,5062
4,1671 4,1993
4,6900 4,7229
5,2406 5,2739
277 15:19:20
4,4739 4,5061
4,1674 4,1996
4,6900 4,7229
5,2406 5,2739
278 15:20:21
4,4739 4,5061
4,1674 4,1996
4,6900 4,7229
5,2400 5,2733
279 15:21:21
4,4739 4,5061
4,1674 4,1996
4,6898 4,7226
5,2406 5,2738
280 15:22:21
4,4739 4,5061
4,1664 4,1986
4,6891 4,7219
5,2406 5,2738
281 15:23:20
4,4741 4,5063
4,1666 4,1988
4,6893 4,7221
5,2394 5,2726
282 15:24:20
4,4741 4,5063
4,1666 4,1988
4,6893 4,7221
5,2403 5,2735
283 15:25:21
4,4741 4,5063
4,1649 4,1971
4,6890 4,7218
5,2409 5,2741
284 15:26:21
4,4741 4,5063
4,1635 4,1957
4,6890 4,7218
5,2408 5,2741
285 15:27:21
4,4741 4,5063
4,1635 4,1957
4,6890 4,7218
5,2411 5,2744
286 15:28:21
4,4741 4,5063
4,1635 4,1957
4,6881 4,7209
5,2411 5,2744
287 15:29:20
4,4741 4,5063
4,1635 4,1957
4,6880 4,7208
5,2404 5,2737
288 15:30:20
4,4740 4,5062
4,1634 4,1956
4,6882 4,7210
5,2394 5,2727
289 15:31:21
4,4728 4,5050
4,1625 4,1947
4,6874 4,7202
5,2390 5,2722
290 15:32:23
4,4726 4,5048
4,1623 4,1945
4,6877 4,7205
5,2388 5,2720
291 15:33:20
4,4736 4,5058
4,1645 4,1967
4,6894 4,7222
5,2400 5,2732
292 15:34:22
4,4748 4,5070
4,1659 4,1981
4,6900 4,7228
5,2420 5,2752
293 15:35:20
4,4748 4,5070
4,1666 4,1988
4,6900 4,7228
5,2420 5,2752
294 15:36:21
4,4742 4,5064
4,1653 4,1975
4,6894 4,7222
5,2412 5,2745
295 15:37:21
4,4745 4,5067
4,1666 4,1988
4,6897 4,7225
5,2418 5,2751
296 15:38:21
4,4760 4,5082
4,1680 4,2002
4,6913 4,7241
5,2433 5,2766
297 15:39:21
4,4760 4,5082
4,1680 4,2002
4,6920 4,7248
5,2436 5,2769
298 15:40:21
4,4743 4,5065
4,1668 4,1990
4,6900 4,7228
5,2416 5,2749
299 15:41:20
4,4743 4,5065
4,1674 4,1996
4,6908 4,7236
5,2417 5,2749
300 15:42:20
4,4745 4,5067
4,1676 4,1998
4,6910 4,7238
5,2420 5,2752
301 15:43:21
4,4741 4,5063
4,1672 4,1994
4,6908 4,7236
5,2406 5,2738
302 15:44:21
4,4737 4,5059
4,1666 4,1988
4,6901 4,7229
5,2400 5,2732
303 15:45:21
4,4737 4,5059
4,1672 4,1994
4,6904 4,7232
5,2404 5,2736
304 15:46:21
4,4741 4,5063
4,1674 4,1996
4,6907 4,7235
5,2408 5,2741
305 15:47:21
4,4745 4,5067
4,1677 4,1999
4,6911 4,7239
5,2412 5,2745
306 15:48:21
4,4754 4,5076
4,1686 4,2008
4,6921 4,7249
5,2423 5,2756
307 15:49:20
4,4754 4,5076
4,1686 4,2008
4,6928 4,7256
5,2423 5,2756
308 15:50:20
4,4755 4,5077
4,1687 4,2009
4,6929 4,7257
5,2424 5,2757
309 15:51:21
4,4755 4,5077
4,1705 4,2027
4,6934 4,7262
5,2425 5,2757
310 15:52:21
4,4755 4,5077
4,1699 4,2021
4,6934 4,7262
5,2425 5,2757
311 15:53:21
4,4757 4,5079
4,1699 4,2021
4,6936 4,7264
5,2427 5,2759
312 15:54:20
4,4756 4,5078
4,1705 4,2027
4,6932 4,7260
5,2426 5,2758
313 15:55:20
4,4752 4,5074
4,1699 4,2021
4,6930 4,7258
5,2421 5,2753
314 15:56:21
4,4752 4,5074
4,1711 4,2033
4,6948 4,7277
5,2420 5,2753
315 15:57:21
4,4764 4,5086
4,1723 4,2045
4,6958 4,7287
5,2435 5,2768
316 15:58:21
4,4763 4,5085
4,1722 4,2044
4,6952 4,7281
5,2443 5,2776
317 15:59:21
4,4762 4,5084
4,1717 4,2039
4,6955 4,7284
5,2439 5,2772
318 16:00:20
4,4762 4,5084
4,1715 4,2037
4,6953 4,7282
5,2438 5,2771
319 16:01:20
4,4761 4,5083
4,1714 4,2036
4,6953 4,7281
5,2437 5,2770
320 16:02:21
4,4773 4,5095
4,1725 4,2047
4,6966 4,7294
5,2451 5,2784
321 16:03:21
4,4783 4,5105
4,1735 4,2057
4,6987 4,7315
5,2466 5,2799
322 16:04:21
4,4783 4,5105
4,1762 4,2084
4,6999 4,7327
5,2463 5,2796
323 16:05:20
4,4781 4,5103
4,1754 4,2076
4,6997 4,7325
5,2476 5,2809
324 16:06:20
4,4783 4,5105
4,1756 4,2078
4,7000 4,7328
5,2480 5,2812
325 16:07:21
4,4783 4,5105
4,1756 4,2078
4,6996 4,7324
5,2480 5,2812
326 16:08:21
4,4784 4,5106
4,1757 4,2079
4,6994 4,7322
5,2481 5,2813
327 16:09:21
4,4784 4,5106
4,1767 4,2089
4,6999 4,7327
5,2481 5,2813
328 16:10:21
4,4785 4,5107
4,1760 4,2082
4,7000 4,7328
5,2477 5,2809
329 16:11:20
4,4779 4,5101
4,1754 4,2076
4,6994 4,7322
5,2459 5,2792
330 16:12:20
4,4779 4,5101
4,1754 4,2076
4,6994 4,7322
5,2459 5,2792
331 16:13:21
4,4779 4,5101
4,1768 4,2090
4,6989 4,7317
5,2459 5,2792
332 16:14:21
4,4793 4,5115
4,1781 4,2103
4,7006 4,7334
5,2475 5,2808
333 16:15:21
4,4787 4,5109
4,1775 4,2097
4,7002 4,7330
5,2467 5,2800
334 16:16:21
4,4789 4,5111
4,1777 4,2099
4,7004 4,7332
5,2470 5,2803
335 16:17:20
4,4796 4,5118
4,1787 4,2109
4,7011 4,7339
5,2477 5,2810
336 16:18:21
4,4796 4,5118
4,1787 4,2109
4,7006 4,7334
5,2477 5,2810
337 16:19:21
4,4795 4,5117
4,1786 4,2108
4,7008 4,7336
5,2492 5,2825
338 16:20:21
4,4791 4,5113
4,1783 4,2105
4,7004 4,7332
5,2491 5,2824
339 16:21:21
4,4791 4,5113
4,1767 4,2089
4,7004 4,7332
5,2492 5,2825
340 16:22:20
4,4789 4,5111
4,1765 4,2087
4,7002 4,7330
5,2488 5,2821
341 16:23:20
4,4792 4,5114
4,1762 4,2084
4,7005 4,7333
5,2492 5,2825
342 16:24:21
4,4792 4,5114
4,1762 4,2084
4,7005 4,7333
5,2501 5,2834
343 16:25:21
4,4790 4,5112
4,1761 4,2083
4,7001 4,7329
5,2496 5,2829
344 16:26:21
4,4790 4,5112
4,1751 4,2073
4,6998 4,7326
5,2494 5,2826
345 16:27:20
4,4796 4,5118
4,1756 4,2078
4,7007 4,7335
5,2501 5,2833
346 16:28:20
4,4796 4,5118
4,1770 4,2092
4,7004 4,7332
5,2501 5,2833
347 16:29:21
4,4796 4,5118
4,1774 4,2096
4,7017 4,7345
5,2501 5,2833
348 16:30:21
4,4796 4,5118
4,1764 4,2086
4,7016 4,7344
5,2517 5,2849
349 16:31:21
4,4796 4,5118
4,1762 4,2084
4,7017 4,7345
5,2509 5,2842
350 16:32:21
4,4775 4,5097
4,1747 4,2069
4,6995 4,7323
5,2484 5,2817
351 16:33:20
4,4780 4,5102
4,1751 4,2073
4,7001 4,7329
5,2491 5,2824
352 16:34:20
4,4780 4,5102
4,1763 4,2085
4,7001 4,7329
5,2487 5,2820
353 16:35:21
4,4780 4,5102
4,1763 4,2085
4,7001 4,7329
5,2487 5,2820
354 16:36:21
4,4780 4,5102
4,1763 4,2085
4,7003 4,7331
5,2495 5,2827
355 16:37:20
4,4789 4,5111
4,1780 4,2102
4,7011 4,7339
5,2506 5,2838
356 16:38:20
4,4785 4,5107
4,1776 4,2098
4,7001 4,7329
5,2501 5,2833
357 16:39:21
4,4781 4,5103
4,1772 4,2094
4,7007 4,7335
5,2487 5,2819
358 17:27:21
4,4789 4,5111
4,1809 4,2131
4,7023 4,7351
5,2547 5,2880
359 17:28:20
4,4789 4,5111
4,1809 4,2131
4,7023 4,7351
5,2551 5,2884
360 17:29:20
4,4790 4,5112
4,1811 4,2133
4,7023 4,7351
5,2557 5,2890
361 17:30:21
4,4790 4,5112
4,1815 4,2137
4,7023 4,7351
5,2557 5,2890
362 17:31:21
4,4793 4,5115
4,1816 4,2138
4,7026 4,7354
5,2562 5,2895
363 17:32:20
4,4793 4,5115
4,1818 4,2140
4,7021 4,7349
5,2558 5,2891
364 17:33:20
4,4793 4,5115
4,1804 4,2126
4,7020 4,7348
5,2553 5,2886
365 17:34:21
4,4796 4,5118
4,1801 4,2123
4,7024 4,7352
5,2568 5,2901
366 17:35:21
4,4793 4,5115
4,1796 4,2118
4,7021 4,7349
5,2558 5,2891
367 17:36:21
4,4793 4,5115
4,1796 4,2118
4,7016 4,7344
5,2558 5,2891
368 17:37:20
4,4793 4,5115
4,1796 4,2118
4,7016 4,7344
5,2552 5,2885
369 17:38:20
4,4791 4,5113
4,1782 4,2104
4,7015 4,7343
5,2544 5,2877
370 17:39:21
4,4791 4,5113
4,1783 4,2105
4,7015 4,7343
5,2544 5,2877
371 17:40:21
4,4793 4,5115
4,1785 4,2107
4,7017 4,7345
5,2546 5,2879
372 17:41:21
4,4792 4,5114
4,1778 4,2100
4,7015 4,7343
5,2544 5,2877
373 17:42:20
4,4792 4,5114
4,1778 4,2100
4,7015 4,7343
5,2544 5,2877
374 17:43:20
4,4788 4,5110
4,1774 4,2096
4,7011 4,7339
5,2546 5,2879
375 17:44:21
4,4788 4,5110
4,1774 4,2096
4,7016 4,7344
5,2546 5,2879
376 17:45:21
4,4788 4,5110
4,1764 4,2086
4,7016 4,7344
5,2547 5,2880
377 17:46:21
4,4783 4,5105
4,1758 4,2080
4,7006 4,7334
5,2542 5,2875
378 17:47:20
4,4780 4,5102
4,1743 4,2065
4,7000 4,7328
5,2538 5,2871
379 17:48:20
4,4783 4,5105
4,1744 4,2066
4,7003 4,7331
5,2536 5,2869
380 17:49:21
4,4783 4,5105
4,1744 4,2066
4,7006 4,7334
5,2540 5,2873
381 17:50:21
4,4783 4,5105
4,1744 4,2066
4,7006 4,7334
5,2540 5,2873
382 17:51:21
4,4778 4,5100
4,1740 4,2062
4,6996 4,7324
5,2535 5,2868
383 17:52:20
4,4778 4,5100
4,1740 4,2062
4,6996 4,7324
5,2535 5,2868
384 17:53:20
4,4778 4,5100
4,1740 4,2062
4,6996 4,7324
5,2535 5,2868
385 17:54:21
4,4779 4,5101
4,1740 4,2062
4,6977 4,7305
5,2529 5,2862
386 17:55:21
4,4780 4,5102
4,1742 4,2064
4,6979 4,7307
5,2531 5,2864
387 17:56:21
4,4780 4,5102
4,1742 4,2064
4,6974 4,7302
5,2531 5,2864
388 17:57:21
4,4778 4,5100
4,1734 4,2056
4,6971 4,7299
5,2528 5,2861
389 17:58:21
4,4776 4,5098
4,1736 4,2058
4,6977 4,7305
5,2526 5,2859
390 17:59:20
4,4773 4,5095
4,1733 4,2055
4,6967 4,7295
5,2536 5,2869
391 18:00:20
4,4767 4,5099
4,1731 4,2066
4,6956 4,7298
5,2530 5,2877
392 18:01:21
4,4769 4,5099
4,1728 4,2064
4,6960 4,7299
5,2547 5,2883
393 18:02:21
4,4769 4,5098
4,1724 4,2059
4,6956 4,7296
5,2552 5,2886
394 18:03:21
4,4766 4,5096
4,1722 4,2055
4,6955 4,7296
5,2543 5,2885
395 18:04:20
4,4766 4,5095
4,1717 4,2051
4,6954 4,7289
5,2541 5,2882
396 18:05:20
4,4765 4,5087
4,1721 4,2043
4,6950 4,7279
5,2541 5,2874
397 18:06:21
4,4765 4,5094
4,1720 4,2055
4,6946 4,7282
5,2540 5,2882
398 18:07:21
4,4769 4,5091
4,1720 4,2048
4,6952 4,7280
5,2539 5,2872
399 18:08:21
4,4759 4,5102
4,1718 4,2066
4,6936 4,7286
5,2522 5,2875
400 18:09:21
4,4773 4,5095
4,1729 4,2055
4,6953 4,7284
5,2544 5,2877
401 18:10:21
4,4772 4,5098
4,1719 4,2047
4,6951 4,7284
5,2536 5,2875
402 18:11:20
4,4771 4,5095
4,1719 4,2046
4,6949 4,7279
5,2536 5,2872
403 18:12:20
4,4768 4,5090
4,1720 4,2048
4,6946 4,7274
5,2532 5,2865
404 18:13:21
4,4772 4,5104
4,1724 4,2059
4,6957 4,7296
5,2545 5,2889
405 18:14:21
4,4779 4,5106
4,1736 4,2066
4,6963 4,7296
5,2556 5,2895
406 18:15:21
4,4779 4,5106
4,1736 4,2066
4,6963 4,7296
5,2550 5,2889
407 18:16:21
4,4779 4,5101
4,1738 4,2063
4,6958 4,7290
5,2557 5,2890
408 18:17:20
4,4773 4,5098
4,1732 4,2059
4,6960 4,7296
5,2549 5,2886
409 18:18:20
4,4770 4,5101
4,1733 4,2066
4,6957 4,7299
5,2542 5,2883
410 18:19:21
4,4769 4,5102
4,1728 4,2067
4,6956 4,7296
5,2539 5,2885
411 18:20:21
4,4769 4,5101
4,1729 4,2064
4,6953 4,7292
5,2541 5,2885
412 18:21:21
4,4761 4,5107
4,1722 4,2069
4,6945 4,7298
5,2524 5,2885
413 18:22:21
4,4760 4,5109
4,1715 4,2065
4,6943 4,7300
5,2521 5,2880
414 18:23:20
4,4771 4,5102
4,1718 4,2055
4,6948 4,7286
5,2529 5,2873
415 18:24:20
4,4770 4,5102
4,1721 4,2055
4,6945 4,7287
5,2528 5,2873
416 18:25:21
4,4767 4,5099
4,1718 4,2056
4,6941 4,7280
5,2520 5,2858
417 18:26:21
4,4767 4,5098
4,1722 4,2059
4,6939 4,7277
5,2518 5,2861
418 18:27:21
4,4766 4,5097
4,1725 4,2058
4,6939 4,7276
5,2510 5,2853
419 18:28:21
4,4767 4,5099
4,1730 4,2068
4,6941 4,7284
5,2514 5,2858
420 18:29:20
4,4766 4,5098
4,1729 4,2067
4,6940 4,7279
5,2511 5,2856
421 18:30:20
4,4766 4,5098
4,1733 4,2068
4,6936 4,7279
5,2511 5,2856
422 18:31:21
4,4766 4,5098
4,1730 4,2065
4,6940 4,7279
5,2511 5,2856
423 18:32:21
4,4766 4,5098
4,1737 4,2075
4,6945 4,7284
5,2513 5,2857
424 18:33:21
4,4766 4,5098
4,1733 4,2071
4,6949 4,7287
5,2507 5,2852
425 18:34:20
4,4767 4,5100
4,1734 4,2071
4,6944 4,7284
5,2506 5,2852
426 18:35:21
4,4767 4,5100
4,1730 4,2069
4,6944 4,7288
5,2506 5,2852
427 18:36:21
4,4766 4,5098
4,1731 4,2068
4,6945 4,7288
5,2505 5,2848
428 18:37:22
4,4767 4,5100
4,1730 4,2069
4,6944 4,7284
5,2500 5,2846
429 18:38:20
4,4766 4,5098
4,1725 4,2063
4,6945 4,7284
5,2500 5,2838
430 18:39:20
4,4766 4,5098
4,1729 4,2067
4,6949 4,7287
5,2500 5,2844
431 18:40:20
4,4766 4,5099
4,1729 4,2064
4,6949 4,7288
5,2498 5,2843
432 18:41:21
4,4758 4,5106
4,1719 4,2068
4,6940 4,7296
5,2490 5,2853
433 18:42:21
4,4765 4,5097
4,1725 4,2060
4,6948 4,7286
5,2505 5,2849
434 18:43:21
4,4765 4,5097
4,1728 4,2062
4,6948 4,7286
5,2511 5,2853
435 18:44:21
4,4765 4,5098
4,1728 4,2067
4,6948 4,7287
5,2503 5,2848
436 18:45:20
4,4757 4,5108
4,1717 4,2072
4,6935 4,7298
5,2492 5,2858
437 18:46:20
4,4764 4,5097
4,1723 4,2058
4,6948 4,7290
5,2502 5,2847
438 18:47:21
4,4764 4,5096
4,1719 4,2057
4,6952 4,7290
5,2504 5,2848
439 18:48:21
4,4764 4,5097
4,1727 4,2062
4,6946 4,7290
5,2508 5,2847
440 18:49:21
4,4764 4,5096
4,1721 4,2058
4,6948 4,7291
5,2504 5,2848
441 18:50:21
4,4762 4,5094
4,1710 4,2044
4,6941 4,7284
5,2502 5,2842
442 18:51:20
4,4763 4,5095
4,1711 4,2045
4,6941 4,7279
5,2496 5,2839
443 18:52:20
4,4762 4,5095
4,1706 4,2045
4,6935 4,7274
5,2494 5,2840
444 18:53:20
4,4763 4,5095
4,1712 4,2049
4,6937 4,7276
5,2495 5,2840
445 18:54:21
4,4764 4,5095
4,1712 4,2049
4,6936 4,7278
5,2496 5,2840
446 18:55:21
4,4764 4,5095
4,1712 4,2045
4,6936 4,7278
5,2502 5,2839
447 18:56:21
4,4762 4,5094
4,1710 4,2044
4,6936 4,7275
5,2496 5,2838
448 18:57:21
4,4761 4,5093
4,1705 4,2039
4,6934 4,7272
5,2493 5,2838
449 18:58:21
4,4763 4,5096
4,1715 4,2050
4,6936 4,7279
5,2501 5,2842
450 18:59:20
4,4762 4,5094
4,1715 4,2052
4,6940 4,7278
5,2502 5,2840
451 19:00:20
4,4762 4,5104
4,1715 4,2058
4,6941 4,7290
5,2499 5,2851
452 19:01:20
4,4768 4,5101
4,1715 4,2051
4,6945 4,7285
5,2505 5,2847
453 19:02:21
4,4770 4,5101
4,1713 4,2050
4,6937 4,7275
5,2503 5,2846
454 19:03:21
4,4770 4,5101
4,1717 4,2054
4,6937 4,7275
5,2503 5,2846
455 19:04:21
4,4770 4,5100
4,1717 4,2050
4,6939 4,7276
5,2511 5,2853
456 19:05:21
4,4770 4,5101
4,1717 4,2053
4,6927 4,7265
5,2509 5,2848
457 19:06:20
4,4768 4,5100
4,1721 4,2058
4,6932 4,7271
5,2509 5,2853
458 19:07:20
4,4779 4,5106
4,1734 4,2063
4,6941 4,7275
5,2521 5,2859
459 19:08:21
4,4784 4,5106
4,1744 4,2071
4,6948 4,7276
5,2526 5,2859
460 19:09:21
4,4784 4,5106
4,1747 4,2074
4,6943 4,7271
5,2519 5,2852
461 19:10:20
4,4783 4,5110
4,1749 4,2078
4,6942 4,7275
5,2516 5,2849
462 19:11:20
4,4777 4,5105
4,1743 4,2077
4,6936 4,7270
5,2512 5,2845
463 19:12:20
4,4779 4,5106
4,1745 4,2074
4,6938 4,7271
5,2513 5,2846
464 19:13:20
4,4779 4,5106
4,1745 4,2078
4,6938 4,7271
5,2508 5,2846
465 19:14:21
4,4775 4,5105
4,1741 4,2077
4,6934 4,7270
5,2504 5,2846
466 19:15:21
4,4777 4,5105
4,1745 4,2078
4,6936 4,7270
5,2506 5,2845
467 19:16:21
4,4779 4,5106
4,1745 4,2078
4,6938 4,7271
5,2508 5,2846
468 19:17:20
4,4779 4,5105
4,1749 4,2077
4,6938 4,7270
5,2502 5,2839
469 19:18:20
4,4776 4,5104
4,1741 4,2073
4,6936 4,7271
5,2498 5,2839
470 19:19:21
4,4778 4,5106
4,1744 4,2078
4,6937 4,7271
5,2501 5,2840
471 19:20:21
4,4777 4,5105
4,1747 4,2077
4,6936 4,7270
5,2499 5,2834
472 19:21:20
4,4777 4,5105
4,1745 4,2078
4,6936 4,7270
5,2500 5,2839
473 19:22:21
4,4778 4,5103
4,1743 4,2071
4,6937 4,7268
5,2494 5,2830
474 19:23:21
4,4778 4,5104
4,1745 4,2074
4,6933 4,7270
5,2495 5,2832
475 19:24:21
4,4777 4,5103
4,1741 4,2072
4,6931 4,7263
5,2495 5,2831
476 19:25:20
4,4775 4,5100
4,1738 4,2068
4,6928 4,7264
5,2485 5,2821
477 19:26:20
4,4778 4,5100
4,1741 4,2069
4,6935 4,7266
5,2489 5,2822
478 19:27:21
4,4779 4,5102
4,1744 4,2070
4,6932 4,7266
5,2489 5,2823
479 19:28:21
4,4779 4,5104
4,1737 4,2068
4,6933 4,7264
5,2489 5,2825
480 19:29:21
4,4778 4,5101
4,1735 4,2065
4,6932 4,7261
5,2483 5,2816
481 19:30:20
4,4775 4,5101
4,1735 4,2066
4,6929 4,7261
5,2479 5,2816
482 19:31:20
4,4778 4,5115
4,1736 4,2078
4,6931 4,7275
5,2488 5,2832
483 19:32:21
4,4777 4,5113
4,1733 4,2074
4,6932 4,7275
5,2487 5,2836
484 19:33:21
4,4781 4,5105
4,1744 4,2071
4,6935 4,7265
5,2492 5,2827
485 19:34:20
4,4781 4,5106
4,1742 4,2070
4,6935 4,7266
5,2492 5,2828
486 19:35:20
4,4781 4,5106
4,1738 4,2070
4,6935 4,7266
5,2498 5,2834
487 19:36:21
4,4779 4,5105
4,1738 4,2071
4,6933 4,7265
5,2496 5,2833
488 19:37:21
4,4779 4,5105
4,1738 4,2071
4,6933 4,7265
5,2496 5,2833
489 19:38:21
4,4779 4,5105
4,1734 4,2067
4,6928 4,7260
5,2496 5,2833
490 19:39:20
4,4777 4,5105
4,1732 4,2063
4,6926 4,7260
5,2494 5,2834
491 19:40:20
4,4779 4,5106
4,1734 4,2067
4,6928 4,7261
5,2496 5,2834
492 19:41:20
4,4780 4,5110
4,1742 4,2074
4,6929 4,7265
5,2492 5,2834
493 19:42:21
4,4780 4,5110
4,1738 4,2070
4,6929 4,7265
5,2492 5,2834
494 19:43:21
4,4780 4,5110
4,1734 4,2070
4,6929 4,7269
5,2492 5,2834
495 19:44:21
4,4781 4,5105
4,1744 4,2071
4,6930 4,7260
5,2492 5,2827
496 19:45:20
4,4783 4,5105
4,1746 4,2071
4,6932 4,7260
5,2499 5,2832
497 19:46:20
4,4787 4,5113
4,1745 4,2073
4,6937 4,7270
5,2503 5,2836
498 19:47:21
4,4778 4,5112
4,1736 4,2072
4,6928 4,7269
5,2496 5,2842
499 19:48:21
4,4779 4,5111
4,1737 4,2071
4,6929 4,7272
5,2497 5,2841
500 19:49:21
4,4779 4,5111
4,1737 4,2071
4,6929 4,7272
5,2497 5,2841
501 19:50:21
4,4784 4,5106
4,1744 4,2067
4,6935 4,7266
5,2499 5,2832
502 19:51:21
4,4784 4,5106
4,1742 4,2066
4,6933 4,7261
5,2499 5,2832
503 19:52:21
4,4784 4,5106
4,1740 4,2067
4,6933 4,7261
5,2501 5,2834
504 19:53:20
4,4779 4,5111
4,1737 4,2075
4,6928 4,7266
5,2491 5,2835
505 19:54:20
4,4779 4,5111
4,1737 4,2075
4,6929 4,7272
5,2497 5,2841
506 19:55:21
4,4781 4,5105
4,1744 4,2071
4,6931 4,7266
5,2498 5,2833
507 19:56:21
4,4784 4,5106
4,1751 4,2073
4,6934 4,7262
5,2501 5,2834
508 19:57:21
4,4784 4,5106
4,1747 4,2073
4,6933 4,7261
5,2501 5,2834
509 19:58:20
4,4784 4,5106
4,1755 4,2081
4,6933 4,7261
5,2508 5,2841
510 19:59:20
4,4779 4,5111
4,1753 4,2087
4,6929 4,7272
5,2503 5,2847
511 20:00:21
4,4784 4,5106
4,1763 4,2086
4,6934 4,7264
5,2507 5,2840
512 20:01:21
4,4784 4,5106
4,1757 4,2082
4,6938 4,7266
5,2520 5,2853
513 20:02:21
4,4785 4,5107
4,1767 4,2089
4,6940 4,7268
5,2524 5,2857
514 20:03:20
4,4785 4,5107
4,1764 4,2087
4,6939 4,7267
5,2524 5,2857
515 20:04:20
4,4781 4,5109
4,1755 4,2089
4,6936 4,7275
5,2517 5,2856
516 20:05:21
4,4785 4,5107
4,1759 4,2081
4,6939 4,7267
5,2521 5,2854
517 20:06:21
4,4785 4,5107
4,1760 4,2084
4,6939 4,7267
5,2517 5,2850
518 20:07:21
4,4785 4,5107
4,1763 4,2085
4,6935 4,7265
5,2519 5,2852
519 20:08:20
4,4785 4,5107
4,1767 4,2089
4,6940 4,7270
5,2527 5,2860
520 20:09:20
4,4785 4,5107
4,1767 4,2093
4,6944 4,7272
5,2521 5,2854
521 20:10:20
4,4781 4,5109
4,1763 4,2093
4,6936 4,7275
5,2517 5,2856
522 20:11:21
4,4784 4,5106
4,1767 4,2092
4,6944 4,7272
5,2520 5,2853
523 20:12:21
4,4785 4,5107
4,1761 4,2086
4,6944 4,7272
5,2520 5,2853
524 20:13:21
4,4784 4,5106
4,1755 4,2081
4,6943 4,7271
5,2520 5,2853
525 20:14:21
4,4784 4,5106
4,1759 4,2081
4,6945 4,7276
5,2520 5,2853
526 20:15:21
4,4784 4,5106
4,1759 4,2081
4,6948 4,7276
5,2520 5,2853
527 20:16:20
4,4781 4,5109
4,1751 4,2085
4,6945 4,7279
5,2517 5,2856
528 20:17:20
4,4785 4,5107
4,1756 4,2078
4,6949 4,7277
5,2521 5,2854
529 20:18:21
4,4786 4,5108
4,1755 4,2078
4,6945 4,7273
5,2522 5,2855
530 20:19:21
4,4786 4,5108
4,1752 4,2074
4,6946 4,7274
5,2523 5,2856
531 20:20:21
4,4796 4,5123
4,1757 4,2086
4,6956 4,7289
5,2533 5,2872
532 20:21:21
4,4792 4,5124
4,1755 4,2092
4,6952 4,7290
5,2529 5,2874
533 20:22:20
4,4791 4,5123
4,1754 4,2091
4,6952 4,7295
5,2528 5,2873
534 20:23:20
4,4791 4,5123
4,1756 4,2090
4,6952 4,7295
5,2528 5,2873
535 20:24:21
4,4793 4,5124
4,1758 4,2091
4,6952 4,7294
5,2530 5,2873
536 20:25:21
4,4793 4,5124
4,1758 4,2095
4,6948 4,7285
5,2523 5,2866
537 20:26:21
4,4793 4,5124
4,1762 4,2095
4,6948 4,7285
5,2528 5,2867
538 20:27:21
4,4792 4,5124
4,1765 4,2099
4,6947 4,7285
5,2523 5,2868
539 20:28:20
4,4793 4,5124
4,1766 4,2099
4,6942 4,7284
5,2531 5,2871
540 20:29:21
4,4792 4,5124
4,1757 4,2091
4,6943 4,7286
5,2531 5,2875
541 20:30:21
4,4795 4,5126
4,1764 4,2097
4,6946 4,7287
5,2532 5,2875
542 20:31:21
4,4793 4,5126
4,1762 4,2101
4,6948 4,7287
5,2536 5,2875
543 20:32:21
4,4793 4,5126
4,1762 4,2101
4,6948 4,7291
5,2530 5,2875
544 20:33:21
4,4793 4,5126
4,1762 4,2101
4,6947 4,7291
5,2530 5,2875
545 20:34:21
4,4785 4,5133
4,1755 4,2107
4,6939 4,7299
5,2521 5,2884
546 20:35:20
4,4785 4,5133
4,1755 4,2107
4,6939 4,7299
5,2521 5,2884
547 20:36:20
4,4787 4,5133
4,1757 4,2103
4,6957 4,7310
5,2525 5,2885
548 20:37:21
4,4792 4,5124
4,1761 4,2099
4,6958 4,7301
5,2531 5,2875
549 20:38:21
4,4792 4,5124
4,1765 4,2099
4,6957 4,7295
5,2524 5,2868
550 20:39:21
4,4792 4,5125
4,1761 4,2100
4,6955 4,7295
5,2523 5,2869
551 20:40:21
4,4792 4,5124
4,1761 4,2099
4,6957 4,7295
5,2517 5,2862
552 20:41:21
4,4794 4,5125
4,1767 4,2100
4,6959 4,7296
5,2519 5,2863
553 20:42:20
4,4794 4,5125
4,1759 4,2096
4,6959 4,7296
5,2519 5,2863
554 20:43:21
4,4794 4,5125
4,1763 4,2100
4,6959 4,7296
5,2519 5,2862
555 20:44:21
4,4794 4,5125
4,1765 4,2099
4,6959 4,7296
5,2525 5,2868
556 20:45:21
4,4799 4,5129
4,1771 4,2103
4,6964 4,7301
5,2526 5,2868
557 20:46:21
4,4796 4,5126
4,1773 4,2109
4,6961 4,7297
5,2529 5,2871
558 20:47:20
4,4800 4,5124
4,1777 4,2104
4,6965 4,7295
5,2531 5,2864
559 20:49:20
4,4797 4,5129
4,1774 4,2108
4,6963 4,7306
5,2524 5,2868
560 20:50:20
4,4797 4,5128
4,1772 4,2106
4,6961 4,7303
5,2526 5,2866
561 20:51:21
4,4794 4,5128
4,1767 4,2105
4,6960 4,7305
5,2527 5,2867
562 20:52:21
4,4794 4,5129
4,1767 4,2108
4,6964 4,7305
5,2526 5,2868
563 20:53:21
4,4787 4,5135
4,1761 4,2113
4,6957 4,7312
5,2518 5,2876
564 20:54:21
4,4786 4,5137
4,1764 4,2119
4,6954 4,7312
5,2510 5,2876
565 20:55:20
4,4794 4,5128
4,1771 4,2111
4,6964 4,7304
5,2528 5,2866
566 20:56:20
4,4794 4,5128
4,1775 4,2112
4,6964 4,7304
5,2527 5,2871
567 20:57:21
4,4793 4,5127
4,1774 4,2114
4,6963 4,7303
5,2526 5,2872
568 20:58:21
4,4793 4,5127
4,1774 4,2110
4,6958 4,7298
5,2526 5,2866
569 20:59:21
4,4793 4,5122
4,1770 4,2101
4,6957 4,7297
5,2524 5,2862
570 21:00:20
4,4793 4,5121
4,1774 4,2104
4,6963 4,7299
5,2525 5,2864
571 21:01:20
4,4794 4,5125
4,1773 4,2107
4,6964 4,7301
5,2519 5,2863
572 21:02:21
4,4791 4,5123
4,1768 4,2106
4,6964 4,7305
5,2516 5,2861
573 21:03:21
4,4791 4,5125
4,1768 4,2108
4,6961 4,7302
5,2510 5,2857
574 21:04:20
4,4793 4,5126
4,1774 4,2109
4,6961 4,7301
5,2518 5,2858
575 21:05:20
4,4793 4,5126
4,1774 4,2109
4,6962 4,7307
5,2518 5,2864
576 21:06:21
4,4792 4,5126
4,1773 4,2109
4,6962 4,7303
5,2517 5,2858
577 21:07:21
4,4792 4,5126
4,1773 4,2113
4,6967 4,7308
5,2517 5,2858
578 21:08:21
4,4792 4,5126
4,1773 4,2113
4,6966 4,7308
5,2517 5,2864
579 21:09:20
4,4791 4,5125
4,1772 4,2108
4,6965 4,7311
5,2516 5,2863
580 21:10:20
4,4791 4,5125
4,1772 4,2108
4,6971 4,7312
5,2516 5,2863
581 21:11:21
4,4793 4,5128
4,1774 4,2115
4,6971 4,7313
5,2518 5,2866
582 21:12:21
4,4793 4,5127
4,1779 4,2118
4,6967 4,7313
5,2518 5,2865
583 21:13:21
4,4795 4,5128
4,1783 4,2117
4,6970 4,7309
5,2520 5,2859
584 21:14:21
4,4794 4,5129
4,1782 4,2118
4,6967 4,7309
5,2513 5,2861
585 21:15:20
4,4793 4,5127
4,1781 4,2117
4,6964 4,7309
5,2514 5,2860
586 21:16:21
4,4793 4,5127
4,1783 4,2118
4,6968 4,7309
5,2512 5,2859
587 21:17:21
4,4793 4,5127
4,1778 4,2114
4,6964 4,7309
5,2506 5,2853
588 21:18:21
4,4793 4,5127
4,1778 4,2114
4,6964 4,7309
5,2506 5,2853
589 21:19:20
4,4791 4,5125
4,1776 4,2112
4,6961 4,7302
5,2505 5,2851
590 21:20:20
4,4792 4,5126
4,1777 4,2113
4,6961 4,7307
5,2506 5,2852
591 21:21:21
4,4792 4,5126
4,1773 4,2113
4,6962 4,7303
5,2506 5,2852
592 21:22:21
4,4788 4,5124
4,1773 4,2111
4,6958 4,7301
5,2500 5,2849
593 21:23:21
4,4789 4,5123
4,1766 4,2106
4,6958 4,7304
5,2501 5,2848
594 21:24:20
4,4788 4,5122
4,1769 4,2105
4,6957 4,7303
5,2500 5,2847
595 21:25:20
4,4782 4,5120
4,1761 4,2104
4,6951 4,7295
5,2497 5,2843
596 21:26:20
4,4785 4,5120
4,1762 4,2102
4,6953 4,7295
5,2496 5,2844
597 21:27:21
4,4784 4,5119
4,1765 4,2101
4,6952 4,7294
5,2495 5,2843
598 21:28:21
4,4784 4,5118
4,1759 4,2098
4,6954 4,7295
5,2497 5,2843
599 21:29:21
4,4781 4,5117
4,1751 4,2093
4,6947 4,7294
5,2492 5,2841
600 21:30:21
4,4781 4,5118
4,1751 4,2090
4,6945 4,7294
5,2492 5,2842
601 21:31:20
4,4781 4,5118
4,1747 4,2090
4,6944 4,7288
5,2492 5,2836
602 21:32:20
4,4781 4,5118
4,1743 4,2086
4,6944 4,7288
5,2486 5,2836
603 21:33:21
4,4779 4,5116
4,1740 4,2082
4,6943 4,7286
5,2483 5,2833
604 21:34:21
4,4779 4,5114
4,1741 4,2082
4,6943 4,7284
5,2483 5,2831
605 21:35:21
4,4775 4,5110
4,1745 4,2082
4,6939 4,7280
5,2478 5,2825
606 21:36:21
4,4775 4,5109
4,1745 4,2085
4,6940 4,7281
5,2480 5,2826
607 21:37:20
4,4774 4,5108
4,1744 4,2084
4,6938 4,7282
5,2485 5,2825
608 21:38:20
4,4773 4,5107
4,1745 4,2080
4,6937 4,7277
5,2476 5,2823
609 21:39:20
4,4771 4,5105
4,1738 4,2074
4,6935 4,7276
5,2474 5,2821
610 21:40:21
4,4771 4,5107
4,1739 4,2080
4,6935 4,7277
5,2478 5,2823
611 21:41:21
4,4771 4,5107
4,1739 4,2080
4,6940 4,7283
5,2480 5,2823
612 21:42:20
4,4761 4,5120
4,1724 4,2086
4,6923 4,7293
5,2462 5,2838
613 21:43:20
4,4772 4,5106
4,1731 4,2071
4,6936 4,7276
5,2475 5,2822
614 21:44:21
4,4772 4,5107
4,1730 4,2070
4,6936 4,7277
5,2475 5,2823
615 21:45:21
4,4771 4,5106
4,1735 4,2074
4,6933 4,7275
5,2474 5,2822
616 21:46:21
4,4771 4,5106
4,1733 4,2073
4,6933 4,7275
5,2480 5,2822
617 21:47:20
4,4757 4,5122
4,1720 4,2088
4,6920 4,7293
5,2464 5,2840
618 21:48:20
4,4756 4,5120
4,1720 4,2088
4,6919 4,7291
5,2462 5,2839
619 21:49:20
4,4769 4,5108
4,1731 4,2075
4,6931 4,7277
5,2468 5,2825
620 21:50:21
4,4762 4,5114
4,1734 4,2087
4,6925 4,7285
5,2463 5,2834
621 21:51:21
4,4769 4,5108
4,1743 4,2087
4,6929 4,7277
5,2478 5,2824
622 21:52:21
4,4770 4,5107
4,1751 4,2091
4,6932 4,7276
5,2478 5,2829
623 21:53:20
4,4770 4,5107
4,1752 4,2091
4,6937 4,7281
5,2477 5,2822
624 21:54:21
4,4770 4,5107
4,1752 4,2095
4,6933 4,7282
5,2473 5,2823
625 21:55:21
4,4770 4,5107
4,1752 4,2094
4,6937 4,7282
5,2473 5,2822
626 21:56:21
4,4770 4,5105
4,1752 4,2093
4,6933 4,7280
5,2475 5,2820
627 21:57:21
4,4770 4,5107
4,1752 4,2095
4,6933 4,7272
5,2479 5,2829
628 21:58:21
4,4769 4,5105
4,1751 4,2093
4,6932 4,7270
5,2484 5,2831
629 21:59:20
4,4771 4,5107
4,1755 4,2096
4,6932 4,7277
5,2488 5,2836
630 22:00:20
4,4773 4,5108
4,1755 4,2092
4,6931 4,7273
5,2488 5,2836
631 22:01:20
4,4772 4,5107
4,1754 4,2091
4,6931 4,7272
5,2487 5,2835
632 22:02:21
4,4775 4,5110
4,1757 4,2098
4,6934 4,7275
5,2491 5,2839
633 22:03:21
4,4774 4,5109
4,1756 4,2097
4,6932 4,7278
5,2495 5,2842
634 22:04:21
4,4773 4,5107
4,1759 4,2095
4,6937 4,7277
5,2495 5,2842
635 22:05:21
4,4773 4,5108
4,1759 4,2100
4,6937 4,7278
5,2495 5,2843
636 22:06:21
4,4770 4,5105
4,1756 4,2096
4,6938 4,7279
5,2491 5,2833
637 22:07:20
4,4770 4,5104
4,1760 4,2096
4,6934 4,7275
5,2491 5,2832
638 22:08:20
4,4770 4,5104
4,1760 4,2096
4,6933 4,7277
5,2491 5,2838
639 22:09:21
4,4770 4,5105
4,1756 4,2097
4,6932 4,7274
5,2491 5,2839
640 22:10:21
4,4760 4,5115
4,1747 4,2102
4,6922 4,7284
5,2479 5,2850
641 22:11:21
4,4760 4,5115
4,1747 4,2102
4,6922 4,7284
5,2479 5,2850
642 22:12:36
4,4761 4,5115
4,1748 4,2102
4,6924 4,7286
5,2482 5,2852
643 22:13:21
4,4770 4,5105
4,1756 4,2093
4,6932 4,7274
5,2491 5,2839
644 22:14:21
4,4770 4,5105
4,1756 4,2093
4,6932 4,7274
5,2491 5,2839
645 22:15:20
4,4760 4,5115
4,1743 4,2102
4,6922 4,7284
5,2479 5,2850
646 22:16:21
4,4771 4,5106
4,1753 4,2094
4,6929 4,7275
5,2492 5,2839
647 22:17:21
4,4772 4,5107
4,1758 4,2095
4,6930 4,7276
5,2493 5,2840
648 22:18:21
4,4772 4,5107
4,1758 4,2099
4,6931 4,7272
5,2493 5,2840
649 22:19:21
4,4760 4,5116
4,1747 4,2107
4,6919 4,7288
5,2481 5,2853
650 22:20:20
4,4762 4,5117
4,1749 4,2108
4,6920 4,7283
5,2481 5,2852
651 22:21:20
4,4762 4,5117
4,1753 4,2108
4,6925 4,7288
5,2481 5,2852
652 22:22:21
4,4761 4,5116
4,1752 4,2107
4,6920 4,7286
5,2480 5,2851
653 22:23:21
4,4761 4,5115
4,1752 4,2110
4,6925 4,7286
5,2488 5,2852
654 22:24:21
4,4771 4,5106
4,1761 4,2102
4,6933 4,7275
5,2498 5,2839
655 22:25:21
4,4772 4,5107
4,1762 4,2099
4,6934 4,7277
5,2499 5,2841
656 22:26:20
4,4761 4,5115
4,1752 4,2106
4,6925 4,7286
5,2488 5,2858
657 22:27:20
4,4761 4,5115
4,1752 4,2106
4,6925 4,7286
5,2487 5,2852
658 22:28:21
4,4760 4,5116
4,1747 4,2107
4,6923 4,7287
5,2487 5,2859
659 22:29:21
4,4760 4,5116
4,1747 4,2107
4,6923 4,7287
5,2487 5,2859
660 22:30:20
4,4771 4,5106
4,1757 4,2094
4,6934 4,7281
5,2498 5,2845
661 22:31:20
4,4772 4,5107
4,1758 4,2095
4,6935 4,7281
5,2500 5,2848
662 22:32:20
4,4755 4,5122
4,1738 4,2109
4,6918 4,7293
5,2473 5,2858
663 22:33:21
4,4755 4,5119
4,1738 4,2106
4,6918 4,7290
5,2474 5,2855
664 22:34:21
4,4756 4,5118
4,1735 4,2101
4,6919 4,7289
5,2469 5,2848
665 22:35:21
4,4776 4,5111
4,1754 4,2091
4,6940 4,7281
5,2492 5,2840
666 22:36:20
4,4776 4,5111
4,1754 4,2095
4,6940 4,7281
5,2494 5,2840
667 22:37:21
4,4778 4,5113
4,1756 4,2097
4,6942 4,7283
5,2500 5,2841
668 22:38:21
4,4779 4,5114
4,1761 4,2098
4,6943 4,7284
5,2502 5,2850
669 22:39:21
4,4779 4,5114
4,1757 4,2098
4,6943 4,7284
5,2502 5,2850
670 22:40:20
4,4780 4,5115
4,1758 4,2099
4,6944 4,7285
5,2503 5,2851
671 22:41:20
4,4780 4,5115
4,1758 4,2099
4,6944 4,7285
5,2503 5,2851
672 22:42:21
4,4779 4,5114
4,1757 4,2098
4,6943 4,7284
5,2502 5,2850
Connection error x5
