#======================
2023-3-21
# 1.EUR, 2.USD, 3.CHF, 4.GBP
Sell Price, Buy Price
1 09:27
4,6814 4,7138
4,3609 4,3932
4,6945 4,7277
5,3446 5,3780
2 09:28
4,6813 4,7137
4,3601 4,3924
4,6939 4,7271
5,3441 5,3775
3 09:29
4,6813 4,7137
4,3610 4,3933
4,6944 4,7276
5,3450 5,3784
4 09:30
4,6812 4,7136
4,3613 4,3936
4,6938 4,7270
5,3446 5,3780
5 09:31
4,6814 4,7136
4,3608 4,3931
4,6938 4,7270
5,3445 5,3779
6 09:32
4,6811 4,7133
4,3614 4,3937
4,6937 4,7269
5,3445 5,3779
7 09:33
4,6814 4,7136
4,3624 4,3947
4,6940 4,7272
5,3448 5,3782
8 09:34
4,6816 4,7138
4,3620 4,3943
4,6941 4,7273
5,3457 5,3791
9 09:35
4,6813 4,7135
4,3609 4,3932
4,6939 4,7271
5,3456 5,3790
10 09:36
4,6815 4,7137
4,3608 4,3931
4,6941 4,7271
5,3442 5,3776
11 09:37
4,6815 4,7137
4,3600 4,3923
4,6942 4,7272
5,3439 5,3773
12 09:38
4,6816 4,7138
4,3599 4,3922
4,6940 4,7270
5,3431 5,3765
13 09:39
4,6815 4,7137
4,3607 4,3930
4,6941 4,7271
5,3446 5,3780
14 09:40
4,6815 4,7137
4,3598 4,3921
4,6938 4,7268
5,3441 5,3775
15 09:41
4,6817 4,7141
4,3605 4,3928
4,6940 4,7272
5,3429 5,3763
16 09:42
4,6815 4,7139
4,3602 4,3925
4,6930 4,7262
5,3426 5,3760
17 09:43
4,6815 4,7139
4,3606 4,3929
4,6927 4,7259
5,3426 5,3760
18 09:44
4,6813 4,7137
4,3601 4,3924
4,6925 4,7257
5,3429 5,3763
19 09:45
4,6812 4,7136
4,3609 4,3932
4,6929 4,7261
5,3435 5,3769
20 09:46
4,6814 4,7137
4,3618 4,3941
4,6925 4,7254
5,3445 5,3779
21 09:47
4,6821 4,7144
4,3630 4,3953
4,6933 4,7262
5,3449 5,3783
22 09:48
4,6823 4,7146
4,3630 4,3953
4,6936 4,7265
5,3445 5,3779
23 09:49
4,6826 4,7149
4,3639 4,3962
4,6936 4,7265
5,3442 5,3776
24 09:50
4,6821 4,7144
4,3622 4,3945
4,6929 4,7258
5,3419 5,3753
25 09:51
4,6819 4,7142
4,3632 4,3955
4,6926 4,7256
5,3419 5,3753
26 09:52
4,6817 4,7140
4,3633 4,3956
4,6924 4,7254
5,3422 5,3756
27 09:53
4,6809 4,7132
4,3630 4,3953
4,6916 4,7246
5,3408 5,3742
28 09:54
4,6814 4,7137
4,3641 4,3964
4,6927 4,7257
5,3415 5,3749
29 09:55
4,6801 4,7124
4,3622 4,3945
4,6913 4,7243
5,3393 5,3727
30 09:56
4,6797 4,7121
4,3617 4,3940
4,6911 4,7241
5,3393 5,3727
31 09:57
4,6783 4,7107
4,3598 4,3921
4,6900 4,7230
5,3370 5,3704
32 09:58
4,6782 4,7106
4,3587 4,3910
4,6913 4,7243
5,3363 5,3697
33 09:59
4,6791 4,7115
4,3604 4,3927
4,6955 4,7285
5,3377 5,3711
34 10:00
4,6779 4,7103
4,3595 4,3918
4,6961 4,7291
5,3359 5,3693
35 10:01
4,6784 4,7108
4,3597 4,3920
4,6963 4,7293
5,3371 5,3705
36 10:02
4,6796 4,7120
4,3621 4,3944
4,6980 4,7310
5,3382 5,3716
37 10:03
4,6792 4,7116
4,3621 4,3944
4,6987 4,7317
5,3371 5,3705
38 10:04
4,6791 4,7115
4,3614 4,3937
4,6980 4,7310
5,3371 5,3705
39 10:05
4,6789 4,7113
4,3623 4,3946
4,6983 4,7313
5,3381 5,3715
40 10:06
4,6791 4,7115
4,3614 4,3937
4,6972 4,7302
5,3380 5,3714
41 10:07
4,6792 4,7116
4,3613 4,3936
4,6967 4,7297
5,3378 5,3712
42 10:08
4,6791 4,7115
4,3610 4,3933
4,6963 4,7293
5,3372 5,3706
43 10:09
4,6794 4,7118
4,3623 4,3946
4,6961 4,7291
5,3384 5,3718
44 10:10
4,6793 4,7117
4,3614 4,3937
4,6956 4,7286
5,3393 5,3727
45 10:11
4,6793 4,7117
4,3617 4,3940
4,6958 4,7288
5,3413 5,3747
46 10:12
4,6792 4,7116
4,3611 4,3934
4,6953 4,7283
5,3396 5,3730
47 10:13
4,6791 4,7115
4,3608 4,3931
4,6951 4,7281
5,3380 5,3714
48 10:14
4,6793 4,7117
4,3595 4,3918
4,6939 4,7269
5,3358 5,3692
49 10:15
4,6796 4,7120
4,3596 4,3919
4,6947 4,7277
5,3370 5,3704
50 10:16
4,6796 4,7120
4,3596 4,3919
4,6956 4,7286
5,3376 5,3710
51 10:17
4,6789 4,7113
4,3588 4,3911
4,6952 4,7282
5,3362 5,3696
52 10:19
4,6788 4,7112
4,3589 4,3912
4,6962 4,7292
5,3359 5,3693
53 10:20
4,6788 4,7112
4,3589 4,3912
4,6963 4,7293
5,3361 5,3695
54 10:21
4,6790 4,7113
4,3589 4,3912
4,6958 4,7288
5,3365 5,3699
55 10:22
4,6788 4,7111
4,3586 4,3909
4,6960 4,7290
5,3363 5,3697
56 10:23
4,6788 4,7111
4,3587 4,3910
4,6952 4,7282
5,3366 5,3700
57 10:24
4,6790 4,7113
4,3586 4,3909
4,6945 4,7275
5,3375 5,3709
58 10:25
4,6792 4,7115
4,3591 4,3914
4,6943 4,7273
5,3363 5,3697
59 10:27
4,6792 4,7115
4,3597 4,3920
4,6970 4,7300
5,3367 5,3700
60 10:28
4,6795 4,7118
4,3588 4,3911
4,6975 4,7305
5,3366 5,3699
61 10:29
4,6796 4,7119
4,3586 4,3909
4,6976 4,7306
5,3371 5,3704
62 10:30
4,6795 4,7118
4,3590 4,3913
4,6973 4,7303
5,3379 5,3712
63 10:31
4,6796 4,7120
4,3584 4,3907
4,6975 4,7306
5,3382 5,3716
64 10:32
4,6795 4,7119
4,3574 4,3897
4,6974 4,7305
5,3381 5,3715
65 10:33
4,6787 4,7111
4,3565 4,3888
4,6966 4,7297
5,3375 5,3709
66 10:34
4,6788 4,7112
4,3567 4,3890
4,6970 4,7301
5,3377 5,3711
67 10:35
4,6792 4,7116
4,3578 4,3901
4,6985 4,7316
5,3384 5,3718
68 10:36
4,6790 4,7114
4,3574 4,3897
4,6986 4,7318
5,3391 5,3725
69 10:37
4,6787 4,7111
4,3565 4,3888
4,6984 4,7316
5,3382 5,3716
70 10:38
4,6786 4,7110
4,3564 4,3887
4,6979 4,7311
5,3378 5,3712
71 10:39
4,6788 4,7112
4,3570 4,3893
4,6985 4,7317
5,3388 5,3722
72 10:40
4,6786 4,7110
4,3562 4,3885
4,6978 4,7310
5,3383 5,3717
73 10:41
4,6786 4,7110
4,3562 4,3885
4,6982 4,7312
5,3377 5,3711
74 10:42
4,6787 4,7111
4,3567 4,3890
4,6976 4,7306
5,3378 5,3712
75 10:43
4,6787 4,7111
4,3571 4,3894
4,6970 4,7300
5,3387 5,3721
76 10:44
4,6784 4,7108
4,3569 4,3892
4,6958 4,7288
5,3375 5,3709
77 10:45
4,6785 4,7109
4,3563 4,3886
4,6959 4,7289
5,3376 5,3710
78 10:46
4,6787 4,7111
4,3567 4,3890
4,6959 4,7289
5,3381 5,3715
79 10:47
4,6787 4,7111
4,3565 4,3888
4,6966 4,7296
5,3381 5,3715
80 10:48
4,6787 4,7111
4,3567 4,3890
4,6962 4,7292
5,3385 5,3719
81 10:49
4,6786 4,7110
4,3562 4,3885
4,6965 4,7295
5,3387 5,3721
82 10:50
4,6784 4,7108
4,3558 4,3881
4,6961 4,7291
5,3381 5,3715
83 10:51
4,6789 4,7112
4,3570 4,3893
4,6970 4,7300
5,3392 5,3726
84 10:52
4,6796 4,7119
4,3570 4,3893
4,6979 4,7309
5,3396 5,3730
85 10:53
4,6800 4,7123
4,3561 4,3884
4,6993 4,7323
5,3396 5,3730
86 10:54
4,6801 4,7124
4,3559 4,3882
4,7000 4,7330
5,3393 5,3727
87 10:55
4,6801 4,7124
4,3559 4,3882
4,6993 4,7323
5,3388 5,3722
88 10:56
4,6805 4,7128
4,3542 4,3865
4,6982 4,7312
5,3379 5,3713
89 10:57
4,6812 4,7135
4,3549 4,3872
4,6992 4,7322
5,3387 5,3721
90 10:58
4,6815 4,7138
4,3544 4,3867
4,6994 4,7324
5,3383 5,3717
91 10:59
4,6810 4,7133
4,3549 4,3872
4,6984 4,7314
5,3390 5,3724
92 11:00
4,6798 4,7121
4,3541 4,3864
4,6978 4,7308
5,3381 5,3715
93 11:59
4,6754 4,7077
4,3431 4,3753
4,6933 4,7262
5,3259 5,3592
94 12:00
4,6754 4,7077
4,3435 4,3757
4,6933 4,7262
5,3262 5,3595
95 12:01
4,6753 4,7076
4,3411 4,3733
4,6930 4,7259
5,3246 5,3580
96 12:02
4,6755 4,7078
4,3429 4,3751
4,6930 4,7259
5,3255 5,3589
97 12:03
4,6759 4,7082
4,3426 4,3748
4,6932 4,7261
5,3253 5,3587
98 12:04
4,6769 4,7092
4,3435 4,3757
4,6937 4,7266
5,3257 5,3591
99 12:05
4,6766 4,7089
4,3443 4,3765
4,6939 4,7268
5,3251 5,3585
100 12:06
4,6768 4,7091
4,3444 4,3766
4,6945 4,7274
5,3250 5,3584
101 12:07
4,6768 4,7091
4,3446 4,3768
4,6950 4,7279
5,3263 5,3597
102 12:08
4,6776 4,7099
4,3436 4,3758
4,6951 4,7280
5,3257 5,3591
103 12:09
4,6778 4,7101
4,3437 4,3759
4,6955 4,7284
5,3253 5,3587
104 12:10
4,6779 4,7102
4,3438 4,3760
4,6960 4,7289
5,3256 5,3590
105 12:11
4,6779 4,7102
4,3440 4,3762
4,6961 4,7290
5,3258 5,3592
106 12:12
4,6781 4,7104
4,3447 4,3769
4,6963 4,7292
5,3257 5,3591
107 12:13
4,6781 4,7104
4,3444 4,3766
4,6950 4,7279
5,3247 5,3581
108 12:14
4,6782 4,7105
4,3441 4,3763
4,6949 4,7278
5,3251 5,3585
109 12:15
4,6782 4,7105
4,3445 4,3767
4,6942 4,7271
5,3251 5,3585
110 12:16
4,6782 4,7105
4,3445 4,3767
4,6937 4,7266
5,3252 5,3586
111 12:17
4,6780 4,7103
4,3441 4,3763
4,6934 4,7263
5,3240 5,3574
112 12:18
4,6781 4,7104
4,3440 4,3762
4,6934 4,7263
5,3232 5,3566
113 12:19
4,6780 4,7103
4,3439 4,3761
4,6929 4,7258
5,3222 5,3556
114 12:20
4,6779 4,7102
4,3430 4,3752
4,6918 4,7247
5,3219 5,3553
115 12:21
4,6796 4,7119
4,3442 4,3764
4,6940 4,7269
5,3252 5,3586
116 12:22
4,6793 4,7116
4,3431 4,3753
4,6937 4,7266
5,3254 5,3588
117 12:23
4,6793 4,7116
4,3426 4,3748
4,6940 4,7269
5,3252 5,3586
118 12:24
4,6795 4,7118
4,3431 4,3753
4,6944 4,7273
5,3257 5,3591
119 12:25
4,6796 4,7119
4,3434 4,3756
4,6947 4,7276
5,3262 5,3596
120 12:26
4,6814 4,7137
4,3444 4,3766
4,6966 4,7297
5,3270 5,3604
121 12:27
4,6817 4,7140
4,3449 4,3771
4,6964 4,7295
5,3269 5,3603
122 12:28
4,6815 4,7138
4,3437 4,3759
4,6960 4,7291
5,3264 5,3598
123 12:29
4,6816 4,7139
4,3430 4,3752
4,6954 4,7285
5,3257 5,3591
124 12:30
4,6813 4,7136
4,3428 4,3750
4,6959 4,7290
5,3256 5,3590
125 12:31
4,6809 4,7132
4,3425 4,3747
4,6950 4,7279
5,3233 5,3566
126 12:32
4,6808 4,7131
4,3427 4,3749
4,6957 4,7286
5,3235 5,3568
127 12:33
4,6810 4,7133
4,3421 4,3743
4,6956 4,7285
5,3235 5,3568
128 12:34
4,6811 4,7134
4,3425 4,3747
4,6957 4,7286
5,3236 5,3569
129 12:35
4,6810 4,7133
4,3422 4,3744
4,6954 4,7283
5,3229 5,3562
130 12:36
4,6817 4,7140
4,3421 4,3743
4,6954 4,7283
5,3236 5,3569
131 12:37
4,6816 4,7139
4,3420 4,3742
4,6956 4,7285
5,3239 5,3572
132 12:38
4,6822 4,7145
4,3427 4,3749
4,6961 4,7290
5,3242 5,3575
133 12:39
4,6822 4,7145
4,3432 4,3754
4,6963 4,7292
5,3243 5,3576
134 12:40
4,6821 4,7144
4,3430 4,3752
4,6962 4,7291
5,3243 5,3576
135 12:41
4,6819 4,7142
4,3426 4,3748
4,6964 4,7293
5,3252 5,3585
136 12:42
4,6816 4,7139
4,3416 4,3738
4,6966 4,7295
5,3239 5,3572
137 12:43
4,6811 4,7134
4,3417 4,3739
4,6969 4,7298
5,3242 5,3575
138 12:44
4,6806 4,7129
4,3406 4,3728
4,6959 4,7288
5,3228 5,3561
139 12:45
4,6809 4,7132
4,3411 4,3733
4,6967 4,7296
5,3236 5,3569
140 12:46
4,6810 4,7133
4,3429 4,3751
4,6982 4,7311
5,3256 5,3589
141 12:47
4,6811 4,7134
4,3426 4,3748
4,7009 4,7338
5,3260 5,3593
142 12:48
4,6820 4,7143
4,3430 4,3752
4,7014 4,7343
5,3262 5,3595
143 12:49
4,6818 4,7141
4,3428 4,3750
4,7017 4,7346
5,3262 5,3595
144 12:50
4,6818 4,7141
4,3432 4,3754
4,7023 4,7352
5,3259 5,3592
145 12:51
4,6817 4,7140
4,3425 4,3747
4,7013 4,7342
5,3249 5,3583
146 12:52
4,6814 4,7137
4,3428 4,3750
4,7022 4,7351
5,3252 5,3586
147 12:53
4,6813 4,7136
4,3417 4,3739
4,7012 4,7341
5,3238 5,3572
148 12:54
4,6814 4,7137
4,3414 4,3736
4,7003 4,7332
5,3234 5,3568
149 12:55
4,6809 4,7132
4,3415 4,3737
4,7000 4,7329
5,3231 5,3565
150 12:56
4,6809 4,7132
4,3403 4,3725
4,7000 4,7329
5,3227 5,3561
151 12:57
4,6806 4,7129
4,3401 4,3723
4,6998 4,7327
5,3219 5,3553
152 12:58
4,6803 4,7126
4,3416 4,3738
4,7008 4,7337
5,3223 5,3557
153 12:59
4,6804 4,7127
4,3423 4,3745
4,7001 4,7330
5,3215 5,3549
154 13:00
4,6805 4,7128
4,3420 4,3742
4,6988 4,7317
5,3214 5,3548
155 13:01
4,6803 4,7126
4,3426 4,3748
4,6991 4,7320
5,3233 5,3567
156 13:02
4,6802 4,7125
4,3418 4,3740
4,6987 4,7316
5,3224 5,3558
157 13:03
4,6801 4,7124
4,3411 4,3733
4,6984 4,7313
5,3226 5,3560
158 13:04
4,6801 4,7124
4,3415 4,3737
4,6984 4,7313
5,3223 5,3557
159 13:05
4,6802 4,7125
4,3415 4,3737
4,6986 4,7315
5,3218 5,3552
160 13:06
4,6802 4,7125
4,3410 4,3732
4,6982 4,7312
5,3217 5,3551
161 13:07
4,6803 4,7126
4,3417 4,3739
4,6987 4,7317
5,3222 5,3556
162 13:08
4,6799 4,7122
4,3407 4,3729
4,6981 4,7311
5,3211 5,3545
163 13:09
4,6797 4,7120
4,3405 4,3727
4,6976 4,7306
5,3214 5,3548
164 13:10
4,6790 4,7113
4,3399 4,3721
4,6969 4,7299
5,3201 5,3535
165 13:11
4,6790 4,7113
4,3400 4,3722
4,6970 4,7299
5,3191 5,3524
166 13:12
4,6790 4,7113
4,3403 4,3725
4,6971 4,7300
5,3195 5,3528
167 13:13
4,6789 4,7112
4,3400 4,3722
4,6967 4,7296
5,3185 5,3518
168 13:14
4,6791 4,7114
4,3401 4,3723
4,6968 4,7297
5,3193 5,3526
169 13:15
4,6792 4,7115
4,3405 4,3727
4,6970 4,7299
5,3198 5,3531
170 13:16
4,6791 4,7114
4,3401 4,3723
4,6966 4,7295
5,3208 5,3542
171 13:17
4,6792 4,7115
4,3401 4,3723
4,6961 4,7290
5,3194 5,3528
172 13:18
4,6793 4,7116
4,3404 4,3726
4,6962 4,7291
5,3195 5,3529
173 13:19
4,6784 4,7107
4,3400 4,3722
4,6958 4,7287
5,3185 5,3519
174 13:20
4,6781 4,7104
4,3392 4,3714
4,6947 4,7276
5,3172 5,3506
175 13:21
4,6781 4,7104
4,3397 4,3719
4,6938 4,7267
5,3182 5,3515
176 13:22
4,6780 4,7103
4,3393 4,3715
4,6932 4,7261
5,3190 5,3523
177 13:23
4,6778 4,7101
4,3386 4,3708
4,6933 4,7262
5,3190 5,3523
178 13:24
4,6778 4,7101
4,3390 4,3712
4,6926 4,7255
5,3194 5,3527
179 13:25
4,6776 4,7099
4,3392 4,3714
4,6921 4,7250
5,3188 5,3521
180 13:39
4,6792 4,7115
4,3399 4,3721
4,6985 4,7314
5,3205 5,3539
181 13:40
4,6792 4,7115
4,3399 4,3721
4,6980 4,7309
5,3200 5,3534
182 13:41
4,6797 4,7122
4,3407 4,3729
4,6985 4,7315
5,3204 5,3538
183 13:42
4,6797 4,7122
4,3408 4,3730
4,6980 4,7310
5,3200 5,3534
184 13:43
4,6797 4,7122
4,3408 4,3730
4,6981 4,7311
5,3198 5,3532
185 13:44
4,6796 4,7121
4,3405 4,3727
4,6984 4,7314
5,3200 5,3534
186 13:45
4,6795 4,7120
4,3404 4,3726
4,6975 4,7305
5,3195 5,3529
187 13:46
4,6793 4,7116
4,3407 4,3729
4,6976 4,7305
5,3189 5,3523
188 13:47
4,6794 4,7117
4,3419 4,3741
4,6968 4,7297
5,3188 5,3522
189 13:48
4,6797 4,7120
4,3414 4,3736
4,6967 4,7296
5,3185 5,3519
190 13:49
4,6797 4,7120
4,3411 4,3733
4,6958 4,7287
5,3181 5,3515
191 13:50
4,6796 4,7119
4,3414 4,3736
4,6957 4,7286
5,3187 5,3521
192 13:51
4,6797 4,7120
4,3417 4,3739
4,6962 4,7293
5,3187 5,3520
193 13:52
4,6797 4,7120
4,3417 4,3739
4,6969 4,7300
5,3193 5,3526
194 13:53
4,6799 4,7122
4,3421 4,3743
4,6976 4,7307
5,3199 5,3532
195 13:54
4,6799 4,7122
4,3429 4,3751
4,6979 4,7310
5,3199 5,3532
196 13:55
4,6797 4,7120
4,3429 4,3751
4,6976 4,7307
5,3199 5,3532
197 13:56
4,6797 4,7120
4,3429 4,3751
4,6976 4,7307
5,3199 5,3532
198 13:57
4,6795 4,7118
4,3410 4,3732
4,6948 4,7277
5,3170 5,3504
199 13:58
4,6794 4,7117
4,3403 4,3725
4,6941 4,7270
5,3179 5,3513
200 13:59
4,6795 4,7118
4,3400 4,3722
4,6942 4,7271
5,3186 5,3520
201 14:00
4,6797 4,7120
4,3403 4,3725
4,6956 4,7285
5,3200 5,3534
202 14:01
4,6803 4,7126
4,3409 4,3731
4,6967 4,7296
5,3209 5,3542
203 14:02
4,6802 4,7125
4,3420 4,3742
4,6966 4,7295
5,3221 5,3554
204 14:03
4,6804 4,7127
4,3418 4,3740
4,6968 4,7297
5,3207 5,3540
205 14:04
4,6804 4,7127
4,3416 4,3738
4,6966 4,7295
5,3193 5,3526
206 14:05
4,6805 4,7128
4,3411 4,3733
4,6958 4,7287
5,3188 5,3521
207 14:06
4,6816 4,7139
4,3423 4,3745
4,6974 4,7305
5,3194 5,3528
208 14:07
4,6818 4,7141
4,3426 4,3748
4,6967 4,7298
5,3196 5,3530
209 14:08
4,6820 4,7143
4,3429 4,3751
4,6969 4,7300
5,3199 5,3533
210 14:09
4,6822 4,7145
4,3449 4,3771
4,6986 4,7317
5,3208 5,3542
211 14:10
4,6823 4,7146
4,3454 4,3776
4,6991 4,7322
5,3202 5,3536
212 14:11
4,6828 4,7151
4,3460 4,3782
4,6992 4,7321
5,3207 5,3540
213 14:12
4,6827 4,7150
4,3452 4,3774
4,6989 4,7318
5,3213 5,3546
214 14:13
4,6828 4,7151
4,3458 4,3780
4,6978 4,7307
5,3208 5,3541
215 14:14
4,6822 4,7145
4,3451 4,3773
4,6958 4,7287
5,3213 5,3546
216 14:15
4,6825 4,7148
4,3449 4,3771
4,6958 4,7287
5,3216 5,3549
217 14:16
4,6817 4,7140
4,3438 4,3760
4,6983 4,7312
5,3201 5,3535
218 14:17
4,6821 4,7144
4,3436 4,3758
4,6980 4,7309
5,3188 5,3522
219 14:18
4,6815 4,7138
4,3432 4,3754
4,6965 4,7294
5,3169 5,3503
220 14:19
4,6819 4,7142
4,3439 4,3761
4,6973 4,7302
5,3173 5,3507
221 14:20
4,6820 4,7143
4,3445 4,3767
4,6984 4,7313
5,3170 5,3504
222 14:21
4,6819 4,7142
4,3434 4,3756
4,6983 4,7312
5,3170 5,3503
223 14:22
4,6833 4,7156
4,3451 4,3773
4,6998 4,7327
5,3184 5,3517
224 14:23
4,6831 4,7154
4,3455 4,3777
4,6988 4,7317
5,3187 5,3520
225 14:24
4,6829 4,7152
4,3445 4,3767
4,6964 4,7293
5,3184 5,3517
226 14:25
4,6824 4,7147
4,3440 4,3762
4,6974 4,7303
5,3182 5,3515
227 14:26
4,6814 4,7137
4,3423 4,3745
4,6971 4,7300
5,3168 5,3502
228 14:27
4,6815 4,7138
4,3424 4,3746
4,6970 4,7299
5,3169 5,3503
229 14:28
4,6811 4,7134
4,3414 4,3736
4,6956 4,7285
5,3155 5,3489
230 14:29
4,6801 4,7124
4,3403 4,3725
4,6928 4,7257
5,3144 5,3478
231 14:30
4,6800 4,7123
4,3398 4,3720
4,6936 4,7265
5,3146 5,3480
232 14:31
4,6796 4,7119
4,3376 4,3698
4,6932 4,7261
5,3133 5,3466
233 14:32
4,6796 4,7119
4,3380 4,3702
4,6941 4,7270
5,3138 5,3471
234 14:33
4,6800 4,7123
4,3390 4,3712
4,6943 4,7272
5,3142 5,3475
235 14:34
4,6801 4,7124
4,3397 4,3719
4,6934 4,7263
5,3116 5,3449
236 14:35
4,6804 4,7127
4,3400 4,3722
4,6944 4,7273
5,3124 5,3457
237 14:36
4,6800 4,7123
4,3406 4,3728
4,6939 4,7269
5,3128 5,3461
238 14:37
4,6798 4,7121
4,3402 4,3724
4,6942 4,7272
5,3128 5,3461
239 14:38
4,6798 4,7121
4,3402 4,3724
4,6946 4,7276
5,3118 5,3451
240 14:39
4,6793 4,7116
4,3401 4,3723
4,6937 4,7267
5,3114 5,3447
241 14:40
4,6795 4,7118
4,3407 4,3729
4,6945 4,7275
5,3115 5,3448
242 14:41
4,6799 4,7122
4,3414 4,3736
4,6958 4,7287
5,3126 5,3459
243 14:42
4,6804 4,7127
4,3426 4,3748
4,6978 4,7307
5,3133 5,3466
244 14:43
4,6795 4,7118
4,3412 4,3734
4,6983 4,7312
5,3126 5,3459
245 14:44
4,6792 4,7115
4,3409 4,3731
4,6978 4,7307
5,3119 5,3452
246 14:45
4,6791 4,7114
4,3418 4,3740
4,6974 4,7303
5,3100 5,3433
247 14:46
4,6792 4,7115
4,3419 4,3741
4,6974 4,7304
5,3110 5,3443
248 14:47
4,6792 4,7115
4,3413 4,3735
4,6989 4,7319
5,3115 5,3448
249 14:48
4,6794 4,7117
4,3415 4,3737
4,7000 4,7330
5,3131 5,3464
250 14:49
4,6794 4,7117
4,3421 4,3743
4,7009 4,7339
5,3133 5,3466
251 14:50
4,6796 4,7119
4,3417 4,3739
4,7004 4,7334
5,3135 5,3468
252 14:51
4,6797 4,7120
4,3419 4,3741
4,7004 4,7333
5,3134 5,3467
253 14:52
4,6797 4,7120
4,3415 4,3737
4,6998 4,7327
5,3133 5,3466
254 14:53
4,6797 4,7120
4,3415 4,3737
4,7004 4,7333
5,3134 5,3467
255 14:54
4,6789 4,7112
4,3406 4,3728
4,6996 4,7325
5,3124 5,3457
256 14:55
4,6792 4,7115
4,3405 4,3727
4,7006 4,7335
5,3131 5,3464
257 14:56
4,6785 4,7108
4,3404 4,3726
4,6996 4,7325
5,3129 5,3463
258 14:57
4,6782 4,7105
4,3398 4,3720
4,6982 4,7311
5,3123 5,3457
259 14:58
4,6784 4,7107
4,3401 4,3723
4,6966 4,7295
5,3122 5,3456
260 14:59
4,6784 4,7107
4,3404 4,3726
4,6977 4,7306
5,3125 5,3459
261 15:00
4,6787 4,7110
4,3410 4,3732
4,6988 4,7317
5,3142 5,3476
262 15:01
4,6787 4,7110
4,3407 4,3729
4,6980 4,7309
5,3168 5,3502
263 15:02
4,6786 4,7109
4,3409 4,3731
4,6983 4,7312
5,3144 5,3478
264 15:03
4,6786 4,7109
4,3410 4,3732
4,6975 4,7304
5,3137 5,3471
265 15:04
4,6788 4,7111
4,3411 4,3733
4,6980 4,7309
5,3140 5,3474
266 15:05
4,6800 4,7123
4,3436 4,3758
4,6988 4,7317
5,3155 5,3489
267 15:06
4,6801 4,7124
4,3463 4,3785
4,6992 4,7323
5,3173 5,3506
268 15:07
4,6808 4,7131
4,3472 4,3794
4,6995 4,7326
5,3175 5,3508
269 15:08
4,6812 4,7135
4,3466 4,3788
4,7001 4,7332
5,3175 5,3508
270 15:09
4,6814 4,7137
4,3463 4,3785
4,7000 4,7331
5,3170 5,3503
271 15:10
4,6807 4,7130
4,3449 4,3771
4,7003 4,7334
5,3163 5,3496
272 15:11
4,6787 4,7110
4,3431 4,3753
4,6973 4,7302
5,3138 5,3472
273 15:12
4,6793 4,7116
4,3430 4,3752
4,6974 4,7303
5,3136 5,3470
274 15:13
4,6799 4,7122
4,3433 4,3755
4,6986 4,7315
5,3135 5,3469
275 15:14
4,6800 4,7123
4,3440 4,3762
4,6997 4,7326
5,3139 5,3473
276 15:15
4,6801 4,7124
4,3443 4,3765
4,6998 4,7327
5,3125 5,3459
277 15:16
4,6802 4,7125
4,3447 4,3769
4,7004 4,7333
5,3127 5,3461
278 15:17
4,6812 4,7135
4,3458 4,3780
4,7028 4,7357
5,3157 5,3491
279 15:18
4,6810 4,7133
4,3458 4,3780
4,7017 4,7346
5,3157 5,3491
280 15:19
4,6810 4,7133
4,3462 4,3784
4,7003 4,7332
5,3154 5,3488
281 15:20
4,6814 4,7137
4,3464 4,3786
4,7012 4,7341
5,3153 5,3487
282 15:21
4,6805 4,7128
4,3473 4,3795
4,7010 4,7340
5,3152 5,3486
283 15:22
4,6800 4,7123
4,3468 4,3790
4,7008 4,7338
5,3154 5,3488
284 15:23
4,6802 4,7125
4,3479 4,3801
4,7025 4,7355
5,3153 5,3487
285 15:24
4,6803 4,7126
4,3486 4,3808
4,7023 4,7353
5,3152 5,3486
286 15:25
4,6804 4,7127
4,3491 4,3813
4,7024 4,7354
5,3156 5,3490
287 15:26
4,6804 4,7127
4,3479 4,3801
4,7023 4,7353
5,3136 5,3469
288 15:27
4,6803 4,7126
4,3477 4,3799
4,7027 4,7357
5,3136 5,3469
289 15:28
4,6802 4,7125
4,3472 4,3794
4,7017 4,7347
5,3129 5,3462
290 15:29
4,6801 4,7124
4,3462 4,3784
4,7016 4,7346
5,3122 5,3455
291 15:30
4,6796 4,7119
4,3447 4,3769
4,7004 4,7334
5,3096 5,3429
292 15:31
4,6793 4,7116
4,3447 4,3769
4,7005 4,7334
5,3105 5,3438
293 15:32
4,6791 4,7114
4,3450 4,3772
4,7002 4,7331
5,3099 5,3432
294 15:33
4,6787 4,7110
4,3447 4,3769
4,7005 4,7334
5,3100 5,3433
295 15:34
4,6784 4,7107
4,3448 4,3770
4,7005 4,7334
5,3103 5,3436
296 15:35
4,6784 4,7107
4,3450 4,3772
4,7005 4,7334
5,3106 5,3439
297 15:36
4,6784 4,7107
4,3456 4,3778
4,7012 4,7341
5,3100 5,3434
298 15:37
4,6780 4,7103
4,3452 4,3774
4,7006 4,7335
5,3081 5,3415
299 15:38
4,6785 4,7108
4,3437 4,3759
4,6999 4,7328
5,3093 5,3427
300 15:39
4,6786 4,7109
4,3432 4,3754
4,6997 4,7326
5,3096 5,3430
301 15:40
4,6789 4,7112
4,3436 4,3758
4,7010 4,7339
5,3106 5,3440
302 15:41
4,6784 4,7107
4,3430 4,3752
4,6990 4,7319
5,3097 5,3431
303 15:42
4,6790 4,7113
4,3431 4,3753
4,6987 4,7316
5,3101 5,3435
304 15:43
4,6787 4,7110
4,3425 4,3747
4,6984 4,7313
5,3104 5,3438
305 15:44
4,6784 4,7107
4,3422 4,3744
4,6981 4,7310
5,3102 5,3436
306 15:45
4,6784 4,7107
4,3414 4,3736
4,6987 4,7316
5,3094 5,3428
307 15:46
4,6784 4,7107
4,3411 4,3733
4,6981 4,7312
5,3091 5,3425
308 15:47
4,6767 4,7090
4,3388 4,3710
4,6964 4,7295
5,3073 5,3407
309 15:48
4,6769 4,7092
4,3397 4,3719
4,6964 4,7295
5,3074 5,3408
310 15:49
4,6764 4,7087
4,3395 4,3717
4,6964 4,7295
5,3059 5,3393
311 15:50
4,6762 4,7085
4,3391 4,3713
4,6959 4,7290
5,3063 5,3397
312 15:51
4,6758 4,7081
4,3383 4,3705
4,6952 4,7282
5,3048 5,3381
313 15:52
4,6766 4,7089
4,3395 4,3717
4,6967 4,7297
5,3053 5,3386
314 15:53
4,6768 4,7091
4,3405 4,3727
4,6964 4,7294
5,3055 5,3388
315 15:54
4,6752 4,7075
4,3394 4,3716
4,6957 4,7287
5,3042 5,3375
316 15:55
4,6753 4,7076
4,3395 4,3717
4,6963 4,7293
5,3041 5,3374
317 15:56
4,6746 4,7069
4,3380 4,3702
4,6943 4,7272
5,3028 5,3362
318 15:57
4,6750 4,7073
4,3376 4,3698
4,6945 4,7274
5,3027 5,3361
319 15:58
4,6757 4,7080
4,3386 4,3708
4,6954 4,7283
5,3028 5,3362
320 15:59
4,6759 4,7082
4,3388 4,3710
4,6968 4,7297
5,3047 5,3381
321 16:00
4,6751 4,7074
4,3387 4,3709
4,6972 4,7301
5,3038 5,3372
322 16:01
4,6754 4,7078
4,3387 4,3709
4,6976 4,7305
5,3055 5,3389
323 16:02
4,6754 4,7078
4,3384 4,3706
4,6966 4,7295
5,3025 5,3359
324 16:03
4,6754 4,7078
4,3385 4,3707
4,6967 4,7296
5,3029 5,3363
325 16:04
4,6758 4,7082
4,3385 4,3707
4,6971 4,7300
5,3030 5,3364
326 16:05
4,6752 4,7076
4,3383 4,3705
4,6967 4,7296
5,3026 5,3360
327 16:06
4,6753 4,7076
4,3378 4,3700
4,6959 4,7288
5,3023 5,3357
328 16:07
4,6755 4,7078
4,3383 4,3705
4,6960 4,7289
5,3017 5,3351
329 16:08
4,6754 4,7077
4,3365 4,3687
4,6953 4,7282
5,3002 5,3336
330 16:09
4,6733 4,7056
4,3342 4,3664
4,6930 4,7259
5,2980 5,3314
331 16:10
4,6734 4,7057
4,3345 4,3667
4,6931 4,7260
5,2987 5,3321
332 16:11
4,6736 4,7059
4,3345 4,3667
4,6937 4,7266
5,2989 5,3323
333 16:12
4,6736 4,7059
4,3342 4,3664
4,6944 4,7273
5,2988 5,3322
334 16:13
4,6741 4,7064
4,3354 4,3676
4,6957 4,7286
5,2994 5,3328
335 16:14
4,6735 4,7058
4,3352 4,3674
4,6951 4,7280
5,2994 5,3328
336 16:15
4,6737 4,7060
4,3352 4,3674
4,6953 4,7282
5,3005 5,3339
337 16:16
4,6736 4,7059
4,3353 4,3675
4,6946 4,7277
5,3013 5,3346
338 16:17
4,6737 4,7060
4,3362 4,3684
4,6950 4,7281
5,3017 5,3350
339 16:18
4,6727 4,7050
4,3352 4,3674
4,6927 4,7258
5,2999 5,3332
