#======================
2023-6-8
# 1.EUR, 2.USD, 3.CHF, 4.GBP
Sell Price, Buy Price
1 12:10
4,4371 4,5276
4,1451 4,2409
4,5741 4,6502
5,1642 5,2650
2 12:11
4,4371 4,5276
4,1451 4,2409
4,5741 4,6502
5,1642 5,2650
3 12:12
4,4371 4,5276
4,1451 4,2409
4,5741 4,6502
5,1642 5,2650
4 12:13
4,4371 4,5276
4,1451 4,2409
4,5741 4,6502
5,1642 5,2650
5 12:14
4,4371 4,5276
4,1451 4,2409
4,5741 4,6502
5,1642 5,2650
6 12:15
4,4371 4,5276
4,1451 4,2409
4,5741 4,6502
5,1642 5,2650
7 12:16
4,4371 4,5276
4,1451 4,2409
4,5741 4,6502
5,1642 5,2650
8 12:17
4,4371 4,5276
4,1451 4,2409
4,5741 4,6502
5,1642 5,2650
9 12:18
4,4371 4,5276
4,1451 4,2409
4,5741 4,6502
5,1642 5,2650
10 12:19
4,4371 4,5276
4,1451 4,2409
4,5741 4,6502
5,1642 5,2650
11 12:20
4,4371 4,5276
4,1451 4,2409
4,5741 4,6502
5,1642 5,2650
12 12:21
4,4371 4,5276
4,1451 4,2409
4,5741 4,6502
5,1642 5,2650
13 12:22
4,4371 4,5276
4,1451 4,2409
4,5741 4,6502
5,1642 5,2650
14 12:23
4,4371 4,5276
4,1451 4,2409
4,5741 4,6502
5,1642 5,2650
15 12:24
4,4371 4,5276
4,1451 4,2409
4,5741 4,6502
5,1642 5,2650
16 12:25
4,4371 4,5276
4,1451 4,2409
4,5741 4,6502
5,1642 5,2650
17 12:26
4,4371 4,5276
4,1451 4,2409
4,5741 4,6502
5,1642 5,2650
18 12:27
4,4371 4,5276
4,1451 4,2409
4,5741 4,6502
5,1642 5,2650
19 12:28
4,4371 4,5276
4,1451 4,2409
4,5741 4,6502
5,1642 5,2650
20 12:29
4,4371 4,5276
4,1451 4,2409
4,5741 4,6502
5,1642 5,2650
21 12:30
4,4371 4,5276
4,1451 4,2409
4,5741 4,6502
5,1642 5,2650
22 12:31
4,4371 4,5276
4,1451 4,2409
4,5741 4,6502
5,1642 5,2650
23 12:32
4,4371 4,5276
4,1451 4,2409
4,5741 4,6502
5,1642 5,2650
24 12:33
4,4371 4,5276
4,1451 4,2409
4,5741 4,6502
5,1642 5,2650
25 12:34
4,4371 4,5276
4,1451 4,2409
4,5741 4,6502
5,1642 5,2650
26 12:35
4,4371 4,5276
4,1451 4,2409
4,5741 4,6502
5,1642 5,2650
27 12:36
4,4371 4,5276
4,1451 4,2409
4,5741 4,6502
5,1642 5,2650
28 12:37
4,4371 4,5276
4,1451 4,2409
4,5741 4,6502
5,1642 5,2650
29 12:38
4,4371 4,5276
4,1451 4,2409
4,5741 4,6502
5,1642 5,2650
30 12:39
4,4371 4,5276
4,1451 4,2409
4,5741 4,6502
5,1642 5,2650
31 12:40
4,4371 4,5276
4,1451 4,2409
4,5741 4,6502
5,1642 5,2650
32 12:41
4,4371 4,5276
4,1451 4,2409
4,5741 4,6502
5,1642 5,2650
33 12:42
4,4371 4,5276
4,1451 4,2409
4,5741 4,6502
5,1642 5,2650
34 12:43
4,4371 4,5276
4,1451 4,2409
4,5741 4,6502
5,1642 5,2650
35 12:44
4,4371 4,5276
4,1451 4,2409
4,5741 4,6502
5,1642 5,2650
36 12:45
4,4371 4,5276
4,1451 4,2409
4,5741 4,6502
5,1642 5,2650
37 12:46
4,4371 4,5276
4,1451 4,2409
4,5741 4,6502
5,1642 5,2650
38 12:47
4,4371 4,5276
4,1451 4,2409
4,5741 4,6502
5,1642 5,2650
39 12:48
4,4371 4,5276
4,1451 4,2409
4,5741 4,6502
5,1642 5,2650
40 12:49
4,4371 4,5276
4,1451 4,2409
4,5741 4,6502
5,1642 5,2650
41 12:50
4,4371 4,5276
4,1451 4,2409
4,5741 4,6502
5,1642 5,2650
42 12:51
4,4371 4,5276
4,1451 4,2409
4,5741 4,6502
5,1642 5,2650
43 12:52
4,4371 4,5276
4,1451 4,2409
4,5741 4,6502
5,1642 5,2650
44 12:53
4,4371 4,5276
4,1451 4,2409
4,5741 4,6502
5,1642 5,2650
45 12:54
4,4371 4,5276
4,1451 4,2409
4,5741 4,6502
5,1642 5,2650
46 12:55
4,4371 4,5276
4,1451 4,2409
4,5741 4,6502
5,1642 5,2650
47 12:56
4,4371 4,5276
4,1451 4,2409
4,5741 4,6502
5,1642 5,2650
48 12:57
4,4371 4,5276
4,1451 4,2409
4,5741 4,6502
5,1642 5,2650
49 12:58
4,4371 4,5276
4,1451 4,2409
4,5741 4,6502
5,1642 5,2650
50 12:59
4,4371 4,5276
4,1451 4,2409
4,5741 4,6502
5,1642 5,2650
51 13:00
4,4371 4,5276
4,1451 4,2409
4,5741 4,6502
5,1642 5,2650
52 13:01
4,4371 4,5276
4,1451 4,2409
4,5741 4,6502
5,1642 5,2650
53 13:02
4,4371 4,5276
4,1451 4,2409
4,5741 4,6502
5,1642 5,2650
54 13:03
4,4371 4,5276
4,1451 4,2409
4,5741 4,6502
5,1642 5,2650
55 13:04
4,4371 4,5276
4,1451 4,2409
4,5741 4,6502
5,1642 5,2650
56 13:05
4,4371 4,5276
4,1451 4,2409
4,5741 4,6502
5,1642 5,2650
57 13:06
4,4371 4,5276
4,1451 4,2409
4,5741 4,6502
5,1642 5,2650
58 13:07
4,4371 4,5276
4,1451 4,2409
4,5741 4,6502
5,1642 5,2650
59 13:08
4,4371 4,5276
4,1451 4,2409
4,5741 4,6502
5,1642 5,2650
60 13:09
4,4371 4,5276
4,1451 4,2409
4,5741 4,6502
5,1642 5,2650
61 13:10
4,4371 4,5276
4,1451 4,2409
4,5741 4,6502
5,1642 5,2650
62 13:11
4,4371 4,5276
4,1451 4,2409
4,5741 4,6502
5,1642 5,2650
63 13:12
4,4371 4,5276
4,1451 4,2409
4,5741 4,6502
5,1642 5,2650
64 13:13
4,4371 4,5276
4,1451 4,2409
4,5741 4,6502
5,1642 5,2650
65 13:14
4,4371 4,5276
4,1451 4,2409
4,5741 4,6502
5,1642 5,2650
66 13:15
4,4371 4,5276
4,1451 4,2409
4,5741 4,6502
5,1642 5,2650
67 13:16
4,4371 4,5276
4,1451 4,2409
4,5741 4,6502
5,1642 5,2650
68 13:17
4,4371 4,5276
4,1451 4,2409
4,5741 4,6502
5,1642 5,2650
69 13:18
4,4371 4,5276
4,1451 4,2409
4,5741 4,6502
5,1642 5,2650
70 13:19
4,4371 4,5276
4,1451 4,2409
4,5741 4,6502
5,1642 5,2650
71 13:20
4,4371 4,5276
4,1451 4,2409
4,5741 4,6502
5,1642 5,2650
72 13:21
4,4371 4,5276
4,1451 4,2409
4,5741 4,6502
5,1642 5,2650
73 13:22
4,4371 4,5276
4,1451 4,2409
4,5741 4,6502
5,1642 5,2650
74 13:23
4,4371 4,5276
4,1451 4,2409
4,5741 4,6502
5,1642 5,2650
75 13:24
4,4371 4,5276
4,1451 4,2409
4,5741 4,6502
5,1642 5,2650
76 13:25
4,4371 4,5276
4,1451 4,2409
4,5741 4,6502
5,1642 5,2650
77 13:26
4,4371 4,5276
4,1451 4,2409
4,5741 4,6502
5,1642 5,2650
78 13:27
4,4371 4,5276
4,1451 4,2409
4,5741 4,6502
5,1642 5,2650
79 13:28
4,4371 4,5276
4,1451 4,2409
4,5741 4,6502
5,1642 5,2650
80 13:29
4,4371 4,5276
4,1451 4,2409
4,5741 4,6502
5,1642 5,2650
81 13:30
4,4371 4,5276
4,1451 4,2409
4,5741 4,6502
5,1642 5,2650
82 13:31
4,4371 4,5276
4,1451 4,2409
4,5741 4,6502
5,1642 5,2650
83 13:32
4,4371 4,5276
4,1451 4,2409
4,5741 4,6502
5,1642 5,2650
84 13:33
4,4371 4,5276
4,1451 4,2409
4,5741 4,6502
5,1642 5,2650
85 13:34
4,4371 4,5276
4,1451 4,2409
4,5741 4,6502
5,1642 5,2650
86 13:35
4,4371 4,5276
4,1451 4,2409
4,5741 4,6502
5,1642 5,2650
87 13:36
4,4371 4,5276
4,1451 4,2409
4,5741 4,6502
5,1642 5,2650
88 13:37
4,4371 4,5276
4,1451 4,2409
4,5741 4,6502
5,1642 5,2650
89 13:38
4,4371 4,5276
4,1451 4,2409
4,5741 4,6502
5,1642 5,2650
90 13:39
4,4371 4,5276
4,1451 4,2409
4,5741 4,6502
5,1642 5,2650
91 13:40
4,4371 4,5276
4,1451 4,2409
4,5741 4,6502
5,1642 5,2650
92 13:41
4,4371 4,5276
4,1451 4,2409
4,5741 4,6502
5,1642 5,2650
93 13:42
4,4371 4,5276
4,1451 4,2409
4,5741 4,6502
5,1642 5,2650
94 13:43
4,4371 4,5276
4,1451 4,2409
4,5741 4,6502
5,1642 5,2650
95 13:44
4,4371 4,5276
4,1451 4,2409
4,5741 4,6502
5,1642 5,2650
96 13:45
4,4371 4,5276
4,1451 4,2409
4,5741 4,6502
5,1642 5,2650
97 13:46
4,4371 4,5276
4,1451 4,2409
4,5741 4,6502
5,1642 5,2650
98 13:47
4,4371 4,5276
4,1451 4,2409
4,5741 4,6502
5,1642 5,2650
99 13:48
4,4371 4,5276
4,1451 4,2409
4,5741 4,6502
5,1642 5,2650
100 13:49
4,4371 4,5276
4,1451 4,2409
4,5741 4,6502
5,1642 5,2650
101 13:50
4,4371 4,5276
4,1451 4,2409
4,5741 4,6502
5,1642 5,2650
102 13:51
4,4371 4,5276
4,1451 4,2409
4,5741 4,6502
5,1642 5,2650
103 13:52
4,4371 4,5276
4,1451 4,2409
4,5741 4,6502
5,1642 5,2650
104 13:53
4,4371 4,5276
4,1451 4,2409
4,5741 4,6502
5,1642 5,2650
105 13:54
4,4371 4,5276
4,1451 4,2409
4,5741 4,6502
5,1642 5,2650
106 13:55
4,4371 4,5276
4,1451 4,2409
4,5741 4,6502
5,1642 5,2650
107 13:56
4,4371 4,5276
4,1451 4,2409
4,5741 4,6502
5,1642 5,2650
108 13:57
4,4371 4,5276
4,1451 4,2409
4,5741 4,6502
5,1642 5,2650
109 13:58
4,4371 4,5276
4,1451 4,2409
4,5741 4,6502
5,1642 5,2650
110 13:59
4,4371 4,5276
4,1451 4,2409
4,5741 4,6502
5,1642 5,2650
111 14:00
4,4371 4,5276
4,1451 4,2409
4,5741 4,6502
5,1642 5,2650
112 14:01
4,4371 4,5276
4,1451 4,2409
4,5741 4,6502
5,1642 5,2650
113 14:02
4,4371 4,5276
4,1451 4,2409
4,5741 4,6502
5,1642 5,2650
114 14:03
4,4371 4,5276
4,1451 4,2409
4,5741 4,6502
5,1642 5,2650
115 14:04
4,4371 4,5276
4,1451 4,2409
4,5741 4,6502
5,1642 5,2650
116 14:05
4,4371 4,5276
4,1451 4,2409
4,5741 4,6502
5,1642 5,2650
117 14:06
4,4371 4,5276
4,1451 4,2409
4,5741 4,6502
5,1642 5,2650
118 14:07
4,4371 4,5276
4,1451 4,2409
4,5741 4,6502
5,1642 5,2650
119 14:08
4,4371 4,5276
4,1451 4,2409
4,5741 4,6502
5,1642 5,2650
120 14:09
4,4371 4,5276
4,1451 4,2409
4,5741 4,6502
5,1642 5,2650
121 14:10
4,4371 4,5276
4,1451 4,2409
4,5741 4,6502
5,1642 5,2650
122 14:11
4,4371 4,5276
4,1451 4,2409
4,5741 4,6502
5,1642 5,2650
123 14:12
4,4371 4,5276
4,1451 4,2409
4,5741 4,6502
5,1642 5,2650
124 14:13
4,4371 4,5276
4,1451 4,2409
4,5741 4,6502
5,1642 5,2650
125 14:14
4,4371 4,5276
4,1451 4,2409
4,5741 4,6502
5,1642 5,2650
126 14:15
4,4371 4,5276
4,1451 4,2409
4,5741 4,6502
5,1642 5,2650
127 14:16
4,4371 4,5276
4,1451 4,2409
4,5741 4,6502
5,1642 5,2650
128 14:17
4,4371 4,5276
4,1451 4,2409
4,5741 4,6502
5,1642 5,2650
129 14:18
4,4371 4,5276
4,1451 4,2409
4,5741 4,6502
5,1642 5,2650
130 14:19
4,4371 4,5276
4,1451 4,2409
4,5741 4,6502
5,1642 5,2650
131 14:20
4,4371 4,5276
4,1451 4,2409
4,5741 4,6502
5,1642 5,2650
132 14:21
4,4371 4,5276
4,1451 4,2409
4,5741 4,6502
5,1642 5,2650
133 14:22
4,4371 4,5276
4,1451 4,2409
4,5741 4,6502
5,1642 5,2650
134 14:23
4,4371 4,5276
4,1451 4,2409
4,5741 4,6502
5,1642 5,2650
135 14:24
4,4371 4,5276
4,1451 4,2409
4,5741 4,6502
5,1642 5,2650
136 14:25
4,4371 4,5276
4,1451 4,2409
4,5741 4,6502
5,1642 5,2650
137 14:26
4,4371 4,5276
4,1451 4,2409
4,5741 4,6502
5,1642 5,2650
138 14:27
4,4371 4,5276
4,1451 4,2409
4,5741 4,6502
5,1642 5,2650
139 14:28
4,4371 4,5276
4,1451 4,2409
4,5741 4,6502
5,1642 5,2650
140 14:29
4,4371 4,5276
4,1451 4,2409
4,5741 4,6502
5,1642 5,2650
141 14:30
4,4371 4,5276
4,1451 4,2409
4,5741 4,6502
5,1642 5,2650
142 14:31
4,4371 4,5276
4,1451 4,2409
4,5741 4,6502
5,1642 5,2650
143 14:32
4,4371 4,5276
4,1451 4,2409
4,5741 4,6502
5,1642 5,2650
144 14:33
4,4371 4,5276
4,1451 4,2409
4,5741 4,6502
5,1642 5,2650
145 14:34
4,4371 4,5276
4,1451 4,2409
4,5741 4,6502
5,1642 5,2650
146 14:35
4,4371 4,5276
4,1451 4,2409
4,5741 4,6502
5,1642 5,2650
147 14:36
4,4371 4,5276
4,1451 4,2409
4,5741 4,6502
5,1642 5,2650
148 14:37
4,4371 4,5276
4,1451 4,2409
4,5741 4,6502
5,1642 5,2650
149 14:38
4,4371 4,5276
4,1451 4,2409
4,5741 4,6502
5,1642 5,2650
150 14:39
4,4371 4,5276
4,1451 4,2409
4,5741 4,6502
5,1642 5,2650
151 14:40
4,4371 4,5276
4,1451 4,2409
4,5741 4,6502
5,1642 5,2650
152 14:41
4,4371 4,5276
4,1451 4,2409
4,5741 4,6502
5,1642 5,2650
153 14:42
4,4371 4,5276
4,1451 4,2409
4,5741 4,6502
5,1642 5,2650
154 14:43
4,4371 4,5276
4,1451 4,2409
4,5741 4,6502
5,1642 5,2650
155 14:44
4,4371 4,5276
4,1451 4,2409
4,5741 4,6502
5,1642 5,2650
156 14:45
4,4371 4,5276
4,1451 4,2409
4,5741 4,6502
5,1642 5,2650
157 14:46
4,4371 4,5276
4,1451 4,2409
4,5741 4,6502
5,1642 5,2650
158 14:47
4,4371 4,5276
4,1451 4,2409
4,5741 4,6502
5,1642 5,2650
159 14:48
4,4371 4,5276
4,1451 4,2409
4,5741 4,6502
5,1642 5,2650
160 14:49
4,4371 4,5276
4,1451 4,2409
4,5741 4,6502
5,1642 5,2650
161 14:50
4,4371 4,5276
4,1451 4,2409
4,5741 4,6502
5,1642 5,2650
162 14:51
4,4371 4,5276
4,1451 4,2409
4,5741 4,6502
5,1642 5,2650
163 14:52
4,4371 4,5276
4,1451 4,2409
4,5741 4,6502
5,1642 5,2650
164 14:53
4,4371 4,5276
4,1451 4,2409
4,5741 4,6502
5,1642 5,2650
165 14:54
4,4371 4,5276
4,1451 4,2409
4,5741 4,6502
5,1642 5,2650
166 14:55
4,4371 4,5276
4,1451 4,2409
4,5741 4,6502
5,1642 5,2650
167 14:56
4,4371 4,5276
4,1451 4,2409
4,5741 4,6502
5,1642 5,2650
168 14:57
4,4371 4,5276
4,1451 4,2409
4,5741 4,6502
5,1642 5,2650
169 14:58
4,4371 4,5276
4,1451 4,2409
4,5741 4,6502
5,1642 5,2650
170 14:59
4,4371 4,5276
4,1451 4,2409
4,5741 4,6502
5,1642 5,2650
171 15:00
4,4371 4,5276
4,1451 4,2409
4,5741 4,6502
5,1642 5,2650
172 15:01
4,4371 4,5276
4,1451 4,2409
4,5741 4,6502
5,1642 5,2650
173 15:02
4,4371 4,5276
4,1451 4,2409
4,5741 4,6502
5,1642 5,2650
174 15:03
4,4371 4,5276
4,1451 4,2409
4,5741 4,6502
5,1642 5,2650
175 15:04
4,4371 4,5276
4,1451 4,2409
4,5741 4,6502
5,1642 5,2650
176 15:05
4,4371 4,5276
4,1451 4,2409
4,5741 4,6502
5,1642 5,2650
177 15:06
4,4371 4,5276
4,1451 4,2409
4,5741 4,6502
5,1642 5,2650
178 15:07
4,4371 4,5276
4,1451 4,2409
4,5741 4,6502
5,1642 5,2650
179 15:08
4,4371 4,5276
4,1451 4,2409
4,5741 4,6502
5,1642 5,2650
180 15:09
4,4371 4,5276
4,1451 4,2409
4,5741 4,6502
5,1642 5,2650
181 15:10
4,4371 4,5276
4,1451 4,2409
4,5741 4,6502
5,1642 5,2650
182 15:11
4,4371 4,5276
4,1451 4,2409
4,5741 4,6502
5,1642 5,2650
183 15:12
4,4371 4,5276
4,1451 4,2409
4,5741 4,6502
5,1642 5,2650
184 15:13
4,4371 4,5276
4,1451 4,2409
4,5741 4,6502
5,1642 5,2650
185 15:14
4,4371 4,5276
4,1451 4,2409
4,5741 4,6502
5,1642 5,2650
186 15:15
4,4371 4,5276
4,1451 4,2409
4,5741 4,6502
5,1642 5,2650
187 15:16
4,4371 4,5276
4,1451 4,2409
4,5741 4,6502
5,1642 5,2650
188 15:17
4,4371 4,5276
4,1451 4,2409
4,5741 4,6502
5,1642 5,2650
189 15:18
4,4371 4,5276
4,1451 4,2409
4,5741 4,6502
5,1642 5,2650
190 15:19
4,4371 4,5276
4,1451 4,2409
4,5741 4,6502
5,1642 5,2650
191 15:20
4,4371 4,5276
4,1451 4,2409
4,5741 4,6502
5,1642 5,2650
192 15:21
4,4371 4,5276
4,1451 4,2409
4,5741 4,6502
5,1642 5,2650
193 15:22
4,4371 4,5276
4,1451 4,2409
4,5741 4,6502
5,1642 5,2650
194 15:23
4,4371 4,5276
4,1451 4,2409
4,5741 4,6502
5,1642 5,2650
195 15:24
4,4371 4,5276
4,1451 4,2409
4,5741 4,6502
5,1642 5,2650
196 15:25
4,4371 4,5276
4,1451 4,2409
4,5741 4,6502
5,1642 5,2650
197 15:26
4,4371 4,5276
4,1451 4,2409
4,5741 4,6502
5,1642 5,2650
198 15:27
4,4371 4,5276
4,1451 4,2409
4,5741 4,6502
5,1642 5,2650
199 15:28
4,4371 4,5276
4,1451 4,2409
4,5741 4,6502
5,1642 5,2650
200 15:29
4,4371 4,5276
4,1451 4,2409
4,5741 4,6502
5,1642 5,2650
201 15:30
4,4371 4,5276
4,1451 4,2409
4,5741 4,6502
5,1642 5,2650
202 15:31
4,4371 4,5276
4,1451 4,2409
4,5741 4,6502
5,1642 5,2650
203 15:32
4,4371 4,5276
4,1451 4,2409
4,5741 4,6502
5,1642 5,2650
204 15:33
4,4371 4,5276
4,1451 4,2409
4,5741 4,6502
5,1642 5,2650
205 15:34
4,4371 4,5276
4,1451 4,2409
4,5741 4,6502
5,1642 5,2650
206 15:35
4,4371 4,5276
4,1451 4,2409
4,5741 4,6502
5,1642 5,2650
207 15:36
4,4371 4,5276
4,1451 4,2409
4,5741 4,6502
5,1642 5,2650
208 15:37
4,4371 4,5276
4,1451 4,2409
4,5741 4,6502
5,1642 5,2650
209 15:38
4,4371 4,5276
4,1451 4,2409
4,5741 4,6502
5,1642 5,2650
210 15:39
4,4371 4,5276
4,1451 4,2409
4,5741 4,6502
5,1642 5,2650
211 15:40
4,4371 4,5276
4,1451 4,2409
4,5741 4,6502
5,1642 5,2650
212 15:41
4,4371 4,5276
4,1451 4,2409
4,5741 4,6502
5,1642 5,2650
213 15:42
4,4371 4,5276
4,1451 4,2409
4,5741 4,6502
5,1642 5,2650
214 15:43
4,4371 4,5276
4,1451 4,2409
4,5741 4,6502
5,1642 5,2650
215 15:44
4,4371 4,5276
4,1451 4,2409
4,5741 4,6502
5,1642 5,2650
216 15:45
Definite connection error