#======================
2023-7-29
# 1.EUR, 2.USD, 3.CHF, 4.GBP
Sell Price, Buy Price
1 11:37
4,3627 4,4545
3,9551 4,0554
4,5616 4,6283
5,0953 5,1956
2 11:38
4,3627 4,4545
3,9551 4,0554
4,5616 4,6283
5,0953 5,1956
3 11:39
4,3627 4,4545
3,9551 4,0554
4,5616 4,6283
5,0953 5,1956
4 11:40
4,3627 4,4545
3,9551 4,0554
4,5616 4,6283
5,0953 5,1956
5 11:41
4,3627 4,4545
3,9551 4,0554
4,5616 4,6283
5,0953 5,1956
6 11:42
4,3627 4,4545
3,9551 4,0554
4,5616 4,6283
5,0953 5,1956
7 11:43
4,3627 4,4545
3,9551 4,0554
4,5616 4,6283
5,0953 5,1956
8 11:44
4,3627 4,4545
3,9551 4,0554
4,5616 4,6283
5,0953 5,1956
9 11:45
4,3627 4,4545
3,9551 4,0554
4,5616 4,6283
5,0953 5,1956
10 11:46
4,3627 4,4545
3,9551 4,0554
4,5616 4,6283
5,0953 5,1956
11 11:47
4,3627 4,4545
3,9551 4,0554
4,5616 4,6283
5,0953 5,1956
12 11:48
4,3627 4,4545
3,9551 4,0554
4,5616 4,6283
5,0953 5,1956
13 11:49
4,3627 4,4545
3,9551 4,0554
4,5616 4,6283
5,0953 5,1956
14 11:50
4,3627 4,4545
3,9551 4,0554
4,5616 4,6283
5,0953 5,1956
15 11:51
4,3627 4,4545
3,9551 4,0554
4,5616 4,6283
5,0953 5,1956
16 11:52
4,3627 4,4545
3,9551 4,0554
4,5616 4,6283
5,0953 5,1956
17 11:53
4,3627 4,4545
3,9551 4,0554
4,5616 4,6283
5,0953 5,1956
18 11:54
4,3627 4,4545
3,9551 4,0554
4,5616 4,6283
5,0953 5,1956
19 11:55
4,3627 4,4545
3,9551 4,0554
4,5616 4,6283
5,0953 5,1956
20 11:56
4,3627 4,4545
3,9551 4,0554
4,5616 4,6283
5,0953 5,1956
21 11:57
4,3627 4,4545
3,9551 4,0554
4,5616 4,6283
5,0953 5,1956
22 11:58
4,3627 4,4545
3,9551 4,0554
4,5616 4,6283
5,0953 5,1956
23 11:59
4,3627 4,4545
3,9551 4,0554
4,5616 4,6283
5,0953 5,1956
24 12:00
4,3627 4,4545
3,9551 4,0554
4,5616 4,6283
5,0953 5,1956
25 12:01
4,3627 4,4545
3,9551 4,0554
4,5616 4,6283
5,0953 5,1956
26 12:02
4,3627 4,4545
3,9551 4,0554
4,5616 4,6283
5,0953 5,1956
27 12:03
4,3627 4,4545
3,9551 4,0554
4,5616 4,6283
5,0953 5,1956
28 12:04
4,3627 4,4545
3,9551 4,0554
4,5616 4,6283
5,0953 5,1956
29 12:05
4,3627 4,4545
3,9551 4,0554
4,5616 4,6283
5,0953 5,1956
30 12:06
4,3627 4,4545
3,9551 4,0554
4,5616 4,6283
5,0953 5,1956
31 12:07
4,3627 4,4545
3,9551 4,0554
4,5616 4,6283
5,0953 5,1956
32 12:08
4,3627 4,4545
3,9551 4,0554
4,5616 4,6283
5,0953 5,1956
33 12:09
4,3627 4,4545
3,9551 4,0554
4,5616 4,6283
5,0953 5,1956
34 12:10
4,3627 4,4545
3,9551 4,0554
4,5616 4,6283
5,0953 5,1956
35 12:11
4,3627 4,4545
3,9551 4,0554
4,5616 4,6283
5,0953 5,1956
36 12:12
4,3627 4,4545
3,9551 4,0554
4,5616 4,6283
5,0953 5,1956
37 12:13
4,3627 4,4545
3,9551 4,0554
4,5616 4,6283
5,0953 5,1956
38 12:14
4,3627 4,4545
3,9551 4,0554
4,5616 4,6283
5,0953 5,1956
39 12:15
4,3627 4,4545
3,9551 4,0554
4,5616 4,6283
5,0953 5,1956
40 12:16
4,3627 4,4545
3,9551 4,0554
4,5616 4,6283
5,0953 5,1956
41 12:17
4,3627 4,4545
3,9551 4,0554
4,5616 4,6283
5,0953 5,1956
42 12:18
4,3627 4,4545
3,9551 4,0554
4,5616 4,6283
5,0953 5,1956
43 12:19
4,3627 4,4545
3,9551 4,0554
4,5616 4,6283
5,0953 5,1956
44 12:20
4,3627 4,4545
3,9551 4,0554
4,5616 4,6283
5,0953 5,1956
45 12:21
4,3627 4,4545
3,9551 4,0554
4,5616 4,6283
5,0953 5,1956
46 12:22
4,3627 4,4545
3,9551 4,0554
4,5616 4,6283
5,0953 5,1956
47 12:23
4,3627 4,4545
3,9551 4,0554
4,5616 4,6283
5,0953 5,1956
48 12:24
4,3627 4,4545
3,9551 4,0554
4,5616 4,6283
5,0953 5,1956
49 12:25
4,3627 4,4545
3,9551 4,0554
4,5616 4,6283
5,0953 5,1956
50 12:26
4,3627 4,4545
3,9551 4,0554
4,5616 4,6283
5,0953 5,1956
51 12:27
4,3627 4,4545
3,9551 4,0554
4,5616 4,6283
5,0953 5,1956
52 12:28
4,3627 4,4545
3,9551 4,0554
4,5616 4,6283
5,0953 5,1956
53 12:29
4,3627 4,4545
3,9551 4,0554
4,5616 4,6283
5,0953 5,1956
54 12:30
4,3627 4,4545
3,9551 4,0554
4,5616 4,6283
5,0953 5,1956
55 12:31
4,3627 4,4545
3,9551 4,0554
4,5616 4,6283
5,0953 5,1956
56 12:32
4,3627 4,4545
3,9551 4,0554
4,5616 4,6283
5,0953 5,1956
57 12:33
4,3627 4,4545
3,9551 4,0554
4,5616 4,6283
5,0953 5,1956
58 12:34
4,3627 4,4545
3,9551 4,0554
4,5616 4,6283
5,0953 5,1956
59 12:35
4,3627 4,4545
3,9551 4,0554
4,5616 4,6283
5,0953 5,1956
60 12:36
4,3627 4,4545
3,9551 4,0554
4,5616 4,6283
5,0953 5,1956
61 12:37
4,3627 4,4545
3,9551 4,0554
4,5616 4,6283
5,0953 5,1956
62 12:38
4,3627 4,4545
3,9551 4,0554
4,5616 4,6283
5,0953 5,1956
63 12:39
4,3627 4,4545
3,9551 4,0554
4,5616 4,6283
5,0953 5,1956
64 12:40
4,3627 4,4545
3,9551 4,0554
4,5616 4,6283
5,0953 5,1956
65 12:41
4,3627 4,4545
3,9551 4,0554
4,5616 4,6283
5,0953 5,1956
66 12:42
4,3627 4,4545
3,9551 4,0554
4,5616 4,6283
5,0953 5,1956
67 12:43
4,3627 4,4545
3,9551 4,0554
4,5616 4,6283
5,0953 5,1956
68 12:44
4,3627 4,4545
3,9551 4,0554
4,5616 4,6283
5,0953 5,1956
69 12:45
4,3627 4,4545
3,9551 4,0554
4,5616 4,6283
5,0953 5,1956
70 12:46
4,3627 4,4545
3,9551 4,0554
4,5616 4,6283
5,0953 5,1956
71 12:47
4,3627 4,4545
3,9551 4,0554
4,5616 4,6283
5,0953 5,1956
72 12:48
4,3627 4,4545
3,9551 4,0554
4,5616 4,6283
5,0953 5,1956
73 12:49
4,3627 4,4545
3,9551 4,0554
4,5616 4,6283
5,0953 5,1956
74 12:50
4,3627 4,4545
3,9551 4,0554
4,5616 4,6283
5,0953 5,1956
75 12:51
4,3627 4,4545
3,9551 4,0554
4,5616 4,6283
5,0953 5,1956
76 12:52
4,3627 4,4545
3,9551 4,0554
4,5616 4,6283
5,0953 5,1956
77 12:53
4,3627 4,4545
3,9551 4,0554
4,5616 4,6283
5,0953 5,1956
78 12:54
4,3627 4,4545
3,9551 4,0554
4,5616 4,6283
5,0953 5,1956
79 12:55
4,3627 4,4545
3,9551 4,0554
4,5616 4,6283
5,0953 5,1956
80 12:56
4,3627 4,4545
3,9551 4,0554
4,5616 4,6283
5,0953 5,1956
81 12:57
4,3627 4,4545
3,9551 4,0554
4,5616 4,6283
5,0953 5,1956
82 12:58
4,3627 4,4545
3,9551 4,0554
4,5616 4,6283
5,0953 5,1956
83 12:59
4,3627 4,4545
3,9551 4,0554
4,5616 4,6283
5,0953 5,1956
84 13:00
4,3627 4,4545
3,9551 4,0554
4,5616 4,6283
5,0953 5,1956
85 13:01
4,3627 4,4545
3,9551 4,0554
4,5616 4,6283
5,0953 5,1956
86 13:02
4,3627 4,4545
3,9551 4,0554
4,5616 4,6283
5,0953 5,1956
87 13:03
4,3627 4,4545
3,9551 4,0554
4,5616 4,6283
5,0953 5,1956
88 13:04
4,3627 4,4545
3,9551 4,0554
4,5616 4,6283
5,0953 5,1956
89 13:05
4,3627 4,4545
3,9551 4,0554
4,5616 4,6283
5,0953 5,1956
90 13:06
4,3627 4,4545
3,9551 4,0554
4,5616 4,6283
5,0953 5,1956
91 13:07
4,3627 4,4545
3,9551 4,0554
4,5616 4,6283
5,0953 5,1956
92 13:08
4,3627 4,4545
3,9551 4,0554
4,5616 4,6283
5,0953 5,1956
93 13:09
4,3627 4,4545
3,9551 4,0554
4,5616 4,6283
5,0953 5,1956
94 13:10
4,3627 4,4545
3,9551 4,0554
4,5616 4,6283
5,0953 5,1956
95 13:11
4,3627 4,4545
3,9551 4,0554
4,5616 4,6283
5,0953 5,1956
96 13:12
4,3627 4,4545
3,9551 4,0554
4,5616 4,6283
5,0953 5,1956
97 13:13
4,3627 4,4545
3,9551 4,0554
4,5616 4,6283
5,0953 5,1956
98 13:14
4,3627 4,4545
3,9551 4,0554
4,5616 4,6283
5,0953 5,1956
99 13:15
4,3627 4,4545
3,9551 4,0554
4,5616 4,6283
5,0953 5,1956
100 13:16
4,3627 4,4545
3,9551 4,0554
4,5616 4,6283
5,0953 5,1956
101 13:17
4,3627 4,4545
3,9551 4,0554
4,5616 4,6283
5,0953 5,1956
102 13:18
4,3627 4,4545
3,9551 4,0554
4,5616 4,6283
5,0953 5,1956
103 13:19
4,3627 4,4545
3,9551 4,0554
4,5616 4,6283
5,0953 5,1956
104 13:20
4,3627 4,4545
3,9551 4,0554
4,5616 4,6283
5,0953 5,1956
105 13:21
4,3627 4,4545
3,9551 4,0554
4,5616 4,6283
5,0953 5,1956
106 13:22
4,3627 4,4545
3,9551 4,0554
4,5616 4,6283
5,0953 5,1956
107 13:23
4,3627 4,4545
3,9551 4,0554
4,5616 4,6283
5,0953 5,1956
108 13:24
4,3627 4,4545
3,9551 4,0554
4,5616 4,6283
5,0953 5,1956
109 13:25
4,3627 4,4545
3,9551 4,0554
4,5616 4,6283
5,0953 5,1956
110 13:26
4,3627 4,4545
3,9551 4,0554
4,5616 4,6283
5,0953 5,1956
111 13:27
4,3627 4,4545
3,9551 4,0554
4,5616 4,6283
5,0953 5,1956
112 13:28
4,3627 4,4545
3,9551 4,0554
4,5616 4,6283
5,0953 5,1956
113 13:29
4,3627 4,4545
3,9551 4,0554
4,5616 4,6283
5,0953 5,1956
114 13:30
4,3627 4,4545
3,9551 4,0554
4,5616 4,6283
5,0953 5,1956
115 13:31
4,3627 4,4545
3,9551 4,0554
4,5616 4,6283
5,0953 5,1956
116 13:32
4,3627 4,4545
3,9551 4,0554
4,5616 4,6283
5,0953 5,1956
117 13:33
4,3627 4,4545
3,9551 4,0554
4,5616 4,6283
5,0953 5,1956
118 13:34
4,3627 4,4545
3,9551 4,0554
4,5616 4,6283
5,0953 5,1956
119 13:35
4,3627 4,4545
3,9551 4,0554
4,5616 4,6283
5,0953 5,1956
120 13:36
4,3627 4,4545
3,9551 4,0554
4,5616 4,6283
5,0953 5,1956
121 13:37
4,3627 4,4545
3,9551 4,0554
4,5616 4,6283
5,0953 5,1956
122 13:38
4,3627 4,4545
3,9551 4,0554
4,5616 4,6283
5,0953 5,1956
123 13:39
4,3627 4,4545
3,9551 4,0554
4,5616 4,6283
5,0953 5,1956
124 13:40
4,3627 4,4545
3,9551 4,0554
4,5616 4,6283
5,0953 5,1956
125 13:41
4,3627 4,4545
3,9551 4,0554
4,5616 4,6283
5,0953 5,1956
126 13:42
4,3627 4,4545
3,9551 4,0554
4,5616 4,6283
5,0953 5,1956
127 13:43
4,3627 4,4545
3,9551 4,0554
4,5616 4,6283
5,0953 5,1956
128 13:44
4,3627 4,4545
3,9551 4,0554
4,5616 4,6283
5,0953 5,1956
129 13:45
4,3627 4,4545
3,9551 4,0554
4,5616 4,6283
5,0953 5,1956
130 13:46
4,3627 4,4545
3,9551 4,0554
4,5616 4,6283
5,0953 5,1956
131 13:47
4,3627 4,4545
3,9551 4,0554
4,5616 4,6283
5,0953 5,1956
132 13:48
4,3627 4,4545
3,9551 4,0554
4,5616 4,6283
5,0953 5,1956
133 13:49
4,3627 4,4545
3,9551 4,0554
4,5616 4,6283
5,0953 5,1956
134 13:50
4,3627 4,4545
3,9551 4,0554
4,5616 4,6283
5,0953 5,1956
135 13:51
4,3627 4,4545
3,9551 4,0554
4,5616 4,6283
5,0953 5,1956
136 13:52
4,3627 4,4545
3,9551 4,0554
4,5616 4,6283
5,0953 5,1956
137 13:53
4,3627 4,4545
3,9551 4,0554
4,5616 4,6283
5,0953 5,1956
138 13:54
4,3627 4,4545
3,9551 4,0554
4,5616 4,6283
5,0953 5,1956
139 13:55
4,3627 4,4545
3,9551 4,0554
4,5616 4,6283
5,0953 5,1956
140 13:56
4,3627 4,4545
3,9551 4,0554
4,5616 4,6283
5,0953 5,1956
141 13:57
4,3627 4,4545
3,9551 4,0554
4,5616 4,6283
5,0953 5,1956
142 13:58
4,3627 4,4545
3,9551 4,0554
4,5616 4,6283
5,0953 5,1956
143 13:59
4,3627 4,4545
3,9551 4,0554
4,5616 4,6283
5,0953 5,1956
144 14:00
4,3627 4,4545
3,9551 4,0554
4,5616 4,6283
5,0953 5,1956
145 14:01
4,3627 4,4545
3,9551 4,0554
4,5616 4,6283
5,0953 5,1956
146 14:02
4,3627 4,4545
3,9551 4,0554
4,5616 4,6283
5,0953 5,1956
147 14:03
4,3627 4,4545
3,9551 4,0554
4,5616 4,6283
5,0953 5,1956
148 14:04
4,3627 4,4545
3,9551 4,0554
4,5616 4,6283
5,0953 5,1956
149 14:05
4,3627 4,4545
3,9551 4,0554
4,5616 4,6283
5,0953 5,1956
150 14:06
4,3627 4,4545
3,9551 4,0554
4,5616 4,6283
5,0953 5,1956
151 14:07
4,3627 4,4545
3,9551 4,0554
4,5616 4,6283
5,0953 5,1956
152 14:08
4,3627 4,4545
3,9551 4,0554
4,5616 4,6283
5,0953 5,1956
153 14:09
4,3627 4,4545
3,9551 4,0554
4,5616 4,6283
5,0953 5,1956
154 14:10
4,3627 4,4545
3,9551 4,0554
4,5616 4,6283
5,0953 5,1956
155 14:11
4,3627 4,4545
3,9551 4,0554
4,5616 4,6283
5,0953 5,1956
156 14:12
4,3627 4,4545
3,9551 4,0554
4,5616 4,6283
5,0953 5,1956
157 14:13
4,3627 4,4545
3,9551 4,0554
4,5616 4,6283
5,0953 5,1956
158 14:14
4,3627 4,4545
3,9551 4,0554
4,5616 4,6283
5,0953 5,1956
159 14:15
4,3627 4,4545
3,9551 4,0554
4,5616 4,6283
5,0953 5,1956
160 14:16
4,3627 4,4545
3,9551 4,0554
4,5616 4,6283
5,0953 5,1956
161 14:17
4,3627 4,4545
3,9551 4,0554
4,5616 4,6283
5,0953 5,1956
162 14:18
4,3627 4,4545
3,9551 4,0554
4,5616 4,6283
5,0953 5,1956
163 14:19
4,3627 4,4545
3,9551 4,0554
4,5616 4,6283
5,0953 5,1956
164 14:20
4,3627 4,4545
3,9551 4,0554
4,5616 4,6283
5,0953 5,1956
165 14:21
4,3627 4,4545
3,9551 4,0554
4,5616 4,6283
5,0953 5,1956
166 14:22
4,3627 4,4545
3,9551 4,0554
4,5616 4,6283
5,0953 5,1956
167 14:23
4,3627 4,4545
3,9551 4,0554
4,5616 4,6283
5,0953 5,1956
168 14:24
4,3627 4,4545
3,9551 4,0554
4,5616 4,6283
5,0953 5,1956
169 14:25
4,3627 4,4545
3,9551 4,0554
4,5616 4,6283
5,0953 5,1956
170 14:26
4,3627 4,4545
3,9551 4,0554
4,5616 4,6283
5,0953 5,1956
171 14:27
4,3627 4,4545
3,9551 4,0554
4,5616 4,6283
5,0953 5,1956
172 14:28
4,3627 4,4545
3,9551 4,0554
4,5616 4,6283
5,0953 5,1956
173 14:29
4,3627 4,4545
3,9551 4,0554
4,5616 4,6283
5,0953 5,1956
174 14:30
4,3627 4,4545
3,9551 4,0554
4,5616 4,6283
5,0953 5,1956
175 14:31
4,3627 4,4545
3,9551 4,0554
4,5616 4,6283
5,0953 5,1956
176 14:32
4,3627 4,4545
3,9551 4,0554
4,5616 4,6283
5,0953 5,1956
177 14:33
4,3627 4,4545
3,9551 4,0554
4,5616 4,6283
5,0953 5,1956
178 14:34
4,3627 4,4545
3,9551 4,0554
4,5616 4,6283
5,0953 5,1956
179 14:35
4,3627 4,4545
3,9551 4,0554
4,5616 4,6283
5,0953 5,1956
180 14:36
4,3627 4,4545
3,9551 4,0554
4,5616 4,6283
5,0953 5,1956
181 14:37
4,3627 4,4545
3,9551 4,0554
4,5616 4,6283
5,0953 5,1956
182 14:38
4,3627 4,4545
3,9551 4,0554
4,5616 4,6283
5,0953 5,1956
183 14:39
4,3627 4,4545
3,9551 4,0554
4,5616 4,6283
5,0953 5,1956
184 15:56
Connection error x5
