#======================
2023-7-18
# 1.EUR, 2.USD, 3.CHF, 4.GBP
Sell Price, Buy Price
1 14:23
4,4299 4,4621
3,9375 3,9696
4,5914 4,6242
5,1621 5,1954
2 14:24
4,4302 4,4624
3,9378 3,9699
4,5915 4,6243
5,1626 5,1959
3 14:25
4,4304 4,4626
3,9380 3,9701
4,5917 4,6245
5,1628 5,1961
4 14:26
4,4303 4,4625
3,9378 3,9699
4,5925 4,6253
5,1625 5,1957
5 14:27
4,4301 4,4623
3,9379 3,9700
4,5923 4,6251
5,1620 5,1952
6 14:28
4,4301 4,4623
3,9374 3,9695
4,5923 4,6251
5,1620 5,1952
7 14:29
4,4302 4,4624
3,9378 3,9699
4,5927 4,6255
5,1618 5,1950
8 14:30
4,4287 4,4609
3,9365 3,9686
4,5912 4,6240
5,1594 5,1926
9 14:31
4,4295 4,4618
3,9330 3,9651
4,5919 4,6247
5,1603 5,1941
10 14:32
4,4307 4,4629
3,9381 3,9702
4,5950 4,6280
5,1630 5,1962
11 14:33
4,4295 4,4617
3,9374 3,9695
4,5932 4,6260
5,1619 5,1951
12 14:34
4,4299 4,4621
3,9377 3,9698
4,5945 4,6273
5,1622 5,1954
13 14:35
4,4299 4,4621
3,9440 3,9761
4,5937 4,6265
5,1621 5,1953
14 14:36
4,4295 4,4617
3,9432 3,9753
4,5929 4,6257
5,1617 5,1950
15 14:37
4,4293 4,4615
3,9414 3,9735
4,5927 4,6255
5,1618 5,1951
16 14:38
4,4301 4,4623
3,9412 3,9733
4,5930 4,6258
5,1630 5,1963
17 14:39
4,4298 4,4620
3,9405 3,9726
4,5927 4,6255
5,1618 5,1951
18 14:40
4,4301 4,4623
3,9434 3,9755
4,5940 4,6268
5,1624 5,1957
19 14:41
4,4297 4,4619
3,9431 3,9752
4,5940 4,6268
5,1621 5,1953
20 14:42
4,4297 4,4619
3,9449 3,9770
4,5939 4,6267
5,1623 5,1955
21 14:43
4,4293 4,4615
3,9448 3,9769
4,5913 4,6241
5,1619 5,1951
22 14:44
4,4294 4,4616
3,9449 3,9770
4,5914 4,6242
5,1611 5,1943
23 14:45
4,4291 4,4613
3,9446 3,9767
4,5910 4,6238
5,1607 5,1939
24 14:46
4,4291 4,4613
3,9433 3,9754
4,5896 4,6224
5,1613 5,1945
25 14:47
4,4288 4,4610
3,9431 3,9752
4,5916 4,6244
5,1610 5,1942
26 14:48
4,4290 4,4612
3,9422 3,9743
4,5919 4,6247
5,1615 5,1947
27 14:49
4,4290 4,4612
3,9422 3,9743
4,5916 4,6244
5,1622 5,1954
28 14:50
4,4290 4,4612
3,9415 3,9736
4,5911 4,6239
5,1627 5,1959
29 14:51
4,4289 4,4611
3,9405 3,9726
4,5910 4,6238
5,1625 5,1958
30 14:52
4,4288 4,4610
3,9394 3,9715
4,5931 4,6259
5,1615 5,1948
31 14:53
4,4289 4,4611
3,9395 3,9716
4,5958 4,6286
5,1607 5,1940
32 14:54
4,4290 4,4612
3,9395 3,9716
4,5959 4,6287
5,1608 5,1941
33 14:55
4,4291 4,4613
3,9397 3,9718
4,5935 4,6263
5,1610 5,1943
34 14:56
4,4291 4,4613
3,9397 3,9718
4,5939 4,6267
5,1614 5,1946
35 14:57
4,4295 4,4617
3,9400 3,9721
4,5943 4,6271
5,1621 5,1953
36 14:58
4,4295 4,4617
3,9400 3,9721
4,5943 4,6271
5,1621 5,1953
37 14:59
4,4295 4,4617
3,9400 3,9721
4,5943 4,6271
5,1621 5,1953
38 15:00
4,4295 4,4617
3,9400 3,9721
4,5943 4,6271
5,1621 5,1953
39 15:01
4,4290 4,4612
3,9405 3,9726
4,5960 4,6288
5,1612 5,1945
40 15:02
4,4297 4,4619
3,9412 3,9733
4,5967 4,6295
5,1620 5,1953
41 15:03
4,4295 4,4617
3,9421 3,9742
4,5965 4,6293
5,1618 5,1951
42 15:04
4,4296 4,4618
3,9421 3,9742
4,5964 4,6292
5,1612 5,1945
43 15:05
4,4290 4,4612
3,9407 3,9728
4,5960 4,6288
5,1614 5,1947
44 15:06
4,4290 4,4612
3,9417 3,9738
4,5960 4,6288
5,1617 5,1950
45 15:07
4,4293 4,4615
3,9425 3,9746
4,5963 4,6291
5,1622 5,1955
46 15:08
4,4297 4,4619
3,9430 3,9751
4,5965 4,6293
5,1623 5,1956
47 15:09
4,4296 4,4618
3,9429 3,9750
4,5964 4,6292
5,1612 5,1945
48 15:10
4,4295 4,4617
3,9428 3,9749
4,5965 4,6293
5,1611 5,1944
49 15:11
4,4295 4,4617
3,9421 3,9742
4,5965 4,6293
5,1609 5,1941
50 15:12
4,4295 4,4617
3,9408 3,9729
4,5965 4,6293
5,1616 5,1948
51 15:13
4,4295 4,4617
3,9412 3,9733
4,5964 4,6292
5,1615 5,1947
52 15:14
4,4295 4,4617
3,9414 3,9735
4,5964 4,6292
5,1606 5,1938
53 15:15
4,4298 4,4620
3,9420 3,9741
4,5965 4,6293
5,1612 5,1944
54 15:16
4,4273 4,4595
3,9366 3,9687
4,5939 4,6267
5,1582 5,1914
55 15:17
4,4273 4,4595
3,9366 3,9687
4,5954 4,6282
5,1583 5,1915
56 15:18
4,4273 4,4595
3,9386 3,9707
4,5953 4,6281
5,1583 5,1915
57 15:19
4,4273 4,4595
3,9393 3,9714
4,5939 4,6267
5,1583 5,1915
58 15:20
4,4277 4,4599
3,9397 3,9718
4,5944 4,6272
5,1613 5,1945
59 15:21
4,4280 4,4602
3,9412 3,9733
4,5931 4,6259
5,1607 5,1939
60 15:22
4,4274 4,4596
3,9398 3,9719
4,5925 4,6253
5,1600 5,1932
61 15:23
4,4275 4,4597
3,9405 3,9726
4,5930 4,6258
5,1608 5,1940
62 15:24
4,4272 4,4594
3,9401 3,9722
4,5928 4,6256
5,1610 5,1942
63 15:25
4,4272 4,4594
3,9390 3,9711
4,5924 4,6252
5,1610 5,1942
64 15:26
4,4273 4,4595
3,9393 3,9714
4,5925 4,6253
5,1611 5,1943
65 15:27
4,4276 4,4598
3,9396 3,9717
4,5929 4,6257
5,1627 5,1959
66 15:28
4,4274 4,4596
3,9394 3,9715
4,5926 4,6254
5,1624 5,1956
67 15:29
4,4275 4,4597
3,9416 3,9737
4,5925 4,6253
5,1625 5,1957
68 15:30
4,4275 4,4597
3,9416 3,9737
4,5927 4,6255
5,1622 5,1954
69 15:31
4,4285 4,4607
3,9440 3,9761
4,5925 4,6253
5,1625 5,1957
70 15:32
4,4307 4,4629
3,9460 3,9781
4,5944 4,6272
5,1650 5,1982
71 15:33
4,4304 4,4626
3,9461 3,9782
4,5943 4,6271
5,1647 5,1979
72 15:34
4,4301 4,4623
3,9460 3,9781
4,5936 4,6264
5,1644 5,1976
73 15:35
4,4301 4,4623
3,9460 3,9781
4,5931 4,6259
5,1640 5,1972
74 15:36
4,4301 4,4623
3,9440 3,9761
4,5931 4,6259
5,1631 5,1964
75 15:37
4,4313 4,4635
3,9441 3,9762
4,5972 4,6300
5,1635 5,1968
76 15:38
4,4314 4,4636
3,9441 3,9762
4,5984 4,6312
5,1633 5,1966
77 15:39
4,4304 4,4626
3,9421 3,9742
4,5975 4,6303
5,1630 5,1963
78 15:40
4,4297 4,4619
3,9416 3,9737
4,5967 4,6295
5,1612 5,1945
79 15:41
4,4309 4,4631
3,9416 3,9737
4,5977 4,6305
5,1631 5,1963
80 15:42
4,4309 4,4631
3,9417 3,9738
4,5979 4,6307
5,1634 5,1966
81 15:43
4,4309 4,4631
3,9437 3,9758
4,5979 4,6307
5,1631 5,1963
82 15:44
4,4309 4,4631
3,9437 3,9758
4,5979 4,6307
5,1631 5,1963
83 15:45
4,4308 4,4630
3,9454 3,9775
4,5978 4,6306
5,1630 5,1962
84 15:46
4,4306 4,4628
3,9444 3,9765
4,5972 4,6300
5,1628 5,1960
85 15:47
4,4309 4,4631
3,9471 3,9792
4,5977 4,6305
5,1638 5,1970
86 15:48
4,4302 4,4624
3,9465 3,9786
4,5973 4,6301
5,1620 5,1952
87 15:49
4,4302 4,4624
3,9465 3,9786
4,5977 4,6305
5,1634 5,1966
88 15:50
4,4300 4,4622
3,9465 3,9786
4,5974 4,6302
5,1630 5,1962
89 15:51
4,4303 4,4625
3,9473 3,9794
4,5976 4,6304
5,1622 5,1954
90 15:52
4,4303 4,4625
3,9473 3,9794
4,5976 4,6304
5,1622 5,1954
91 15:53
4,4303 4,4625
3,9469 3,9790
4,5976 4,6304
5,1622 5,1954
92 15:54
4,4303 4,4625
3,9467 3,9788
4,5976 4,6304
5,1622 5,1954
93 15:55
4,4303 4,4625
3,9472 3,9793
4,5970 4,6298
5,1618 5,1950
94 15:56
4,4304 4,4626
3,9473 3,9794
4,5976 4,6304
5,1622 5,1954
95 15:57
4,4304 4,4626
3,9475 3,9796
4,5971 4,6299
5,1631 5,1963
96 15:58
4,4320 4,4642
3,9489 3,9810
4,5988 4,6316
5,1644 5,1976
97 15:59
4,4320 4,4642
3,9489 3,9810
4,5982 4,6310
5,1644 5,1976
98 16:00
4,4316 4,4638
3,9467 3,9788
4,5975 4,6303
5,1637 5,1969
99 16:01
4,4319 4,4641
3,9469 3,9790
4,5976 4,6304
5,1645 5,1977
100 16:02
4,4319 4,4641
3,9448 3,9769
4,5976 4,6304
5,1652 5,1984
101 16:03
4,4319 4,4641
3,9448 3,9769
4,5962 4,6290
5,1652 5,1984
102 16:04
4,4319 4,4641
3,9462 3,9783
4,5959 4,6287
5,1646 5,1978
103 16:05
4,4324 4,4646
3,9468 3,9789
4,5964 4,6292
5,1652 5,1984
104 16:06
4,4324 4,4646
3,9468 3,9789
4,5954 4,6282
5,1652 5,1984
105 16:07
4,4314 4,4636
3,9460 3,9781
4,5944 4,6272
5,1638 5,1970
106 16:08
4,4315 4,4637
3,9460 3,9781
4,5945 4,6273
5,1638 5,1970
107 16:09
4,4312 4,4634
3,9433 3,9754
4,5952 4,6280
5,1642 5,1974
108 16:10
4,4313 4,4635
3,9427 3,9748
4,5953 4,6281
5,1636 5,1968
109 16:11
4,4314 4,4636
3,9429 3,9750
4,5953 4,6281
5,1640 5,1972
110 16:12
4,4315 4,4637
3,9430 3,9751
4,5955 4,6283
5,1645 5,1977
111 16:13
4,4313 4,4635
3,9429 3,9750
4,5953 4,6281
5,1646 5,1978
112 16:14
4,4306 4,4628
3,9422 3,9743
4,5945 4,6273
5,1646 5,1978
113 16:15
4,4306 4,4628
3,9422 3,9743
4,5945 4,6273
5,1646 5,1978
114 16:16
4,4312 4,4634
3,9429 3,9750
4,5934 4,6262
5,1656 5,1988
115 16:17
4,4312 4,4634
3,9431 3,9752
4,5939 4,6267
5,1656 5,1988
116 16:18
4,4310 4,4632
3,9421 3,9742
4,5940 4,6268
5,1657 5,1989
117 16:19
4,4311 4,4633
3,9426 3,9747
4,5942 4,6270
5,1657 5,1989
118 16:20
4,4311 4,4633
3,9428 3,9749
4,5945 4,6273
5,1657 5,1989
119 16:21
4,4312 4,4634
3,9427 3,9748
4,5946 4,6274
5,1659 5,1991
120 16:22
4,4312 4,4634
3,9427 3,9748
4,5963 4,6291
5,1668 5,2000
121 16:23
4,4312 4,4634
3,9433 3,9754
4,5961 4,6289
5,1659 5,1991
122 16:24
4,4312 4,4634
3,9419 3,9740
4,5956 4,6284
5,1659 5,1991
123 16:25
4,4313 4,4635
3,9420 3,9741
4,5957 4,6285
5,1671 5,2003
124 16:26
4,4313 4,4635
3,9443 3,9764
4,5962 4,6290
5,1671 5,2003
125 16:27
4,4313 4,4635
3,9441 3,9762
4,5962 4,6290
5,1672 5,2004
126 16:28
4,4314 4,4636
3,9437 3,9758
4,5968 4,6296
5,1674 5,2006
127 16:29
4,4314 4,4636
3,9437 3,9758
4,5968 4,6296
5,1674 5,2006
128 16:30
4,4314 4,4636
3,9433 3,9754
4,5963 4,6291
5,1674 5,2006
129 16:31
4,4314 4,4636
3,9430 3,9751
4,5968 4,6296
5,1674 5,2006
130 16:32
4,4314 4,4636
3,9430 3,9751
4,5966 4,6294
5,1671 5,2003
131 16:33
4,4313 4,4635
3,9428 3,9749
4,5965 4,6293
5,1670 5,2002
132 16:34
4,4313 4,4635
3,9427 3,9748
4,5946 4,6274
5,1667 5,1999
133 16:35
4,4308 4,4630
3,9422 3,9743
4,5921 4,6249
5,1660 5,1992
134 16:36
4,4302 4,4624
3,9415 3,9736
4,5908 4,6236
5,1648 5,1980
135 16:37
4,4289 4,4611
3,9400 3,9721
4,5893 4,6221
5,1628 5,1960
136 16:38
4,4293 4,4615
3,9400 3,9721
4,5909 4,6237
5,1631 5,1963
137 16:39
4,4292 4,4614
3,9406 3,9727
4,5908 4,6236
5,1621 5,1953
138 16:40
4,4292 4,4614
3,9406 3,9727
4,5916 4,6244
5,1621 5,1953
139 16:41
4,4292 4,4614
3,9401 3,9722
4,5916 4,6244
5,1617 5,1950
140 16:42
4,4292 4,4614
3,9401 3,9722
4,5915 4,6243
5,1614 5,1947
141 16:43
4,4288 4,4610
3,9398 3,9719
4,5910 4,6238
5,1613 5,1946
142 16:44
4,4287 4,4609
3,9396 3,9717
4,5906 4,6234
5,1607 5,1940
143 16:45
4,4287 4,4609
3,9402 3,9723
4,5906 4,6234
5,1610 5,1943
144 16:46
4,4284 4,4606
3,9399 3,9720
4,5903 4,6231
5,1614 5,1947
145 16:47
4,4289 4,4611
3,9418 3,9739
4,5923 4,6251
5,1620 5,1953
146 16:48
4,4289 4,4611
3,9418 3,9739
4,5923 4,6251
5,1616 5,1949
147 16:49
4,4280 4,4602
3,9410 3,9731
4,5914 4,6242
5,1603 5,1936
148 16:50
4,4278 4,4600
3,9396 3,9717
4,5931 4,6259
5,1598 5,1931
149 16:51
4,4277 4,4599
3,9400 3,9721
4,5930 4,6258
5,1595 5,1928
150 16:52
4,4280 4,4602
3,9395 3,9716
4,5932 4,6260
5,1598 5,1931
151 16:53
4,4284 4,4606
3,9399 3,9720
4,5936 4,6264
5,1586 5,1919
152 16:54
4,4281 4,4603
3,9398 3,9719
4,5951 4,6279
5,1585 5,1918
153 16:55
4,4278 4,4600
3,9396 3,9717
4,5947 4,6275
5,1592 5,1925
154 16:56
4,4282 4,4604
3,9399 3,9720
4,5952 4,6280
5,1599 5,1932
155 16:57
4,4282 4,4604
3,9403 3,9724
4,5944 4,6272
5,1599 5,1932
156 16:58
4,4283 4,4605
3,9404 3,9725
4,5945 4,6273
5,1594 5,1927
157 16:59
4,4279 4,4601
3,9398 3,9719
4,5941 4,6269
5,1580 5,1913
158 17:00
4,4277 4,4599
3,9395 3,9716
4,5944 4,6272
5,1577 5,1910
159 17:01
4,4276 4,4598
3,9394 3,9715
4,5940 4,6268
5,1574 5,1907
160 17:02
4,4277 4,4599
3,9396 3,9717
4,5945 4,6273
5,1566 5,1899
161 17:03
4,4286 4,4608
3,9412 3,9733
4,5953 4,6281
5,1577 5,1910
162 17:04
4,4285 4,4607
3,9414 3,9735
4,5952 4,6280
5,1583 5,1916
163 17:05
4,4283 4,4605
3,9402 3,9723
4,5953 4,6281
5,1582 5,1915
164 17:06
4,4283 4,4605
3,9403 3,9724
4,5950 4,6278
5,1576 5,1909
165 17:07
4,4278 4,4600
3,9386 3,9707
4,5944 4,6272
5,1570 5,1903
166 17:08
4,4279 4,4601
3,9386 3,9707
4,5948 4,6276
5,1568 5,1901
167 17:09
4,4274 4,4596
3,9378 3,9699
4,5943 4,6271
5,1560 5,1893
168 17:10
4,4275 4,4597
3,9379 3,9700
4,5944 4,6272
5,1560 5,1893
169 17:11
4,4275 4,4597
3,9379 3,9700
4,5944 4,6272
5,1559 5,1892
170 17:12
4,4274 4,4596
3,9366 3,9687
4,5948 4,6276
5,1560 5,1893
171 17:13
4,4272 4,4594
3,9362 3,9683
4,5945 4,6273
5,1557 5,1890
172 17:14
4,4272 4,4594
3,9367 3,9688
4,5938 4,6266
5,1560 5,1893
173 17:15
4,4274 4,4596
3,9378 3,9699
4,5942 4,6270
5,1565 5,1898
174 17:16
4,4274 4,4596
3,9386 3,9707
4,5943 4,6271
5,1565 5,1898
175 17:17
4,4276 4,4598
3,9396 3,9717
4,5945 4,6273
5,1568 5,1901
176 17:18
4,4276 4,4598
3,9387 3,9708
4,5952 4,6280
5,1571 5,1904
177 17:19
4,4276 4,4598
3,9385 3,9706
4,5952 4,6280
5,1571 5,1904
178 17:20
4,4256 4,4578
3,9370 3,9691
4,5934 4,6262
5,1547 5,1880
179 17:21
4,4256 4,4578
3,9370 3,9691
4,5931 4,6259
5,1547 5,1880
180 17:22
4,4260 4,4582
3,9379 3,9700
4,5935 4,6263
5,1555 5,1888
181 17:23
4,4260 4,4582
3,9377 3,9698
4,5935 4,6263
5,1543 5,1876
182 17:24
4,4260 4,4582
3,9386 3,9707
4,5940 4,6268
5,1549 5,1882
183 17:25
4,4260 4,4582
3,9390 3,9711
4,5940 4,6268
5,1549 5,1882
184 17:26
4,4260 4,4582
3,9390 3,9711
4,5945 4,6273
5,1549 5,1882
185 17:27
4,4260 4,4582
3,9392 3,9713
4,5957 4,6285
5,1548 5,1881
186 17:28
4,4260 4,4582
3,9392 3,9713
4,5957 4,6285
5,1546 5,1879
187 17:29
4,4249 4,4571
3,9382 3,9703
4,5953 4,6281
5,1533 5,1866
188 17:30
4,4248 4,4570
3,9397 3,9718
4,5956 4,6284
5,1538 5,1871
189 17:31
4,4246 4,4568
3,9400 3,9721
4,5950 4,6278
5,1533 5,1866
190 17:32
4,4246 4,4568
3,9399 3,9720
4,5950 4,6278
5,1536 5,1869
191 17:33
4,4242 4,4564
3,9397 3,9718
4,5946 4,6274
5,1528 5,1861
192 17:34
4,4242 4,4564
3,9399 3,9720
4,5946 4,6274
5,1528 5,1861
193 17:35
4,4241 4,4563
3,9396 3,9717
4,5945 4,6273
5,1520 5,1853
194 17:36
4,4242 4,4564
3,9397 3,9718
4,5945 4,6273
5,1521 5,1854
195 17:37
4,4242 4,4564
3,9402 3,9723
4,5948 4,6276
5,1522 5,1855
196 17:38
4,4244 4,4566
3,9412 3,9733
4,5950 4,6278
5,1512 5,1845
197 17:39
4,4244 4,4566
3,9414 3,9735
4,5950 4,6278
5,1512 5,1845
198 17:40
4,4248 4,4570
3,9418 3,9739
4,5955 4,6283
5,1499 5,1832
199 17:41
4,4248 4,4570
3,9421 3,9742
4,5940 4,6268
5,1499 5,1832
200 17:42
4,4245 4,4567
3,9417 3,9738
4,5927 4,6255
5,1489 5,1822
201 17:43
4,4247 4,4569
3,9417 3,9738
4,5929 4,6257
5,1492 5,1825
202 17:44
4,4247 4,4569
3,9416 3,9737
4,5927 4,6255
5,1492 5,1825
203 17:45
4,4255 4,4577
3,9418 3,9739
4,5931 4,6259
5,1493 5,1826
204 17:46
4,4256 4,4578
3,9418 3,9739
4,5936 4,6264
5,1496 5,1829
205 17:47
4,4256 4,4578
3,9418 3,9739
4,5936 4,6264
5,1499 5,1832
206 17:48
4,4256 4,4578
3,9418 3,9739
4,5944 4,6272
5,1506 5,1839
207 17:49
4,4256 4,4578
3,9420 3,9741
4,5946 4,6274
5,1506 5,1839
208 17:50
4,4255 4,4577
3,9421 3,9742
4,5945 4,6273
5,1511 5,1844
209 17:51
4,4255 4,4577
3,9421 3,9742
4,5952 4,6280
5,1511 5,1844
210 17:52
4,4312 4,4638
3,9473 3,9796
4,6010 4,6342
5,1580 5,1913
211 17:53
4,4286 4,4614
3,9447 3,9771
4,5982 4,6316
5,1558 5,1897
212 17:54
4,4287 4,4619
3,9451 3,9778
4,5983 4,6321
5,1558 5,1896
213 17:55
4,4289 4,4620
3,9455 3,9782
4,5985 4,6322
5,1553 5,1896
214 17:56
4,4282 4,4612
3,9450 3,9779
4,5978 4,6314
5,1546 5,1882
215 17:57
4,4285 4,4614
3,9451 3,9776
4,5975 4,6305
5,1548 5,1882
216 17:58
4,4281 4,4610
3,9455 3,9780
4,5967 4,6302
5,1532 5,1866
217 17:59
4,4285 4,4611
3,9459 3,9782
4,5973 4,6304
5,1531 5,1868
218 18:00
4,4274 4,4607
3,9439 3,9774
4,5968 4,6308
5,1517 5,1859
219 18:01
4,4282 4,4614
3,9446 3,9781
4,5973 4,6311
5,1522 5,1866
220 18:02
4,4293 4,4621
3,9460 3,9788
4,5980 4,6314
5,1534 5,1873
221 18:03
4,4287 4,4614
3,9453 3,9780
4,5974 4,6305
5,1508 5,1846
222 18:04
4,4284 4,4607
3,9450 3,9777
4,5963 4,6294
5,1511 5,1845
223 18:05
4,4284 4,4607
3,9454 3,9781
4,5961 4,6294
5,1505 5,1839
224 18:06
4,4284 4,4607
3,9458 3,9781
4,5961 4,6290
5,1505 5,1839
225 18:07
4,4276 4,4607
3,9448 3,9782
4,5953 4,6290
5,1489 5,1832
226 18:08
4,4276 4,4607
3,9448 3,9782
4,5953 4,6290
5,1485 5,1827
227 18:09
4,4276 4,4607
3,9440 3,9773
4,5957 4,6294
5,1483 5,1826
228 18:10
4,4276 4,4607
3,9437 3,9771
4,5957 4,6294
5,1483 5,1826
229 18:11
4,4275 4,4607
3,9433 3,9768
4,5961 4,6300
5,1472 5,1816
230 18:12
4,4276 4,4607
3,9436 3,9767
4,5957 4,6298
5,1465 5,1808
231 18:13
4,4277 4,4605
3,9435 3,9766
4,5959 4,6297
5,1474 5,1814
232 18:14
4,4276 4,4607
3,9437 3,9771
4,5956 4,6298
5,1471 5,1814
233 18:15
4,4276 4,4607
3,9437 3,9771
4,5962 4,6299
5,1477 5,1814
234 18:16
4,4274 4,4604
3,9436 3,9765
4,5960 4,6296
5,1477 5,1819
235 18:17
4,4274 4,4606
3,9432 3,9767
4,5956 4,6299
5,1470 5,1813
236 18:18
4,4283 4,4613
3,9444 3,9773
4,5965 4,6301
5,1481 5,1823
237 18:19
4,4274 4,4598
3,9437 3,9761
4,5955 4,6285
5,1471 5,1805
238 18:20
4,4258 4,4586
3,9419 3,9747
4,5939 4,6273
5,1445 5,1785
239 18:21
4,4255 4,4586
3,9415 3,9749
4,5940 4,6277
5,1454 5,1796
240 18:22
4,4254 4,4583
3,9413 3,9742
4,5939 4,6274
5,1452 5,1791
241 18:23
4,4250 4,4578
3,9407 3,9738
4,5935 4,6269
5,1442 5,1781
242 18:24
4,4248 4,4576
3,9406 3,9736
4,5933 4,6267
5,1440 5,1779
243 18:25
4,4256 4,4578
3,9416 3,9741
4,5941 4,6269
5,1443 5,1776
244 18:26
4,4257 4,4579
3,9410 3,9731
4,5943 4,6273
5,1443 5,1776
245 18:27
4,4259 4,4581
3,9408 3,9733
4,5944 4,6272
5,1441 5,1774
246 18:28
4,4256 4,4580
3,9406 3,9734
4,5941 4,6271
5,1444 5,1778
247 18:29
4,4253 4,4579
3,9407 3,9733
4,5935 4,6266
5,1441 5,1777
248 18:30
4,4250 4,4578
3,9408 3,9736
4,5942 4,6275
5,1444 5,1782
249 18:31
4,4250 4,4577
3,9406 3,9733
4,5940 4,6273
5,1448 5,1786
250 18:32
4,4250 4,4577
3,9411 3,9741
4,5945 4,6278
5,1448 5,1786
251 18:33
4,4249 4,4576
3,9405 3,9732
4,5948 4,6280
5,1447 5,1785
252 18:34
4,4249 4,4576
3,9405 3,9736
4,5948 4,6280
5,1447 5,1785
253 18:35
4,4250 4,4577
3,9411 3,9741
4,5945 4,6278
5,1442 5,1780
254 18:36
4,4249 4,4576
3,9416 3,9743
4,5946 4,6280
5,1447 5,1785
255 18:37
4,4256 4,4583
3,9420 3,9750
4,5956 4,6289
5,1454 5,1787
256 18:38
4,4258 4,4585
3,9425 3,9755
4,5958 4,6295
5,1456 5,1789
257 18:39
4,4255 4,4583
3,9427 3,9755
4,5961 4,6294
5,1454 5,1793
258 18:40
4,4257 4,4584
3,9428 3,9758
4,5957 4,6290
5,1460 5,1793
259 18:41
4,4257 4,4583
3,9431 3,9760
4,5957 4,6289
5,1463 5,1800
260 18:42
4,4256 4,4585
3,9432 3,9761
4,5956 4,6291
5,1461 5,1801
261 18:43
4,4257 4,4585
3,9439 3,9767
4,5957 4,6291
5,1456 5,1795
262 18:44
4,4257 4,4585
3,9443 3,9771
4,5948 4,6287
5,1456 5,1795
263 18:45
4,4256 4,4584
3,9445 3,9773
4,5946 4,6280
5,1456 5,1794
264 18:46
4,4256 4,4584
3,9452 3,9780
4,5950 4,6284
5,1455 5,1794
265 18:47
4,4257 4,4585
3,9453 3,9781
4,5947 4,6281
5,1450 5,1789
266 18:48
4,4258 4,4584
3,9454 3,9780
4,5940 4,6273
5,1451 5,1788
267 18:49
4,4257 4,4585
3,9453 3,9785
4,5929 4,6263
5,1452 5,1790
268 18:50
4,4259 4,4586
3,9461 3,9789
4,5935 4,6268
5,1462 5,1795
269 18:51
4,4258 4,4586
3,9458 3,9788
4,5930 4,6265
5,1458 5,1798
270 18:52
4,4259 4,4586
3,9461 3,9790
4,5935 4,6264
5,1464 5,1807
271 18:53
4,4257 4,4585
3,9464 3,9792
4,5928 4,6262
5,1468 5,1807
272 18:54
4,4260 4,4587
3,9462 3,9792
4,5936 4,6269
5,1472 5,1810
273 18:55
4,4258 4,4586
3,9474 3,9805
4,5934 4,6270
5,1470 5,1809
274 18:56
4,4257 4,4585
3,9466 3,9797
4,5933 4,6267
5,1475 5,1815
275 18:57
4,4258 4,4586
3,9461 3,9789
4,5934 4,6268
5,1465 5,1803
276 18:58
4,4260 4,4587
3,9455 3,9785
4,5931 4,6264
5,1472 5,1810
277 18:59
4,4261 4,4587
3,9456 3,9785
4,5924 4,6255
5,1468 5,1804
278 19:00
4,4271 4,4597
3,9468 3,9798
4,5933 4,6265
5,1485 5,1823
279 19:01
4,4273 4,4598
3,9476 3,9804
4,5940 4,6271
5,1492 5,1827
280 19:02
4,4274 4,4598
3,9486 3,9810
4,5947 4,6276
5,1502 5,1836
281 19:03
4,4287 4,4612
3,9488 3,9817
4,5953 4,6289
5,1501 5,1838
282 19:04
4,4285 4,4609
3,9494 3,9823
4,5957 4,6291
5,1500 5,1835
283 19:05
4,4286 4,4613
3,9493 3,9823
4,5963 4,6296
5,1502 5,1840
284 19:06
4,4286 4,4612
3,9489 3,9818
4,5958 4,6290
5,1502 5,1839
285 19:07
4,4284 4,4606
3,9484 3,9806
4,5957 4,6288
5,1493 5,1826
286 19:08
4,4282 4,4604
3,9479 3,9804
4,5955 4,6283
5,1491 5,1824
287 19:09
4,4288 4,4610
3,9484 3,9809
4,5965 4,6293
5,1499 5,1832
288 19:10
4,4288 4,4610
3,9476 3,9801
4,5960 4,6292
5,1492 5,1825
289 19:11
4,4287 4,4609
3,9479 3,9800
4,5963 4,6291
5,1493 5,1826
290 19:12
4,4287 4,4609
3,9476 3,9797
4,5964 4,6292
5,1491 5,1824
291 19:13
4,4286 4,4608
3,9476 3,9800
4,5960 4,6291
5,1490 5,1823
292 19:14
4,4287 4,4609
3,9478 3,9800
4,5964 4,6292
5,1494 5,1827
293 19:15
4,4289 4,4611
3,9478 3,9799
4,5966 4,6294
5,1493 5,1826
294 19:16
4,4288 4,4610
3,9471 3,9793
4,5964 4,6292
5,1491 5,1824
295 19:17
4,4287 4,4609
3,9469 3,9792
4,5963 4,6291
5,1496 5,1829
296 19:18
4,4289 4,4613
3,9470 3,9797
4,5966 4,6296
5,1501 5,1835
297 19:19
4,4286 4,4609
3,9470 3,9797
4,5963 4,6292
5,1495 5,1828
298 19:20
4,4287 4,4610
3,9475 3,9799
4,5968 4,6296
5,1496 5,1829
299 19:21
4,4285 4,4607
3,9471 3,9797
4,5967 4,6295
5,1491 5,1824
300 19:22
4,4289 4,4611
3,9479 3,9801
4,5976 4,6304
5,1499 5,1832
301 19:23
4,4285 4,4607
3,9475 3,9799
4,5973 4,6303
5,1494 5,1827
302 19:24
4,4286 4,4608
3,9473 3,9796
4,5977 4,6305
5,1492 5,1825
303 19:25
4,4284 4,4607
3,9465 3,9792
4,5975 4,6304
5,1487 5,1821
304 19:26
4,4283 4,4607
3,9465 3,9792
4,5970 4,6304
5,1486 5,1821
305 19:27
4,4284 4,4607
3,9465 3,9792
4,5975 4,6304
5,1493 5,1827
306 19:28
4,4282 4,4606
3,9461 3,9789
4,5974 4,6309
5,1491 5,1826
307 19:29
4,4283 4,4606
3,9460 3,9787
4,5973 4,6307
5,1492 5,1826
308 19:30
4,4273 4,4612
3,9452 3,9790
4,5967 4,6313
5,1481 5,1833
309 19:31
4,4281 4,4605
3,9460 3,9788
4,5977 4,6307
5,1490 5,1825
310 19:32
4,4285 4,4607
3,9464 3,9790
4,5977 4,6309
5,1494 5,1827
311 19:33
4,4285 4,4608
3,9467 3,9793
4,5981 4,6310
5,1494 5,1827
312 19:34
4,4285 4,4607
3,9465 3,9789
4,5980 4,6308
5,1494 5,1827
313 19:35
4,4285 4,4607
3,9463 3,9784
4,5976 4,6308
5,1491 5,1824
314 19:36
4,4274 4,4614
3,9458 3,9796
4,5970 4,6316
5,1483 5,1833
315 19:37
4,4286 4,4608
3,9467 3,9790
4,5977 4,6305
5,1495 5,1828
316 19:38
4,4283 4,4612
3,9465 3,9797
4,5965 4,6300
5,1492 5,1833
317 19:39
4,4284 4,4611
3,9466 3,9795
4,5961 4,6298
5,1493 5,1831
318 19:40
4,4284 4,4611
3,9465 3,9792
4,5965 4,6297
5,1492 5,1825
319 19:41
4,4283 4,4609
3,9466 3,9792
4,5960 4,6292
5,1488 5,1824
320 19:42
4,4283 4,4609
3,9465 3,9794
4,5966 4,6297
5,1491 5,1824
321 19:43
4,4282 4,4608
3,9465 3,9791
4,5965 4,6296
5,1485 5,1822
322 19:44
4,4284 4,4609
3,9461 3,9786
4,5965 4,6295
5,1487 5,1823
323 19:45
4,4282 4,4608
3,9465 3,9791
4,5965 4,6296
5,1485 5,1822
324 19:46
4,4283 4,4608
3,9460 3,9789
4,5969 4,6300
5,1482 5,1815
325 19:47
4,4283 4,4608
3,9462 3,9790
4,5969 4,6299
5,1480 5,1816
326 19:48
4,4284 4,4607
3,9461 3,9784
4,5966 4,6299
5,1481 5,1815
327 19:49
4,4282 4,4604
3,9459 3,9780
4,5966 4,6294
5,1479 5,1812
328 19:50
4,4274 4,4614
3,9451 3,9789
4,5960 4,6306
5,1476 5,1823
329 19:51
4,4285 4,4607
3,9460 3,9781
4,5971 4,6299
5,1484 5,1817
330 19:52
4,4287 4,4610
3,9460 3,9787
4,5973 4,6301
5,1491 5,1825
331 19:53
4,4283 4,4605
3,9461 3,9784
4,5970 4,6302
5,1486 5,1819
332 19:54
4,4282 4,4606
3,9461 3,9789
4,5973 4,6303
5,1485 5,1820
333 19:55
4,4284 4,4606
3,9463 3,9785
4,5971 4,6301
5,1487 5,1820
334 19:56
4,4284 4,4606
3,9463 3,9785
4,5975 4,6303
5,1487 5,1820
335 19:57
4,4282 4,4604
3,9461 3,9783
4,5977 4,6305
5,1489 5,1822
336 19:58
4,4284 4,4610
3,9462 3,9791
4,5981 4,6316
5,1493 5,1826
337 19:59
4,4285 4,4612
3,9467 3,9797
4,5981 4,6314
5,1495 5,1833
338 20:00
4,4286 4,4612
3,9464 3,9793
4,5982 4,6314
5,1503 5,1841
339 20:01
4,4285 4,4615
3,9467 3,9796
4,5982 4,6318
5,1502 5,1844
340 20:02
4,4284 4,4616
3,9469 3,9800
4,5980 4,6318
5,1506 5,1843
341 20:03
4,4294 4,4623
3,9478 3,9810
4,5986 4,6325
5,1511 5,1851
342 20:04
4,4294 4,4623
3,9482 3,9814
4,5995 4,6330
5,1517 5,1857
343 20:05
4,4293 4,4624
3,9481 3,9815
4,5994 4,6331
5,1515 5,1858
344 20:06
4,4293 4,4624
3,9488 3,9822
4,5999 4,6336
5,1521 5,1858
345 20:07
4,4293 4,4624
3,9481 3,9815
4,5993 4,6331
5,1515 5,1852
346 20:08
4,4293 4,4623
3,9474 3,9803
4,5994 4,6330
5,1511 5,1853
347 20:09
4,4294 4,4623
3,9478 3,9810
4,6000 4,6335
5,1511 5,1851
348 20:10
4,4292 4,4623
3,9476 3,9810
4,5993 4,6330
5,1503 5,1845
349 20:11
4,4295 4,4624
3,9472 3,9804
4,5996 4,6331
5,1505 5,1846
350 20:12
4,4289 4,4617
3,9460 3,9788
4,5990 4,6324
5,1499 5,1838
351 20:13
4,4291 4,4621
3,9458 3,9791
4,5992 4,6328
5,1502 5,1843
352 20:14
4,4293 4,4623
3,9456 3,9789
4,5994 4,6330
5,1505 5,1847
353 20:15
4,4293 4,4623
3,9456 3,9789
4,5994 4,6330
5,1505 5,1841
354 20:16
4,4293 4,4623
3,9456 3,9785
4,5994 4,6330
5,1505 5,1847
355 20:17
4,4293 4,4623
3,9456 3,9789
4,5995 4,6336
5,1505 5,1847
356 20:18
4,4287 4,4618
3,9447 3,9781
4,5993 4,6330
5,1496 5,1839
357 20:19
4,4285 4,4617
3,9446 3,9778
4,5991 4,6329
5,1496 5,1840
358 20:20
4,4286 4,4617
3,9447 3,9777
4,5991 4,6327
5,1491 5,1833
359 20:21
4,4285 4,4615
3,9445 3,9778
4,5991 4,6327
5,1489 5,1830
360 20:22
4,4286 4,4616
3,9443 3,9772
4,5987 4,6323
5,1490 5,1831
361 20:23
4,4286 4,4617
3,9443 3,9777
4,5992 4,6329
5,1490 5,1832
362 20:24
4,4286 4,4617
3,9443 3,9773
4,5986 4,6328
5,1490 5,1832
363 20:25
4,4285 4,4615
3,9438 3,9769
4,5987 4,6326
5,1489 5,1825
364 20:26
4,4287 4,4616
3,9447 3,9779
4,5993 4,6328
5,1491 5,1831
365 20:27
4,4286 4,4616
3,9450 3,9784
4,5992 4,6328
5,1490 5,1832
366 20:28
4,4285 4,4615
3,9445 3,9778
4,5991 4,6327
5,1483 5,1824
367 20:29
4,4285 4,4615
3,9445 3,9778
4,5991 4,6327
5,1477 5,1818
368 20:30
4,4286 4,4617
3,9445 3,9776
4,5992 4,6329
5,1484 5,1826
369 20:31
4,4287 4,4616
3,9447 3,9779
4,5993 4,6328
5,1485 5,1825
370 20:32
4,4285 4,4615
3,9447 3,9779
4,5991 4,6327
5,1483 5,1824
371 20:33
4,4285 4,4616
3,9445 3,9778
4,5990 4,6326
5,1483 5,1825
372 20:34
4,4286 4,4617
3,9446 3,9776
4,5992 4,6329
5,1482 5,1819
373 20:35
4,4287 4,4618
3,9444 3,9778
4,5993 4,6330
5,1478 5,1822
374 20:36
4,4285 4,4615
3,9446 3,9776
4,5997 4,6332
5,1477 5,1818
375 20:37
4,4287 4,4618
3,9444 3,9778
4,5998 4,6335
5,1478 5,1821
376 20:38
4,4284 4,4618
3,9442 3,9778
4,5995 4,6335
5,1475 5,1822
377 20:39
4,4284 4,4618
3,9442 3,9778
4,5995 4,6339
5,1477 5,1817
378 20:40
4,4270 4,4629
3,9428 3,9783
4,5984 4,6350
5,1452 5,1827
379 20:41
4,4266 4,4630
3,9426 3,9786
4,5982 4,6353
5,1455 5,1837
380 20:42
4,4270 4,4629
3,9431 3,9786
4,5984 4,6350
5,1458 5,1833
381 20:43
4,4270 4,4629
3,9428 3,9784
4,5984 4,6351
5,1459 5,1835
382 20:44
4,4270 4,4629
3,9424 3,9779
4,5984 4,6350
5,1465 5,1840
383 20:45
4,4269 4,4627
3,9421 3,9779
4,5985 4,6350
5,1465 5,1839
384 20:46
4,4269 4,4627
3,9417 3,9774
4,5985 4,6350
5,1464 5,1833
385 20:47
4,4285 4,4618
3,9424 3,9760
4,6000 4,6339
5,1482 5,1827
386 20:48
4,4284 4,4618
3,9424 3,9760
4,5999 4,6339
5,1483 5,1829
387 20:49
4,4295 4,4623
3,9433 3,9764
4,6011 4,6345
5,1495 5,1835
388 20:50
4,4295 4,4623
3,9437 3,9764
4,6011 4,6345
5,1488 5,1827
389 20:51
4,4312 4,4639
3,9447 3,9778
4,6033 4,6366
5,1513 5,1850
390 20:52
4,4305 4,4633
3,9439 3,9771
4,6026 4,6360
5,1506 5,1845
391 20:53
4,4306 4,4633
3,9442 3,9769
4,6027 4,6360
5,1507 5,1845
392 20:54
4,4297 4,4642
3,9435 3,9781
4,6018 4,6369
5,1495 5,1854
393 20:55
4,4301 4,4638
3,9442 3,9778
4,6022 4,6365
5,1501 5,1851
394 20:56
4,4297 4,4642
3,9438 3,9784
4,6011 4,6363
5,1495 5,1854
395 20:57
4,4305 4,4634
3,9446 3,9776
4,6015 4,6355
5,1500 5,1840
396 20:58
4,4306 4,4632
3,9447 3,9773
4,6017 4,6351
5,1506 5,1839
397 20:59
4,4288 4,4613
3,9429 3,9758
4,5994 4,6329
5,1480 5,1816
398 21:00
4,4279 4,4605
3,9423 3,9753
4,5994 4,6326
5,1471 5,1806
399 21:01
4,4274 4,4602
3,9426 3,9756
4,5985 4,6324
5,1470 5,1809
400 21:02
4,4275 4,4604
3,9428 3,9757
4,5979 4,6319
5,1465 5,1805
401 21:03
4,4272 4,4602
3,9424 3,9754
4,5973 4,6314
5,1462 5,1803
402 21:04
4,4274 4,4602
3,9425 3,9756
4,5975 4,6313
5,1466 5,1804
403 21:05
4,4275 4,4602
3,9428 3,9759
4,5975 4,6307
5,1471 5,1809
404 21:06
4,4275 4,4599
3,9434 3,9762
4,5977 4,6306
5,1474 5,1807
405 21:07
4,4273 4,4601
3,9431 3,9762
4,5974 4,6312
5,1469 5,1808
406 21:08
4,4273 4,4601
3,9431 3,9762
4,5978 4,6312
5,1470 5,1808
407 21:09
4,4275 4,4605
3,9433 3,9766
4,5981 4,6322
5,1472 5,1814
408 21:10
4,4276 4,4610
3,9435 3,9771
4,5982 4,6326
5,1479 5,1818
409 21:11
4,4279 4,4609
3,9429 3,9762
4,5989 4,6325
5,1476 5,1817
410 21:12
4,4277 4,4607
3,9428 3,9757
4,5982 4,6318
5,1480 5,1815
411 21:13
4,4289 4,4620
3,9442 3,9776
4,5995 4,6332
5,1492 5,1835
412 21:14
4,4292 4,4622
3,9445 3,9778
4,5999 4,6340
5,1497 5,1838
413 21:15
4,4294 4,4623
3,9449 3,9778
4,6005 4,6340
5,1499 5,1839
414 21:16
4,4295 4,4624
3,9443 3,9774
4,6006 4,6341
5,1499 5,1840
415 21:17
4,4293 4,4623
3,9442 3,9775
4,6004 4,6340
5,1499 5,1841
416 21:18
4,4295 4,4623
3,9444 3,9775
4,6006 4,6340
5,1501 5,1840
417 21:19
4,4292 4,4622
3,9445 3,9778
4,6006 4,6344
5,1498 5,1840
418 21:20
4,4289 4,4622
3,9442 3,9778
4,6000 4,6343
5,1498 5,1843
419 21:21
4,4288 4,4620
3,9441 3,9776
4,5999 4,6337
5,1498 5,1837
420 21:22
4,4288 4,4620
3,9441 3,9776
4,5995 4,6338
5,1499 5,1837
421 21:23
4,4288 4,4621
3,9437 3,9772
4,5993 4,6337
5,1497 5,1836
422 21:24
4,4273 4,4630
3,9427 3,9780
4,5978 4,6347
5,1474 5,1848
423 21:25
4,4288 4,4621
3,9441 3,9777
4,5993 4,6337
5,1491 5,1836
424 21:26
4,4288 4,4621
3,9441 3,9777
4,5999 4,6338
5,1485 5,1830
425 21:27
4,4287 4,4619
3,9444 3,9775
4,5998 4,6336
5,1486 5,1830
426 21:28
4,4286 4,4617
3,9439 3,9773
4,5992 4,6333
5,1478 5,1820
427 21:29
4,4285 4,4618
3,9438 3,9774
4,5991 4,6334
5,1482 5,1822
428 21:30
4,4284 4,4618
3,9437 3,9774
4,5990 4,6330
5,1477 5,1823
429 21:31
4,4287 4,4620
3,9443 3,9778
4,5989 4,6332
5,1478 5,1823
430 21:32
4,4302 4,4624
3,9455 3,9778
4,6003 4,6331
5,1493 5,1826
431 21:33
4,4302 4,4624
3,9459 3,9783
4,6003 4,6331
5,1494 5,1827
432 21:34
4,4288 4,4622
3,9444 3,9781
4,5989 4,6329
5,1475 5,1821
433 21:35
4,4291 4,4624
3,9447 3,9783
4,5987 4,6328
5,1477 5,1823
434 21:36
4,4282 4,4629
3,9436 3,9784
4,5979 4,6335
5,1464 5,1821
435 21:37
4,4289 4,4623
3,9443 3,9779
4,5990 4,6330
5,1475 5,1822
436 21:38
4,4289 4,4623
3,9443 3,9779
4,5990 4,6330
5,1469 5,1816
437 21:39
4,4290 4,4623
3,9443 3,9779
4,5991 4,6330
5,1463 5,1808
438 21:40
4,4290 4,4623
3,9439 3,9775
4,5996 4,6335
5,1469 5,1814
439 21:41
4,4310 4,4647
3,9456 3,9795
4,6010 4,6354
5,1495 5,1845
440 21:42
4,4312 4,4648
3,9459 3,9794
4,6010 4,6357
5,1496 5,1845
441 21:43
4,4319 4,4654
3,9465 3,9799
4,6016 4,6362
5,1504 5,1852
442 21:44
4,4320 4,4656
3,9467 3,9805
4,6022 4,6364
5,1505 5,1854
443 21:45
4,4320 4,4657
3,9466 3,9802
4,6022 4,6365
5,1503 5,1853
444 21:46
4,4322 4,4658
3,9464 3,9799
4,6021 4,6367
5,1515 5,1863
445 21:47
4,4323 4,4660
3,9465 3,9801
4,6021 4,6364
5,1514 5,1863
446 21:48
4,4322 4,4659
3,9460 3,9799
4,6024 4,6367
5,1513 5,1862
447 21:49
4,4319 4,4655
3,9463 3,9801
4,6017 4,6364
5,1510 5,1859
448 21:50
4,4319 4,4655
3,9462 3,9797
4,6017 4,6364
5,1517 5,1859
449 21:51
4,4320 4,4654
3,9464 3,9800
4,6022 4,6362
5,1511 5,1858
450 21:52
4,4320 4,4655
3,9462 3,9799
4,6016 4,6358
5,1511 5,1859
451 21:53
4,4320 4,4653
3,9463 3,9795
4,6017 4,6356
5,1510 5,1855
452 21:54
4,4317 4,4652
3,9460 3,9794
4,6014 4,6357
5,1507 5,1848
453 21:55
4,4317 4,4651
3,9460 3,9793
4,6015 4,6360
5,1509 5,1849
454 21:56
4,4316 4,4651
3,9455 3,9789
4,6013 4,6354
5,1494 5,1841
455 21:57
4,4317 4,4652
3,9456 3,9790
4,6005 4,6346
5,1495 5,1840
456 21:58
4,4317 4,4652
3,9456 3,9794
4,6009 4,6353
5,1489 5,1836
457 21:59
4,4317 4,4652
3,9453 3,9787
4,6010 4,6351
5,1489 5,1836
458 22:00
4,4317 4,4647
3,9454 3,9784
4,6005 4,6345
5,1491 5,1833
459 22:01
4,4318 4,4646
3,9458 3,9786
4,6011 4,6345
5,1497 5,1836
460 22:02
4,4318 4,4647
3,9450 3,9782
4,6006 4,6345
5,1491 5,1831
461 22:03
4,4321 4,4653
3,9456 3,9791
4,6010 4,6353
5,1495 5,1838
462 22:04
4,4323 4,4654
3,9458 3,9792
4,6016 4,6353
5,1497 5,1839
463 22:05
4,4322 4,4655
3,9457 3,9793
4,6015 4,6354
5,1495 5,1840
464 22:06
4,4321 4,4654
3,9456 3,9791
4,6014 4,6353
5,1493 5,1838
465 22:07
4,4320 4,4655
3,9455 3,9793
4,6008 4,6353
5,1492 5,1839
466 22:08
4,4318 4,4652
3,9455 3,9791
4,6006 4,6348
5,1492 5,1832
467 22:09
4,4320 4,4654
3,9455 3,9788
4,6013 4,6353
5,1493 5,1834
468 22:10
4,4319 4,4654
3,9454 3,9791
4,6012 4,6353
5,1485 5,1832
469 22:11
4,4318 4,4653
3,9453 3,9790
4,6011 4,6356
5,1492 5,1832
470 22:12
4,4319 4,4654
3,9454 3,9791
4,6012 4,6357
5,1485 5,1832
471 22:13
4,4319 4,4647
3,9451 3,9782
4,6012 4,6350
5,1486 5,1825
472 22:14
4,4317 4,4645
3,9449 3,9780
4,6010 4,6348
5,1484 5,1823
473 22:15
4,4316 4,4647
3,9452 3,9786
4,6008 4,6344
5,1483 5,1825
474 22:16
4,4317 4,4647
3,9453 3,9782
4,6010 4,6351
5,1484 5,1826
475 22:17
4,4313 4,4643
3,9446 3,9779
4,6006 4,6346
5,1480 5,1815
476 22:18
4,4317 4,4647
3,9449 3,9782
4,6010 4,6350
5,1484 5,1825
477 22:19
4,4315 4,4645
3,9447 3,9780
4,6008 4,6344
5,1482 5,1823
478 22:20
4,4318 4,4648
3,9450 3,9780
4,6011 4,6347
5,1486 5,1822
479 22:21
4,4317 4,4647
3,9453 3,9782
4,6011 4,6346
5,1484 5,1819
480 22:22
4,4315 4,4645
3,9451 3,9784
4,6009 4,6344
5,1476 5,1817
481 22:23
4,4317 4,4647
3,9453 3,9782
4,6011 4,6346
5,1478 5,1819
482 22:24
4,4317 4,4647
3,9453 3,9782
4,6011 4,6346
5,1478 5,1819
483 22:25
4,4317 4,4647
3,9453 3,9782
4,6005 4,6343
5,1478 5,1819
484 22:26
4,4316 4,4646
3,9448 3,9781
4,6004 4,6340
5,1477 5,1818
485 22:27
4,4317 4,4648
3,9449 3,9783
4,6005 4,6346
5,1478 5,1820
486 22:28
4,4318 4,4649
3,9450 3,9780
4,6011 4,6348
5,1478 5,1821
487 22:29
4,4317 4,4647
3,9453 3,9782
4,6011 4,6346
5,1484 5,1819
488 22:30
4,4320 4,4651
3,9452 3,9786
4,6008 4,6347
5,1480 5,1823
489 22:31
4,4320 4,4650
3,9456 3,9786
4,6008 4,6344
5,1482 5,1824
490 22:32
4,4320 4,4650
3,9456 3,9786
4,6008 4,6344
5,1482 5,1824
491 22:33
4,4320 4,4651
3,9452 3,9786
4,6008 4,6345
5,1480 5,1823
492 22:34
4,4319 4,4654
3,9454 3,9788
4,6007 4,6348
5,1479 5,1826
493 22:35
4,4320 4,4655
3,9455 3,9789
4,6008 4,6349
5,1481 5,1829
494 22:36
4,4319 4,4654
3,9454 3,9787
4,6007 4,6348
5,1479 5,1826
495 22:37
4,4320 4,4655
3,9455 3,9789
4,6008 4,6349
5,1487 5,1829
496 22:38
4,4321 4,4656
3,9456 3,9790
4,6009 4,6350
5,1488 5,1830
497 22:39
4,4302 4,4666
3,9440 3,9800
4,5990 4,6361
5,1466 5,1841
498 22:40
4,4320 4,4657
3,9454 3,9793
4,6007 4,6349
5,1488 5,1830
499 22:41
4,4320 4,4655
3,9459 3,9793
4,6008 4,6349
5,1480 5,1827
500 22:42
4,4319 4,4654
3,9458 3,9796
4,6007 4,6348
5,1485 5,1826
501 22:43
4,4320 4,4655
3,9458 3,9795
4,6011 4,6353
5,1487 5,1835
502 22:44
4,4318 4,4653
3,9457 3,9795
4,6006 4,6347
5,1484 5,1831
503 22:45
4,4320 4,4655
3,9459 3,9793
4,6022 4,6363
5,1486 5,1831
504 22:46
4,4317 4,4652
3,9456 3,9794
4,6019 4,6360
5,1489 5,1836
505 22:47
4,4317 4,4652
3,9460 3,9794
4,6019 4,6360
5,1483 5,1830
506 22:48
4,4316 4,4651
3,9459 3,9793
4,6018 4,6359
5,1482 5,1829
507 22:49
4,4315 4,4650
3,9458 3,9792
4,6017 4,6358
5,1481 5,1829
508 22:50
4,4300 4,4666
3,9445 3,9810
4,5997 4,6376
5,1459 5,1843
509 22:51
4,4298 4,4665
3,9443 3,9809
4,5998 4,6378
5,1454 5,1839
510 22:52
4,4299 4,4668
3,9444 3,9812
4,5999 4,6381
5,1456 5,1843
511 22:53
4,4299 4,4666
3,9446 3,9809
4,5999 4,6379
5,1457 5,1841
512 22:54
4,4298 4,4666
3,9443 3,9810
4,5999 4,6375
5,1456 5,1841
513 22:55
4,4299 4,4667
3,9445 3,9811
4,5996 4,6376
5,1458 5,1844
514 22:56
4,4299 4,4667
3,9440 3,9803
4,5996 4,6376
5,1452 5,1840
515 22:57
4,4299 4,4667
3,9444 3,9807
4,6001 4,6381
5,1452 5,1843
516 22:58
4,4298 4,4668
3,9444 3,9812
4,6000 4,6383
5,1451 5,1841
517 22:59
4,4298 4,4669
3,9442 3,9811
4,6004 4,6387
5,1455 5,1844
518 23:00
4,4298 4,4668
3,9444 3,9812
4,5943 4,6426
5,1445 5,1854
519 23:01
4,4298 4,4668
3,9444 3,9812
4,5943 4,6426
5,1445 5,1854
520 23:02
4,4289 4,4667
3,9436 3,9822
4,5905 4,6478
5,1443 5,1889
521 23:03
4,4295 4,4668
3,9434 3,9812
4,5842 4,6496
5,1443 5,1898
522 23:04
4,4295 4,4668
3,9426 3,9812
4,5833 4,6487
5,1444 5,1894
523 23:05
4,4295 4,4668
3,9426 3,9812
4,5833 4,6487
5,1449 5,1895
524 23:06
4,4295 4,4668
3,9426 3,9812
4,5867 4,6406
5,1448 5,1889
525 23:07
4,4295 4,4668
3,9426 3,9812
4,5871 4,6405
5,1448 5,1890
526 23:08
4,4295 4,4668
3,9426 3,9812
4,5867 4,6406
5,1448 5,1890
527 23:09
4,4261 4,4701
3,9396 3,9841
4,5828 4,6441
5,1410 5,1921
528 23:10
4,4293 4,4670
3,9424 3,9814
4,5866 4,6407
5,1453 5,1891
529 23:11
4,4206 4,4757
3,9347 3,9891
4,5775 4,6498
5,1351 5,1987
530 23:12
4,4208 4,4755
3,9349 3,9889
4,5777 4,6482
5,1354 5,1984
531 23:13
4,4295 4,4668
3,9426 3,9812
4,5866 4,6390
5,1448 5,1890
532 23:14
4,4295 4,4668
3,9426 3,9812
4,5862 4,6390
5,1448 5,1890
533 23:15
4,4295 4,4668
3,9426 3,9812
4,5862 4,6390
5,1448 5,1890
534 23:16
4,4209 4,4754
3,9350 3,9888
4,5772 4,6470
5,1354 5,1985
535 23:17
4,4210 4,4755
3,9351 3,9889
4,5775 4,6472
5,1355 5,1984
536 23:18
4,4209 4,4754
3,9350 3,9888
4,5779 4,6486
5,1355 5,1989
537 23:19
4,4209 4,4754
3,9350 3,9888
4,5782 4,6484
5,1355 5,1983
538 23:20
4,4209 4,4754
3,9350 3,9888
4,5869 4,6572
5,1355 5,1983
539 23:21
4,4209 4,4754
3,9350 3,9888
4,5869 4,6572
5,1367 5,1989
540 23:22
4,4209 4,4754
3,9350 3,9888
4,5869 4,6572
5,1367 5,1983
541 23:23
4,4206 4,4757
3,9347 3,9891
4,5866 4,6575
5,1357 5,1993
542 23:24
4,4210 4,4757
3,9353 3,9890
4,5874 4,6574
5,1361 5,1992
543 23:25
Definite connection error