#======================
2023-4-26
# 1.EUR, 2.USD, 3.CHF, 4.GBP
Sell Price, Buy Price
1 08:23
4,5773 4,6095
4,1637 4,1958
4,6743 4,7071
5,1778 5,2111
2 08:24
4,5771 4,6093
4,1633 4,1954
4,6743 4,7071
5,1770 5,2103
3 08:25
4,5774 4,6096
4,1635 4,1956
4,6743 4,7071
5,1772 5,2105
4 08:26
4,5776 4,6098
4,1634 4,1955
4,6744 4,7072
5,1772 5,2105
5 08:27
4,5779 4,6101
4,1641 4,1962
4,6749 4,7077
5,1769 5,2102
6 08:28
4,5779 4,6101
4,1640 4,1961
4,6746 4,7074
5,1770 5,2103
7 08:29
4,5786 4,6108
4,1641 4,1962
4,6747 4,7075
5,1778 5,2111
8 08:30
4,5796 4,6118
4,1648 4,1969
4,6754 4,7082
5,1789 5,2122
9 08:31
4,5795 4,6117
4,1645 4,1966
4,6753 4,7081
5,1785 5,2118
10 08:32
4,5794 4,6116
4,1642 4,1963
4,6752 4,7080
5,1787 5,2120
11 08:33
4,5793 4,6115
4,1639 4,1960
4,6756 4,7084
5,1791 5,2124
12 08:34
4,5793 4,6115
4,1643 4,1964
4,6761 4,7089
5,1786 5,2119
13 08:35
4,5794 4,6116
4,1637 4,1958
4,6752 4,7080
5,1796 5,2129
14 08:36
4,5799 4,6121
4,1641 4,1962
4,6758 4,7086
5,1789 5,2122
15 08:37
4,5802 4,6124
4,1638 4,1959
4,6752 4,7080
5,1796 5,2129
16 08:38
4,5801 4,6123
4,1635 4,1956
4,6750 4,7078
5,1800 5,2133
17 08:39
4,5804 4,6126
4,1632 4,1953
4,6748 4,7076
5,1804 5,2137
18 08:40
4,5813 4,6135
4,1642 4,1963
4,6753 4,7081
5,1815 5,2148
19 08:41
4,5796 4,6118
4,1619 4,1940
4,6733 4,7061
5,1786 5,2119
20 08:43
4,5796 4,6118
4,1619 4,1940
4,6731 4,7059
5,1783 5,2116
21 08:44
4,5797 4,6119
4,1617 4,1938
4,6724 4,7052
5,1788 5,2121
22 08:45
4,5825 4,6147
4,1646 4,1967
4,6756 4,7084
5,1819 5,2152
23 08:46
4,5821 4,6143
4,1642 4,1963
4,6749 4,7077
5,1823 5,2156
24 08:47
4,5821 4,6143
4,1636 4,1957
4,6742 4,7070
5,1823 5,2156
25 08:48
4,5817 4,6139
4,1631 4,1952
4,6733 4,7061
5,1824 5,2157
26 08:49
4,5822 4,6144
4,1626 4,1947
4,6736 4,7064
5,1818 5,2151
27 08:50
4,5818 4,6140
4,1630 4,1951
4,6734 4,7062
5,1820 5,2153
28 08:51
4,5819 4,6141
4,1633 4,1954
4,6733 4,7061
5,1809 5,2142
29 08:52
4,5822 4,6144
4,1630 4,1951
4,6724 4,7052
5,1815 5,2148
30 08:53
4,5823 4,6145
4,1614 4,1935
4,6717 4,7045
5,1816 5,2149
31 08:54
4,5826 4,6148
4,1616 4,1937
4,6723 4,7051
5,1832 5,2165
32 08:55
4,5827 4,6149
4,1617 4,1938
4,6729 4,7057
5,1823 5,2156
33 08:56
4,5819 4,6141
4,1612 4,1933
4,6727 4,7055
5,1812 5,2145
34 08:57
4,5818 4,6140
4,1611 4,1932
4,6724 4,7052
5,1814 5,2147
35 08:58
4,5828 4,6150
4,1624 4,1945
4,6739 4,7067
5,1831 5,2164
36 08:59
4,5830 4,6152
4,1639 4,1960
4,6747 4,7075
5,1834 5,2167
37 09:00
4,5831 4,6153
4,1634 4,1955
4,6748 4,7076
5,1825 5,2158
38 09:01
4,5831 4,6153
4,1632 4,1953
4,6742 4,7070
5,1832 5,2165
39 09:02
4,5831 4,6153
4,1638 4,1959
4,6752 4,7080
5,1834 5,2167
40 09:03
4,5829 4,6151
4,1634 4,1955
4,6750 4,7078
5,1838 5,2171
41 09:04
Definite connection error#======================
2023-4-26
# 1.EUR, 2.USD, 3.CHF, 4.GBP
Sell Price, Buy Price
1 09:06
4,5828 4,6150
4,1614 4,1935
4,6740 4,7068
5,1831 5,2163
2 09:07
4,5820 4,6142
4,1615 4,1936
4,6733 4,7061
5,1812 5,2144
3 09:08
4,5819 4,6141
4,1621 4,1942
4,6733 4,7061
5,1808 5,2140
4 09:09
4,5823 4,6145
4,1625 4,1946
4,6739 4,7067
5,1808 5,2140
5 09:10
4,5816 4,6138
4,1622 4,1943
4,6732 4,7060
5,1797 5,2129
6 09:11
4,5815 4,6139
4,1622 4,1943
4,6729 4,7058
5,1803 5,2135
7 09:12
4,5810 4,6134
4,1620 4,1941
4,6726 4,7055
5,1797 5,2129
8 09:13
4,5810 4,6134
4,1608 4,1929
4,6722 4,7051
5,1794 5,2126
9 09:14
4,5791 4,6115
4,1595 4,1916
4,6707 4,7036
5,1784 5,2116
10 09:15
4,5800 4,6124
4,1594 4,1915
4,6714 4,7043
5,1786 5,2118
11 09:16
4,5793 4,6115
4,1579 4,1900
4,6706 4,7035
5,1776 5,2108
12 09:17
4,5794 4,6116
4,1579 4,1900
4,6705 4,7034
5,1782 5,2114
13 09:18
4,5783 4,6105
4,1558 4,1879
4,6689 4,7018
5,1765 5,2097
14 09:19
4,5767 4,6089
4,1538 4,1859
4,6667 4,6996
5,1745 5,2077
15 09:20
4,5767 4,6089
4,1532 4,1853
4,6672 4,7001
5,1733 5,2065
16 09:21
4,5768 4,6090
4,1526 4,1847
4,6668 4,6996
5,1749 5,2081
17 09:22
4,5776 4,6098
4,1523 4,1844
4,6671 4,6999
5,1750 5,2082
18 09:23
4,5780 4,6102
4,1531 4,1852
4,6681 4,7009
5,1755 5,2087
19 09:24
4,5785 4,6107
4,1534 4,1855
4,6681 4,7009
5,1756 5,2088
20 09:25
4,5788 4,6110
4,1525 4,1846
4,6682 4,7010
5,1765 5,2097
21 09:26
4,5776 4,6098
4,1516 4,1837
4,6672 4,7001
5,1754 5,2086
22 09:27
4,5781 4,6103
4,1526 4,1847
4,6677 4,7006
5,1772 5,2104
23 09:28
4,5784 4,6106
4,1531 4,1852
4,6670 4,6999
5,1772 5,2104
24 09:29
4,5788 4,6110
4,1533 4,1854
4,6679 4,7008
5,1772 5,2104
25 09:30
4,5797 4,6119
4,1535 4,1856
4,6688 4,7017
5,1786 5,2118
26 09:31
4,5790 4,6112
4,1540 4,1861
4,6682 4,7011
5,1773 5,2105
27 09:32
4,5791 4,6113
4,1547 4,1868
4,6685 4,7014
5,1777 5,2109
28 09:33
4,5787 4,6109
4,1543 4,1864
4,6678 4,7007
5,1773 5,2105
29 09:34
4,5781 4,6103
4,1539 4,1860
4,6663 4,6992
5,1762 5,2094
30 09:35
4,5790 4,6112
4,1553 4,1874
4,6677 4,7006
5,1777 5,2109
31 09:36
4,5780 4,6102
4,1537 4,1858
4,6653 4,6982
5,1767 5,2099
32 09:37
4,5780 4,6102
4,1526 4,1847
4,6638 4,6967
5,1759 5,2091
33 09:38
4,5771 4,6093
4,1528 4,1849
4,6635 4,6964
5,1767 5,2099
34 09:39
4,5772 4,6094
4,1529 4,1850
4,6630 4,6959
5,1756 5,2088
35 09:40
4,5782 4,6104
4,1544 4,1865
4,6642 4,6971
5,1761 5,2093
36 09:41
4,5779 4,6101
4,1534 4,1855
4,6628 4,6957
5,1752 5,2084
37 09:42
4,5778 4,6100
4,1539 4,1860
4,6633 4,6962
5,1757 5,2089
38 09:43
4,5770 4,6092
4,1531 4,1852
4,6624 4,6953
5,1743 5,2075
39 09:44
4,5770 4,6092
4,1533 4,1854
4,6620 4,6949
5,1745 5,2077
40 09:45
4,5769 4,6091
4,1536 4,1857
4,6621 4,6950
5,1744 5,2076
41 09:46
4,5769 4,6091
4,1540 4,1861
4,6622 4,6951
5,1747 5,2079
42 09:47
4,5768 4,6090
4,1535 4,1856
4,6611 4,6940
5,1745 5,2077
43 09:48
4,5769 4,6091
4,1546 4,1867
4,6622 4,6951
5,1748 5,2080
44 09:49
4,5773 4,6095
4,1551 4,1872
4,6631 4,6960
5,1751 5,2083
45 09:50
4,5780 4,6102
4,1560 4,1881
4,6634 4,6963
5,1756 5,2088
46 09:51
4,5780 4,6102
4,1561 4,1882
4,6635 4,6964
5,1762 5,2094
47 09:52
4,5779 4,6101
4,1555 4,1876
4,6627 4,6956
5,1755 5,2087
48 09:53
4,5769 4,6091
4,1544 4,1865
4,6624 4,6953
5,1744 5,2076
49 09:54
4,5768 4,6090
4,1539 4,1860
4,6611 4,6940
5,1746 5,2078
50 09:55
4,5771 4,6093
4,1542 4,1863
4,6624 4,6953
5,1755 5,2087
51 09:56
4,5768 4,6090
4,1539 4,1860
4,6630 4,6958
5,1765 5,2098
52 09:57
4,5770 4,6092
4,1543 4,1864
4,6625 4,6953
5,1760 5,2093
53 09:58
4,5769 4,6091
4,1534 4,1855
4,6624 4,6952
5,1768 5,2101
54 09:59
4,5770 4,6092
4,1535 4,1856
4,6623 4,6951
5,1771 5,2104
55 10:00
4,5773 4,6095
4,1537 4,1858
4,6616 4,6944
5,1777 5,2110
56 10:01
4,5772 4,6094
4,1534 4,1855
4,6620 4,6949
5,1777 5,2110
57 10:02
4,5772 4,6094
4,1533 4,1854
4,6606 4,6935
5,1771 5,2104
58 10:03
4,5772 4,6094
4,1531 4,1852
4,6600 4,6929
5,1757 5,2090
59 10:04
4,5775 4,6097
4,1536 4,1857
4,6602 4,6931
5,1760 5,2093
60 10:05
4,5774 4,6096
4,1539 4,1860
4,6606 4,6935
5,1761 5,2094
61 10:06
4,5773 4,6095
4,1538 4,1859
4,6590 4,6919
5,1752 5,2085
62 10:07
4,5774 4,6096
4,1539 4,1860
4,6586 4,6915
5,1758 5,2091
63 10:08
4,5769 4,6091
4,1534 4,1855
4,6583 4,6912
5,1750 5,2083
64 10:09
4,5765 4,6087
4,1529 4,1850
4,6583 4,6912
5,1742 5,2075
65 10:10
4,5763 4,6085
4,1523 4,1844
4,6575 4,6904
5,1737 5,2070
66 10:11
4,5754 4,6076
4,1520 4,1841
4,6564 4,6893
5,1724 5,2057
67 10:12
4,5741 4,6063
4,1511 4,1832
4,6553 4,6882
5,1709 5,2042
68 10:13
4,5752 4,6074
4,1521 4,1842
4,6559 4,6888
5,1719 5,2052
69 10:14
4,5751 4,6073
4,1518 4,1839
4,6562 4,6891
5,1721 5,2054
70 10:15
4,5751 4,6073
4,1518 4,1839
4,6560 4,6889
5,1720 5,2053
71 10:16
4,5746 4,6068
4,1508 4,1829
4,6554 4,6883
5,1715 5,2048
72 10:17
4,5745 4,6067
4,1493 4,1814
4,6547 4,6876
5,1708 5,2041
73 10:18
4,5742 4,6064
4,1493 4,1814
4,6537 4,6866
5,1701 5,2034
74 10:19
4,5748 4,6070
4,1500 4,1821
4,6543 4,6872
5,1714 5,2047
75 10:20
4,5753 4,6075
4,1503 4,1824
4,6546 4,6875
5,1720 5,2053
76 10:21
4,5755 4,6077
4,1502 4,1823
4,6562 4,6891
5,1727 5,2059
77 10:22
4,5753 4,6075
4,1508 4,1829
4,6553 4,6882
5,1723 5,2055
78 10:23
4,5753 4,6075
4,1508 4,1829
4,6556 4,6885
5,1720 5,2052
79 10:24
4,5745 4,6067
4,1492 4,1813
4,6547 4,6876
5,1705 5,2037
80 10:25
4,5743 4,6065
4,1478 4,1799
4,6544 4,6873
5,1708 5,2040
81 10:26
4,5741 4,6063
4,1486 4,1807
4,6541 4,6870
5,1721 5,2054
82 10:27
4,5719 4,6041
4,1449 4,1770
4,6534 4,6848
5,1690 5,2023
83 10:28
4,5723 4,6045
4,1430 4,1751
4,6534 4,6845
5,1680 5,2013
84 10:29
4,5721 4,6043
4,1415 4,1736
4,6534 4,6845
5,1676 5,2009
85 10:30
4,5718 4,6040
4,1418 4,1739
4,6518 4,6847
5,1667 5,2000
86 10:31
4,5715 4,6037
4,1415 4,1736
4,6512 4,6841
5,1671 5,2003
87 10:32
4,5717 4,6039
4,1417 4,1738
4,6509 4,6838
5,1682 5,2014
88 10:33
4,5720 4,6042
4,1414 4,1735
4,6512 4,6841
5,1679 5,2011
89 10:34
4,5724 4,6046
4,1418 4,1739
4,6517 4,6846
5,1681 5,2013
90 10:35
4,5724 4,6046
4,1418 4,1739
4,6514 4,6843
5,1672 5,2004
91 10:36
4,5726 4,6048
4,1422 4,1743
4,6519 4,6848
5,1669 5,2002
92 10:37
4,5724 4,6046
4,1418 4,1739
4,6513 4,6842
5,1664 5,1997
93 10:38
4,5728 4,6050
4,1429 4,1750
4,6521 4,6850
5,1668 5,2001
94 10:39
4,5729 4,6051
4,1428 4,1749
4,6522 4,6851
5,1663 5,1996
95 10:40
4,5735 4,6057
4,1439 4,1760
4,6525 4,6854
5,1670 5,2003
96 10:41
4,5733 4,6055
4,1435 4,1756
4,6536 4,6865
5,1668 5,2000
97 10:42
4,5728 4,6050
4,1431 4,1752
4,6533 4,6862
5,1650 5,1982
98 10:43
4,5733 4,6055
4,1445 4,1766
4,6554 4,6883
5,1679 5,2011
99 10:44
4,5729 4,6051
4,1441 4,1762
4,6556 4,6885
5,1678 5,2010
100 10:45
4,5710 4,6032
4,1430 4,1751
4,6538 4,6867
5,1645 5,1977
101 10:46
4,5715 4,6037
4,1431 4,1752
4,6541 4,6869
5,1651 5,1983
102 10:47
4,5715 4,6037
4,1429 4,1750
4,6539 4,6867
5,1648 5,1980
103 10:48
4,5704 4,6026
4,1413 4,1734
4,6530 4,6858
5,1635 5,1967
104 10:49
4,5702 4,6024
4,1407 4,1728
4,6526 4,6854
5,1636 5,1968
105 10:50
4,5707 4,6029
4,1412 4,1733
4,6531 4,6859
5,1641 5,1973
106 10:51
4,5704 4,6026
4,1400 4,1721
4,6515 4,6844
5,1641 5,1973
107 10:52
4,5697 4,6019
4,1389 4,1710
4,6520 4,6849
5,1634 5,1966
108 10:53
4,5697 4,6019
4,1391 4,1712
4,6510 4,6839
5,1627 5,1959
109 10:54
4,5701 4,6023
4,1397 4,1718
4,6515 4,6844
5,1632 5,1964
110 10:55
4,5708 4,6030
4,1398 4,1719
4,6512 4,6841
5,1643 5,1975
111 10:56
4,5723 4,6045
4,1406 4,1727
4,6525 4,6854
5,1659 5,1991
112 10:57
4,5713 4,6035
4,1397 4,1718
4,6510 4,6839
5,1657 5,1989
113 10:58
4,5714 4,6036
4,1396 4,1717
4,6521 4,6850
5,1664 5,1996
114 10:59
4,5712 4,6034
4,1390 4,1711
4,6521 4,6850
5,1669 5,2001
115 11:00
4,5713 4,6035
4,1395 4,1716
4,6522 4,6851
5,1682 5,2014
116 11:01
4,5718 4,6040
4,1397 4,1718
4,6528 4,6857
5,1680 5,2012
117 11:02
4,5719 4,6041
4,1394 4,1715
4,6529 4,6858
5,1679 5,2011
118 11:03
4,5712 4,6034
4,1379 4,1700
4,6511 4,6840
5,1668 5,2000
119 11:04
4,5713 4,6035
4,1378 4,1699
4,6511 4,6840
5,1666 5,1998
120 11:05
4,5705 4,6027
4,1374 4,1695
4,6513 4,6842
5,1653 5,1985
121 11:06
4,5707 4,6029
4,1363 4,1684
4,6525 4,6854
5,1662 5,1994
122 11:07
4,5708 4,6030
4,1364 4,1685
4,6515 4,6844
5,1659 5,1991
123 11:08
4,5702 4,6024
4,1345 4,1666
4,6504 4,6833
5,1647 5,1979
124 11:09
4,5706 4,6028
4,1341 4,1662
4,6507 4,6836
5,1646 5,1978
125 11:10
4,5709 4,6031
4,1350 4,1671
4,6513 4,6842
5,1644 5,1976
126 11:11
4,5709 4,6031
4,1354 4,1675
4,6511 4,6840
5,1644 5,1976
127 11:12
4,5710 4,6032
4,1358 4,1679
4,6514 4,6843
5,1657 5,1989
128 11:13
4,5707 4,6029
4,1344 4,1665
4,6506 4,6835
5,1641 5,1973
129 11:14
4,5710 4,6032
4,1356 4,1677
4,6519 4,6848
5,1648 5,1980
130 11:15
4,5711 4,6033
4,1367 4,1688
4,6515 4,6844
5,1655 5,1987
131 11:16
4,5712 4,6035
4,1374 4,1695
4,6546 4,6875
5,1657 5,1989
132 11:17
4,5712 4,6035
4,1383 4,1704
4,6546 4,6875
5,1654 5,1986
133 11:18
4,5709 4,6032
4,1375 4,1696
4,6538 4,6867
5,1645 5,1977
134 11:19
4,5714 4,6037
4,1380 4,1701
4,6545 4,6874
5,1650 5,1982
135 11:20
4,5703 4,6026
4,1371 4,1692
4,6534 4,6863
5,1638 5,1970
136 11:21
4,5700 4,6022
4,1366 4,1687
4,6527 4,6856
5,1628 5,1960
137 11:22
4,5702 4,6024
4,1371 4,1692
4,6534 4,6863
5,1629 5,1961
138 11:23
4,5702 4,6024
4,1358 4,1679
4,6530 4,6859
5,1622 5,1954
139 11:24
4,5701 4,6023
4,1354 4,1675
4,6526 4,6855
5,1620 5,1952
140 11:25
4,5710 4,6032
4,1343 4,1664
4,6525 4,6854
5,1622 5,1954
141 11:26
4,5717 4,6039
4,1355 4,1676
4,6536 4,6865
5,1632 5,1964
142 11:27
4,5721 4,6043
4,1366 4,1687
4,6542 4,6871
5,1640 5,1972
143 11:28
4,5730 4,6052
4,1388 4,1709
4,6549 4,6878
5,1653 5,1985
144 11:29
4,5729 4,6051
4,1389 4,1710
4,6550 4,6879
5,1652 5,1984
145 11:30
4,5726 4,6048
4,1386 4,1707
4,6539 4,6868
5,1641 5,1973
146 11:31
4,5728 4,6050
4,1393 4,1714
4,6540 4,6869
5,1652 5,1984
147 11:32
4,5732 4,6054
4,1391 4,1712
4,6551 4,6880
5,1655 5,1987
148 11:33
4,5730 4,6052
4,1384 4,1705
4,6544 4,6873
5,1656 5,1988
149 11:34
4,5733 4,6055
4,1392 4,1713
4,6542 4,6871
5,1656 5,1988
150 11:35
4,5731 4,6053
4,1383 4,1704
4,6540 4,6869
5,1650 5,1982
151 11:36
4,5729 4,6051
4,1394 4,1715
4,6538 4,6867
5,1652 5,1984
152 11:37
4,5728 4,6050
4,1393 4,1714
4,6543 4,6872
5,1653 5,1985
153 11:38
4,5726 4,6048
4,1388 4,1709
4,6542 4,6871
5,1660 5,1992
154 11:39
4,5725 4,6047
4,1383 4,1704
4,6542 4,6871
5,1656 5,1988
155 11:40
4,5728 4,6050
4,1385 4,1706
4,6551 4,6880
5,1663 5,1995
156 11:41
4,5727 4,6049
4,1379 4,1700
4,6548 4,6877
5,1664 5,1996
157 11:42
4,5725 4,6047
4,1379 4,1700
4,6548 4,6877
5,1658 5,1990
158 11:43
4,5729 4,6051
4,1387 4,1708
4,6554 4,6883
5,1663 5,1995
159 11:44
4,5730 4,6052
4,1393 4,1714
4,6549 4,6878
5,1661 5,1993
160 11:45
4,5731 4,6053
4,1400 4,1721
4,6540 4,6869
5,1669 5,2001
161 11:46
4,5731 4,6053
4,1394 4,1715
4,6535 4,6864
5,1668 5,2000
162 11:47
4,5732 4,6054
4,1401 4,1722
4,6537 4,6866
5,1664 5,1996
163 11:48
4,5731 4,6053
4,1404 4,1725
4,6538 4,6867
5,1680 5,2012
164 11:49
4,5735 4,6057
4,1411 4,1732
4,6540 4,6869
5,1691 5,2023
165 11:50
4,5732 4,6054
4,1414 4,1735
4,6542 4,6871
5,1690 5,2022
166 11:51
4,5732 4,6054
4,1416 4,1737
4,6553 4,6882
5,1690 5,2022
167 11:52
4,5732 4,6054
4,1423 4,1744
4,6558 4,6887
5,1690 5,2022
168 11:53
4,5735 4,6057
4,1424 4,1745
4,6561 4,6890
5,1691 5,2023
169 11:54
4,5734 4,6056
4,1427 4,1748
4,6560 4,6889
5,1690 5,2022
170 11:55
4,5732 4,6054
4,1425 4,1746
4,6570 4,6899
5,1690 5,2022
171 11:56
4,5731 4,6053
4,1421 4,1742
4,6562 4,6891
5,1677 5,2009
172 11:57
4,5731 4,6053
4,1421 4,1742
4,6555 4,6884
5,1674 5,2006
173 11:58
4,5736 4,6058
4,1425 4,1746
4,6569 4,6898
5,1682 5,2014
174 11:59
4,5740 4,6062
4,1427 4,1748
4,6564 4,6893
5,1685 5,2017
175 12:00
4,5741 4,6063
4,1422 4,1743
4,6563 4,6892
5,1680 5,2012
176 12:01
4,5738 4,6060
4,1406 4,1727
4,6564 4,6893
5,1673 5,2005
177 12:02
4,5734 4,6056
4,1399 4,1720
4,6555 4,6884
5,1669 5,2001
178 12:03
4,5736 4,6058
4,1402 4,1723
4,6548 4,6877
5,1666 5,1998
179 12:04
4,5736 4,6058
4,1395 4,1716
4,6545 4,6874
5,1663 5,1995
180 12:05
4,5736 4,6058
4,1393 4,1714
4,6545 4,6874
5,1669 5,2001
181 12:06
4,5736 4,6058
4,1399 4,1720
4,6548 4,6877
5,1671 5,2003
182 12:07
4,5737 4,6059
4,1394 4,1715
4,6556 4,6885
5,1669 5,2001
183 12:08
4,5740 4,6062
4,1385 4,1706
4,6555 4,6884
5,1667 5,1999
184 12:09
4,5745 4,6067
4,1397 4,1718
4,6564 4,6893
5,1679 5,2011
185 12:10
4,5745 4,6067
4,1390 4,1711
4,6564 4,6893
5,1684 5,2016
186 12:11
4,5745 4,6067
4,1394 4,1715
4,6566 4,6895
5,1686 5,2018
187 12:12
4,5750 4,6072
4,1411 4,1732
4,6574 4,6903
5,1686 5,2018
188 12:13
4,5749 4,6071
4,1414 4,1735
4,6582 4,6911
5,1690 5,2022
189 12:14
4,5750 4,6072
4,1421 4,1742
4,6583 4,6912
5,1690 5,2022
190 12:15
4,5754 4,6076
4,1426 4,1747
4,6592 4,6921
5,1691 5,2023
191 12:16
4,5750 4,6072
4,1423 4,1744
4,6593 4,6921
5,1685 5,2017
192 12:17
4,5749 4,6071
4,1422 4,1743
4,6592 4,6920
5,1671 5,2003
193 12:18
4,5750 4,6072
4,1432 4,1753
4,6598 4,6926
5,1678 5,2010
194 12:19
4,5747 4,6069
4,1429 4,1750
4,6592 4,6920
5,1669 5,2001
195 12:20
4,5745 4,6067
4,1425 4,1746
4,6590 4,6918
5,1661 5,1993
196 12:21
4,5748 4,6070
4,1434 4,1755
4,6593 4,6922
5,1670 5,2002
197 12:22
4,5746 4,6068
4,1426 4,1747
4,6590 4,6919
5,1666 5,1998
198 12:23
4,5744 4,6066
4,1430 4,1751
4,6594 4,6923
5,1677 5,2009
199 12:24
4,5745 4,6067
4,1430 4,1751
4,6595 4,6924
5,1685 5,2017
200 12:25
4,5747 4,6069
4,1431 4,1752
4,6592 4,6921
5,1689 5,2021
201 12:26
4,5747 4,6070
4,1430 4,1751
4,6596 4,6925
5,1700 5,2032
202 12:27
4,5746 4,6069
4,1427 4,1748
4,6592 4,6921
5,1695 5,2027
203 12:28
4,5738 4,6061
4,1411 4,1732
4,6582 4,6911
5,1683 5,2015
204 12:29
4,5736 4,6059
4,1402 4,1723
4,6577 4,6906
5,1663 5,1995
205 12:30
4,5734 4,6057
4,1385 4,1706
4,6575 4,6904
5,1653 5,1985
206 12:31
4,5743 4,6065
4,1390 4,1711
4,6583 4,6912
5,1665 5,1997
207 12:32
4,5743 4,6065
4,1382 4,1703
4,6583 4,6912
5,1662 5,1994
208 12:33
4,5741 4,6063
4,1383 4,1704
4,6581 4,6910
5,1654 5,1986
209 12:34
4,5744 4,6066
4,1381 4,1702
4,6582 4,6911
5,1652 5,1984
210 12:35
4,5745 4,6067
4,1364 4,1685
4,6574 4,6903
5,1652 5,1984
211 12:36
4,5745 4,6067
4,1362 4,1683
4,6569 4,6898
5,1641 5,1973
212 12:37
4,5745 4,6067
4,1367 4,1688
4,6578 4,6907
5,1649 5,1981
213 12:38
4,5742 4,6064
4,1357 4,1678
4,6575 4,6904
5,1652 5,1984
214 12:39
4,5744 4,6066
4,1355 4,1676
4,6575 4,6904
5,1654 5,1986
215 12:40
4,5740 4,6062
4,1357 4,1678
4,6568 4,6897
5,1648 5,1980
216 12:41
4,5742 4,6064
4,1372 4,1693
4,6580 4,6908
5,1657 5,1989
217 12:42
4,5745 4,6067
4,1382 4,1703
4,6583 4,6911
5,1653 5,1985
218 12:43
4,5744 4,6066
4,1380 4,1701
4,6582 4,6910
5,1654 5,1986
219 12:44
4,5742 4,6064
4,1372 4,1693
4,6582 4,6910
5,1652 5,1984
220 12:45
4,5740 4,6062
4,1359 4,1680
4,6573 4,6901
5,1651 5,1983
221 12:46
4,5731 4,6053
4,1355 4,1676
4,6564 4,6892
5,1642 5,1974
222 12:47
4,5736 4,6058
4,1361 4,1682
4,6574 4,6902
5,1651 5,1983
223 12:48
4,5732 4,6054
4,1357 4,1678
4,6566 4,6894
5,1646 5,1978
224 12:49
4,5732 4,6054
4,1346 4,1667
4,6562 4,6890
5,1650 5,1982
225 12:50
4,5726 4,6048
4,1337 4,1658
4,6558 4,6886
5,1649 5,1981
226 12:51
4,5727 4,6049
4,1343 4,1664
4,6548 4,6877
5,1649 5,1981
227 12:52
4,5741 4,6063
4,1360 4,1681
4,6565 4,6894
5,1666 5,1998
228 12:53
4,5740 4,6062
4,1359 4,1680
4,6564 4,6893
5,1665 5,1997
229 12:54
4,5740 4,6062
4,1361 4,1682
4,6568 4,6897
5,1662 5,1994
230 12:55
4,5732 4,6054
4,1367 4,1688
4,6563 4,6892
5,1667 5,1999
231 12:56
4,5732 4,6055
4,1375 4,1696
4,6571 4,6900
5,1679 5,2011
232 12:57
4,5734 4,6057
4,1379 4,1700
4,6575 4,6904
5,1684 5,2016
233 12:58
4,5727 4,6050
4,1374 4,1695
4,6566 4,6895
5,1698 5,2030
234 12:59
4,5730 4,6053
4,1394 4,1715
4,6569 4,6898
5,1710 5,2042
235 13:00
4,5740 4,6063
4,1407 4,1728
4,6580 4,6909
5,1718 5,2050
236 13:01
4,5742 4,6064
4,1401 4,1723
4,6575 4,6903
5,1713 5,2045
237 13:02
4,5741 4,6063
4,1402 4,1724
4,6579 4,6907
5,1709 5,2041
238 13:03
4,5737 4,6059
4,1397 4,1719
4,6577 4,6905
5,1713 5,2045
239 13:04
4,5738 4,6060
4,1396 4,1718
4,6579 4,6907
5,1729 5,2061
240 13:05
4,5738 4,6060
4,1394 4,1716
4,6577 4,6905
5,1712 5,2044
241 13:06
4,5738 4,6060
4,1403 4,1725
4,6578 4,6906
5,1717 5,2049
242 13:07
4,5742 4,6064
4,1414 4,1736
4,6592 4,6920
5,1733 5,2065
243 13:08
4,5744 4,6066
4,1420 4,1742
4,6594 4,6922
5,1736 5,2068
244 13:09
4,5745 4,6067
4,1412 4,1734
4,6589 4,6917
5,1731 5,2063
245 13:10
4,5745 4,6067
4,1415 4,1737
4,6585 4,6913
5,1719 5,2051
246 13:11
4,5746 4,6068
4,1431 4,1753
4,6589 4,6917
5,1720 5,2052
247 13:12
4,5744 4,6066
4,1435 4,1757
4,6592 4,6920
5,1718 5,2050
248 13:13
4,5744 4,6066
4,1447 4,1769
4,6600 4,6928
5,1725 5,2057
249 13:14
4,5746 4,6068
4,1454 4,1776
4,6601 4,6929
5,1728 5,2060
250 13:15
4,5746 4,6068
4,1459 4,1781
4,6613 4,6941
5,1733 5,2065
251 13:16
4,5746 4,6067
4,1441 4,1763
4,6602 4,6930
5,1724 5,2056
252 13:17
4,5745 4,6066
4,1440 4,1762
4,6604 4,6932
5,1717 5,2049
253 13:18
4,5754 4,6075
4,1448 4,1770
4,6611 4,6939
5,1730 5,2062
254 13:19
4,5761 4,6082
4,1450 4,1772
4,6612 4,6940
5,1729 5,2061
255 13:20
4,5756 4,6077
4,1440 4,1762
4,6609 4,6937
5,1720 5,2052
256 13:21
4,5756 4,6078
4,1427 4,1749
4,6616 4,6945
5,1729 5,2061
257 13:22
4,5759 4,6081
4,1435 4,1757
4,6619 4,6948
5,1738 5,2070
258 13:23
4,5759 4,6081
4,1447 4,1769
4,6621 4,6950
5,1741 5,2073
259 13:24
4,5762 4,6084
4,1455 4,1777
4,6630 4,6959
5,1745 5,2077
260 13:25
4,5764 4,6086
4,1455 4,1777
4,6631 4,6960
5,1744 5,2076
261 13:26
4,5763 4,6085
4,1446 4,1768
4,6623 4,6951
5,1731 5,2063
262 13:27
4,5763 4,6085
4,1434 4,1756
4,6625 4,6953
5,1731 5,2063
263 13:28
4,5754 4,6076
4,1416 4,1738
4,6611 4,6939
5,1706 5,2038
264 13:29
4,5756 4,6078
4,1421 4,1743
4,6611 4,6939
5,1705 5,2037
265 13:30
4,5755 4,6077
4,1413 4,1735
4,6607 4,6935
5,1699 5,2031
266 13:31
4,5754 4,6076
4,1405 4,1727
4,6605 4,6933
5,1701 5,2033
267 13:32
4,5762 4,6084
4,1429 4,1751
4,6617 4,6945
5,1720 5,2052
268 13:33
4,5762 4,6084
4,1421 4,1743
4,6610 4,6938
5,1707 5,2039
269 13:34
4,5766 4,6088
4,1423 4,1745
4,6609 4,6937
5,1720 5,2052
270 13:35
4,5770 4,6092
4,1416 4,1738
4,6613 4,6941
5,1722 5,2054
271 13:36
4,5769 4,6091
4,1418 4,1740
4,6612 4,6940
5,1717 5,2049
272 13:37
4,5768 4,6090
4,1429 4,1751
4,6606 4,6934
5,1716 5,2048
273 13:38
4,5768 4,6090
4,1425 4,1747
4,6609 4,6937
5,1712 5,2044
274 13:39
4,5767 4,6089
4,1418 4,1740
4,6605 4,6933
5,1709 5,2041
275 13:40
4,5767 4,6089
4,1427 4,1749
4,6607 4,6935
5,1709 5,2041
276 13:41
4,5767 4,6088
4,1423 4,1745
4,6593 4,6921
5,1708 5,2040
277 13:42
4,5767 4,6088
4,1415 4,1737
4,6591 4,6919
5,1712 5,2044
278 13:43
4,5767 4,6088
4,1411 4,1733
4,6573 4,6901
5,1704 5,2036
279 13:44
4,5766 4,6087
4,1408 4,1730
4,6552 4,6880
5,1670 5,2002
280 13:45
4,5739 4,6060
4,1363 4,1685
4,6527 4,6855
5,1656 5,1988
281 13:46
4,5745 4,6066
4,1374 4,1696
4,6535 4,6863
5,1650 5,1982
282 13:47
4,5740 4,6061
4,1381 4,1703
4,6533 4,6861
5,1653 5,1985
283 13:48
4,5746 4,6067
4,1373 4,1695
4,6527 4,6855
5,1662 5,1994
284 13:49
4,5745 4,6066
4,1374 4,1696
4,6529 4,6857
5,1638 5,1970
285 13:50
4,5747 4,6068
4,1385 4,1707
4,6535 4,6863
5,1657 5,1989
286 13:51
4,5748 4,6069
4,1399 4,1721
4,6543 4,6871
5,1650 5,1982
287 13:52
4,5748 4,6069
4,1406 4,1728
4,6541 4,6869
5,1650 5,1982
288 13:53
4,5741 4,6062
4,1391 4,1713
4,6539 4,6867
5,1645 5,1977
289 13:54
4,5750 4,6071
4,1416 4,1738
4,6549 4,6877
5,1660 5,1992
290 13:55
4,5750 4,6071
4,1416 4,1738
4,6550 4,6878
5,1667 5,1999
291 13:56
4,5752 4,6074
4,1407 4,1729
4,6550 4,6879
5,1666 5,1998
292 13:57
4,5753 4,6075
4,1411 4,1733
4,6553 4,6882
5,1661 5,1993
293 13:58
4,5746 4,6068
4,1412 4,1734
4,6546 4,6875
5,1665 5,1997
294 13:59
4,5733 4,6055
4,1397 4,1719
4,6530 4,6859
5,1666 5,1998
295 14:00
4,5736 4,6058
4,1398 4,1720
4,6531 4,6860
5,1660 5,1992
296 14:01
4,5726 4,6048
4,1379 4,1701
4,6521 4,6849
5,1641 5,1973
297 14:02
4,5734 4,6056
4,1403 4,1725
4,6529 4,6857
5,1660 5,1992
298 14:03
4,5734 4,6056
4,1411 4,1733
4,6534 4,6862
5,1666 5,1998
299 14:04
4,5734 4,6056
4,1415 4,1737
4,6538 4,6866
5,1662 5,1994
300 14:05
4,5738 4,6060
4,1422 4,1744
4,6543 4,6871
5,1671 5,2003
301 14:06
4,5744 4,6067
4,1432 4,1754
4,6550 4,6879
5,1677 5,2009
302 14:07
4,5745 4,6068
4,1433 4,1755
4,6556 4,6885
5,1683 5,2015
303 14:08
4,5745 4,6068
4,1433 4,1755
4,6558 4,6887
5,1679 5,2011
304 14:09
4,5746 4,6069
4,1427 4,1749
4,6564 4,6893
5,1676 5,2008
305 14:10
4,5753 4,6076
4,1442 4,1764
4,6573 4,6902
5,1687 5,2019
306 14:11
4,5755 4,6077
4,1443 4,1765
4,6577 4,6906
5,1690 5,2022
307 14:12
4,5750 4,6072
4,1439 4,1761
4,6567 4,6896
5,1675 5,2007
308 14:13
4,5751 4,6073
4,1443 4,1765
4,6570 4,6899
5,1679 5,2011
309 14:14
4,5754 4,6076
4,1440 4,1762
4,6578 4,6907
5,1683 5,2015
310 14:15
4,5752 4,6074
4,1444 4,1766
4,6576 4,6905
5,1686 5,2018
311 14:16
4,5752 4,6074
4,1444 4,1766
4,6581 4,6909
5,1688 5,2020
312 14:17
4,5749 4,6071
4,1440 4,1762
4,6581 4,6909
5,1683 5,2015
313 14:18
4,5742 4,6064
4,1433 4,1755
4,6575 4,6903
5,1678 5,2010
314 14:19
4,5741 4,6063
4,1431 4,1753
4,6572 4,6900
5,1674 5,2006
315 14:45
4,5721 4,6043
4,1367 4,1689
4,6556 4,6885
5,1616 5,1948
316 14:46
4,5721 4,6043
4,1358 4,1680
4,6549 4,6877
5,1613 5,1945
317 14:47
4,5721 4,6043
4,1354 4,1676
4,6543 4,6871
5,1608 5,1940
318 14:48
4,5714 4,6036
4,1340 4,1662
4,6537 4,6865
5,1603 5,1935
319 14:49
4,5714 4,6036
4,1338 4,1660
4,6532 4,6860
5,1602 5,1934
320 14:50
4,5716 4,6038
4,1342 4,1664
4,6527 4,6855
5,1598 5,1930
321 14:51
4,5718 4,6040
4,1342 4,1664
4,6537 4,6865
5,1601 5,1933
322 14:52
4,5720 4,6042
4,1351 4,1673
4,6539 4,6867
5,1609 5,1941
323 14:53
4,5721 4,6043
4,1356 4,1678
4,6544 4,6872
5,1616 5,1948
324 14:54
4,5720 4,6042
4,1351 4,1673
4,6534 4,6862
5,1608 5,1940
325 14:55
4,5721 4,6043
4,1356 4,1678
4,6535 4,6863
5,1608 5,1940
326 14:56
4,5717 4,6039
4,1354 4,1676
4,6537 4,6865
5,1603 5,1935
327 14:57
4,5717 4,6039
4,1365 4,1687
4,6540 4,6868
5,1600 5,1932
328 14:58
4,5717 4,6039
4,1350 4,1672
4,6540 4,6868
5,1606 5,1938
329 14:59
4,5720 4,6042
4,1357 4,1679
4,6541 4,6869
5,1612 5,1944
330 15:00
4,5724 4,6046
4,1357 4,1679
4,6541 4,6869
5,1617 5,1949
331 15:01
4,5697 4,6019
4,1344 4,1666
4,6539 4,6867
5,1601 5,1933
332 15:13
4,5696 4,6018
4,1341 4,1663
4,6541 4,6869
5,1605 5,1937
333 15:14
4,5698 4,6020
4,1341 4,1663
4,6542 4,6870
5,1599 5,1931
334 15:15
4,5694 4,6016
4,1337 4,1659
4,6533 4,6861
5,1594 5,1926
335 15:16
4,5691 4,6013
4,1333 4,1655
4,6533 4,6861
5,1589 5,1921
336 15:17
4,5691 4,6013
4,1324 4,1646
4,6542 4,6870
5,1587 5,1919
337 15:18
4,5685 4,6007
4,1312 4,1634
4,6543 4,6871
5,1578 5,1910
338 15:19
4,5683 4,6005
4,1308 4,1630
4,6534 4,6862
5,1576 5,1908
339 15:20
4,5685 4,6007
4,1308 4,1630
4,6531 4,6859
5,1579 5,1911
340 15:21
4,5685 4,6007
4,1303 4,1625
4,6528 4,6856
5,1578 5,1910
341 15:22
4,5685 4,6007
4,1275 4,1597
4,6520 4,6848
5,1556 5,1888
342 15:25
4,5662 4,5984
4,1149 4,1471
4,6458 4,6786
5,1497 5,1829
343 15:26
4,5666 4,5988
4,1171 4,1493
4,6465 4,6793
5,1540 5,1872
344 15:27
4,5671 4,5993
4,1173 4,1495
4,6472 4,6800
5,1548 5,1880
345 15:28
4,5675 4,5997
4,1187 4,1509
4,6493 4,6821
5,1524 5,1856
346 15:29
4,5678 4,6000
4,1173 4,1495
4,6505 4,6833
5,1530 5,1862
347 15:30
4,5685 4,6007
4,1196 4,1518
4,6522 4,6850
5,1536 5,1868
