#======================
2023-7-2
# 1.EUR, 2.USD, 3.CHF, 4.GBP
Sell Price, Buy Price
1 11:33
4,3823 4,4785
4,0120 4,1148
4,5069 4,5813
5,1080 5,2110
2 11:34
4,3823 4,4785
4,0120 4,1148
4,5069 4,5813
5,1080 5,2110
3 11:35
4,3823 4,4785
4,0120 4,1148
4,5069 4,5813
5,1080 5,2110
4 11:36
4,3823 4,4785
4,0120 4,1148
4,5069 4,5813
5,1080 5,2110
5 11:37
4,3823 4,4785
4,0120 4,1148
4,5069 4,5813
5,1080 5,2110
6 11:38
4,3823 4,4785
4,0120 4,1148
4,5069 4,5813
5,1080 5,2110
7 11:39
4,3823 4,4785
4,0120 4,1148
4,5069 4,5813
5,1080 5,2110
8 11:40
4,3823 4,4785
4,0120 4,1148
4,5069 4,5813
5,1080 5,2110
9 11:41
4,3823 4,4785
4,0120 4,1148
4,5069 4,5813
5,1080 5,2110
10 11:42
4,3823 4,4785
4,0120 4,1148
4,5069 4,5813
5,1080 5,2110
11 11:43
4,3823 4,4785
4,0120 4,1148
4,5069 4,5813
5,1080 5,2110
12 11:44
4,3823 4,4785
4,0120 4,1148
4,5069 4,5813
5,1080 5,2110
13 11:45
4,3823 4,4785
4,0120 4,1148
4,5069 4,5813
5,1080 5,2110
14 11:46
4,3823 4,4785
4,0120 4,1148
4,5069 4,5813
5,1080 5,2110
15 11:47
4,3823 4,4785
4,0120 4,1148
4,5069 4,5813
5,1080 5,2110
16 11:48
4,3823 4,4785
4,0120 4,1148
4,5069 4,5813
5,1080 5,2110
17 11:49
4,3823 4,4785
4,0120 4,1148
4,5069 4,5813
5,1080 5,2110
18 11:50
4,3823 4,4785
4,0120 4,1148
4,5069 4,5813
5,1080 5,2110
19 11:51
4,3823 4,4785
4,0120 4,1148
4,5069 4,5813
5,1080 5,2110
20 11:52
4,3823 4,4785
4,0120 4,1148
4,5069 4,5813
5,1080 5,2110
21 11:53
4,3823 4,4785
4,0120 4,1148
4,5069 4,5813
5,1080 5,2110
22 11:54
4,3823 4,4785
4,0120 4,1148
4,5069 4,5813
5,1080 5,2110
23 11:55
4,3823 4,4785
4,0120 4,1148
4,5069 4,5813
5,1080 5,2110
24 11:56
4,3823 4,4785
4,0120 4,1148
4,5069 4,5813
5,1080 5,2110
25 11:57
4,3823 4,4785
4,0120 4,1148
4,5069 4,5813
5,1080 5,2110
26 11:58
4,3823 4,4785
4,0120 4,1148
4,5069 4,5813
5,1080 5,2110
27 11:59
4,3823 4,4785
4,0120 4,1148
4,5069 4,5813
5,1080 5,2110
28 12:00
4,3823 4,4785
4,0120 4,1148
4,5069 4,5813
5,1080 5,2110
29 12:01
4,3823 4,4785
4,0120 4,1148
4,5069 4,5813
5,1080 5,2110
30 12:02
4,3823 4,4785
4,0120 4,1148
4,5069 4,5813
5,1080 5,2110
31 12:03
4,3823 4,4785
4,0120 4,1148
4,5069 4,5813
5,1080 5,2110
32 12:04
4,3823 4,4785
4,0120 4,1148
4,5069 4,5813
5,1080 5,2110
33 12:05
4,3823 4,4785
4,0120 4,1148
4,5069 4,5813
5,1080 5,2110
34 12:06
4,3823 4,4785
4,0120 4,1148
4,5069 4,5813
5,1080 5,2110
35 12:07
4,3823 4,4785
4,0120 4,1148
4,5069 4,5813
5,1080 5,2110
36 12:08
4,3823 4,4785
4,0120 4,1148
4,5069 4,5813
5,1080 5,2110
37 12:09
4,3823 4,4785
4,0120 4,1148
4,5069 4,5813
5,1080 5,2110
38 12:10
4,3823 4,4785
4,0120 4,1148
4,5069 4,5813
5,1080 5,2110
39 12:11
4,3823 4,4785
4,0120 4,1148
4,5069 4,5813
5,1080 5,2110
40 12:12
4,3823 4,4785
4,0120 4,1148
4,5069 4,5813
5,1080 5,2110
41 12:13
4,3823 4,4785
4,0120 4,1148
4,5069 4,5813
5,1080 5,2110
42 12:14
4,3823 4,4785
4,0120 4,1148
4,5069 4,5813
5,1080 5,2110
43 12:15
4,3823 4,4785
4,0120 4,1148
4,5069 4,5813
5,1080 5,2110
44 12:16
4,3823 4,4785
4,0120 4,1148
4,5069 4,5813
5,1080 5,2110
45 12:17
4,3823 4,4785
4,0120 4,1148
4,5069 4,5813
5,1080 5,2110
46 12:18
4,3823 4,4785
4,0120 4,1148
4,5069 4,5813
5,1080 5,2110
47 12:19
4,3823 4,4785
4,0120 4,1148
4,5069 4,5813
5,1080 5,2110
48 12:20
4,3823 4,4785
4,0120 4,1148
4,5069 4,5813
5,1080 5,2110
49 12:21
4,3823 4,4785
4,0120 4,1148
4,5069 4,5813
5,1080 5,2110
50 12:22
4,3823 4,4785
4,0120 4,1148
4,5069 4,5813
5,1080 5,2110
51 12:23
4,3823 4,4785
4,0120 4,1148
4,5069 4,5813
5,1080 5,2110
52 12:24
4,3823 4,4785
4,0120 4,1148
4,5069 4,5813
5,1080 5,2110
53 12:25
4,3823 4,4785
4,0120 4,1148
4,5069 4,5813
5,1080 5,2110
54 12:26
4,3823 4,4785
4,0120 4,1148
4,5069 4,5813
5,1080 5,2110
55 12:27
4,3823 4,4785
4,0120 4,1148
4,5069 4,5813
5,1080 5,2110
56 12:28
4,3823 4,4785
4,0120 4,1148
4,5069 4,5813
5,1080 5,2110
57 12:29
4,3823 4,4785
4,0120 4,1148
4,5069 4,5813
5,1080 5,2110
58 12:30
4,3823 4,4785
4,0120 4,1148
4,5069 4,5813
5,1080 5,2110
59 12:31
4,3823 4,4785
4,0120 4,1148
4,5069 4,5813
5,1080 5,2110
60 12:32
4,3823 4,4785
4,0120 4,1148
4,5069 4,5813
5,1080 5,2110
61 12:33
4,3823 4,4785
4,0120 4,1148
4,5069 4,5813
5,1080 5,2110
62 12:34
4,3823 4,4785
4,0120 4,1148
4,5069 4,5813
5,1080 5,2110
63 12:35
4,3823 4,4785
4,0120 4,1148
4,5069 4,5813
5,1080 5,2110
64 12:36
4,3823 4,4785
4,0120 4,1148
4,5069 4,5813
5,1080 5,2110
65 12:37
4,3823 4,4785
4,0120 4,1148
4,5069 4,5813
5,1080 5,2110
66 12:38
4,3823 4,4785
4,0120 4,1148
4,5069 4,5813
5,1080 5,2110
67 12:39
4,3823 4,4785
4,0120 4,1148
4,5069 4,5813
5,1080 5,2110
68 12:40
4,3823 4,4785
4,0120 4,1148
4,5069 4,5813
5,1080 5,2110
69 12:41
4,3823 4,4785
4,0120 4,1148
4,5069 4,5813
5,1080 5,2110
70 12:42
4,3823 4,4785
4,0120 4,1148
4,5069 4,5813
5,1080 5,2110
71 12:43
4,3823 4,4785
4,0120 4,1148
4,5069 4,5813
5,1080 5,2110
72 12:44
4,3823 4,4785
4,0120 4,1148
4,5069 4,5813
5,1080 5,2110
73 12:45
4,3823 4,4785
4,0120 4,1148
4,5069 4,5813
5,1080 5,2110
74 12:46
4,3823 4,4785
4,0120 4,1148
4,5069 4,5813
5,1080 5,2110
75 12:47
4,3823 4,4785
4,0120 4,1148
4,5069 4,5813
5,1080 5,2110
76 12:48
4,3823 4,4785
4,0120 4,1148
4,5069 4,5813
5,1080 5,2110
77 12:49
4,3823 4,4785
4,0120 4,1148
4,5069 4,5813
5,1080 5,2110
78 12:50
4,3823 4,4785
4,0120 4,1148
4,5069 4,5813
5,1080 5,2110
79 12:51
4,3823 4,4785
4,0120 4,1148
4,5069 4,5813
5,1080 5,2110
80 12:52
4,3823 4,4785
4,0120 4,1148
4,5069 4,5813
5,1080 5,2110
81 12:53
4,3823 4,4785
4,0120 4,1148
4,5069 4,5813
5,1080 5,2110
82 12:54
4,3823 4,4785
4,0120 4,1148
4,5069 4,5813
5,1080 5,2110
83 12:55
4,3823 4,4785
4,0120 4,1148
4,5069 4,5813
5,1080 5,2110
84 12:56
4,3823 4,4785
4,0120 4,1148
4,5069 4,5813
5,1080 5,2110
85 12:57
4,3823 4,4785
4,0120 4,1148
4,5069 4,5813
5,1080 5,2110
86 12:58
4,3823 4,4785
4,0120 4,1148
4,5069 4,5813
5,1080 5,2110
87 12:59
4,3823 4,4785
4,0120 4,1148
4,5069 4,5813
5,1080 5,2110
88 13:00
4,3823 4,4785
4,0120 4,1148
4,5069 4,5813
5,1080 5,2110
89 13:01
4,3823 4,4785
4,0120 4,1148
4,5069 4,5813
5,1080 5,2110
90 13:02
4,3823 4,4785
4,0120 4,1148
4,5069 4,5813
5,1080 5,2110
91 13:03
4,3823 4,4785
4,0120 4,1148
4,5069 4,5813
5,1080 5,2110
92 13:04
4,3823 4,4785
4,0120 4,1148
4,5069 4,5813
5,1080 5,2110
93 13:05
4,3823 4,4785
4,0120 4,1148
4,5069 4,5813
5,1080 5,2110
94 13:06
4,3823 4,4785
4,0120 4,1148
4,5069 4,5813
5,1080 5,2110
95 13:07
4,3823 4,4785
4,0120 4,1148
4,5069 4,5813
5,1080 5,2110
96 13:08
4,3823 4,4785
4,0120 4,1148
4,5069 4,5813
5,1080 5,2110
97 13:09
4,3823 4,4785
4,0120 4,1148
4,5069 4,5813
5,1080 5,2110
98 13:10
4,3823 4,4785
4,0120 4,1148
4,5069 4,5813
5,1080 5,2110
99 13:11
4,3823 4,4785
4,0120 4,1148
4,5069 4,5813
5,1080 5,2110
100 13:12
4,3823 4,4785
4,0120 4,1148
4,5069 4,5813
5,1080 5,2110
101 13:13
4,3823 4,4785
4,0120 4,1148
4,5069 4,5813
5,1080 5,2110
102 13:14
4,3823 4,4785
4,0120 4,1148
4,5069 4,5813
5,1080 5,2110
103 13:15
4,3823 4,4785
4,0120 4,1148
4,5069 4,5813
5,1080 5,2110
104 13:16
4,3823 4,4785
4,0120 4,1148
4,5069 4,5813
5,1080 5,2110
105 13:17
4,3823 4,4785
4,0120 4,1148
4,5069 4,5813
5,1080 5,2110
106 13:18
4,3823 4,4785
4,0120 4,1148
4,5069 4,5813
5,1080 5,2110
107 13:19
4,3823 4,4785
4,0120 4,1148
4,5069 4,5813
5,1080 5,2110
108 13:20
4,3823 4,4785
4,0120 4,1148
4,5069 4,5813
5,1080 5,2110
109 13:21
4,3823 4,4785
4,0120 4,1148
4,5069 4,5813
5,1080 5,2110
110 13:22
4,3823 4,4785
4,0120 4,1148
4,5069 4,5813
5,1080 5,2110
111 13:23
4,3823 4,4785
4,0120 4,1148
4,5069 4,5813
5,1080 5,2110
112 13:24
4,3823 4,4785
4,0120 4,1148
4,5069 4,5813
5,1080 5,2110
113 13:25
4,3823 4,4785
4,0120 4,1148
4,5069 4,5813
5,1080 5,2110
114 13:26
4,3823 4,4785
4,0120 4,1148
4,5069 4,5813
5,1080 5,2110
115 13:27
4,3823 4,4785
4,0120 4,1148
4,5069 4,5813
5,1080 5,2110
116 13:28
4,3823 4,4785
4,0120 4,1148
4,5069 4,5813
5,1080 5,2110
117 13:29
4,3823 4,4785
4,0120 4,1148
4,5069 4,5813
5,1080 5,2110
118 13:30
4,3823 4,4785
4,0120 4,1148
4,5069 4,5813
5,1080 5,2110
119 13:31
4,3823 4,4785
4,0120 4,1148
4,5069 4,5813
5,1080 5,2110
120 13:32
4,3823 4,4785
4,0120 4,1148
4,5069 4,5813
5,1080 5,2110
121 13:33
4,3823 4,4785
4,0120 4,1148
4,5069 4,5813
5,1080 5,2110
122 13:34
4,3823 4,4785
4,0120 4,1148
4,5069 4,5813
5,1080 5,2110
123 13:35
4,3823 4,4785
4,0120 4,1148
4,5069 4,5813
5,1080 5,2110
124 13:36
4,3823 4,4785
4,0120 4,1148
4,5069 4,5813
5,1080 5,2110
125 13:37
4,3823 4,4785
4,0120 4,1148
4,5069 4,5813
5,1080 5,2110
126 13:38
4,3823 4,4785
4,0120 4,1148
4,5069 4,5813
5,1080 5,2110
127 13:39
4,3823 4,4785
4,0120 4,1148
4,5069 4,5813
5,1080 5,2110
128 13:40
4,3823 4,4785
4,0120 4,1148
4,5069 4,5813
5,1080 5,2110
129 13:41
4,3823 4,4785
4,0120 4,1148
4,5069 4,5813
5,1080 5,2110
130 13:42
4,3823 4,4785
4,0120 4,1148
4,5069 4,5813
5,1080 5,2110
131 13:43
4,3823 4,4785
4,0120 4,1148
4,5069 4,5813
5,1080 5,2110
132 13:44
4,3823 4,4785
4,0120 4,1148
4,5069 4,5813
5,1080 5,2110
133 13:45
4,3823 4,4785
4,0120 4,1148
4,5069 4,5813
5,1080 5,2110
134 13:46
4,3823 4,4785
4,0120 4,1148
4,5069 4,5813
5,1080 5,2110
135 13:47
4,3823 4,4785
4,0120 4,1148
4,5069 4,5813
5,1080 5,2110
136 13:48
4,3823 4,4785
4,0120 4,1148
4,5069 4,5813
5,1080 5,2110
137 13:49
4,3823 4,4785
4,0120 4,1148
4,5069 4,5813
5,1080 5,2110
138 13:50
4,3823 4,4785
4,0120 4,1148
4,5069 4,5813
5,1080 5,2110
139 13:51
4,3823 4,4785
4,0120 4,1148
4,5069 4,5813
5,1080 5,2110
140 13:52
4,3823 4,4785
4,0120 4,1148
4,5069 4,5813
5,1080 5,2110
141 13:53
4,3823 4,4785
4,0120 4,1148
4,5069 4,5813
5,1080 5,2110
142 13:54
4,3823 4,4785
4,0120 4,1148
4,5069 4,5813
5,1080 5,2110
143 13:55
4,3823 4,4785
4,0120 4,1148
4,5069 4,5813
5,1080 5,2110
144 13:56
4,3823 4,4785
4,0120 4,1148
4,5069 4,5813
5,1080 5,2110
145 13:57
4,3823 4,4785
4,0120 4,1148
4,5069 4,5813
5,1080 5,2110
146 13:58
4,3823 4,4785
4,0120 4,1148
4,5069 4,5813
5,1080 5,2110
147 13:59
4,3823 4,4785
4,0120 4,1148
4,5069 4,5813
5,1080 5,2110
148 14:00
4,3823 4,4785
4,0120 4,1148
4,5069 4,5813
5,1080 5,2110
149 14:01
4,3823 4,4785
4,0120 4,1148
4,5069 4,5813
5,1080 5,2110
150 14:02
4,3823 4,4785
4,0120 4,1148
4,5069 4,5813
5,1080 5,2110
151 14:03
4,3823 4,4785
4,0120 4,1148
4,5069 4,5813
5,1080 5,2110
152 14:04
4,3823 4,4785
4,0120 4,1148
4,5069 4,5813
5,1080 5,2110
153 14:05
4,3823 4,4785
4,0120 4,1148
4,5069 4,5813
5,1080 5,2110
154 14:06
4,3823 4,4785
4,0120 4,1148
4,5069 4,5813
5,1080 5,2110
155 14:07
4,3823 4,4785
4,0120 4,1148
4,5069 4,5813
5,1080 5,2110
156 14:08
4,3823 4,4785
4,0120 4,1148
4,5069 4,5813
5,1080 5,2110
157 14:09
4,3823 4,4785
4,0120 4,1148
4,5069 4,5813
5,1080 5,2110
158 14:10
4,3823 4,4785
4,0120 4,1148
4,5069 4,5813
5,1080 5,2110
159 14:11
4,3823 4,4785
4,0120 4,1148
4,5069 4,5813
5,1080 5,2110
160 14:12
4,3823 4,4785
4,0120 4,1148
4,5069 4,5813
5,1080 5,2110
161 14:13
4,3823 4,4785
4,0120 4,1148
4,5069 4,5813
5,1080 5,2110
162 14:14
4,3823 4,4785
4,0120 4,1148
4,5069 4,5813
5,1080 5,2110
163 14:15
4,3823 4,4785
4,0120 4,1148
4,5069 4,5813
5,1080 5,2110
164 14:16
4,3823 4,4785
4,0120 4,1148
4,5069 4,5813
5,1080 5,2110
165 14:17
4,3823 4,4785
4,0120 4,1148
4,5069 4,5813
5,1080 5,2110
166 14:18
4,3823 4,4785
4,0120 4,1148
4,5069 4,5813
5,1080 5,2110
167 14:19
4,3823 4,4785
4,0120 4,1148
4,5069 4,5813
5,1080 5,2110
168 14:20
4,3823 4,4785
4,0120 4,1148
4,5069 4,5813
5,1080 5,2110
169 14:21
4,3823 4,4785
4,0120 4,1148
4,5069 4,5813
5,1080 5,2110
170 14:22
4,3823 4,4785
4,0120 4,1148
4,5069 4,5813
5,1080 5,2110
171 14:23
4,3823 4,4785
4,0120 4,1148
4,5069 4,5813
5,1080 5,2110
172 14:24
4,3823 4,4785
4,0120 4,1148
4,5069 4,5813
5,1080 5,2110
173 14:25
4,3823 4,4785
4,0120 4,1148
4,5069 4,5813
5,1080 5,2110
174 14:26
4,3823 4,4785
4,0120 4,1148
4,5069 4,5813
5,1080 5,2110
175 14:27
4,3823 4,4785
4,0120 4,1148
4,5069 4,5813
5,1080 5,2110
176 14:28
4,3823 4,4785
4,0120 4,1148
4,5069 4,5813
5,1080 5,2110
177 14:29
4,3823 4,4785
4,0120 4,1148
4,5069 4,5813
5,1080 5,2110
178 14:30
4,3823 4,4785
4,0120 4,1148
4,5069 4,5813
5,1080 5,2110
179 14:31
4,3823 4,4785
4,0120 4,1148
4,5069 4,5813
5,1080 5,2110
180 14:32
4,3823 4,4785
4,0120 4,1148
4,5069 4,5813
5,1080 5,2110
181 14:33
4,3823 4,4785
4,0120 4,1148
4,5069 4,5813
5,1080 5,2110
182 14:34
4,3823 4,4785
4,0120 4,1148
4,5069 4,5813
5,1080 5,2110
183 14:35
4,3823 4,4785
4,0120 4,1148
4,5069 4,5813
5,1080 5,2110
184 14:36
4,3823 4,4785
4,0120 4,1148
4,5069 4,5813
5,1080 5,2110
185 14:37
4,3823 4,4785
4,0120 4,1148
4,5069 4,5813
5,1080 5,2110
186 14:38
4,3823 4,4785
4,0120 4,1148
4,5069 4,5813
5,1080 5,2110
187 14:39
4,3823 4,4785
4,0120 4,1148
4,5069 4,5813
5,1080 5,2110
188 14:40
4,3823 4,4785
4,0120 4,1148
4,5069 4,5813
5,1080 5,2110
189 14:41
4,3823 4,4785
4,0120 4,1148
4,5069 4,5813
5,1080 5,2110
190 14:42
4,3823 4,4785
4,0120 4,1148
4,5069 4,5813
5,1080 5,2110
191 14:43
4,3823 4,4785
4,0120 4,1148
4,5069 4,5813
5,1080 5,2110
192 14:44
4,3823 4,4785
4,0120 4,1148
4,5069 4,5813
5,1080 5,2110
193 14:45
4,3823 4,4785
4,0120 4,1148
4,5069 4,5813
5,1080 5,2110
194 14:46
4,3823 4,4785
4,0120 4,1148
4,5069 4,5813
5,1080 5,2110
195 14:47
4,3823 4,4785
4,0120 4,1148
4,5069 4,5813
5,1080 5,2110
196 14:48
4,3823 4,4785
4,0120 4,1148
4,5069 4,5813
5,1080 5,2110
197 14:49
4,3823 4,4785
4,0120 4,1148
4,5069 4,5813
5,1080 5,2110
198 14:50
4,3823 4,4785
4,0120 4,1148
4,5069 4,5813
5,1080 5,2110
199 14:51
4,3823 4,4785
4,0120 4,1148
4,5069 4,5813
5,1080 5,2110
200 14:52
4,3823 4,4785
4,0120 4,1148
4,5069 4,5813
5,1080 5,2110
201 14:53
4,3823 4,4785
4,0120 4,1148
4,5069 4,5813
5,1080 5,2110
202 14:54
4,3823 4,4785
4,0120 4,1148
4,5069 4,5813
5,1080 5,2110
203 14:55
4,3823 4,4785
4,0120 4,1148
4,5069 4,5813
5,1080 5,2110
204 14:56
4,3823 4,4785
4,0120 4,1148
4,5069 4,5813
5,1080 5,2110
205 14:57
4,3823 4,4785
4,0120 4,1148
4,5069 4,5813
5,1080 5,2110
206 14:58
4,3823 4,4785
4,0120 4,1148
4,5069 4,5813
5,1080 5,2110
207 14:59
4,3823 4,4785
4,0120 4,1148
4,5069 4,5813
5,1080 5,2110
208 15:00
4,3823 4,4785
4,0120 4,1148
4,5069 4,5813
5,1080 5,2110
209 15:01
4,3823 4,4785
4,0120 4,1148
4,5069 4,5813
5,1080 5,2110
210 15:02
4,3823 4,4785
4,0120 4,1148
4,5069 4,5813
5,1080 5,2110
211 15:03
4,3823 4,4785
4,0120 4,1148
4,5069 4,5813
5,1080 5,2110
212 15:04
4,3823 4,4785
4,0120 4,1148
4,5069 4,5813
5,1080 5,2110
213 15:05
4,3823 4,4785
4,0120 4,1148
4,5069 4,5813
5,1080 5,2110
214 15:06
4,3823 4,4785
4,0120 4,1148
4,5069 4,5813
5,1080 5,2110
215 15:07
4,3823 4,4785
4,0120 4,1148
4,5069 4,5813
5,1080 5,2110
216 15:08
4,3823 4,4785
4,0120 4,1148
4,5069 4,5813
5,1080 5,2110
217 15:09
4,3823 4,4785
4,0120 4,1148
4,5069 4,5813
5,1080 5,2110
218 15:10
4,3823 4,4785
4,0120 4,1148
4,5069 4,5813
5,1080 5,2110
219 15:11
4,3823 4,4785
4,0120 4,1148
4,5069 4,5813
5,1080 5,2110
220 15:12
4,3823 4,4785
4,0120 4,1148
4,5069 4,5813
5,1080 5,2110
221 15:13
4,3823 4,4785
4,0120 4,1148
4,5069 4,5813
5,1080 5,2110
222 15:14
4,3823 4,4785
4,0120 4,1148
4,5069 4,5813
5,1080 5,2110
223 15:15
4,3823 4,4785
4,0120 4,1148
4,5069 4,5813
5,1080 5,2110
224 15:16
4,3823 4,4785
4,0120 4,1148
4,5069 4,5813
5,1080 5,2110
225 15:17
4,3823 4,4785
4,0120 4,1148
4,5069 4,5813
5,1080 5,2110
226 15:18
4,3823 4,4785
4,0120 4,1148
4,5069 4,5813
5,1080 5,2110
227 15:19
4,3823 4,4785
4,0120 4,1148
4,5069 4,5813
5,1080 5,2110
228 15:20
4,3823 4,4785
4,0120 4,1148
4,5069 4,5813
5,1080 5,2110
229 15:21
4,3823 4,4785
4,0120 4,1148
4,5069 4,5813
5,1080 5,2110
230 15:22
4,3823 4,4785
4,0120 4,1148
4,5069 4,5813
5,1080 5,2110
231 15:23
4,3823 4,4785
4,0120 4,1148
4,5069 4,5813
5,1080 5,2110
232 15:24
4,3823 4,4785
4,0120 4,1148
4,5069 4,5813
5,1080 5,2110
233 15:25
4,3823 4,4785
4,0120 4,1148
4,5069 4,5813
5,1080 5,2110
234 15:26
4,3823 4,4785
4,0120 4,1148
4,5069 4,5813
5,1080 5,2110
235 15:27
4,3823 4,4785
4,0120 4,1148
4,5069 4,5813
5,1080 5,2110
236 15:28
4,3823 4,4785
4,0120 4,1148
4,5069 4,5813
5,1080 5,2110
237 15:29
4,3823 4,4785
4,0120 4,1148
4,5069 4,5813
5,1080 5,2110
238 15:30
4,3823 4,4785
4,0120 4,1148
4,5069 4,5813
5,1080 5,2110
239 15:31
4,3823 4,4785
4,0120 4,1148
4,5069 4,5813
5,1080 5,2110
240 15:32
4,3823 4,4785
4,0120 4,1148
4,5069 4,5813
5,1080 5,2110
241 15:33
4,3823 4,4785
4,0120 4,1148
4,5069 4,5813
5,1080 5,2110
242 15:34
4,3823 4,4785
4,0120 4,1148
4,5069 4,5813
5,1080 5,2110
243 15:35
4,3823 4,4785
4,0120 4,1148
4,5069 4,5813
5,1080 5,2110
244 15:36
4,3823 4,4785
4,0120 4,1148
4,5069 4,5813
5,1080 5,2110
245 15:37
4,3823 4,4785
4,0120 4,1148
4,5069 4,5813
5,1080 5,2110
246 15:38
4,3823 4,4785
4,0120 4,1148
4,5069 4,5813
5,1080 5,2110
247 15:39
4,3823 4,4785
4,0120 4,1148
4,5069 4,5813
5,1080 5,2110
248 15:40
4,3823 4,4785
4,0120 4,1148
4,5069 4,5813
5,1080 5,2110
249 15:41
4,3823 4,4785
4,0120 4,1148
4,5069 4,5813
5,1080 5,2110
250 15:42
4,3823 4,4785
4,0120 4,1148
4,5069 4,5813
5,1080 5,2110
251 15:43
4,3823 4,4785
4,0120 4,1148
4,5069 4,5813
5,1080 5,2110
252 15:44
4,3823 4,4785
4,0120 4,1148
4,5069 4,5813
5,1080 5,2110
253 15:45
4,3823 4,4785
4,0120 4,1148
4,5069 4,5813
5,1080 5,2110
254 15:46
4,3823 4,4785
4,0120 4,1148
4,5069 4,5813
5,1080 5,2110
255 15:47
4,3823 4,4785
4,0120 4,1148
4,5069 4,5813
5,1080 5,2110
256 15:48
4,3823 4,4785
4,0120 4,1148
4,5069 4,5813
5,1080 5,2110
257 15:49
4,3823 4,4785
4,0120 4,1148
4,5069 4,5813
5,1080 5,2110
258 15:50
4,3823 4,4785
4,0120 4,1148
4,5069 4,5813
5,1080 5,2110
259 15:51
4,3823 4,4785
4,0120 4,1148
4,5069 4,5813
5,1080 5,2110
260 15:52
4,3823 4,4785
4,0120 4,1148
4,5069 4,5813
5,1080 5,2110
261 15:53
4,3823 4,4785
4,0120 4,1148
4,5069 4,5813
5,1080 5,2110
262 15:54
4,3823 4,4785
4,0120 4,1148
4,5069 4,5813
5,1080 5,2110
263 15:55
4,3823 4,4785
4,0120 4,1148
4,5069 4,5813
5,1080 5,2110
264 15:56
4,3823 4,4785
4,0120 4,1148
4,5069 4,5813
5,1080 5,2110
265 15:57
4,3823 4,4785
4,0120 4,1148
4,5069 4,5813
5,1080 5,2110
266 15:58
4,3823 4,4785
4,0120 4,1148
4,5069 4,5813
5,1080 5,2110
267 15:59
4,3823 4,4785
4,0120 4,1148
4,5069 4,5813
5,1080 5,2110
268 16:00
4,3823 4,4785
4,0120 4,1148
4,5069 4,5813
5,1080 5,2110
269 16:01
4,3823 4,4785
4,0120 4,1148
4,5069 4,5813
5,1080 5,2110
270 16:02
4,3823 4,4785
4,0120 4,1148
4,5069 4,5813
5,1080 5,2110
271 16:03
4,3823 4,4785
4,0120 4,1148
4,5069 4,5813
5,1080 5,2110
272 16:04
4,3823 4,4785
4,0120 4,1148
4,5069 4,5813
5,1080 5,2110
273 16:05
4,3823 4,4785
4,0120 4,1148
4,5069 4,5813
5,1080 5,2110
274 16:06
4,3823 4,4785
4,0120 4,1148
4,5069 4,5813
5,1080 5,2110
275 16:07
4,3823 4,4785
4,0120 4,1148
4,5069 4,5813
5,1080 5,2110
276 16:08
4,3823 4,4785
4,0120 4,1148
4,5069 4,5813
5,1080 5,2110
277 16:09
4,3823 4,4785
4,0120 4,1148
4,5069 4,5813
5,1080 5,2110
278 16:10
4,3823 4,4785
4,0120 4,1148
4,5069 4,5813
5,1080 5,2110
279 16:11
4,3823 4,4785
4,0120 4,1148
4,5069 4,5813
5,1080 5,2110
280 16:12
4,3823 4,4785
4,0120 4,1148
4,5069 4,5813
5,1080 5,2110
281 16:13
4,3823 4,4785
4,0120 4,1148
4,5069 4,5813
5,1080 5,2110
282 16:14
4,3823 4,4785
4,0120 4,1148
4,5069 4,5813
5,1080 5,2110
283 16:15
4,3823 4,4785
4,0120 4,1148
4,5069 4,5813
5,1080 5,2110
284 16:16
4,3823 4,4785
4,0120 4,1148
4,5069 4,5813
5,1080 5,2110
285 16:17
4,3823 4,4785
4,0120 4,1148
4,5069 4,5813
5,1080 5,2110
286 16:18
4,3823 4,4785
4,0120 4,1148
4,5069 4,5813
5,1080 5,2110
287 16:19
4,3823 4,4785
4,0120 4,1148
4,5069 4,5813
5,1080 5,2110
288 16:20
4,3823 4,4785
4,0120 4,1148
4,5069 4,5813
5,1080 5,2110
289 16:21
4,3823 4,4785
4,0120 4,1148
4,5069 4,5813
5,1080 5,2110
290 16:22
4,3823 4,4785
4,0120 4,1148
4,5069 4,5813
5,1080 5,2110
291 16:23
4,3823 4,4785
4,0120 4,1148
4,5069 4,5813
5,1080 5,2110
292 16:24
4,3823 4,4785
4,0120 4,1148
4,5069 4,5813
5,1080 5,2110
293 16:25
4,3823 4,4785
4,0120 4,1148
4,5069 4,5813
5,1080 5,2110
294 16:26
4,3823 4,4785
4,0120 4,1148
4,5069 4,5813
5,1080 5,2110
295 16:27
4,3823 4,4785
4,0120 4,1148
4,5069 4,5813
5,1080 5,2110
296 16:28
4,3823 4,4785
4,0120 4,1148
4,5069 4,5813
5,1080 5,2110
297 16:29
4,3823 4,4785
4,0120 4,1148
4,5069 4,5813
5,1080 5,2110
298 16:30
4,3823 4,4785
4,0120 4,1148
4,5069 4,5813
5,1080 5,2110
299 16:31
4,3823 4,4785
4,0120 4,1148
4,5069 4,5813
5,1080 5,2110
300 16:32
4,3823 4,4785
4,0120 4,1148
4,5069 4,5813
5,1080 5,2110
301 16:33
4,3823 4,4785
4,0120 4,1148
4,5069 4,5813
5,1080 5,2110
302 16:34
4,3823 4,4785
4,0120 4,1148
4,5069 4,5813
5,1080 5,2110
303 16:35
4,3823 4,4785
4,0120 4,1148
4,5069 4,5813
5,1080 5,2110
304 16:36
4,3823 4,4785
4,0120 4,1148
4,5069 4,5813
5,1080 5,2110
305 16:37
4,3823 4,4785
4,0120 4,1148
4,5069 4,5813
5,1080 5,2110
306 16:38
4,3823 4,4785
4,0120 4,1148
4,5069 4,5813
5,1080 5,2110
307 16:39
4,3823 4,4785
4,0120 4,1148
4,5069 4,5813
5,1080 5,2110
308 16:40
4,3823 4,4785
4,0120 4,1148
4,5069 4,5813
5,1080 5,2110
309 16:41
4,3823 4,4785
4,0120 4,1148
4,5069 4,5813
5,1080 5,2110
310 16:42
4,3823 4,4785
4,0120 4,1148
4,5069 4,5813
5,1080 5,2110
311 16:43
4,3823 4,4785
4,0120 4,1148
4,5069 4,5813
5,1080 5,2110
312 16:44
4,3823 4,4785
4,0120 4,1148
4,5069 4,5813
5,1080 5,2110
313 16:45
4,3823 4,4785
4,0120 4,1148
4,5069 4,5813
5,1080 5,2110
314 16:46
4,3823 4,4785
4,0120 4,1148
4,5069 4,5813
5,1080 5,2110
315 16:47
4,3823 4,4785
4,0120 4,1148
4,5069 4,5813
5,1080 5,2110
316 16:48
4,3823 4,4785
4,0120 4,1148
4,5069 4,5813
5,1080 5,2110
317 16:49
4,3823 4,4785
4,0120 4,1148
4,5069 4,5813
5,1080 5,2110
318 16:50
4,3823 4,4785
4,0120 4,1148
4,5069 4,5813
5,1080 5,2110
319 16:51
4,3823 4,4785
4,0120 4,1148
4,5069 4,5813
5,1080 5,2110
320 16:52
4,3823 4,4785
4,0120 4,1148
4,5069 4,5813
5,1080 5,2110
321 16:53
4,3823 4,4785
4,0120 4,1148
4,5069 4,5813
5,1080 5,2110
322 16:54
4,3823 4,4785
4,0120 4,1148
4,5069 4,5813
5,1080 5,2110
323 16:55
4,3823 4,4785
4,0120 4,1148
4,5069 4,5813
5,1080 5,2110
324 16:56
4,3823 4,4785
4,0120 4,1148
4,5069 4,5813
5,1080 5,2110
325 16:57
4,3823 4,4785
4,0120 4,1148
4,5069 4,5813
5,1080 5,2110
326 16:58
4,3823 4,4785
4,0120 4,1148
4,5069 4,5813
5,1080 5,2110
327 16:59
4,3823 4,4785
4,0120 4,1148
4,5069 4,5813
5,1080 5,2110
328 17:00
4,3823 4,4785
4,0120 4,1148
4,5069 4,5813
5,1080 5,2110
329 17:01
4,3823 4,4785
4,0120 4,1148
4,5069 4,5813
5,1080 5,2110
330 17:02
4,3823 4,4785
4,0120 4,1148
4,5069 4,5813
5,1080 5,2110
331 17:03
4,3823 4,4785
4,0120 4,1148
4,5069 4,5813
5,1080 5,2110
332 17:04
4,3823 4,4785
4,0120 4,1148
4,5069 4,5813
5,1080 5,2110
333 17:05
4,3823 4,4785
4,0120 4,1148
4,5069 4,5813
5,1080 5,2110
334 17:06
4,3823 4,4785
4,0120 4,1148
4,5069 4,5813
5,1080 5,2110
335 17:07
4,3823 4,4785
4,0120 4,1148
4,5069 4,5813
5,1080 5,2110
336 17:08
4,3823 4,4785
4,0120 4,1148
4,5069 4,5813
5,1080 5,2110
337 17:09
4,3823 4,4785
4,0120 4,1148
4,5069 4,5813
5,1080 5,2110
338 17:10
4,3823 4,4785
4,0120 4,1148
4,5069 4,5813
5,1080 5,2110
339 17:11
4,3823 4,4785
4,0120 4,1148
4,5069 4,5813
5,1080 5,2110
340 17:12
4,3823 4,4785
4,0120 4,1148
4,5069 4,5813
5,1080 5,2110
341 17:13
4,3823 4,4785
4,0120 4,1148
4,5069 4,5813
5,1080 5,2110
342 17:14
4,3823 4,4785
4,0120 4,1148
4,5069 4,5813
5,1080 5,2110
343 17:15
4,3823 4,4785
4,0120 4,1148
4,5069 4,5813
5,1080 5,2110
344 17:16
4,3823 4,4785
4,0120 4,1148
4,5069 4,5813
5,1080 5,2110
345 17:17
4,3823 4,4785
4,0120 4,1148
4,5069 4,5813
5,1080 5,2110
346 17:18
4,3823 4,4785
4,0120 4,1148
4,5069 4,5813
5,1080 5,2110
347 17:19
4,3823 4,4785
4,0120 4,1148
4,5069 4,5813
5,1080 5,2110
348 17:20
4,3823 4,4785
4,0120 4,1148
4,5069 4,5813
5,1080 5,2110
349 17:21
4,3823 4,4785
4,0120 4,1148
4,5069 4,5813
5,1080 5,2110
350 17:22
4,3823 4,4785
4,0120 4,1148
4,5069 4,5813
5,1080 5,2110
351 17:23
4,3823 4,4785
4,0120 4,1148
4,5069 4,5813
5,1080 5,2110
352 17:24
4,3823 4,4785
4,0120 4,1148
4,5069 4,5813
5,1080 5,2110
353 17:25
4,3823 4,4785
4,0120 4,1148
4,5069 4,5813
5,1080 5,2110
354 17:26
4,3823 4,4785
4,0120 4,1148
4,5069 4,5813
5,1080 5,2110
355 17:27
4,3823 4,4785
4,0120 4,1148
4,5069 4,5813
5,1080 5,2110
356 17:28
4,3823 4,4785
4,0120 4,1148
4,5069 4,5813
5,1080 5,2110
357 17:29
4,3823 4,4785
4,0120 4,1148
4,5069 4,5813
5,1080 5,2110
358 17:30
4,3823 4,4785
4,0120 4,1148
4,5069 4,5813
5,1080 5,2110
359 17:31
4,3823 4,4785
4,0120 4,1148
4,5069 4,5813
5,1080 5,2110
360 17:32
4,3823 4,4785
4,0120 4,1148
4,5069 4,5813
5,1080 5,2110
361 17:33
4,3823 4,4785
4,0120 4,1148
4,5069 4,5813
5,1080 5,2110
362 17:34
4,3823 4,4785
4,0120 4,1148
4,5069 4,5813
5,1080 5,2110
363 17:35
4,3823 4,4785
4,0120 4,1148
4,5069 4,5813
5,1080 5,2110
364 17:36
4,3823 4,4785
4,0120 4,1148
4,5069 4,5813
5,1080 5,2110
365 17:37
4,3823 4,4785
4,0120 4,1148
4,5069 4,5813
5,1080 5,2110
366 17:38
4,3823 4,4785
4,0120 4,1148
4,5069 4,5813
5,1080 5,2110
367 17:39
4,3823 4,4785
4,0120 4,1148
4,5069 4,5813
5,1080 5,2110
368 17:40
4,3823 4,4785
4,0120 4,1148
4,5069 4,5813
5,1080 5,2110
369 17:41
4,3823 4,4785
4,0120 4,1148
4,5069 4,5813
5,1080 5,2110
370 17:42
4,3823 4,4785
4,0120 4,1148
4,5069 4,5813
5,1080 5,2110
371 17:43
4,3823 4,4785
4,0120 4,1148
4,5069 4,5813
5,1080 5,2110
372 17:44
4,3823 4,4785
4,0120 4,1148
4,5069 4,5813
5,1080 5,2110
373 17:45
4,3823 4,4785
4,0120 4,1148
4,5069 4,5813
5,1080 5,2110
374 17:46
4,3823 4,4785
4,0120 4,1148
4,5069 4,5813
5,1080 5,2110
375 17:47
4,3823 4,4785
4,0120 4,1148
4,5069 4,5813
5,1080 5,2110
376 17:48
4,3823 4,4785
4,0120 4,1148
4,5069 4,5813
5,1080 5,2110
377 17:49
4,3823 4,4785
4,0120 4,1148
4,5069 4,5813
5,1080 5,2110
378 17:50
4,3823 4,4785
4,0120 4,1148
4,5069 4,5813
5,1080 5,2110
379 17:51
4,3823 4,4785
4,0120 4,1148
4,5069 4,5813
5,1080 5,2110
380 17:52
4,3823 4,4785
4,0120 4,1148
4,5069 4,5813
5,1080 5,2110
381 17:53
4,3823 4,4785
4,0120 4,1148
4,5069 4,5813
5,1080 5,2110
382 17:54
4,3823 4,4785
4,0120 4,1148
4,5069 4,5813
5,1080 5,2110
383 17:55
4,3823 4,4785
4,0120 4,1148
4,5069 4,5813
5,1080 5,2110
384 17:56
4,3823 4,4785
4,0120 4,1148
4,5069 4,5813
5,1080 5,2110
385 17:57
4,3823 4,4785
4,0120 4,1148
4,5069 4,5813
5,1080 5,2110
386 17:58
4,3823 4,4785
4,0120 4,1148
4,5069 4,5813
5,1080 5,2110
387 17:59
4,3823 4,4785
4,0120 4,1148
4,5069 4,5813
5,1080 5,2110
388 18:00
4,3823 4,4785
4,0120 4,1148
4,5069 4,5813
5,1080 5,2110
389 18:01
4,3823 4,4785
4,0120 4,1148
4,5069 4,5813
5,1080 5,2110
390 18:02
4,3823 4,4785
4,0120 4,1148
4,5069 4,5813
5,1080 5,2110
391 18:03
4,3823 4,4785
4,0120 4,1148
4,5069 4,5813
5,1080 5,2110
392 18:04
4,3823 4,4785
4,0120 4,1148
4,5069 4,5813
5,1080 5,2110
393 18:05
4,3823 4,4785
4,0120 4,1148
4,5069 4,5813
5,1080 5,2110
394 18:06
4,3823 4,4785
4,0120 4,1148
4,5069 4,5813
5,1080 5,2110
395 18:07
4,3823 4,4785
4,0120 4,1148
4,5069 4,5813
5,1080 5,2110
396 18:08
4,3823 4,4785
4,0120 4,1148
4,5069 4,5813
5,1080 5,2110
397 18:09
4,3823 4,4785
4,0120 4,1148
4,5069 4,5813
5,1080 5,2110
398 18:10
4,3823 4,4785
4,0120 4,1148
4,5069 4,5813
5,1080 5,2110
399 18:11
4,3823 4,4785
4,0120 4,1148
4,5069 4,5813
5,1080 5,2110
400 18:12
4,3823 4,4785
4,0120 4,1148
4,5069 4,5813
5,1080 5,2110
401 18:13
4,3823 4,4785
4,0120 4,1148
4,5069 4,5813
5,1080 5,2110
402 18:14
4,3823 4,4785
4,0120 4,1148
4,5069 4,5813
5,1080 5,2110
403 18:15
4,3823 4,4785
4,0120 4,1148
4,5069 4,5813
5,1080 5,2110
404 18:16
4,3823 4,4785
4,0120 4,1148
4,5069 4,5813
5,1080 5,2110
405 18:17
4,3823 4,4785
4,0120 4,1148
4,5069 4,5813
5,1080 5,2110
406 18:18
4,3823 4,4785
4,0120 4,1148
4,5069 4,5813
5,1080 5,2110
407 18:19
4,3823 4,4785
4,0120 4,1148
4,5069 4,5813
5,1080 5,2110
408 18:20
4,3823 4,4785
4,0120 4,1148
4,5069 4,5813
5,1080 5,2110
409 18:21
4,3823 4,4785
4,0120 4,1148
4,5069 4,5813
5,1080 5,2110
410 18:22
4,3823 4,4785
4,0120 4,1148
4,5069 4,5813
5,1080 5,2110
411 18:23
4,3823 4,4785
4,0120 4,1148
4,5069 4,5813
5,1080 5,2110
412 18:24
4,3823 4,4785
4,0120 4,1148
4,5069 4,5813
5,1080 5,2110
413 18:25
4,3823 4,4785
4,0120 4,1148
4,5069 4,5813
5,1080 5,2110
414 18:26
4,3823 4,4785
4,0120 4,1148
4,5069 4,5813
5,1080 5,2110
415 18:27
4,3823 4,4785
4,0120 4,1148
4,5069 4,5813
5,1080 5,2110
416 18:28
4,3823 4,4785
4,0120 4,1148
4,5069 4,5813
5,1080 5,2110
417 18:29
4,3823 4,4785
4,0120 4,1148
4,5069 4,5813
5,1080 5,2110
418 18:30
4,3823 4,4785
4,0120 4,1148
4,5069 4,5813
5,1080 5,2110
419 18:31
4,3823 4,4785
4,0120 4,1148
4,5069 4,5813
5,1080 5,2110
420 18:32
4,3823 4,4785
4,0120 4,1148
4,5069 4,5813
5,1080 5,2110
421 18:33
4,3823 4,4785
4,0120 4,1148
4,5069 4,5813
5,1080 5,2110
422 18:34
4,3823 4,4785
4,0120 4,1148
4,5069 4,5813
5,1080 5,2110
423 18:35
4,3823 4,4785
4,0120 4,1148
4,5069 4,5813
5,1080 5,2110
424 18:36
4,3823 4,4785
4,0120 4,1148
4,5069 4,5813
5,1080 5,2110
425 18:37
4,3823 4,4785
4,0120 4,1148
4,5069 4,5813
5,1080 5,2110
426 18:38
4,3823 4,4785
4,0120 4,1148
4,5069 4,5813
5,1080 5,2110
427 18:39
4,3823 4,4785
4,0120 4,1148
4,5069 4,5813
5,1080 5,2110
428 18:40
4,3823 4,4785
4,0120 4,1148
4,5069 4,5813
5,1080 5,2110
429 18:41
4,3823 4,4785
4,0120 4,1148
4,5069 4,5813
5,1080 5,2110
430 18:42
4,3823 4,4785
4,0120 4,1148
4,5069 4,5813
5,1080 5,2110
431 18:43
4,3823 4,4785
4,0120 4,1148
4,5069 4,5813
5,1080 5,2110
432 18:44
4,3823 4,4785
4,0120 4,1148
4,5069 4,5813
5,1080 5,2110
433 18:45
4,3823 4,4785
4,0120 4,1148
4,5069 4,5813
5,1080 5,2110
434 18:46
4,3823 4,4785
4,0120 4,1148
4,5069 4,5813
5,1080 5,2110
435 18:47
4,3823 4,4785
4,0120 4,1148
4,5069 4,5813
5,1080 5,2110
436 18:48
4,3823 4,4785
4,0120 4,1148
4,5069 4,5813
5,1080 5,2110
437 18:49
4,3823 4,4785
4,0120 4,1148
4,5069 4,5813
5,1080 5,2110
438 18:50
4,3823 4,4785
4,0120 4,1148
4,5069 4,5813
5,1080 5,2110
439 18:51
4,3823 4,4785
4,0120 4,1148
4,5069 4,5813
5,1080 5,2110
440 18:52
4,3823 4,4785
4,0120 4,1148
4,5069 4,5813
5,1080 5,2110
441 18:53
4,3823 4,4785
4,0120 4,1148
4,5069 4,5813
5,1080 5,2110
442 18:54
4,3823 4,4785
4,0120 4,1148
4,5069 4,5813
5,1080 5,2110
443 18:55
4,3823 4,4785
4,0120 4,1148
4,5069 4,5813
5,1080 5,2110
444 18:56
4,3823 4,4785
4,0120 4,1148
4,5069 4,5813
5,1080 5,2110
445 18:57
4,3823 4,4785
4,0120 4,1148
4,5069 4,5813
5,1080 5,2110
446 18:58
4,3823 4,4785
4,0120 4,1148
4,5069 4,5813
5,1080 5,2110
447 18:59
4,3823 4,4785
4,0120 4,1148
4,5069 4,5813
5,1080 5,2110
448 19:00
4,3823 4,4785
4,0120 4,1148
4,5069 4,5813
5,1080 5,2110
449 19:01
4,3823 4,4785
4,0120 4,1148
4,5069 4,5813
5,1080 5,2110
450 19:02
4,3823 4,4785
4,0120 4,1148
4,5069 4,5813
5,1080 5,2110
451 19:03
4,3823 4,4785
4,0120 4,1148
4,5069 4,5813
5,1080 5,2110
452 19:04
4,3823 4,4785
4,0120 4,1148
4,5069 4,5813
5,1080 5,2110
453 19:05
4,3823 4,4785
4,0120 4,1148
4,5069 4,5813
5,1080 5,2110
454 19:06
4,3823 4,4785
4,0120 4,1148
4,5069 4,5813
5,1080 5,2110
455 19:07
4,3823 4,4785
4,0120 4,1148
4,5069 4,5813
5,1080 5,2110
456 19:08
4,3823 4,4785
4,0120 4,1148
4,5069 4,5813
5,1080 5,2110
457 19:09
4,3823 4,4785
4,0120 4,1148
4,5069 4,5813
5,1080 5,2110
458 19:10
4,3823 4,4785
4,0120 4,1148
4,5069 4,5813
5,1080 5,2110
459 19:11
4,3823 4,4785
4,0120 4,1148
4,5069 4,5813
5,1080 5,2110
460 19:12
4,3823 4,4785
4,0120 4,1148
4,5069 4,5813
5,1080 5,2110
461 19:13
4,3823 4,4785
4,0120 4,1148
4,5069 4,5813
5,1080 5,2110
462 19:14
4,3823 4,4785
4,0120 4,1148
4,5069 4,5813
5,1080 5,2110
463 19:15
4,3823 4,4785
4,0120 4,1148
4,5069 4,5813
5,1080 5,2110
464 19:16
4,3823 4,4785
4,0120 4,1148
4,5069 4,5813
5,1080 5,2110
465 19:17
4,3823 4,4785
4,0120 4,1148
4,5069 4,5813
5,1080 5,2110
466 19:18
4,3823 4,4785
4,0120 4,1148
4,5069 4,5813
5,1080 5,2110
467 19:19
4,3823 4,4785
4,0120 4,1148
4,5069 4,5813
5,1080 5,2110
468 19:20
4,3823 4,4785
4,0120 4,1148
4,5069 4,5813
5,1080 5,2110
469 19:21
4,3823 4,4785
4,0120 4,1148
4,5069 4,5813
5,1080 5,2110
470 19:22
4,3823 4,4785
4,0120 4,1148
4,5069 4,5813
5,1080 5,2110
471 19:23
4,3823 4,4785
4,0120 4,1148
4,5069 4,5813
5,1080 5,2110
472 19:24
4,3823 4,4785
4,0120 4,1148
4,5069 4,5813
5,1080 5,2110
473 19:25
4,3823 4,4785
4,0120 4,1148
4,5069 4,5813
5,1080 5,2110
474 19:26
4,3823 4,4785
4,0120 4,1148
4,5069 4,5813
5,1080 5,2110
475 19:27
4,3823 4,4785
4,0120 4,1148
4,5069 4,5813
5,1080 5,2110
476 19:28
4,3823 4,4785
4,0120 4,1148
4,5069 4,5813
5,1080 5,2110
477 19:29
4,3823 4,4785
4,0120 4,1148
4,5069 4,5813
5,1080 5,2110
478 19:30
4,3823 4,4785
4,0120 4,1148
4,5069 4,5813
5,1080 5,2110
479 19:31
4,3823 4,4785
4,0120 4,1148
4,5069 4,5813
5,1080 5,2110
480 19:32
4,3823 4,4785
4,0120 4,1148
4,5069 4,5813
5,1080 5,2110
481 19:33
4,3823 4,4785
4,0120 4,1148
4,5069 4,5813
5,1080 5,2110
482 19:34
4,3823 4,4785
4,0120 4,1148
4,5069 4,5813
5,1080 5,2110
483 19:35
4,3823 4,4785
4,0120 4,1148
4,5069 4,5813
5,1080 5,2110
484 19:36
4,3823 4,4785
4,0120 4,1148
4,5069 4,5813
5,1080 5,2110
485 19:37
4,3823 4,4785
4,0120 4,1148
4,5069 4,5813
5,1080 5,2110
486 19:38
4,3823 4,4785
4,0120 4,1148
4,5069 4,5813
5,1080 5,2110
487 19:39
4,3823 4,4785
4,0120 4,1148
4,5069 4,5813
5,1080 5,2110
488 19:40
4,3823 4,4785
4,0120 4,1148
4,5069 4,5813
5,1080 5,2110
489 19:41
4,3823 4,4785
4,0120 4,1148
4,5069 4,5813
5,1080 5,2110
490 19:42
4,3823 4,4785
4,0120 4,1148
4,5069 4,5813
5,1080 5,2110
491 19:43
4,3823 4,4785
4,0120 4,1148
4,5069 4,5813
5,1080 5,2110
492 19:44
4,3823 4,4785
4,0120 4,1148
4,5069 4,5813
5,1080 5,2110
493 19:45
4,3823 4,4785
4,0120 4,1148
4,5069 4,5813
5,1080 5,2110
494 19:46
4,3823 4,4785
4,0120 4,1148
4,5069 4,5813
5,1080 5,2110
495 19:47
4,3823 4,4785
4,0120 4,1148
4,5069 4,5813
5,1080 5,2110
496 19:48
4,3823 4,4785
4,0120 4,1148
4,5069 4,5813
5,1080 5,2110
497 19:49
4,3823 4,4785
4,0120 4,1148
4,5069 4,5813
5,1080 5,2110
498 19:50
4,3823 4,4785
4,0120 4,1148
4,5069 4,5813
5,1080 5,2110
499 19:51
4,3823 4,4785
4,0120 4,1148
4,5069 4,5813
5,1080 5,2110
500 19:52
4,3823 4,4785
4,0120 4,1148
4,5069 4,5813
5,1080 5,2110
501 19:53
4,3823 4,4785
4,0120 4,1148
4,5069 4,5813
5,1080 5,2110
502 19:54
4,3823 4,4785
4,0120 4,1148
4,5069 4,5813
5,1080 5,2110
503 19:55
4,3823 4,4785
4,0120 4,1148
4,5069 4,5813
5,1080 5,2110
504 19:56
4,3823 4,4785
4,0120 4,1148
4,5069 4,5813
5,1080 5,2110
505 19:57
4,3823 4,4785
4,0120 4,1148
4,5069 4,5813
5,1080 5,2110
506 19:58
4,3823 4,4785
4,0120 4,1148
4,5069 4,5813
5,1080 5,2110
507 19:59
4,3823 4,4785
4,0120 4,1148
4,5069 4,5813
5,1080 5,2110
508 20:00
4,3823 4,4785
4,0120 4,1148
4,5069 4,5813
5,1080 5,2110
509 20:01
4,3823 4,4785
4,0120 4,1148
4,5069 4,5813
5,1080 5,2110
510 20:02
4,3823 4,4785
4,0120 4,1148
4,5069 4,5813
5,1080 5,2110
511 20:03
4,3823 4,4785
4,0120 4,1148
4,5069 4,5813
5,1080 5,2110
512 20:05
4,3823 4,4785
4,0120 4,1148
4,5069 4,5813
5,1080 5,2110
513 20:06
4,3823 4,4785
4,0120 4,1148
4,5069 4,5813
5,1080 5,2110
514 20:07
4,3823 4,4785
4,0120 4,1148
4,5069 4,5813
5,1080 5,2110
515 20:08
4,3823 4,4785
4,0120 4,1148
4,5069 4,5813
5,1080 5,2110
516 20:09
4,3823 4,4785
4,0120 4,1148
4,5069 4,5813
5,1080 5,2110
517 20:10
4,3823 4,4785
4,0120 4,1148
4,5069 4,5813
5,1080 5,2110
518 20:11
4,3823 4,4785
4,0120 4,1148
4,5069 4,5813
5,1080 5,2110
519 20:12
4,3823 4,4785
4,0120 4,1148
4,5069 4,5813
5,1080 5,2110
520 20:13
4,3823 4,4785
4,0120 4,1148
4,5069 4,5813
5,1080 5,2110
521 20:14
4,3823 4,4785
4,0120 4,1148
4,5069 4,5813
5,1080 5,2110
522 20:15
4,3823 4,4785
4,0120 4,1148
4,5069 4,5813
5,1080 5,2110
523 20:16
4,3823 4,4785
4,0120 4,1148
4,5069 4,5813
5,1080 5,2110
524 20:17
4,3823 4,4785
4,0120 4,1148
4,5069 4,5813
5,1080 5,2110
525 20:18
4,3823 4,4785
4,0120 4,1148
4,5069 4,5813
5,1080 5,2110
526 20:19
4,3823 4,4785
4,0120 4,1148
4,5069 4,5813
5,1080 5,2110
527 20:20
4,3823 4,4785
4,0120 4,1148
4,5069 4,5813
5,1080 5,2110
528 20:21
4,3823 4,4785
4,0120 4,1148
4,5069 4,5813
5,1080 5,2110
529 20:22
4,3823 4,4785
4,0120 4,1148
4,5069 4,5813
5,1080 5,2110
530 20:23
4,3823 4,4785
4,0120 4,1148
4,5069 4,5813
5,1080 5,2110
531 20:24
4,3823 4,4785
4,0120 4,1148
4,5069 4,5813
5,1080 5,2110
532 20:25
4,3823 4,4785
4,0120 4,1148
4,5069 4,5813
5,1080 5,2110
533 20:26
4,3823 4,4785
4,0120 4,1148
4,5069 4,5813
5,1080 5,2110
534 20:27
4,3823 4,4785
4,0120 4,1148
4,5069 4,5813
5,1080 5,2110
535 20:28
4,3823 4,4785
4,0120 4,1148
4,5069 4,5813
5,1080 5,2110
536 20:29
4,3823 4,4785
4,0120 4,1148
4,5069 4,5813
5,1080 5,2110
537 20:30
4,3823 4,4785
4,0120 4,1148
4,5069 4,5813
5,1080 5,2110
538 20:31
4,3823 4,4785
4,0120 4,1148
4,5069 4,5813
5,1080 5,2110
539 20:32
4,3823 4,4785
4,0120 4,1148
4,5069 4,5813
5,1080 5,2110
540 20:33
4,3823 4,4785
4,0120 4,1148
4,5069 4,5813
5,1080 5,2110
541 20:34
4,3823 4,4785
4,0120 4,1148
4,5069 4,5813
5,1080 5,2110
542 20:35
4,3823 4,4785
4,0120 4,1148
4,5069 4,5813
5,1080 5,2110
543 20:36
4,3823 4,4785
4,0120 4,1148
4,5069 4,5813
5,1080 5,2110
544 20:37
4,3823 4,4785
4,0120 4,1148
4,5069 4,5813
5,1080 5,2110
545 20:38
4,3823 4,4785
4,0120 4,1148
4,5069 4,5813
5,1080 5,2110
546 20:39
4,3823 4,4785
4,0120 4,1148
4,5069 4,5813
5,1080 5,2110
547 20:40
4,3823 4,4785
4,0120 4,1148
4,5069 4,5813
5,1080 5,2110
548 20:41
4,3823 4,4785
4,0120 4,1148
4,5069 4,5813
5,1080 5,2110
549 20:42
4,3823 4,4785
4,0120 4,1148
4,5069 4,5813
5,1080 5,2110
550 20:43
4,3823 4,4785
4,0120 4,1148
4,5069 4,5813
5,1080 5,2110
551 20:44
4,3823 4,4785
4,0120 4,1148
4,5069 4,5813
5,1080 5,2110
552 20:45
4,3823 4,4785
4,0120 4,1148
4,5069 4,5813
5,1080 5,2110
553 20:46
4,3823 4,4785
4,0120 4,1148
4,5069 4,5813
5,1080 5,2110
554 20:47
4,3823 4,4785
4,0120 4,1148
4,5069 4,5813
5,1080 5,2110
555 20:48
4,3823 4,4785
4,0120 4,1148
4,5069 4,5813
5,1080 5,2110
556 20:49
4,3823 4,4785
4,0120 4,1148
4,5069 4,5813
5,1080 5,2110
557 20:50
4,3823 4,4785
4,0120 4,1148
4,5069 4,5813
5,1080 5,2110
558 20:51
4,3823 4,4785
4,0120 4,1148
4,5069 4,5813
5,1080 5,2110
559 20:52
4,3823 4,4785
4,0120 4,1148
4,5069 4,5813
5,1080 5,2110
560 20:53
4,3823 4,4785
4,0120 4,1148
4,5069 4,5813
5,1080 5,2110
561 20:54
4,3823 4,4785
4,0120 4,1148
4,5069 4,5813
5,1080 5,2110
562 20:55
4,3823 4,4785
4,0120 4,1148
4,5069 4,5813
5,1080 5,2110
563 20:56
4,3823 4,4785
4,0120 4,1148
4,5069 4,5813
5,1080 5,2110
564 20:57
4,3823 4,4785
4,0120 4,1148
4,5069 4,5813
5,1080 5,2110
565 20:58
4,3823 4,4785
4,0120 4,1148
4,5069 4,5813
5,1080 5,2110
566 20:59
4,3823 4,4785
4,0120 4,1148
4,5069 4,5813
5,1080 5,2110
567 21:00
4,3823 4,4785
4,0120 4,1148
4,5069 4,5813
5,1080 5,2110
568 21:01
4,3823 4,4785
4,0120 4,1148
4,5069 4,5813
5,1080 5,2110
569 21:02
4,3823 4,4785
4,0120 4,1148
4,5069 4,5813
5,1080 5,2110
570 21:03
4,3823 4,4785
4,0120 4,1148
4,5069 4,5813
5,1080 5,2110
571 21:04
4,3823 4,4785
4,0120 4,1148
4,5069 4,5813
5,1080 5,2110
572 21:05
4,3823 4,4785
4,0120 4,1148
4,5069 4,5813
5,1080 5,2110
573 21:06
4,3823 4,4785
4,0120 4,1148
4,5069 4,5813
5,1080 5,2110
574 21:07
Definite connection error