#======================
2023-6-2
# 1.EUR, 2.USD, 3.CHF, 4.GBP
Sell Price, Buy Price
1 09:31
4,4936 4,5260
4,1711 4,2034
4,6150 4,6479
5,2325 5,2659
2 09:32
4,4962 4,5286
4,1750 4,2073
4,6178 4,6507
5,2351 5,2685
3 09:33
4,4964 4,5288
4,1750 4,2073
4,6185 4,6514
5,2346 5,2680
4 09:34
4,4965 4,5289
4,1761 4,2084
4,6194 4,6523
5,2347 5,2681
5 09:35
4,4964 4,5288
4,1764 4,2087
4,6197 4,6526
5,2341 5,2675
6 09:36
4,4964 4,5288
4,1760 4,2083
4,6196 4,6526
5,2342 5,2676
7 09:37
4,4964 4,5288
4,1767 4,2090
4,6196 4,6526
5,2348 5,2682
8 09:38
4,4964 4,5288
4,1770 4,2093
4,6197 4,6527
5,2344 5,2678
9 09:39
4,4964 4,5288
4,1772 4,2095
4,6197 4,6527
5,2345 5,2679
10 09:40
4,4963 4,5287
4,1767 4,2090
4,6196 4,6526
5,2346 5,2680
11 09:41
4,4961 4,5285
4,1761 4,2084
4,6175 4,6506
5,2344 5,2678
12 09:42
4,4959 4,5283
4,1773 4,2096
4,6177 4,6508
5,2342 5,2676
13 09:43
4,4967 4,5291
4,1786 4,2109
4,6199 4,6530
5,2364 5,2698
14 09:44
4,4963 4,5287
4,1779 4,2102
4,6188 4,6519
5,2353 5,2687
15 09:45
4,4959 4,5283
4,1777 4,2100
4,6172 4,6503
5,2348 5,2682
16 09:46
4,4963 4,5287
4,1788 4,2111
4,6177 4,6507
5,2368 5,2702
17 09:47
4,4963 4,5287
4,1788 4,2111
4,6174 4,6504
5,2368 5,2702
18 09:48
4,4956 4,5280
4,1770 4,2093
4,6167 4,6497
5,2360 5,2694
19 09:49
4,4956 4,5280
4,1768 4,2091
4,6167 4,6497
5,2354 5,2688
20 09:50
4,4964 4,5288
4,1776 4,2099
4,6175 4,6505
5,2363 5,2697
21 09:51
4,4964 4,5288
4,1776 4,2099
4,6173 4,6504
5,2366 5,2700
22 09:52
4,4964 4,5288
4,1770 4,2093
4,6173 4,6504
5,2370 5,2704
23 09:53
4,4964 4,5288
4,1771 4,2094
4,6166 4,6497
5,2372 5,2706
24 09:54
4,4965 4,5289
4,1778 4,2101
4,6167 4,6498
5,2367 5,2701
25 09:55
4,4965 4,5289
4,1788 4,2111
4,6164 4,6495
5,2367 5,2701
26 09:56
4,4971 4,5295
4,1787 4,2109
4,6171 4,6500
5,2375 5,2709
27 09:57
4,4975 4,5299
4,1783 4,2105
4,6176 4,6505
5,2379 5,2713
28 09:58
4,4997 4,5321
4,1819 4,2141
4,6191 4,6520
5,2409 5,2743
29 09:59
4,4991 4,5315
4,1809 4,2131
4,6191 4,6520
5,2400 5,2734
30 10:00
4,4982 4,5306
4,1801 4,2123
4,6172 4,6501
5,2387 5,2721
31 10:01
4,4973 4,5297
4,1797 4,2119
4,6173 4,6503
5,2368 5,2702
32 10:02
4,4968 4,5292
4,1788 4,2110
4,6169 4,6499
5,2365 5,2699
33 10:03
4,4963 4,5287
4,1782 4,2104
4,6165 4,6495
5,2362 5,2696
34 10:04
4,4962 4,5286
4,1779 4,2101
4,6166 4,6496
5,2345 5,2679
35 10:05
4,4952 4,5276
4,1771 4,2093
4,6156 4,6486
5,2334 5,2668
36 10:06
4,4951 4,5275
4,1763 4,2085
4,6158 4,6487
5,2339 5,2673
37 10:07
4,4959 4,5283
4,1772 4,2094
4,6171 4,6500
5,2351 5,2685
38 10:08
4,4960 4,5284
4,1773 4,2095
4,6170 4,6499
5,2362 5,2696
39 10:09
4,4958 4,5282
4,1769 4,2091
4,6168 4,6497
5,2356 5,2690
40 10:10
4,4953 4,5277
4,1765 4,2087
4,6158 4,6487
5,2351 5,2685
41 10:11
4,4948 4,5273
4,1756 4,2078
4,6152 4,6483
5,2344 5,2678
42 10:12
4,4963 4,5288
4,1772 4,2094
4,6167 4,6498
5,2362 5,2696
43 10:13
4,4963 4,5288
4,1772 4,2094
4,6167 4,6498
5,2365 5,2699
44 10:14
4,4963 4,5288
4,1772 4,2094
4,6167 4,6498
5,2364 5,2698
45 10:15
4,4967 4,5292
4,1776 4,2098
4,6176 4,6507
5,2370 5,2704
46 10:16
4,4964 4,5288
4,1781 4,2103
4,6171 4,6502
5,2363 5,2697
47 10:17
4,4958 4,5282
4,1777 4,2099
4,6164 4,6495
5,2358 5,2692
48 10:18
4,4961 4,5285
4,1788 4,2110
4,6170 4,6501
5,2372 5,2706
49 10:19
4,4967 4,5291
4,1787 4,2109
4,6174 4,6505
5,2373 5,2707
50 10:20
4,4960 4,5284
4,1775 4,2097
4,6169 4,6500
5,2371 5,2705
51 10:21
4,4958 4,5282
4,1771 4,2093
4,6167 4,6498
5,2365 5,2699
52 10:22
4,4958 4,5282
4,1769 4,2091
4,6164 4,6495
5,2362 5,2696
53 10:23
4,4968 4,5292
4,1778 4,2100
4,6177 4,6508
5,2378 5,2712
54 10:24
4,4972 4,5296
4,1780 4,2102
4,6186 4,6517
5,2376 5,2710
55 10:25
4,4971 4,5295
4,1781 4,2103
4,6187 4,6518
5,2381 5,2715
56 10:26
4,4969 4,5293
4,1779 4,2101
4,6181 4,6510
5,2372 5,2706
57 10:27
4,4953 4,5277
4,1754 4,2076
4,6160 4,6489
5,2347 5,2681
58 10:28
4,4953 4,5277
4,1755 4,2077
4,6158 4,6487
5,2340 5,2674
59 10:29
4,4953 4,5277
4,1759 4,2081
4,6158 4,6487
5,2341 5,2675
60 10:30
4,4953 4,5277
4,1755 4,2077
4,6158 4,6487
5,2344 5,2678
61 10:31
4,4951 4,5275
4,1743 4,2065
4,6158 4,6487
5,2342 5,2676
62 10:32
4,4951 4,5275
4,1739 4,2061
4,6156 4,6485
5,2333 5,2667
63 10:33
4,4953 4,5277
4,1741 4,2063
4,6162 4,6491
5,2335 5,2669
64 10:34
4,4953 4,5277
4,1739 4,2061
4,6156 4,6485
5,2335 5,2669
65 10:35
4,4957 4,5281
4,1741 4,2063
4,6159 4,6488
5,2337 5,2671
66 10:36
4,4957 4,5281
4,1747 4,2069
4,6159 4,6488
5,2337 5,2671
67 10:37
4,4951 4,5275
4,1739 4,2061
4,6153 4,6482
5,2327 5,2661
68 10:38
4,4951 4,5275
4,1735 4,2057
4,6151 4,6480
5,2324 5,2658
69 10:39
4,4938 4,5262
4,1717 4,2039
4,6138 4,6467
5,2308 5,2642
70 10:40
4,4940 4,5264
4,1715 4,2037
4,6142 4,6471
5,2308 5,2642
71 10:41
4,4941 4,5264
4,1721 4,2044
4,6135 4,6465
5,2318 5,2652
72 10:42
4,4936 4,5259
4,1715 4,2038
4,6130 4,6460
5,2305 5,2639
73 10:43
4,4933 4,5256
4,1714 4,2037
4,6127 4,6457
5,2302 5,2636
74 10:44
4,4932 4,5255
4,1713 4,2036
4,6126 4,6456
5,2303 5,2637
75 10:45
4,4937 4,5260
4,1718 4,2041
4,6131 4,6461
5,2310 5,2644
76 10:46
4,4937 4,5261
4,1722 4,2045
4,6132 4,6461
5,2314 5,2648
77 10:47
4,4937 4,5261
4,1720 4,2043
4,6134 4,6463
5,2314 5,2648
78 10:48
4,4937 4,5261
4,1720 4,2043
4,6137 4,6466
5,2315 5,2649
79 10:49
4,4977 4,5301
4,1761 4,2084
4,6177 4,6506
5,2362 5,2696
80 10:50
4,4978 4,5302
4,1766 4,2089
4,6179 4,6508
5,2373 5,2707
81 10:51
4,4957 4,5280
4,1750 4,2073
4,6151 4,6480
5,2341 5,2675
82 10:52
4,4947 4,5270
4,1738 4,2061
4,6141 4,6470
5,2332 5,2666
83 10:53
4,4948 4,5271
4,1739 4,2062
4,6147 4,6476
5,2328 5,2662
84 10:54
4,4959 4,5282
4,1736 4,2059
4,6154 4,6483
5,2345 5,2679
85 10:55
4,4963 4,5286
4,1736 4,2059
4,6157 4,6486
5,2348 5,2682
86 10:56
4,4966 4,5290
4,1736 4,2059
4,6159 4,6488
5,2345 5,2679
87 10:57
4,4964 4,5288
4,1730 4,2053
4,6157 4,6486
5,2357 5,2691
88 10:58
4,4968 4,5292
4,1730 4,2053
4,6152 4,6481
5,2362 5,2696
89 10:59
4,4969 4,5293
4,1740 4,2063
4,6136 4,6465
5,2360 5,2694
90 11:00
4,4971 4,5295
4,1740 4,2063
4,6140 4,6469
5,2355 5,2689
91 11:01
4,4972 4,5295
4,1746 4,2069
4,6141 4,6471
5,2353 5,2687
92 11:02
4,4972 4,5295
4,1750 4,2073
4,6145 4,6475
5,2365 5,2699
93 11:03
4,4972 4,5295
4,1756 4,2079
4,6148 4,6478
5,2366 5,2700
94 11:04
4,4972 4,5295
4,1760 4,2083
4,6143 4,6473
5,2368 5,2702
95 11:05
4,4971 4,5294
4,1759 4,2082
4,6130 4,6460
5,2367 5,2701
96 11:06
4,4975 4,5298
4,1768 4,2091
4,6136 4,6466
5,2357 5,2691
97 11:07
4,4970 4,5293
4,1766 4,2089
4,6124 4,6454
5,2353 5,2687
98 11:08
4,4966 4,5289
4,1766 4,2089
4,6122 4,6452
5,2361 5,2695
99 11:09
4,4969 4,5292
4,1769 4,2092
4,6118 4,6448
5,2362 5,2696
100 11:10
4,4972 4,5295
4,1768 4,2091
4,6124 4,6454
5,2353 5,2687
101 11:11
4,4974 4,5297
4,1767 4,2090
4,6126 4,6456
5,2355 5,2689
102 11:12
4,4974 4,5297
4,1766 4,2089
4,6126 4,6456
5,2358 5,2692
103 11:13
4,4962 4,5285
4,1756 4,2079
4,6116 4,6446
5,2344 5,2678
104 11:14
4,4960 4,5283
4,1754 4,2077
4,6107 4,6437
5,2339 5,2673
105 11:15
4,4960 4,5283
4,1749 4,2072
4,6107 4,6437
5,2339 5,2673
106 11:16
4,4948 4,5271
4,1737 4,2060
4,6098 4,6429
5,2328 5,2662
107 11:17
4,4947 4,5270
4,1731 4,2054
4,6093 4,6424
5,2332 5,2666
108 11:18
4,4944 4,5267
4,1728 4,2051
4,6089 4,6420
5,2329 5,2663
109 11:19
4,4931 4,5254
4,1708 4,2031
4,6056 4,6387
5,2295 5,2629
110 11:20
4,4923 4,5246
4,1694 4,2017
4,6049 4,6380
5,2287 5,2621
111 11:21
4,4912 4,5235
4,1681 4,2004
4,6039 4,6369
5,2280 5,2614
112 11:22
4,4909 4,5232
4,1678 4,2001
4,6031 4,6361
5,2277 5,2611
113 11:23
4,4908 4,5231
4,1679 4,2002
4,6030 4,6360
5,2279 5,2613
114 11:24
4,4908 4,5231
4,1689 4,2012
4,6030 4,6360
5,2279 5,2613
115 11:25
4,4919 4,5242
4,1699 4,2022
4,6046 4,6376
5,2291 5,2625
116 11:26
4,4912 4,5237
4,1713 4,2036
4,6051 4,6381
5,2293 5,2627
117 11:27
4,4910 4,5235
4,1721 4,2044
4,6049 4,6379
5,2297 5,2631
118 11:28
4,4903 4,5228
4,1718 4,2041
4,6052 4,6382
5,2306 5,2640
119 11:29
4,4908 4,5233
4,1723 4,2046
4,6054 4,6384
5,2312 5,2646
120 11:30
4,4903 4,5228
4,1718 4,2041
4,6047 4,6377
5,2311 5,2645
121 11:31
4,4904 4,5229
4,1719 4,2042
4,6050 4,6380
5,2311 5,2645
122 11:32
4,4904 4,5229
4,1713 4,2036
4,6053 4,6383
5,2312 5,2646
123 11:33
4,4905 4,5230
4,1704 4,2027
4,6056 4,6386
5,2316 5,2650
124 11:34
4,4898 4,5223
4,1715 4,2038
4,6052 4,6382
5,2308 5,2642
125 11:35
4,4899 4,5224
4,1722 4,2045
4,6060 4,6390
5,2309 5,2643
126 11:36
4,4900 4,5223
4,1719 4,2042
4,6058 4,6388
5,2303 5,2637
127 11:37
4,4885 4,5208
4,1704 4,2027
4,6030 4,6360
5,2285 5,2619
128 11:38
4,4890 4,5213
4,1713 4,2036
4,6039 4,6369
5,2294 5,2628
129 11:39
4,4892 4,5215
4,1717 4,2040
4,6047 4,6377
5,2297 5,2631
130 11:40
4,4899 4,5222
4,1727 4,2050
4,6056 4,6386
5,2305 5,2639
131 11:41
4,4881 4,5204
4,1706 4,2029
4,6038 4,6368
5,2284 5,2618
132 11:42
4,4878 4,5201
4,1701 4,2024
4,6034 4,6364
5,2286 5,2620
133 11:43
4,4878 4,5201
4,1696 4,2019
4,6042 4,6372
5,2293 5,2627
134 11:44
4,4878 4,5201
4,1696 4,2019
4,6037 4,6367
5,2284 5,2618
135 11:45
4,4878 4,5201
4,1694 4,2017
4,6037 4,6367
5,2286 5,2620
136 11:46
4,4878 4,5201
4,1696 4,2019
4,6037 4,6367
5,2286 5,2620
137 11:47
4,4873 4,5196
4,1687 4,2010
4,6032 4,6362
5,2280 5,2614
138 11:48
4,4875 4,5198
4,1691 4,2014
4,6029 4,6359
5,2279 5,2613
139 11:49
4,4873 4,5196
4,1680 4,2003
4,6027 4,6357
5,2278 5,2612
140 11:50
4,4877 4,5200
4,1681 4,2004
4,6029 4,6359
5,2279 5,2613
141 11:51
4,4894 4,5217
4,1705 4,2028
4,6043 4,6374
5,2299 5,2633
142 11:52
4,4898 4,5221
4,1712 4,2035
4,6049 4,6380
5,2304 5,2638
143 11:53
4,4896 4,5219
4,1697 4,2020
4,6045 4,6376
5,2301 5,2635
144 11:54
4,4901 4,5224
4,1702 4,2025
4,6050 4,6381
5,2304 5,2638
145 11:55
4,4911 4,5234
4,1714 4,2037
4,6058 4,6389
5,2316 5,2650
146 11:56
4,4906 4,5232
4,1701 4,2024
4,6050 4,6381
5,2312 5,2646
147 11:57
4,4905 4,5231
4,1695 4,2018
4,6049 4,6380
5,2308 5,2642
148 11:58
4,4906 4,5232
4,1699 4,2022
4,6051 4,6382
5,2303 5,2637
149 11:59
4,4906 4,5232
4,1703 4,2026
4,6048 4,6379
5,2303 5,2637
150 12:00
4,4905 4,5231
4,1706 4,2029
4,6047 4,6378
5,2299 5,2633
151 12:01
4,4907 4,5231
4,1709 4,2032
4,6043 4,6373
5,2300 5,2634
152 12:02
4,4906 4,5230
4,1702 4,2025
4,6044 4,6374
5,2308 5,2642
153 12:03
4,4906 4,5230
4,1698 4,2021
4,6045 4,6375
5,2308 5,2642
154 12:04
4,4906 4,5230
4,1700 4,2023
4,6051 4,6381
5,2308 5,2642
155 12:05
4,4892 4,5216
4,1685 4,2008
4,6037 4,6367
5,2291 5,2625
156 12:06
4,4892 4,5216
4,1687 4,2010
4,6035 4,6365
5,2290 5,2625
157 12:07
4,4891 4,5215
4,1685 4,2008
4,6031 4,6361
5,2289 5,2624
158 12:08
4,4889 4,5213
4,1681 4,2004
4,6029 4,6359
5,2287 5,2622
159 12:09
4,4893 4,5217
4,1686 4,2009
4,6033 4,6363
5,2295 5,2630
160 12:10
4,4890 4,5214
4,1676 4,1999
4,6028 4,6358
5,2286 5,2621
161 12:11
4,4888 4,5214
4,1677 4,2000
4,6025 4,6355
5,2290 5,2625
162 12:12
4,4898 4,5224
4,1688 4,2011
4,6037 4,6367
5,2301 5,2636
163 12:13
4,4900 4,5226
4,1688 4,2011
4,6037 4,6367
5,2305 5,2640
164 12:14
4,4901 4,5227
4,1689 4,2012
4,6038 4,6368
5,2308 5,2643
165 12:15
4,4903 4,5229
4,1691 4,2014
4,6038 4,6368
5,2311 5,2646
166 12:16
4,4903 4,5227
4,1688 4,2011
4,6029 4,6359
5,2307 5,2641
167 12:17
4,4903 4,5227
4,1686 4,2009
4,6032 4,6362
5,2304 5,2638
168 12:18
4,4905 4,5229
4,1690 4,2013
4,6039 4,6369
5,2304 5,2638
169 12:19
4,4903 4,5227
4,1688 4,2011
4,6039 4,6369
5,2302 5,2636
170 12:20
4,4905 4,5229
4,1688 4,2011
4,6041 4,6371
5,2307 5,2641
171 12:21
4,4899 4,5223
4,1682 4,2005
4,6035 4,6365
5,2292 5,2627
172 12:22
4,4898 4,5222
4,1681 4,2004
4,6039 4,6369
5,2291 5,2626
173 12:23
4,4898 4,5222
4,1679 4,2002
4,6034 4,6364
5,2288 5,2623
174 12:24
4,4888 4,5212
4,1678 4,2001
4,6028 4,6358
5,2271 5,2606
175 12:25
4,4886 4,5210
4,1676 4,1999
4,6026 4,6356
5,2269 5,2604
176 12:26
4,4885 4,5209
4,1677 4,2000
4,6030 4,6360
5,2266 5,2600
177 12:27
4,4883 4,5207
4,1673 4,1996
4,6026 4,6356
5,2255 5,2589
178 12:28
4,4888 4,5212
4,1678 4,2001
4,6035 4,6365
5,2256 5,2590
179 12:29
4,4888 4,5212
4,1680 4,2003
4,6035 4,6365
5,2259 5,2593
180 12:30
4,4880 4,5204
4,1672 4,1995
4,6032 4,6362
5,2256 5,2590
181 12:31
4,4878 4,5202
4,1667 4,1990
4,6028 4,6358
5,2253 5,2588
182 12:32
4,4881 4,5205
4,1671 4,1994
4,6031 4,6361
5,2259 5,2594
183 12:33
4,4877 4,5201
4,1664 4,1987
4,6026 4,6356
5,2255 5,2590
184 12:34
4,4877 4,5201
4,1658 4,1981
4,6022 4,6352
5,2242 5,2577
185 12:35
4,4879 4,5203
4,1662 4,1985
4,6031 4,6361
5,2245 5,2580
186 12:36
4,4878 4,5202
4,1661 4,1984
4,6030 4,6360
5,2245 5,2578
187 12:37
4,4877 4,5201
4,1659 4,1982
4,6028 4,6358
5,2243 5,2576
188 12:38
4,4877 4,5201
4,1658 4,1981
4,6026 4,6356
5,2240 5,2573
189 12:39
4,4877 4,5201
4,1660 4,1983
4,6026 4,6356
5,2241 5,2574
190 12:40
4,4879 4,5203
4,1664 4,1987
4,6028 4,6358
5,2243 5,2576
191 12:41
4,4877 4,5203
4,1653 4,1976
4,6027 4,6358
5,2247 5,2582
192 12:42
4,4877 4,5203
4,1655 4,1978
4,6027 4,6358
5,2244 5,2579
193 12:43
4,4873 4,5199
4,1651 4,1974
4,6023 4,6354
5,2239 5,2574
194 12:44
4,4875 4,5201
4,1653 4,1976
4,6028 4,6359
5,2241 5,2576
195 12:45
4,4875 4,5201
4,1649 4,1972
4,6023 4,6354
5,2238 5,2573
196 12:46
4,4876 4,5200
4,1651 4,1974
4,6022 4,6354
5,2238 5,2573
197 12:47
4,4876 4,5200
4,1651 4,1974
4,6024 4,6356
5,2232 5,2567
198 12:48
4,4874 4,5198
4,1649 4,1972
4,6034 4,6366
5,2225 5,2560
199 12:49
4,4878 4,5202
4,1653 4,1976
4,6043 4,6375
5,2234 5,2569
200 12:50
4,4880 4,5204
4,1668 4,1991
4,6040 4,6372
5,2237 5,2572
201 12:51
4,4880 4,5206
4,1667 4,1990
4,6033 4,6363
5,2232 5,2567
202 12:52
4,4881 4,5207
4,1672 4,1995
4,6032 4,6362
5,2236 5,2571
203 12:53
4,4881 4,5207
4,1674 4,1997
4,6032 4,6362
5,2236 5,2571
204 12:54
4,4880 4,5206
4,1675 4,1998
4,6026 4,6356
5,2232 5,2567
205 12:55
4,4876 4,5202
4,1672 4,1995
4,6022 4,6352
5,2224 5,2559
206 12:56
4,4877 4,5201
4,1670 4,1993
4,6029 4,6359
5,2233 5,2567
207 12:57
4,4882 4,5206
4,1680 4,2003
4,6039 4,6369
5,2243 5,2577
208 12:58
4,4874 4,5198
4,1677 4,2000
4,6014 4,6344
5,2237 5,2571
209 12:59
4,4872 4,5196
4,1673 4,1996
4,6007 4,6337
5,2235 5,2569
210 13:00
4,4873 4,5197
4,1676 4,1999
4,6015 4,6345
5,2241 5,2575
211 13:01
4,4870 4,5194
4,1675 4,1998
4,6008 4,6338
5,2252 5,2586
212 13:02
4,4870 4,5194
4,1673 4,1996
4,6000 4,6330
5,2245 5,2579
213 13:03
4,4866 4,5190
4,1667 4,1990
4,6001 4,6331
5,2240 5,2574
214 13:04
4,4859 4,5183
4,1665 4,1988
4,5989 4,6319
5,2222 5,2556
215 13:05
4,4859 4,5183
4,1659 4,1982
4,5982 4,6312
5,2216 5,2550
216 13:06
4,4858 4,5182
4,1661 4,1984
4,5988 4,6318
5,2214 5,2549
217 13:07
4,4857 4,5181
4,1663 4,1986
4,5989 4,6319
5,2213 5,2548
218 13:08
4,4856 4,5180
4,1660 4,1983
4,6000 4,6330
5,2215 5,2550
219 13:09
4,4850 4,5174
4,1654 4,1977
4,5994 4,6324
5,2214 5,2549
220 13:10
4,4851 4,5175
4,1663 4,1986
4,5986 4,6316
5,2215 5,2550
221 13:11
4,4854 4,5178
4,1668 4,1991
4,5986 4,6316
5,2226 5,2560
222 13:12
4,4852 4,5176
4,1666 4,1989
4,5982 4,6312
5,2233 5,2567
223 13:13
4,4834 4,5158
4,1649 4,1972
4,5963 4,6293
5,2212 5,2546
224 13:14
4,4839 4,5163
4,1642 4,1965
4,5969 4,6299
5,2215 5,2549
225 13:15
4,4844 4,5168
4,1649 4,1972
4,5975 4,6305
5,2205 5,2539
226 13:16
4,4844 4,5168
4,1649 4,1972
4,5976 4,6306
5,2208 5,2541
227 13:17
4,4850 4,5174
4,1668 4,1991
4,5980 4,6310
5,2216 5,2549
228 13:18
4,4855 4,5179
4,1669 4,1992
4,5983 4,6313
5,2221 5,2554
229 13:19
4,4856 4,5180
4,1669 4,1992
4,5974 4,6304
5,2221 5,2554
230 13:20
4,4856 4,5180
4,1670 4,1993
4,5976 4,6306
5,2222 5,2555
231 13:21
4,4856 4,5180
4,1671 4,1994
4,5976 4,6306
5,2219 5,2553
232 13:22
4,4857 4,5181
4,1676 4,1999
4,5975 4,6305
5,2223 5,2557
233 13:23
4,4857 4,5181
4,1672 4,1995
4,5975 4,6305
5,2229 5,2563
234 13:24
4,4855 4,5179
4,1676 4,1999
4,5973 4,6303
5,2221 5,2555
235 13:25
4,4852 4,5176
4,1674 4,1997
4,5973 4,6303
5,2217 5,2551
236 13:26
4,4850 4,5174
4,1666 4,1989
4,5966 4,6296
5,2220 5,2554
237 13:27
4,4863 4,5187
4,1674 4,1997
4,5984 4,6314
5,2236 5,2570
238 13:28
4,4864 4,5188
4,1681 4,2004
4,5985 4,6315
5,2241 5,2575
239 13:29
4,4864 4,5188
4,1677 4,2000
4,5985 4,6315
5,2241 5,2575
240 13:30
4,4864 4,5188
4,1667 4,1990
4,5982 4,6312
5,2228 5,2562
241 13:31
4,4864 4,5188
4,1675 4,1998
4,5973 4,6303
5,2228 5,2562
242 13:32
4,4869 4,5193
4,1676 4,1999
4,5978 4,6308
5,2231 5,2565
243 13:33
4,4866 4,5190
4,1671 4,1994
4,5975 4,6305
5,2224 5,2558
244 13:34
4,4866 4,5190
4,1671 4,1994
4,5970 4,6300
5,2215 5,2549
245 13:35
4,4860 4,5184
4,1671 4,1994
4,5964 4,6294
5,2214 5,2548
246 13:36
4,4835 4,5159
4,1644 4,1967
4,5936 4,6266
5,2179 5,2513
247 13:37
4,4830 4,5154
4,1639 4,1962
4,5930 4,6260
5,2170 5,2504
248 13:38
4,4829 4,5153
4,1642 4,1965
4,5925 4,6255
5,2169 5,2503
249 13:39
4,4829 4,5153
4,1646 4,1969
4,5925 4,6255
5,2169 5,2503
250 13:40
4,4829 4,5153
4,1642 4,1965
4,5925 4,6255
5,2165 5,2499
251 13:41
4,4828 4,5152
4,1642 4,1965
4,5922 4,6252
5,2171 5,2505
252 13:42
4,4835 4,5159
4,1644 4,1967
4,5929 4,6259
5,2180 5,2514
253 13:43
4,4829 4,5153
4,1639 4,1962
4,5925 4,6255
5,2178 5,2512
254 13:44
4,4826 4,5150
4,1634 4,1957
4,5922 4,6252
5,2176 5,2510
255 13:45
4,4824 4,5148
4,1632 4,1955
4,5924 4,6254
5,2179 5,2513
256 13:46
4,4822 4,5146
4,1636 4,1959
4,5920 4,6250
5,2176 5,2510
257 13:47
4,4821 4,5145
4,1629 4,1952
4,5919 4,6249
5,2172 5,2506
258 13:48
4,4797 4,5121
4,1615 4,1938
4,5899 4,6229
5,2147 5,2481
259 13:49
4,4803 4,5127
4,1621 4,1944
4,5906 4,6236
5,2155 5,2489
260 13:50
4,4811 4,5135
4,1630 4,1953
4,5914 4,6244
5,2163 5,2497
261 13:51
4,4826 4,5150
4,1644 4,1967
4,5931 4,6261
5,2178 5,2513
262 13:52
4,4835 4,5159
4,1659 4,1982
4,5943 4,6273
5,2188 5,2523
263 13:53
4,4847 4,5171
4,1673 4,1996
4,5958 4,6288
5,2209 5,2544
264 13:54
4,4844 4,5168
4,1670 4,1993
4,5960 4,6290
5,2217 5,2552
265 13:55
4,4838 4,5162
4,1664 4,1987
4,5956 4,6286
5,2215 5,2550
266 13:56
4,4828 4,5152
4,1665 4,1988
4,5945 4,6275
5,2202 5,2536
267 13:57
4,4828 4,5152
4,1657 4,1980
4,5934 4,6264
5,2202 5,2536
268 13:58
4,4826 4,5150
4,1663 4,1986
4,5935 4,6265
5,2203 5,2537
269 13:59
4,4825 4,5149
4,1664 4,1987
4,5934 4,6264
5,2204 5,2538
270 14:00
4,4820 4,5144
4,1665 4,1988
4,5932 4,6262
5,2203 5,2537
271 14:01
4,4809 4,5133
4,1647 4,1970
4,5914 4,6244
5,2177 5,2511
272 14:02
4,4806 4,5130
4,1639 4,1962
4,5911 4,6241
5,2176 5,2510
273 14:03
4,4801 4,5125
4,1632 4,1955
4,5904 4,6234
5,2164 5,2498
274 14:04
4,4807 4,5131
4,1636 4,1959
4,5912 4,6242
5,2165 5,2499
275 14:05
4,4805 4,5129
4,1634 4,1957
4,5908 4,6238
5,2169 5,2503
276 14:06
4,4805 4,5129
4,1632 4,1955
4,5908 4,6238
5,2172 5,2506
277 14:07
4,4801 4,5125
4,1628 4,1951
4,5904 4,6234
5,2167 5,2501
278 14:08
4,4801 4,5125
4,1628 4,1951
4,5904 4,6234
5,2167 5,2501
279 14:09
4,4792 4,5116
4,1620 4,1943
4,5894 4,6224
5,2157 5,2491
280 14:10
4,4792 4,5116
4,1622 4,1945
4,5894 4,6224
5,2157 5,2491
281 14:11
4,4789 4,5113
4,1610 4,1933
4,5890 4,6217
5,2144 5,2478
282 14:12
4,4791 4,5115
4,1619 4,1942
4,5897 4,6227
5,2150 5,2484
283 14:13
4,4791 4,5115
4,1621 4,1944
4,5898 4,6228
5,2152 5,2486
284 14:14
4,4788 4,5112
4,1616 4,1939
4,5890 4,6220
5,2149 5,2483
285 14:15
4,4787 4,5111
4,1621 4,1944
4,5892 4,6222
5,2157 5,2491
286 14:16
4,4784 4,5108
4,1610 4,1933
4,5890 4,6216
5,2151 5,2485
287 14:17
4,4785 4,5109
4,1609 4,1932
4,5890 4,6220
5,2152 5,2486
288 14:18
4,4781 4,5105
4,1611 4,1934
4,5890 4,6220
5,2144 5,2478
289 14:19
4,4783 4,5107
4,1619 4,1942
4,5895 4,6225
5,2147 5,2481
290 14:20
4,4775 4,5099
4,1612 4,1935
4,5890 4,6214
5,2137 5,2471
291 14:21
4,4778 4,5102
4,1622 4,1945
4,5890 4,6215
5,2150 5,2484
292 14:22
4,4776 4,5100
4,1619 4,1942
4,5890 4,6220
5,2147 5,2481
293 14:23
4,4775 4,5099
4,1616 4,1939
4,5890 4,6216
5,2146 5,2480
294 14:24
4,4779 4,5103
4,1627 4,1950
4,5895 4,6225
5,2151 5,2485
295 14:25
4,4779 4,5103
4,1623 4,1946
4,5895 4,6225
5,2151 5,2485
296 14:26
4,4759 4,5083
4,1593 4,1916
4,5890 4,6205
5,2128 5,2462
297 14:27
4,4761 4,5085
4,1593 4,1916
4,5891 4,6221
5,2126 5,2460
298 14:28
4,4761 4,5085
4,1587 4,1910
4,5898 4,6228
5,2124 5,2458
299 14:29
4,4782 4,5106
4,1608 4,1931
4,5919 4,6249
5,2154 5,2488
300 14:30
4,4775 4,5099
4,1600 4,1927
4,5900 4,6241
5,2149 5,2492
301 14:31
4,4763 4,5087
4,1624 4,1947
4,5890 4,6196
5,2165 5,2499
302 14:32
4,4766 4,5090
4,1635 4,1958
4,5890 4,6203
5,2148 5,2482
303 14:33
4,4765 4,5089
4,1665 4,1988
4,5890 4,6205
5,2165 5,2499
304 14:34
4,4762 4,5086
4,1637 4,1960
4,5890 4,6202
5,2150 5,2484
305 14:35
4,4762 4,5086
4,1613 4,1936
4,5893 4,6226
5,2155 5,2489
306 14:36
4,4763 4,5086
4,1600 4,1923
4,5893 4,6226
5,2146 5,2480
307 14:37
4,4759 4,5082
4,1611 4,1934
4,5890 4,6208
5,2127 5,2461
308 14:38
4,4743 4,5066
4,1574 4,1897
4,5890 4,6192
5,2108 5,2442
309 14:39
4,4741 4,5064
4,1564 4,1887
4,5890 4,6190
5,2102 5,2436
310 14:40
4,4726 4,5049
4,1554 4,1877
4,5890 4,6179
5,2092 5,2426
311 14:41
4,4715 4,5038
4,1553 4,1876
4,5890 4,6176
5,2072 5,2406
312 14:42
4,4727 4,5050
4,1564 4,1887
4,5890 4,6188
5,2083 5,2417
313 14:43
4,4734 4,5057
4,1590 4,1913
4,5890 4,6205
5,2091 5,2425
314 14:44
4,4750 4,5073
4,1605 4,1928
4,5895 4,6226
5,2110 5,2444
315 14:45
4,4750 4,5073
4,1605 4,1928
4,5890 4,6214
5,2129 5,2463
316 14:46
4,4766 4,5089
4,1620 4,1943
4,5904 4,6236
5,2147 5,2481
317 14:47
4,4766 4,5089
4,1649 4,1972
4,5907 4,6239
5,2150 5,2484
318 14:48
4,4767 4,5090
4,1650 4,1973
4,5908 4,6240
5,2148 5,2482
319 14:49
4,4764 4,5087
4,1647 4,1970
4,5907 4,6239
5,2138 5,2472
320 14:50
4,4763 4,5086
4,1660 4,1983
4,5890 4,6217
5,2137 5,2471
321 14:51
4,4761 4,5084
4,1668 4,1991
4,5890 4,6209
5,2134 5,2469
322 14:52
Definite connection error