#======================
2023-6-20
# 1.EUR, 2.USD, 3.CHF, 4.GBP
Sell Price, Buy Price
1 10:12
4,4258 4,4580
4,0453 4,0775
4,5124 4,5452
5,1791 5,2123
2 10:13
4,4258 4,4580
4,0457 4,0779
4,5122 4,5450
5,1789 5,2121
3 10:14
4,4230 4,4552
4,0433 4,0755
4,5102 4,5430
5,1756 5,2088
4 10:15
4,4226 4,4548
4,0426 4,0748
4,5093 4,5421
5,1752 5,2084
5 10:16
4,4229 4,4551
4,0430 4,0752
4,5094 4,5422
5,1758 5,2090
6 10:17
4,4229 4,4551
4,0423 4,0745
4,5097 4,5425
5,1752 5,2084
7 10:18
4,4230 4,4552
4,0420 4,0742
4,5093 4,5421
5,1751 5,2083
8 10:19
4,4231 4,4553
4,0425 4,0747
4,5094 4,5422
5,1754 5,2086
9 10:20
4,4231 4,4553
4,0428 4,0750
4,5092 4,5420
5,1754 5,2086
10 10:21
4,4232 4,4554
4,0429 4,0751
4,5095 4,5423
5,1752 5,2084
11 10:22
4,4232 4,4554
4,0435 4,0757
4,5109 4,5437
5,1763 5,2095
12 10:23
4,4228 4,4550
4,0428 4,0750
4,5108 4,5436
5,1757 5,2089
13 10:24
4,4224 4,4546
4,0424 4,0746
4,5106 4,5434
5,1747 5,2079
14 10:25
4,4222 4,4544
4,0418 4,0740
4,5115 4,5443
5,1741 5,2073
15 10:26
4,4214 4,4536
4,0411 4,0733
4,5095 4,5423
5,1730 5,2062
16 10:27
4,4216 4,4538
4,0422 4,0744
4,5104 4,5432
5,1725 5,2057
17 10:28
4,4224 4,4546
4,0424 4,0746
4,5117 4,5445
5,1726 5,2058
18 10:29
4,4219 4,4541
4,0414 4,0736
4,5112 4,5440
5,1719 5,2051
19 10:30
4,4219 4,4541
4,0414 4,0736
4,5115 4,5443
5,1726 5,2058
20 10:31
4,4222 4,4544
4,0417 4,0739
4,5117 4,5445
5,1735 5,2067
21 10:32
4,4229 4,4551
4,0424 4,0746
4,5122 4,5450
5,1742 5,2074
22 10:33
4,4229 4,4551
4,0436 4,0758
4,5117 4,5445
5,1743 5,2075
23 10:34
4,4224 4,4546
4,0435 4,0757
4,5117 4,5445
5,1743 5,2075
24 10:35
4,4222 4,4544
4,0441 4,0763
4,5122 4,5450
5,1749 5,2081
25 10:36
4,4221 4,4543
4,0442 4,0764
4,5119 4,5447
5,1745 5,2077
26 10:37
4,4227 4,4549
4,0440 4,0762
4,5122 4,5450
5,1740 5,2072
27 10:38
4,4231 4,4553
4,0437 4,0759
4,5126 4,5454
5,1745 5,2077
28 14:51
4,4254 4,4575
4,0544 4,0865
4,5147 4,5475
5,1644 5,1976
29 14:52
4,4259 4,4580
4,0551 4,0872
4,5152 4,5480
5,1650 5,1982
30 14:53
4,4257 4,4578
4,0549 4,0870
4,5157 4,5485
5,1641 5,1973
31 14:54
4,4252 4,4573
4,0539 4,0860
4,5154 4,5482
5,1635 5,1967
32 14:55
4,4256 4,4577
4,0535 4,0856
4,5158 4,5486
5,1652 5,1984
33 14:56
4,4255 4,4576
4,0532 4,0853
4,5157 4,5485
5,1657 5,1989
34 14:57
4,4259 4,4580
4,0536 4,0857
4,5161 4,5489
5,1666 5,1998
35 14:58
4,4258 4,4579
4,0530 4,0851
4,5160 4,5488
5,1663 5,1995
36 14:59
4,4250 4,4571
4,0517 4,0838
4,5150 4,5478
5,1648 5,1980
37 15:00
4,4249 4,4570
4,0519 4,0840
4,5149 4,5477
5,1653 5,1985
38 15:01
4,4258 4,4579
4,0537 4,0858
4,5164 4,5492
5,1667 5,1999
39 15:02
4,4262 4,4583
4,0555 4,0876
4,5171 4,5499
5,1679 5,2011
40 15:03
4,4269 4,4590
4,0565 4,0886
4,5180 4,5508
5,1675 5,2007
41 15:04
4,4264 4,4585
4,0564 4,0885
4,5177 4,5505
5,1679 5,2011
42 15:05
4,4258 4,4579
4,0566 4,0887
4,5171 4,5499
5,1678 5,2010
43 15:06
4,4254 4,4576
4,0564 4,0885
4,5168 4,5497
5,1681 5,2013
44 15:07
4,4254 4,4576
4,0558 4,0879
4,5162 4,5491
5,1683 5,2015
45 15:08
4,4263 4,4585
4,0563 4,0884
4,5168 4,5497
5,1692 5,2024
46 15:09
4,4263 4,4585
4,0574 4,0895
4,5175 4,5504
5,1698 5,2030
47 15:10
4,4270 4,4592
4,0577 4,0898
4,5180 4,5509
5,1702 5,2034
48 15:11
4,4272 4,4593
4,0567 4,0888
4,5181 4,5510
5,1697 5,2029
49 15:12
4,4274 4,4595
4,0568 4,0889
4,5183 4,5512
5,1695 5,2027
50 15:13
4,4273 4,4594
4,0564 4,0885
4,5182 4,5511
5,1693 5,2025
51 15:14
4,4273 4,4594
4,0582 4,0903
4,5178 4,5507
5,1697 5,2029
52 15:15
4,4269 4,4590
4,0579 4,0900
4,5174 4,5503
5,1691 5,2023
53 15:16
4,4268 4,4589
4,0578 4,0899
4,5170 4,5499
5,1705 5,2037
54 15:17
4,4269 4,4590
4,0579 4,0900
4,5162 4,5491
5,1695 5,2027
55 15:18
4,4267 4,4588
4,0573 4,0894
4,5155 4,5484
5,1689 5,2021
56 15:19
4,4267 4,4588
4,0573 4,0894
4,5160 4,5489
5,1686 5,2018
57 15:20
4,4262 4,4583
4,0561 4,0882
4,5150 4,5479
5,1677 5,2009
58 15:21
4,4252 4,4573
4,0550 4,0871
4,5140 4,5468
5,1662 5,1994
59 15:22
4,4253 4,4574
4,0557 4,0878
4,5136 4,5464
5,1661 5,1993
60 15:23
4,4252 4,4573
4,0550 4,0871
4,5135 4,5463
5,1656 5,1988
61 15:24
4,4253 4,4574
4,0553 4,0874
4,5132 4,5460
5,1655 5,1987
62 15:25
4,4263 4,4584
4,0558 4,0879
4,5146 4,5474
5,1666 5,1998
63 15:26
4,4258 4,4579
4,0563 4,0884
4,5151 4,5479
5,1669 5,2001
64 15:27
4,4254 4,4575
4,0561 4,0882
4,5147 4,5475
5,1671 5,2003
65 15:28
4,4251 4,4572
4,0555 4,0876
4,5144 4,5472
5,1667 5,1999
66 15:29
4,4250 4,4571
4,0545 4,0866
4,5143 4,5471
5,1676 5,2008
67 15:30
4,4241 4,4562
4,0531 4,0852
4,5145 4,5473
5,1656 5,1988
68 15:31
4,4240 4,4561
4,0524 4,0845
4,5142 4,5470
5,1655 5,1987
69 15:32
4,4234 4,4555
4,0515 4,0836
4,5131 4,5459
5,1644 5,1976
70 15:33
4,4235 4,4556
4,0510 4,0831
4,5130 4,5458
5,1643 5,1975
71 15:34
4,4234 4,4555
4,0504 4,0825
4,5126 4,5454
5,1641 5,1973
72 15:35
4,4234 4,4555
4,0493 4,0814
4,5112 4,5440
5,1636 5,1968
73 15:36
4,4234 4,4555
4,0495 4,0816
4,5112 4,5440
5,1636 5,1968
74 15:37
4,4234 4,4555
4,0487 4,0808
4,5110 4,5438
5,1631 5,1963
75 15:38
4,4239 4,4560
4,0497 4,0818
4,5112 4,5440
5,1629 5,1961
76 15:39
4,4239 4,4560
4,0501 4,0822
4,5110 4,5438
5,1641 5,1973
77 15:40
4,4245 4,4566
4,0518 4,0839
4,5117 4,5445
5,1642 5,1974
78 15:41
4,4247 4,4568
4,0532 4,0853
4,5114 4,5442
5,1627 5,1959
79 15:42
4,4248 4,4569
4,0539 4,0860
4,5122 4,5450
5,1631 5,1963
80 15:43
4,4250 4,4571
4,0547 4,0868
4,5122 4,5450
5,1630 5,1962
81 15:44
4,4252 4,4573
4,0539 4,0860
4,5127 4,5455
5,1639 5,1971
82 15:45
4,4254 4,4575
4,0546 4,0867
4,5126 4,5454
5,1649 5,1981
83 15:46
4,4257 4,4578
4,0547 4,0868
4,5127 4,5455
5,1650 5,1982
84 15:47
4,4259 4,4580
4,0545 4,0866
4,5129 4,5457
5,1643 5,1975
85 15:48
4,4271 4,4592
4,0558 4,0879
4,5141 4,5469
5,1657 5,1989
86 15:49
4,4263 4,4584
4,0558 4,0879
4,5132 4,5460
5,1654 5,1986
87 15:50
4,4248 4,4569
4,0537 4,0858
4,5123 4,5451
5,1630 5,1962
88 15:51
4,4248 4,4569
4,0535 4,0856
4,5122 4,5450
5,1630 5,1962
89 15:52
4,4241 4,4562
4,0527 4,0848
4,5108 4,5436
5,1622 5,1954
90 15:53
4,4236 4,4557
4,0515 4,0836
4,5103 4,5431
5,1610 5,1942
91 15:54
4,4234 4,4555
4,0511 4,0832
4,5103 4,5431
5,1608 5,1940
92 15:55
4,4226 4,4547
4,0510 4,0831
4,5093 4,5421
5,1599 5,1931
93 15:56
4,4223 4,4544
4,0503 4,0824
4,5092 4,5420
5,1593 5,1925
94 15:57
4,4233 4,4554
4,0512 4,0833
4,5105 4,5433
5,1601 5,1933
95 15:58
4,4247 4,4568
4,0530 4,0851
4,5125 4,5453
5,1612 5,1944
96 15:59
4,4248 4,4569
4,0539 4,0860
4,5126 4,5454
5,1615 5,1947
97 16:00
4,4248 4,4569
4,0525 4,0846
4,5131 4,5459
5,1606 5,1938
98 16:01
4,4285 4,4606
4,0562 4,0883
4,5165 4,5493
5,1647 5,1979
99 16:02
4,4294 4,4615
4,0555 4,0876
4,5173 4,5501
5,1656 5,1988
100 16:03
4,4285 4,4606
4,0564 4,0885
4,5160 4,5488
5,1647 5,1979
101 16:04
4,4284 4,4605
4,0559 4,0880
4,5163 4,5491
5,1645 5,1977
102 16:05
4,4263 4,4584
4,0538 4,0859
4,5144 4,5472
5,1615 5,1947
103 16:06
4,4272 4,4593
4,0548 4,0869
4,5153 4,5481
5,1623 5,1955
104 16:07
4,4282 4,4603
4,0567 4,0888
4,5161 4,5489
5,1642 5,1974
105 16:08
4,4284 4,4605
4,0563 4,0884
4,5163 4,5491
5,1645 5,1977
106 16:09
4,4285 4,4606
4,0563 4,0884
4,5167 4,5495
5,1647 5,1979
107 16:10
4,4290 4,4611
4,0566 4,0887
4,5171 4,5499
5,1652 5,1984
108 16:11
4,4292 4,4613
4,0562 4,0883
4,5176 4,5504
5,1672 5,2004
109 16:12
4,4293 4,4614
4,0560 4,0881
4,5173 4,5501
5,1679 5,2011
110 16:13
4,4295 4,4616
4,0569 4,0890
4,5170 4,5498
5,1678 5,2010
111 16:14
4,4315 4,4636
4,0582 4,0903
4,5195 4,5523
5,1702 5,2034
112 16:15
4,4314 4,4635
4,0581 4,0902
4,5192 4,5520
5,1701 5,2033
113 16:16
4,4314 4,4635
4,0590 4,0911
4,5185 4,5513
5,1702 5,2034
114 16:17
4,4313 4,4634
4,0589 4,0910
4,5188 4,5516
5,1703 5,2035
115 16:18
4,4309 4,4630
4,0584 4,0905
4,5180 4,5508
5,1702 5,2034
116 16:19
4,4308 4,4629
4,0596 4,0917
4,5179 4,5507
5,1713 5,2045
117 16:20
4,4296 4,4617
4,0590 4,0911
4,5171 4,5499
5,1696 5,2028
118 16:21
4,4302 4,4623
4,0590 4,0911
4,5177 4,5505
5,1706 5,2038
119 16:22
4,4319 4,4640
4,0626 4,0947
4,5197 4,5525
5,1728 5,2060
120 16:23
4,4325 4,4646
4,0632 4,0953
4,5203 4,5531
5,1736 5,2068
121 16:24
4,4330 4,4651
4,0642 4,0963
4,5210 4,5538
5,1747 5,2079
122 16:25
4,4329 4,4650
4,0647 4,0968
4,5205 4,5533
5,1746 5,2078
123 16:26
4,4345 4,4666
4,0662 4,0983
4,5211 4,5539
5,1756 5,2088
124 16:27
4,4347 4,4668
4,0669 4,0990
4,5214 4,5542
5,1761 5,2093
125 16:28
4,4347 4,4668
4,0676 4,0997
4,5221 4,5549
5,1764 5,2096
126 16:29
4,4340 4,4661
4,0666 4,0987
4,5216 4,5544
5,1764 5,2096
127 16:30
4,4342 4,4663
4,0672 4,0993
4,5212 4,5540
5,1767 5,2099
128 16:31
4,4333 4,4655
4,0670 4,0991
4,5201 4,5529
5,1756 5,2088
129 16:32
4,4334 4,4656
4,0675 4,0996
4,5204 4,5532
5,1763 5,2095
130 16:33
4,4333 4,4655
4,0665 4,0986
4,5201 4,5529
5,1761 5,2093
131 16:34
4,4332 4,4654
4,0669 4,0990
4,5193 4,5521
5,1754 5,2086
132 16:35
4,4333 4,4655
4,0667 4,0988
4,5207 4,5535
5,1750 5,2082
133 16:36
4,4333 4,4654
4,0670 4,0991
4,5197 4,5525
5,1749 5,2081
134 16:37
4,4335 4,4656
4,0664 4,0985
4,5204 4,5532
5,1747 5,2079
135 16:38
4,4334 4,4655
4,0659 4,0980
4,5198 4,5526
5,1749 5,2081
136 16:39
4,4332 4,4653
4,0648 4,0969
4,5201 4,5529
5,1755 5,2087
137 16:40
4,4330 4,4651
4,0648 4,0969
4,5192 4,5520
5,1744 5,2076
138 16:41
4,4328 4,4649
4,0663 4,0984
4,5185 4,5513
5,1742 5,2074
139 16:42
4,4327 4,4648
4,0656 4,0977
4,5193 4,5521
5,1749 5,2081
140 16:43
4,4327 4,4648
4,0660 4,0981
4,5203 4,5531
5,1750 5,2082
141 16:44
4,4317 4,4638
4,0655 4,0976
4,5188 4,5516
5,1741 5,2073
142 16:45
4,4319 4,4640
4,0660 4,0981
4,5199 4,5527
5,1747 5,2079
143 16:46
4,4316 4,4637
4,0669 4,0990
4,5192 4,5520
5,1746 5,2078
144 16:47
4,4311 4,4632
4,0671 4,0992
4,5189 4,5517
5,1750 5,2082
145 16:48
4,4315 4,4636
4,0668 4,0989
4,5197 4,5525
5,1756 5,2088
146 16:49
4,4331 4,4652
4,0684 4,1005
4,5221 4,5549
5,1773 5,2105
147 16:50
4,4321 4,4642
4,0673 4,0994
4,5201 4,5529
5,1761 5,2093
148 16:51
4,4320 4,4641
4,0676 4,0997
4,5211 4,5539
5,1760 5,2092
149 16:52
4,4320 4,4641
4,0669 4,0990
4,5209 4,5537
5,1760 5,2092
150 16:53
4,4314 4,4635
4,0661 4,0982
4,5205 4,5533
5,1762 5,2094
151 16:54
4,4314 4,4635
4,0661 4,0982
4,5203 4,5531
5,1762 5,2094
152 16:55
4,4304 4,4625
4,0652 4,0973
4,5193 4,5521
5,1749 5,2081
153 16:56
4,4304 4,4625
4,0645 4,0966
4,5195 4,5523
5,1754 5,2086
154 16:57
4,4290 4,4611
4,0624 4,0945
4,5177 4,5505
5,1741 5,2073
155 16:58
4,4292 4,4613
4,0633 4,0954
4,5197 4,5525
5,1767 5,2099
156 16:59
4,4298 4,4619
4,0630 4,0951
4,5203 4,5531
5,1774 5,2106
157 17:00
4,4298 4,4619
4,0631 4,0952
4,5196 4,5524
5,1776 5,2108
158 17:01
4,4296 4,4617
4,0628 4,0949
4,5194 4,5522
5,1778 5,2110
159 17:02
4,4293 4,4614
4,0617 4,0938
4,5191 4,5519
5,1771 5,2103
160 17:03
4,4262 4,4583
4,0587 4,0908
4,5159 4,5487
5,1732 5,2064
161 17:04
4,4261 4,4582
4,0583 4,0904
4,5158 4,5486
5,1746 5,2078
162 17:05
4,4260 4,4581
4,0584 4,0905
4,5158 4,5486
5,1736 5,2068
163 17:06
4,4254 4,4575
4,0577 4,0898
4,5148 4,5476
5,1726 5,2058
164 17:07
4,4252 4,4573
4,0580 4,0901
4,5135 4,5463
5,1725 5,2057
165 17:08
4,4252 4,4573
4,0578 4,0899
4,5131 4,5459
5,1723 5,2055
166 17:09
4,4267 4,4588
4,0593 4,0914
4,5143 4,5471
5,1737 5,2069
167 17:10
4,4283 4,4604
4,0603 4,0924
4,5160 4,5488
5,1756 5,2088
168 17:11
4,4285 4,4606
4,0599 4,0920
4,5167 4,5495
5,1762 5,2094
169 17:12
4,4285 4,4606
4,0595 4,0916
4,5167 4,5495
5,1761 5,2093
170 17:13
4,4286 4,4607
4,0589 4,0910
4,5179 4,5507
5,1763 5,2095
171 17:14
4,4284 4,4605
4,0586 4,0907
4,5177 4,5505
5,1763 5,2095
172 17:15
4,4284 4,4605
4,0588 4,0909
4,5181 4,5509
5,1768 5,2100
173 17:16
4,4285 4,4606
4,0591 4,0912
4,5182 4,5510
5,1774 5,2106
174 17:17
4,4285 4,4606
4,0591 4,0912
4,5182 4,5510
5,1764 5,2096
175 17:18
4,4284 4,4605
4,0590 4,0911
4,5191 4,5519
5,1758 5,2090
176 17:19
4,4286 4,4607
4,0589 4,0910
4,5193 4,5521
5,1750 5,2082
177 17:20
4,4290 4,4611
4,0592 4,0913
4,5197 4,5525
5,1753 5,2085
178 17:21
4,4297 4,4618
4,0603 4,0924
4,5200 4,5528
5,1763 5,2095
179 17:22
4,4301 4,4622
4,0613 4,0934
4,5206 4,5534
5,1765 5,2097
180 17:23
4,4302 4,4623
4,0611 4,0932
4,5205 4,5533
5,1772 5,2104
181 17:24
4,4306 4,4627
4,0619 4,0940
4,5208 4,5536
5,1777 5,2109
182 17:25
4,4304 4,4625
4,0613 4,0934
4,5211 4,5539
5,1775 5,2107
183 17:26
4,4303 4,4624
4,0612 4,0933
4,5211 4,5539
5,1774 5,2106
184 17:27
4,4303 4,4624
4,0618 4,0939
4,5210 4,5538
5,1777 5,2109
185 17:28
4,4307 4,4628
4,0627 4,0948
4,5205 4,5533
5,1778 5,2110
186 17:29
4,4307 4,4628
4,0626 4,0947
4,5205 4,5533
5,1778 5,2110
187 17:30
4,4308 4,4629
4,0624 4,0945
4,5206 4,5534
5,1782 5,2114
188 17:31
4,4305 4,4626
4,0613 4,0934
4,5200 4,5528
5,1787 5,2119
189 17:32
4,4307 4,4628
4,0615 4,0936
4,5202 4,5530
5,1796 5,2128
190 17:33
4,4307 4,4628
4,0625 4,0946
4,5201 4,5529
5,1799 5,2131
191 17:34
4,4306 4,4627
4,0626 4,0947
4,5197 4,5525
5,1798 5,2130
192 17:35
4,4306 4,4627
4,0620 4,0941
4,5201 4,5529
5,1801 5,2133
193 17:36
4,4305 4,4626
4,0626 4,0947
4,5196 4,5524
5,1800 5,2132
194 17:37
4,4303 4,4624
4,0621 4,0942
4,5197 4,5525
5,1793 5,2125
195 17:38
4,4302 4,4623
4,0622 4,0943
4,5196 4,5524
5,1793 5,2125
196 17:39
4,4303 4,4624
4,0623 4,0944
4,5201 4,5529
5,1794 5,2126
197 17:40
4,4302 4,4623
4,0623 4,0944
4,5196 4,5524
5,1794 5,2126
198 17:41
4,4302 4,4623
4,0622 4,0943
4,5196 4,5524
5,1803 5,2135
199 17:42
4,4305 4,4626
4,0624 4,0945
4,5198 4,5526
5,1797 5,2129
200 17:43
4,4306 4,4627
4,0635 4,0956
4,5200 4,5528
5,1801 5,2133
201 17:44
4,4307 4,4628
4,0635 4,0956
4,5198 4,5526
5,1805 5,2137
202 17:45
4,4306 4,4627
4,0637 4,0958
4,5197 4,5525
5,1792 5,2124
203 17:46
4,4307 4,4628
4,0634 4,0955
4,5196 4,5524
5,1802 5,2134
204 17:47
4,4299 4,4620
4,0623 4,0944
4,5190 4,5518
5,1795 5,2127
205 17:48
4,4303 4,4624
4,0627 4,0948
4,5192 4,5520
5,1800 5,2132
206 17:49
4,4308 4,4629
4,0631 4,0952
4,5199 4,5527
5,1802 5,2134
207 17:50
4,4304 4,4625
4,0633 4,0954
4,5195 4,5523
5,1789 5,2121
208 17:51
4,4306 4,4627
4,0633 4,0954
4,5190 4,5518
5,1787 5,2119
209 17:52
4,4306 4,4627
4,0635 4,0956
4,5190 4,5518
5,1788 5,2120
210 17:53
4,4308 4,4629
4,0635 4,0956
4,5190 4,5518
5,1785 5,2117
211 17:54
4,4307 4,4628
4,0634 4,0955
4,5186 4,5514
5,1779 5,2111
212 17:55
4,4307 4,4628
4,0630 4,0951
4,5189 4,5517
5,1778 5,2110
213 17:56
4,4306 4,4627
4,0629 4,0950
4,5188 4,5516
5,1776 5,2108
214 17:57
4,4303 4,4624
4,0628 4,0949
4,5182 4,5510
5,1776 5,2108
215 17:58
4,4306 4,4627
4,0629 4,0950
4,5185 4,5513
5,1777 5,2109
216 17:59
4,4304 4,4625
4,0635 4,0956
4,5184 4,5512
5,1769 5,2101
217 18:00
4,4300 4,4621
4,0635 4,0960
4,5184 4,5512
5,1763 5,2095
218 18:01
4,4301 4,4623
4,0635 4,0963
4,5185 4,5513
5,1761 5,2093
219 18:02
4,4298 4,4619
4,0640 4,0963
4,5182 4,5510
5,1751 5,2083
220 18:03
4,4305 4,4626
4,0646 4,0969
4,5190 4,5522
5,1758 5,2090
221 18:04
4,4317 4,4638
4,0657 4,0980
4,5206 4,5534
5,1772 5,2104
222 18:05
4,4323 4,4645
4,0659 4,0983
4,5207 4,5535
5,1778 5,2110
223 18:06
4,4324 4,4648
4,0660 4,0990
4,5213 4,5543
5,1778 5,2120
224 18:07
4,4328 4,4650
4,0664 4,0988
4,5217 4,5545
5,1793 5,2125
225 18:08
4,4330 4,4651
4,0673 4,1000
4,5224 4,5552
5,1793 5,2125
226 18:09
4,4319 4,4640
4,0672 4,0994
4,5208 4,5536
5,1774 5,2106
227 18:10
4,4324 4,4645
4,0672 4,0998
4,5213 4,5541
5,1779 5,2111
228 18:11
4,4324 4,4645
4,0665 4,0991
4,5218 4,5546
5,1786 5,2118
229 18:12
4,4326 4,4647
4,0667 4,0989
4,5215 4,5543
5,1788 5,2120
230 18:13
4,4327 4,4648
4,0663 4,0990
4,5221 4,5549
5,1789 5,2121
231 18:14
4,4328 4,4649
4,0664 4,0987
4,5222 4,5550
5,1791 5,2123
232 18:15
4,4323 4,4644
4,0650 4,0974
4,5212 4,5540
5,1784 5,2116
233 18:16
4,4318 4,4639
4,0640 4,0963
4,5207 4,5535
5,1778 5,2110
234 18:17
4,4317 4,4638
4,0632 4,0953
4,5202 4,5530
5,1772 5,2104
235 18:18
4,4319 4,4640
4,0635 4,0959
4,5207 4,5535
5,1779 5,2111
236 18:19
4,4318 4,4639
4,0636 4,0957
4,5207 4,5535
5,1781 5,2113
237 18:20
4,4317 4,4638
4,0632 4,0953
4,5211 4,5539
5,1784 5,2116
238 18:21
4,4318 4,4639
4,0630 4,0954
4,5211 4,5539
5,1784 5,2116
239 18:22
4,4318 4,4639
4,0630 4,0953
4,5212 4,5540
5,1782 5,2114
240 18:23
4,4318 4,4639
4,0629 4,0954
4,5212 4,5540
5,1785 5,2117
241 18:24
4,4319 4,4640
4,0631 4,0954
4,5213 4,5541
5,1792 5,2124
242 18:25
4,4320 4,4641
4,0630 4,0953
4,5213 4,5542
5,1793 5,2125
243 18:26
4,4330 4,4651
4,0640 4,0964
4,5217 4,5548
5,1805 5,2137
244 18:27
4,4328 4,4649
4,0637 4,0964
4,5213 4,5541
5,1803 5,2135
245 18:28
4,4329 4,4650
4,0636 4,0961
4,5214 4,5542
5,1804 5,2136
246 18:29
4,4328 4,4649
4,0634 4,0957
4,5213 4,5541
5,1806 5,2138
247 18:30
4,4328 4,4649
4,0630 4,0953
4,5213 4,5541
5,1805 5,2137
248 18:31
4,4328 4,4649
4,0628 4,0954
4,5213 4,5541
5,1803 5,2135
249 18:32
4,4327 4,4648
4,0625 4,0952
4,5203 4,5535
5,1802 5,2134
250 18:33
4,4326 4,4647
4,0624 4,0947
4,5202 4,5530
5,1806 5,2138
251 18:34
4,4326 4,4647
4,0624 4,0951
4,5202 4,5534
5,1800 5,2132
252 18:35
4,4326 4,4647
4,0624 4,0947
4,5202 4,5530
5,1800 5,2132
253 18:36
4,4326 4,4647
4,0622 4,0944
4,5201 4,5529
5,1802 5,2134
254 18:37
4,4326 4,4647
4,0622 4,0948
4,5202 4,5530
5,1800 5,2132
255 18:38
4,4326 4,4647
4,0624 4,0951
4,5202 4,5530
5,1803 5,2135
256 18:39
4,4306 4,4665
4,0599 4,0960
4,5182 4,5548
5,1783 5,2159
257 18:40
4,4327 4,4648
4,0622 4,0946
4,5203 4,5531
5,1802 5,2134
258 18:41
4,4320 4,4643
4,0609 4,0937
4,5197 4,5526
5,1795 5,2128
259 18:42
4,4319 4,4643
4,0606 4,0935
4,5194 4,5524
5,1792 5,2127
260 18:43
4,4326 4,4647
4,0614 4,0938
4,5202 4,5530
5,1800 5,2132
261 18:44
4,4325 4,4650
4,0610 4,0936
4,5202 4,5533
5,1800 5,2137
262 18:45
4,4326 4,4651
4,0609 4,0940
4,5203 4,5534
5,1804 5,2140
263 18:46
4,4326 4,4651
4,0613 4,0944
4,5203 4,5534
5,1801 5,2137
264 18:47
4,4329 4,4657
4,0611 4,0944
4,5204 4,5538
5,1816 5,2153
265 18:48
4,4330 4,4654
4,0613 4,0941
4,5205 4,5535
5,1811 5,2146
266 18:49
4,4328 4,4653
4,0601 4,0931
4,5205 4,5536
5,1809 5,2145
267 18:50
4,4329 4,4657
4,0604 4,0937
4,5204 4,5538
5,1809 5,2149
268 18:51
4,4333 4,4654
4,0613 4,0938
4,5209 4,5537
5,1830 5,2162
269 18:52
4,4328 4,4649
4,0609 4,0935
4,5206 4,5536
5,1821 5,2153
270 18:53
4,4328 4,4652
4,0607 4,0936
4,5208 4,5538
5,1827 5,2162
271 18:54
4,4327 4,4648
4,0603 4,0930
4,5203 4,5531
5,1826 5,2158
272 18:55
4,4328 4,4652
4,0607 4,0936
4,5203 4,5533
5,1824 5,2156
273 18:56
4,4329 4,4652
4,0608 4,0933
4,5206 4,5535
5,1828 5,2162
274 18:57
4,4328 4,4649
4,0609 4,0931
4,5205 4,5535
5,1834 5,2166
275 18:58
4,4329 4,4652
4,0612 4,0937
4,5205 4,5539
5,1834 5,2168
276 18:59
4,4328 4,4649
4,0604 4,0931
4,5205 4,5533
5,1827 5,2159
277 19:00
4,4327 4,4648
4,0604 4,0930
4,5207 4,5535
5,1826 5,2158
278 19:01
4,4325 4,4646
4,0602 4,0927
4,5205 4,5533
5,1823 5,2155
279 19:02
4,4325 4,4646
4,0599 4,0922
4,5205 4,5533
5,1824 5,2156
280 19:03
4,4326 4,4648
4,0598 4,0922
4,5206 4,5534
5,1825 5,2158
281 19:04
4,4326 4,4647
4,0600 4,0922
4,5211 4,5539
5,1825 5,2157
282 19:05
4,4326 4,4648
4,0602 4,0926
4,5211 4,5544
5,1824 5,2156
283 19:06
4,4326 4,4648
4,0602 4,0926
4,5213 4,5544
5,1822 5,2154
284 19:07
4,4325 4,4648
4,0597 4,0926
4,5210 4,5544
5,1818 5,2152
285 19:08
4,4323 4,4644
4,0602 4,0926
4,5213 4,5541
5,1819 5,2151
286 19:09
4,4323 4,4644
4,0598 4,0922
4,5210 4,5538
5,1821 5,2153
287 19:10
4,4322 4,4643
4,0599 4,0920
4,5209 4,5537
5,1814 5,2146
288 19:11
4,4322 4,4643
4,0603 4,0924
4,5202 4,5530
5,1816 5,2148
289 19:12
4,4322 4,4643
4,0605 4,0926
4,5202 4,5530
5,1820 5,2152
290 19:13
4,4322 4,4643
4,0607 4,0928
4,5205 4,5533
5,1814 5,2146
291 19:14
4,4321 4,4642
4,0606 4,0927
4,5204 4,5532
5,1813 5,2145
292 19:15
4,4322 4,4643
4,0607 4,0928
4,5204 4,5532
5,1820 5,2152
293 19:16
4,4322 4,4643
4,0610 4,0931
4,5205 4,5533
5,1821 5,2153
294 19:17
4,4322 4,4643
4,0607 4,0928
4,5202 4,5530
5,1817 5,2149
295 19:18
4,4321 4,4642
4,0604 4,0925
4,5201 4,5529
5,1816 5,2148
296 19:19
4,4321 4,4642
4,0602 4,0923
4,5202 4,5530
5,1817 5,2149
297 19:20
4,4322 4,4643
4,0603 4,0924
4,5202 4,5530
5,1819 5,2151
298 19:21
4,4322 4,4643
4,0601 4,0922
4,5202 4,5530
5,1823 5,2155
299 19:22
4,4310 4,4632
4,0583 4,0909
4,5193 4,5521
5,1809 5,2142
300 19:23
4,4312 4,4636
4,0585 4,0914
4,5196 4,5526
5,1808 5,2143
301 19:24
4,4309 4,4639
4,0586 4,0917
4,5193 4,5529
5,1804 5,2146
302 19:25
4,4310 4,4636
4,0583 4,0914
4,5195 4,5532
5,1812 5,2149
303 19:26
4,4311 4,4632
4,0589 4,0913
4,5200 4,5528
5,1814 5,2146
304 19:27
4,4311 4,4632
4,0594 4,0920
4,5201 4,5529
5,1820 5,2152
305 19:28
4,4313 4,4634
4,0595 4,0921
4,5202 4,5530
5,1815 5,2147
306 19:29
4,4312 4,4639
4,0587 4,0919
4,5203 4,5540
5,1815 5,2153
307 19:30
4,4312 4,4639
4,0589 4,0918
4,5203 4,5536
5,1809 5,2148
308 19:31
4,4311 4,4637
4,0584 4,0911
4,5200 4,5532
5,1806 5,2144
309 19:32
4,4310 4,4636
4,0583 4,0914
4,5200 4,5531
5,1806 5,2143
310 19:33
4,4310 4,4637
4,0587 4,0916
4,5201 4,5534
5,1807 5,2146
311 19:34
4,4306 4,4630
4,0580 4,0910
4,5195 4,5525
5,1801 5,2136
312 19:35
4,4305 4,4628
4,0584 4,0912
4,5196 4,5525
5,1800 5,2134
313 19:36
4,4305 4,4630
4,0584 4,0914
4,5196 4,5527
5,1794 5,2130
314 19:37
4,4306 4,4631
4,0585 4,0915
4,5197 4,5528
5,1796 5,2132
315 19:38
4,4309 4,4633
4,0590 4,0916
4,5198 4,5528
5,1793 5,2128
316 19:39
4,4307 4,4633
4,0588 4,0920
4,5196 4,5528
5,1789 5,2127
317 19:40
4,4307 4,4631
4,0590 4,0917
4,5196 4,5526
5,1790 5,2125
318 19:41
4,4308 4,4632
4,0589 4,0919
4,5197 4,5528
5,1796 5,2132
319 19:42
4,4305 4,4634
4,0587 4,0920
4,5191 4,5526
5,1802 5,2135
320 19:43
4,4307 4,4633
4,0584 4,0915
4,5196 4,5528
5,1801 5,2133
321 19:44
4,4306 4,4631
4,0588 4,0916
4,5192 4,5523
5,1796 5,2133
322 19:45
4,4307 4,4631
4,0588 4,0918
4,5191 4,5521
5,1795 5,2127
323 19:46
4,4305 4,4628
4,0590 4,0915
4,5191 4,5520
5,1794 5,2128
324 19:47
4,4305 4,4628
4,0586 4,0915
4,5191 4,5520
5,1794 5,2128
325 19:48
4,4305 4,4628
4,0586 4,0915
4,5191 4,5520
5,1794 5,2128
326 19:49
4,4303 4,4628
4,0588 4,0916
4,5181 4,5516
5,1792 5,2128
327 19:50
4,4286 4,4616
4,0567 4,0902
4,5160 4,5501
5,1774 5,2115
328 19:51
4,4280 4,4603
4,0565 4,0893
4,5155 4,5489
5,1771 5,2105
329 19:52
4,4280 4,4603
4,0565 4,0893
4,5155 4,5489
5,1769 5,2101
330 19:53
4,4280 4,4603
4,0565 4,0893
4,5155 4,5489
5,1769 5,2101
331 19:54
4,4284 4,4609
4,0567 4,0898
4,5165 4,5496
5,1772 5,2107
332 19:55
4,4281 4,4603
4,0564 4,0891
4,5156 4,5488
5,1768 5,2100
333 19:56
4,4282 4,4606
4,0565 4,0895
4,5161 4,5491
5,1772 5,2104
334 19:57
4,4282 4,4603
4,0565 4,0892
4,5161 4,5489
5,1769 5,2101
335 19:58
4,4283 4,4604
4,0567 4,0893
4,5162 4,5490
5,1768 5,2100
336 19:59
4,4291 4,4613
4,0577 4,0904
4,5170 4,5498
5,1771 5,2103
337 20:00
4,4295 4,4616
4,0575 4,0897
4,5175 4,5503
5,1776 5,2108
338 20:01
4,4298 4,4619
4,0575 4,0899
4,5177 4,5505
5,1779 5,2111
339 20:02
4,4297 4,4618
4,0574 4,0898
4,5177 4,5505
5,1776 5,2108
340 20:03
4,4297 4,4618
4,0577 4,0898
4,5177 4,5505
5,1776 5,2108
341 20:04
4,4296 4,4617
4,0575 4,0896
4,5175 4,5503
5,1783 5,2115
342 20:05
4,4296 4,4617
4,0575 4,0896
4,5175 4,5503
5,1778 5,2110
343 20:06
4,4297 4,4618
4,0573 4,0899
4,5176 4,5504
5,1775 5,2107
344 20:07
4,4296 4,4617
4,0576 4,0902
4,5181 4,5509
5,1775 5,2107
345 20:08
4,4297 4,4618
4,0576 4,0902
4,5181 4,5509
5,1777 5,2109
346 20:09
4,4297 4,4618
4,0581 4,0905
4,5179 4,5507
5,1778 5,2110
347 20:10
4,4297 4,4618
4,0581 4,0905
4,5181 4,5509
5,1775 5,2107
348 20:11
4,4297 4,4618
4,0585 4,0909
4,5181 4,5509
5,1773 5,2105
349 20:12
4,4297 4,4618
4,0584 4,0909
4,5180 4,5509
5,1776 5,2108
350 20:13
4,4297 4,4618
4,0589 4,0913
4,5181 4,5509
5,1776 5,2108
351 20:14
4,4297 4,4618
4,0591 4,0912
4,5181 4,5509
5,1775 5,2107
352 20:15
4,4297 4,4618
4,0587 4,0908
4,5181 4,5509
5,1775 5,2107
353 20:16
4,4297 4,4618
4,0584 4,0905
4,5181 4,5509
5,1773 5,2105
354 20:17
4,4297 4,4618
4,0587 4,0909
4,5181 4,5509
5,1772 5,2104
355 20:18
4,4297 4,4618
4,0580 4,0905
4,5181 4,5509
5,1773 5,2105
356 20:19
4,4297 4,4618
4,0584 4,0905
4,5179 4,5508
5,1772 5,2104
357 20:20
4,4297 4,4618
4,0581 4,0905
4,5176 4,5504
5,1772 5,2104
358 20:21
4,4294 4,4615
4,0578 4,0901
4,5174 4,5502
5,1770 5,2102
359 20:22
4,4294 4,4615
4,0574 4,0895
4,5174 4,5502
5,1773 5,2105
360 20:23
4,4295 4,4616
4,0575 4,0899
4,5177 4,5506
5,1770 5,2102
361 20:24
4,4295 4,4616
4,0578 4,0899
4,5174 4,5502
5,1771 5,2103
362 20:25
4,4295 4,4616
4,0575 4,0899
4,5174 4,5502
5,1770 5,2102
363 20:26
4,4295 4,4616
4,0572 4,0896
4,5174 4,5502
5,1770 5,2102
364 20:27
4,4295 4,4616
4,0572 4,0896
4,5174 4,5502
5,1774 5,2106
365 20:28
4,4296 4,4617
4,0572 4,0898
4,5176 4,5504
5,1774 5,2106
366 20:29
4,4295 4,4616
4,0572 4,0896
4,5175 4,5503
5,1776 5,2108
367 20:30
4,4295 4,4616
4,0571 4,0896
4,5175 4,5503
5,1776 5,2108
368 20:31
4,4297 4,4619
4,0572 4,0896
4,5177 4,5506
5,1778 5,2110
369 20:32
4,4297 4,4619
4,0572 4,0896
4,5181 4,5509
5,1775 5,2107
370 20:33
4,4297 4,4619
4,0568 4,0896
4,5181 4,5510
5,1775 5,2107
371 20:34
4,4296 4,4617
4,0571 4,0894
4,5176 4,5504
5,1771 5,2103
372 20:35
4,4296 4,4617
4,0571 4,0894
4,5176 4,5504
5,1771 5,2103
373 20:36
4,4296 4,4617
4,0572 4,0894
4,5177 4,5506
5,1771 5,2103
374 20:37
4,4296 4,4617
4,0572 4,0894
4,5177 4,5508
5,1771 5,2103
375 20:38
4,4295 4,4616
4,0571 4,0892
4,5175 4,5503
5,1770 5,2102
376 20:39
4,4295 4,4616
4,0568 4,0894
4,5175 4,5503
5,1777 5,2109
377 20:40
4,4296 4,4617
4,0572 4,0894
4,5175 4,5503
5,1777 5,2109
378 20:41
4,4295 4,4616
4,0572 4,0896
4,5175 4,5503
5,1780 5,2112
379 20:42
4,4295 4,4616
4,0571 4,0896
4,5175 4,5503
5,1776 5,2108
380 20:43
4,4296 4,4617
4,0574 4,0901
4,5176 4,5504
5,1783 5,2115
381 20:44
4,4296 4,4617
4,0578 4,0901
4,5175 4,5503
5,1783 5,2115
382 20:45
4,4296 4,4617
4,0583 4,0905
4,5171 4,5499
5,1781 5,2113
383 20:46
4,4296 4,4617
4,0583 4,0909
4,5175 4,5503
5,1783 5,2115
384 20:47
4,4296 4,4617
4,0586 4,0909
4,5176 4,5504
5,1777 5,2109
385 20:48
4,4297 4,4619
4,0587 4,0911
4,5176 4,5504
5,1784 5,2116
386 20:49
4,4296 4,4619
4,0578 4,0903
4,5177 4,5506
5,1784 5,2118
387 20:50
4,4298 4,4620
4,0576 4,0900
4,5177 4,5505
5,1789 5,2121
388 20:51
4,4297 4,4618
4,0572 4,0896
4,5172 4,5500
5,1784 5,2116
389 20:52
4,4298 4,4619
4,0576 4,0899
4,5173 4,5501
5,1786 5,2118
390 20:53
4,4297 4,4618
4,0573 4,0899
4,5172 4,5500
5,1785 5,2117
391 20:54
4,4297 4,4618
4,0572 4,0895
4,5177 4,5505
5,1785 5,2117
392 20:55
4,4298 4,4620
4,0573 4,0897
4,5176 4,5504
5,1788 5,2120
393 20:56
4,4298 4,4620
4,0569 4,0893
4,5180 4,5508
5,1797 5,2129
394 20:57
4,4298 4,4620
4,0569 4,0897
4,5182 4,5510
5,1798 5,2131
395 20:58
4,4298 4,4620
4,0573 4,0897
4,5186 4,5514
5,1804 5,2137
396 20:59
4,4303 4,4625
4,0573 4,0901
4,5183 4,5515
5,1804 5,2137
397 21:00
4,4297 4,4622
4,0568 4,0895
4,5188 4,5523
5,1799 5,2134
398 21:01
4,4298 4,4623
4,0570 4,0900
4,5190 4,5522
5,1803 5,2135
399 21:02
4,4300 4,4624
4,0574 4,0900
4,5193 4,5523
5,1806 5,2141
400 21:03
4,4298 4,4621
4,0576 4,0901
4,5193 4,5522
5,1798 5,2132
401 21:04
4,4296 4,4620
4,0570 4,0899
4,5194 4,5524
5,1799 5,2131
402 21:05
4,4294 4,4620
4,0572 4,0899
4,5192 4,5524
5,1792 5,2130
403 21:06
4,4294 4,4619
4,0574 4,0904
4,5188 4,5524
5,1794 5,2130
404 21:07
4,4294 4,4620
4,0576 4,0907
4,5192 4,5524
5,1794 5,2131
405 21:08
4,4297 4,4621
4,0583 4,0909
4,5190 4,5520
5,1791 5,2126
406 21:09
4,4297 4,4621
4,0583 4,0909
4,5190 4,5520
5,1788 5,2120
407 21:10
4,4297 4,4621
4,0579 4,0905
4,5190 4,5520
5,1791 5,2126
408 21:11
4,4295 4,4620
4,0581 4,0908
4,5190 4,5521
5,1789 5,2125
409 21:12
4,4295 4,4620
4,0581 4,0908
4,5184 4,5520
5,1795 5,2131
410 21:13
4,4296 4,4620
4,0582 4,0912
4,5189 4,5519
5,1796 5,2131
411 21:14
4,4297 4,4621
4,0586 4,0911
4,5190 4,5521
5,1797 5,2132
412 21:15
4,4297 4,4621
4,0582 4,0911
4,5186 4,5520
5,1797 5,2132
413 21:16
4,4298 4,4620
4,0587 4,0914
4,5191 4,5521
5,1798 5,2131
414 21:17
4,4296 4,4620
4,0589 4,0919
4,5194 4,5524
5,1800 5,2132
415 21:18
4,4296 4,4620
4,0592 4,0919
4,5198 4,5528
5,1799 5,2131
416 21:19
4,4295 4,4620
4,0588 4,0919
4,5199 4,5530
5,1795 5,2131
417 21:20
4,4295 4,4618
4,0592 4,0921
4,5195 4,5528
5,1795 5,2129
418 21:21
4,4296 4,4620
4,0593 4,0923
4,5194 4,5528
5,1796 5,2131
419 21:22
4,4296 4,4619
4,0589 4,0914
4,5200 4,5529
5,1796 5,2130
420 21:23
4,4297 4,4619
4,0590 4,0914
4,5195 4,5527
5,1802 5,2134
421 21:24
4,4296 4,4618
4,0589 4,0917
4,5194 4,5522
5,1795 5,2128
422 21:25
4,4296 4,4618
4,0589 4,0913
4,5194 4,5522
5,1798 5,2130
423 21:26
4,4296 4,4620
4,0585 4,0914
4,5191 4,5524
5,1800 5,2132
424 21:27
4,4296 4,4620
4,0585 4,0914
4,5182 4,5510
5,1799 5,2134
425 21:28
4,4296 4,4620
4,0589 4,0919
4,5180 4,5510
5,1799 5,2131
426 21:29
4,4296 4,4621
4,0589 4,0920
4,5185 4,5517
5,1796 5,2132
427 21:30
4,4295 4,4620
4,0590 4,0916
4,5186 4,5517
5,1795 5,2131
428 21:31
4,4296 4,4620
4,0585 4,0914
4,5184 4,5514
5,1802 5,2137
429 21:32
4,4294 4,4619
4,0585 4,0915
4,5189 4,5520
5,1800 5,2136
430 21:33
4,4294 4,4619
4,0580 4,0911
4,5189 4,5520
5,1800 5,2136
431 21:34
4,4295 4,4620
4,0586 4,0916
4,5189 4,5525
5,1801 5,2137
432 21:35
4,4297 4,4621
4,0586 4,0915
4,5190 4,5520
5,1803 5,2138
433 21:36
4,4297 4,4621
4,0586 4,0915
4,5190 4,5521
5,1803 5,2138
434 21:37
4,4297 4,4621
4,0586 4,0915
4,5190 4,5520
5,1803 5,2138
435 21:38
4,4280 4,4633
4,0567 4,0920
4,5175 4,5534
5,1784 5,2153
436 21:39
4,4297 4,4621
4,0586 4,0911
4,5191 4,5526
5,1803 5,2138
437 21:40
4,4297 4,4621
4,0582 4,0911
4,5191 4,5526
5,1803 5,2138
438 21:41
4,4296 4,4619
4,0582 4,0911
4,5196 4,5525
5,1808 5,2142
439 21:42
4,4296 4,4620
4,0584 4,0911
4,5194 4,5524
5,1814 5,2149
440 21:43
4,4296 4,4620
4,0580 4,0907
4,5194 4,5528
5,1817 5,2149
441 21:44
4,4296 4,4620
4,0574 4,0903
4,5194 4,5524
5,1820 5,2155
442 21:45
4,4296 4,4620
4,0574 4,0899
4,5189 4,5519
5,1820 5,2155
443 21:46
4,4296 4,4620
4,0570 4,0899
4,5189 4,5519
5,1826 5,2161
444 21:47
4,4296 4,4620
4,0574 4,0903
4,5194 4,5524
5,1826 5,2161
445 21:48
4,4294 4,4618
4,0572 4,0901
4,5192 4,5522
5,1812 5,2147
446 21:49
4,4294 4,4618
4,0572 4,0901
4,5192 4,5522
5,1818 5,2153
447 21:50
4,4294 4,4618
4,0569 4,0899
4,5192 4,5522
5,1818 5,2153
448 21:51
4,4296 4,4620
4,0574 4,0899
4,5194 4,5524
5,1826 5,2161
449 21:52
4,4296 4,4620
4,0570 4,0899
4,5189 4,5519
5,1826 5,2161
450 21:53
4,4296 4,4620
4,0570 4,0899
4,5194 4,5524
5,1833 5,2168
451 21:54
4,4296 4,4620
4,0575 4,0901
4,5194 4,5524
5,1826 5,2161
452 21:55
4,4296 4,4620
4,0578 4,0904
4,5194 4,5528
5,1826 5,2161
453 21:56
4,4295 4,4620
4,0581 4,0908
4,5189 4,5521
5,1831 5,2167
454 21:57
4,4295 4,4621
4,0581 4,0909
4,5189 4,5525
5,1836 5,2168
455 21:58
4,4296 4,4622
4,0581 4,0912
4,5192 4,5526
5,1833 5,2169
456 21:59
4,4295 4,4622
4,0582 4,0914
4,5199 4,5532
5,1838 5,2177
457 22:00
4,4295 4,4623
4,0580 4,0913
4,5189 4,5528
5,1837 5,2174
458 22:01
4,4297 4,4624
4,0580 4,0912
4,5187 4,5524
5,1834 5,2166
459 22:02
4,4297 4,4620
4,0579 4,0908
4,5192 4,5521
5,1833 5,2167
460 22:03
4,4309 4,4636
4,0595 4,0927
4,5209 4,5542
5,1854 5,2187
461 22:04
4,4327 4,4655
4,0614 4,0944
4,5226 4,5561
5,1867 5,2207
