#======================
2023-8-21
# 1.EUR, 2.USD, 3.CHF, 4.GBP
Sell Price, Buy Price
1 09:10
4,4458 4,4780
4,0866 4,1188
4,6391 4,6719
5,2052 5,2385
2 09:11
4,4458 4,4779
4,0857 4,1179
4,6396 4,6724
5,2056 5,2388
3 09:12
4,4459 4,4780
4,0844 4,1166
4,6396 4,6724
5,2065 5,2397
4 09:13
4,4452 4,4773
4,0836 4,1158
4,6394 4,6722
5,2058 5,2390
5 09:14
4,4483 4,4804
4,0872 4,1194
4,6426 4,6754
5,2103 5,2435
6 09:15
4,4489 4,4810
4,0875 4,1197
4,6427 4,6755
5,2106 5,2438
7 09:16
4,4486 4,4807
4,0867 4,1189
4,6425 4,6753
5,2091 5,2424
8 09:17
4,4487 4,4808
4,0866 4,1188
4,6426 4,6754
5,2092 5,2425
9 09:18
4,4488 4,4809
4,0865 4,1187
4,6424 4,6752
5,2093 5,2426
10 09:19
4,4504 4,4825
4,0876 4,1198
4,6441 4,6769
5,2112 5,2445
11 09:20
4,4498 4,4819
4,0864 4,1186
4,6432 4,6760
5,2101 5,2434
12 09:21
4,4493 4,4814
4,0856 4,1178
4,6427 4,6755
5,2099 5,2432
13 09:22
4,4494 4,4815
4,0860 4,1182
4,6431 4,6759
5,2101 5,2434
14 09:23
4,4512 4,4833
4,0889 4,1211
4,6449 4,6777
5,2127 5,2460
15 09:24
4,4515 4,4836
4,0891 4,1213
4,6450 4,6778
5,2127 5,2460
16 09:25
4,4513 4,4834
4,0888 4,1210
4,6450 4,6778
5,2126 5,2459
17 09:26
4,4502 4,4823
4,0875 4,1197
4,6437 4,6765
5,2115 5,2448
18 09:27
4,4488 4,4809
4,0865 4,1187
4,6424 4,6752
5,2095 5,2428
19 09:28
4,4494 4,4815
4,0871 4,1193
4,6433 4,6761
5,2107 5,2440
20 09:29
4,4502 4,4823
4,0874 4,1196
4,6447 4,6775
5,2116 5,2449
21 09:30
4,4509 4,4830
4,0875 4,1197
4,6451 4,6779
5,2120 5,2453
22 09:31
4,4520 4,4841
4,0890 4,1212
4,6469 4,6797
5,2136 5,2468
23 09:32
4,4523 4,4844
4,0884 4,1206
4,6490 4,6818
5,2140 5,2472
24 09:33
4,4528 4,4849
4,0898 4,1220
4,6495 4,6823
5,2146 5,2478
25 09:34
4,4538 4,4859
4,0909 4,1231
4,6505 4,6833
5,2154 5,2486
26 09:35
4,4539 4,4860
4,0908 4,1230
4,6505 4,6833
5,2151 5,2483
27 09:36
4,4539 4,4860
4,0908 4,1230
4,6494 4,6822
5,2149 5,2481
28 09:37
4,4548 4,4869
4,0908 4,1230
4,6499 4,6827
5,2148 5,2480
29 09:38
4,4541 4,4862
4,0904 4,1226
4,6493 4,6821
5,2139 5,2471
30 09:39
4,4552 4,4873
4,0918 4,1240
4,6517 4,6845
5,2152 5,2484
31 09:40
4,4553 4,4874
4,0921 4,1243
4,6521 4,6849
5,2151 5,2483
32 09:41
4,4552 4,4873
4,0913 4,1235
4,6521 4,6849
5,2151 5,2484
33 09:42
4,4553 4,4874
4,0915 4,1237
4,6521 4,6849
5,2148 5,2481
34 09:43
4,4550 4,4871
4,0916 4,1238
4,6513 4,6841
5,2144 5,2477
35 09:44
4,4544 4,4865
4,0903 4,1225
4,6499 4,6827
5,2137 5,2470
36 09:45
4,4542 4,4863
4,0902 4,1224
4,6498 4,6826
5,2135 5,2468
37 09:46
4,4542 4,4863
4,0905 4,1227
4,6490 4,6818
5,2135 5,2467
38 09:47
4,4541 4,4862
4,0908 4,1230
4,6492 4,6820
5,2134 5,2466
39 09:48
4,4531 4,4852
4,0901 4,1223
4,6484 4,6812
5,2126 5,2458
40 09:49
4,4527 4,4848
4,0901 4,1223
4,6480 4,6808
5,2121 5,2453
41 09:50
4,4533 4,4854
4,0902 4,1224
4,6485 4,6813
5,2130 5,2462
42 09:51
4,4531 4,4852
4,0903 4,1225
4,6487 4,6815
5,2129 5,2462
43 09:52
4,4527 4,4848
4,0901 4,1223
4,6477 4,6805
5,2121 5,2454
44 09:53
4,4523 4,4844
4,0897 4,1219
4,6480 4,6808
5,2119 5,2452
45 09:54
4,4518 4,4839
4,0893 4,1215
4,6476 4,6804
5,2114 5,2447
46 09:55
4,4519 4,4840
4,0898 4,1220
4,6474 4,6802
5,2118 5,2451
47 09:56
4,4516 4,4837
4,0890 4,1212
4,6474 4,6803
5,2104 5,2436
48 09:57
4,4516 4,4837
4,0885 4,1207
4,6486 4,6815
5,2103 5,2435
49 09:58
4,4505 4,4826
4,0871 4,1193
4,6477 4,6806
5,2076 5,2408
50 09:59
4,4498 4,4819
4,0870 4,1192
4,6470 4,6799
5,2055 5,2387
51 10:00
4,4474 4,4795
4,0837 4,1159
4,6452 4,6781
5,2018 5,2350
52 10:01
4,4482 4,4803
4,0855 4,1178
4,6462 4,6790
5,2032 5,2365
53 10:02
4,4466 4,4787
4,0843 4,1166
4,6442 4,6770
5,2008 5,2341
54 10:03
4,4494 4,4816
4,0867 4,1189
4,6472 4,6801
5,2056 5,2389
55 10:04
4,4506 4,4827
4,0880 4,1202
4,6487 4,6815
5,2064 5,2397
56 10:05
4,4501 4,4822
4,0871 4,1193
4,6474 4,6802
5,2066 5,2399
57 10:06
4,4502 4,4823
4,0866 4,1188
4,6472 4,6800
5,2069 5,2402
58 10:07
4,4509 4,4830
4,0875 4,1197
4,6483 4,6811
5,2076 5,2409
59 10:08
4,4506 4,4827
4,0870 4,1192
4,6479 4,6807
5,2071 5,2404
60 10:09
4,4507 4,4828
4,0870 4,1192
4,6476 4,6804
5,2068 5,2401
61 10:10
4,4512 4,4833
4,0875 4,1197
4,6480 4,6808
5,2075 5,2408
62 10:11
4,4533 4,4854
4,0900 4,1222
4,6507 4,6835
5,2107 5,2440
63 10:12
4,4546 4,4867
4,0909 4,1231
4,6522 4,6850
5,2121 5,2454
64 10:13
4,4541 4,4862
4,0903 4,1225
4,6522 4,6850
5,2110 5,2443
65 10:14
4,4542 4,4863
4,0913 4,1235
4,6517 4,6845
5,2114 5,2447
66 10:15
4,4538 4,4859
4,0909 4,1231
4,6513 4,6841
5,2105 5,2438
67 10:16
4,4538 4,4859
4,0911 4,1233
4,6511 4,6839
5,2094 5,2426
68 10:17
4,4536 4,4857
4,0909 4,1231
4,6511 4,6839
5,2090 5,2422
69 10:18
4,4538 4,4859
4,0915 4,1237
4,6513 4,6841
5,2090 5,2422
70 10:19
4,4538 4,4859
4,0915 4,1237
4,6506 4,6834
5,2090 5,2422
71 10:20
4,4539 4,4860
4,0917 4,1239
4,6509 4,6837
5,2089 5,2421
72 10:21
4,4537 4,4858
4,0915 4,1237
4,6505 4,6833
5,2081 5,2413
73 10:22
4,4536 4,4857
4,0913 4,1235
4,6503 4,6831
5,2082 5,2414
74 10:23
4,4536 4,4857
4,0914 4,1236
4,6503 4,6831
5,2078 5,2410
75 10:24
4,4535 4,4856
4,0916 4,1238
4,6505 4,6833
5,2075 5,2407
76 10:25
4,4536 4,4857
4,0917 4,1239
4,6506 4,6834
5,2070 5,2402
77 10:26
4,4516 4,4837
4,0898 4,1220
4,6482 4,6810
5,2040 5,2372
78 10:27
4,4534 4,4855
4,0909 4,1231
4,6501 4,6829
5,2063 5,2395
79 10:28
4,4529 4,4850
4,0909 4,1231
4,6492 4,6820
5,2051 5,2383
80 10:29
4,4528 4,4849
4,0909 4,1231
4,6487 4,6815
5,2042 5,2374
81 10:30
4,4538 4,4859
4,0918 4,1240
4,6498 4,6826
5,2053 5,2385
82 10:31
4,4531 4,4852
4,0901 4,1223
4,6489 4,6817
5,2040 5,2372
83 10:32
4,4524 4,4845
4,0894 4,1216
4,6486 4,6814
5,2034 5,2366
84 10:33
4,4533 4,4854
4,0910 4,1232
4,6500 4,6828
5,2045 5,2377
85 10:34
4,4532 4,4853
4,0896 4,1218
4,6495 4,6823
5,2038 5,2370
86 10:35
4,4529 4,4850
4,0899 4,1221
4,6491 4,6819
5,2037 5,2369
87 10:36
4,4522 4,4843
4,0896 4,1218
4,6489 4,6817
5,2030 5,2362
88 10:37
4,4536 4,4857
4,0909 4,1231
4,6499 4,6827
5,2044 5,2376
89 10:38
4,4536 4,4857
4,0913 4,1235
4,6499 4,6827
5,2043 5,2375
90 10:39
4,4536 4,4857
4,0912 4,1234
4,6498 4,6826
5,2049 5,2381
91 10:40
4,4535 4,4856
4,0912 4,1234
4,6498 4,6826
5,2044 5,2376
92 10:41
4,4549 4,4870
4,0927 4,1249
4,6512 4,6840
5,2061 5,2393
93 10:42
4,4561 4,4882
4,0940 4,1262
4,6530 4,6858
5,2071 5,2403
94 10:43
4,4559 4,4880
4,0936 4,1258
4,6523 4,6851
5,2070 5,2402
95 10:44
4,4560 4,4881
4,0937 4,1259
4,6522 4,6850
5,2074 5,2406
96 10:45
4,4570 4,4891
4,0941 4,1263
4,6530 4,6858
5,2086 5,2418
97 10:46
4,4579 4,4900
4,0950 4,1272
4,6536 4,6864
5,2095 5,2427
98 10:47
4,4578 4,4899
4,0948 4,1270
4,6538 4,6866
5,2095 5,2427
99 10:48
4,4578 4,4899
4,0948 4,1270
4,6540 4,6868
5,2101 5,2433
100 10:49
4,4572 4,4893
4,0938 4,1260
4,6534 4,6862
5,2098 5,2430
101 10:50
4,4575 4,4896
4,0941 4,1263
4,6537 4,6865
5,2100 5,2432
102 10:51
4,4579 4,4901
4,0945 4,1267
4,6541 4,6870
5,2106 5,2438
103 10:52
4,4578 4,4900
4,0940 4,1262
4,6545 4,6874
5,2099 5,2431
104 10:53
4,4592 4,4914
4,0960 4,1282
4,6553 4,6882
5,2116 5,2448
105 10:54
4,4592 4,4914
4,0957 4,1279
4,6545 4,6874
5,2118 5,2450
106 10:55
4,4591 4,4913
4,0960 4,1282
4,6536 4,6865
5,2120 5,2452
107 10:56
4,4592 4,4914
4,0966 4,1288
4,6538 4,6867
5,2125 5,2457
108 10:57
4,4600 4,4922
4,0975 4,1297
4,6539 4,6868
5,2137 5,2469
109 10:58
4,4601 4,4923
4,0972 4,1294
4,6545 4,6874
5,2135 5,2467
110 10:59
4,4596 4,4918
4,0965 4,1287
4,6535 4,6864
5,2137 5,2469
111 11:00
4,4589 4,4911
4,0955 4,1277
4,6527 4,6856
5,2133 5,2465
112 11:01
4,4593 4,4915
4,0953 4,1275
4,6535 4,6863
5,2135 5,2467
113 11:02
4,4587 4,4909
4,0951 4,1273
4,6526 4,6854
5,2133 5,2465
114 11:03
4,4588 4,4910
4,0949 4,1271
4,6530 4,6858
5,2129 5,2461
115 11:04
4,4586 4,4908
4,0944 4,1266
4,6525 4,6853
5,2126 5,2458
116 11:05
4,4587 4,4909
4,0944 4,1266
4,6526 4,6854
5,2128 5,2460
117 11:06
4,4588 4,4909
4,0943 4,1265
4,6528 4,6856
5,2127 5,2459
118 11:07
4,4590 4,4911
4,0941 4,1263
4,6528 4,6856
5,2130 5,2462
119 11:08
4,4586 4,4907
4,0940 4,1262
4,6525 4,6853
5,2126 5,2458
120 11:09
4,4586 4,4907
4,0942 4,1264
4,6520 4,6848
5,2126 5,2458
121 11:10
4,4582 4,4903
4,0945 4,1266
4,6522 4,6850
5,2120 5,2452
122 11:11
4,4579 4,4901
4,0936 4,1257
4,6520 4,6848
5,2118 5,2450
123 11:12
4,4576 4,4898
4,0932 4,1253
4,6525 4,6853
5,2118 5,2450
124 11:13
4,4576 4,4898
4,0929 4,1250
4,6536 4,6864
5,2114 5,2446
125 11:14
4,4575 4,4897
4,0929 4,1250
4,6534 4,6862
5,2114 5,2446
126 11:15
4,4583 4,4905
4,0934 4,1255
4,6546 4,6874
5,2124 5,2456
127 11:16
4,4583 4,4905
4,0936 4,1257
4,6549 4,6877
5,2126 5,2458
128 11:17
4,4583 4,4905
4,0936 4,1257
4,6546 4,6874
5,2122 5,2454
129 11:18
4,4583 4,4905
4,0930 4,1251
4,6549 4,6877
5,2123 5,2455
130 11:19
4,4583 4,4905
4,0921 4,1242
4,6544 4,6872
5,2110 5,2442
131 11:20
4,4582 4,4904
4,0916 4,1237
4,6540 4,6868
5,2106 5,2438
132 11:21
4,4580 4,4902
4,0912 4,1233
4,6538 4,6866
5,2101 5,2433
133 11:22
4,4581 4,4903
4,0913 4,1234
4,6539 4,6867
5,2105 5,2437
134 11:23
4,4585 4,4907
4,0915 4,1236
4,6546 4,6874
5,2116 5,2448
135 11:24
4,4591 4,4913
4,0915 4,1236
4,6550 4,6878
5,2123 5,2455
136 11:25
4,4586 4,4908
4,0911 4,1232
4,6540 4,6868
5,2116 5,2448
137 11:26
4,4595 4,4917
4,0919 4,1240
4,6546 4,6875
5,2128 5,2460
138 11:27
4,4593 4,4915
4,0917 4,1238
4,6531 4,6860
5,2121 5,2453
139 11:28
4,4597 4,4919
4,0925 4,1246
4,6541 4,6870
5,2130 5,2462
140 11:29
4,4594 4,4916
4,0926 4,1247
4,6542 4,6871
5,2127 5,2459
141 11:30
4,4596 4,4918
4,0929 4,1250
4,6547 4,6876
5,2132 5,2464
142 11:31
4,4595 4,4917
4,0926 4,1247
4,6544 4,6873
5,2131 5,2463
143 11:32
4,4593 4,4915
4,0923 4,1244
4,6549 4,6878
5,2132 5,2464
144 11:33
4,4598 4,4920
4,0927 4,1248
4,6544 4,6873
5,2138 5,2470
145 11:34
4,4591 4,4913
4,0917 4,1238
4,6530 4,6859
5,2126 5,2458
146 11:35
4,4609 4,4931
4,0932 4,1253
4,6551 4,6880
5,2144 5,2476
147 11:36
4,4618 4,4940
4,0940 4,1261
4,6563 4,6891
5,2152 5,2484
148 11:37
4,4604 4,4926
4,0933 4,1254
4,6544 4,6872
5,2141 5,2473
149 11:38
4,4604 4,4926
4,0927 4,1248
4,6542 4,6870
5,2142 5,2474
150 11:39
4,4605 4,4927
4,0931 4,1252
4,6540 4,6868
5,2142 5,2474
151 11:40
4,4604 4,4926
4,0933 4,1254
4,6529 4,6857
5,2138 5,2470
152 11:41
4,4604 4,4926
4,0929 4,1250
4,6528 4,6857
5,2135 5,2467
153 11:42
4,4601 4,4923
4,0925 4,1246
4,6525 4,6854
5,2126 5,2458
154 11:43
4,4599 4,4921
4,0925 4,1246
4,6524 4,6853
5,2120 5,2452
155 11:44
4,4599 4,4921
4,0922 4,1243
4,6523 4,6852
5,2120 5,2452
156 11:45
4,4601 4,4923
4,0922 4,1243
4,6530 4,6859
5,2122 5,2454
157 11:46
4,4598 4,4920
4,0911 4,1232
4,6517 4,6846
5,2119 5,2451
158 11:47
4,4579 4,4901
4,0886 4,1207
4,6495 4,6824
5,2097 5,2429
159 11:48
4,4579 4,4901
4,0885 4,1206
4,6497 4,6826
5,2106 5,2438
160 11:49
4,4573 4,4895
4,0884 4,1205
4,6494 4,6823
5,2099 5,2431
161 11:50
4,4583 4,4905
4,0885 4,1206
4,6504 4,6833
5,2108 5,2440
162 11:51
4,4578 4,4900
4,0877 4,1198
4,6494 4,6822
5,2105 5,2437
163 11:52
4,4581 4,4903
4,0881 4,1202
4,6498 4,6826
5,2108 5,2440
164 11:53
4,4579 4,4901
4,0878 4,1199
4,6501 4,6829
5,2110 5,2442
165 11:54
4,4579 4,4901
4,0881 4,1202
4,6505 4,6833
5,2112 5,2444
166 11:55
4,4579 4,4901
4,0881 4,1202
4,6505 4,6833
5,2118 5,2450
167 11:56
4,4578 4,4900
4,0881 4,1202
4,6502 4,6830
5,2113 5,2445
168 11:57
4,4577 4,4899
4,0880 4,1201
4,6501 4,6829
5,2116 5,2448
169 11:58
4,4577 4,4899
4,0882 4,1203
4,6499 4,6827
5,2117 5,2449
170 11:59
4,4581 4,4903
4,0891 4,1212
4,6502 4,6830
5,2130 5,2462
171 12:00
4,4577 4,4899
4,0887 4,1208
4,6496 4,6824
5,2123 5,2455
172 12:01
4,4577 4,4899
4,0891 4,1212
4,6491 4,6819
5,2122 5,2454
173 12:02
4,4576 4,4898
4,0894 4,1215
4,6490 4,6818
5,2121 5,2453
174 12:03
4,4585 4,4907
4,0906 4,1227
4,6510 4,6838
5,2134 5,2466
175 12:04
4,4578 4,4900
4,0900 4,1221
4,6498 4,6826
5,2118 5,2450
176 12:05
4,4572 4,4894
4,0896 4,1217
4,6491 4,6819
5,2112 5,2444
177 12:06
4,4567 4,4889
4,0886 4,1207
4,6487 4,6816
5,2114 5,2446
178 12:07
4,4565 4,4887
4,0878 4,1199
4,6485 4,6814
5,2114 5,2446
179 12:08
4,4564 4,4886
4,0879 4,1200
4,6482 4,6811
5,2113 5,2445
180 12:09
4,4570 4,4892
4,0876 4,1197
4,6489 4,6818
5,2118 5,2450
181 12:10
4,4572 4,4894
4,0879 4,1200
4,6493 4,6822
5,2120 5,2452
182 12:11
4,4580 4,4902
4,0880 4,1201
4,6501 4,6829
5,2135 5,2467
183 12:12
4,4584 4,4906
4,0888 4,1209
4,6503 4,6831
5,2142 5,2474
184 12:13
4,4580 4,4902
4,0891 4,1212
4,6499 4,6827
5,2135 5,2467
185 12:14
4,4575 4,4897
4,0885 4,1206
4,6489 4,6817
5,2135 5,2467
186 12:15
4,4581 4,4903
4,0889 4,1210
4,6500 4,6828
5,2142 5,2474
187 12:16
4,4582 4,4904
4,0889 4,1210
4,6502 4,6829
5,2141 5,2473
188 12:17
4,4580 4,4902
4,0890 4,1211
4,6502 4,6829
5,2142 5,2474
189 12:18
4,4579 4,4901
4,0891 4,1212
4,6499 4,6826
5,2142 5,2474
190 12:19
4,4587 4,4909
4,0900 4,1221
4,6502 4,6829
5,2146 5,2478
191 12:20
4,4587 4,4909
4,0904 4,1225
4,6502 4,6829
5,2149 5,2481
192 12:21
4,4580 4,4902
4,0898 4,1219
4,6495 4,6823
5,2135 5,2467
193 12:22
4,4580 4,4902
4,0896 4,1217
4,6495 4,6823
5,2132 5,2464
194 12:23
4,4580 4,4902
4,0905 4,1226
4,6492 4,6820
5,2128 5,2460
195 12:24
4,4587 4,4909
4,0911 4,1232
4,6497 4,6825
5,2139 5,2471
196 12:25
4,4587 4,4909
4,0913 4,1234
4,6501 4,6829
5,2140 5,2472
197 12:26
4,4582 4,4904
4,0911 4,1232
4,6499 4,6827
5,2124 5,2456
198 12:27
4,4582 4,4904
4,0911 4,1232
4,6497 4,6825
5,2131 5,2463
199 12:28
4,4584 4,4906
4,0912 4,1233
4,6498 4,6826
5,2124 5,2456
200 12:29
4,4588 4,4910
4,0920 4,1241
4,6500 4,6828
5,2128 5,2460
201 12:30
4,4588 4,4910
4,0920 4,1241
4,6503 4,6831
5,2132 5,2464
202 12:31
4,4588 4,4910
4,0921 4,1242
4,6499 4,6828
5,2131 5,2463
203 12:32
4,4587 4,4909
4,0922 4,1243
4,6500 4,6829
5,2127 5,2459
204 12:33
4,4587 4,4909
4,0919 4,1240
4,6496 4,6825
5,2127 5,2459
205 12:34
4,4586 4,4908
4,0917 4,1238
4,6498 4,6827
5,2124 5,2456
206 12:35
4,4588 4,4910
4,0921 4,1242
4,6499 4,6828
5,2122 5,2454
207 12:36
4,4587 4,4909
4,0922 4,1243
4,6498 4,6826
5,2124 5,2456
208 12:37
4,4588 4,4910
4,0927 4,1248
4,6497 4,6825
5,2126 5,2458
209 12:38
4,4588 4,4910
4,0927 4,1248
4,6497 4,6825
5,2128 5,2460
210 12:39
4,4587 4,4909
4,0927 4,1248
4,6497 4,6825
5,2128 5,2460
211 12:40
4,4594 4,4916
4,0935 4,1256
4,6506 4,6834
5,2139 5,2471
212 12:41
4,4594 4,4916
4,0927 4,1248
4,6503 4,6831
5,2138 5,2470
213 12:42
4,4594 4,4916
4,0925 4,1246
4,6503 4,6831
5,2141 5,2473
214 12:43
4,4594 4,4916
4,0924 4,1245
4,6503 4,6831
5,2136 5,2468
215 12:44
4,4614 4,4936
4,0939 4,1260
4,6524 4,6852
5,2157 5,2489
216 12:45
4,4612 4,4934
4,0934 4,1255
4,6527 4,6855
5,2155 5,2487
217 12:46
4,4613 4,4935
4,0930 4,1251
4,6528 4,6856
5,2158 5,2490
218 12:47
4,4630 4,4952
4,0943 4,1264
4,6546 4,6874
5,2178 5,2510
219 12:48
4,4621 4,4943
4,0939 4,1260
4,6534 4,6862
5,2168 5,2500
220 12:49
4,4626 4,4948
4,0941 4,1262
4,6541 4,6869
5,2173 5,2505
221 12:50
4,4631 4,4953
4,0946 4,1267
4,6546 4,6874
5,2179 5,2511
222 12:51
4,4631 4,4953
4,0948 4,1269
4,6547 4,6875
5,2182 5,2514
223 12:52
4,4631 4,4953
4,0952 4,1273
4,6547 4,6875
5,2192 5,2524
224 12:53
4,4632 4,4954
4,0955 4,1276
4,6548 4,6876
5,2190 5,2522
225 12:54
4,4634 4,4956
4,0955 4,1276
4,6552 4,6880
5,2192 5,2524
226 12:55
4,4631 4,4953
4,0952 4,1273
4,6547 4,6875
5,2191 5,2523
227 12:56
4,4628 4,4950
4,0944 4,1265
4,6547 4,6875
5,2185 5,2517
228 12:57
4,4623 4,4945
4,0943 4,1264
4,6536 4,6864
5,2182 5,2514
229 12:58
4,4643 4,4965
4,0959 4,1280
4,6557 4,6885
5,2205 5,2537
230 12:59
4,4639 4,4961
4,0953 4,1274
4,6545 4,6873
5,2203 5,2535
231 13:00
4,4639 4,4961
4,0954 4,1275
4,6541 4,6869
5,2210 5,2542
232 13:01
4,4644 4,4966
4,0958 4,1279
4,6545 4,6873
5,2215 5,2547
233 13:02
4,4648 4,4970
4,0956 4,1277
4,6538 4,6866
5,2223 5,2555
234 13:03
4,4628 4,4950
4,0938 4,1259
4,6514 4,6842
5,2196 5,2528
235 13:04
4,4623 4,4945
4,0934 4,1255
4,6498 4,6826
5,2189 5,2521
236 13:05
4,4608 4,4930
4,0915 4,1236
4,6478 4,6806
5,2176 5,2508
237 13:06
4,4605 4,4927
4,0911 4,1232
4,6490 4,6818
5,2169 5,2501
238 13:07
4,4597 4,4919
4,0906 4,1227
4,6480 4,6808
5,2166 5,2498
239 13:08
4,4598 4,4920
4,0907 4,1228
4,6473 4,6801
5,2174 5,2506
240 13:09
4,4612 4,4934
4,0911 4,1232
4,6487 4,6815
5,2187 5,2519
241 13:10
4,4613 4,4935
4,0911 4,1232
4,6491 4,6819
5,2192 5,2524
242 13:11
4,4608 4,4930
4,0904 4,1225
4,6486 4,6814
5,2185 5,2518
243 13:12
4,4610 4,4932
4,0904 4,1225
4,6495 4,6823
5,2196 5,2529
244 13:13
4,4625 4,4947
4,0920 4,1241
4,6514 4,6842
5,2220 5,2553
245 13:14
4,4623 4,4945
4,0911 4,1232
4,6507 4,6835
5,2222 5,2555
246 13:15
4,4624 4,4946
4,0912 4,1233
4,6511 4,6839
5,2226 5,2559
247 13:16
4,4627 4,4949
4,0914 4,1235
4,6513 4,6841
5,2229 5,2561
248 13:17
4,4628 4,4950
4,0916 4,1237
4,6520 4,6848
5,2222 5,2554
249 13:18
4,4624 4,4946
4,0906 4,1227
4,6518 4,6846
5,2224 5,2556
250 13:19
4,4625 4,4947
4,0910 4,1231
4,6525 4,6853
5,2220 5,2552
251 13:20
4,4630 4,4952
4,0912 4,1233
4,6524 4,6852
5,2230 5,2562
252 13:21
4,4627 4,4949
4,0907 4,1228
4,6519 4,6847
5,2223 5,2556
253 13:22
4,4622 4,4944
4,0897 4,1218
4,6516 4,6844
5,2220 5,2553
254 13:23
4,4621 4,4943
4,0894 4,1215
4,6512 4,6840
5,2215 5,2548
255 13:24
4,4621 4,4943
4,0900 4,1221
4,6515 4,6843
5,2216 5,2549
256 13:25
4,4619 4,4941
4,0896 4,1217
4,6515 4,6843
5,2219 5,2552
257 13:26
4,4617 4,4939
4,0892 4,1213
4,6518 4,6846
5,2212 5,2544
258 13:27
4,4620 4,4942
4,0896 4,1217
4,6515 4,6843
5,2212 5,2544
259 13:28
4,4619 4,4941
4,0892 4,1213
4,6512 4,6840
5,2211 5,2543
260 13:29
4,4622 4,4944
4,0893 4,1214
4,6513 4,6841
5,2215 5,2547
261 13:30
4,4624 4,4946
4,0893 4,1214
4,6513 4,6841
5,2220 5,2552
262 13:31
4,4625 4,4947
4,0896 4,1217
4,6516 4,6845
5,2227 5,2559
263 13:32
4,4632 4,4954
4,0900 4,1221
4,6524 4,6853
5,2239 5,2571
264 13:33
4,4629 4,4951
4,0895 4,1216
4,6530 4,6859
5,2231 5,2563
265 13:34
4,4621 4,4943
4,0892 4,1213
4,6516 4,6845
5,2217 5,2549
266 13:35
4,4621 4,4943
4,0897 4,1218
4,6519 4,6848
5,2225 5,2557
267 13:36
4,4619 4,4941
4,0901 4,1222
4,6522 4,6850
5,2216 5,2548
268 13:37
4,4600 4,4922
4,0880 4,1201
4,6502 4,6830
5,2194 5,2526
269 13:38
4,4607 4,4929
4,0885 4,1206
4,6510 4,6838
5,2205 5,2537
270 13:39
4,4609 4,4931
4,0883 4,1204
4,6514 4,6842
5,2204 5,2536
271 13:40
4,4610 4,4932
4,0891 4,1212
4,6515 4,6843
5,2209 5,2541
272 13:41
4,4611 4,4933
4,0887 4,1208
4,6516 4,6845
5,2210 5,2542
273 13:42
4,4609 4,4931
4,0885 4,1206
4,6514 4,6843
5,2210 5,2542
274 13:43
4,4613 4,4935
4,0887 4,1208
4,6516 4,6845
5,2215 5,2547
275 13:44
4,4603 4,4925
4,0875 4,1196
4,6502 4,6831
5,2206 5,2538
276 13:45
4,4614 4,4936
4,0882 4,1203
4,6514 4,6843
5,2216 5,2548
277 13:46
4,4614 4,4936
4,0880 4,1201
4,6510 4,6838
5,2213 5,2546
278 13:47
4,4613 4,4935
4,0879 4,1200
4,6511 4,6839
5,2212 5,2545
279 13:48
4,4608 4,4930
4,0878 4,1199
4,6508 4,6836
5,2206 5,2539
280 13:49
4,4609 4,4931
4,0872 4,1193
4,6509 4,6837
5,2208 5,2541
281 13:50
4,4609 4,4931
4,0872 4,1193
4,6507 4,6835
5,2204 5,2537
282 13:51
4,4615 4,4937
4,0875 4,1196
4,6511 4,6839
5,2208 5,2540
283 13:52
4,4612 4,4934
4,0884 4,1205
4,6503 4,6831
5,2208 5,2540
284 13:53
4,4612 4,4934
4,0886 4,1207
4,6500 4,6828
5,2208 5,2540
285 13:54
4,4615 4,4937
4,0898 4,1219
4,6506 4,6834
5,2215 5,2547
286 13:55
4,4616 4,4938
4,0902 4,1223
4,6509 4,6837
5,2212 5,2544
287 13:56
4,4616 4,4938
4,0912 4,1233
4,6509 4,6837
5,2219 5,2552
288 13:57
4,4614 4,4936
4,0902 4,1223
4,6512 4,6840
5,2216 5,2549
289 13:58
4,4618 4,4940
4,0893 4,1214
4,6504 4,6832
5,2216 5,2549
290 13:59
4,4618 4,4940
4,0899 4,1220
4,6516 4,6844
5,2215 5,2548
291 14:00
4,4611 4,4933
4,0884 4,1205
4,6511 4,6839
5,2207 5,2540
292 14:01
4,4615 4,4937
4,0884 4,1205
4,6515 4,6844
5,2205 5,2538
293 14:02
4,4615 4,4937
4,0888 4,1209
4,6515 4,6844
5,2205 5,2538
294 14:03
4,4613 4,4935
4,0884 4,1205
4,6513 4,6842
5,2200 5,2533
295 14:04
4,4613 4,4935
4,0877 4,1198
4,6523 4,6852
5,2206 5,2539
296 14:05
4,4614 4,4936
4,0883 4,1204
4,6524 4,6853
5,2203 5,2536
297 14:06
4,4615 4,4937
4,0890 4,1211
4,6525 4,6853
5,2205 5,2538
298 14:07
4,4614 4,4936
4,0887 4,1208
4,6527 4,6855
5,2210 5,2543
299 14:08
4,4615 4,4937
4,0896 4,1217
4,6530 4,6858
5,2212 5,2545
300 14:09
4,4615 4,4937
4,0896 4,1217
4,6533 4,6861
5,2215 5,2548
301 14:10
4,4614 4,4936
4,0895 4,1216
4,6534 4,6862
5,2222 5,2555
302 14:11
4,4614 4,4936
4,0891 4,1212
4,6534 4,6862
5,2223 5,2555
303 14:12
4,4614 4,4936
4,0897 4,1218
4,6530 4,6858
5,2233 5,2565
304 14:13
4,4615 4,4937
4,0909 4,1230
4,6530 4,6858
5,2233 5,2565
305 14:14
4,4622 4,4944
4,0916 4,1237
4,6535 4,6863
5,2244 5,2576
306 14:15
4,4614 4,4936
4,0910 4,1231
4,6529 4,6857
5,2225 5,2557
307 14:16
4,4612 4,4934
4,0910 4,1231
4,6527 4,6855
5,2217 5,2550
308 14:17
4,4612 4,4934
4,0913 4,1234
4,6531 4,6859
5,2217 5,2550
309 14:18
4,4611 4,4933
4,0909 4,1230
4,6528 4,6856
5,2213 5,2546
310 14:19
4,4612 4,4934
4,0916 4,1237
4,6532 4,6860
5,2214 5,2547
311 14:20
4,4612 4,4934
4,0916 4,1237
4,6534 4,6862
5,2217 5,2550
312 14:21
4,4612 4,4934
4,0910 4,1231
4,6538 4,6866
5,2214 5,2546
313 14:22
4,4611 4,4933
4,0907 4,1228
4,6542 4,6870
5,2216 5,2548
314 14:23
4,4611 4,4933
4,0913 4,1234
4,6545 4,6873
5,2219 5,2551
315 14:24
4,4611 4,4933
4,0920 4,1241
4,6541 4,6869
5,2216 5,2548
316 14:25
4,4612 4,4934
4,0923 4,1244
4,6539 4,6867
5,2214 5,2546
317 14:26
4,4609 4,4931
4,0926 4,1247
4,6534 4,6862
5,2211 5,2544
318 14:27
4,4611 4,4933
4,0926 4,1247
4,6536 4,6864
5,2213 5,2546
319 14:28
4,4610 4,4932
4,0921 4,1242
4,6535 4,6863
5,2212 5,2545
320 14:29
4,4610 4,4932
4,0923 4,1244
4,6532 4,6860
5,2212 5,2545
321 14:30
4,4612 4,4934
4,0925 4,1246
4,6535 4,6863
5,2218 5,2551
322 14:31
4,4612 4,4934
4,0933 4,1254
4,6535 4,6863
5,2218 5,2551
323 14:32
4,4615 4,4937
4,0939 4,1260
4,6537 4,6865
5,2221 5,2554
324 14:33
4,4615 4,4937
4,0939 4,1260
4,6541 4,6869
5,2218 5,2551
325 14:34
4,4623 4,4945
4,0949 4,1270
4,6546 4,6874
5,2227 5,2560
326 14:35
4,4614 4,4936
4,0936 4,1257
4,6539 4,6867
5,2220 5,2553
327 14:36
4,4599 4,4921
4,0923 4,1244
4,6524 4,6852
5,2202 5,2535
328 14:37
4,4594 4,4916
4,0911 4,1232
4,6518 4,6846
5,2199 5,2532
329 14:38
4,4596 4,4918
4,0915 4,1236
4,6520 4,6848
5,2205 5,2538
330 14:39
4,4601 4,4923
4,0916 4,1237
4,6527 4,6855
5,2210 5,2543
331 14:40
4,4601 4,4923
4,0911 4,1232
4,6528 4,6856
5,2213 5,2546
332 14:41
4,4603 4,4925
4,0917 4,1238
4,6530 4,6858
5,2217 5,2548
333 14:42
4,4599 4,4921
4,0904 4,1225
4,6526 4,6854
5,2215 5,2546
334 14:43
4,4600 4,4922
4,0908 4,1229
4,6527 4,6855
5,2218 5,2549
335 14:44
4,4598 4,4920
4,0905 4,1226
4,6526 4,6854
5,2217 5,2548
336 16:39
Connection error x5
1 17:29
4,4600 4,4922
4,0969 4,1291
4,6545 4,6873
5,2183 5,2515
2 17:30
4,4599 4,4921
4,0964 4,1286
4,6544 4,6872
5,2189 5,2521
3 17:31
4,4609 4,4931
4,0968 4,1290
4,6552 4,6880
5,2196 5,2528
4 17:32
4,4618 4,4940
4,0983 4,1305
4,6565 4,6893
5,2207 5,2539
5 17:33
4,4630 4,4952
4,0986 4,1308
4,6576 4,6904
5,2224 5,2556
6 17:34
4,4631 4,4953
4,0984 4,1306
4,6577 4,6905
5,2222 5,2554
7 17:35
4,4631 4,4953
4,0991 4,1313
4,6572 4,6900
5,2228 5,2560
8 17:36
4,4636 4,4958
4,0996 4,1318
4,6580 4,6908
5,2237 5,2569
9 17:37
4,4643 4,4965
4,1004 4,1326
4,6585 4,6913
5,2239 5,2571
10 17:38
4,4653 4,4975
4,1016 4,1338
4,6596 4,6924
5,2249 5,2581
11 17:39
4,4654 4,4976
4,1018 4,1340
4,6599 4,6927
5,2243 5,2575
12 17:40
4,4653 4,4975
4,1019 4,1341
4,6600 4,6928
5,2239 5,2571
13 17:41
4,4646 4,4968
4,1000 4,1322
4,6599 4,6927
5,2231 5,2563
14 17:42
4,4647 4,4969
4,1002 4,1324
4,6593 4,6921
5,2222 5,2554
15 17:43
4,4647 4,4969
4,1008 4,1330
4,6590 4,6918
5,2219 5,2551
16 17:44
4,4647 4,4969
4,1011 4,1333
4,6591 4,6919
5,2231 5,2563
17 17:45
4,4644 4,4966
4,1011 4,1333
4,6591 4,6919
5,2231 5,2563
18 17:46
4,4629 4,4951
4,0997 4,1319
4,6574 4,6902
5,2216 5,2548
19 17:47
4,4629 4,4951
4,0994 4,1316
4,6575 4,6903
5,2220 5,2552
20 17:48
4,4629 4,4951
4,0994 4,1316
4,6575 4,6903
5,2226 5,2558
21 17:49
4,4629 4,4951
4,0994 4,1316
4,6580 4,6908
5,2229 5,2561
22 17:50
4,4629 4,4951
4,0999 4,1321
4,6582 4,6910
5,2229 5,2561
23 17:51
4,4629 4,4951
4,0999 4,1321
4,6587 4,6915
5,2232 5,2564
24 17:52
4,4629 4,4951
4,0996 4,1318
4,6589 4,6917
5,2229 5,2561
25 17:53
4,4630 4,4952
4,0996 4,1318
4,6586 4,6914
5,2230 5,2562
26 17:54
4,4630 4,4952
4,0996 4,1318
4,6587 4,6915
5,2227 5,2559
27 17:55
4,4631 4,4953
4,0991 4,1313
4,6589 4,6917
5,2222 5,2554
28 17:56
4,4624 4,4946
4,0979 4,1301
4,6582 4,6910
5,2223 5,2555
29 17:57
4,4626 4,4948
4,0981 4,1303
4,6582 4,6910
5,2229 5,2561
30 17:58
4,4626 4,4948
4,0981 4,1303
4,6582 4,6910
5,2229 5,2561
31 17:59
4,4625 4,4947
4,0980 4,1302
4,6581 4,6909
5,2228 5,2560
32 18:00
4,4631 4,4954
4,0984 4,1311
4,6583 4,6916
5,2233 5,2566
33 18:01
4,4629 4,4953
4,0981 4,1311
4,6581 4,6916
5,2236 5,2570
34 18:02
4,4624 4,4952
4,0978 4,1307
4,6580 4,6914
5,2229 5,2561
35 18:03
4,4622 4,4952
4,0972 4,1303
4,6574 4,6915
5,2221 5,2557
36 18:04
4,4622 4,4953
4,0963 4,1296
4,6578 4,6915
5,2214 5,2554
37 18:05
4,4622 4,4953
4,0959 4,1295
4,6580 4,6919
5,2208 5,2550
38 18:06
4,4621 4,4953
4,0967 4,1304
4,6589 4,6929
5,2215 5,2558
39 18:07
4,4621 4,4953
4,0966 4,1300
4,6596 4,6934
5,2214 5,2556
40 18:08
4,4621 4,4953
4,0967 4,1304
4,6591 4,6929
5,2215 5,2552
41 18:09
4,4621 4,4954
4,0962 4,1296
4,6596 4,6935
5,2213 5,2557
42 18:10
4,4621 4,4953
4,0968 4,1302
4,6597 4,6938
5,2215 5,2558
43 18:11
4,4621 4,4953
4,0971 4,1308
4,6601 4,6939
5,2221 5,2564
44 18:12
4,4621 4,4953
4,0967 4,1303
4,6597 4,6940
5,2215 5,2558
45 18:13
4,4622 4,4953
4,0966 4,1302
4,6597 4,6934
5,2214 5,2556
46 18:14
4,4623 4,4954
4,0961 4,1296
4,6598 4,6934
5,2229 5,2570
47 18:15
4,4623 4,4954
4,0956 4,1292
4,6598 4,6935
5,2233 5,2575
48 18:16
4,4623 4,4954
4,0952 4,1288
4,6593 4,6930
5,2233 5,2575
49 18:17
4,4625 4,4949
4,0963 4,1292
4,6597 4,6926
5,2239 5,2572
50 18:18
4,4622 4,4952
4,0957 4,1292
4,6592 4,6928
5,2234 5,2575
51 18:19
4,4627 4,4952
4,0953 4,1280
4,6597 4,6928
5,2239 5,2574
52 18:20
4,4623 4,4951
4,0953 4,1283
4,6593 4,6927
5,2234 5,2572
53 18:21
4,4626 4,4948
4,0950 4,1277
4,6597 4,6925
5,2238 5,2570
54 18:22
4,4627 4,4949
4,0950 4,1277
4,6597 4,6925
5,2238 5,2570
55 18:23
4,4626 4,4948
4,0954 4,1279
4,6596 4,6924
5,2243 5,2575
56 18:24
4,4627 4,4949
4,0957 4,1279
4,6597 4,6925
5,2241 5,2573
57 18:25
4,4627 4,4949
4,0955 4,1279
4,6597 4,6925
5,2249 5,2581
58 18:26
4,4625 4,4947
4,0956 4,1278
4,6596 4,6924
5,2248 5,2580
59 18:27
4,4627 4,4949
4,0954 4,1276
4,6597 4,6925
5,2251 5,2583
60 18:28
4,4621 4,4951
4,0943 4,1275
4,6591 4,6927
5,2252 5,2591
61 18:29
4,4622 4,4953
4,0944 4,1277
4,6592 4,6928
5,2261 5,2600
62 18:30
4,4621 4,4953
4,0937 4,1274
4,6591 4,6929
5,2264 5,2607
63 18:31
4,4617 4,4939
4,0934 4,1258
4,6587 4,6915
5,2252 5,2584
64 18:32
4,4617 4,4939
4,0934 4,1258
4,6587 4,6915
5,2246 5,2578
65 18:33
4,4611 4,4948
4,0926 4,1264
4,6581 4,6924
5,2233 5,2582
66 18:34
4,4607 4,4949
4,0920 4,1267
4,6572 4,6920
5,2223 5,2578
67 18:35
4,4611 4,4941
4,0920 4,1251
4,6572 4,6907
5,2221 5,2562
68 18:36
4,4620 4,4943
4,0931 4,1260
4,6585 4,6914
5,2227 5,2559
69 18:37
4,4618 4,4942
4,0926 4,1252
4,6588 4,6918
5,2224 5,2557
70 18:38
4,4618 4,4943
4,0929 4,1259
4,6588 4,6921
5,2222 5,2557
71 18:39
4,4618 4,4943
4,0933 4,1264
4,6593 4,6924
5,2222 5,2557
72 18:40
4,4618 4,4943
4,0933 4,1260
4,6588 4,6919
5,2222 5,2557
73 18:41
4,4618 4,4943
4,0921 4,1251
4,6583 4,6914
5,2221 5,2555
74 18:42
4,4618 4,4943
4,0922 4,1253
4,6583 4,6914
5,2222 5,2555
75 18:43
4,4618 4,4943
4,0918 4,1249
4,6583 4,6914
5,2222 5,2557
76 18:44
4,4618 4,4943
4,0918 4,1249
4,6583 4,6914
5,2222 5,2557
77 18:45
4,4618 4,4943
4,0918 4,1247
4,6577 4,6909
5,2222 5,2557
78 18:46
4,4618 4,4943
4,0918 4,1245
4,6583 4,6914
5,2222 5,2557
79 18:47
4,4618 4,4943
4,0918 4,1245
4,6578 4,6909
5,2222 5,2557
80 18:48
4,4618 4,4943
4,0914 4,1240
4,6578 4,6909
5,2229 5,2564
81 18:49
4,4618 4,4942
4,0912 4,1241
4,6578 4,6908
5,2227 5,2559
82 18:50
4,4618 4,4942
4,0914 4,1241
4,6578 4,6908
5,2226 5,2558
83 18:51
4,4618 4,4943
4,0914 4,1245
4,6578 4,6909
5,2222 5,2557
84 18:52
4,4620 4,4943
4,0920 4,1245
4,6580 4,6909
5,2227 5,2559
85 18:53
4,4620 4,4942
4,0916 4,1244
4,6580 4,6908
5,2228 5,2560
86 18:54
4,4619 4,4943
4,0919 4,1249
4,6579 4,6909
5,2227 5,2559
87 18:55
4,4620 4,4943
4,0924 4,1253
4,6585 4,6914
5,2231 5,2564
88 18:56
4,4620 4,4942
4,0924 4,1252
4,6583 4,6911
5,2231 5,2563
89 18:57
4,4620 4,4942
4,0924 4,1248
4,6581 4,6910
5,2234 5,2566
90 18:58
4,4620 4,4942
4,0924 4,1248
4,6585 4,6913
5,2237 5,2569
91 18:59
4,4620 4,4942
4,0924 4,1248
4,6585 4,6913
5,2237 5,2569
92 19:00
4,4620 4,4943
4,0922 4,1249
4,6585 4,6914
5,2243 5,2576
93 19:01
4,4620 4,4943
4,0924 4,1249
4,6585 4,6914
5,2243 5,2576
94 19:02
4,4620 4,4943
4,0924 4,1253
4,6585 4,6914
5,2248 5,2580
95 19:03
4,4620 4,4943
4,0931 4,1260
4,6590 4,6919
5,2249 5,2582
96 19:04
4,4620 4,4943
4,0930 4,1256
4,6590 4,6919
5,2246 5,2578
97 19:05
4,4620 4,4943
4,0933 4,1259
4,6585 4,6918
5,2243 5,2576
98 19:06
4,4620 4,4942
4,0931 4,1259
4,6585 4,6917
5,2243 5,2575
99 19:07
4,4620 4,4942
4,0935 4,1259
4,6590 4,6918
5,2243 5,2575
100 19:08
4,4621 4,4943
4,0937 4,1260
4,6588 4,6919
5,2239 5,2571
101 19:09
4,4620 4,4942
4,0935 4,1259
4,6586 4,6919
5,2243 5,2575
102 19:10
4,4620 4,4943
4,0935 4,1260
4,6585 4,6914
5,2243 5,2576
103 19:11
4,4613 4,4937
4,0929 4,1255
4,6578 4,6908
5,2233 5,2565
104 19:12
4,4610 4,4934
4,0926 4,1256
4,6575 4,6905
5,2225 5,2559
105 19:13
4,4608 4,4940
4,0929 4,1262
4,6573 4,6911
5,2229 5,2573
106 19:14
4,4609 4,4940
4,0928 4,1260
4,6577 4,6916
5,2229 5,2571
107 19:15
4,4617 4,4939
4,0937 4,1263
4,6587 4,6915
5,2240 5,2572
108 19:16
4,4620 4,4942
4,0942 4,1266
4,6589 4,6917
5,2243 5,2575
109 19:17
4,4614 4,4940
4,0937 4,1265
4,6584 4,6916
5,2237 5,2574
110 19:18
4,4617 4,4942
4,0932 4,1262
4,6587 4,6918
5,2238 5,2574
111 19:19
4,4619 4,4943
4,0932 4,1261
4,6589 4,6919
5,2244 5,2577
112 19:20
4,4618 4,4942
4,0929 4,1255
4,6588 4,6918
5,2241 5,2576
113 19:21
4,4618 4,4942
4,0926 4,1252
4,6584 4,6919
5,2247 5,2581
114 19:22
4,4618 4,4942
4,0926 4,1252
4,6588 4,6918
5,2245 5,2577
115 19:23
4,4617 4,4942
4,0921 4,1251
4,6587 4,6922
5,2242 5,2574
116 19:24
4,4611 4,4940
4,0915 4,1249
4,6581 4,6916
5,2233 5,2572
117 19:25
4,4619 4,4941
4,0923 4,1247
4,6589 4,6917
5,2248 5,2580
118 19:26
4,4618 4,4940
4,0916 4,1241
4,6590 4,6918
5,2246 5,2578
119 19:27
4,4613 4,4935
4,0915 4,1238
4,6582 4,6910
5,2240 5,2572
120 19:28
4,4617 4,4939
4,0919 4,1244
4,6586 4,6914
5,2245 5,2577
121 19:29
4,4616 4,4938
4,0917 4,1239
4,6586 4,6914
5,2238 5,2570
122 19:30
4,4619 4,4941
4,0920 4,1246
4,6589 4,6917
5,2243 5,2575
123 19:31
4,4620 4,4943
4,0916 4,1244
4,6590 4,6919
5,2243 5,2576
124 19:32
4,4620 4,4942
4,0921 4,1248
4,6589 4,6917
5,2242 5,2574
125 19:33
4,4620 4,4942
4,0925 4,1252
4,6589 4,6917
5,2249 5,2581
126 19:34
4,4620 4,4942
4,0926 4,1251
4,6589 4,6917
5,2249 5,2581
127 19:35
4,4607 4,4934
4,0915 4,1247
4,6575 4,6909
5,2233 5,2571
128 19:36
4,4603 4,4929
4,0910 4,1241
4,6574 4,6905
5,2230 5,2566
129 19:37
4,4603 4,4933
4,0909 4,1244
4,6572 4,6908
5,2236 5,2570
130 19:38
4,4605 4,4932
4,0906 4,1239
4,6574 4,6907
5,2232 5,2569
131 19:39
4,4607 4,4930
4,0916 4,1241
4,6576 4,6905
5,2239 5,2573
132 19:40
4,4603 4,4929
4,0910 4,1241
4,6574 4,6905
5,2235 5,2571
133 19:41
4,4602 4,4926
4,0907 4,1233
4,6571 4,6901
5,2236 5,2569
134 19:42
4,4607 4,4929
4,0909 4,1232
4,6576 4,6904
5,2240 5,2572
135 19:43
4,4609 4,4931
4,0911 4,1234
4,6573 4,6901
5,2242 5,2574
136 19:44
4,4615 4,4937
4,0915 4,1239
4,6579 4,6907
5,2249 5,2581
137 19:45
4,4607 4,4930
4,0904 4,1233
4,6572 4,6901
5,2241 5,2574
138 19:46
4,4614 4,4936
4,0911 4,1239
4,6579 4,6907
5,2248 5,2580
139 19:47
4,4601 4,4923
4,0904 4,1231
4,6570 4,6898
5,2232 5,2564
140 19:48
4,4603 4,4925
4,0906 4,1233
4,6573 4,6901
5,2236 5,2568
141 19:49
4,4605 4,4928
4,0906 4,1231
4,6569 4,6897
5,2237 5,2569
142 19:50
4,4603 4,4925
4,0905 4,1232
4,6572 4,6900
5,2235 5,2567
143 19:51
4,4604 4,4926
4,0905 4,1229
4,6568 4,6896
5,2236 5,2568
144 19:52
4,4604 4,4927
4,0905 4,1234
4,6573 4,6902
5,2236 5,2568
145 19:53
4,4605 4,4928
4,0916 4,1242
4,6569 4,6897
5,2238 5,2571
146 19:54
4,4605 4,4927
4,0915 4,1241
4,6569 4,6897
5,2238 5,2570
147 19:55
4,4608 4,4930
4,0917 4,1243
4,6573 4,6901
5,2238 5,2570
148 19:56
4,4604 4,4926
4,0914 4,1240
4,6568 4,6896
5,2237 5,2569
149 19:57
4,4606 4,4928
4,0920 4,1243
4,6571 4,6899
5,2233 5,2565
150 19:58
4,4606 4,4928
4,0924 4,1251
4,6571 4,6899
5,2228 5,2560
151 19:59
4,4613 4,4935
4,0931 4,1258
4,6578 4,6906
5,2242 5,2574
152 20:00
4,4612 4,4944
4,0925 4,1258
4,6577 4,6915
5,2240 5,2584
153 20:01
4,4623 4,4945
4,0932 4,1259
4,6589 4,6917
5,2253 5,2585
154 20:02
4,4620 4,4946
4,0931 4,1259
4,6585 4,6917
5,2250 5,2587
155 20:03
4,4619 4,4946
4,0932 4,1262
4,6584 4,6917
5,2242 5,2579
156 20:04
4,4617 4,4944
4,0928 4,1260
4,6582 4,6915
5,2238 5,2576
157 20:05
4,4613 4,4947
4,0926 4,1261
4,6578 4,6918
5,2235 5,2581
158 20:06
4,4619 4,4945
4,0930 4,1262
4,6584 4,6916
5,2242 5,2578
159 20:07
4,4621 4,4950
4,0924 4,1258
4,6586 4,6921
5,2249 5,2585
160 20:08
4,4618 4,4947
4,0926 4,1257
4,6583 4,6918
5,2240 5,2580
161 20:09
4,4617 4,4947
4,0926 4,1257
4,6582 4,6918
5,2246 5,2580
162 20:10
4,4616 4,4946
4,0925 4,1260
4,6581 4,6917
5,2238 5,2580
163 20:11
4,4613 4,4941
4,0921 4,1255
4,6578 4,6912
5,2236 5,2575
164 20:12
4,4615 4,4939
4,0923 4,1253
4,6580 4,6910
5,2239 5,2572
165 20:13
4,4613 4,4942
4,0921 4,1256
4,6578 4,6913
5,2234 5,2574
166 20:14
4,4613 4,4941
4,0919 4,1252
4,6578 4,6912
5,2236 5,2575
167 20:15
4,4614 4,4940
4,0922 4,1250
4,6579 4,6911
5,2237 5,2574
168 20:16
4,4617 4,4942
4,0921 4,1252
4,6582 4,6913
5,2238 5,2574
169 20:17
4,4615 4,4941
4,0919 4,1251
4,6581 4,6918
5,2238 5,2573
170 20:18
4,4613 4,4941
4,0917 4,1251
4,6583 4,6917
5,2236 5,2575
171 20:19
4,4615 4,4941
4,0919 4,1251
4,6585 4,6917
5,2238 5,2575
172 20:20
4,4613 4,4941
4,0921 4,1255
4,6583 4,6917
5,2236 5,2569
173 20:21
4,4613 4,4946
4,0917 4,1252
4,6583 4,6922
5,2234 5,2578
174 20:22
4,4614 4,4943
4,0916 4,1248
4,6584 4,6919
5,2237 5,2576
175 20:23
4,4614 4,4944
4,0916 4,1251
4,6584 4,6920
5,2237 5,2578
176 20:24
4,4613 4,4941
4,0915 4,1244
4,6583 4,6917
5,2236 5,2575
177 20:25
4,4612 4,4943
4,0912 4,1248
4,6582 4,6919
5,2239 5,2582
178 20:26
4,4612 4,4941
4,0920 4,1251
4,6582 4,6917
5,2239 5,2579
179 20:27
4,4611 4,4945
4,0928 4,1263
4,6581 4,6921
5,2239 5,2585
180 20:28
4,4611 4,4945
4,0924 4,1263
4,6581 4,6921
5,2240 5,2585
181 20:29
4,4613 4,4945
4,0926 4,1263
4,6588 4,6926
5,2248 5,2585
182 20:30
4,4613 4,4945
4,0926 4,1259
4,6588 4,6926
5,2248 5,2585
183 20:31
4,4615 4,4946
4,0922 4,1258
4,6589 4,6921
5,2242 5,2584
184 20:32
4,4614 4,4947
4,0925 4,1263
4,6589 4,6928
5,2242 5,2587
185 20:33
4,4614 4,4947
4,0929 4,1267
4,6587 4,6928
5,2242 5,2587
186 20:34
4,4614 4,4945
4,0925 4,1261
4,6589 4,6926
5,2247 5,2589
187 20:35
4,4610 4,4944
4,0927 4,1266
4,6585 4,6925
5,2245 5,2590
188 20:36
4,4612 4,4944
4,0925 4,1262
4,6582 4,6920
5,2253 5,2590
189 20:37
4,4614 4,4943
4,0925 4,1255
4,6584 4,6919
5,2247 5,2587
190 20:38
4,4615 4,4946
4,0926 4,1258
4,6588 4,6926
5,2249 5,2591
191 20:39
4,4613 4,4945
4,0926 4,1259
4,6589 4,6926
5,2247 5,2591
192 20:40
4,4613 4,4946
4,0921 4,1256
4,6588 4,6927
5,2247 5,2591
193 20:41
4,4613 4,4946
4,0920 4,1258
4,6586 4,6926
5,2253 5,2597
194 20:42
4,4611 4,4945
4,0924 4,1263
4,6586 4,6926
5,2251 5,2597
195 20:43
4,4613 4,4946
4,0917 4,1255
4,6596 4,6936
5,2253 5,2598
196 20:44
4,4611 4,4945
4,0916 4,1254
4,6596 4,6937
5,2253 5,2598
197 20:45
4,4613 4,4946
4,0932 4,1267
4,6596 4,6936
5,2259 5,2604
198 20:46
4,4613 4,4946
4,0928 4,1266
4,6596 4,6936
5,2265 5,2603
199 20:47
4,4611 4,4945
4,0928 4,1267
4,6596 4,6937
5,2257 5,2603
200 20:48
4,4614 4,4947
4,0929 4,1263
4,6597 4,6937
5,2260 5,2604
201 20:49
4,4612 4,4946
4,0929 4,1268
4,6597 4,6938
5,2266 5,2611
202 20:50
4,4612 4,4947
4,0927 4,1267
4,6595 4,6937
5,2264 5,2611
203 20:51
4,4612 4,4946
4,0925 4,1264
4,6596 4,6942
5,2266 5,2611
204 20:52
4,4614 4,4947
4,0925 4,1263
4,6602 4,6942
5,2266 5,2610
205 20:53
4,4612 4,4946
4,0925 4,1260
4,6597 4,6938
5,2272 5,2617
206 20:54
4,4614 4,4947
4,0927 4,1264
4,6598 4,6943
5,2272 5,2616
207 20:55
4,4612 4,4946
4,0929 4,1264
4,6597 4,6938
5,2272 5,2611
208 20:56
4,4612 4,4947
4,0927 4,1267
4,6595 4,6937
5,2268 5,2610
209 20:57
4,4612 4,4947
4,0927 4,1263
4,6595 4,6937
5,2264 5,2605
210 20:58
4,4614 4,4947
4,0925 4,1263
4,6597 4,6937
5,2266 5,2604
211 20:59
4,4601 4,4938
4,0917 4,1255
4,6588 4,6932
5,2254 5,2601
212 21:00
4,4591 4,4924
4,0908 4,1242
4,6574 4,6918
5,2251 5,2595
213 21:01
4,4594 4,4922
4,0907 4,1241
4,6583 4,6922
5,2256 5,2594
214 21:02
4,4594 4,4922
4,0907 4,1237
4,6583 4,6918
5,2256 5,2594
215 21:03
4,4591 4,4920
4,0908 4,1242
4,6579 4,6914
5,2251 5,2591
216 21:04
4,4591 4,4920
4,0908 4,1238
4,6579 4,6914
5,2251 5,2591
217 21:05
4,4595 4,4922
4,0908 4,1240
4,6583 4,6916
5,2261 5,2593
218 21:06
4,4604 4,4930
4,0914 4,1245
4,6593 4,6925
5,2268 5,2605
219 21:07
4,4605 4,4932
4,0910 4,1239
4,6594 4,6927
5,2261 5,2599
220 21:08
4,4605 4,4932
4,0917 4,1246
4,6594 4,6927
5,2261 5,2599
221 21:09
4,4605 4,4932
4,0917 4,1249
4,6599 4,6932
5,2267 5,2599
222 21:10
4,4605 4,4932
4,0921 4,1250
4,6599 4,6932
5,2269 5,2606
223 21:11
4,4609 4,4947
4,0926 4,1269
4,6604 4,6949
5,2274 5,2625
224 21:12
4,4615 4,4949
4,0935 4,1270
4,6609 4,6955
5,2288 5,2633
225 21:13
4,4610 4,4945
4,0925 4,1265
4,6609 4,6950
5,2280 5,2627
226 21:14
4,4632 4,4954
4,0955 4,1277
4,6632 4,6960
5,2303 5,2635
227 21:15
4,4610 4,4945
4,0934 4,1273
4,6608 4,6954
5,2274 5,2621
228 21:16
4,4611 4,4946
4,0930 4,1270
4,6610 4,6951
5,2282 5,2629
229 21:17
4,4610 4,4945
4,0929 4,1269
4,6614 4,6955
5,2276 5,2620
230 21:18
4,4613 4,4948
4,0928 4,1268
4,6617 4,6958
5,2278 5,2625
231 21:19
4,4610 4,4945
4,0925 4,1265
4,6614 4,6955
5,2268 5,2615
232 21:20
4,4609 4,4944
4,0924 4,1264
4,6613 4,6954
5,2267 5,2614
233 21:21
4,4616 4,4948
4,0935 4,1269
4,6620 4,6958
5,2276 5,2619
234 21:22
4,4608 4,4943
4,0927 4,1263
4,6612 4,6953
5,2266 5,2613
235 21:23
4,4607 4,4941
4,0924 4,1263
4,6611 4,6951
5,2265 5,2611
236 21:24
4,4606 4,4940
4,0923 4,1262
4,6610 4,6950
5,2265 5,2610
237 21:25
4,4605 4,4940
4,0920 4,1256
4,6608 4,6954
5,2262 5,2609
238 21:26
4,4606 4,4940
4,0923 4,1258
4,6615 4,6955
5,2265 5,2610
239 21:27
4,4606 4,4940
4,0923 4,1258
4,6615 4,6955
5,2265 5,2610
240 21:28
4,4604 4,4938
4,0921 4,1259
4,6613 4,6953
5,2263 5,2608
241 21:29
4,4599 4,4923
4,0920 4,1246
4,6607 4,6937
5,2260 5,2592
242 21:30
4,4580 4,4921
4,0897 4,1243
4,6586 4,6934
5,2233 5,2588
243 21:31
4,4579 4,4904
4,0897 4,1227
4,6586 4,6917
5,2232 5,2567
244 21:32
4,4590 4,4927
4,0908 4,1249
4,6598 4,6941
5,2251 5,2594
245 21:33
4,4569 4,4900
4,0887 4,1223
4,6571 4,6912
5,2227 5,2562
246 21:34
4,4580 4,4918
4,0899 4,1242
4,6584 4,6929
5,2239 5,2583
247 21:35
4,4582 4,4917
4,0903 4,1239
4,6585 4,6930
5,2240 5,2588
248 21:36
4,4581 4,4915
4,0906 4,1243
4,6584 4,6928
5,2240 5,2586
249 21:37
4,4580 4,4915
4,0905 4,1245
4,6581 4,6923
5,2239 5,2586
250 21:38
4,4569 4,4894
4,0896 4,1223
4,6571 4,6902
5,2225 5,2559
251 21:39
4,4566 4,4888
4,0890 4,1212
4,6567 4,6895
5,2222 5,2554
252 21:40
4,4568 4,4892
4,0891 4,1221
4,6570 4,6900
5,2221 5,2554
253 21:41
4,4571 4,4894
4,0892 4,1218
4,6573 4,6902
5,2225 5,2557
254 21:42
4,4569 4,4894
4,0896 4,1223
4,6571 4,6902
5,2224 5,2556
255 21:43
4,4567 4,4889
4,0895 4,1217
4,6569 4,6897
5,2221 5,2553
256 21:44
4,4565 4,4887
4,0893 4,1215
4,6566 4,6894
5,2215 5,2547
257 21:45
4,4565 4,4887
4,0892 4,1214
4,6566 4,6894
5,2220 5,2552
258 21:46
4,4569 4,4894
4,0896 4,1223
4,6571 4,6902
5,2226 5,2561
259 21:47
4,4572 4,4894
4,0900 4,1226
4,6574 4,6902
5,2224 5,2556
260 21:48
4,4573 4,4895
4,0900 4,1226
4,6575 4,6903
5,2225 5,2557
261 21:49
4,4569 4,4893
4,0896 4,1226
4,6571 4,6901
5,2220 5,2554
262 21:50
4,4565 4,4887
4,0897 4,1219
4,6566 4,6894
5,2212 5,2544
263 21:51
4,4573 4,4895
4,0904 4,1226
4,6575 4,6903
5,2224 5,2556
264 21:52
4,4573 4,4895
4,0904 4,1226
4,6576 4,6906
5,2222 5,2554
265 21:53
4,4563 4,4900
4,0893 4,1231
4,6568 4,6912
5,2207 5,2556
266 21:54
4,4568 4,4892
4,0899 4,1225
4,6570 4,6904
5,2213 5,2547
267 21:55
4,4568 4,4892
4,0895 4,1225
4,6570 4,6900
5,2213 5,2547
268 21:56
4,4569 4,4893
4,0900 4,1226
4,6576 4,6906
5,2218 5,2550
269 21:57
4,4569 4,4893
4,0901 4,1230
4,6576 4,6906
5,2220 5,2554
270 21:58
4,4569 4,4894
4,0899 4,1229
4,6576 4,6907
5,2220 5,2555
271 21:59
4,4571 4,4894
4,0898 4,1227
4,6572 4,6906
5,2222 5,2555
272 22:00
4,4568 4,4900
4,0898 4,1232
4,6571 4,6914
5,2220 5,2557
273 22:01
4,4568 4,4900
4,0896 4,1233
4,6575 4,6913
5,2216 5,2556
274 22:02
4,4568 4,4906
4,0900 4,1239
4,6575 4,6919
5,2220 5,2571
275 22:03
4,4573 4,4909
4,0904 4,1245
4,6580 4,6922
5,2225 5,2573
276 22:04
4,4574 4,4910
4,0905 4,1246
4,6582 4,6925
5,2226 5,2574
277 22:05
4,4573 4,4911
4,0908 4,1251
4,6581 4,6930
5,2232 5,2583
278 22:06
4,4576 4,4911
4,0909 4,1249
4,6582 4,6924
5,2229 5,2575
279 22:07
4,4575 4,4912
4,0908 4,1250
4,6581 4,6925
5,2233 5,2576
280 22:08
4,4574 4,4910
4,0913 4,1250
4,6582 4,6925
5,2226 5,2574
281 22:09
4,4576 4,4911
4,0913 4,1249
4,6582 4,6924
5,2228 5,2575
282 22:10
4,4573 4,4911
4,0912 4,1251
4,6581 4,6926
5,2225 5,2575
283 22:11
4,4574 4,4913
4,0912 4,1253
4,6580 4,6926
5,2225 5,2577
284 22:12
4,4576 4,4913
4,0913 4,1251
4,6578 4,6927
5,2227 5,2577
285 22:13
4,4575 4,4911
4,0912 4,1250
4,6577 4,6925
5,2221 5,2569
286 22:14
4,4575 4,4917
4,0913 4,1255
4,6577 4,6931
5,2222 5,2577
287 22:15
4,4577 4,4919
4,0915 4,1258
4,6580 4,6929
5,2225 5,2580
288 22:16
4,4577 4,4919
4,0915 4,1258
4,6580 4,6929
5,2225 5,2580
289 22:17
4,4577 4,4920
4,0915 4,1258
4,6578 4,6928
5,2223 5,2580
290 22:18
4,4577 4,4920
4,0911 4,1258
4,6578 4,6928
5,2223 5,2580
291 22:19
4,4576 4,4920
4,0910 4,1258
4,6575 4,6930
5,2223 5,2580
292 22:20
4,4578 4,4921
4,0912 4,1259
4,6579 4,6929
5,2217 5,2573
293 22:21
4,4576 4,4921
4,0910 4,1255
4,6577 4,6929
5,2222 5,2575
294 22:22
4,4577 4,4922
4,0907 4,1256
4,6578 4,6930
5,2217 5,2576
295 22:23
4,4576 4,4922
4,0910 4,1256
4,6578 4,6936
5,2222 5,2576
296 22:24
4,4575 4,4921
4,0909 4,1255
4,6578 4,6931
5,2223 5,2576
297 22:25
4,4577 4,4922
4,0911 4,1256
4,6578 4,6930
5,2223 5,2582
298 22:26
4,4575 4,4920
4,0909 4,1258
4,6576 4,6928
5,2221 5,2580
299 22:27
4,4575 4,4920
4,0909 4,1258
4,6576 4,6928
5,2221 5,2580
300 22:28
4,4576 4,4921
4,0914 4,1259
4,6577 4,6929
5,2222 5,2581
301 22:29
4,4575 4,4921
4,0913 4,1259
4,6578 4,6931
5,2221 5,2581
302 22:30
4,4577 4,4922
4,0913 4,1263
4,6569 4,6922
5,2223 5,2581
303 22:31
4,4576 4,4921
4,0914 4,1259
4,6577 4,6929
5,2222 5,2581
304 22:32
4,4575 4,4921
4,0913 4,1259
4,6572 4,6930
5,2227 5,2587
305 22:33
4,4575 4,4921
4,0913 4,1259
4,6568 4,6920
5,2227 5,2587
306 22:34
4,4576 4,4921
4,0914 4,1259
4,6572 4,6924
5,2228 5,2587
307 22:35
4,4574 4,4920
4,0908 4,1258
4,6572 4,6925
5,2227 5,2582
308 22:36
4,4575 4,4921
4,0909 4,1259
4,6569 4,6926
5,2221 5,2581
309 22:37
4,4579 4,4922
4,0911 4,1259
4,6575 4,6925
5,2225 5,2581
310 22:38
4,4576 4,4921
4,0910 4,1259
4,6569 4,6920
5,2222 5,2581
311 22:39
4,4576 4,4921
4,0910 4,1259
4,6572 4,6924
5,2222 5,2581
312 22:40
4,4570 4,4926
4,0905 4,1264
4,6562 4,6926
5,2215 5,2587
313 22:41
4,4577 4,4922
4,0911 4,1256
4,6570 4,6921
5,2223 5,2582
314 22:42
4,4576 4,4922
4,0910 4,1256
4,6569 4,6921
5,2222 5,2576
315 22:43
4,4577 4,4923
4,0907 4,1257
4,6570 4,6922
5,2217 5,2577
316 22:44
4,4578 4,4923
4,0908 4,1257
4,6565 4,6917
5,2224 5,2576
317 22:45
4,4576 4,4922
4,0906 4,1256
4,6564 4,6916
5,2216 5,2582
318 22:46
4,4579 4,4920
4,0909 4,1254
4,6567 4,6914
5,2220 5,2573
319 22:47
4,4578 4,4919
4,0908 4,1253
4,6569 4,6917
5,2217 5,2571
320 22:48
4,4575 4,4917
4,0905 4,1251
4,6568 4,6916
5,2216 5,2571
321 22:49
4,4578 4,4919
4,0908 4,1253
4,6571 4,6918
5,2217 5,2571
322 22:50
4,4568 4,4931
4,0899 4,1264
4,6559 4,6931
5,2206 5,2585
323 22:51
4,4569 4,4930
4,0895 4,1259
4,6560 4,6934
5,2214 5,2591
324 22:52
4,4568 4,4930
4,0899 4,1259
4,6560 4,6934
5,2213 5,2591
325 22:53
4,4571 4,4932
4,0902 4,1261
4,6562 4,6936
5,2215 5,2593
326 22:54
4,4571 4,4932
4,0902 4,1261
4,6562 4,6936
5,2215 5,2593
327 22:55
4,4571 4,4932
4,0902 4,1261
4,6562 4,6936
5,2214 5,2593
328 22:56
4,4570 4,4933
4,0901 4,1266
4,6561 4,6937
5,2214 5,2594
329 22:57
4,4570 4,4933
4,0901 4,1262
4,6561 4,6937
5,2214 5,2594
330 22:58
4,4570 4,4933
4,0897 4,1262
4,6561 4,6937
5,2215 5,2596
331 22:59
4,4570 4,4933
4,0897 4,1262
4,6561 4,6937
5,2214 5,2594
332 23:00
4,4570 4,4954
4,0901 4,1304
4,6524 4,7001
5,2197 5,2632
333 23:01
4,4570 4,4956
4,0902 4,1307
4,6523 4,7001
5,2196 5,2631
334 23:02
4,4560 4,4956
4,0892 4,1307
4,6442 4,7007
5,2190 5,2642
335 23:03
4,4560 4,4956
4,0888 4,1310
4,6440 4,7006
5,2190 5,2642
336 23:04
4,4560 4,4956
4,0888 4,1310
4,6440 4,7006
5,2190 5,2642
337 23:05
4,4560 4,4956
4,0870 4,1307
4,6479 4,7012
5,2175 5,2639
338 23:06
4,4560 4,4956
4,0888 4,1306
4,6527 4,7011
5,2201 5,2644
339 23:07
4,4514 4,4995
4,0845 4,1346
4,6474 4,7046
5,2151 5,2683
340 23:08
4,4514 4,4994
4,0845 4,1345
4,6479 4,7051
5,2153 5,2690
341 23:09
4,4515 4,4995
4,0846 4,1346
4,6480 4,7052
5,2154 5,2690
342 23:10
4,4560 4,4956
4,0888 4,1310
4,6527 4,7011
5,2201 5,2649
343 23:11
4,4560 4,4956
4,0870 4,1303
4,6508 4,7006
5,2179 5,2635
344 23:12
4,4560 4,4956
4,0876 4,1302
4,6513 4,7001
5,2189 5,2637
345 23:13
4,4517 4,4998
4,0836 4,1340
4,6468 4,7045
5,2142 5,2680
346 23:14
4,4517 4,4997
4,0842 4,1337
4,6483 4,7039
5,2142 5,2680
347 23:15
4,4517 4,4997
4,0834 4,1337
4,6473 4,7021
5,2135 5,2683
348 23:16
4,4517 4,4997
4,0834 4,1337
4,6484 4,7015
5,2132 5,2681
349 23:17
4,4517 4,4997
4,0834 4,1337
4,6483 4,7039
5,2150 5,2680
350 23:18
Connection error x5
