#======================
2023-6-21
# 1.EUR, 2.USD, 3.CHF, 4.GBP
Sell Price, Buy Price
1 12:02
4,4228 4,4550
4,0516 4,0837
4,5122 4,5450
5,1496 5,1828
2 12:03
4,4217 4,4539
4,0499 4,0820
4,5111 4,5439
5,1484 5,1816
3 12:04
4,4208 4,4530
4,0486 4,0807
4,5101 4,5429
5,1462 5,1794
4 12:05
4,4207 4,4529
4,0481 4,0802
4,5097 4,5425
5,1456 5,1788
5 12:06
4,4212 4,4534
4,0487 4,0808
4,5104 4,5432
5,1467 5,1799
6 12:07
4,4219 4,4541
4,0494 4,0815
4,5102 4,5430
5,1470 5,1802
7 12:08
4,4220 4,4542
4,0497 4,0818
4,5107 4,5435
5,1469 5,1801
8 12:09
4,4217 4,4539
4,0495 4,0816
4,5104 4,5432
5,1467 5,1799
9 12:10
4,4223 4,4545
4,0505 4,0826
4,5120 4,5448
5,1479 5,1811
10 12:11
4,4221 4,4543
4,0501 4,0822
4,5114 4,5442
5,1476 5,1808
11 12:12
4,4230 4,4552
4,0503 4,0824
4,5119 4,5447
5,1484 5,1816
12 12:13
4,4232 4,4554
4,0504 4,0825
4,5122 4,5450
5,1489 5,1821
13 12:14
4,4213 4,4535
4,0482 4,0803
4,5095 4,5423
5,1462 5,1794
14 12:15
4,4209 4,4531
4,0479 4,0800
4,5087 4,5415
5,1457 5,1789
15 12:16
4,4204 4,4526
4,0472 4,0793
4,5075 4,5403
5,1454 5,1786
16 12:17
4,4204 4,4526
4,0470 4,0791
4,5074 4,5402
5,1456 5,1788
17 12:18
4,4203 4,4525
4,0461 4,0782
4,5074 4,5402
5,1447 5,1779
18 12:19
4,4204 4,4526
4,0461 4,0782
4,5070 4,5398
5,1454 5,1786
19 12:20
4,4204 4,4526
4,0465 4,0786
4,5072 4,5400
5,1456 5,1788
20 12:21
4,4206 4,4528
4,0470 4,0791
4,5081 4,5409
5,1450 5,1783
21 12:22
4,4206 4,4528
4,0468 4,0789
4,5082 4,5410
5,1443 5,1776
22 12:23
4,4207 4,4529
4,0466 4,0787
4,5085 4,5413
5,1441 5,1774
23 12:24
4,4205 4,4527
4,0464 4,0785
4,5085 4,5413
5,1454 5,1787
24 12:25
4,4205 4,4527
4,0468 4,0789
4,5092 4,5420
5,1457 5,1790
25 12:26
4,4208 4,4530
4,0471 4,0792
4,5091 4,5419
5,1462 5,1794
26 12:27
4,4208 4,4530
4,0471 4,0792
4,5090 4,5418
5,1462 5,1794
27 12:28
4,4208 4,4530
4,0474 4,0795
4,5088 4,5416
5,1462 5,1794
28 12:29
4,4207 4,4529
4,0473 4,0794
4,5099 4,5427
5,1470 5,1802
29 12:30
4,4205 4,4527
4,0468 4,0789
4,5097 4,5425
5,1461 5,1793
30 12:31
4,4206 4,4528
4,0465 4,0786
4,5098 4,5426
5,1473 5,1806
31 12:32
4,4206 4,4528
4,0465 4,0786
4,5098 4,5426
5,1473 5,1806
32 12:33
4,4208 4,4530
4,0467 4,0788
4,5102 4,5430
5,1476 5,1809
33 12:34
4,4209 4,4531
4,0466 4,0787
4,5101 4,5429
5,1474 5,1807
34 12:35
4,4208 4,4530
4,0461 4,0782
4,5100 4,5428
5,1471 5,1804
35 12:36
4,4210 4,4532
4,0471 4,0792
4,5098 4,5427
5,1469 5,1801
36 12:37
4,4208 4,4530
4,0463 4,0784
4,5095 4,5424
5,1473 5,1805
37 12:38
4,4208 4,4530
4,0463 4,0784
4,5091 4,5420
5,1463 5,1795
38 12:39
4,4208 4,4530
4,0462 4,0783
4,5094 4,5423
5,1449 5,1781
39 12:40
4,4205 4,4527
4,0460 4,0781
4,5092 4,5421
5,1443 5,1775
40 12:41
4,4199 4,4521
4,0459 4,0780
4,5091 4,5419
5,1430 5,1762
41 12:42
4,4193 4,4515
4,0457 4,0778
4,5084 4,5412
5,1426 5,1758
42 12:43
4,4193 4,4515
4,0457 4,0778
4,5084 4,5412
5,1423 5,1755
43 12:44
4,4190 4,4512
4,0462 4,0783
4,5087 4,5415
5,1415 5,1747
44 12:45
4,4202 4,4524
4,0476 4,0797
4,5103 4,5431
5,1422 5,1754
45 12:46
4,4201 4,4523
4,0474 4,0795
4,5097 4,5425
5,1414 5,1746
46 12:47
4,4201 4,4523
4,0479 4,0800
4,5093 4,5421
5,1420 5,1752
47 12:48
4,4201 4,4523
4,0477 4,0798
4,5097 4,5425
5,1411 5,1743
48 12:49
4,4195 4,4517
4,0472 4,0793
4,5091 4,5419
5,1419 5,1751
49 12:50
4,4194 4,4516
4,0463 4,0784
4,5090 4,5418
5,1422 5,1754
50 12:51
4,4192 4,4514
4,0463 4,0784
4,5088 4,5416
5,1419 5,1751
51 12:52
4,4187 4,4509
4,0462 4,0783
4,5083 4,5411
5,1421 5,1753
52 12:53
4,4188 4,4510
4,0462 4,0783
4,5084 4,5412
5,1425 5,1757
53 12:54
4,4187 4,4509
4,0465 4,0786
4,5086 4,5414
5,1428 5,1760
54 12:55
4,4184 4,4506
4,0464 4,0785
4,5082 4,5410
5,1416 5,1748
55 12:56
4,4182 4,4504
4,0462 4,0783
4,5078 4,5406
5,1413 5,1745
56 12:57
4,4184 4,4506
4,0464 4,0785
4,5080 4,5408
5,1407 5,1739
57 12:58
4,4183 4,4505
4,0461 4,0782
4,5078 4,5406
5,1416 5,1748
58 12:59
4,4183 4,4505
4,0457 4,0778
4,5077 4,5405
5,1423 5,1755
59 13:00
4,4185 4,4507
4,0463 4,0784
4,5081 4,5409
5,1420 5,1752
60 13:01
4,4184 4,4506
4,0458 4,0779
4,5080 4,5408
5,1432 5,1764
61 13:02
4,4184 4,4506
4,0458 4,0779
4,5080 4,5408
5,1425 5,1757
62 13:03
4,4184 4,4506
4,0462 4,0783
4,5084 4,5412
5,1428 5,1760
63 13:04
4,4184 4,4506
4,0460 4,0781
4,5088 4,5416
5,1422 5,1754
64 13:05
4,4184 4,4506
4,0458 4,0779
4,5089 4,5417
5,1426 5,1758
65 13:06
4,4184 4,4506
4,0454 4,0775
4,5089 4,5417
5,1434 5,1765
66 13:07
4,4184 4,4506
4,0456 4,0777
4,5085 4,5413
5,1443 5,1774
67 13:08
4,4184 4,4506
4,0456 4,0777
4,5091 4,5419
5,1441 5,1772
68 13:09
4,4184 4,4506
4,0460 4,0781
4,5089 4,5417
5,1443 5,1774
69 13:10
4,4189 4,4511
4,0463 4,0784
4,5094 4,5422
5,1464 5,1795
70 13:11
4,4189 4,4511
4,0466 4,0787
4,5094 4,5423
5,1466 5,1798
71 13:12
4,4189 4,4511
4,0472 4,0793
4,5094 4,5423
5,1472 5,1804
72 13:13
4,4188 4,4510
4,0469 4,0790
4,5093 4,5422
5,1474 5,1806
73 13:47
Definite connection error#======================
2023-6-21
# 1.EUR, 2.USD, 3.CHF, 4.GBP
Sell Price, Buy Price
1 13:50
4,4169 4,4491
4,0446 4,0767
4,5065 4,5393
5,1499 5,1832
2 13:51
4,4172 4,4494
4,0443 4,0764
4,5068 4,5396
5,1498 5,1830
3 13:52
4,4171 4,4493
4,0441 4,0762
4,5067 4,5395
5,1488 5,1820
4 13:53
4,4177 4,4499
4,0438 4,0759
4,5073 4,5401
5,1497 5,1829
5 13:54
4,4184 4,4506
4,0441 4,0762
4,5080 4,5408
5,1512 5,1844
6 13:55
4,4172 4,4494
4,0425 4,0746
4,5068 4,5396
5,1495 5,1827
7 13:56
4,4167 4,4489
4,0420 4,0741
4,5056 4,5384
5,1500 5,1833
8 13:57
4,4169 4,4491
4,0424 4,0745
4,5055 4,5383
5,1497 5,1830
9 13:58
4,4171 4,4493
4,0428 4,0749
4,5060 4,5388
5,1499 5,1832
10 13:59
4,4170 4,4492
4,0432 4,0753
4,5059 4,5387
5,1496 5,1829
11 14:00
4,4170 4,4492
4,0427 4,0748
4,5056 4,5384
5,1492 5,1825
12 14:01
4,4169 4,4491
4,0433 4,0754
4,5053 4,5381
5,1488 5,1820
13 14:02
4,4167 4,4489
4,0433 4,0754
4,5053 4,5381
5,1483 5,1815
14 14:03
4,4166 4,4488
4,0430 4,0751
4,5055 4,5383
5,1482 5,1814
15 14:04
4,4163 4,4485
4,0426 4,0747
4,5054 4,5382
5,1472 5,1804
16 14:05
4,4161 4,4483
4,0426 4,0747
4,5050 4,5378
5,1481 5,1813
17 14:06
4,4163 4,4485
4,0426 4,0747
4,5049 4,5377
5,1490 5,1822
18 14:07
4,4163 4,4485
4,0426 4,0747
4,5049 4,5377
5,1487 5,1819
19 14:08
4,4160 4,4482
4,0421 4,0742
4,5042 4,5370
5,1481 5,1813
20 14:09
4,4152 4,4474
4,0410 4,0731
4,5038 4,5366
5,1475 5,1807
21 14:10
4,4155 4,4477
4,0418 4,0739
4,5039 4,5367
5,1475 5,1807
22 14:11
4,4163 4,4485
4,0430 4,0751
4,5045 4,5373
5,1492 5,1825
23 14:12
4,4164 4,4486
4,0440 4,0761
4,5051 4,5379
5,1491 5,1824
24 14:13
4,4168 4,4490
4,0443 4,0764
4,5045 4,5373
5,1492 5,1825
25 14:14
4,4169 4,4491
4,0443 4,0764
4,5037 4,5365
5,1479 5,1812
26 14:15
4,4170 4,4492
4,0446 4,0767
4,5032 4,5360
5,1474 5,1807
27 14:16
4,4171 4,4493
4,0453 4,0774
4,5030 4,5358
5,1463 5,1795
28 14:17
4,4179 4,4501
4,0453 4,0774
4,5036 4,5364
5,1473 5,1805
29 14:18
4,4180 4,4502
4,0449 4,0770
4,5041 4,5369
5,1474 5,1806
30 14:19
4,4181 4,4503
4,0452 4,0773
4,5035 4,5363
5,1469 5,1801
31 14:20
4,4182 4,4504
4,0460 4,0781
4,5037 4,5365
5,1468 5,1800
32 14:21
4,4206 4,4528
4,0491 4,0812
4,5056 4,5384
5,1504 5,1836
33 14:22
4,4215 4,4537
4,0507 4,0828
4,5071 4,5399
5,1521 5,1853
34 14:23
4,4215 4,4537
4,0513 4,0834
4,5068 4,5396
5,1522 5,1854
35 14:24
4,4220 4,4542
4,0513 4,0834
4,5080 4,5408
5,1520 5,1852
36 14:25
4,4213 4,4535
4,0507 4,0828
4,5073 4,5401
5,1515 5,1847
37 14:26
4,4213 4,4535
4,0506 4,0827
4,5074 4,5402
5,1512 5,1844
38 14:27
4,4213 4,4535
4,0509 4,0830
4,5075 4,5403
5,1527 5,1859
39 14:28
4,4210 4,4532
4,0503 4,0824
4,5072 4,5400
5,1518 5,1850
40 14:29
4,4208 4,4530
4,0499 4,0820
4,5070 4,5398
5,1522 5,1854
41 14:30
4,4209 4,4531
4,0499 4,0820
4,5073 4,5401
5,1525 5,1857
42 14:31
4,4198 4,4520
4,0467 4,0788
4,5062 4,5390
5,1510 5,1842
43 14:32
4,4194 4,4516
4,0482 4,0803
4,5058 4,5386
5,1509 5,1841
44 14:33
4,4191 4,4513
4,0483 4,0804
4,5060 4,5388
5,1505 5,1837
45 14:34
4,4193 4,4515
4,0490 4,0811
4,5057 4,5385
5,1519 5,1851
46 14:35
4,4184 4,4506
4,0480 4,0801
4,5050 4,5378
5,1503 5,1835
47 14:36
4,4174 4,4496
4,0469 4,0790
4,5040 4,5368
5,1497 5,1829
48 14:37
4,4213 4,4535
4,0518 4,0839
4,5077 4,5405
5,1530 5,1862
49 14:38
4,4210 4,4532
4,0517 4,0838
4,5076 4,5404
5,1536 5,1868
50 14:39
4,4211 4,4533
4,0512 4,0833
4,5079 4,5407
5,1534 5,1866
51 14:40
4,4222 4,4544
4,0520 4,0841
4,5095 4,5423
5,1546 5,1878
52 14:41
4,4223 4,4545
4,0516 4,0837
4,5092 4,5420
5,1549 5,1881
53 14:42
4,4222 4,4544
4,0511 4,0832
4,5095 4,5423
5,1547 5,1879
54 14:43
4,4225 4,4547
4,0521 4,0842
4,5094 4,5422
5,1552 5,1884
55 14:44
4,4218 4,4540
4,0517 4,0838
4,5088 4,5416
5,1544 5,1876
56 14:45
4,4222 4,4544
4,0510 4,0831
4,5095 4,5423
5,1537 5,1869
57 14:46
4,4230 4,4552
4,0511 4,0832
4,5104 4,5432
5,1562 5,1894
58 14:47
4,4233 4,4555
4,0512 4,0833
4,5108 4,5436
5,1572 5,1904
59 14:48
4,4233 4,4555
4,0508 4,0829
4,5107 4,5435
5,1566 5,1898
60 14:49
4,4235 4,4557
4,0510 4,0831
4,5108 4,5436
5,1571 5,1903
61 14:50
4,4231 4,4553
4,0499 4,0820
4,5109 4,5437
5,1564 5,1896
62 14:51
4,4225 4,4547
4,0491 4,0812
4,5100 4,5428
5,1556 5,1888
63 14:52
4,4225 4,4547
4,0490 4,0811
4,5103 4,5431
5,1557 5,1889
64 14:53
4,4226 4,4548
4,0493 4,0814
4,5104 4,5432
5,1561 5,1893
65 14:54
4,4235 4,4557
4,0503 4,0824
4,5111 4,5439
5,1568 5,1900
66 14:55
4,4237 4,4559
4,0505 4,0826
4,5109 4,5437
5,1564 5,1896
67 14:56
4,4232 4,4554
4,0485 4,0806
4,5097 4,5425
5,1546 5,1878
68 14:57
4,4232 4,4554
4,0491 4,0812
4,5097 4,5425
5,1562 5,1894
69 14:58
4,4232 4,4554
4,0491 4,0812
4,5095 4,5423
5,1564 5,1896
70 14:59
4,4233 4,4555
4,0484 4,0805
4,5093 4,5421
5,1566 5,1898
71 15:00
4,4235 4,4557
4,0484 4,0805
4,5090 4,5418
5,1574 5,1906
72 15:01
4,4233 4,4555
4,0491 4,0812
4,5099 4,5427
5,1581 5,1913
73 15:02
4,4187 4,4509
4,0453 4,0774
4,5048 4,5376
5,1530 5,1862
74 15:03
4,4182 4,4504
4,0455 4,0776
4,5038 4,5366
5,1517 5,1849
75 15:04
4,4171 4,4493
4,0446 4,0767
4,5030 4,5358
5,1499 5,1831
76 15:05
4,4175 4,4497
4,0451 4,0772
4,5035 4,5363
5,1500 5,1832
77 15:06
4,4189 4,4511
4,0469 4,0790
4,5051 4,5379
5,1521 5,1854
78 15:07
4,4192 4,4514
4,0471 4,0792
4,5053 4,5381
5,1517 5,1850
79 15:08
4,4184 4,4506
4,0464 4,0785
4,5043 4,5371
5,1495 5,1828
80 15:09
4,4191 4,4513
4,0474 4,0795
4,5046 4,5374
5,1496 5,1829
81 15:10
4,4189 4,4511
4,0468 4,0789
4,5043 4,5371
5,1496 5,1829
82 15:11
4,4184 4,4506
4,0467 4,0788
4,5030 4,5359
5,1489 5,1821
83 15:12
4,4182 4,4504
4,0469 4,0790
4,5027 4,5356
5,1488 5,1820
84 15:13
4,4180 4,4502
4,0464 4,0785
4,5021 4,5350
5,1480 5,1812
85 15:14
4,4176 4,4498
4,0460 4,0781
4,5007 4,5336
5,1476 5,1808
86 15:15
4,4174 4,4496
4,0451 4,0772
4,5005 4,5334
5,1476 5,1808
87 15:16
4,4171 4,4493
4,0448 4,0769
4,5003 4,5332
5,1470 5,1802
88 15:17
4,4174 4,4496
4,0445 4,0766
4,5010 4,5339
5,1479 5,1811
89 15:18
4,4172 4,4494
4,0447 4,0768
4,5015 4,5344
5,1480 5,1812
90 15:19
4,4172 4,4494
4,0445 4,0766
4,5017 4,5346
5,1489 5,1821
91 15:20
4,4172 4,4494
4,0445 4,0766
4,5012 4,5341
5,1489 5,1821
92 15:21
4,4176 4,4498
4,0453 4,0774
4,5016 4,5344
5,1500 5,1832
93 15:22
4,4176 4,4498
4,0451 4,0772
4,5016 4,5344
5,1499 5,1831
94 15:23
4,4174 4,4496
4,0445 4,0766
4,5014 4,5342
5,1497 5,1829
95 15:24
4,4180 4,4502
4,0460 4,0781
4,5019 4,5347
5,1501 5,1833
96 15:25
4,4196 4,4518
4,0473 4,0794
4,5037 4,5365
5,1508 5,1840
97 15:26
4,4205 4,4527
4,0478 4,0799
4,5046 4,5374
5,1522 5,1854
98 15:27
4,4205 4,4527
4,0476 4,0797
4,5042 4,5370
5,1518 5,1850
99 15:28
4,4205 4,4527
4,0471 4,0792
4,5045 4,5373
5,1519 5,1851
100 15:29
4,4202 4,4524
4,0467 4,0788
4,5033 4,5361
5,1506 5,1838
101 15:30
4,4177 4,4499
4,0448 4,0769
4,5008 4,5336
5,1477 5,1809
102 15:31
4,4161 4,4483
4,0448 4,0769
4,4987 4,5315
5,1457 5,1789
103 15:32
4,4157 4,4479
4,0443 4,0764
4,4992 4,5320
5,1459 5,1791
104 15:33
4,4180 4,4502
4,0460 4,0781
4,5016 4,5344
5,1479 5,1811
105 15:34
4,4177 4,4499
4,0470 4,0791
4,5016 4,5344
5,1477 5,1809
106 15:35
4,4192 4,4514
4,0478 4,0799
4,5037 4,5365
5,1500 5,1832
107 15:36
4,4192 4,4514
4,0474 4,0795
4,5032 4,5361
5,1496 5,1828
108 15:37
4,4194 4,4516
4,0467 4,0788
4,5026 4,5355
5,1496 5,1828
109 15:38
4,4195 4,4517
4,0477 4,0798
4,5019 4,5348
5,1494 5,1826
110 15:39
4,4201 4,4523
4,0483 4,0804
4,5019 4,5348
5,1492 5,1824
111 15:40
4,4202 4,4524
4,0499 4,0820
4,5018 4,5347
5,1485 5,1817
112 15:41
4,4205 4,4527
4,0499 4,0820
4,5018 4,5346
5,1482 5,1814
113 15:42
4,4207 4,4529
4,0485 4,0806
4,5027 4,5355
5,1484 5,1816
114 15:43
4,4205 4,4527
4,0486 4,0807
4,5027 4,5355
5,1494 5,1826
115 15:44
4,4201 4,4523
4,0483 4,0804
4,5026 4,5354
5,1488 5,1820
116 15:45
4,4196 4,4518
4,0488 4,0809
4,5020 4,5348
5,1484 5,1816
117 15:46
4,4196 4,4518
4,0486 4,0807
4,5018 4,5346
5,1487 5,1819
118 15:47
4,4194 4,4516
4,0470 4,0791
4,5018 4,5346
5,1481 5,1813
119 15:48
4,4204 4,4526
4,0480 4,0801
4,5040 4,5368
5,1498 5,1830
120 15:49
4,4202 4,4524
4,0476 4,0797
4,5038 4,5366
5,1492 5,1824
121 15:50
4,4202 4,4524
4,0467 4,0788
4,5034 4,5362
5,1497 5,1829
122 15:51
4,4203 4,4525
4,0477 4,0798
4,5044 4,5372
5,1498 5,1830
123 15:52
4,4202 4,4524
4,0468 4,0789
4,5038 4,5366
5,1493 5,1825
124 15:53
4,4203 4,4525
4,0474 4,0795
4,5044 4,5372
5,1489 5,1821
125 15:54
4,4197 4,4519
4,0451 4,0772
4,5034 4,5362
5,1480 5,1812
126 15:55
4,4201 4,4523
4,0451 4,0772
4,5040 4,5368
5,1485 5,1817
127 15:56
4,4191 4,4513
4,0438 4,0759
4,5022 4,5350
5,1474 5,1807
128 15:57
4,4201 4,4523
4,0434 4,0755
4,5028 4,5356
5,1481 5,1814
129 15:58
4,4201 4,4523
4,0442 4,0763
4,5029 4,5357
5,1479 5,1812
130 15:59
4,4202 4,4524
4,0448 4,0769
4,5031 4,5359
5,1483 5,1816
131 16:00
4,4202 4,4524
4,0449 4,0770
4,5029 4,5357
5,1481 5,1814
132 16:01
4,4201 4,4523
4,0457 4,0778
4,5028 4,5356
5,1488 5,1820
133 16:02
4,4208 4,4530
4,0460 4,0781
4,5033 4,5361
5,1492 5,1824
134 16:03
4,4211 4,4533
4,0464 4,0785
4,5034 4,5362
5,1494 5,1826
135 16:04
4,4220 4,4542
4,0469 4,0790
4,5054 4,5382
5,1497 5,1829
136 16:05
4,4232 4,4554
4,0485 4,0806
4,5064 4,5392
5,1508 5,1840
137 16:06
4,4233 4,4555
4,0477 4,0798
4,5070 4,5398
5,1506 5,1838
138 16:07
4,4234 4,4556
4,0479 4,0800
4,5074 4,5402
5,1503 5,1835
139 16:08
4,4237 4,4559
4,0488 4,0809
4,5079 4,5407
5,1508 5,1840
140 16:09
4,4240 4,4562
4,0493 4,0814
4,5089 4,5417
5,1514 5,1846
141 16:10
4,4239 4,4561
4,0488 4,0809
4,5085 4,5413
5,1514 5,1846
142 16:11
4,4235 4,4557
4,0485 4,0806
4,5081 4,5409
5,1520 5,1852
143 16:12
4,4238 4,4560
4,0475 4,0796
4,5088 4,5416
5,1514 5,1846
144 16:13
4,4235 4,4557
4,0468 4,0789
4,5095 4,5423
5,1514 5,1846
145 16:14
4,4234 4,4556
4,0472 4,0793
4,5092 4,5420
5,1516 5,1848
146 16:15
4,4239 4,4561
4,0474 4,0795
4,5096 4,5424
5,1524 5,1856
147 16:16
4,4237 4,4559
4,0464 4,0785
4,5097 4,5425
5,1525 5,1857
148 16:17
4,4238 4,4560
4,0467 4,0788
4,5100 4,5428
5,1529 5,1861
149 16:18
4,4235 4,4557
4,0454 4,0775
4,5104 4,5432
5,1520 5,1852
150 16:19
4,4238 4,4560
4,0459 4,0780
4,5105 4,5433
5,1520 5,1852
151 16:20
4,4239 4,4561
4,0458 4,0779
4,5101 4,5429
5,1511 5,1843
152 16:21
4,4239 4,4561
4,0456 4,0777
4,5094 4,5422
5,1512 5,1845
153 16:22
4,4238 4,4560
4,0456 4,0777
4,5098 4,5426
5,1516 5,1849
154 16:23
4,4237 4,4559
4,0445 4,0766
4,5092 4,5420
5,1518 5,1851
155 16:24
4,4236 4,4558
4,0435 4,0756
4,5091 4,5419
5,1517 5,1850
156 16:25
4,4222 4,4544
4,0422 4,0743
4,5075 4,5403
5,1492 5,1825
157 16:26
4,4211 4,4533
4,0410 4,0731
4,5064 4,5392
5,1474 5,1806
158 16:27
4,4212 4,4534
4,0411 4,0732
4,5065 4,5393
5,1475 5,1807
159 16:28
4,4207 4,4529
4,0390 4,0711
4,5061 4,5389
5,1490 5,1822
160 16:29
4,4203 4,4525
4,0388 4,0709
4,5057 4,5385
5,1488 5,1820
161 16:30
4,4196 4,4518
4,0376 4,0697
4,5051 4,5379
5,1473 5,1805
162 16:31
4,4198 4,4520
4,0375 4,0696
4,5049 4,5377
5,1487 5,1819
163 16:32
4,4207 4,4529
4,0371 4,0692
4,5071 4,5399
5,1496 5,1828
164 16:33
4,4206 4,4528
4,0378 4,0699
4,5084 4,5412
5,1486 5,1818
165 16:34
4,4206 4,4528
4,0376 4,0697
4,5068 4,5396
5,1492 5,1824
166 16:35
4,4205 4,4527
4,0370 4,0691
4,5087 4,5415
5,1489 5,1821
167 16:36
4,4206 4,4528
4,0350 4,0671
4,5098 4,5426
5,1480 5,1812
168 16:37
4,4190 4,4512
4,0336 4,0657
4,5068 4,5396
5,1464 5,1796
169 16:38
4,4186 4,4508
4,0324 4,0645
4,5054 4,5382
5,1448 5,1780
170 16:39
4,4187 4,4509
4,0320 4,0641
4,5054 4,5382
5,1431 5,1763
171 16:40
4,4185 4,4507
4,0322 4,0643
4,5056 4,5384
5,1432 5,1764
172 16:41
4,4183 4,4505
4,0314 4,0635
4,5056 4,5385
5,1417 5,1749
173 16:42
4,4183 4,4505
4,0307 4,0628
4,5056 4,5385
5,1417 5,1749
174 16:43
4,4188 4,4510
4,0319 4,0640
4,5056 4,5385
5,1426 5,1758
175 16:44
4,4197 4,4519
4,0320 4,0641
4,5068 4,5397
5,1428 5,1760
176 16:45
4,4201 4,4523
4,0327 4,0648
4,5072 4,5401
5,1437 5,1769
177 16:46
4,4206 4,4528
4,0345 4,0666
4,5076 4,5405
5,1433 5,1765
178 16:47
4,4199 4,4521
4,0336 4,0657
4,5079 4,5408
5,1426 5,1758
179 16:48
4,4191 4,4513
4,0322 4,0643
4,5083 4,5412
5,1418 5,1750
180 16:49
4,4189 4,4511
4,0318 4,0639
4,5083 4,5412
5,1412 5,1744
181 16:50
4,4192 4,4514
4,0320 4,0641
4,5091 4,5420
5,1416 5,1748
182 16:51
4,4193 4,4515
4,0329 4,0650
4,5093 4,5422
5,1408 5,1740
183 16:52
4,4197 4,4519
4,0327 4,0648
4,5094 4,5423
5,1405 5,1737
184 16:53
4,4185 4,4507
4,0320 4,0641
4,5086 4,5415
5,1384 5,1716
185 16:54
4,4186 4,4508
4,0337 4,0658
4,5078 4,5407
5,1389 5,1721
186 16:55
4,4187 4,4509
4,0327 4,0648
4,5073 4,5402
5,1385 5,1717
187 16:56
4,4198 4,4520
4,0334 4,0655
4,5078 4,5407
5,1396 5,1728
188 16:57
4,4196 4,4518
4,0339 4,0660
4,5087 4,5416
5,1410 5,1742
189 16:58
4,4194 4,4516
4,0332 4,0653
4,5081 4,5410
5,1381 5,1713
190 16:59
4,4196 4,4518
4,0328 4,0649
4,5073 4,5402
5,1385 5,1717
191 17:00
4,4190 4,4512
4,0332 4,0653
4,5063 4,5392
5,1377 5,1709
192 17:01
4,4188 4,4510
4,0334 4,0655
4,5064 4,5393
5,1380 5,1712
193 17:02
4,4186 4,4508
4,0335 4,0656
4,5056 4,5385
5,1383 5,1715
194 17:03
4,4188 4,4510
4,0335 4,0656
4,5058 4,5387
5,1397 5,1729
195 17:04
4,4181 4,4503
4,0339 4,0660
4,5058 4,5387
5,1398 5,1730
196 17:05
4,4180 4,4502
4,0338 4,0659
4,5060 4,5389
5,1396 5,1728
197 17:06
4,4179 4,4501
4,0337 4,0658
4,5054 4,5383
5,1398 5,1730
198 17:07
4,4180 4,4502
4,0334 4,0655
4,5057 4,5386
5,1398 5,1730
199 17:08
4,4182 4,4504
4,0356 4,0677
4,5070 4,5399
5,1407 5,1739
200 17:09
4,4179 4,4501
4,0352 4,0673
4,5061 4,5390
5,1398 5,1730
201 17:10
4,4182 4,4504
4,0360 4,0681
4,5069 4,5398
5,1375 5,1707
202 17:11
4,4183 4,4505
4,0366 4,0687
4,5074 4,5403
5,1361 5,1693
203 17:12
4,4182 4,4504
4,0367 4,0688
4,5078 4,5407
5,1374 5,1706
204 17:13
4,4182 4,4504
4,0360 4,0681
4,5081 4,5410
5,1375 5,1707
205 17:14
4,4184 4,4506
4,0363 4,0684
4,5081 4,5410
5,1377 5,1709
206 17:15
4,4184 4,4506
4,0360 4,0681
4,5080 4,5409
5,1384 5,1716
207 17:16
4,4181 4,4503
4,0353 4,0674
4,5081 4,5410
5,1386 5,1718
208 17:17
4,4184 4,4506
4,0348 4,0669
4,5096 4,5425
5,1394 5,1726
209 17:18
4,4181 4,4503
4,0345 4,0666
4,5097 4,5426
5,1387 5,1719
210 17:19
4,4180 4,4502
4,0344 4,0665
4,5099 4,5428
5,1383 5,1715
211 17:20
4,4179 4,4501
4,0345 4,0666
4,5102 4,5431
5,1379 5,1711
212 17:21
4,4169 4,4491
4,0324 4,0645
4,5093 4,5422
5,1374 5,1706
213 17:22
4,4176 4,4498
4,0332 4,0653
4,5104 4,5433
5,1379 5,1711
214 17:23
4,4178 4,4500
4,0341 4,0662
4,5097 4,5426
5,1381 5,1713
215 17:24
4,4177 4,4499
4,0339 4,0660
4,5096 4,5425
5,1381 5,1713
216 17:25
4,4180 4,4502
4,0340 4,0661
4,5116 4,5445
5,1384 5,1716
217 17:26
4,4182 4,4504
4,0345 4,0666
4,5120 4,5449
5,1386 5,1718
218 17:27
4,4180 4,4502
4,0339 4,0660
4,5117 4,5446
5,1384 5,1716
219 17:28
4,4180 4,4502
4,0338 4,0659
4,5108 4,5437
5,1390 5,1722
220 17:29
4,4176 4,4498
4,0339 4,0660
4,5104 4,5433
5,1380 5,1712
221 17:30
4,4177 4,4499
4,0337 4,0658
4,5105 4,5434
5,1384 5,1716
222 17:31
4,4195 4,4517
4,0342 4,0663
4,5122 4,5451
5,1390 5,1722
223 17:32
4,4196 4,4518
4,0350 4,0672
4,5129 4,5458
5,1405 5,1737
224 17:33
4,4203 4,4525
4,0351 4,0672
4,5127 4,5456
5,1416 5,1748
225 17:34
4,4202 4,4524
4,0351 4,0672
4,5120 4,5449
5,1412 5,1744
226 17:35
4,4210 4,4532
4,0356 4,0677
4,5125 4,5454
5,1421 5,1753
227 17:36
4,4210 4,4532
4,0348 4,0669
4,5127 4,5456
5,1430 5,1762
228 17:37
4,4205 4,4527
4,0342 4,0663
4,5122 4,5451
5,1431 5,1763
229 17:38
4,4208 4,4530
4,0346 4,0667
4,5122 4,5451
5,1440 5,1772
230 17:39
4,4207 4,4529
4,0351 4,0672
4,5121 4,5450
5,1434 5,1766
231 17:40
4,4210 4,4532
4,0350 4,0671
4,5123 4,5452
5,1435 5,1767
232 17:41
4,4209 4,4531
4,0351 4,0672
4,5122 4,5451
5,1434 5,1766
233 17:42
4,4208 4,4530
4,0350 4,0671
4,5118 4,5447
5,1427 5,1759
234 17:43
4,4210 4,4532
4,0361 4,0682
4,5118 4,5447
5,1430 5,1762
235 17:44
4,4209 4,4531
4,0358 4,0679
4,5115 4,5444
5,1427 5,1759
236 17:45
4,4209 4,4531
4,0362 4,0683
4,5110 4,5439
5,1416 5,1748
237 17:46
4,4204 4,4526
4,0350 4,0671
4,5105 4,5434
5,1415 5,1747
238 17:47
4,4196 4,4518
4,0348 4,0669
4,5097 4,5426
5,1406 5,1738
239 17:48
4,4197 4,4519
4,0353 4,0674
4,5098 4,5427
5,1413 5,1745
240 17:49
4,4191 4,4513
4,0351 4,0672
4,5091 4,5420
5,1403 5,1735
241 17:50
4,4191 4,4513
4,0351 4,0672
4,5087 4,5416
5,1402 5,1734
242 17:51
4,4190 4,4512
4,0344 4,0665
4,5081 4,5410
5,1395 5,1727
243 17:52
4,4191 4,4513
4,0353 4,0674
4,5073 4,5402
5,1393 5,1725
244 17:53
4,4191 4,4513
4,0354 4,0675
4,5069 4,5398
5,1400 5,1732
245 17:54
4,4189 4,4511
4,0351 4,0672
4,5066 4,5395
5,1403 5,1735
246 17:55
4,4189 4,4511
4,0349 4,0670
4,5066 4,5395
5,1400 5,1732
247 17:56
4,4174 4,4496
4,0333 4,0654
4,5051 4,5380
5,1389 5,1721
248 17:57
4,4164 4,4486
4,0323 4,0644
4,5039 4,5368
5,1377 5,1709
249 17:58
4,4172 4,4494
4,0332 4,0653
4,5051 4,5380
5,1389 5,1721
250 17:59
4,4175 4,4497
4,0335 4,0656
4,5052 4,5381
5,1396 5,1728
251 18:00
4,4173 4,4498
4,0331 4,0656
4,5061 4,5391
5,1398 5,1730
252 18:01
4,4177 4,4501
4,0332 4,0657
4,5064 4,5395
5,1393 5,1727
253 18:02
4,4174 4,4498
4,0329 4,0654
4,5062 4,5394
5,1393 5,1725
254 18:03
4,4182 4,4504
4,0341 4,0662
4,5062 4,5391
5,1404 5,1736
255 18:04
4,4180 4,4502
4,0332 4,0653
4,5060 4,5390
5,1402 5,1734
256 18:05
4,4177 4,4499
4,0325 4,0646
4,5052 4,5381
5,1397 5,1729
257 18:06
4,4176 4,4498
4,0320 4,0642
4,5053 4,5382
5,1391 5,1723
258 18:07
4,4174 4,4496
4,0313 4,0636
4,5048 4,5377
5,1391 5,1723
259 18:08
4,4175 4,4497
4,0309 4,0634
4,5057 4,5386
5,1393 5,1725
260 18:09
4,4175 4,4497
4,0316 4,0637
4,5050 4,5379
5,1390 5,1722
261 18:10
4,4175 4,4497
4,0320 4,0641
4,5052 4,5381
5,1390 5,1722
262 18:11
4,4178 4,4500
4,0323 4,0648
4,5047 4,5376
5,1389 5,1721
263 18:12
4,4177 4,4499
4,0325 4,0649
4,5048 4,5377
5,1392 5,1724
264 18:13
4,4175 4,4497
4,0324 4,0650
4,5038 4,5367
5,1390 5,1722
265 18:14
4,4176 4,4498
4,0324 4,0647
4,5044 4,5373
5,1397 5,1729
266 18:15
4,4177 4,4500
4,0320 4,0645
4,5045 4,5374
5,1398 5,1730
267 18:16
4,4176 4,4500
4,0318 4,0646
4,5041 4,5371
5,1395 5,1727
268 18:17
4,4177 4,4499
4,0313 4,0640
4,5040 4,5369
5,1398 5,1730
269 18:18
4,4177 4,4500
4,0310 4,0636
4,5040 4,5369
5,1394 5,1726
270 18:19
4,4177 4,4500
4,0306 4,0634
4,5035 4,5364
5,1392 5,1724
271 18:20
4,4175 4,4500
4,0308 4,0636
4,5033 4,5364
5,1390 5,1725
272 18:21
4,4175 4,4500
4,0307 4,0636
4,5033 4,5364
5,1393 5,1725
273 18:22
4,4175 4,4500
4,0308 4,0634
4,5038 4,5369
5,1402 5,1737
274 18:23
4,4175 4,4497
4,0304 4,0631
4,5031 4,5363
5,1402 5,1734
275 18:24
4,4175 4,4497
4,0304 4,0627
4,5034 4,5363
5,1402 5,1734
276 18:25
4,4175 4,4497
4,0302 4,0624
4,5043 4,5372
5,1404 5,1736
277 18:26
4,4176 4,4500
4,0301 4,0626
4,5050 4,5380
5,1410 5,1742
278 18:27
4,4177 4,4499
4,0295 4,0620
4,5050 4,5379
5,1403 5,1735
279 18:28
4,4177 4,4499
4,0296 4,0622
4,5038 4,5370
5,1398 5,1730
280 18:29
4,4177 4,4499
4,0291 4,0618
4,5041 4,5372
5,1398 5,1730
281 18:30
4,4177 4,4499
4,0289 4,0615
4,5041 4,5372
5,1398 5,1730
282 18:31
4,4177 4,4499
4,0288 4,0611
4,5047 4,5379
5,1402 5,1734
283 18:32
4,4177 4,4500
4,0284 4,0612
4,5047 4,5378
5,1401 5,1733
284 18:33
4,4177 4,4499
4,0284 4,0611
4,5054 4,5383
5,1398 5,1730
285 18:34
4,4176 4,4498
4,0285 4,0609
4,5044 4,5373
5,1403 5,1735
286 18:35
4,4176 4,4498
4,0288 4,0610
4,5047 4,5377
5,1403 5,1735
287 18:36
4,4179 4,4501
4,0287 4,0613
4,5047 4,5376
5,1407 5,1739
288 18:37
4,4176 4,4498
4,0283 4,0606
4,5044 4,5373
5,1403 5,1735
289 18:38
4,4177 4,4500
4,0280 4,0607
4,5045 4,5378
5,1404 5,1736
290 18:39
4,4177 4,4499
4,0280 4,0603
4,5047 4,5379
5,1404 5,1736
291 18:40
4,4178 4,4501
4,0281 4,0605
4,5047 4,5377
5,1402 5,1734
292 18:41
4,4178 4,4500
4,0279 4,0603
4,5048 4,5377
5,1405 5,1737
293 18:42
4,4180 4,4502
4,0276 4,0601
4,5048 4,5377
5,1396 5,1728
294 18:43
4,4178 4,4500
4,0272 4,0596
4,5046 4,5375
5,1393 5,1725
295 18:44
4,4177 4,4499
4,0267 4,0588
4,5046 4,5375
5,1394 5,1726
296 18:45
4,4177 4,4499
4,0266 4,0591
4,5049 4,5378
5,1398 5,1730
297 18:46
4,4177 4,4499
4,0267 4,0593
4,5045 4,5374
5,1389 5,1721
298 18:47
4,4177 4,4499
4,0267 4,0589
4,5045 4,5374
5,1386 5,1718
299 18:48
4,4177 4,4499
4,0271 4,0593
4,5047 4,5378
5,1393 5,1725
300 18:49
4,4177 4,4499
4,0262 4,0589
4,5061 4,5393
5,1393 5,1725
301 18:50
4,4177 4,4499
4,0267 4,0589
4,5063 4,5392
5,1392 5,1724
302 18:51
4,4178 4,4500
4,0264 4,0590
4,5061 4,5392
5,1399 5,1731
303 18:52
4,4178 4,4500
4,0253 4,0579
4,5053 4,5385
5,1393 5,1725
304 18:53
4,4178 4,4500
4,0249 4,0574
4,5050 4,5379
5,1393 5,1725
305 18:54
4,4178 4,4500
4,0259 4,0582
4,5051 4,5380
5,1394 5,1726
306 18:55
4,4177 4,4499
4,0262 4,0585
4,5050 4,5379
5,1392 5,1724
307 18:56
4,4177 4,4499
4,0260 4,0586
4,5042 4,5371
5,1399 5,1731
308 18:57
4,4178 4,4500
4,0263 4,0587
4,5041 4,5371
5,1399 5,1731
309 18:58
4,4178 4,4500
4,0265 4,0589
4,5037 4,5366
5,1394 5,1726
310 18:59
4,4179 4,4501
4,0261 4,0583
4,5038 4,5367
5,1395 5,1727
311 19:00
4,4178 4,4501
4,0263 4,0587
4,5036 4,5365
5,1396 5,1728
312 19:01
4,4179 4,4501
4,0269 4,0595
4,5038 4,5367
5,1402 5,1734
313 19:02
4,4181 4,4503
4,0277 4,0598
4,5040 4,5369
5,1403 5,1735
314 19:03
4,4181 4,4503
4,0274 4,0600
4,5053 4,5382
5,1405 5,1737
315 19:04
4,4181 4,4503
4,0274 4,0600
4,5049 4,5378
5,1403 5,1735
316 19:05
4,4181 4,4503
4,0276 4,0600
4,5045 4,5374
5,1407 5,1739
317 19:06
4,4182 4,4504
4,0274 4,0599
4,5054 4,5383
5,1407 5,1739
318 19:07
4,4181 4,4503
4,0274 4,0600
4,5054 4,5383
5,1409 5,1741
319 19:08
4,4180 4,4503
4,0266 4,0591
4,5048 4,5377
5,1404 5,1736
320 19:09
4,4182 4,4505
4,0264 4,0590
4,5054 4,5383
5,1410 5,1743
321 19:10
4,4181 4,4504
4,0258 4,0582
4,5053 4,5382
5,1405 5,1737
322 19:11
4,4179 4,4502
4,0252 4,0579
4,5047 4,5376
5,1405 5,1737
323 19:12
4,4179 4,4502
4,0256 4,0584
4,5047 4,5377
5,1406 5,1738
324 19:13
4,4177 4,4502
4,0254 4,0579
4,5041 4,5377
5,1402 5,1734
325 19:14
4,4178 4,4500
4,0253 4,0579
4,5042 4,5375
5,1405 5,1737
326 19:15
4,4179 4,4502
4,0252 4,0579
4,5043 4,5377
5,1407 5,1740
327 19:16
4,4179 4,4502
4,0252 4,0579
4,5043 4,5377
5,1406 5,1738
328 19:17
4,4179 4,4502
4,0252 4,0579
4,5043 4,5377
5,1406 5,1738
329 19:18
4,4179 4,4502
4,0252 4,0579
4,5043 4,5377
5,1403 5,1735
330 19:19
4,4185 4,4510
4,0254 4,0580
4,5053 4,5385
5,1420 5,1755
331 19:20
4,4186 4,4511
4,0251 4,0576
4,5052 4,5385
5,1418 5,1750
332 19:21
4,4185 4,4509
4,0259 4,0587
4,5055 4,5385
5,1420 5,1754
333 19:22
4,4186 4,4509
4,0263 4,0587
4,5055 4,5389
5,1415 5,1747
334 19:23
4,4194 4,4517
4,0274 4,0598
4,5058 4,5391
5,1425 5,1758
335 19:24
4,4195 4,4518
4,0270 4,0597
4,5068 4,5397
5,1425 5,1757
336 19:25
4,4195 4,4518
4,0271 4,0595
4,5064 4,5398
5,1426 5,1758
337 19:26
4,4195 4,4518
4,0263 4,0590
4,5064 4,5398
5,1431 5,1763
338 19:27
4,4195 4,4518
4,0263 4,0590
4,5064 4,5396
5,1431 5,1763
339 19:28
4,4195 4,4518
4,0267 4,0595
4,5063 4,5392
5,1431 5,1763
340 19:29
4,4196 4,4519
4,0268 4,0592
4,5065 4,5395
5,1432 5,1764
341 19:30
4,4196 4,4519
4,0268 4,0592
4,5067 4,5398
5,1432 5,1764
342 19:31
4,4185 4,4528
4,0254 4,0600
4,5054 4,5408
5,1419 5,1775
343 19:32
4,4185 4,4528
4,0254 4,0600
4,5054 4,5408
5,1423 5,1776
344 19:33
4,4196 4,4518
4,0266 4,0592
4,5069 4,5398
5,1433 5,1765
345 19:34
4,4197 4,4519
4,0266 4,0592
4,5070 4,5399
5,1433 5,1765
346 19:35
4,4199 4,4521
4,0264 4,0585
4,5068 4,5397
5,1432 5,1764
347 19:36
4,4198 4,4521
4,0266 4,0594
4,5061 4,5390
5,1428 5,1760
348 19:37
4,4198 4,4521
4,0270 4,0594
4,5062 4,5393
5,1428 5,1760
349 19:38
4,4198 4,4521
4,0266 4,0590
4,5062 4,5392
5,1428 5,1760
350 19:39
4,4198 4,4521
4,0266 4,0590
4,5066 4,5395
5,1428 5,1760
351 19:40
4,4198 4,4521
4,0266 4,0590
4,5071 4,5400
5,1428 5,1760
352 19:41
4,4198 4,4521
4,0262 4,0589
4,5066 4,5395
5,1428 5,1760
353 19:42
4,4197 4,4521
4,0263 4,0591
4,5066 4,5401
5,1428 5,1762
354 19:43
4,4195 4,4517
4,0262 4,0586
4,5063 4,5392
5,1426 5,1758
355 19:44
4,4195 4,4517
4,0261 4,0582
4,5063 4,5392
5,1426 5,1758
356 19:45
4,4195 4,4517
4,0257 4,0582
4,5063 4,5392
5,1431 5,1763
357 19:46
4,4196 4,4519
4,0253 4,0576
4,5064 4,5393
5,1429 5,1761
358 19:47
4,4193 4,4515
4,0245 4,0567
4,5062 4,5391
5,1429 5,1761
359 19:48
4,4193 4,4515
4,0249 4,0573
4,5061 4,5390
5,1424 5,1756
360 19:49
4,4194 4,4516
4,0252 4,0577
4,5061 4,5390
5,1427 5,1759
361 19:50
4,4195 4,4517
4,0252 4,0575
4,5063 4,5392
5,1431 5,1763
362 19:51
4,4195 4,4517
4,0249 4,0574
4,5063 4,5392
5,1437 5,1769
363 19:52
4,4195 4,4517
4,0253 4,0578
4,5063 4,5392
5,1437 5,1769
364 19:53
4,4196 4,4518
4,0259 4,0581
4,5065 4,5394
5,1443 5,1775
365 19:54
4,4195 4,4519
4,0253 4,0581
4,5065 4,5395
5,1445 5,1778
366 19:55
4,4193 4,4515
4,0247 4,0574
4,5058 4,5390
5,1435 5,1767
367 19:56
4,4193 4,4515
4,0250 4,0572
4,5062 4,5391
5,1434 5,1766
368 19:57
4,4192 4,4514
4,0251 4,0572
4,5060 4,5389
5,1433 5,1765
369 19:58
4,4190 4,4513
4,0247 4,0574
4,5058 4,5387
5,1431 5,1763
370 19:59
4,4184 4,4508
4,0244 4,0572
4,5054 4,5384
5,1425 5,1757
371 20:00
4,4178 4,4502
4,0233 4,0558
4,5048 4,5378
5,1411 5,1743
372 20:01
4,4172 4,4496
4,0231 4,0558
4,5040 4,5371
5,1405 5,1739
373 20:02
4,4182 4,4505
4,0240 4,0567
4,5054 4,5383
5,1416 5,1749
374 20:03
4,4182 4,4505
4,0241 4,0565
4,5054 4,5383
5,1416 5,1749
375 20:04
4,4174 4,4513
4,0233 4,0571
4,5046 4,5391
5,1403 5,1759
376 20:05
4,4181 4,4503
4,0238 4,0563
4,5054 4,5383
5,1415 5,1747
377 20:06
4,4181 4,4504
4,0234 4,0560
4,5053 4,5384
5,1417 5,1749
378 20:07
4,4177 4,4500
4,0225 4,0549
4,5049 4,5380
5,1416 5,1748
379 20:08
4,4174 4,4497
4,0218 4,0545
4,5051 4,5380
5,1412 5,1744
380 20:09
4,4172 4,4494
4,0218 4,0544
4,5049 4,5378
5,1411 5,1743
381 20:10
4,4171 4,4493
4,0217 4,0543
4,5048 4,5377
5,1409 5,1741
382 20:11
4,4170 4,4493
4,0215 4,0539
4,5047 4,5376
5,1408 5,1741
383 20:12
4,4169 4,4492
4,0214 4,0542
4,5046 4,5375
5,1408 5,1740
384 20:13
4,4170 4,4492
4,0216 4,0542
4,5047 4,5376
5,1410 5,1742
385 20:14
4,4170 4,4492
4,0209 4,0530
4,5047 4,5376
5,1409 5,1741
386 20:15
4,4171 4,4493
4,0209 4,0530
4,5048 4,5377
5,1416 5,1748
387 20:16
4,4174 4,4497
4,0208 4,0532
4,5051 4,5380
5,1425 5,1758
388 20:17
4,4173 4,4495
4,0209 4,0533
4,5050 4,5379
5,1420 5,1752
389 20:18
4,4173 4,4495
4,0207 4,0532
4,5046 4,5375
5,1420 5,1752
390 20:19
4,4173 4,4495
4,0210 4,0537
4,5046 4,5375
5,1424 5,1756
391 20:20
4,4173 4,4495
4,0207 4,0530
4,5041 4,5374
5,1420 5,1752
392 20:21
4,4173 4,4495
4,0208 4,0534
4,5041 4,5374
5,1418 5,1750
393 20:22
4,4167 4,4491
4,0201 4,0530
4,5041 4,5371
5,1409 5,1741
394 20:23
4,4166 4,4492
4,0197 4,0524
4,5040 4,5372
5,1410 5,1746
395 20:24
4,4167 4,4492
4,0193 4,0522
4,5039 4,5370
5,1411 5,1746
396 20:25
4,4165 4,4490
4,0191 4,0520
4,5033 4,5369
5,1412 5,1744
397 20:26
4,4166 4,4491
4,0192 4,0521
4,5033 4,5364
5,1410 5,1745
398 20:27
4,4164 4,4488
4,0185 4,0513
4,5038 4,5368
5,1408 5,1740
399 20:28
4,4164 4,4487
4,0183 4,0510
4,5034 4,5366
5,1404 5,1736
400 20:29
4,4163 4,4486
4,0182 4,0509
4,5035 4,5364
5,1406 5,1739
401 20:30
4,4160 4,4484
4,0178 4,0502
4,5038 4,5367
5,1403 5,1737
402 20:31
4,4160 4,4484
4,0181 4,0509
4,5038 4,5368
5,1403 5,1737
403 20:32
4,4163 4,4488
4,0179 4,0505
4,5041 4,5375
5,1406 5,1741
404 20:33
4,4160 4,4484
4,0176 4,0505
4,5043 4,5373
5,1406 5,1738
405 20:34
4,4161 4,4485
4,0181 4,0506
4,5038 4,5369
5,1398 5,1732
406 20:35
4,4159 4,4483
4,0181 4,0509
4,5042 4,5372
5,1397 5,1730
407 20:36
4,4161 4,4484
4,0181 4,0509
4,5042 4,5371
5,1397 5,1729
408 20:37
4,4160 4,4484
4,0185 4,0513
4,5037 4,5368
5,1397 5,1731
409 20:38
4,4160 4,4484
4,0184 4,0509
4,5043 4,5373
5,1397 5,1729
410 20:39
4,4160 4,4485
4,0185 4,0513
4,5036 4,5371
5,1394 5,1726
411 20:40
4,4161 4,4483
4,0188 4,0515
4,5038 4,5367
5,1395 5,1727
412 20:41
4,4162 4,4485
4,0189 4,0513
4,5034 4,5363
5,1395 5,1727
413 20:42
4,4155 4,4481
4,0188 4,0514
4,5029 4,5361
5,1390 5,1722
414 20:43
4,4158 4,4485
4,0186 4,0514
4,5030 4,5363
5,1389 5,1726
415 20:44
4,4160 4,4483
4,0187 4,0515
4,5032 4,5361
5,1390 5,1722
416 20:45
4,4159 4,4484
4,0184 4,0512
4,5033 4,5366
5,1389 5,1723
417 20:46
4,4158 4,4481
4,0189 4,0517
4,5030 4,5363
5,1388 5,1720
418 20:47
4,4156 4,4479
4,0191 4,0519
4,5026 4,5357
5,1386 5,1719
419 20:48
4,4158 4,4481
4,0193 4,0521
4,5030 4,5359
5,1388 5,1721
420 20:49
4,4158 4,4481
4,0189 4,0517
4,5030 4,5359
5,1388 5,1720
421 20:50
4,4160 4,4483
4,0194 4,0521
4,5036 4,5365
5,1390 5,1722
422 20:51
4,4160 4,4483
4,0195 4,0519
4,5037 4,5367
5,1395 5,1727
423 20:52
4,4157 4,4483
4,0192 4,0519
4,5036 4,5368
5,1387 5,1723
424 20:53
4,4158 4,4484
4,0194 4,0524
4,5036 4,5368
5,1390 5,1725
425 20:54
4,4160 4,4485
4,0195 4,0521
4,5041 4,5372
5,1397 5,1730
426 20:55
4,4159 4,4484
4,0194 4,0520
4,5037 4,5367
5,1395 5,1729
427 20:56
4,4160 4,4485
4,0194 4,0523
4,5036 4,5367
5,1397 5,1732
