#======================
2023-9-21
# 1.EUR, 2.USD, 3.CHF, 4.GBP
Sell Price, Buy Price
1 00:01:21
4,5918 4,6487
4,3053 4,3617
4,7927 4,8524
5,3187 5,3801
2 00:02:21
4,5908 4,6439
4,3050 4,3575
4,7917 4,8474
5,3177 5,3746
3 00:03:21
4,5908 4,6437
4,3050 4,3573
4,7917 4,8472
5,3183 5,3744
4 00:04:21
4,5906 4,6439
4,3048 4,3575
4,7914 4,8468
5,3179 5,3745
5 00:05:21
4,5911 4,6427
4,3056 4,3567
4,7919 4,8460
5,3190 5,3736
6 00:06:21
4,5910 4,6425
4,3057 4,3567
4,7918 4,8458
5,3191 5,3736
7 00:07:21
4,5910 4,6425
4,3061 4,3571
4,7918 4,8458
5,3197 5,3735
8 00:08:21
4,5881 4,6451
4,3033 4,3595
4,7892 4,8484
5,3162 5,3764
9 00:09:21
4,5890 4,6444
4,3042 4,3588
4,7896 4,8472
5,3172 5,3756
10 00:10:21
4,5896 4,6433
4,3047 4,3578
4,7899 4,8457
5,3181 5,3745
11 00:11:21
4,5893 4,6443
4,3043 4,3590
4,7885 4,8462
5,3170 5,3755
12 00:12:21
4,5912 4,6423
4,3067 4,3573
4,7906 4,8437
5,3194 5,3727
13 00:13:21
4,5912 4,6423
4,3067 4,3573
4,7916 4,8447
5,3194 5,3727
14 00:14:21
4,5893 4,6440
4,3048 4,3589
4,7884 4,8460
5,3172 5,3744
15 00:15:20
4,5916 4,6401
4,3071 4,3553
4,7910 4,8418
5,3199 5,3701
16 00:16:20
4,5891 4,6438
4,3052 4,3592
4,7894 4,8463
5,3170 5,3753
17 00:17:21
4,5909 4,6432
4,3068 4,3586
4,7912 4,8456
5,3189 5,3743
18 00:18:21
4,5909 4,6432
4,3068 4,3586
4,7912 4,8456
5,3189 5,3743
19 00:19:21
4,5926 4,6416
4,3082 4,3569
4,7930 4,8439
5,3209 5,3724
20 00:20:21
4,5933 4,6409
4,3089 4,3562
4,7931 4,8425
5,3221 5,3715
21 00:21:21
4,5942 4,6404
4,3097 4,3554
4,7935 4,8415
5,3227 5,3710
22 00:22:21
4,5934 4,6407
4,3091 4,3562
4,7933 4,8425
5,3224 5,3714
23 00:23:21
4,5934 4,6408
4,3099 4,3567
4,7935 4,8429
5,3224 5,3715
24 00:24:21
4,5901 4,6429
4,3067 4,3590
4,7894 4,8447
5,3169 5,3719
25 00:25:21
4,5904 4,6432
4,3070 4,3593
4,7902 4,8451
5,3169 5,3729
26 00:26:21
4,5903 4,6431
4,3070 4,3592
4,7900 4,8448
5,3174 5,3722
27 00:27:21
4,5905 4,6435
4,3072 4,3596
4,7898 4,8449
5,3171 5,3727
28 00:28:21
4,5927 4,6409
4,3092 4,3567
4,7926 4,8427
5,3199 5,3692
29 00:29:21
4,5929 4,6411
4,3093 4,3568
4,7924 4,8425
5,3199 5,3699
30 08:08:21
4,6065 4,6388
4,3307 4,3630
4,8122 4,8452
5,3369 5,3703
31 08:09:21
4,6062 4,6385
4,3304 4,3627
4,8119 4,8449
5,3361 5,3695
32 08:10:21
4,6067 4,6390
4,3304 4,3627
4,8127 4,8457
5,3369 5,3703
33 08:11:21
4,6063 4,6386
4,3298 4,3621
4,8112 4,8442
5,3367 5,3701
34 08:12:21
4,6066 4,6389
4,3294 4,3617
4,8108 4,8438
5,3368 5,3702
35 08:13:20
4,6067 4,6390
4,3290 4,3613
4,8104 4,8434
5,3372 5,3706
36 08:14:20
4,6073 4,6396
4,3302 4,3625
4,8111 4,8441
5,3379 5,3713
37 08:15:21
4,6066 4,6389
4,3300 4,3623
4,8103 4,8433
5,3372 5,3706
38 08:16:21
4,6068 4,6391
4,3299 4,3622
4,8105 4,8435
5,3370 5,3704
39 08:17:21
4,6066 4,6389
4,3300 4,3623
4,8106 4,8436
5,3362 5,3696
40 08:18:20
4,6067 4,6390
4,3299 4,3622
4,8102 4,8432
5,3355 5,3689
41 08:19:20
4,6066 4,6389
4,3300 4,3623
4,8103 4,8433
5,3353 5,3687
42 08:20:21
4,6067 4,6390
4,3294 4,3617
4,8104 4,8434
5,3353 5,3687
43 08:21:21
4,6074 4,6397
4,3301 4,3624
4,8111 4,8441
5,3362 5,3696
44 08:22:21
4,6078 4,6401
4,3311 4,3634
4,8121 4,8451
5,3371 5,3705
45 08:23:21
4,6067 4,6390
4,3299 4,3622
4,8107 4,8437
5,3358 5,3692
46 08:24:21
4,6072 4,6395
4,3297 4,3620
4,8111 4,8441
5,3360 5,3694
47 08:25:21
4,6067 4,6390
4,3291 4,3614
4,8103 4,8433
5,3355 5,3689
48 08:26:20
4,6072 4,6395
4,3295 4,3618
4,8106 4,8436
5,3350 5,3684
49 08:27:20
4,6069 4,6392
4,3290 4,3613
4,8098 4,8428
5,3337 5,3671
50 08:28:20
4,6079 4,6402
4,3301 4,3624
4,8102 4,8432
5,3346 5,3680
51 08:29:21
4,6080 4,6403
4,3301 4,3624
4,8100 4,8430
5,3350 5,3684
52 08:30:21
4,6081 4,6404
4,3302 4,3625
4,8104 4,8434
5,3351 5,3685
53 08:31:21
4,6082 4,6405
4,3302 4,3625
4,8120 4,8450
5,3361 5,3695
54 08:32:20
4,6090 4,6413
4,3308 4,3631
4,8134 4,8464
5,3374 5,3708
55 08:33:20
4,6089 4,6412
4,3307 4,3630
4,8128 4,8458
5,3371 5,3705
56 08:34:21
4,6087 4,6410
4,3299 4,3622
4,8117 4,8447
5,3364 5,3698
57 08:35:21
4,6088 4,6411
4,3304 4,3627
4,8136 4,8466
5,3378 5,3712
58 08:36:21
4,6086 4,6409
4,3298 4,3621
4,8131 4,8461
5,3372 5,3706
59 08:37:21
4,6087 4,6410
4,3291 4,3614
4,8126 4,8456
5,3368 5,3702
60 08:38:21
4,6087 4,6410
4,3287 4,3610
4,8125 4,8455
5,3367 5,3701
61 08:39:20
4,6082 4,6405
4,3282 4,3605
4,8125 4,8455
5,3368 5,3702
62 08:40:20
4,6084 4,6407
4,3286 4,3609
4,8127 4,8457
5,3373 5,3707
63 08:41:20
4,6090 4,6413
4,3289 4,3612
4,8133 4,8463
5,3374 5,3708
64 08:42:21
4,6086 4,6409
4,3285 4,3608
4,8126 4,8456
5,3366 5,3700
65 08:43:21
4,6080 4,6403
4,3280 4,3603
4,8123 4,8453
5,3360 5,3694
66 08:44:21
4,6080 4,6403
4,3282 4,3605
4,8123 4,8453
5,3362 5,3696
67 08:45:21
4,6079 4,6402
4,3285 4,3608
4,8125 4,8455
5,3368 5,3702
68 08:46:22
4,6080 4,6403
4,3280 4,3603
4,8126 4,8456
5,3369 5,3703
69 08:47:20
4,6080 4,6403
4,3282 4,3605
4,8125 4,8455
5,3375 5,3709
70 08:48:22
4,6082 4,6405
4,3281 4,3604
4,8128 4,8458
5,3375 5,3709
71 08:49:21
4,6082 4,6405
4,3282 4,3605
4,8125 4,8455
5,3381 5,3715
72 08:50:20
4,6082 4,6405
4,3274 4,3597
4,8120 4,8450
5,3374 5,3708
73 08:51:20
4,6082 4,6405
4,3274 4,3597
4,8120 4,8450
5,3374 5,3708
74 08:52:21
4,6063 4,6386
4,3250 4,3573
4,8102 4,8432
5,3355 5,3689
75 08:53:21
4,6062 4,6385
4,3239 4,3562
4,8092 4,8422
5,3345 5,3679
76 08:54:21
4,6051 4,6374
4,3231 4,3554
4,8089 4,8419
5,3333 5,3667
77 08:55:21
4,6052 4,6375
4,3229 4,3552
4,8089 4,8419
5,3330 5,3664
78 08:56:21
4,6053 4,6376
4,3230 4,3553
4,8087 4,8417
5,3328 5,3662
79 08:57:20
4,6053 4,6376
4,3222 4,3545
4,8085 4,8415
5,3331 5,3665
80 08:58:21
4,6053 4,6376
4,3230 4,3553
4,8090 4,8420
5,3331 5,3665
81 08:59:21
4,6042 4,6365
4,3224 4,3547
4,8080 4,8410
5,3318 5,3652
82 09:00:21
4,6042 4,6365
4,3232 4,3555
4,8081 4,8411
5,3322 5,3656
83 09:01:21
4,6042 4,6365
4,3238 4,3561
4,8078 4,8408
5,3309 5,3643
84 09:02:21
4,6043 4,6366
4,3247 4,3570
4,8081 4,8411
5,3326 5,3660
85 09:03:20
4,6039 4,6362
4,3242 4,3565
4,8088 4,8418
5,3325 5,3659
86 09:04:20
4,6032 4,6355
4,3239 4,3562
4,8075 4,8405
5,3326 5,3660
87 09:05:21
4,6016 4,6339
4,3230 4,3553
4,8061 4,8391
5,3313 5,3647
88 09:06:21
4,6012 4,6336
4,3230 4,3553
4,8052 4,8381
5,3307 5,3641
89 09:07:21
4,6013 4,6337
4,3231 4,3554
4,8053 4,8382
5,3311 5,3645
90 09:08:21
4,6013 4,6337
4,3224 4,3547
4,8050 4,8379
5,3320 5,3654
91 09:09:21
4,6009 4,6333
4,3226 4,3549
4,8046 4,8375
5,3322 5,3656
92 09:10:21
4,6013 4,6337
4,3235 4,3558
4,8050 4,8379
5,3320 5,3654
93 09:11:20
4,6022 4,6345
4,3258 4,3581
4,8059 4,8389
5,3323 5,3657
94 09:12:20
4,6016 4,6339
4,3250 4,3573
4,8053 4,8383
5,3328 5,3662
95 09:13:20
4,6003 4,6326
4,3235 4,3558
4,8048 4,8378
5,3314 5,3648
96 09:14:21
4,5965 4,6288
4,3189 4,3512
4,8010 4,8340
5,3270 5,3604
97 09:15:21
4,5960 4,6283
4,3192 4,3515
4,8005 4,8335
5,3261 5,3595
98 09:16:21
4,5953 4,6276
4,3183 4,3506
4,8006 4,8335
5,3249 5,3583
99 09:17:20
4,5961 4,6284
4,3199 4,3522
4,8020 4,8349
5,3249 5,3583
100 09:18:20
4,5953 4,6276
4,3183 4,3506
4,8019 4,8348
5,3237 5,3571
101 09:19:21
4,5948 4,6271
4,3155 4,3478
4,8021 4,8350
5,3216 5,3550
102 09:20:21
4,5963 4,6286
4,3176 4,3499
4,8034 4,8363
5,3233 5,3567
103 09:21:21
4,5961 4,6285
4,3174 4,3497
4,8032 4,8361
5,3239 5,3573
104 09:22:21
4,5964 4,6288
4,3188 4,3511
4,8031 4,8360
5,3242 5,3576
105 09:23:20
4,5959 4,6283
4,3186 4,3509
4,8016 4,8345
5,3236 5,3570
106 09:24:20
4,5959 4,6283
4,3186 4,3509
4,8016 4,8345
5,3233 5,3567
107 09:25:20
4,5987 4,6311
4,3211 4,3534
4,8064 4,8393
5,3263 5,3597
108 09:26:21
4,5979 4,6302
4,3196 4,3519
4,8051 4,8380
5,3242 5,3576
109 09:27:21
4,5972 4,6295
4,3183 4,3506
4,8044 4,8373
5,3231 5,3565
110 09:28:21
4,5972 4,6295
4,3179 4,3502
4,8039 4,8368
5,3225 5,3559
111 09:29:20
4,5955 4,6278
4,3167 4,3490
4,8032 4,8361
5,3203 5,3537
112 09:30:20
4,5959 4,6282
4,3179 4,3502
4,8034 4,8363
5,3210 5,3544
113 09:31:21
4,5955 4,6278
4,3165 4,3488
4,7748 4,8078
5,3178 5,3512
114 09:32:21
4,6037 4,6360
4,3240 4,3563
4,7764 4,8094
5,3255 5,3589
115 09:33:21
4,5967 4,6309
4,3170 4,3510
4,7708 4,8058
5,3161 5,3516
116 09:34:21
4,5963 4,6288
4,3155 4,3483
4,7706 4,8035
5,3157 5,3492
117 09:35:21
4,5961 4,6284
4,3148 4,3471
4,7706 4,8012
5,3148 5,3482
118 09:36:21
4,5969 4,6292
4,3143 4,3466
4,7706 4,7977
5,3130 5,3464
119 09:37:21
4,5964 4,6287
4,3134 4,3457
4,7706 4,7963
5,3129 5,3463
120 09:38:21
4,5967 4,6290
4,3145 4,3468
4,7706 4,7934
5,3139 5,3473
121 09:39:20
4,5980 4,6303
4,3166 4,3489
4,7706 4,7949
5,3148 5,3482
122 09:40:20
4,5988 4,6311
4,3184 4,3507
4,7706 4,7956
5,3173 5,3507
123 09:41:20
4,5981 4,6304
4,3185 4,3508
4,7706 4,7958
5,3167 5,3501
124 09:42:21
4,5973 4,6296
4,3184 4,3507
4,7706 4,7975
5,3130 5,3464
125 09:43:21
4,5972 4,6295
4,3169 4,3492
4,7706 4,7992
5,3121 5,3455
126 09:44:21
4,5980 4,6303
4,3186 4,3509
4,7706 4,7987
5,3136 5,3470
127 09:45:21
4,5985 4,6308
4,3189 4,3512
4,7635 4,7966
5,3142 5,3476
128 09:46:21
4,5977 4,6300
4,3174 4,3497
4,7607 4,7942
5,3117 5,3451
129 09:47:20
4,5973 4,6296
4,3159 4,3482
4,7620 4,7956
5,3115 5,3449
130 09:48:20
4,5970 4,6293
4,3157 4,3480
4,7629 4,7964
5,3125 5,3459
131 09:49:21
4,5967 4,6290
4,3147 4,3470
4,7635 4,7970
5,3124 5,3458
132 09:50:21
4,5966 4,6289
4,3145 4,3468
4,7640 4,7975
5,3120 5,3454
133 09:51:21
4,5971 4,6294
4,3145 4,3468
4,7657 4,7991
5,3124 5,3458
134 09:52:20
4,5971 4,6294
4,3145 4,3468
4,7689 4,8023
5,3131 5,3465
135 09:53:20
4,5973 4,6296
4,3153 4,3476
4,7678 4,8012
5,3139 5,3473
136 09:54:21
4,5980 4,6303
4,3158 4,3481
4,7692 4,8026
5,3143 5,3477
137 09:55:21
4,5984 4,6307
4,3166 4,3489
4,7672 4,8006
5,3145 5,3479
138 09:56:21
4,5985 4,6308
4,3157 4,3480
4,7662 4,7992
5,3168 5,3502
139 09:57:20
4,5991 4,6314
4,3161 4,3484
4,7652 4,7982
5,3160 5,3494
140 09:58:20
4,5981 4,6304
4,3147 4,3470
4,7640 4,7970
5,3145 5,3479
141 09:59:21
4,5980 4,6303
4,3153 4,3476
4,7665 4,7995
5,3146 5,3480
142 10:00:21
4,5978 4,6301
4,3152 4,3475
4,7654 4,7984
5,3164 5,3498
143 10:01:21
4,5977 4,6300
4,3145 4,3468
4,7651 4,7981
5,3147 5,3481
144 10:02:21
4,5966 4,6289
4,3144 4,3467
4,7648 4,7978
5,3149 5,3483
145 10:03:20
4,5967 4,6290
4,3146 4,3469
4,7637 4,7967
5,3148 5,3482
146 10:04:21
4,5953 4,6276
4,3129 4,3452
4,7628 4,7958
5,3141 5,3475
147 10:05:21
4,5954 4,6277
4,3113 4,3436
4,7611 4,7941
5,3126 5,3460
148 10:06:21
4,5953 4,6276
4,3119 4,3442
4,7622 4,7955
5,3141 5,3475
149 10:07:20
4,5949 4,6272
4,3116 4,3439
4,7634 4,7967
5,3129 5,3463
150 10:08:20
4,5945 4,6268
4,3107 4,3430
4,7628 4,7961
5,3122 5,3456
151 10:09:21
4,5952 4,6275
4,3105 4,3428
4,7625 4,7958
5,3118 5,3452
152 10:10:21
4,5953 4,6276
4,3108 4,3431
4,7627 4,7960
5,3131 5,3465
153 10:11:21
4,5960 4,6283
4,3129 4,3452
4,7632 4,7962
5,3143 5,3477
154 10:12:20
4,5964 4,6287
4,3136 4,3459
4,7638 4,7968
5,3150 5,3484
155 10:13:20
4,5959 4,6282
4,3132 4,3455
4,7643 4,7973
5,3149 5,3483
156 10:14:21
4,5960 4,6283
4,3124 4,3447
4,7638 4,7968
5,3139 5,3473
157 10:15:21
4,5956 4,6279
4,3121 4,3444
4,7627 4,7957
5,3138 5,3472
158 10:16:21
4,5957 4,6280
4,3121 4,3443
4,7616 4,7948
5,3126 5,3460
159 10:17:21
4,5955 4,6278
4,3113 4,3435
4,7608 4,7940
5,3114 5,3448
160 10:18:21
4,5956 4,6279
4,3118 4,3440
4,7619 4,7951
5,3116 5,3450
161 10:19:20
4,5958 4,6281
4,3105 4,3427
4,7635 4,7967
5,3108 5,3442
162 10:20:20
4,5959 4,6282
4,3107 4,3429
4,7628 4,7960
5,3107 5,3441
163 10:21:21
4,5963 4,6286
4,3109 4,3431
4,7618 4,7948
5,3113 5,3447
164 10:22:21
4,5963 4,6286
4,3119 4,3441
4,7633 4,7963
5,3116 5,3450
165 10:23:21
4,5968 4,6291
4,3117 4,3439
4,7657 4,7987
5,3117 5,3451
166 10:24:21
4,5966 4,6289
4,3117 4,3439
4,7651 4,7981
5,3119 5,3453
167 10:25:20
4,5968 4,6291
4,3113 4,3435
4,7650 4,7980
5,3117 5,3451
168 10:26:20
4,5994 4,6317
4,3140 4,3462
4,7677 4,8007
5,3145 5,3479
169 10:27:21
4,6001 4,6324
4,3144 4,3466
4,7686 4,8016
5,3155 5,3489
170 10:28:21
4,6001 4,6324
4,3152 4,3474
4,7684 4,8014
5,3152 5,3486
171 10:29:21
4,6000 4,6323
4,3160 4,3482
4,7686 4,8016
5,3158 5,3492
172 10:30:21
4,5997 4,6320
4,3161 4,3483
4,7679 4,8009
5,3157 5,3491
173 10:31:21
4,5996 4,6319
4,3162 4,3484
4,7682 4,8012
5,3150 5,3484
174 10:32:20
4,5994 4,6317
4,3166 4,3488
4,7669 4,7999
5,3147 5,3481
175 10:33:21
4,5994 4,6317
4,3164 4,3486
4,7667 4,7997
5,3151 5,3485
176 10:34:21
4,5994 4,6317
4,3162 4,3484
4,7667 4,7997
5,3157 5,3491
177 10:35:21
4,5993 4,6316
4,3161 4,3483
4,7661 4,7991
5,3153 5,3487
178 10:36:21
4,5993 4,6316
4,3162 4,3484
4,7661 4,7991
5,3149 5,3483
179 10:37:21
4,5993 4,6316
4,3167 4,3489
4,7659 4,7989
5,3146 5,3480
180 10:38:23
4,5992 4,6315
4,3167 4,3489
4,7646 4,7976
5,3142 5,3476
181 10:39:20
4,5994 4,6317
4,3173 4,3495
4,7655 4,7985
5,3142 5,3476
182 10:40:20
4,5999 4,6322
4,3176 4,3498
4,7664 4,7994
5,3150 5,3484
183 10:41:21
4,5998 4,6321
4,3175 4,3498
4,7664 4,7994
5,3146 5,3480
184 10:42:21
4,5996 4,6319
4,3175 4,3498
4,7662 4,7992
5,3138 5,3472
185 10:43:21
4,5987 4,6310
4,3167 4,3490
4,7653 4,7983
5,3130 5,3464
186 10:44:20
4,5988 4,6311
4,3168 4,3491
4,7641 4,7971
5,3131 5,3465
187 10:45:20
4,5988 4,6311
4,3168 4,3491
4,7639 4,7969
5,3131 5,3465
188 10:46:21
4,5994 4,6318
4,3170 4,3493
4,7636 4,7966
5,3136 5,3470
189 10:47:21
4,5994 4,6318
4,3168 4,3491
4,7624 4,7954
5,3136 5,3470
190 10:48:20
4,5996 4,6320
4,3166 4,3489
4,7602 4,7932
5,3142 5,3476
191 10:49:20
4,5993 4,6317
4,3163 4,3486
4,7587 4,7917
5,3144 5,3478
192 10:50:21
4,5994 4,6318
4,3159 4,3482
4,7584 4,7914
5,3142 5,3476
193 10:51:21
4,5995 4,6319
4,3162 4,3485
4,7570 4,7900
5,3137 5,3471
194 10:52:21
4,6002 4,6326
4,3170 4,3493
4,7578 4,7908
5,3140 5,3474
195 10:53:21
4,6017 4,6341
4,3190 4,3513
4,7594 4,7924
5,3157 5,3491
196 10:54:20
4,6021 4,6345
4,3193 4,3516
4,7595 4,7925
5,3168 5,3502
197 10:55:20
4,6034 4,6358
4,3203 4,3526
4,7603 4,7933
5,3185 5,3519
198 10:56:21
4,6035 4,6359
4,3198 4,3521
4,7602 4,7932
5,3181 5,3515
199 10:57:20
4,6040 4,6364
4,3207 4,3530
4,7614 4,7944
5,3199 5,3533
200 10:58:21
4,6042 4,6366
4,3209 4,3532
4,7618 4,7948
5,3198 5,3532
201 10:59:21
4,6041 4,6365
4,3199 4,3522
4,7610 4,7940
5,3187 5,3521
202 11:00:20
4,6039 4,6363
4,3211 4,3534
4,7620 4,7950
5,3192 5,3526
203 11:01:20
4,6011 4,6335
4,3174 4,3497
4,7592 4,7924
5,3146 5,3480
204 11:02:21
4,6019 4,6343
4,3181 4,3504
4,7585 4,7917
5,3153 5,3487
205 11:03:21
4,6035 4,6359
4,3192 4,3515
4,7598 4,7930
5,3172 5,3506
206 11:04:21
4,6026 4,6350
4,3192 4,3515
4,7594 4,7926
5,3167 5,3501
207 11:05:20
4,6040 4,6364
4,3199 4,3522
4,7601 4,7933
5,3187 5,3521
208 11:06:20
4,6024 4,6348
4,3180 4,3503
4,7588 4,7918
5,3159 5,3493
209 11:07:21
4,6030 4,6354
4,3184 4,3507
4,7604 4,7934
5,3169 5,3503
210 11:08:21
4,6038 4,6362
4,3197 4,3520
4,7600 4,7930
5,3172 5,3506
211 11:09:21
4,6037 4,6361
4,3190 4,3513
4,7577 4,7907
5,3161 5,3495
212 11:10:21
4,6040 4,6364
4,3195 4,3518
4,7580 4,7910
5,3163 5,3497
213 11:11:20
4,6043 4,6366
4,3198 4,3521
4,7590 4,7920
5,3174 5,3508
214 11:12:21
4,6050 4,6373
4,3192 4,3515
4,7590 4,7920
5,3170 5,3504
215 11:13:21
4,6053 4,6376
4,3201 4,3524
4,7598 4,7928
5,3175 5,3509
216 11:14:21
4,6065 4,6388
4,3196 4,3519
4,7609 4,7939
5,3190 5,3524
217 11:15:21
4,6072 4,6395
4,3213 4,3536
4,7618 4,7948
5,3199 5,3533
218 11:16:20
4,6068 4,6391
4,3205 4,3528
4,7607 4,7937
5,3188 5,3522
219 11:17:20
4,6070 4,6393
4,3211 4,3534
4,7611 4,7941
5,3181 5,3515
220 11:18:21
4,6070 4,6393
4,3214 4,3537
4,7600 4,7930
5,3180 5,3514
221 11:19:21
4,6074 4,6397
4,3225 4,3548
4,7605 4,7935
5,3198 5,3532
222 11:20:20
4,6069 4,6392
4,3222 4,3545
4,7610 4,7940
5,3195 5,3529
223 11:21:20
4,6070 4,6394
4,3228 4,3551
4,7619 4,7949
5,3197 5,3531
224 11:22:21
4,6068 4,6392
4,3223 4,3546
4,7629 4,7959
5,3207 5,3541
225 11:23:21
4,6066 4,6390
4,3218 4,3541
4,7617 4,7947
5,3207 5,3541
226 11:24:21
4,6065 4,6389
4,3210 4,3533
4,7616 4,7946
5,3203 5,3537
227 11:25:21
4,6059 4,6383
4,3201 4,3524
4,7623 4,7953
5,3188 5,3522
228 11:26:20
4,6052 4,6375
4,3205 4,3528
4,7620 4,7950
5,3189 5,3523
229 11:27:20
4,6052 4,6375
4,3209 4,3532
4,7637 4,7967
5,3195 5,3529
230 11:28:21
4,6054 4,6377
4,3207 4,3530
4,7647 4,7977
5,3192 5,3526
231 11:29:21
4,6054 4,6377
4,3211 4,3534
4,7655 4,7985
5,3194 5,3528
232 11:30:21
4,6053 4,6376
4,3210 4,3533
4,7653 4,7983
5,3175 5,3509
233 11:31:21
4,6056 4,6379
4,3213 4,3536
4,7657 4,7987
5,3182 5,3516
234 11:32:20
4,6054 4,6377
4,3211 4,3534
4,7657 4,7987
5,3175 5,3509
235 11:33:20
4,6054 4,6377
4,3213 4,3536
4,7669 4,7999
5,3173 5,3507
236 11:34:21
4,6057 4,6380
4,3224 4,3547
4,7673 4,8003
5,3170 5,3504
237 11:35:21
4,6050 4,6373
4,3211 4,3534
4,7668 4,7998
5,3168 5,3502
238 11:36:20
4,6047 4,6370
4,3201 4,3524
4,7657 4,7987
5,3158 5,3492
239 11:37:20
4,6048 4,6371
4,3201 4,3524
4,7663 4,7993
5,3150 5,3484
240 11:38:20
4,6039 4,6362
4,3193 4,3516
4,7654 4,7984
5,3137 5,3471
241 11:39:21
4,6038 4,6361
4,3194 4,3517
4,7657 4,7987
5,3141 5,3475
242 11:40:21
4,6040 4,6363
4,3194 4,3517
4,7669 4,7999
5,3139 5,3473
243 11:41:21
4,6036 4,6359
4,3188 4,3511
4,7671 4,8001
5,3134 5,3468
244 11:42:20
4,6033 4,6356
4,3185 4,3508
4,7665 4,7995
5,3123 5,3457
245 11:43:20
4,6040 4,6363
4,3187 4,3510
4,7689 4,8019
5,3132 5,3466
246 11:44:20
4,6051 4,6374
4,3196 4,3519
4,7711 4,8041
5,3135 5,3469
247 11:45:20
4,6053 4,6376
4,3200 4,3523
4,7718 4,8048
5,3141 5,3475
248 11:46:21
4,6051 4,6375
4,3198 4,3521
4,7716 4,8046
5,3129 5,3463
249 11:47:21
4,6048 4,6372
4,3202 4,3525
4,7716 4,8046
5,3120 5,3454
250 11:48:20
4,6051 4,6375
4,3211 4,3534
4,7738 4,8068
5,3118 5,3452
251 11:49:20
4,6052 4,6376
4,3201 4,3524
4,7739 4,8069
5,3118 5,3452
252 11:50:21
4,6049 4,6373
4,3194 4,3517
4,7734 4,8064
5,3121 5,3455
253 11:51:21
4,6050 4,6374
4,3207 4,3530
4,7740 4,8071
5,3134 5,3468
254 11:52:20
4,6046 4,6370
4,3205 4,3528
4,7759 4,8090
5,3138 5,3472
255 11:53:20
4,6048 4,6372
4,3217 4,3540
4,7756 4,8087
5,3144 5,3478
256 11:54:20
4,6048 4,6372
4,3220 4,3543
4,7729 4,8060
5,3154 5,3488
257 11:55:21
4,6047 4,6371
4,3221 4,3544
4,7719 4,8050
5,3144 5,3478
258 11:56:21
4,6048 4,6372
4,3223 4,3546
4,7717 4,8047
5,3144 5,3478
259 11:57:21
4,6046 4,6370
4,3228 4,3551
4,7697 4,8027
5,3146 5,3480
260 11:58:20
4,6037 4,6361
4,3218 4,3541
4,7677 4,8007
5,3132 5,3466
261 11:59:20
4,6037 4,6361
4,3215 4,3538
4,7664 4,7994
5,3137 5,3471
262 12:00:21
4,6039 4,6363
4,3217 4,3540
4,7661 4,7991
5,3143 5,3477
263 12:01:21
4,6038 4,6361
4,3218 4,3541
4,7662 4,7992
5,3157 5,3491
264 12:02:21
4,6042 4,6365
4,3222 4,3545
4,7669 4,7999
5,3146 5,3480
265 12:03:21
4,6036 4,6359
4,3220 4,3543
4,7661 4,7991
5,3139 5,3473
266 12:04:20
4,6034 4,6357
4,3217 4,3540
4,7652 4,7982
5,3138 5,3472
267 12:05:20
4,6038 4,6361
4,3225 4,3548
4,7653 4,7983
5,3133 5,3467
268 12:06:21
4,6038 4,6362
4,3222 4,3545
4,7658 4,7988
5,3133 5,3467
269 12:07:21
4,6038 4,6362
4,3222 4,3545
4,7665 4,7995
5,3130 5,3464
270 12:08:21
4,6042 4,6366
4,3235 4,3558
4,7672 4,8002
5,3131 5,3465
271 12:09:20
4,6037 4,6361
4,3228 4,3551
4,7680 4,8010
5,3135 5,3469
272 12:10:20
4,6042 4,6366
4,3240 4,3563
4,7697 4,8027
5,3140 5,3474
273 12:11:21
4,6037 4,6361
4,3229 4,3552
4,7694 4,8024
5,3134 5,3468
274 12:12:21
4,6037 4,6361
4,3230 4,3553
4,7696 4,8026
5,3135 5,3469
275 12:13:20
4,6039 4,6363
4,3222 4,3545
4,7704 4,8034
5,3135 5,3469
276 12:14:20
4,6031 4,6355
4,3216 4,3539
4,7698 4,8028
5,3131 5,3465
277 12:15:21
4,6028 4,6352
4,3211 4,3534
4,7694 4,8024
5,3124 5,3458
278 12:16:21
4,6027 4,6351
4,3203 4,3526
4,7707 4,8037
5,3111 5,3445
279 12:17:21
4,6027 4,6351
4,3206 4,3529
4,7707 4,8037
5,3114 5,3448
280 12:18:20
4,6032 4,6356
4,3210 4,3533
4,7720 4,8050
5,3126 5,3460
281 12:19:20
4,6028 4,6352
4,3205 4,3528
4,7710 4,8040
5,3125 5,3459
282 12:20:21
4,6025 4,6349
4,3198 4,3521
4,7704 4,8034
5,3121 5,3455
283 12:21:21
4,6029 4,6353
4,3200 4,3523
4,7713 4,8043
5,3126 5,3460
284 12:22:20
4,6033 4,6357
4,3200 4,3523
4,7722 4,8052
5,3130 5,3464
285 12:23:20
4,6033 4,6357
4,3195 4,3518
4,7724 4,8054
5,3130 5,3464
286 12:24:20
4,6034 4,6358
4,3202 4,3525
4,7718 4,8048
5,3131 5,3465
287 12:25:21
4,6030 4,6354
4,3203 4,3526
4,7715 4,8045
5,3130 5,3464
288 12:26:21
4,6030 4,6354
4,3197 4,3520
4,7738 4,8068
5,3127 5,3461
289 12:27:21
4,6030 4,6354
4,3186 4,3509
4,7736 4,8066
5,3117 5,3451
290 12:28:21
4,6028 4,6352
4,3183 4,3506
4,7732 4,8062
5,3119 5,3453
291 12:29:20
4,6027 4,6351
4,3177 4,3500
4,7726 4,8056
5,3117 5,3451
292 12:30:20
4,6026 4,6350
4,3178 4,3501
4,7736 4,8066
5,3116 5,3450
293 12:31:21
4,6021 4,6345
4,3164 4,3487
4,7713 4,8044
5,3098 5,3432
294 12:32:21
4,6022 4,6346
4,3171 4,3494
4,7715 4,8046
5,3108 5,3442
295 12:33:21
4,6023 4,6347
4,3176 4,3499
4,7718 4,8049
5,3113 5,3447
296 12:34:20
4,6023 4,6347
4,3180 4,3503
4,7726 4,8057
5,3116 5,3450
297 12:35:20
4,6039 4,6363
4,3205 4,3528
4,7731 4,8062
5,3137 5,3471
298 12:36:21
4,6043 4,6367
4,3215 4,3538
4,7728 4,8058
5,3151 5,3485
299 12:37:21
4,6048 4,6372
4,3220 4,3543
4,7730 4,8060
5,3175 5,3509
300 12:38:21
4,6067 4,6391
4,3244 4,3567
4,7750 4,8080
5,3203 5,3537
301 12:39:20
4,6067 4,6391
4,3244 4,3567
4,7752 4,8082
5,3206 5,3540
302 12:40:20
4,6050 4,6374
4,3223 4,3546
4,7733 4,8063
5,3183 5,3517
303 12:41:21
4,6053 4,6377
4,3230 4,3553
4,7745 4,8075
5,3190 5,3524
304 12:42:21
4,6057 4,6381
4,3226 4,3549
4,7740 4,8070
5,3198 5,3532
305 12:43:21
4,6058 4,6382
4,3231 4,3554
4,7731 4,8061
5,3208 5,3542
306 12:44:21
4,6058 4,6382
4,3223 4,3546
4,7731 4,8061
5,3202 5,3536
307 12:45:21
4,6057 4,6381
4,3227 4,3550
4,7725 4,8055
5,3201 5,3535
308 12:46:21
4,6056 4,6380
4,3229 4,3552
4,7721 4,8051
5,3210 5,3544
309 12:47:20
4,6054 4,6378
4,3231 4,3554
4,7728 4,8058
5,3213 5,3547
310 12:48:20
4,6055 4,6379
4,3234 4,3557
4,7733 4,8063
5,3217 5,3551
311 12:49:21
4,6057 4,6381
4,3238 4,3561
4,7730 4,8060
5,3219 5,3553
312 12:50:21
4,6054 4,6378
4,3238 4,3561
4,7724 4,8054
5,3216 5,3550
313 12:51:21
4,6059 4,6382
4,3247 4,3570
4,7725 4,8055
5,3220 5,3554
314 12:52:21
4,6059 4,6382
4,3251 4,3574
4,7735 4,8065
5,3227 5,3561
315 12:53:21
4,6059 4,6382
4,3251 4,3574
4,7727 4,8057
5,3227 5,3561
316 12:54:20
4,6053 4,6376
4,3243 4,3566
4,7719 4,8049
5,3213 5,3547
317 12:55:20
4,6060 4,6383
4,3251 4,3574
4,7730 4,8060
5,3222 5,3556
318 12:56:21
4,6063 4,6387
4,3252 4,3575
4,7736 4,8066
5,3223 5,3557
319 12:57:21
4,6062 4,6386
4,3253 4,3576
4,7735 4,8065
5,3222 5,3556
320 12:58:21
4,6061 4,6385
4,3258 4,3581
4,7729 4,8059
5,3218 5,3552
321 12:59:21
4,6072 4,6396
4,3265 4,3588
4,7747 4,8077
5,3244 5,3578
322 13:00:20
4,6096 4,6420
4,3296 4,3619
4,7773 4,8103
5,3262 5,3599
323 13:01:21
4,6082 4,6406
4,3282 4,3605
4,7761 4,8091
5,3121 5,3455
324 13:02:21
4,6078 4,6402
4,3272 4,3595
4,7763 4,8093
5,3124 5,3458
325 13:03:21
4,6074 4,6398
4,3280 4,3603
4,7757 4,8087
5,3064 5,3398
326 13:04:21
4,6074 4,6398
4,3303 4,3626
4,7766 4,8096
5,3052 5,3386
327 13:05:21
4,6060 4,6384
4,3276 4,3599
4,7743 4,8073
5,3079 5,3413
328 13:06:20
4,6060 4,6384
4,3277 4,3600
4,7770 4,8100
5,3056 5,3390
329 13:07:20
4,6071 4,6395
4,3289 4,3612
4,7780 4,8110
5,3094 5,3428
330 13:08:21
4,6090 4,6414
4,3312 4,3635
4,7796 4,8126
5,3111 5,3445
331 13:09:21
4,6082 4,6406
4,3284 4,3607
4,7780 4,8110
5,3089 5,3423
332 13:10:21
4,6063 4,6387
4,3265 4,3588
4,7779 4,8109
5,3063 5,3397
333 13:11:21
4,6045 4,6369
4,3247 4,3570
4,7766 4,8096
5,3066 5,3401
334 13:12:21
4,6046 4,6370
4,3252 4,3575
4,7772 4,8102
5,3082 5,3417
335 13:13:20
4,6046 4,6370
4,3260 4,3583
4,7772 4,8102
5,3114 5,3449
336 13:14:20
4,6044 4,6368
4,3255 4,3578
4,7771 4,8101
5,3121 5,3456
337 13:15:21
4,6034 4,6358
4,3235 4,3558
4,7753 4,8083
5,3114 5,3449
338 13:16:21
4,6035 4,6359
4,3244 4,3567
4,7749 4,8079
5,3110 5,3445
339 13:17:21
4,6035 4,6359
4,3250 4,3573
4,7754 4,8084
5,3099 5,3434
340 13:18:20
4,6035 4,6359
4,3244 4,3567
4,7762 4,8092
5,3107 5,3442
341 13:19:20
4,6035 4,6359
4,3252 4,3575
4,7761 4,8091
5,3085 5,3420
342 13:20:21
4,6035 4,6359
4,3262 4,3585
4,7769 4,8099
5,3073 5,3408
343 13:21:21
4,6039 4,6363
4,3274 4,3597
4,7796 4,8126
5,3066 5,3401
344 13:22:21
4,6039 4,6363
4,3274 4,3597
4,7800 4,8130
5,3047 5,3382
345 13:23:21
4,6038 4,6362
4,3280 4,3603
4,7805 4,8135
5,3052 5,3387
346 13:24:21
4,6041 4,6365
4,3272 4,3595
4,7801 4,8131
5,3070 5,3405
347 13:25:20
4,6040 4,6364
4,3282 4,3605
4,7794 4,8124
5,3082 5,3417
348 13:26:20
4,6038 4,6362
4,3281 4,3604
4,7776 4,8108
5,3071 5,3406
349 13:27:21
4,6040 4,6364
4,3277 4,3600
4,7763 4,8095
5,3088 5,3423
350 13:28:21
4,6038 4,6362
4,3276 4,3599
4,7758 4,8090
5,3079 5,3414
351 13:29:21
4,6040 4,6364
4,3277 4,3600
4,7748 4,8080
5,3082 5,3417
352 13:30:20
4,6040 4,6364
4,3277 4,3600
4,7758 4,8090
5,3076 5,3411
353 13:31:20
4,6057 4,6381
4,3303 4,3626
4,7782 4,8112
5,3087 5,3422
354 13:32:21
4,6052 4,6376
4,3301 4,3624
4,7777 4,8107
5,3068 5,3403
355 13:33:21
4,6053 4,6377
4,3299 4,3622
4,7774 4,8104
5,3097 5,3432
356 13:34:21
4,6050 4,6374
4,3299 4,3622
4,7773 4,8103
5,3088 5,3423
357 13:35:21
4,6050 4,6374
4,3290 4,3613
4,7774 4,8104
5,3109 5,3444
358 13:36:23
4,6051 4,6375
4,3288 4,3611
4,7778 4,8108
5,3087 5,3422
359 13:37:20
4,6050 4,6374
4,3277 4,3600
4,7772 4,8102
5,3097 5,3432
360 13:38:20
4,6050 4,6374
4,3281 4,3604
4,7775 4,8105
5,3112 5,3447
361 13:39:22
4,6051 4,6375
4,3282 4,3605
4,7777 4,8107
5,3125 5,3460
362 13:40:22
4,6054 4,6378
4,3289 4,3612
4,7778 4,8108
5,3129 5,3464
363 13:41:21
4,6051 4,6375
4,3286 4,3609
4,7783 4,8113
5,3132 5,3467
364 13:42:21
4,6048 4,6372
4,3277 4,3600
4,7775 4,8105
5,3128 5,3463
365 13:43:20
4,6057 4,6381
4,3289 4,3612
4,7799 4,8129
5,3144 5,3479
366 13:44:20
4,6056 4,6380
4,3289 4,3612
4,7793 4,8123
5,3141 5,3476
367 13:45:20
4,6059 4,6383
4,3289 4,3612
4,7799 4,8129
5,3163 5,3498
368 13:46:21
4,6063 4,6387
4,3283 4,3606
4,7818 4,8148
5,3161 5,3496
369 13:47:21
4,6061 4,6385
4,3280 4,3603
4,7820 4,8150
5,3165 5,3500
370 13:48:21
4,6062 4,6386
4,3277 4,3600
4,7821 4,8151
5,3159 5,3494
371 13:49:21
4,6055 4,6379
4,3275 4,3598
4,7812 4,8142
5,3148 5,3483
372 13:50:21
4,6055 4,6379
4,3284 4,3607
4,7818 4,8148
5,3155 5,3490
373 13:51:20
4,6063 4,6387
4,3291 4,3614
4,7823 4,8153
5,3161 5,3496
374 13:52:20
4,6063 4,6387
4,3288 4,3611
4,7830 4,8160
5,3164 5,3499
375 13:53:21
4,6062 4,6386
4,3283 4,3606
4,7829 4,8159
5,3150 5,3485
376 13:54:21
4,6060 4,6384
4,3296 4,3619
4,7832 4,8162
5,3157 5,3492
377 13:55:20
4,6073 4,6397
4,3312 4,3635
4,7846 4,8176
5,3148 5,3483
378 13:56:20
4,6065 4,6389
4,3309 4,3632
4,7839 4,8169
5,3160 5,3495
379 13:57:21
4,6084 4,6408
4,3325 4,3648
4,7855 4,8185
5,3174 5,3509
380 13:58:21
4,6088 4,6412
4,3334 4,3657
4,7861 4,8191
5,3189 5,3524
381 13:59:21
4,6089 4,6413
4,3344 4,3667
4,7866 4,8196
5,3188 5,3523
382 14:00:20
4,6087 4,6411
4,3335 4,3658
4,7865 4,8195
5,3191 5,3526
383 14:01:20
4,6093 4,6417
4,3342 4,3665
4,7867 4,8197
5,3177 5,3512
384 14:02:21
4,6085 4,6409
4,3338 4,3661
4,7861 4,8191
5,3165 5,3500
385 14:03:21
4,6090 4,6414
4,3345 4,3668
4,7866 4,8196
5,3183 5,3518
386 14:04:20
4,6089 4,6413
4,3342 4,3665
4,7867 4,8197
5,3178 5,3513
387 14:05:20
4,6087 4,6411
4,3342 4,3665
4,7858 4,8188
5,3158 5,3493
388 14:06:21
4,6117 4,6441
4,3366 4,3689
4,7889 4,8219
5,3194 5,3528
389 14:07:21
4,6097 4,6421
4,3348 4,3671
4,7869 4,8199
5,3188 5,3522
390 14:08:21
4,6104 4,6428
4,3356 4,3679
4,7884 4,8214
5,3190 5,3524
391 14:09:21
4,6098 4,6422
4,3351 4,3674
4,7870 4,8200
5,3187 5,3521
392 14:10:21
4,6099 4,6423
4,3349 4,3672
4,7875 4,8205
5,3193 5,3527
393 14:11:20
4,6097 4,6421
4,3347 4,3670
4,7873 4,8203
5,3193 5,3527
394 14:12:20
4,6102 4,6426
4,3356 4,3679
4,7873 4,8203
5,3187 5,3521
395 14:13:21
4,6104 4,6428
4,3360 4,3683
4,7871 4,8201
5,3189 5,3523
396 14:14:21
4,6120 4,6444
4,3369 4,3692
4,7885 4,8215
5,3209 5,3543
397 14:15:21
4,6121 4,6445
4,3370 4,3693
4,7896 4,8226
5,3210 5,3544
398 14:16:21
4,6112 4,6436
4,3361 4,3684
4,7884 4,8214
5,3192 5,3526
399 14:17:20
4,6116 4,6440
4,3369 4,3692
4,7883 4,8213
5,3191 5,3525
400 14:18:20
4,6118 4,6442
4,3371 4,3694
4,7883 4,8213
5,3200 5,3534
401 14:19:21
4,6119 4,6443
4,3376 4,3699
4,7880 4,8210
5,3201 5,3535
402 14:20:21
4,6153 4,6477
4,3418 4,3741
4,7916 4,8246
5,3231 5,3565
403 14:21:21
4,6148 4,6472
4,3412 4,3735
4,7921 4,8251
5,3237 5,3571
404 14:22:20
4,6145 4,6469
4,3413 4,3736
4,7913 4,8243
5,3221 5,3555
405 14:23:20
4,6168 4,6492
4,3433 4,3756
4,7942 4,8272
5,3246 5,3580
406 14:24:21
4,6143 4,6467
4,3400 4,3723
4,7916 4,8246
5,3216 5,3550
407 14:25:21
4,6157 4,6481
4,3412 4,3735
4,7936 4,8266
5,3231 5,3565
408 14:26:21
4,6167 4,6491
4,3421 4,3744
4,7941 4,8271
5,3241 5,3575
409 14:27:20
4,6159 4,6483
4,3411 4,3734
4,7918 4,8248
5,3231 5,3565
410 14:28:20
4,6157 4,6481
4,3411 4,3734
4,7904 4,8234
5,3235 5,3569
411 14:29:21
4,6150 4,6474
4,3410 4,3733
4,7914 4,8244
5,3240 5,3574
412 14:30:21
4,6121 4,6464
4,3386 4,3730
4,7879 4,8231
5,3189 5,3552
413 14:31:21
4,6222 4,6546
4,3496 4,3819
4,7979 4,8296
5,3291 5,3625
414 14:32:21
4,6181 4,6507
4,3445 4,3773
4,7946 4,8276
5,3245 5,3579
415 14:33:21
4,6171 4,6495
4,3440 4,3763
4,7940 4,8270
5,3245 5,3579
416 14:34:21
4,6159 4,6483
4,3422 4,3745
4,7928 4,8258
5,3225 5,3559
417 14:35:20
4,6158 4,6482
4,3423 4,3746
4,7925 4,8255
5,3230 5,3564
418 14:36:21
4,6165 4,6489
4,3437 4,3760
4,7918 4,8248
5,3240 5,3574
419 14:37:21
4,6180 4,6504
4,3443 4,3766
4,7919 4,8249
5,3258 5,3592
420 14:38:21
4,6149 4,6473
4,3415 4,3738
4,7886 4,8216
5,3217 5,3551
421 14:39:21
4,6139 4,6463
4,3405 4,3728
4,7872 4,8202
5,3199 5,3533
422 14:40:21
4,6118 4,6442
4,3379 4,3702
4,7865 4,8195
5,3175 5,3509
423 14:41:20
4,6102 4,6426
4,3354 4,3677
4,7851 4,8181
5,3173 5,3506
424 14:42:20
4,6088 4,6412
4,3339 4,3662
4,7837 4,8167
5,3148 5,3481
425 14:43:20
4,6103 4,6427
4,3348 4,3671
4,7847 4,8177
5,3158 5,3491
426 14:44:21
4,6091 4,6415
4,3342 4,3665
4,7827 4,8157
5,3138 5,3471
427 14:45:21
4,6079 4,6403
4,3331 4,3654
4,7813 4,8143
5,3125 5,3458
428 14:46:21
4,6080 4,6404
4,3333 4,3656
4,7815 4,8145
5,3125 5,3459
429 14:47:20
4,6090 4,6414
4,3343 4,3666
4,7841 4,8171
5,3146 5,3480
430 14:48:20
4,6091 4,6415
4,3336 4,3659
4,7850 4,8180
5,3150 5,3484
431 14:49:21
4,6078 4,6402
4,3309 4,3632
4,7835 4,8165
5,3144 5,3478
432 14:50:21
4,6075 4,6399
4,3302 4,3625
4,7848 4,8178
5,3138 5,3472
433 14:51:21
4,6098 4,6422
4,3336 4,3659
4,7874 4,8204
5,3162 5,3496
434 14:52:20
4,6109 4,6433
4,3359 4,3682
4,7888 4,8218
5,3177 5,3511
435 14:53:20
4,6109 4,6433
4,3352 4,3675
4,7881 4,8211
5,3171 5,3505
436 14:54:21
4,6111 4,6435
4,3361 4,3684
4,7883 4,8213
5,3162 5,3496
437 14:55:21
4,6107 4,6431
4,3352 4,3675
4,7886 4,8216
5,3175 5,3509
438 14:56:21
4,6101 4,6424
4,3338 4,3661
4,7886 4,8216
5,3167 5,3502
439 14:57:21
4,6097 4,6420
4,3338 4,3661
4,7885 4,8215
5,3159 5,3494
440 14:58:21
4,6095 4,6418
4,3328 4,3651
4,7888 4,8218
5,3157 5,3492
441 14:59:20
4,6098 4,6421
4,3331 4,3654
4,7900 4,8230
5,3163 5,3498
442 15:00:21
4,6093 4,6416
4,3310 4,3633
4,7888 4,8218
5,3157 5,3492
443 15:01:21
4,6074 4,6398
4,3288 4,3611
4,7865 4,8195
5,3158 5,3492
444 15:02:21
4,6068 4,6392
4,3267 4,3590
4,7858 4,8188
5,3151 5,3485
445 15:03:21
4,6063 4,6387
4,3266 4,3589
4,7862 4,8192
5,3148 5,3482
446 15:04:21
4,6023 4,6347
4,3231 4,3554
4,7819 4,8149
5,3094 5,3428
447 15:05:20
4,6030 4,6354
4,3237 4,3560
4,7825 4,8155
5,3101 5,3435
448 15:06:20
4,6014 4,6338
4,3231 4,3554
4,7802 4,8132
5,3081 5,3416
449 15:07:20
4,6005 4,6329
4,3216 4,3539
4,7778 4,8108
5,3052 5,3387
450 15:08:21
4,6029 4,6353
4,3234 4,3557
4,7805 4,8135
5,3081 5,3416
451 15:09:21
4,6028 4,6352
4,3235 4,3558
4,7799 4,8129
5,3089 5,3424
452 15:10:21
4,6033 4,6357
4,3236 4,3559
4,7800 4,8130
5,3090 5,3425
453 15:11:21
4,6027 4,6350
4,3244 4,3567
4,7790 4,8120
5,3072 5,3407
454 15:12:20
4,6048 4,6371
4,3267 4,3590
4,7784 4,8114
5,3112 5,3447
455 15:13:20
4,6063 4,6386
4,3268 4,3591
4,7797 4,8127
5,3130 5,3465
456 15:14:21
4,6045 4,6368
4,3255 4,3578
4,7779 4,8109
5,3124 5,3459
457 15:15:21
4,6060 4,6383
4,3269 4,3592
4,7797 4,8127
5,3144 5,3479
458 15:16:21
4,6064 4,6387
4,3289 4,3612
4,7803 4,8133
5,3146 5,3481
459 15:17:20
4,6043 4,6366
4,3267 4,3590
4,7771 4,8101
5,3105 5,3440
460 15:18:20
4,6039 4,6362
4,3257 4,3580
4,7765 4,8095
5,3098 5,3433
461 15:19:21
4,6046 4,6369
4,3272 4,3595
4,7772 4,8102
5,3106 5,3441
462 15:20:21
4,6049 4,6372
4,3272 4,3595
4,7775 4,8105
5,3109 5,3444
463 15:21:21
4,6033 4,6357
4,3253 4,3576
4,7758 4,8088
5,3093 5,3428
464 15:22:20
4,6042 4,6366
4,3267 4,3590
4,7761 4,8091
5,3112 5,3447
465 15:23:20
4,6050 4,6374
4,3264 4,3587
4,7770 4,8100
5,3127 5,3462
466 15:24:21
4,6051 4,6375
4,3249 4,3572
4,7761 4,8091
5,3110 5,3445
467 15:25:21
4,6049 4,6373
4,3239 4,3562
4,7753 4,8083
5,3099 5,3434
468 15:26:21
4,6052 4,6375
4,3235 4,3558
4,7753 4,8083
5,3104 5,3439
469 15:27:21
4,6052 4,6375
4,3235 4,3558
4,7756 4,8086
5,3105 5,3440
470 15:28:21
4,6056 4,6379
4,3230 4,3553
4,7746 4,8076
5,3103 5,3438
471 15:29:21
4,6057 4,6380
4,3236 4,3559
4,7754 4,8084
5,3111 5,3446
472 15:30:21
4,6059 4,6382
4,3233 4,3556
4,7757 4,8087
5,3115 5,3450
473 15:31:20
4,6039 4,6363
4,3226 4,3549
4,7752 4,8082
5,3104 5,3439
474 15:32:20
4,6052 4,6376
4,3248 4,3571
4,7768 4,8098
5,3108 5,3443
475 15:33:20
4,6051 4,6375
4,3245 4,3568
4,7768 4,8098
5,3110 5,3445
476 15:34:20
4,6049 4,6373
4,3243 4,3566
4,7764 4,8094
5,3101 5,3436
477 15:35:21
4,6041 4,6365
4,3237 4,3560
4,7755 4,8085
5,3092 5,3427
478 15:36:20
4,6042 4,6366
4,3228 4,3551
4,7759 4,8089
5,3091 5,3424
479 15:37:21
4,6043 4,6367
4,3211 4,3534
4,7752 4,8082
5,3092 5,3425
480 15:38:21
4,6044 4,6368
4,3217 4,3540
4,7758 4,8088
5,3115 5,3448
481 15:39:21
4,6049 4,6373
4,3223 4,3546
4,7759 4,8089
5,3112 5,3445
482 15:40:21
4,6066 4,6390
4,3236 4,3559
4,7777 4,8107
5,3122 5,3455
483 15:41:20
4,6056 4,6380
4,3211 4,3534
4,7762 4,8092
5,3101 5,3434
484 15:42:20
4,6060 4,6384
4,3217 4,3540
4,7759 4,8089
5,3101 5,3434
485 15:43:21
4,6069 4,6393
4,3231 4,3554
4,7769 4,8099
5,3110 5,3443
486 15:44:21
4,6069 4,6393
4,3227 4,3550
4,7766 4,8096
5,3095 5,3428
487 15:45:20
4,6060 4,6384
4,3231 4,3554
4,7755 4,8085
5,3088 5,3421
488 15:46:20
4,6059 4,6383
4,3216 4,3539
4,7762 4,8092
5,3095 5,3430
489 15:47:21
4,6061 4,6385
4,3228 4,3551
4,7761 4,8091
5,3085 5,3420
490 15:48:21
4,6063 4,6387
4,3234 4,3557
4,7756 4,8086
5,3091 5,3426
491 15:49:21
4,6064 4,6388
4,3253 4,3576
4,7776 4,8106
5,3095 5,3430
492 15:50:21
4,6063 4,6387
4,3252 4,3575
4,7781 4,8111
5,3087 5,3422
493 15:51:21
4,6059 4,6383
4,3246 4,3569
4,7776 4,8106
5,3088 5,3423
494 15:52:20
4,6059 4,6383
4,3252 4,3575
4,7778 4,8108
5,3085 5,3420
495 15:53:20
4,6066 4,6390
4,3263 4,3586
4,7779 4,8109
5,3100 5,3435
496 15:54:20
4,6064 4,6388
4,3267 4,3590
4,7759 4,8089
5,3094 5,3429
497 15:55:21
4,6062 4,6386
4,3263 4,3586
4,7766 4,8096
5,3101 5,3436
498 15:56:21
4,6028 4,6352
4,3252 4,3575
4,7737 4,8067
5,3069 5,3404
499 15:57:21
4,6033 4,6357
4,3250 4,3573
4,7735 4,8065
5,3065 5,3400
500 15:58:21
4,6039 4,6363
4,3258 4,3581
4,7738 4,8068
5,3075 5,3410
501 15:59:20
4,6041 4,6365
4,3266 4,3589
4,7755 4,8085
5,3083 5,3418
502 16:00:20
4,6054 4,6378
4,3279 4,3602
4,7761 4,8091
5,3099 5,3435
503 16:01:20
4,6056 4,6380
4,3282 4,3605
4,7758 4,8088
5,3086 5,3419
504 16:02:21
4,6054 4,6378
4,3277 4,3600
4,7776 4,8106
5,3102 5,3435
505 16:03:21
4,6054 4,6378
4,3262 4,3585
4,7789 4,8119
5,3096 5,3429
506 16:04:21
4,6045 4,6369
4,3266 4,3589
4,7779 4,8109
5,3099 5,3432
507 16:05:21
4,6045 4,6369
4,3266 4,3589
4,7779 4,8109
5,3099 5,3432
508 16:06:20
4,6045 4,6369
4,3266 4,3589
4,7779 4,8109
5,3099 5,3432
509 16:07:20
4,6045 4,6369
4,3266 4,3589
4,7779 4,8109
5,3099 5,3432
510 16:08:20
4,6045 4,6369
4,3266 4,3589
4,7779 4,8109
5,3099 5,3432
511 16:09:20
4,6045 4,6369
4,3266 4,3589
4,7779 4,8109
5,3099 5,3432
512 16:10:21
4,6045 4,6369
4,3266 4,3589
4,7779 4,8109
5,3099 5,3432
513 16:11:21
4,6045 4,6369
4,3266 4,3589
4,7779 4,8109
5,3099 5,3432
514 16:12:21
4,6045 4,6369
4,3266 4,3589
4,7779 4,8109
5,3099 5,3432
515 16:13:20
4,6045 4,6369
4,3266 4,3589
4,7779 4,8109
5,3099 5,3432
516 16:14:20
4,6045 4,6369
4,3266 4,3589
4,7779 4,8109
5,3099 5,3432
517 16:15:20
4,6045 4,6369
4,3266 4,3589
4,7779 4,8109
5,3099 5,3432
518 16:16:21
4,6045 4,6369
4,3266 4,3589
4,7779 4,8109
5,3099 5,3432
519 16:17:21
4,6045 4,6369
4,3266 4,3589
4,7779 4,8109
5,3099 5,3432
520 16:18:21
4,6031 4,6355
4,3208 4,3531
4,7755 4,8085
5,3103 5,3436
521 16:19:21
4,6033 4,6357
4,3208 4,3531
4,7757 4,8087
5,3118 5,3451
522 16:20:20
4,6028 4,6352
4,3193 4,3516
4,7747 4,8077
5,3103 5,3436
523 16:21:20
4,6026 4,6349
4,3186 4,3509
4,7738 4,8068
5,3098 5,3433
524 16:22:20
4,6026 4,6349
4,3156 4,3479
4,7729 4,8059
5,3083 5,3418
525 16:23:21
4,6026 4,6349
4,3166 4,3489
4,7734 4,8064
5,3074 5,3409
526 16:24:21
4,6030 4,6353
4,3181 4,3504
4,7735 4,8065
5,3078 5,3413
527 16:25:21
4,6029 4,6352
4,3178 4,3501
4,7732 4,8062
5,3084 5,3419
528 16:26:20
4,6028 4,6351
4,3179 4,3502
4,7738 4,8068
5,3070 5,3404
529 16:27:20
4,6031 4,6354
4,3186 4,3509
4,7766 4,8096
5,3082 5,3416
530 16:28:20
4,6028 4,6351
4,3170 4,3493
4,7769 4,8099
5,3070 5,3404
531 16:29:20
4,6028 4,6351
4,3174 4,3497
4,7791 4,8121
5,3070 5,3404
532 16:30:21
4,6028 4,6351
4,3171 4,3494
4,7803 4,8133
5,3070 5,3404
533 16:31:21
4,6031 4,6354
4,3176 4,3499
4,7809 4,8139
5,3068 5,3401
534 16:32:21
4,6034 4,6357
4,3163 4,3486
4,7813 4,8143
5,3069 5,3402
535 16:33:21
4,6029 4,6352
4,3152 4,3475
4,7802 4,8132
5,3057 5,3390
536 16:34:21
4,6025 4,6348
4,3138 4,3461
4,7782 4,8112
5,3050 5,3383
537 16:35:21
4,6022 4,6345
4,3137 4,3460
4,7769 4,8099
5,3033 5,3366
538 16:36:21
4,5995 4,6319
4,3107 4,3430
4,7757 4,8087
5,3008 5,3342
539 16:37:20
4,6002 4,6326
4,3104 4,3427
4,7748 4,8078
5,3020 5,3354
540 16:38:23
4,6009 4,6333
4,3116 4,3439
4,7762 4,8092
5,3037 5,3371
541 16:39:21
4,6007 4,6331
4,3112 4,3435
4,7760 4,8090
5,3038 5,3372
542 16:40:21
4,6012 4,6336
4,3110 4,3433
4,7745 4,8075
5,3034 5,3368
543 16:41:21
4,6009 4,6332
4,3113 4,3436
4,7752 4,8082
5,3031 5,3364
544 16:42:21
4,6008 4,6331
4,3112 4,3435
4,7742 4,8072
5,3039 5,3372
545 16:43:21
4,6007 4,6330
4,3119 4,3442
4,7744 4,8074
5,3041 5,3374
546 16:44:20
4,6000 4,6323
4,3127 4,3450
4,7730 4,8060
5,3033 5,3366
547 16:45:21
4,5998 4,6321
4,3135 4,3458
4,7730 4,8060
5,3030 5,3363
548 16:46:21
4,6000 4,6323
4,3147 4,3470
4,7735 4,8065
5,3042 5,3375
549 16:47:21
4,5998 4,6321
4,3135 4,3458
4,7725 4,8055
5,3030 5,3363
550 16:48:21
4,6004 4,6327
4,3153 4,3476
4,7741 4,8071
5,3041 5,3374
551 16:49:21
4,6008 4,6331
4,3163 4,3486
4,7745 4,8075
5,3039 5,3372
552 16:50:20
4,6006 4,6329
4,3161 4,3484
4,7743 4,8073
5,3046 5,3379
553 16:51:23
4,6007 4,6330
4,3170 4,3493
4,7761 4,8091
5,3044 5,3377
554 16:52:22
4,6006 4,6329
4,3159 4,3482
4,7767 4,8097
5,3048 5,3381
555 16:53:21
4,6009 4,6332
4,3163 4,3486
4,7773 4,8103
5,3061 5,3394
556 16:54:21
4,6010 4,6333
4,3170 4,3493
4,7783 4,8113
5,3062 5,3395
557 16:55:22
4,6010 4,6333
4,3173 4,3496
4,7784 4,8114
5,3057 5,3390
558 16:56:22
4,6010 4,6333
4,3161 4,3484
4,7777 4,8107
5,3047 5,3380
559 16:57:22
4,6008 4,6331
4,3159 4,3482
4,7757 4,8087
5,3045 5,3378
560 16:58:22
4,6003 4,6326
4,3158 4,3481
4,7787 4,8117
5,3046 5,3379
561 16:59:21
4,6002 4,6325
4,3158 4,3481
4,7785 4,8115
5,3046 5,3379
562 17:00:21
4,6003 4,6326
4,3158 4,3481
4,7789 4,8119
5,3052 5,3385
563 17:01:21
4,6004 4,6327
4,3161 4,3484
4,7797 4,8127
5,3062 5,3395
564 17:02:21
4,6003 4,6326
4,3164 4,3487
4,7790 4,8120
5,3069 5,3402
565 17:03:20
4,6000 4,6323
4,3174 4,3497
4,7774 4,8104
5,3070 5,3403
566 17:04:21
4,6000 4,6323
4,3162 4,3485
4,7786 4,8116
5,3066 5,3399
567 17:05:21
4,5996 4,6319
4,3150 4,3473
4,7785 4,8115
5,3068 5,3401
568 17:06:21
4,5995 4,6318
4,3143 4,3466
4,7788 4,8118
5,3070 5,3403
569 17:07:21
4,5988 4,6311
4,3128 4,3451
4,7784 4,8114
5,3071 5,3404
570 17:08:21
4,5988 4,6311
4,3128 4,3451
4,7787 4,8117
5,3071 5,3404
571 17:09:21
4,5989 4,6312
4,3128 4,3451
4,7797 4,8127
5,3072 5,3405
572 17:10:21
4,5989 4,6312
4,3126 4,3449
4,7783 4,8113
5,3084 5,3417
573 17:11:20
4,5991 4,6314
4,3128 4,3451
4,7772 4,8102
5,3083 5,3416
574 17:12:20
4,5990 4,6313
4,3130 4,3453
4,7777 4,8107
5,3083 5,3416
575 17:13:21
4,5998 4,6321
4,3149 4,3472
4,7784 4,8114
5,3098 5,3431
576 17:14:21
4,6009 4,6332
4,3170 4,3493
4,7803 4,8133
5,3104 5,3437
577 17:15:21
4,6022 4,6345
4,3175 4,3498
4,7813 4,8143
5,3123 5,3456
578 17:16:21
4,6025 4,6348
4,3185 4,3508
4,7818 4,8148
5,3121 5,3454
579 17:17:21
4,6025 4,6348
4,3185 4,3508
4,7815 4,8145
5,3123 5,3456
580 17:18:20
4,6024 4,6347
4,3180 4,3503
4,7814 4,8144
5,3119 5,3452
581 17:19:20
4,6023 4,6346
4,3179 4,3502
4,7805 4,8135
5,3111 5,3444
582 17:20:21
4,6018 4,6341
4,3174 4,3497
4,7795 4,8125
5,3108 5,3441
583 17:21:21
4,6017 4,6340
4,3169 4,3492
4,7793 4,8123
5,3113 5,3446
584 17:22:21
4,6020 4,6343
4,3181 4,3504
4,7803 4,8133
5,3124 5,3457
585 17:23:21
4,6024 4,6347
4,3172 4,3495
4,7806 4,8136
5,3127 5,3460
586 17:24:20
4,6021 4,6344
4,3165 4,3488
4,7808 4,8138
5,3125 5,3458
587 17:25:20
4,6013 4,6336
4,3155 4,3478
4,7799 4,8129
5,3115 5,3448
588 17:26:21
4,6007 4,6330
4,3144 4,3467
4,7784 4,8114
5,3105 5,3438
589 17:27:21
4,5996 4,6319
4,3135 4,3458
4,7777 4,8107
5,3089 5,3422
590 17:28:21
4,5994 4,6317
4,3141 4,3464
4,7775 4,8105
5,3090 5,3423
591 17:29:20
4,5992 4,6315
4,3145 4,3468
4,7768 4,8098
5,3084 5,3417
592 17:30:20
4,5992 4,6315
4,3145 4,3468
4,7763 4,8093
5,3075 5,3408
593 17:31:21
4,5989 4,6312
4,3147 4,3470
4,7762 4,8092
5,3081 5,3414
594 17:32:21
4,5989 4,6312
4,3147 4,3470
4,7760 4,8090
5,3078 5,3411
595 17:33:21
4,5988 4,6311
4,3138 4,3461
4,7749 4,8079
5,3071 5,3404
596 17:34:21
4,5988 4,6311
4,3128 4,3451
4,7753 4,8083
5,3067 5,3400
597 17:35:20
4,5987 4,6310
4,3128 4,3451
4,7753 4,8083
5,3057 5,3390
598 17:36:20
4,5987 4,6310
4,3135 4,3458
4,7760 4,8090
5,3061 5,3394
599 17:37:21
4,5987 4,6310
4,3131 4,3454
4,7752 4,8082
5,3061 5,3394
600 17:38:21
4,5988 4,6311
4,3140 4,3463
4,7753 4,8083
5,3055 5,3388
601 17:39:21
4,5988 4,6311
4,3140 4,3463
4,7748 4,8078
5,3049 5,3382
602 17:40:21
4,5987 4,6310
4,3137 4,3460
4,7749 4,8079
5,3055 5,3388
603 17:41:21
4,5988 4,6311
4,3138 4,3461
4,7744 4,8074
5,3052 5,3385
604 17:42:20
4,5988 4,6311
4,3136 4,3459
4,7732 4,8062
5,3056 5,3389
605 17:43:21
4,5989 4,6312
4,3139 4,3462
4,7730 4,8060
5,3054 5,3387
606 17:44:21
4,5989 4,6312
4,3137 4,3460
4,7726 4,8056
5,3054 5,3387
607 17:45:21
4,5991 4,6314
4,3140 4,3463
4,7732 4,8062
5,3056 5,3389
608 17:46:21
4,5991 4,6314
4,3136 4,3459
4,7732 4,8062
5,3062 5,3395
609 17:47:20
4,5989 4,6312
4,3130 4,3453
4,7720 4,8050
5,3056 5,3389
610 17:48:20
4,5980 4,6303
4,3106 4,3429
4,7722 4,8052
5,3042 5,3375
611 17:49:21
4,5979 4,6302
4,3105 4,3428
4,7730 4,8060
5,3045 5,3378
612 17:50:21
4,5979 4,6302
4,3101 4,3424
4,7725 4,8055
5,3042 5,3375
613 17:51:21
4,5973 4,6296
4,3095 4,3418
4,7723 4,8053
5,3035 5,3368
614 17:52:20
4,5980 4,6303
4,3119 4,3442
4,7721 4,8051
5,3047 5,3380
615 17:53:20
4,5980 4,6303
4,3112 4,3435
4,7719 4,8049
5,3059 5,3392
616 17:54:20
4,6001 4,6325
4,3125 4,3448
4,7737 4,8067
5,3073 5,3406
617 17:55:21
4,6001 4,6324
4,3132 4,3458
4,7745 4,8075
5,3077 5,3410
618 17:56:21
4,6004 4,6327
4,3141 4,3464
4,7756 4,8086
5,3086 5,3419
619 17:57:20
4,6001 4,6324
4,3138 4,3461
4,7746 4,8076
5,3087 5,3420
620 17:58:20
4,5995 4,6318
4,3134 4,3457
4,7738 4,8068
5,3076 5,3409
621 17:59:21
4,5996 4,6319
4,3135 4,3458
4,7738 4,8068
5,3074 5,3407
622 18:00:20
4,5988 4,6318
4,3127 4,3459
4,7734 4,8069
5,3061 5,3403
623 18:01:20
4,5987 4,6322
4,3128 4,3467
4,7743 4,8085
5,3062 5,3408
624 18:02:20
4,5986 4,6319
4,3125 4,3464
4,7737 4,8077
5,3054 5,3397
625 18:03:21
4,5988 4,6322
4,3125 4,3466
4,7739 4,8080
5,3061 5,3402
626 18:04:21
4,5988 4,6318
4,3131 4,3465
4,7733 4,8073
5,3052 5,3390
627 18:05:21
4,5987 4,6321
4,3122 4,3458
4,7733 4,8074
5,3049 5,3387
628 18:06:21
4,5987 4,6317
4,3120 4,3457
4,7732 4,8074
5,3049 5,3389
629 18:07:21
4,5986 4,6320
4,3125 4,3461
4,7727 4,8068
5,3052 5,3395
630 18:08:21
4,5984 4,6317
4,3123 4,3462
4,7726 4,8071
5,3058 5,3395
631 18:09:21
4,5983 4,6316
4,3122 4,3461
4,7725 4,8070
5,3057 5,3401
632 18:10:21
4,5983 4,6316
4,3130 4,3469
4,7724 4,8064
5,3062 5,3403
633 18:11:20
4,5984 4,6313
4,3135 4,3470
4,7731 4,8072
5,3064 5,3403
634 18:12:20
4,5986 4,6316
4,3141 4,3477
4,7737 4,8074
5,3076 5,3412
635 18:13:21
4,5985 4,6311
4,3147 4,3476
4,7741 4,8074
5,3083 5,3419
636 18:14:21
4,5977 4,6321
4,3135 4,3482
4,7733 4,8086
5,3074 5,3430
637 18:15:21
4,5987 4,6310
4,3140 4,3468
4,7743 4,8073
5,3085 5,3418
638 18:16:21
4,5987 4,6310
4,3151 4,3481
4,7743 4,8077
5,3085 5,3418
639 18:17:21
4,5985 4,6310
4,3153 4,3481
4,7742 4,8079
5,3084 5,3417
640 18:18:21
4,5986 4,6309
4,3154 4,3480
4,7738 4,8071
5,3072 5,3405
641 18:19:21
4,5986 4,6309
4,3158 4,3488
4,7732 4,8062
5,3077 5,3410
642 18:20:20
4,5986 4,6310
4,3152 4,3483
4,7727 4,8058
5,3071 5,3404
643 18:21:20
4,5985 4,6308
4,3145 4,3475
4,7722 4,8057
5,3071 5,3404
644 18:22:21
4,5985 4,6308
4,3149 4,3475
4,7721 4,8051
5,3071 5,3404
645 18:23:21
4,5983 4,6306
4,3140 4,3468
4,7723 4,8053
5,3062 5,3395
646 18:24:21
4,5986 4,6309
4,3138 4,3465
4,7727 4,8057
5,3065 5,3398
647 18:25:20
4,5987 4,6311
4,3138 4,3468
4,7729 4,8059
5,3073 5,3407
648 18:26:20
4,5986 4,6309
4,3138 4,3465
4,7739 4,8072
5,3078 5,3411
649 18:27:20
4,5987 4,6323
4,3142 4,3480
4,7737 4,8085
5,3079 5,3421
650 18:28:20
4,5992 4,6316
4,3141 4,3472
4,7732 4,8068
5,3083 5,3416
651 18:29:20
4,5991 4,6316
4,3138 4,3470
4,7727 4,8059
5,3088 5,3421
652 18:30:20
4,5991 4,6316
4,3145 4,3474
4,7732 4,8064
5,3096 5,3431
653 18:31:21
4,5991 4,6317
4,3146 4,3478
4,7727 4,8060
5,3096 5,3432
654 18:32:21
4,5989 4,6316
4,3140 4,3469
4,7721 4,8060
5,3088 5,3425
655 18:33:21
4,5989 4,6316
4,3140 4,3469
4,7725 4,8059
5,3088 5,3425
656 18:34:21
4,5990 4,6320
4,3135 4,3468
4,7726 4,8063
5,3089 5,3429
657 18:35:21
4,5990 4,6320
4,3127 4,3464
4,7720 4,8058
5,3089 5,3428
658 18:36:20
4,5986 4,6313
4,3133 4,3462
4,7712 4,8046
5,3078 5,3415
659 18:37:20
4,5975 4,6307
4,3121 4,3456
4,7701 4,8040
5,3066 5,3408
660 18:38:22
4,5974 4,6308
4,3120 4,3461
4,7701 4,8045
5,3063 5,3408
661 18:39:21
4,5974 4,6308
4,3124 4,3461
4,7705 4,8046
5,3063 5,3408
662 18:40:21
4,5973 4,6306
4,3125 4,3465
4,7700 4,8044
5,3064 5,3408
663 18:41:21
4,5972 4,6304
4,3124 4,3458
4,7701 4,8042
5,3061 5,3404
664 18:42:21
4,5974 4,6308
4,3130 4,3466
4,7699 4,8045
5,3071 5,3415
665 18:43:21
4,5974 4,6308
4,3134 4,3470
4,7710 4,8051
5,3076 5,3421
666 18:44:21
4,5974 4,6307
4,3134 4,3473
4,7710 4,8050
5,3077 5,3420
667 18:45:21
4,5972 4,6307
4,3132 4,3469
4,7704 4,8051
5,3074 5,3421
668 18:46:21
4,5972 4,6307
4,3124 4,3461
4,7708 4,8051
5,3069 5,3414
669 18:47:21
4,5972 4,6307
4,3116 4,3457
4,7704 4,8051
5,3069 5,3415
670 18:48:21
4,5974 4,6308
4,3116 4,3457
4,7710 4,8051
5,3069 5,3414
671 18:49:21
4,5974 4,6307
4,3109 4,3444
4,7706 4,8051
5,3071 5,3414
672 18:50:21
4,5972 4,6308
4,3105 4,3444
4,7702 4,8050
5,3075 5,3415
673 18:51:21
4,5974 4,6308
4,3105 4,3445
4,7699 4,8045
5,3069 5,3414
674 18:52:21
4,5974 4,6308
4,3105 4,3444
4,7700 4,8041
5,3071 5,3415
675 18:53:21
4,5973 4,6308
4,3113 4,3451
4,7704 4,8046
5,3075 5,3422
676 18:54:21
4,5974 4,6308
4,3116 4,3453
4,7705 4,8046
5,3075 5,3420
677 18:55:21
4,5973 4,6309
4,3117 4,3455
4,7694 4,8037
5,3075 5,3423
678 18:56:20
4,5971 4,6308
4,3123 4,3462
4,7707 4,8051
5,3079 5,3428
679 18:57:20
4,5971 4,6308
4,3119 4,3458
4,7697 4,8041
5,3073 5,3422
680 18:58:21
4,5973 4,6309
4,3129 4,3471
4,7704 4,8047
5,3081 5,3428
681 18:59:21
4,5974 4,6310
4,3134 4,3475
4,7705 4,8048
5,3082 5,3429
682 19:00:21
4,5984 4,6317
4,3151 4,3490
4,7717 4,8060
5,3095 5,3438
683 19:01:21
4,5971 4,6326
4,3140 4,3500
4,7708 4,8075
5,3073 5,3442
684 19:02:21
4,5973 4,6326
4,3142 4,3500
4,7719 4,8078
5,3076 5,3444
685 19:03:20
4,5976 4,6312
4,3140 4,3482
4,7711 4,8059
5,3078 5,3425
686 19:04:20
4,5975 4,6310
4,3139 4,3477
4,7706 4,8048
5,3079 5,3425
687 19:05:21
4,5975 4,6311
4,3139 4,3477
4,7700 4,8042
5,3077 5,3424
688 19:06:21
4,5976 4,6311
4,3140 4,3481
4,7702 4,8044
5,3080 5,3420
689 19:07:21
4,5975 4,6310
4,3135 4,3476
4,7701 4,8043
5,3079 5,3425
690 19:08:21
4,5975 4,6310
4,3135 4,3477
4,7701 4,8047
5,3079 5,3425
691 19:09:21
4,5975 4,6312
4,3135 4,3478
4,7697 4,8046
5,3085 5,3433
692 19:10:21
4,5977 4,6313
4,3141 4,3483
4,7698 4,8041
5,3085 5,3432
693 19:11:21
4,5975 4,6312
4,3130 4,3473
4,7701 4,8045
5,3079 5,3427
694 19:12:21
4,5976 4,6311
4,3124 4,3462
4,7697 4,8039
5,3079 5,3424
695 19:13:21
4,5975 4,6311
4,3122 4,3460
4,7701 4,8044
5,3077 5,3425
696 19:14:21
4,5966 4,6320
4,3113 4,3472
4,7687 4,8048
5,3067 5,3434
697 19:15:21
4,5975 4,6312
4,3127 4,3467
4,7691 4,8035
5,3079 5,3427
698 19:16:21
4,5975 4,6312
4,3118 4,3461
4,7691 4,8035
5,3073 5,3421
699 19:17:21
4,5968 4,6320
4,3111 4,3464
4,7684 4,8043
5,3057 5,3423
700 19:18:20
4,5975 4,6311
4,3114 4,3452
4,7686 4,8029
5,3066 5,3406
701 19:19:20
4,5975 4,6310
4,3110 4,3451
4,7686 4,8029
5,3064 5,3411
702 19:20:21
4,5969 4,6317
4,3108 4,3458
4,7674 4,8035
5,3059 5,3419
703 19:21:21
4,5976 4,6305
4,3116 4,3452
4,7687 4,8023
5,3067 5,3400
704 19:22:21
4,5976 4,6306
4,3114 4,3447
4,7677 4,8014
5,3067 5,3407
705 19:23:21
4,5977 4,6308
4,3108 4,3445
4,7679 4,8022
5,3068 5,3409
706 19:24:21
4,5978 4,6309
4,3105 4,3438
4,7679 4,8017
5,3070 5,3406
707 19:25:20
4,5977 4,6308
4,3101 4,3435
4,7683 4,8021
5,3069 5,3411
708 19:26:20
4,5979 4,6309
4,3098 4,3430
4,7690 4,8027
5,3070 5,3410
709 19:27:20
4,5977 4,6308
4,3096 4,3433
4,7679 4,8022
5,3068 5,3409
710 19:28:21
4,5978 4,6312
4,3092 4,3431
4,7674 4,8015
5,3062 5,3408
711 19:29:21
4,5976 4,6307
4,3095 4,3428
4,7668 4,8007
5,3061 5,3402
712 19:30:21
4,5977 4,6309
4,3096 4,3430
4,7672 4,8016
5,3062 5,3404
713 19:31:21
4,5959 4,6325
4,3075 4,3445
4,7659 4,8038
5,3035 5,3417
714 19:32:20
4,5963 4,6327
4,3075 4,3443
4,7666 4,8036
5,3039 5,3419
715 19:33:20
4,5980 4,6313
4,3091 4,3430
4,7691 4,8031
5,3066 5,3410
716 19:34:21
4,5980 4,6313
4,3099 4,3434
4,7691 4,8031
5,3066 5,3410
717 19:35:21
4,5980 4,6313
4,3099 4,3438
4,7691 4,8031
5,3066 5,3404
718 19:36:21
4,5980 4,6313
4,3099 4,3434
4,7687 4,8028
5,3060 5,3404
719 19:37:21
4,5981 4,6315
4,3094 4,3431
4,7692 4,8033
5,3063 5,3404
720 19:38:21
4,5962 4,6327
4,3082 4,3451
4,7677 4,8051
5,3038 5,3419
721 19:39:21
4,5962 4,6327
4,3082 4,3451
4,7678 4,8057
5,3046 5,3420
722 19:40:21
4,5966 4,6328
4,3090 4,3452
4,7691 4,8062
5,3048 5,3425
723 19:41:20
4,5973 4,6312
4,3092 4,3433
4,7699 4,8045
5,3057 5,3408
724 19:42:20
4,5955 4,6323
4,3075 4,3442
4,7681 4,8056
5,3038 5,3415
725 19:43:21
4,5970 4,6306
4,3089 4,3431
4,7691 4,8034
5,3053 5,3401
726 19:44:21
4,5965 4,6301
4,3093 4,3435
4,7694 4,8038
5,3047 5,3394
727 19:45:21
4,5959 4,6288
4,3092 4,3424
4,7690 4,8030
5,3041 5,3380
728 19:46:21
4,5959 4,6288
4,3092 4,3424
4,7686 4,8023
5,3048 5,3386
729 19:47:21
4,5960 4,6288
4,3083 4,3418
4,7691 4,8026
5,3048 5,3386
730 19:48:21
4,5963 4,6289
4,3087 4,3415
4,7693 4,8030
5,3049 5,3382
731 19:49:21
4,5960 4,6287
4,3085 4,3419
4,7690 4,8024
5,3047 5,3380
732 19:50:21
4,5960 4,6290
4,3088 4,3420
4,7695 4,8032
5,3047 5,3388
733 19:51:20
4,5957 4,6288
4,3085 4,3418
4,7692 4,8030
5,3045 5,3380
734 19:52:20
4,5959 4,6289
4,3079 4,3413
4,7694 4,8031
5,3041 5,3381
735 19:53:20
4,5959 4,6294
4,3083 4,3420
4,7694 4,8042
5,3048 5,3388
736 19:54:21
4,5963 4,6293
4,3090 4,3423
4,7694 4,8035
5,3052 5,3386
737 19:55:21
4,5964 4,6292
4,3094 4,3425
4,7699 4,8034
5,3051 5,3384
738 19:56:21
4,5964 4,6291
4,3094 4,3426
4,7699 4,8033
5,3047 5,3384
739 19:57:21
4,5964 4,6291
4,3096 4,3425
4,7700 4,8035
5,3041 5,3379
740 19:58:21
4,5965 4,6291
4,3100 4,3429
4,7705 4,8037
5,3039 5,3372
741 19:59:21
4,5965 4,6290
4,3102 4,3430
4,7695 4,8027
5,3037 5,3371
742 20:00:21
4,5964 4,6296
4,3092 4,3430
4,7699 4,8038
5,3033 5,3370
743 20:01:20
4,5968 4,6308
4,3101 4,3444
4,7704 4,8055
5,3045 5,3390
744 20:02:20
4,5972 4,6308
4,3107 4,3445
4,7708 4,8051
5,3041 5,3384
745 20:03:21
4,5972 4,6312
4,3107 4,3449
4,7703 4,8050
5,3043 5,3394
746 20:04:21
4,5972 4,6311
4,3099 4,3444
4,7703 4,8049
5,3049 5,3395
747 20:05:21
4,5971 4,6310
4,3102 4,3447
4,7702 4,8048
5,3044 5,3394
748 20:06:21
4,5971 4,6310
4,3100 4,3444
4,7702 4,8048
5,3050 5,3400
749 20:07:21
4,5971 4,6310
4,3094 4,3439
4,7697 4,8043
5,3044 5,3394
750 20:08:20
4,5971 4,6310
4,3090 4,3431
4,7697 4,8043
5,3044 5,3394
751 20:09:20
4,5972 4,6312
4,3091 4,3433
4,7698 4,8045
5,3043 5,3394
752 20:10:20
4,5971 4,6310
4,3090 4,3431
4,7697 4,8043
5,3044 5,3394
753 20:11:21
4,5971 4,6310
4,3082 4,3423
4,7697 4,8039
5,3044 5,3394
754 20:12:21
4,5972 4,6312
4,3083 4,3425
4,7698 4,8045
5,3043 5,3394
755 20:13:21
4,5971 4,6310
4,3083 4,3425
4,7692 4,8038
5,3037 5,3385
756 20:14:21
4,5971 4,6310
4,3090 4,3431
4,7697 4,8043
5,3038 5,3388
757 20:15:21
4,5971 4,6310
4,3086 4,3431
4,7698 4,8049
5,3038 5,3388
758 20:16:21
4,5956 4,6328
4,3072 4,3444
4,7681 4,8062
5,3013 5,3401
759 20:17:20
4,5954 4,6327
4,3074 4,3447
4,7679 4,8061
5,3010 5,3401
760 20:18:20
4,5956 4,6325
4,3076 4,3449
4,7681 4,8059
5,3019 5,3404
761 20:19:20
4,5957 4,6327
4,3081 4,3451
4,7682 4,8061
5,3013 5,3406
762 20:20:20
4,5957 4,6327
4,3081 4,3451
4,7682 4,8061
5,3019 5,3406
763 20:21:21
4,5957 4,6327
4,3077 4,3447
4,7677 4,8056
5,3014 5,3400
764 20:22:21
4,5957 4,6327
4,3069 4,3443
4,7677 4,8056
5,3014 5,3400
765 20:23:21
4,5971 4,6310
4,3082 4,3427
4,7693 4,8044
5,3038 5,3388
766 20:24:21
4,5971 4,6310
4,3082 4,3427
4,7697 4,8043
5,3038 5,3388
767 20:25:21
4,5971 4,6310
4,3083 4,3425
4,7697 4,8043
5,3038 5,3388
768 20:26:21
4,5971 4,6310
4,3086 4,3427
4,7697 4,8043
5,3038 5,3388
769 20:27:20
4,5957 4,6326
4,3069 4,3442
4,7682 4,8060
5,3014 5,3402
770 20:28:20
4,5971 4,6310
4,3082 4,3423
4,7697 4,8043
5,3032 5,3382
771 20:29:20
4,5971 4,6310
4,3084 4,3427
4,7697 4,8043
5,3030 5,3387
772 20:30:21
4,5971 4,6310
4,3086 4,3427
4,7697 4,8043
5,3024 5,3375
773 20:31:21
4,5971 4,6310
4,3090 4,3431
4,7692 4,8038
5,3024 5,3369
774 20:32:21
4,5965 4,6304
4,3090 4,3432
4,7691 4,8038
5,3017 5,3368
775 20:33:21
4,5969 4,6308
4,3090 4,3434
4,7696 4,8047
5,3022 5,3373
776 20:34:20
4,5970 4,6310
4,3093 4,3435
4,7696 4,8043
5,3019 5,3375
777 20:35:20
4,5969 4,6308
4,3088 4,3433
4,7690 4,8036
5,3017 5,3367
778 20:36:20
4,5969 4,6308
4,3084 4,3429
4,7691 4,8042
5,3017 5,3367
779 20:37:21
4,5972 4,6310
4,3089 4,3430
4,7688 4,8033
5,3019 5,3369
780 20:38:21
4,5972 4,6310
4,3095 4,3435
4,7688 4,8033
5,3019 5,3369
781 20:39:21
4,5973 4,6311
4,3092 4,3436
4,7687 4,8033
5,3020 5,3370
782 20:40:21
4,5971 4,6310
4,3090 4,3435
4,7688 4,8039
5,3024 5,3375
783 20:41:21
4,5971 4,6310
4,3090 4,3435
4,7697 4,8043
5,3018 5,3369
784 20:42:21
4,5971 4,6310
4,3090 4,3435
4,7692 4,8038
5,3024 5,3369
785 20:43:20
4,5971 4,6310
4,3090 4,3435
4,7687 4,8033
5,3024 5,3369
786 20:44:20
4,5971 4,6311
4,3094 4,3436
4,7687 4,8034
5,3018 5,3370
787 20:45:20
4,5971 4,6311
4,3086 4,3432
4,7681 4,8033
5,3018 5,3370
788 20:46:20
4,5971 4,6311
4,3094 4,3436
4,7687 4,8036
5,3018 5,3370
789 20:47:21
4,5971 4,6311
4,3094 4,3436
4,7687 4,8034
5,3011 5,3362
790 20:48:21
4,5971 4,6311
4,3094 4,3440
4,7681 4,8033
5,3012 5,3364
791 20:49:21
4,5980 4,6318
4,3103 4,3447
4,7690 4,8040
5,3028 5,3378
792 20:50:21
4,5990 4,6326
4,3116 4,3458
4,7705 4,8049
5,3039 5,3386
793 20:51:21
4,5990 4,6325
4,3116 4,3454
4,7702 4,8044
5,3034 5,3380
794 20:52:21
4,5989 4,6324
4,3111 4,3452
4,7701 4,8044
5,3034 5,3380
795 20:53:20
4,5973 4,6311
4,3096 4,3440
4,7684 4,8029
5,3014 5,3364
796 20:54:20
4,5973 4,6311
4,3096 4,3440
4,7684 4,8029
5,3014 5,3364
797 20:55:20
4,5962 4,6321
4,3086 4,3449
4,7672 4,8040
5,3008 5,3381
798 20:56:20
4,5960 4,6321
4,3088 4,3449
4,7675 4,8045
5,3006 5,3382
799 20:57:21
4,5961 4,6321
4,3096 4,3457
4,7676 4,8049
5,3013 5,3387
800 20:58:21
4,5960 4,6321
4,3101 4,3463
4,7681 4,8050
5,3013 5,3389
801 20:59:21
4,5970 4,6309
4,3111 4,3455
4,7691 4,8037
5,3023 5,3374
802 21:00:21
4,5970 4,6309
4,3118 4,3459
4,7691 4,8037
5,3017 5,3368
803 21:01:21
4,5970 4,6309
4,3123 4,3467
4,7696 4,8042
5,3023 5,3374
804 21:02:21
4,5970 4,6309
4,3126 4,3471
4,7692 4,8043
5,3024 5,3374
805 21:03:21
4,5970 4,6309
4,3118 4,3463
4,7691 4,8037
5,3029 5,3380
806 21:04:20
4,5971 4,6311
4,3110 4,3455
4,7682 4,8029
5,3024 5,3376
807 21:05:20
4,5971 4,6311
4,3114 4,3459
4,7682 4,8029
5,3023 5,3374
808 21:06:21
4,5971 4,6311
4,3119 4,3465
4,7687 4,8034
5,3028 5,3381
809 21:07:21
4,5971 4,6311
4,3114 4,3459
4,7687 4,8034
5,3030 5,3382
810 21:08:21
4,5971 4,6311
4,3110 4,3455
4,7687 4,8034
5,3029 5,3378
811 21:09:21
4,5971 4,6311
4,3110 4,3455
4,7687 4,8034
5,3030 5,3382
812 21:10:21
4,5971 4,6311
4,3106 4,3451
4,7687 4,8034
5,3024 5,3376
813 21:11:20
4,5960 4,6321
4,3097 4,3463
4,7671 4,8046
5,3019 5,3395
814 21:12:20
4,5970 4,6309
4,3107 4,3449
4,7681 4,8027
5,3029 5,3380
815 21:13:21
4,5949 4,6298
4,3083 4,3437
4,7660 4,8017
5,3000 5,3368
816 21:14:21
4,5953 4,6291
4,3086 4,3430
4,7663 4,8008
5,3009 5,3358
817 21:15:21
4,5950 4,6286
4,3083 4,3421
4,7660 4,8003
5,2999 5,3352
818 21:16:21
4,5950 4,6284
4,3079 4,3419
4,7660 4,8001
5,2999 5,3344
819 21:17:21
4,5949 4,6284
4,3078 4,3419
4,7659 4,8001
5,3000 5,3340
820 21:18:21
4,5949 4,6284
4,3074 4,3415
4,7659 4,8001
5,2994 5,3340
821 21:19:20
4,5946 4,6290
4,3075 4,3425
4,7661 4,8012
5,2994 5,3351
822 21:20:20
4,5946 4,6290
4,3079 4,3429
4,7666 4,8017
5,2994 5,3351
823 21:21:20
4,5950 4,6284
4,3083 4,3423
4,7673 4,8015
5,2999 5,3344
824 21:22:21
4,5950 4,6284
4,3083 4,3423
4,7669 4,8011
5,2999 5,3344
825 21:23:21
4,5947 4,6283
4,3084 4,3426
4,7672 4,8015
5,2996 5,3344
826 21:24:21
4,5945 4,6282
4,3082 4,3421
4,7670 4,8014
5,2994 5,3343
827 21:25:21
4,5945 4,6282
4,3078 4,3421
4,7670 4,8014
5,2994 5,3343
828 21:26:21
4,5945 4,6282
4,3074 4,3413
4,7666 4,8015
5,2994 5,3343
829 21:27:20
4,5945 4,6282
4,3077 4,3420
4,7668 4,8014
5,2994 5,3343
830 21:28:20
4,5946 4,6284
4,3075 4,3419
4,7671 4,8016
5,2995 5,3345
831 21:29:20
4,5945 4,6283
4,3078 4,3422
4,7670 4,8015
5,2994 5,3344
832 21:30:21
4,5950 4,6284
4,3089 4,3426
4,7675 4,8016
5,2999 5,3344
833 21:31:20
4,5949 4,6284
4,3082 4,3423
4,7674 4,8016
5,3006 5,3352
834 21:32:21
4,5946 4,6281
4,3087 4,3428
4,7671 4,8013
5,3007 5,3349
835 21:33:21
4,5945 4,6278
4,3086 4,3425
4,7670 4,8010
5,3001 5,3345
836 21:34:21
4,5943 4,6279
4,3084 4,3426
4,7663 4,8006
5,2997 5,3344
837 21:35:21
4,5940 4,6276
4,3080 4,3423
4,7660 4,8003
5,2994 5,3342
838 21:36:21
4,5938 4,6275
4,3085 4,3427
4,7658 4,8002
5,2998 5,3347
839 21:37:20
4,5940 4,6276
4,3086 4,3424
4,7660 4,8003
5,3000 5,3347
840 21:38:20
4,5937 4,6274
4,3083 4,3426
4,7657 4,8001
5,2997 5,3346
841 21:39:21
4,5933 4,6288
4,3076 4,3436
4,7657 4,8021
5,2994 5,3364
842 21:40:21
4,5943 4,6279
4,3088 4,3430
4,7668 4,8011
5,3009 5,3356
843 21:41:21
4,5942 4,6278
4,3083 4,3425
4,7661 4,8009
5,3002 5,3349
844 21:42:21
4,5941 4,6277
4,3086 4,3424
4,7661 4,8004
5,3001 5,3348
845 21:43:21
4,5939 4,6275
4,3081 4,3423
4,7659 4,8002
5,2999 5,3347
846 21:44:21
4,5939 4,6274
4,3081 4,3423
4,7659 4,8001
5,3001 5,3347
847 21:45:21
4,5939 4,6274
4,3081 4,3419
4,7654 4,7996
5,3001 5,3347
848 21:46:21
4,5941 4,6282
4,3082 4,3425
4,7656 4,8004
5,3002 5,3355
849 21:47:20
4,5950 4,6289
4,3087 4,3432
4,7665 4,8011
5,3012 5,3363
850 21:48:20
4,5951 4,6292
4,3085 4,3427
4,7666 4,8014
5,3008 5,3359
851 21:49:20
4,5956 4,6296
4,3092 4,3438
4,7670 4,8018
5,3019 5,3371
852 21:50:20
4,5958 4,6297
4,3098 4,3443
4,7674 4,8021
5,3023 5,3373
853 21:51:21
4,5961 4,6301
4,3101 4,3447
4,7676 4,8023
5,3024 5,3369
854 21:52:21
4,5962 4,6302
4,3106 4,3452
4,7676 4,8024
5,3026 5,3378
855 21:53:21
4,5963 4,6301
4,3107 4,3450
4,7677 4,8023
5,3027 5,3377
856 21:54:21
4,5963 4,6301
4,3107 4,3447
4,7677 4,8023
5,3027 5,3377
857 21:55:21
4,5963 4,6301
4,3107 4,3447
4,7677 4,8023
5,3027 5,3377
858 21:56:21
4,5962 4,6300
4,3109 4,3452
4,7677 4,8028
5,3032 5,3376
859 21:57:21
4,5962 4,6300
4,3110 4,3450
4,7681 4,8027
5,3032 5,3382
860 21:58:21
4,5961 4,6300
4,3113 4,3456
4,7681 4,8033
5,3031 5,3382
861 21:59:20
4,5962 4,6301
4,3118 4,3459
4,7678 4,8025
5,3038 5,3389
862 22:00:20
4,5966 4,6306
4,3122 4,3468
4,7680 4,8028
5,3037 5,3389
863 22:01:20
4,5960 4,6298
4,3116 4,3460
4,7669 4,8015
5,3030 5,3380
864 22:02:20
4,5945 4,6288
4,3106 4,3451
4,7655 4,8005
5,3012 5,3368
865 22:03:22
4,5964 4,6306
4,3116 4,3460
4,7670 4,8019
5,3033 5,3388
866 22:04:20
4,5964 4,6305
4,3120 4,3463
4,7665 4,8013
5,3035 5,3388
867 22:05:21
4,5970 4,6309
4,3122 4,3467
4,7671 4,8017
5,3043 5,3393
868 22:06:21
4,5970 4,6309
4,3122 4,3467
4,7671 4,8017
5,3041 5,3392
Connection error x5
