#======================
2023-4-6
# 1.EUR, 2.USD, 3.CHF, 4.GBP
Sell Price, Buy Price
1 08:59
4,6646 4,6975
4,2789 4,3115
4,7138 4,7473
5,3356 5,3695
2 09:00
4,6646 4,6975
4,2792 4,3118
4,7137 4,7472
5,3355 5,3694
3 09:01
4,6646 4,6975
4,2790 4,3116
4,7141 4,7476
5,3348 5,3687
4 09:02
4,6653 4,6982
4,2803 4,3129
4,7154 4,7489
5,3363 5,3702
5 09:03
4,6655 4,6984
4,2789 4,3115
4,7157 4,7492
5,3369 5,3708
6 09:04
4,6655 4,6984
4,2797 4,3123
4,7170 4,7505
5,3368 5,3707
7 09:05
4,6654 4,6983
4,2780 4,3106
4,7169 4,7504
5,3361 5,3700
8 09:06
4,6654 4,6983
4,2760 4,3086
4,7179 4,7516
5,3365 5,3705
9 09:07
4,6653 4,6982
4,2763 4,3089
4,7183 4,7520
5,3358 5,3698
10 09:08
4,6644 4,6973
4,2757 4,3083
4,7172 4,7509
5,3342 5,3682
11 09:09
4,6647 4,6976
4,2764 4,3090
4,7182 4,7519
5,3342 5,3682
12 09:10
4,6646 4,6975
4,2747 4,3073
4,7174 4,7511
5,3331 5,3671
13 09:11
4,6638 4,6967
4,2748 4,3074
4,7182 4,7516
5,3331 5,3672
14 09:12
4,6642 4,6971
4,2743 4,3069
4,7180 4,7514
5,3335 5,3676
15 09:13
4,6642 4,6971
4,2743 4,3069
4,7180 4,7514
5,3335 5,3676
16 09:14
4,6642 4,6971
4,2736 4,3062
4,7173 4,7507
5,3336 5,3677
17 09:15
4,6637 4,6966
4,2730 4,3056
4,7161 4,7495
5,3329 5,3670
18 09:16
4,6638 4,6966
4,2741 4,3067
4,7178 4,7512
5,3342 5,3682
19 09:17
4,6638 4,6966
4,2750 4,3076
4,7179 4,7513
5,3343 5,3683
20 09:18
4,6643 4,6971
4,2758 4,3084
4,7183 4,7517
5,3354 5,3694
21 09:19
4,6653 4,6981
4,2766 4,3092
4,7195 4,7529
5,3364 5,3704
22 09:20
4,6652 4,6980
4,2751 4,3077
4,7179 4,7513
5,3368 5,3708
23 09:21
4,6652 4,6980
4,2741 4,3067
4,7178 4,7515
5,3375 5,3714
24 09:22
4,6656 4,6984
4,2750 4,3076
4,7198 4,7535
5,3385 5,3724
25 09:23
4,6656 4,6984
4,2755 4,3081
4,7192 4,7529
5,3387 5,3726
26 09:24
4,6657 4,6985
4,2757 4,3083
4,7189 4,7526
5,3387 5,3726
27 09:25
4,6655 4,6983
4,2755 4,3081
4,7209 4,7546
5,3384 5,3723
28 09:26
4,6660 4,6988
4,2754 4,3080
4,7211 4,7545
5,3401 5,3741
29 09:27
4,6662 4,6990
4,2757 4,3083
4,7212 4,7546
5,3407 5,3747
30 09:28
4,6657 4,6985
4,2750 4,3076
4,7208 4,7542
5,3402 5,3742
31 09:29
4,6662 4,6990
4,2758 4,3084
4,7213 4,7547
5,3404 5,3744
32 09:30
4,6664 4,6992
4,2763 4,3089
4,7221 4,7555
5,3396 5,3736
33 09:31
4,6662 4,6990
4,2756 4,3082
4,7227 4,7561
5,3398 5,3738
34 09:32
4,6663 4,6991
4,2758 4,3084
4,7237 4,7571
5,3402 5,3742
35 09:33
4,6670 4,6998
4,2779 4,3105
4,7235 4,7569
5,3411 5,3751
36 09:34
4,6660 4,6988
4,2766 4,3092
4,7221 4,7555
5,3400 5,3740
37 09:35
4,6662 4,6990
4,2758 4,3084
4,7226 4,7560
5,3404 5,3744
38 09:36
4,6667 4,6995
4,2762 4,3088
4,7237 4,7571
5,3407 5,3746
39 09:37
4,6677 4,7005
4,2781 4,3107
4,7251 4,7585
5,3425 5,3764
40 09:38
4,6680 4,7008
4,2784 4,3110
4,7279 4,7613
5,3419 5,3758
41 09:39
4,6678 4,7006
4,2794 4,3120
4,7286 4,7620
5,3420 5,3759
42 09:40
4,6673 4,7001
4,2791 4,3117
4,7286 4,7620
5,3417 5,3756
43 09:41
4,6671 4,6999
4,2794 4,3120
4,7289 4,7623
5,3414 5,3754
44 09:42
4,6667 4,6995
4,2796 4,3122
4,7285 4,7619
5,3407 5,3747
45 09:43
4,6671 4,6999
4,2794 4,3120
4,7285 4,7619
5,3406 5,3746
46 09:44
4,6677 4,7005
4,2787 4,3113
4,7297 4,7631
5,3395 5,3735
47 09:45
4,6679 4,7007
4,2789 4,3115
4,7317 4,7651
5,3398 5,3738
48 09:46
4,6682 4,7010
4,2787 4,3113
4,7304 4,7641
5,3400 5,3739
49 09:47
4,6679 4,7007
4,2790 4,3116
4,7316 4,7653
5,3396 5,3735
50 09:48
4,6678 4,7006
4,2785 4,3111
4,7314 4,7651
5,3395 5,3734
51 09:49
4,6679 4,7007
4,2784 4,3110
4,7322 4,7659
5,3393 5,3732
52 09:50
4,6692 4,7020
4,2798 4,3124
4,7327 4,7664
5,3417 5,3756
53 09:51
4,6692 4,7021
4,2801 4,3127
4,7336 4,7673
5,3429 5,3770
54 09:52
4,6701 4,7030
4,2810 4,3136
4,7348 4,7685
5,3430 5,3771
55 09:53
4,6698 4,7027
4,2808 4,3134
4,7347 4,7684
5,3424 5,3765
56 09:54
4,6706 4,7035
4,2819 4,3145
4,7350 4,7687
5,3435 5,3776
57 09:55
4,6706 4,7035
4,2818 4,3144
4,7342 4,7679
5,3442 5,3783
58 09:56
4,6707 4,7036
4,2827 4,3153
4,7346 4,7680
5,3447 5,3788
59 09:57
4,6704 4,7033
4,2824 4,3150
4,7335 4,7669
5,3446 5,3787
60 09:58
4,6709 4,7038
4,2823 4,3149
4,7328 4,7662
5,3433 5,3774
61 09:59
4,6699 4,7028
4,2821 4,3147
4,7322 4,7656
5,3422 5,3763
62 10:00
4,6703 4,7032
4,2828 4,3154
4,7316 4,7650
5,3423 5,3764
63 10:01
4,6706 4,7035
4,2844 4,3170
4,7330 4,7664
5,3431 5,3772
64 10:02
4,6709 4,7038
4,2846 4,3172
4,7318 4,7652
5,3427 5,3768
65 10:03
4,6713 4,7042
4,2854 4,3180
4,7327 4,7661
5,3435 5,3776
66 10:04
4,6716 4,7045
4,2847 4,3173
4,7326 4,7660
5,3445 5,3786
67 10:05
4,6730 4,7059
4,2842 4,3168
4,7337 4,7671
5,3461 5,3802
68 10:06
4,6729 4,7058
4,2837 4,3163
4,7332 4,7669
5,3457 5,3798
69 10:07
4,6732 4,7061
4,2858 4,3184
4,7338 4,7675
5,3463 5,3804
70 10:08
4,6734 4,7063
4,2861 4,3187
4,7351 4,7688
5,3486 5,3827
71 10:09
4,6730 4,7059
4,2849 4,3175
4,7357 4,7694
5,3481 5,3822
72 10:10
4,6728 4,7057
4,2853 4,3179
4,7360 4,7697
5,3476 5,3817
73 10:11
4,6730 4,7059
4,2851 4,3177
4,7368 4,7704
5,3493 5,3836
74 10:12
4,6749 4,7078
4,2875 4,3201
4,7403 4,7739
5,3512 5,3855
75 10:13
4,6733 4,7062
4,2864 4,3190
4,7387 4,7723
5,3496 5,3839
76 10:14
4,6741 4,7070
4,2876 4,3202
4,7393 4,7729
5,3494 5,3837
77 10:15
4,6734 4,7063
4,2871 4,3197
4,7385 4,7721
5,3485 5,3828
78 10:16
4,6735 4,7063
4,2872 4,3198
4,7390 4,7726
5,3494 5,3835
79 10:17
4,6726 4,7054
4,2863 4,3189
4,7384 4,7720
5,3492 5,3833
80 10:18
4,6724 4,7052
4,2856 4,3182
4,7380 4,7716
5,3490 5,3831
81 10:19
4,6724 4,7052
4,2864 4,3190
4,7390 4,7726
5,3481 5,3822
82 10:20
4,6721 4,7049
4,2865 4,3191
4,7387 4,7723
5,3472 5,3813
83 10:21
4,6721 4,7050
4,2863 4,3189
4,7387 4,7723
5,3475 5,3816
84 10:22
4,6719 4,7048
4,2871 4,3197
4,7385 4,7721
5,3472 5,3813
85 10:23
4,6727 4,7056
4,2883 4,3209
4,7391 4,7727
5,3479 5,3820
86 10:24
4,6728 4,7057
4,2889 4,3215
4,7394 4,7730
5,3482 5,3823
87 10:25
4,6731 4,7060
4,2886 4,3212
4,7390 4,7726
5,3477 5,3818
88 10:26
4,6731 4,7059
4,2890 4,3216
4,7391 4,7726
5,3474 5,3814
89 10:27
4,6723 4,7051
4,2880 4,3206
4,7380 4,7715
5,3467 5,3807
90 10:28
4,6722 4,7050
4,2877 4,3203
4,7379 4,7714
5,3466 5,3806
91 10:29
4,6722 4,7050
4,2876 4,3202
4,7377 4,7712
5,3466 5,3806
92 10:30
4,6721 4,7049
4,2882 4,3208
4,7378 4,7713
5,3462 5,3802
93 10:31
4,6720 4,7049
4,2892 4,3218
4,7382 4,7717
5,3446 5,3786
94 10:32
4,6727 4,7056
4,2901 4,3227
4,7390 4,7725
5,3449 5,3789
95 10:33
4,6726 4,7055
4,2887 4,3213
4,7392 4,7727
5,3449 5,3789
96 10:34
4,6722 4,7051
4,2880 4,3206
4,7396 4,7731
5,3444 5,3784
97 10:35
4,6726 4,7055
4,2887 4,3213
4,7407 4,7742
5,3443 5,3783
98 10:36
4,6720 4,7048
4,2886 4,3212
4,7397 4,7731
5,3440 5,3780
99 10:37
4,6717 4,7045
4,2880 4,3206
4,7394 4,7728
5,3427 5,3767
100 10:38
4,6713 4,7041
4,2873 4,3199
4,7384 4,7718
5,3416 5,3756
101 10:39
4,6712 4,7040
4,2873 4,3199
4,7394 4,7728
5,3416 5,3756
102 10:40
4,6710 4,7038
4,2866 4,3192
4,7393 4,7727
5,3413 5,3753
103 10:41
4,6708 4,7036
4,2869 4,3195
4,7394 4,7728
5,3414 5,3755
104 10:42
4,6709 4,7037
4,2870 4,3196
4,7401 4,7735
5,3427 5,3768
105 10:43
4,6707 4,7035
4,2860 4,3186
4,7391 4,7725
5,3423 5,3764
106 10:44
4,6702 4,7030
4,2844 4,3170
4,7369 4,7703
5,3411 5,3752
107 10:45
4,6701 4,7029
4,2846 4,3172
4,7362 4,7696
5,3403 5,3744
108 10:46
4,6698 4,7026
4,2850 4,3176
4,7353 4,7687
5,3396 5,3736
109 10:47
4,6695 4,7023
4,2847 4,3173
4,7345 4,7679
5,3398 5,3738
110 10:48
4,6702 4,7030
4,2844 4,3170
4,7354 4,7688
5,3407 5,3747
111 10:49
4,6697 4,7025
4,2845 4,3171
4,7352 4,7686
5,3407 5,3747
112 10:50
4,6699 4,7027
4,2852 4,3178
4,7360 4,7694
5,3415 5,3755
113 10:51
4,6698 4,7026
4,2848 4,3174
4,7357 4,7691
5,3405 5,3745
114 10:52
4,6702 4,7030
4,2858 4,3184
4,7362 4,7696
5,3411 5,3751
115 10:53
4,6701 4,7029
4,2864 4,3190
4,7365 4,7699
5,3421 5,3761
116 10:54
4,6700 4,7028
4,2864 4,3190
4,7367 4,7701
5,3430 5,3770
117 10:55
4,6700 4,7028
4,2856 4,3182
4,7361 4,7695
5,3425 5,3765
118 10:56
4,6702 4,7031
4,2857 4,3183
4,7371 4,7709
5,3430 5,3771
119 10:57
4,6705 4,7034
4,2861 4,3187
4,7390 4,7728
5,3442 5,3783
120 10:58
4,6702 4,7031
4,2858 4,3184
4,7368 4,7706
5,3448 5,3789
121 10:59
4,6707 4,7036
4,2864 4,3190
4,7364 4,7702
5,3458 5,3799
122 11:00
4,6708 4,7037
4,2862 4,3188
4,7364 4,7702
5,3464 5,3805
123 11:01
4,6700 4,7029
4,2857 4,3183
4,7349 4,7683
5,3461 5,3802
124 11:02
4,6697 4,7026
4,2854 4,3180
4,7346 4,7680
5,3452 5,3793
125 11:03
4,6695 4,7024
4,2854 4,3180
4,7349 4,7683
5,3449 5,3790
126 11:04
4,6686 4,7015
4,2842 4,3168
4,7334 4,7668
5,3436 5,3777
127 11:05
4,6687 4,7016
4,2842 4,3168
4,7337 4,7671
5,3442 5,3783
128 11:06
4,6690 4,7018
4,2831 4,3157
4,7328 4,7662
5,3448 5,3787
129 11:07
4,6687 4,7015
4,2828 4,3154
4,7317 4,7651
5,3449 5,3788
130 11:08
4,6685 4,7013
4,2826 4,3152
4,7303 4,7637
5,3443 5,3782
131 11:09
4,6692 4,7020
4,2835 4,3161
4,7310 4,7644
5,3442 5,3781
132 11:10
4,6703 4,7031
4,2855 4,3181
4,7322 4,7656
5,3459 5,3798
133 11:11
4,6709 4,7038
4,2861 4,3187
4,7319 4,7657
5,3456 5,3797
134 11:12
4,6709 4,7038
4,2865 4,3191
4,7322 4,7660
5,3462 5,3803
135 11:13
4,6711 4,7040
4,2870 4,3196
4,7331 4,7669
5,3467 5,3808
136 11:14
4,6712 4,7041
4,2869 4,3195
4,7344 4,7682
5,3465 5,3806
137 11:15
4,6712 4,7041
4,2870 4,3196
4,7347 4,7685
5,3459 5,3800
138 11:16
4,6712 4,7040
4,2875 4,3201
4,7345 4,7679
5,3457 5,3798
139 11:17
4,6709 4,7037
4,2865 4,3191
4,7346 4,7680
5,3457 5,3798
140 11:18
4,6709 4,7037
4,2867 4,3193
4,7335 4,7669
5,3457 5,3798
141 11:19
4,6709 4,7037
4,2867 4,3193
4,7332 4,7666
5,3455 5,3796
142 11:20
4,6706 4,7034
4,2875 4,3201
4,7330 4,7664
5,3455 5,3796
143 11:21
4,6710 4,7038
4,2886 4,3212
4,7343 4,7679
5,3450 5,3789
144 11:22
4,6709 4,7037
4,2875 4,3201
4,7339 4,7675
5,3439 5,3778
145 11:23
4,6713 4,7041
4,2889 4,3215
4,7349 4,7685
5,3448 5,3787
146 11:24
4,6710 4,7038
4,2882 4,3208
4,7338 4,7674
5,3447 5,3786
147 11:25
4,6702 4,7030
4,2866 4,3192
4,7326 4,7662
5,3440 5,3779
148 11:26
4,6706 4,7035
4,2869 4,3195
4,7327 4,7666
5,3445 5,3786
149 11:27
4,6706 4,7035
4,2873 4,3199
4,7332 4,7671
5,3445 5,3786
150 11:28
4,6708 4,7037
4,2870 4,3196
4,7329 4,7668
5,3436 5,3777
151 11:29
4,6706 4,7035
4,2873 4,3199
4,7332 4,7671
5,3436 5,3777
152 11:30
4,6703 4,7032
4,2869 4,3195
4,7327 4,7666
5,3423 5,3764
153 11:31
4,6703 4,7031
4,2871 4,3197
4,7330 4,7665
5,3420 5,3761
154 11:32
4,6700 4,7028
4,2864 4,3190
4,7328 4,7663
5,3423 5,3764
155 11:33
4,6700 4,7028
4,2864 4,3190
4,7323 4,7658
5,3420 5,3761
156 11:34
4,6700 4,7028
4,2862 4,3188
4,7320 4,7655
5,3426 5,3767
157 11:35
4,6703 4,7031
4,2862 4,3188
4,7322 4,7657
5,3427 5,3768
158 11:36
4,6707 4,7036
4,2866 4,3192
4,7327 4,7665
5,3435 5,3775
159 11:37
4,6707 4,7036
4,2870 4,3196
4,7333 4,7671
5,3429 5,3769
160 11:38
4,6706 4,7035
4,2867 4,3193
4,7327 4,7665
5,3422 5,3762
161 11:39
4,6706 4,7035
4,2867 4,3193
4,7327 4,7665
5,3425 5,3765
162 11:40
4,6699 4,7028
4,2858 4,3184
4,7317 4,7655
5,3416 5,3756
163 11:41
4,6695 4,7025
4,2851 4,3177
4,7313 4,7651
5,3411 5,3751
164 11:42
4,6700 4,7030
4,2857 4,3183
4,7313 4,7651
5,3416 5,3756
165 11:43
4,6698 4,7028
4,2855 4,3181
4,7316 4,7654
5,3420 5,3760
166 11:44
4,6699 4,7029
4,2854 4,3180
4,7312 4,7650
5,3421 5,3761
167 11:45
4,6697 4,7027
4,2846 4,3172
4,7305 4,7643
5,3420 5,3760
168 11:46
4,6699 4,7028
4,2843 4,3169
4,7303 4,7638
5,3416 5,3755
169 11:47
4,6697 4,7026
4,2839 4,3165
4,7291 4,7626
5,3420 5,3759
170 11:48
4,6703 4,7032
4,2846 4,3172
4,7292 4,7627
5,3427 5,3766
171 11:49
4,6705 4,7034
4,2850 4,3176
4,7290 4,7625
5,3430 5,3769
172 11:50
4,6705 4,7034
4,2847 4,3173
4,7290 4,7625
5,3430 5,3769
173 11:51
4,6704 4,7032
4,2831 4,3157
4,7279 4,7613
5,3422 5,3761
174 11:52
4,6703 4,7031
4,2825 4,3151
4,7278 4,7612
5,3406 5,3745
175 11:53
4,6705 4,7033
4,2822 4,3148
4,7282 4,7616
5,3411 5,3750
176 11:54
4,6704 4,7032
4,2819 4,3145
4,7276 4,7610
5,3407 5,3746
177 11:55
4,6704 4,7032
4,2821 4,3147
4,7279 4,7613
5,3407 5,3746
178 11:56
4,6704 4,7033
4,2819 4,3145
4,7274 4,7609
5,3394 5,3733
179 11:57
4,6704 4,7033
4,2820 4,3146
4,7280 4,7615
5,3393 5,3732
180 11:58
4,6704 4,7033
4,2816 4,3142
4,7279 4,7614
5,3380 5,3719
181 11:59
4,6705 4,7034
4,2818 4,3144
4,7277 4,7612
5,3374 5,3713
182 12:00
4,6706 4,7035
4,2821 4,3147
4,7276 4,7611
5,3381 5,3720
183 12:01
4,6707 4,7035
4,2842 4,3168
4,7294 4,7632
5,3382 5,3721
184 12:02
4,6708 4,7036
4,2846 4,3172
4,7297 4,7635
5,3383 5,3722
185 12:03
4,6708 4,7036
4,2848 4,3174
4,7295 4,7633
5,3383 5,3722
186 12:04
4,6702 4,7030
4,2845 4,3171
4,7298 4,7636
5,3385 5,3724
187 12:05
4,6702 4,7030
4,2843 4,3169
4,7291 4,7629
5,3385 5,3724
188 12:06
4,6697 4,7026
4,2833 4,3159
4,7289 4,7624
5,3380 5,3721
189 12:07
4,6695 4,7024
4,2826 4,3152
4,7278 4,7613
5,3384 5,3725
190 12:08
4,6697 4,7026
4,2831 4,3157
4,7287 4,7622
5,3395 5,3736
191 12:09
4,6697 4,7026
4,2835 4,3161
4,7291 4,7626
5,3398 5,3739
192 12:10
4,6694 4,7023
4,2831 4,3157
4,7286 4,7621
5,3395 5,3736
193 12:11
4,6692 4,7020
4,2833 4,3159
4,7286 4,7621
5,3394 5,3733
194 12:12
4,6692 4,7020
4,2831 4,3157
4,7286 4,7621
5,3393 5,3732
195 12:13
4,6692 4,7020
4,2831 4,3157
4,7286 4,7621
5,3396 5,3735
196 12:14
4,6688 4,7016
4,2833 4,3159
4,7288 4,7623
5,3392 5,3731
197 12:15
4,6688 4,7016
4,2828 4,3154
4,7283 4,7618
5,3382 5,3721
198 12:16
4,6691 4,7019
4,2831 4,3157
4,7290 4,7625
5,3386 5,3725
199 12:17
4,6691 4,7019
4,2835 4,3161
4,7290 4,7625
5,3389 5,3728
200 12:18
4,6689 4,7017
4,2834 4,3160
4,7290 4,7625
5,3384 5,3723
201 12:19
4,6686 4,7014
4,2833 4,3159
4,7290 4,7625
5,3384 5,3723
202 12:20
4,6686 4,7014
4,2829 4,3155
4,7288 4,7623
5,3383 5,3722
203 12:21
4,6687 4,7015
4,2833 4,3159
4,7290 4,7625
5,3380 5,3721
204 12:22
4,6687 4,7015
4,2829 4,3155
4,7285 4,7620
5,3379 5,3720
205 12:23
4,6687 4,7015
4,2825 4,3151
4,7287 4,7622
5,3372 5,3713
206 12:24
4,6686 4,7014
4,2822 4,3148
4,7275 4,7610
5,3366 5,3707
207 12:25
4,6686 4,7014
4,2822 4,3148
4,7287 4,7622
5,3369 5,3710
208 12:26
4,6683 4,7010
4,2815 4,3141
4,7277 4,7612
5,3367 5,3706
209 12:27
4,6683 4,7010
4,2817 4,3143
4,7286 4,7621
5,3364 5,3703
210 12:28
4,6683 4,7010
4,2812 4,3138
4,7281 4,7616
5,3361 5,3700
211 12:29
4,6686 4,7013
4,2814 4,3140
4,7279 4,7614
5,3360 5,3699
212 12:30
4,6684 4,7011
4,2812 4,3138
4,7277 4,7612
5,3370 5,3709
213 12:31
4,6684 4,7013
4,2811 4,3137
4,7276 4,7611
5,3371 5,3712
214 12:32
4,6688 4,7017
4,2821 4,3147
4,7278 4,7613
5,3376 5,3717
215 12:33
4,6686 4,7015
4,2813 4,3139
4,7275 4,7610
5,3370 5,3711
216 12:34
4,6687 4,7016
4,2816 4,3142
4,7276 4,7611
5,3368 5,3709
217 12:35
4,6685 4,7014
4,2816 4,3142
4,7274 4,7609
5,3363 5,3704
218 12:36
4,6687 4,7015
4,2820 4,3146
4,7276 4,7611
5,3368 5,3709
219 12:37
4,6688 4,7016
4,2825 4,3151
4,7275 4,7610
5,3372 5,3713
220 12:38
4,6683 4,7011
4,2818 4,3144
4,7270 4,7605
5,3364 5,3705
221 12:39
4,6683 4,7011
4,2818 4,3144
4,7265 4,7600
5,3366 5,3707
222 12:40
4,6679 4,7007
4,2809 4,3135
4,7269 4,7604
5,3360 5,3701
223 12:41
4,6675 4,7003
4,2809 4,3135
4,7262 4,7600
5,3355 5,3695
224 12:42
4,6681 4,7009
4,2815 4,3141
4,7264 4,7602
5,3365 5,3705
225 12:43
4,6676 4,7004
4,2815 4,3141
4,7263 4,7601
5,3363 5,3703
226 12:44
4,6681 4,7009
4,2821 4,3147
4,7271 4,7609
5,3369 5,3709
227 12:45
4,6681 4,7009
4,2821 4,3147
4,7271 4,7609
5,3372 5,3712
228 12:46
4,6681 4,7010
4,2832 4,3158
4,7284 4,7619
5,3374 5,3714
229 12:47
4,6680 4,7009
4,2831 4,3157
4,7286 4,7621
5,3377 5,3717
230 12:48
4,6682 4,7011
4,2831 4,3157
4,7284 4,7619
5,3382 5,3722
231 12:49
4,6678 4,7007
4,2825 4,3151
4,7279 4,7614
5,3376 5,3716
232 12:50
4,6674 4,7003
4,2827 4,3153
4,7282 4,7617
5,3369 5,3709
233 12:51
4,6675 4,7003
4,2826 4,3152
4,7283 4,7617
5,3372 5,3714
234 12:52
4,6676 4,7004
4,2830 4,3156
4,7283 4,7617
5,3375 5,3717
235 12:53
4,6675 4,7003
4,2828 4,3154
4,7283 4,7617
5,3370 5,3712
236 12:54
4,6675 4,7003
4,2824 4,3150
4,7283 4,7617
5,3372 5,3714
237 12:55
4,6672 4,7000
4,2816 4,3142
4,7276 4,7610
5,3370 5,3712
238 12:56
4,6674 4,7003
4,2822 4,3148
4,7281 4,7616
5,3385 5,3725
239 12:57
4,6676 4,7005
4,2828 4,3154
4,7285 4,7620
5,3383 5,3723
240 12:58
4,6678 4,7007
4,2841 4,3167
4,7293 4,7628
5,3391 5,3731
241 12:59
4,6675 4,7004
4,2832 4,3158
4,7293 4,7628
5,3385 5,3725
242 13:00
4,6675 4,7004
4,2830 4,3156
4,7293 4,7628
5,3382 5,3722
243 13:01
4,6672 4,7001
4,2818 4,3144
4,7278 4,7617
5,3382 5,3721
244 13:02
4,6672 4,7001
4,2816 4,3142
4,7276 4,7615
5,3370 5,3709
245 13:03
4,6677 4,7006
4,2817 4,3143
4,7279 4,7618
5,3376 5,3715
246 13:04
4,6681 4,7010
4,2818 4,3144
4,7278 4,7617
5,3378 5,3717
247 13:05
4,6681 4,7010
4,2819 4,3145
4,7278 4,7617
5,3381 5,3720
248 13:06
4,6680 4,7009
4,2822 4,3148
4,7284 4,7623
5,3387 5,3726
249 13:07
4,6680 4,7009
4,2826 4,3152
4,7287 4,7626
5,3389 5,3728
250 13:08
4,6680 4,7009
4,2827 4,3153
4,7287 4,7626
5,3388 5,3727
251 13:09
4,6680 4,7009
4,2817 4,3143
4,7287 4,7626
5,3389 5,3728
252 13:10
4,6677 4,7006
4,2813 4,3139
4,7272 4,7611
5,3389 5,3728
253 13:11
4,6673 4,7001
4,2801 4,3127
4,7266 4,7601
5,3384 5,3723
254 13:12
4,6668 4,6996
4,2789 4,3115
4,7272 4,7607
5,3378 5,3717
255 13:13
4,6674 4,7002
4,2790 4,3116
4,7278 4,7613
5,3385 5,3724
256 13:14
4,6674 4,7002
4,2792 4,3118
4,7277 4,7612
5,3385 5,3724
257 13:15
4,6679 4,7007
4,2787 4,3113
4,7285 4,7620
5,3388 5,3727
258 13:16
4,6679 4,7007
4,2793 4,3119
4,7282 4,7617
5,3387 5,3726
259 13:17
4,6678 4,7006
4,2790 4,3116
4,7272 4,7607
5,3393 5,3732
260 13:18
4,6677 4,7005
4,2793 4,3119
4,7266 4,7601
5,3385 5,3724
261 13:19
4,6675 4,7003
4,2791 4,3117
4,7269 4,7604
5,3392 5,3731
262 13:20
4,6676 4,7004
4,2790 4,3116
4,7268 4,7603
5,3395 5,3734
263 13:21
4,6677 4,7005
4,2793 4,3119
4,7281 4,7619
5,3400 5,3741
264 13:22
4,6677 4,7005
4,2791 4,3117
4,7281 4,7619
5,3403 5,3744
265 13:23
4,6677 4,7005
4,2793 4,3119
4,7274 4,7612
5,3393 5,3734
266 13:24
4,6675 4,7003
4,2789 4,3115
4,7274 4,7612
5,3388 5,3729
267 13:25
4,6673 4,7001
4,2784 4,3110
4,7270 4,7608
5,3386 5,3727
268 13:26
4,6672 4,7001
4,2783 4,3109
4,7269 4,7607
5,3383 5,3724
269 13:27
4,6671 4,7000
4,2786 4,3112
4,7258 4,7596
5,3387 5,3728
270 13:28
4,6671 4,7000
4,2784 4,3110
4,7262 4,7600
5,3393 5,3734
271 13:29
4,6665 4,6994
4,2778 4,3104
4,7252 4,7590
5,3389 5,3730
272 13:30
4,6669 4,6998
4,2782 4,3108
4,7254 4,7592
5,3384 5,3725
273 13:31
4,6672 4,7000
4,2781 4,3107
4,7255 4,7594
5,3392 5,3731
274 13:32
4,6668 4,6996
4,2785 4,3111
4,7246 4,7585
5,3390 5,3729
275 13:33
4,6673 4,7001
4,2790 4,3116
4,7251 4,7590
5,3405 5,3744
276 13:34
4,6670 4,6998
4,2785 4,3111
4,7248 4,7587
5,3405 5,3744
277 13:35
4,6668 4,6996
4,2779 4,3105
4,7240 4,7579
5,3403 5,3742
278 13:36
4,6668 4,6997
4,2777 4,3103
4,7243 4,7578
5,3405 5,3746
279 13:37
4,6669 4,6998
4,2778 4,3104
4,7248 4,7583
5,3406 5,3747
280 13:38
4,6673 4,7002
4,2782 4,3108
4,7250 4,7585
5,3414 5,3755
281 13:39
4,6674 4,7003
4,2777 4,3103
4,7245 4,7580
5,3410 5,3751
282 13:40
4,6672 4,7001
4,2775 4,3101
4,7237 4,7572
5,3406 5,3747
283 13:41
4,6671 4,6999
4,2774 4,3100
4,7236 4,7570
5,3405 5,3745
284 13:42
4,6671 4,6999
4,2780 4,3106
4,7241 4,7575
5,3405 5,3745
285 13:43
4,6670 4,6998
4,2781 4,3107
4,7237 4,7571
5,3404 5,3744
286 13:44
4,6671 4,6999
4,2782 4,3108
4,7243 4,7577
5,3408 5,3748
287 13:45
4,6671 4,6999
4,2782 4,3108
4,7246 4,7580
5,3405 5,3745
288 13:46
4,6666 4,6994
4,2774 4,3100
4,7244 4,7582
5,3382 5,3722
289 13:47
4,6660 4,6988
4,2762 4,3088
4,7233 4,7571
5,3368 5,3708
290 13:48
4,6660 4,6988
4,2764 4,3090
4,7233 4,7571
5,3374 5,3714
291 13:49
4,6663 4,6991
4,2759 4,3085
4,7231 4,7569
5,3378 5,3718
292 13:50
4,6667 4,6995
4,2766 4,3092
4,7240 4,7578
5,3370 5,3710
293 13:51
4,6667 4,6996
4,2764 4,3090
4,7237 4,7575
5,3379 5,3719
294 13:52
4,6667 4,6996
4,2762 4,3088
4,7234 4,7572
5,3373 5,3713
295 13:53
4,6665 4,6994
4,2758 4,3084
4,7230 4,7568
5,3370 5,3710
296 13:54
4,6668 4,6997
4,2766 4,3092
4,7236 4,7574
5,3378 5,3718
297 13:55
4,6664 4,6993
4,2759 4,3085
4,7224 4,7562
5,3369 5,3709
298 13:56
4,6668 4,6996
4,2767 4,3093
4,7225 4,7560
5,3377 5,3718
299 13:57
4,6669 4,6997
4,2762 4,3088
4,7227 4,7562
5,3376 5,3717
300 13:58
4,6666 4,6994
4,2761 4,3087
4,7224 4,7559
5,3369 5,3710
301 13:59
4,6666 4,6994
4,2761 4,3087
4,7229 4,7564
5,3372 5,3713
302 14:00
4,6662 4,6990
4,2756 4,3082
4,7223 4,7558
5,3377 5,3718
303 14:01
4,6661 4,6989
4,2749 4,3075
4,7225 4,7560
5,3369 5,3711
304 14:02
4,6664 4,6992
4,2754 4,3080
4,7224 4,7559
5,3380 5,3722
305 14:03
4,6663 4,6991
4,2751 4,3077
4,7214 4,7549
5,3370 5,3712
306 14:04
4,6669 4,6997
4,2758 4,3084
4,7220 4,7555
5,3376 5,3718
307 14:05
4,6668 4,6996
4,2761 4,3087
4,7221 4,7556
5,3372 5,3714
308 14:06
4,6668 4,6996
4,2763 4,3089
4,7226 4,7560
5,3378 5,3717
309 14:07
4,6668 4,6996
4,2767 4,3093
4,7224 4,7558
5,3372 5,3711
310 14:08
4,6668 4,6996
4,2761 4,3087
4,7219 4,7553
5,3367 5,3706
311 14:09
4,6667 4,6995
4,2761 4,3087
4,7226 4,7560
5,3368 5,3707
312 14:10
4,6667 4,6995
4,2768 4,3094
4,7228 4,7562
5,3365 5,3704
313 14:11
4,6667 4,6995
4,2766 4,3092
4,7227 4,7561
5,3362 5,3704
314 14:12
4,6662 4,6990
4,2760 4,3086
4,7222 4,7556
5,3355 5,3697
315 14:13
4,6661 4,6989
4,2759 4,3085
4,7220 4,7554
5,3346 5,3688
316 14:14
4,6658 4,6986
4,2752 4,3078
4,7214 4,7548
5,3342 5,3684
317 14:15
4,6650 4,6978
4,2745 4,3071
4,7201 4,7535
5,3327 5,3669
318 14:16
4,6651 4,6979
4,2752 4,3078
4,7205 4,7541
5,3332 5,3671
319 14:17
4,6656 4,6984
4,2757 4,3083
4,7213 4,7549
5,3341 5,3680
320 14:18
4,6657 4,6985
4,2759 4,3085
4,7223 4,7559
5,3335 5,3674
321 14:19
4,6659 4,6987
4,2761 4,3087
4,7228 4,7564
5,3335 5,3674
322 14:20
4,6651 4,6979
4,2746 4,3072
4,7220 4,7556
5,3323 5,3662
323 14:21
4,6652 4,6980
4,2761 4,3087
4,7222 4,7556
5,3326 5,3668
324 14:22
4,6647 4,6975
4,2759 4,3085
4,7227 4,7561
5,3324 5,3666
325 14:23
4,6645 4,6973
4,2760 4,3086
4,7232 4,7566
5,3324 5,3666
326 14:24
4,6644 4,6972
4,2761 4,3087
4,7229 4,7563
5,3324 5,3666
327 14:25
4,6643 4,6971
4,2764 4,3090
4,7229 4,7563
5,3322 5,3664
328 14:26
4,6646 4,6976
4,2766 4,3092
4,7229 4,7563
5,3333 5,3675
329 14:27
4,6649 4,6979
4,2772 4,3098
4,7239 4,7573
5,3336 5,3678
330 14:28
4,6641 4,6971
4,2765 4,3091
4,7221 4,7555
5,3321 5,3663
331 14:29
4,6632 4,6962
4,2745 4,3071
4,7208 4,7542
5,3308 5,3650
332 14:30
4,6637 4,6967
4,2746 4,3072
4,7220 4,7554
5,3320 5,3662
333 14:31
4,6635 4,6965
4,2760 4,3086
4,7210 4,7545
5,3326 5,3666
334 14:32
4,6636 4,6966
4,2763 4,3089
4,7207 4,7542
5,3330 5,3670
335 14:33
4,6645 4,6975
4,2773 4,3099
4,7210 4,7545
5,3340 5,3680
336 14:34
4,6639 4,6969
4,2784 4,3110
4,7200 4,7535
5,3332 5,3672
337 14:35
4,6651 4,6981
4,2794 4,3120
4,7222 4,7557
5,3347 5,3687
338 14:36
4,6646 4,6974
4,2779 4,3105
4,7232 4,7568
5,3338 5,3680
339 14:37
4,6645 4,6973
4,2799 4,3125
4,7237 4,7573
5,3338 5,3680
340 14:38
4,6645 4,6973
4,2809 4,3135
4,7222 4,7558
5,3342 5,3684
341 14:39
4,6642 4,6970
4,2804 4,3130
4,7220 4,7556
5,3336 5,3678
342 14:40
4,6632 4,6960
4,2785 4,3111
4,7208 4,7544
5,3325 5,3667
343 14:41
4,6638 4,6967
4,2787 4,3113
4,7208 4,7542
5,3333 5,3674
344 14:42
4,6636 4,6965
4,2781 4,3107
4,7196 4,7530
5,3327 5,3668
345 14:43
4,6640 4,6969
4,2777 4,3103
4,7203 4,7537
5,3333 5,3674
346 14:44
4,6642 4,6971
4,2773 4,3099
4,7196 4,7530
5,3321 5,3662
347 14:45
4,6642 4,6971
4,2782 4,3108
4,7204 4,7538
5,3328 5,3669
348 14:46
4,6643 4,6972
4,2783 4,3109
4,7212 4,7546
5,3331 5,3670
349 14:47
4,6638 4,6967
4,2781 4,3107
4,7207 4,7541
5,3288 5,3627
350 14:48
4,6643 4,6972
4,2791 4,3117
4,7213 4,7547
5,3277 5,3616
351 14:49
4,6644 4,6973
4,2806 4,3132
4,7216 4,7550
5,3280 5,3619
352 14:50
4,6646 4,6975
4,2810 4,3136
4,7220 4,7554
5,3286 5,3625
353 14:51
4,6643 4,6973
4,2822 4,3148
4,7233 4,7568
5,3279 5,3619
354 14:52
4,6649 4,6979
4,2822 4,3148
4,7242 4,7577
5,3286 5,3626
355 14:53
4,6660 4,6990
4,2830 4,3156
4,7260 4,7595
5,3315 5,3655
356 14:54
4,6657 4,6987
4,2829 4,3155
4,7262 4,7597
5,3302 5,3642
357 14:55
4,6657 4,6987
4,2843 4,3169
4,7263 4,7598
5,3289 5,3629
358 14:56
4,6661 4,6989
4,2848 4,3174
4,7267 4,7601
5,3284 5,3623
359 14:57
4,6660 4,6988
4,2837 4,3163
4,7266 4,7600
5,3290 5,3629
360 14:58
4,6659 4,6987
4,2846 4,3172
4,7265 4,7599
5,3295 5,3634
361 14:59
4,6653 4,6981
4,2833 4,3159
4,7257 4,7591
5,3288 5,3627
362 15:00
4,6654 4,6982
4,2840 4,3166
4,7255 4,7589
5,3283 5,3622
363 15:01
4,6659 4,6989
4,2849 4,3175
4,7261 4,7595
5,3260 5,3602
364 15:02
4,6652 4,6982
4,2847 4,3173
4,7257 4,7591
5,3271 5,3613
365 15:03
4,6662 4,6992
4,2847 4,3173
4,7271 4,7605
5,3281 5,3623
366 15:04
4,6663 4,6993
4,2854 4,3180
4,7270 4,7604
5,3271 5,3613
367 15:05
4,6675 4,7005
4,2875 4,3201
4,7280 4,7614
5,3272 5,3614
368 15:06
4,6666 4,6996
4,2863 4,3189
4,7276 4,7614
5,3275 5,3617
369 15:07
4,6661 4,6991
4,2866 4,3192
4,7278 4,7616
5,3272 5,3614
370 15:08
4,6659 4,6989
4,2860 4,3186
4,7266 4,7604
5,3268 5,3610
371 15:09
4,6654 4,6984
4,2852 4,3178
4,7258 4,7596
5,3252 5,3594
372 15:10
4,6653 4,6983
4,2851 4,3177
4,7247 4,7585
5,3247 5,3589
373 15:11
4,6656 4,6985
4,2856 4,3182
4,7258 4,7597
5,3248 5,3587
374 15:12
4,6657 4,6986
4,2866 4,3192
4,7256 4,7595
5,3250 5,3589
375 15:13
4,6659 4,6988
4,2862 4,3188
4,7255 4,7594
5,3252 5,3591
376 15:14
4,6660 4,6989
4,2858 4,3184
4,7251 4,7590
5,3250 5,3589
377 15:15
4,6659 4,6988
4,2861 4,3187
4,7250 4,7589
5,3249 5,3588
378 15:16
4,6659 4,6989
4,2856 4,3182
4,7253 4,7587
5,3249 5,3588
379 15:17
4,6658 4,6988
4,2859 4,3185
4,7258 4,7592
5,3258 5,3597
380 15:18
4,6652 4,6982
4,2857 4,3183
4,7250 4,7584
5,3246 5,3585
381 15:19
4,6647 4,6977
4,2857 4,3183
4,7246 4,7580
5,3247 5,3586
382 15:20
4,6643 4,6973
4,2848 4,3174
4,7237 4,7571
5,3243 5,3582
383 15:21
4,6644 4,6973
4,2841 4,3167
4,7238 4,7576
5,3241 5,3583
384 15:22
4,6642 4,6971
4,2830 4,3156
4,7245 4,7583
5,3233 5,3575
385 15:23
4,6643 4,6972
4,2825 4,3151
4,7240 4,7578
5,3232 5,3574
386 15:24
4,6643 4,6972
4,2825 4,3151
4,7237 4,7575
5,3220 5,3562
387 15:25
4,6644 4,6973
4,2820 4,3146
4,7235 4,7573
5,3223 5,3565
388 15:26
4,6647 4,6975
4,2820 4,3146
4,7237 4,7575
5,3236 5,3578
389 15:27
4,6650 4,6978
4,2825 4,3151
4,7241 4,7579
5,3237 5,3579
390 15:28
4,6649 4,6977
4,2838 4,3164
4,7244 4,7582
5,3238 5,3580
391 15:29
4,6646 4,6974
4,2838 4,3164
4,7236 4,7574
5,3237 5,3579
392 15:30
4,6638 4,6966
4,2827 4,3153
4,7233 4,7571
5,3230 5,3572
393 15:31
4,6642 4,6970
4,2825 4,3151
4,7237 4,7575
5,3234 5,3573
394 15:32
4,6650 4,6978
4,2837 4,3163
4,7251 4,7589
5,3240 5,3579
395 15:33
4,6653 4,6981
4,2837 4,3163
4,7256 4,7594
5,3247 5,3586
396 15:34
4,6654 4,6982
4,2832 4,3158
4,7254 4,7592
5,3248 5,3587
397 15:35
4,6654 4,6982
4,2832 4,3158
4,7250 4,7588
5,3248 5,3587
398 15:36
4,6653 4,6981
4,2829 4,3155
4,7253 4,7587
5,3244 5,3584
399 15:37
4,6653 4,6981
4,2825 4,3151
4,7260 4,7594
5,3241 5,3581
400 15:38
4,6656 4,6984
4,2822 4,3148
4,7261 4,7595
5,3247 5,3587
401 15:39
4,6656 4,6984
4,2814 4,3140
4,7261 4,7595
5,3238 5,3578
402 15:40
4,6655 4,6983
4,2821 4,3147
4,7262 4,7596
5,3241 5,3581
403 15:41
4,6654 4,6984
4,2817 4,3143
4,7258 4,7596
5,3234 5,3574
404 15:42
4,6655 4,6985
4,2824 4,3150
4,7261 4,7599
5,3232 5,3572
405 15:43
4,6656 4,6986
4,2835 4,3161
4,7269 4,7607
5,3224 5,3564
406 15:44
4,6655 4,6985
4,2840 4,3166
4,7273 4,7611
5,3226 5,3566
407 15:45
4,6657 4,6987
4,2840 4,3166
4,7278 4,7616
5,3232 5,3572
408 15:46
4,6655 4,6983
4,2835 4,3161
4,7282 4,7616
5,3229 5,3568
409 15:47
4,6655 4,6983
4,2849 4,3175
4,7296 4,7630
5,3235 5,3574
410 15:48
4,6655 4,6983
4,2841 4,3167
4,7296 4,7630
5,3238 5,3577
411 15:49
4,6651 4,6979
4,2843 4,3169
4,7297 4,7631
5,3233 5,3572
412 15:50
4,6644 4,6972
4,2829 4,3155
4,7289 4,7623
5,3226 5,3565
413 15:51
4,6645 4,6973
4,2817 4,3143
4,7263 4,7601
5,3231 5,3570
414 15:52
4,6646 4,6974
4,2821 4,3147
4,7265 4,7603
5,3219 5,3558
415 15:53
4,6646 4,6974
4,2817 4,3143
4,7266 4,7604
5,3221 5,3560
416 15:54
4,6645 4,6973
4,2824 4,3150
4,7267 4,7605
5,3218 5,3557
417 15:55
4,6645 4,6973
4,2814 4,3140
4,7260 4,7598
5,3202 5,3541
418 15:56
4,6645 4,6973
4,2814 4,3140
4,7257 4,7595
5,3192 5,3532
419 15:57
4,6645 4,6973
4,2827 4,3153
4,7256 4,7594
5,3183 5,3523
420 15:58
4,6646 4,6974
4,2813 4,3139
4,7247 4,7585
5,3197 5,3537
421 15:59
4,6646 4,6974
4,2819 4,3145
4,7249 4,7587
5,3215 5,3555
422 16:00
4,6649 4,6977
4,2816 4,3142
4,7251 4,7589
5,3211 5,3551
423 16:01
4,6648 4,6976
4,2821 4,3147
4,7251 4,7589
5,3210 5,3550
424 16:02
4,6646 4,6974
4,2825 4,3151
4,7254 4,7592
5,3203 5,3543
425 16:03
4,6643 4,6971
4,2810 4,3136
4,7246 4,7584
5,3189 5,3529
426 16:04
4,6642 4,6970
4,2808 4,3134
4,7240 4,7578
5,3189 5,3529
427 16:05
4,6642 4,6970
4,2800 4,3126
4,7233 4,7571
5,3186 5,3526
428 16:06
4,6639 4,6968
4,2783 4,3109
4,7227 4,7565
5,3186 5,3526
429 16:07
4,6640 4,6969
4,2779 4,3105
4,7227 4,7565
5,3184 5,3524
430 16:08
4,6639 4,6968
4,2770 4,3096
4,7225 4,7563
5,3195 5,3535
431 16:09
4,6637 4,6966
4,2754 4,3080
4,7224 4,7562
5,3190 5,3530
432 16:10
4,6638 4,6967
4,2757 4,3083
4,7223 4,7561
5,3177 5,3517
433 16:11
4,6638 4,6967
4,2758 4,3084
4,7213 4,7552
5,3175 5,3515
434 16:12
4,6639 4,6968
4,2751 4,3077
4,7207 4,7546
5,3172 5,3512
