#======================
2023-8-17
# 1.EUR, 2.USD, 3.CHF, 4.GBP
Sell Price, Buy Price
1 11:33
4,4534 4,4858
4,0974 4,1297
4,6590 4,6919
5,2119 5,2453
2 11:34
4,4545 4,4869
4,0993 4,1316
4,6603 4,6932
5,2128 5,2462
3 11:35
4,4534 4,4858
4,0987 4,1310
4,6596 4,6925
5,2121 5,2455
4 11:36
4,4530 4,4853
4,0982 4,1305
4,6598 4,6927
5,2118 5,2452
5 11:37
4,4529 4,4852
4,0980 4,1303
4,6596 4,6925
5,2120 5,2454
6 11:38
4,4523 4,4846
4,0974 4,1297
4,6591 4,6920
5,2113 5,2447
7 11:39
4,4517 4,4840
4,0966 4,1289
4,6582 4,6911
5,2099 5,2433
8 11:40
4,4512 4,4835
4,0961 4,1284
4,6578 4,6907
5,2098 5,2432
9 11:41
4,4507 4,4831
4,0963 4,1286
4,6574 4,6903
5,2091 5,2425
10 11:42
4,4523 4,4847
4,0975 4,1298
4,6592 4,6921
5,2115 5,2449
11 11:43
4,4516 4,4840
4,0965 4,1288
4,6584 4,6913
5,2110 5,2444
12 11:44
4,4506 4,4830
4,0956 4,1279
4,6574 4,6903
5,2098 5,2432
13 11:45
4,4518 4,4842
4,0957 4,1280
4,6588 4,6917
5,2112 5,2446
14 11:46
4,4515 4,4839
4,0958 4,1281
4,6586 4,6915
5,2109 5,2443
15 11:47
4,4509 4,4833
4,0949 4,1272
4,6572 4,6901
5,2095 5,2429
16 11:48
4,4482 4,4806
4,0914 4,1237
4,6547 4,6876
5,2065 5,2399
17 11:49
4,4479 4,4803
4,0913 4,1236
4,6544 4,6873
5,2060 5,2394
18 11:50
4,4482 4,4806
4,0920 4,1243
4,6543 4,6872
5,2068 5,2402
19 11:51
4,4478 4,4801
4,0919 4,1242
4,6539 4,6869
5,2066 5,2400
20 11:52
4,4480 4,4803
4,0919 4,1242
4,6544 4,6874
5,2069 5,2403
21 11:53
4,4482 4,4805
4,0924 4,1247
4,6545 4,6875
5,2063 5,2397
22 11:54
4,4499 4,4822
4,0943 4,1266
4,6555 4,6885
5,2077 5,2411
23 11:55
4,4479 4,4802
4,0924 4,1247
4,6535 4,6865
5,2059 5,2393
24 11:56
4,4472 4,4795
4,0910 4,1233
4,6521 4,6851
5,2053 5,2387
25 11:57
4,4471 4,4794
4,0907 4,1230
4,6519 4,6849
5,2051 5,2385
26 11:58
4,4445 4,4768
4,0882 4,1205
4,6495 4,6825
5,2025 5,2359
27 11:59
4,4446 4,4769
4,0881 4,1204
4,6493 4,6823
5,2025 5,2359
28 12:00
4,4451 4,4774
4,0876 4,1199
4,6490 4,6820
5,2033 5,2367
29 12:01
4,4457 4,4781
4,0881 4,1204
4,6503 4,6833
5,2054 5,2388
30 12:02
4,4464 4,4788
4,0884 4,1207
4,6519 4,6849
5,2065 5,2399
31 12:03
4,4481 4,4805
4,0904 4,1227
4,6535 4,6865
5,2088 5,2422
32 12:04
4,4485 4,4809
4,0906 4,1229
4,6538 4,6868
5,2091 5,2425
33 12:05
4,4478 4,4802
4,0890 4,1213
4,6529 4,6859
5,2081 5,2415
34 12:06
4,4473 4,4797
4,0889 4,1212
4,6519 4,6848
5,2071 5,2405
35 12:07
4,4470 4,4794
4,0892 4,1215
4,6513 4,6842
5,2063 5,2397
36 12:08
4,4469 4,4793
4,0890 4,1213
4,6512 4,6841
5,2071 5,2405
37 12:09
4,4467 4,4791
4,0882 4,1205
4,6512 4,6841
5,2065 5,2399
38 12:10
4,4461 4,4785
4,0884 4,1207
4,6505 4,6834
5,2064 5,2398
39 12:11
4,4458 4,4782
4,0876 4,1199
4,6499 4,6829
5,2054 5,2388
40 12:12
4,4459 4,4783
4,0873 4,1196
4,6501 4,6831
5,2065 5,2399
41 12:13
4,4485 4,4809
4,0899 4,1222
4,6527 4,6857
5,2095 5,2429
42 12:14
4,4493 4,4817
4,0910 4,1233
4,6538 4,6868
5,2110 5,2444
43 12:15
4,4513 4,4837
4,0927 4,1250
4,6556 4,6886
5,2129 5,2463
44 12:16
4,4505 4,4828
4,0915 4,1238
4,6537 4,6867
5,2116 5,2450
45 12:17
4,4510 4,4833
4,0918 4,1241
4,6543 4,6873
5,2115 5,2449
46 12:18
4,4511 4,4834
4,0915 4,1238
4,6542 4,6872
5,2124 5,2458
47 12:19
4,4486 4,4809
4,0888 4,1211
4,6509 4,6839
5,2102 5,2436
48 12:20
4,4502 4,4825
4,0907 4,1230
4,6526 4,6856
5,2133 5,2467
49 12:21
4,4507 4,4831
4,0914 4,1237
4,6534 4,6864
5,2146 5,2480
50 12:22
4,4510 4,4834
4,0901 4,1224
4,6536 4,6866
5,2156 5,2490
51 12:23
4,4511 4,4835
4,0903 4,1226
4,6537 4,6867
5,2165 5,2499
52 12:24
4,4508 4,4832
4,0901 4,1224
4,6538 4,6868
5,2159 5,2493
53 12:25
4,4508 4,4832
4,0902 4,1225
4,6538 4,6868
5,2156 5,2490
54 12:26
4,4507 4,4831
4,0885 4,1208
4,6532 4,6862
5,2151 5,2485
55 12:27
4,4509 4,4833
4,0889 4,1212
4,6529 4,6859
5,2161 5,2495
56 12:28
4,4511 4,4835
4,0898 4,1221
4,6531 4,6861
5,2160 5,2494
57 12:29
4,4510 4,4834
4,0899 4,1222
4,6528 4,6858
5,2164 5,2498
58 12:30
4,4510 4,4834
4,0905 4,1228
4,6530 4,6860
5,2174 5,2508
59 12:31
4,4510 4,4833
4,0901 4,1224
4,6525 4,6855
5,2164 5,2498
60 12:32
4,4510 4,4833
4,0903 4,1226
4,6526 4,6856
5,2165 5,2499
61 12:33
4,4510 4,4833
4,0905 4,1228
4,6526 4,6856
5,2166 5,2500
62 12:34
4,4508 4,4831
4,0901 4,1224
4,6523 4,6853
5,2168 5,2502
63 12:35
4,4509 4,4832
4,0904 4,1227
4,6522 4,6852
5,2166 5,2500
64 12:36
4,4511 4,4835
4,0902 4,1225
4,6524 4,6854
5,2169 5,2503
65 12:37
4,4510 4,4834
4,0899 4,1222
4,6528 4,6858
5,2171 5,2505
66 12:38
4,4511 4,4835
4,0903 4,1226
4,6531 4,6861
5,2177 5,2511
67 12:39
4,4511 4,4835
4,0904 4,1227
4,6532 4,6862
5,2182 5,2516
68 12:40
4,4516 4,4840
4,0911 4,1234
4,6539 4,6869
5,2189 5,2523
69 12:41
4,4544 4,4868
4,0933 4,1256
4,6565 4,6895
5,2213 5,2547
70 12:42
4,4559 4,4883
4,0944 4,1267
4,6577 4,6907
5,2237 5,2571
71 12:43
4,4555 4,4879
4,0938 4,1261
4,6573 4,6903
5,2233 5,2567
72 12:44
4,4554 4,4878
4,0926 4,1249
4,6574 4,6904
5,2234 5,2568
73 12:45
4,4555 4,4879
4,0928 4,1251
4,6580 4,6910
5,2233 5,2567
74 12:46
4,4556 4,4880
4,0930 4,1253
4,6583 4,6913
5,2221 5,2555
75 12:47
4,4535 4,4859
4,0914 4,1237
4,6564 4,6894
5,2203 5,2537
76 12:48
4,4533 4,4857
4,0914 4,1237
4,6564 4,6894
5,2204 5,2538
77 12:49
4,4527 4,4851
4,0907 4,1230
4,6558 4,6888
5,2203 5,2537
78 12:50
4,4526 4,4850
4,0908 4,1231
4,6557 4,6887
5,2199 5,2533
79 12:51
4,4535 4,4859
4,0912 4,1235
4,6563 4,6893
5,2206 5,2540
80 12:52
4,4524 4,4848
4,0901 4,1224
4,6555 4,6885
5,2194 5,2528
81 12:53
4,4522 4,4846
4,0900 4,1223
4,6552 4,6882
5,2197 5,2531
82 12:54
4,4520 4,4844
4,0898 4,1221
4,6551 4,6881
5,2194 5,2528
83 12:55
4,4522 4,4846
4,0900 4,1223
4,6552 4,6882
5,2196 5,2530
84 12:56
4,4521 4,4845
4,0900 4,1223
4,6552 4,6882
5,2191 5,2525
85 12:57
4,4532 4,4856
4,0908 4,1231
4,6560 4,6890
5,2202 5,2536
86 12:58
4,4542 4,4866
4,0921 4,1244
4,6565 4,6895
5,2202 5,2536
87 12:59
4,4547 4,4871
4,0927 4,1250
4,6571 4,6901
5,2207 5,2541
88 13:00
4,4540 4,4864
4,0923 4,1246
4,6565 4,6895
5,2206 5,2540
89 13:01
4,4556 4,4880
4,0941 4,1264
4,6588 4,6918
5,2217 5,2551
90 13:02
4,4560 4,4884
4,0944 4,1267
4,6607 4,6937
5,2232 5,2566
91 13:03
4,4559 4,4883
4,0945 4,1268
4,6608 4,6938
5,2228 5,2562
92 13:04
4,4599 4,4923
4,0979 4,1302
4,6646 4,6976
5,2284 5,2618
93 13:05
4,4560 4,4884
4,0937 4,1260
4,6600 4,6930
5,2226 5,2560
94 13:06
4,4574 4,4898
4,0952 4,1275
4,6621 4,6951
5,2239 5,2573
95 13:07
4,4565 4,4889
4,0953 4,1276
4,6615 4,6945
5,2229 5,2563
96 13:08
4,4559 4,4883
4,0940 4,1263
4,6615 4,6945
5,2220 5,2554
97 13:09
4,4556 4,4880
4,0932 4,1255
4,6620 4,6950
5,2218 5,2552
98 13:10
4,4562 4,4886
4,0927 4,1250
4,6625 4,6955
5,2226 5,2560
99 13:11
4,4575 4,4899
4,0945 4,1268
4,6628 4,6958
5,2246 5,2580
100 13:12
4,4559 4,4883
4,0930 4,1253
4,6611 4,6941
5,2234 5,2568
101 13:13
4,4555 4,4879
4,0927 4,1250
4,6609 4,6939
5,2227 5,2561
102 13:14
4,4554 4,4878
4,0926 4,1249
4,6606 4,6936
5,2225 5,2559
103 13:15
4,4556 4,4880
4,0926 4,1249
4,6608 4,6938
5,2237 5,2571
104 13:16
4,4563 4,4887
4,0936 4,1259
4,6608 4,6938
5,2245 5,2579
105 13:17
4,4565 4,4889
4,0948 4,1271
4,6607 4,6937
5,2245 5,2579
106 13:18
4,4591 4,4915
4,0969 4,1292
4,6627 4,6957
5,2272 5,2606
107 13:19
4,4579 4,4903
4,0953 4,1276
4,6607 4,6937
5,2259 5,2593
108 13:20
4,4578 4,4902
4,0951 4,1274
4,6603 4,6933
5,2252 5,2586
109 13:21
4,4577 4,4901
4,0953 4,1276
4,6598 4,6928
5,2251 5,2585
110 13:22
4,4572 4,4896
4,0946 4,1269
4,6590 4,6920
5,2249 5,2583
111 13:23
4,4572 4,4896
4,0950 4,1273
4,6595 4,6925
5,2249 5,2583
112 13:24
4,4569 4,4893
4,0938 4,1261
4,6592 4,6922
5,2242 5,2576
113 13:25
4,4561 4,4885
4,0934 4,1257
4,6589 4,6919
5,2236 5,2570
114 13:26
4,4556 4,4880
4,0928 4,1251
4,6584 4,6914
5,2225 5,2559
115 13:27
4,4568 4,4892
4,0937 4,1260
4,6601 4,6931
5,2242 5,2576
116 13:28
4,4571 4,4895
4,0946 4,1269
4,6611 4,6941
5,2248 5,2582
117 13:29
4,4573 4,4897
4,0953 4,1276
4,6611 4,6941
5,2244 5,2578
118 13:30
4,4574 4,4898
4,0954 4,1277
4,6619 4,6949
5,2249 5,2583
119 13:31
4,4567 4,4891
4,0948 4,1271
4,6607 4,6937
5,2237 5,2571
120 13:32
4,4561 4,4885
4,0935 4,1258
4,6601 4,6931
5,2239 5,2573
121 13:33
4,4553 4,4877
4,0916 4,1239
4,6599 4,6929
5,2226 5,2560
122 13:34
4,4553 4,4877
4,0925 4,1248
4,6602 4,6932
5,2230 5,2564
123 13:35
4,4553 4,4877
4,0920 4,1243
4,6607 4,6937
5,2230 5,2564
124 13:36
4,4549 4,4873
4,0903 4,1226
4,6610 4,6940
5,2222 5,2555
125 13:37
4,4545 4,4869
4,0897 4,1220
4,6603 4,6933
5,2217 5,2550
126 13:38
4,4544 4,4868
4,0901 4,1224
4,6605 4,6935
5,2222 5,2555
127 13:39
4,4545 4,4869
4,0904 4,1227
4,6608 4,6938
5,2220 5,2553
128 13:40
4,4519 4,4843
4,0875 4,1198
4,6584 4,6914
5,2188 5,2521
129 13:41
4,4522 4,4846
4,0879 4,1202
4,6584 4,6914
5,2187 5,2521
130 13:42
4,4534 4,4858
4,0898 4,1221
4,6592 4,6922
5,2202 5,2536
131 13:43
4,4520 4,4844
4,0881 4,1204
4,6579 4,6909
5,2188 5,2522
132 13:44
4,4528 4,4852
4,0891 4,1214
4,6586 4,6916
5,2198 5,2532
133 13:45
4,4527 4,4851
4,0882 4,1205
4,6587 4,6917
5,2196 5,2530
134 13:46
4,4529 4,4852
4,0884 4,1207
4,6590 4,6920
5,2196 5,2529
135 13:47
4,4524 4,4847
4,0874 4,1197
4,6587 4,6917
5,2190 5,2523
136 13:48
4,4525 4,4848
4,0873 4,1196
4,6590 4,6920
5,2203 5,2536
137 13:49
4,4532 4,4855
4,0883 4,1206
4,6594 4,6924
5,2211 5,2544
138 13:50
4,4532 4,4855
4,0880 4,1203
4,6590 4,6920
5,2212 5,2545
139 13:51
4,4533 4,4856
4,0884 4,1207
4,6596 4,6925
5,2206 5,2539
140 13:52
4,4534 4,4857
4,0887 4,1210
4,6597 4,6926
5,2204 5,2537
141 13:53
4,4568 4,4891
4,0919 4,1242
4,6633 4,6962
5,2251 5,2584
142 13:54
4,4568 4,4891
4,0920 4,1243
4,6630 4,6959
5,2257 5,2590
143 13:55
4,4561 4,4884
4,0912 4,1235
4,6622 4,6951
5,2244 5,2577
144 13:56
4,4559 4,4882
4,0904 4,1227
4,6620 4,6950
5,2237 5,2570
145 13:57
4,4546 4,4869
4,0887 4,1210
4,6600 4,6930
5,2215 5,2548
146 13:58
4,4545 4,4868
4,0882 4,1205
4,6603 4,6933
5,2205 5,2538
147 13:59
4,4545 4,4868
4,0886 4,1209
4,6604 4,6934
5,2206 5,2539
148 14:00
4,4543 4,4866
4,0882 4,1205
4,6606 4,6936
5,2212 5,2545
149 14:01
4,4527 4,4850
4,0871 4,1194
4,6584 4,6913
5,2192 5,2525
150 14:02
4,4531 4,4854
4,0879 4,1202
4,6587 4,6916
5,2198 5,2531
151 14:03
4,4536 4,4859
4,0877 4,1200
4,6591 4,6920
5,2197 5,2530
152 14:04
4,4534 4,4857
4,0872 4,1195
4,6592 4,6921
5,2192 5,2525
153 14:05
4,4538 4,4861
4,0867 4,1190
4,6601 4,6930
5,2201 5,2534
154 14:06
4,4543 4,4867
4,0875 4,1198
4,6608 4,6937
5,2207 5,2540
155 14:07
4,4539 4,4863
4,0869 4,1192
4,6609 4,6938
5,2198 5,2531
156 14:08
4,4530 4,4854
4,0853 4,1176
4,6605 4,6934
5,2185 5,2518
157 14:09
4,4531 4,4855
4,0854 4,1177
4,6600 4,6929
5,2186 5,2519
158 14:10
4,4536 4,4860
4,0856 4,1179
4,6608 4,6937
5,2188 5,2521
159 14:11
4,4535 4,4858
4,0869 4,1192
4,6613 4,6942
5,2191 5,2524
160 14:12
4,4539 4,4862
4,0872 4,1195
4,6604 4,6933
5,2189 5,2522
161 14:13
4,4536 4,4859
4,0868 4,1191
4,6601 4,6930
5,2185 5,2518
162 14:14
4,4530 4,4853
4,0861 4,1184
4,6596 4,6925
5,2167 5,2500
163 14:15
4,4530 4,4853
4,0857 4,1180
4,6590 4,6919
5,2160 5,2493
164 14:16
4,4527 4,4850
4,0860 4,1183
4,6587 4,6916
5,2160 5,2493
165 14:17
4,4529 4,4852
4,0854 4,1177
4,6582 4,6911
5,2155 5,2488
166 14:18
4,4529 4,4852
4,0852 4,1175
4,6586 4,6915
5,2162 5,2495
167 14:19
4,4533 4,4856
4,0865 4,1188
4,6591 4,6920
5,2177 5,2510
168 14:20
4,4537 4,4860
4,0865 4,1188
4,6590 4,6919
5,2185 5,2518
169 14:21
4,4547 4,4870
4,0878 4,1201
4,6598 4,6927
5,2208 5,2541
170 14:22
4,4546 4,4869
4,0881 4,1204
4,6602 4,6931
5,2203 5,2536
171 14:23
4,4538 4,4861
4,0868 4,1191
4,6592 4,6921
5,2193 5,2526
172 14:24
4,4536 4,4859
4,0868 4,1191
4,6589 4,6918
5,2194 5,2527
173 14:25
4,4536 4,4859
4,0868 4,1191
4,6587 4,6916
5,2191 5,2524
174 14:26
4,4553 4,4876
4,0885 4,1208
4,6607 4,6937
5,2218 5,2551
175 14:27
4,4549 4,4872
4,0876 4,1199
4,6609 4,6939
5,2213 5,2546
176 14:28
4,4535 4,4858
4,0865 4,1188
4,6593 4,6923
5,2197 5,2530
177 14:29
4,4533 4,4856
4,0856 4,1179
4,6596 4,6926
5,2198 5,2531
178 14:30
4,4552 4,4875
4,0874 4,1198
4,6607 4,6939
5,2215 5,2548
179 14:31
4,4542 4,4865
4,0878 4,1203
4,6582 4,6912
5,2211 5,2544
180 14:32
4,4549 4,4872
4,0893 4,1216
4,6598 4,6927
5,2220 5,2553
181 14:33
4,4546 4,4870
4,0903 4,1226
4,6595 4,6925
5,2219 5,2553
182 14:34
4,4534 4,4860
4,0875 4,1203
4,6564 4,6896
5,2207 5,2540
183 14:35
4,4535 4,4858
4,0862 4,1185
4,6567 4,6896
5,2190 5,2523
184 14:36
4,4518 4,4841
4,0828 4,1151
4,6549 4,6879
5,2185 5,2518
185 14:37
4,4517 4,4840
4,0803 4,1126
4,6544 4,6874
5,2172 5,2505
186 14:38
4,4514 4,4837
4,0773 4,1096
4,6528 4,6858
5,2147 5,2480
187 14:39
4,4526 4,4849
4,0812 4,1135
4,6547 4,6877
5,2167 5,2500
188 14:40
4,4520 4,4843
4,0814 4,1137
4,6531 4,6861
5,2163 5,2496
189 14:41
4,4521 4,4844
4,0809 4,1132
4,6527 4,6857
5,2165 5,2498
190 14:42
4,4519 4,4842
4,0805 4,1128
4,6530 4,6860
5,2157 5,2490
191 14:43
4,4508 4,4831
4,0784 4,1107
4,6528 4,6858
5,2146 5,2479
192 14:44
4,4509 4,4832
4,0802 4,1125
4,6533 4,6863
5,2152 5,2485
193 14:45
4,4515 4,4838
4,0805 4,1128
4,6533 4,6863
5,2158 5,2491
194 14:46
4,4512 4,4835
4,0799 4,1122
4,6536 4,6866
5,2161 5,2494
195 14:47
4,4515 4,4838
4,0809 4,1132
4,6547 4,6877
5,2170 5,2503
196 14:48
4,4522 4,4845
4,0828 4,1151
4,6555 4,6885
5,2184 5,2517
197 14:49
4,4521 4,4844
4,0830 4,1153
4,6547 4,6877
5,2181 5,2514
198 14:50
4,4526 4,4849
4,0843 4,1166
4,6542 4,6872
5,2178 5,2511
199 14:51
4,4521 4,4844
4,0840 4,1163
4,6540 4,6870
5,2172 5,2505
200 14:52
4,4521 4,4844
4,0839 4,1162
4,6544 4,6874
5,2173 5,2506
201 14:53
4,4523 4,4846
4,0830 4,1153
4,6546 4,6876
5,2176 5,2509
202 14:54
4,4519 4,4842
4,0817 4,1140
4,6547 4,6877
5,2173 5,2506
203 14:55
4,4519 4,4842
4,0819 4,1142
4,6550 4,6880
5,2175 5,2508
204 14:56
4,4518 4,4841
4,0809 4,1132
4,6541 4,6871
5,2165 5,2498
205 14:57
4,4521 4,4844
4,0809 4,1132
4,6541 4,6871
5,2162 5,2495
206 14:58
4,4530 4,4853
4,0827 4,1150
4,6555 4,6885
5,2179 5,2512
207 14:59
4,4530 4,4853
4,0827 4,1150
4,6554 4,6884
5,2176 5,2509
208 15:00
4,4533 4,4856
4,0832 4,1155
4,6555 4,6885
5,2180 5,2513
209 15:01
4,4550 4,4873
4,0849 4,1172
4,6580 4,6910
5,2206 5,2539
210 15:02
4,4551 4,4874
4,0848 4,1171
4,6581 4,6911
5,2212 5,2545
211 15:03
4,4555 4,4878
4,0861 4,1184
4,6578 4,6908
5,2217 5,2550
212 15:04
4,4536 4,4859
4,0840 4,1163
4,6550 4,6880
5,2195 5,2528
213 15:05
4,4536 4,4859
4,0825 4,1148
4,6552 4,6882
5,2185 5,2518
214 15:06
4,4537 4,4860
4,0821 4,1144
4,6554 4,6884
5,2180 5,2513
215 15:07
4,4541 4,4864
4,0826 4,1149
4,6559 4,6889
5,2192 5,2525
216 15:08
4,4548 4,4871
4,0830 4,1153
4,6565 4,6895
5,2208 5,2541
217 15:09
4,4553 4,4876
4,0831 4,1154
4,6567 4,6897
5,2212 5,2545
218 15:10
4,4552 4,4875
4,0834 4,1157
4,6569 4,6899
5,2217 5,2550
219 15:11
4,4564 4,4887
4,0838 4,1161
4,6585 4,6915
5,2229 5,2562
220 15:12
4,4560 4,4883
4,0834 4,1157
4,6583 4,6913
5,2220 5,2553
221 15:13
4,4539 4,4862
4,0821 4,1145
4,6554 4,6884
5,2190 5,2523
222 15:14
4,4540 4,4863
4,0816 4,1139
4,6555 4,6885
5,2191 5,2524
223 15:15
4,4538 4,4861
4,0805 4,1128
4,6558 4,6888
5,2192 5,2525
224 15:16
4,4537 4,4860
4,0794 4,1117
4,6556 4,6886
5,2196 5,2529
225 15:17
4,4547 4,4870
4,0807 4,1130
4,6562 4,6892
5,2214 5,2547
226 15:18
4,4540 4,4863
4,0806 4,1129
4,6561 4,6891
5,2213 5,2546
227 15:19
4,4542 4,4865
4,0806 4,1129
4,6566 4,6896
5,2208 5,2541
228 15:20
4,4538 4,4861
4,0804 4,1127
4,6567 4,6897
5,2203 5,2536
229 15:21
4,4545 4,4868
4,0814 4,1137
4,6572 4,6901
5,2215 5,2548
230 15:22
4,4542 4,4865
4,0814 4,1137
4,6562 4,6891
5,2212 5,2545
231 15:23
4,4546 4,4869
4,0817 4,1140
4,6566 4,6895
5,2207 5,2540
232 15:24
4,4546 4,4869
4,0811 4,1134
4,6570 4,6899
5,2212 5,2545
233 15:25
4,4560 4,4883
4,0834 4,1157
4,6580 4,6909
5,2229 5,2562
234 15:26
4,4565 4,4888
4,0840 4,1163
4,6582 4,6913
5,2236 5,2570
235 15:27
4,4563 4,4886
4,0833 4,1156
4,6578 4,6909
5,2227 5,2561
236 15:28
4,4563 4,4886
4,0839 4,1162
4,6580 4,6911
5,2221 5,2555
237 15:29
4,4567 4,4890
4,0844 4,1167
4,6582 4,6913
5,2227 5,2561
238 15:30
4,4564 4,4887
4,0843 4,1166
4,6575 4,6906
5,2227 5,2561
239 15:31
4,4563 4,4886
4,0859 4,1182
4,6564 4,6895
5,2232 5,2566
240 15:32
4,4562 4,4885
4,0861 4,1184
4,6556 4,6887
5,2227 5,2561
241 15:33
4,4563 4,4886
4,0862 4,1185
4,6572 4,6903
5,2228 5,2562
242 15:34
4,4557 4,4880
4,0863 4,1186
4,6576 4,6907
5,2218 5,2552
243 15:35
4,4565 4,4888
4,0872 4,1195
4,6584 4,6915
5,2215 5,2549
244 15:36
4,4570 4,4893
4,0866 4,1189
4,6596 4,6925
5,2218 5,2552
245 15:37
4,4570 4,4893
4,0860 4,1183
4,6591 4,6920
5,2225 5,2559
246 15:38
4,4567 4,4890
4,0862 4,1185
4,6580 4,6909
5,2212 5,2546
247 15:39
4,4567 4,4890
4,0857 4,1180
4,6583 4,6912
5,2212 5,2546
248 15:40
4,4544 4,4867
4,0823 4,1146
4,6559 4,6888
5,2185 5,2519
249 15:41
4,4536 4,4859
4,0804 4,1127
4,6549 4,6880
5,2175 5,2510
250 15:42
4,4528 4,4851
4,0802 4,1125
4,6545 4,6876
5,2168 5,2503
251 15:43
4,4532 4,4855
4,0798 4,1121
4,6550 4,6881
5,2177 5,2512
252 15:44
4,4531 4,4854
4,0799 4,1122
4,6541 4,6872
5,2175 5,2510
253 15:45
4,4533 4,4856
4,0818 4,1141
4,6543 4,6874
5,2179 5,2514
254 15:46
4,4531 4,4854
4,0824 4,1147
4,6540 4,6869
5,2170 5,2504
255 15:47
4,4553 4,4876
4,0848 4,1171
4,6558 4,6887
5,2195 5,2529
256 15:48
4,4554 4,4877
4,0851 4,1174
4,6562 4,6891
5,2200 5,2534
257 15:49
4,4553 4,4876
4,0844 4,1167
4,6558 4,6887
5,2199 5,2533
258 15:50
4,4552 4,4875
4,0855 4,1178
4,6558 4,6887
5,2191 5,2525
259 15:51
4,4546 4,4869
4,0845 4,1168
4,6548 4,6877
5,2194 5,2527
260 15:52
4,4547 4,4870
4,0848 4,1171
4,6552 4,6881
5,2193 5,2526
261 15:53
4,4548 4,4871
4,0851 4,1174
4,6558 4,6887
5,2191 5,2524
262 15:54
4,4543 4,4866
4,0848 4,1171
4,6555 4,6884
5,2185 5,2518
263 15:55
4,4548 4,4871
4,0858 4,1181
4,6560 4,6889
5,2193 5,2526
264 15:56
4,4548 4,4871
4,0870 4,1193
4,6560 4,6889
5,2198 5,2532
265 15:57
4,4546 4,4869
4,0870 4,1193
4,6561 4,6890
5,2202 5,2536
266 15:58
4,4548 4,4871
4,0870 4,1193
4,6563 4,6892
5,2205 5,2539
267 15:59
4,4549 4,4872
4,0874 4,1197
4,6563 4,6892
5,2199 5,2533
268 16:00
4,4549 4,4872
4,0872 4,1195
4,6569 4,6898
5,2200 5,2534
269 16:01
4,4549 4,4872
4,0878 4,1201
4,6563 4,6892
5,2199 5,2532
270 16:02
4,4548 4,4871
4,0883 4,1206
4,6564 4,6893
5,2190 5,2523
271 16:03
4,4546 4,4869
4,0883 4,1206
4,6563 4,6892
5,2191 5,2524
272 16:04
4,4539 4,4862
4,0877 4,1200
4,6558 4,6887
5,2192 5,2525
273 16:05
4,4548 4,4871
4,0886 4,1209
4,6566 4,6895
5,2205 5,2538
274 16:06
4,4546 4,4869
4,0888 4,1211
4,6560 4,6890
5,2197 5,2530
275 16:07
4,4547 4,4870
4,0884 4,1207
4,6569 4,6899
5,2201 5,2534
276 16:08
4,4542 4,4865
4,0874 4,1197
4,6557 4,6887
5,2193 5,2526
277 16:09
4,4543 4,4866
4,0882 4,1205
4,6569 4,6899
5,2190 5,2523
278 16:10
4,4541 4,4864
4,0875 4,1198
4,6567 4,6897
5,2191 5,2524
279 16:11
4,4562 4,4885
4,0899 4,1222
4,6582 4,6912
5,2213 5,2546
280 16:12
4,4562 4,4885
4,0899 4,1222
4,6582 4,6912
5,2210 5,2543
281 16:13
4,4561 4,4884
4,0898 4,1221
4,6588 4,6918
5,2211 5,2544
282 16:14
4,4562 4,4885
4,0912 4,1235
4,6592 4,6922
5,2222 5,2555
283 16:15
4,4562 4,4885
4,0905 4,1228
4,6592 4,6922
5,2225 5,2558
284 16:16
4,4555 4,4878
4,0887 4,1210
4,6581 4,6911
5,2217 5,2551
285 16:17
4,4557 4,4880
4,0895 4,1218
4,6584 4,6914
5,2215 5,2549
286 16:18
4,4561 4,4884
4,0914 4,1237
4,6590 4,6920
5,2220 5,2554
287 16:19
4,4559 4,4882
4,0909 4,1232
4,6588 4,6918
5,2218 5,2552
288 16:20
4,4561 4,4884
4,0908 4,1231
4,6590 4,6920
5,2220 5,2554
289 16:21
4,4560 4,4883
4,0911 4,1234
4,6590 4,6920
5,2216 5,2550
290 16:22
4,4574 4,4897
4,0920 4,1243
4,6604 4,6934
5,2225 5,2559
291 16:23
4,4574 4,4897
4,0920 4,1243
4,6606 4,6936
5,2226 5,2560
292 16:24
4,4568 4,4891
4,0916 4,1239
4,6594 4,6924
5,2215 5,2549
293 16:25
4,4563 4,4886
4,0916 4,1239
4,6585 4,6915
5,2216 5,2550
294 16:26
4,4562 4,4885
4,0913 4,1236
4,6586 4,6915
5,2215 5,2550
295 16:27
4,4553 4,4876
4,0907 4,1230
4,6583 4,6912
5,2214 5,2549
296 16:28
4,4551 4,4874
4,0907 4,1230
4,6581 4,6910
5,2209 5,2544
297 16:29
4,4563 4,4886
4,0924 4,1247
4,6593 4,6922
5,2220 5,2555
298 16:30
4,4571 4,4894
4,0930 4,1253
4,6601 4,6930
5,2228 5,2563
299 16:31
4,4563 4,4886
4,0921 4,1244
4,6596 4,6926
5,2224 5,2557
300 16:32
4,4563 4,4886
4,0923 4,1246
4,6593 4,6923
5,2220 5,2553
301 16:33
4,4562 4,4885
4,0926 4,1249
4,6589 4,6919
5,2216 5,2549
302 16:34
4,4561 4,4884
4,0931 4,1254
4,6586 4,6916
5,2212 5,2545
303 16:35
4,4563 4,4886
4,0936 4,1259
4,6585 4,6915
5,2220 5,2553
304 16:36
4,4552 4,4876
4,0924 4,1247
4,6576 4,6906
5,2210 5,2543
305 16:37
4,4568 4,4892
4,0939 4,1262
4,6594 4,6924
5,2223 5,2556
306 16:38
4,4557 4,4881
4,0931 4,1254
4,6582 4,6912
5,2211 5,2544
307 16:39
4,4551 4,4875
4,0925 4,1248
4,6579 4,6909
5,2204 5,2537
308 16:40
4,4551 4,4875
4,0923 4,1246
4,6576 4,6906
5,2206 5,2539
309 16:41
4,4551 4,4874
4,0916 4,1239
4,6577 4,6907
5,2205 5,2538
310 16:42
4,4539 4,4862
4,0899 4,1222
4,6572 4,6902
5,2192 5,2525
311 16:43
4,4539 4,4862
4,0890 4,1213
4,6568 4,6898
5,2199 5,2532
312 16:44
4,4541 4,4864
4,0893 4,1216
4,6565 4,6895
5,2197 5,2530
313 16:45
4,4528 4,4851
4,0882 4,1205
4,6554 4,6884
5,2178 5,2511
314 16:46
4,4521 4,4844
4,0869 4,1192
4,6549 4,6879
5,2170 5,2503
315 16:47
4,4518 4,4841
4,0870 4,1193
4,6553 4,6883
5,2167 5,2500
316 16:48
4,4515 4,4838
4,0877 4,1200
4,6545 4,6875
5,2163 5,2496
317 16:49
4,4516 4,4839
4,0880 4,1203
4,6545 4,6875
5,2172 5,2505
318 16:50
4,4513 4,4836
4,0868 4,1191
4,6546 4,6876
5,2168 5,2501
319 16:51
4,4512 4,4835
4,0869 4,1192
4,6538 4,6868
5,2163 5,2496
320 16:52
4,4514 4,4837
4,0863 4,1186
4,6544 4,6874
5,2159 5,2492
321 16:53
4,4513 4,4836
4,0858 4,1181
4,6542 4,6872
5,2155 5,2488
322 16:54
4,4513 4,4836
4,0860 4,1183
4,6538 4,6868
5,2167 5,2500
323 16:55
4,4508 4,4831
4,0861 4,1184
4,6538 4,6868
5,2158 5,2491
324 16:56
4,4510 4,4833
4,0861 4,1184
4,6533 4,6863
5,2158 5,2491
325 16:57
4,4509 4,4832
4,0858 4,1181
4,6526 4,6856
5,2156 5,2489
326 16:58
4,4516 4,4839
4,0871 4,1194
4,6537 4,6867
5,2172 5,2505
327 16:59
4,4516 4,4839
4,0874 4,1197
4,6538 4,6868
5,2178 5,2511
328 17:00
4,4517 4,4840
4,0875 4,1198
4,6540 4,6870
5,2182 5,2515
329 17:01
4,4515 4,4838
4,0877 4,1200
4,6540 4,6870
5,2185 5,2518
330 17:02
4,4512 4,4835
4,0880 4,1203
4,6540 4,6870
5,2182 5,2515
331 17:03
4,4519 4,4842
4,0885 4,1208
4,6545 4,6875
5,2194 5,2527
332 17:04
4,4521 4,4844
4,0897 4,1220
4,6551 4,6881
5,2189 5,2522
333 17:05
4,4522 4,4845
4,0886 4,1209
4,6557 4,6887
5,2185 5,2518
334 17:06
4,4522 4,4845
4,0885 4,1208
4,6555 4,6885
5,2188 5,2521
335 17:07
4,4525 4,4848
4,0888 4,1211
4,6560 4,6890
5,2191 5,2524
336 17:08
4,4528 4,4851
4,0902 4,1225
4,6564 4,6894
5,2201 5,2534
337 17:09
4,4520 4,4843
4,0889 4,1212
4,6554 4,6884
5,2192 5,2525
338 17:10
4,4526 4,4849
4,0894 4,1217
4,6559 4,6889
5,2204 5,2537
339 17:11
4,4522 4,4845
4,0891 4,1214
4,6555 4,6885
5,2200 5,2533
340 17:12
4,4520 4,4843
4,0896 4,1219
4,6553 4,6883
5,2194 5,2527
341 17:13
4,4521 4,4844
4,0906 4,1229
4,6557 4,6887
5,2198 5,2531
342 17:14
4,4519 4,4842
4,0896 4,1219
4,6552 4,6882
5,2194 5,2527
343 17:15
4,4518 4,4841
4,0897 4,1220
4,6552 4,6882
5,2197 5,2530
344 17:16
4,4516 4,4839
4,0900 4,1223
4,6549 4,6879
5,2205 5,2538
345 17:17
4,4513 4,4836
4,0894 4,1217
4,6551 4,6881
5,2205 5,2538
346 17:18
4,4516 4,4839
4,0905 4,1228
4,6549 4,6879
5,2209 5,2542
347 17:19
4,4513 4,4836
4,0896 4,1219
4,6546 4,6876
5,2208 5,2541
348 17:20
4,4521 4,4844
4,0910 4,1233
4,6554 4,6884
5,2217 5,2550
349 17:21
4,4522 4,4845
4,0918 4,1241
4,6555 4,6885
5,2222 5,2555
350 17:22
4,4520 4,4843
4,0926 4,1249
4,6552 4,6882
5,2226 5,2559
351 17:23
4,4526 4,4849
4,0926 4,1249
4,6558 4,6888
5,2232 5,2565
352 17:24
4,4528 4,4851
4,0931 4,1254
4,6559 4,6889
5,2238 5,2571
353 17:25
4,4524 4,4847
4,0932 4,1255
4,6552 4,6882
5,2220 5,2553
354 17:26
4,4526 4,4849
4,0937 4,1260
4,6561 4,6891
5,2223 5,2556
355 17:27
4,4531 4,4854
4,0948 4,1271
4,6569 4,6899
5,2235 5,2568
356 17:28
4,4531 4,4854
4,0956 4,1279
4,6575 4,6905
5,2235 5,2568
357 17:29
4,4530 4,4853
4,0951 4,1274
4,6580 4,6910
5,2234 5,2567
358 17:30
4,4530 4,4853
4,0949 4,1272
4,6586 4,6916
5,2233 5,2566
359 17:31
4,4525 4,4848
4,0944 4,1267
4,6580 4,6910
5,2227 5,2560
360 17:32
4,4525 4,4848
4,0954 4,1277
4,6578 4,6908
5,2225 5,2558
361 17:33
4,4522 4,4845
4,0955 4,1278
4,6569 4,6899
5,2221 5,2554
362 17:34
4,4524 4,4847
4,0953 4,1276
4,6572 4,6902
5,2224 5,2557
363 17:35
4,4523 4,4846
4,0947 4,1270
4,6575 4,6905
5,2219 5,2552
364 17:36
4,4525 4,4848
4,0946 4,1269
4,6572 4,6902
5,2221 5,2554
365 17:37
4,4532 4,4855
4,0955 4,1278
4,6585 4,6915
5,2228 5,2561
366 17:38
4,4537 4,4860
4,0956 4,1279
4,6586 4,6916
5,2236 5,2569
367 17:39
4,4546 4,4869
4,0968 4,1291
4,6600 4,6930
5,2250 5,2583
368 17:40
4,4524 4,4847
4,0947 4,1270
4,6576 4,6906
5,2223 5,2556
369 17:41
4,4523 4,4846
4,0941 4,1264
4,6580 4,6910
5,2222 5,2555
370 17:42
4,4525 4,4848
4,0941 4,1264
4,6580 4,6910
5,2224 5,2557
371 17:43
4,4523 4,4846
4,0935 4,1258
4,6576 4,6906
5,2222 5,2555
372 17:44
4,4524 4,4847
4,0950 4,1274
4,6577 4,6907
5,2221 5,2554
373 17:45
4,4520 4,4843
4,0948 4,1271
4,6573 4,6903
5,2214 5,2547
374 17:46
4,4521 4,4844
4,0939 4,1262
4,6574 4,6904
5,2217 5,2550
375 17:47
4,4521 4,4844
4,0945 4,1268
4,6574 4,6904
5,2224 5,2557
376 17:48
4,4520 4,4843
4,0955 4,1278
4,6573 4,6903
5,2219 5,2552
377 17:49
4,4522 4,4845
4,0961 4,1284
4,6575 4,6905
5,2217 5,2550
378 17:50
4,4539 4,4862
4,0976 4,1299
4,6590 4,6920
5,2238 5,2571
379 17:51
4,4524 4,4847
4,0962 4,1285
4,6571 4,6901
5,2223 5,2556
380 17:52
4,4526 4,4849
4,0964 4,1287
4,6578 4,6908
5,2232 5,2565
381 17:53
4,4528 4,4851
4,0964 4,1287
4,6583 4,6913
5,2244 5,2577
382 17:54
4,4526 4,4849
4,0960 4,1283
4,6578 4,6908
5,2244 5,2577
383 17:55
4,4526 4,4849
4,0957 4,1280
4,6574 4,6904
5,2238 5,2571
384 17:56
4,4523 4,4846
4,0947 4,1270
4,6566 4,6896
5,2232 5,2565
385 17:57
4,4523 4,4846
4,0942 4,1265
4,6565 4,6895
5,2231 5,2564
386 17:58
4,4523 4,4846
4,0944 4,1267
4,6565 4,6895
5,2231 5,2564
387 17:59
4,4525 4,4848
4,0950 4,1273
4,6568 4,6898
5,2244 5,2577
388 18:00
4,4521 4,4853
4,0939 4,1273
4,6568 4,6902
5,2241 5,2579
389 18:01
4,4519 4,4852
4,0934 4,1272
4,6560 4,6903
5,2241 5,2585
390 18:02
4,4521 4,4850
4,0942 4,1273
4,6565 4,6902
5,2247 5,2582
391 18:03
4,4522 4,4849
4,0943 4,1272
4,6565 4,6899
5,2243 5,2580
392 18:04
4,4519 4,4848
4,0943 4,1276
4,6563 4,6904
5,2242 5,2582
393 18:05
4,4524 4,4848
4,0945 4,1275
4,6567 4,6898
5,2247 5,2580
394 18:06
4,4524 4,4847
4,0950 4,1274
4,6562 4,6892
5,2252 5,2585
395 18:07
4,4522 4,4852
4,0946 4,1277
4,6560 4,6897
5,2262 5,2596
396 18:08
4,4524 4,4851
4,0952 4,1285
4,6558 4,6897
5,2264 5,2601
397 18:09
4,4521 4,4848
4,0957 4,1286
4,6555 4,6894
5,2254 5,2591
398 18:10
4,4525 4,4848
4,0959 4,1287
4,6559 4,6890
5,2259 5,2592
399 18:11
4,4530 4,4854
4,0954 4,1280
4,6559 4,6890
5,2258 5,2592
400 18:12
4,4526 4,4849
4,0947 4,1276
4,6559 4,6889
5,2257 5,2590
401 18:13
4,4525 4,4850
4,0947 4,1277
4,6555 4,6886
5,2253 5,2588
402 18:14
4,4521 4,4850
4,0944 4,1278
4,6550 4,6886
5,2243 5,2583
403 18:15
4,4525 4,4848
4,0953 4,1282
4,6558 4,6888
5,2252 5,2585
404 18:16
4,4528 4,4851
4,0956 4,1285
4,6561 4,6891
5,2262 5,2595
405 18:17
4,4528 4,4851
4,0952 4,1278
4,6561 4,6891
5,2262 5,2595
406 18:18
4,4523 4,4853
4,0943 4,1278
4,6556 4,6893
5,2255 5,2596
407 18:19
4,4523 4,4853
4,0939 4,1274
4,6556 4,6897
5,2256 5,2592
408 18:20
4,4522 4,4852
4,0938 4,1273
4,6555 4,6892
5,2248 5,2589
409 18:21
4,4523 4,4853
4,0936 4,1272
4,6556 4,6893
5,2249 5,2584
410 18:22
4,4522 4,4850
4,0920 4,1253
4,6550 4,6885
5,2241 5,2580
411 18:23
4,4518 4,4850
4,0906 4,1241
4,6541 4,6880
5,2232 5,2576
412 18:24
4,4519 4,4851
4,0905 4,1242
4,6536 4,6876
5,2232 5,2575
413 18:25
4,4517 4,4850
4,0897 4,1232
4,6539 4,6881
5,2231 5,2576
414 18:26
4,4518 4,4851
4,0898 4,1234
4,6538 4,6882
5,2232 5,2577
415 18:27
4,4519 4,4853
4,0883 4,1218
4,6541 4,6883
5,2231 5,2572
416 18:28
4,4520 4,4854
4,0884 4,1220
4,6538 4,6885
5,2222 5,2568
417 18:29
4,4520 4,4854
4,0887 4,1226
4,6537 4,6879
5,2223 5,2569
418 18:30
4,4519 4,4853
4,0887 4,1223
4,6536 4,6878
5,2221 5,2567
419 18:31
4,4521 4,4855
4,0888 4,1227
4,6540 4,6881
5,2229 5,2574
420 18:32
4,4522 4,4856
4,0893 4,1232
4,6541 4,6882
5,2230 5,2575
421 18:33
4,4522 4,4855
4,0897 4,1232
4,6541 4,6881
5,2226 5,2570
422 18:34
4,4521 4,4855
4,0899 4,1238
4,6535 4,6876
5,2223 5,2569
423 18:35
4,4520 4,4853
4,0904 4,1242
4,6537 4,6880
5,2222 5,2567
424 18:36
4,4521 4,4855
4,0911 4,1246
4,6539 4,6883
5,2229 5,2574
425 18:37
4,4519 4,4853
4,0913 4,1248
4,6541 4,6883
5,2227 5,2573
426 18:38
4,4519 4,4853
4,0913 4,1252
4,6541 4,6883
5,2227 5,2573
427 18:39
4,4518 4,4852
4,0920 4,1256
4,6540 4,6882
5,2225 5,2570
428 18:40
4,4519 4,4853
4,0920 4,1257
4,6541 4,6883
5,2227 5,2573
429 18:41
4,4519 4,4853
4,0928 4,1263
4,6546 4,6888
5,2233 5,2579
430 18:42
4,4519 4,4853
4,0924 4,1263
4,6542 4,6888
5,2239 5,2580
431 18:43
4,4519 4,4853
4,0917 4,1256
4,6541 4,6883
5,2240 5,2584
432 18:44
4,4519 4,4853
4,0917 4,1256
4,6541 4,6883
5,2239 5,2578
433 18:45
4,4518 4,4851
4,0920 4,1259
4,6542 4,6883
5,2240 5,2578
434 18:46
4,4519 4,4853
4,0924 4,1259
4,6541 4,6883
5,2239 5,2584
435 18:47
4,4519 4,4853
4,0924 4,1259
4,6546 4,6888
5,2239 5,2584
436 18:48
4,4519 4,4853
4,0924 4,1259
4,6542 4,6889
5,2239 5,2584
437 18:49
4,4519 4,4853
4,0932 4,1267
4,6546 4,6888
5,2239 5,2585
438 18:50
4,4519 4,4853
4,0932 4,1267
4,6546 4,6888
5,2245 5,2584
439 18:51
4,4509 4,4845
4,0919 4,1256
4,6537 4,6880
5,2234 5,2582
440 18:52
4,4507 4,4841
4,0917 4,1256
4,6535 4,6876
5,2231 5,2576
441 18:53
4,4506 4,4840
4,0912 4,1251
4,6534 4,6875
5,2230 5,2576
442 18:54
4,4506 4,4840
4,0916 4,1255
4,6534 4,6875
5,2230 5,2576
443 18:55
4,4497 4,4846
4,0909 4,1258
4,6525 4,6882
5,2226 5,2583
444 18:56
4,4506 4,4840
4,0916 4,1255
4,6534 4,6875
5,2237 5,2577
445 18:57
4,4506 4,4840
4,0920 4,1256
4,6534 4,6875
5,2236 5,2581
446 18:58
4,4507 4,4841
4,0917 4,1256
4,6535 4,6876
5,2237 5,2582
447 18:59
4,4506 4,4840
4,0912 4,1249
4,6534 4,6875
5,2236 5,2581
448 19:00
4,4506 4,4840
4,0908 4,1247
4,6534 4,6875
5,2236 5,2581
449 19:01
4,4505 4,4841
4,0911 4,1248
4,6536 4,6880
5,2235 5,2583
450 19:02
4,4505 4,4841
4,0911 4,1252
4,6536 4,6880
5,2235 5,2583
451 19:03
4,4505 4,4841
4,0915 4,1256
4,6533 4,6876
5,2236 5,2578
452 19:04
4,4506 4,4842
4,0912 4,1253
4,6529 4,6872
5,2229 5,2572
453 19:05
4,4505 4,4841
4,0921 4,1260
4,6533 4,6876
5,2229 5,2576
454 19:06
4,4505 4,4841
4,0924 4,1264
4,6528 4,6871
5,2235 5,2577
455 19:07
4,4505 4,4841
4,0930 4,1271
4,6523 4,6866
5,2235 5,2583
456 19:08
4,4505 4,4841
4,0926 4,1267
4,6522 4,6870
5,2235 5,2583
457 19:09
4,4505 4,4841
4,0919 4,1260
4,6522 4,6870
5,2235 5,2583
458 19:10
4,4505 4,4841
4,0926 4,1263
4,6523 4,6866
5,2235 5,2583
459 19:11
4,4505 4,4841
4,0927 4,1265
4,6523 4,6866
5,2235 5,2582
460 19:12
4,4504 4,4839
4,0927 4,1267
4,6522 4,6864
5,2234 5,2581
461 19:13
4,4505 4,4841
4,0926 4,1267
4,6523 4,6866
5,2235 5,2583
462 19:14
4,4505 4,4841
4,0930 4,1267
4,6528 4,6871
5,2235 5,2583
463 19:15
4,4503 4,4838
4,0930 4,1270
4,6526 4,6868
5,2235 5,2582
464 19:16
4,4504 4,4840
4,0929 4,1270
4,6526 4,6874
5,2234 5,2582
465 19:17
4,4503 4,4838
4,0934 4,1270
4,6526 4,6868
5,2239 5,2586
466 19:18
4,4502 4,4839
4,0933 4,1275
4,6530 4,6879
5,2238 5,2587
467 19:19
4,4502 4,4840
4,0927 4,1266
4,6528 4,6874
5,2232 5,2582
468 19:20
4,4502 4,4840
4,0936 4,1278
4,6533 4,6879
5,2238 5,2588
469 19:21
4,4502 4,4838
4,0935 4,1276
4,6533 4,6877
5,2238 5,2586
470 19:22
4,4501 4,4838
4,0932 4,1274
4,6534 4,6879
5,2237 5,2586
471 19:23
4,4501 4,4838
4,0935 4,1276
4,6534 4,6879
5,2237 5,2586
472 19:24
4,4511 4,4840
4,0940 4,1275
4,6544 4,6880
5,2243 5,2582
473 19:25
4,4509 4,4841
4,0942 4,1280
4,6541 4,6881
5,2239 5,2582
474 19:26
4,4507 4,4840
4,0937 4,1274
4,6541 4,6886
5,2232 5,2577
475 19:27
4,4505 4,4837
4,0938 4,1271
4,6537 4,6882
5,2228 5,2571
476 19:28
4,4503 4,4836
4,0938 4,1276
4,6536 4,6881
5,2228 5,2572
477 19:29
4,4505 4,4836
4,0939 4,1274
4,6538 4,6876
5,2230 5,2572
478 19:30
4,4505 4,4838
4,0940 4,1278
4,6539 4,6884
5,2237 5,2581
479 19:31
4,4505 4,4838
4,0940 4,1278
4,6539 4,6884
5,2237 5,2581
480 19:32
4,4506 4,4838
4,0947 4,1281
4,6537 4,6877
5,2236 5,2579
481 19:33
4,4507 4,4835
4,0955 4,1288
4,6540 4,6875
5,2238 5,2576
482 19:34
4,4503 4,4834
4,0949 4,1285
4,6532 4,6875
5,2240 5,2581
483 19:35
4,4501 4,4832
4,0951 4,1287
4,6529 4,6868
5,2236 5,2573
484 19:36
4,4504 4,4836
4,0964 4,1298
4,6536 4,6881
5,2233 5,2576
485 19:37
4,4503 4,4832
4,0964 4,1298
4,6541 4,6882
5,2234 5,2574
486 19:38
4,4503 4,4837
4,0963 4,1299
4,6539 4,6881
5,2233 5,2579
487 19:39
4,4503 4,4837
4,0962 4,1301
4,6545 4,6886
5,2232 5,2577
488 19:40
4,4504 4,4836
4,0960 4,1294
4,6546 4,6885
5,2227 5,2570
489 19:41
4,4505 4,4837
4,0961 4,1299
4,6548 4,6891
5,2234 5,2573
490 19:42
4,4505 4,4836
4,0966 4,1302
4,6552 4,6890
5,2237 5,2579
491 19:43
4,4505 4,4836
4,0976 4,1313
4,6552 4,6890
5,2243 5,2585
492 19:44
4,4505 4,4836
4,0987 4,1320
4,6557 4,6895
5,2249 5,2591
493 19:45
4,4503 4,4837
4,0981 4,1320
4,6554 4,6900
5,2245 5,2591
494 19:46
4,4503 4,4836
4,0976 4,1314
4,6555 4,6896
5,2239 5,2584
495 19:47
4,4504 4,4837
4,0977 4,1315
4,6556 4,6896
5,2240 5,2585
496 19:48
4,4507 4,4837
4,0974 4,1309
4,6559 4,6896
5,2243 5,2584
497 19:49
4,4507 4,4837
4,0978 4,1314
4,6559 4,6896
5,2243 5,2578
498 19:50
4,4507 4,4835
4,0978 4,1312
4,6558 4,6898
5,2237 5,2576
499 19:51
4,4505 4,4834
4,0974 4,1304
4,6557 4,6893
5,2236 5,2575
500 19:52
4,4506 4,4834
4,0969 4,1302
4,6558 4,6893
5,2239 5,2575
501 19:53
4,4502 4,4835
4,0971 4,1309
4,6554 4,6894
5,2239 5,2583
502 19:54
4,4508 4,4836
4,0975 4,1309
4,6560 4,6895
5,2244 5,2583
503 19:55
4,4509 4,4835
4,0976 4,1308
4,6561 4,6894
5,2240 5,2576
504 19:56
4,4509 4,4835
4,0976 4,1308
4,6561 4,6894
5,2240 5,2576
505 19:57
4,4497 4,4846
4,0965 4,1318
4,6550 4,6907
5,2226 5,2592
506 19:58
4,4508 4,4836
4,0974 4,1307
4,6559 4,6899
5,2239 5,2577
507 19:59
4,4509 4,4840
4,0974 4,1310
4,6571 4,6909
5,2237 5,2577
508 20:00
4,4513 4,4843
4,0979 4,1314
4,6580 4,6917
5,2239 5,2579
509 20:01
4,4513 4,4843
4,0984 4,1316
4,6580 4,6917
5,2231 5,2572
510 20:02
4,4513 4,4843
4,0980 4,1316
4,6580 4,6917
5,2231 5,2572
511 20:03
4,4510 4,4848
4,0980 4,1323
4,6577 4,6922
5,2229 5,2573
512 20:04
4,4506 4,4848
4,0976 4,1319
4,6571 4,6917
5,2225 5,2573
513 20:05
4,4506 4,4848
4,0976 4,1323
4,6567 4,6917
5,2223 5,2572
514 20:06
4,4505 4,4848
4,0981 4,1329
4,6568 4,6919
5,2224 5,2574
515 20:07
4,4505 4,4848
4,0981 4,1328
4,6568 4,6919
5,2218 5,2574
516 20:08
4,4511 4,4842
4,0987 4,1323
4,6573 4,6911
5,2231 5,2567
517 20:09
4,4511 4,4842
4,0978 4,1315
4,6573 4,6911
5,2231 5,2567
518 20:10
4,4511 4,4842
4,0974 4,1311
4,6574 4,6913
5,2225 5,2567
519 20:11
4,4511 4,4842
4,0974 4,1311
4,6569 4,6912
5,2223 5,2566
520 20:12
4,4513 4,4843
4,0983 4,1318
4,6575 4,6912
5,2225 5,2560
521 20:13
4,4511 4,4842
4,0978 4,1311
4,6573 4,6911
5,2225 5,2567
522 20:14
4,4509 4,4842
4,0974 4,1312
4,6571 4,6911
5,2223 5,2561
523 20:15
4,4511 4,4843
4,0978 4,1314
4,6573 4,6912
5,2223 5,2566
524 20:16
4,4511 4,4842
4,0987 4,1323
4,6583 4,6921
5,2225 5,2567
525 20:17
4,4510 4,4843
4,0982 4,1320
4,6577 4,6917
5,2224 5,2562
526 20:18
4,4511 4,4842
4,0987 4,1319
4,6579 4,6922
5,2225 5,2567
527 20:19
4,4511 4,4842
4,0991 4,1327
4,6581 4,6922
5,2219 5,2561
528 20:20
4,4511 4,4842
4,0991 4,1323
4,6579 4,6918
5,2221 5,2561
529 20:21
4,4511 4,4842
4,0982 4,1315
4,6583 4,6921
5,2219 5,2561
530 20:22
4,4511 4,4842
4,0983 4,1319
4,6583 4,6921
5,2219 5,2561
531 20:23
4,4512 4,4844
4,0987 4,1323
4,6584 4,6923
5,2218 5,2561
532 20:24
4,4511 4,4842
4,0987 4,1319
4,6583 4,6921
5,2219 5,2561
533 20:25
4,4511 4,4842
4,0978 4,1313
4,6583 4,6921
5,2219 5,2555
534 20:26
4,4511 4,4842
4,0974 4,1311
4,6583 4,6921
5,2219 5,2555
535 20:27
4,4511 4,4842
4,0974 4,1311
4,6583 4,6921
5,2219 5,2555
536 20:28
4,4511 4,4842
4,0974 4,1307
4,6578 4,6916
5,2219 5,2555
537 20:29
4,4511 4,4842
4,0974 4,1311
4,6583 4,6921
5,2213 5,2555
538 20:30
4,4511 4,4844
4,0978 4,1313
4,6579 4,6921
5,2219 5,2563
539 20:31
4,4511 4,4844
4,0974 4,1313
4,6583 4,6923
5,2219 5,2563
540 20:32
4,4511 4,4844
4,0974 4,1313
4,6579 4,6920
5,2213 5,2557
541 20:33
4,4511 4,4844
4,0983 4,1321
4,6579 4,6924
5,2213 5,2557
542 20:34
4,4512 4,4844
4,0982 4,1319
4,6578 4,6922
5,2212 5,2555
543 20:35
4,4511 4,4844
4,0983 4,1321
4,6581 4,6923
5,2213 5,2557
544 20:36
4,4511 4,4844
4,0987 4,1324
4,6579 4,6920
5,2213 5,2557
545 20:37
4,4511 4,4844
4,0991 4,1329
4,6579 4,6924
5,2213 5,2557
546 20:38
4,4512 4,4844
4,0986 4,1323
4,6579 4,6918
5,2218 5,2561
547 20:39
4,4512 4,4844
4,0982 4,1319
4,6579 4,6918
5,2218 5,2561
548 20:40
4,4511 4,4844
4,0983 4,1320
4,6578 4,6918
5,2219 5,2563
549 20:41
4,4512 4,4844
4,0990 4,1323
4,6579 4,6918
5,2218 5,2561
550 20:42
4,4512 4,4844
4,0990 4,1324
4,6579 4,6918
5,2218 5,2561
551 20:43
4,4511 4,4844
4,0986 4,1321
4,6578 4,6918
5,2219 5,2563
552 20:44
4,4512 4,4844
4,0982 4,1315
4,6579 4,6918
5,2218 5,2561
553 20:45
4,4512 4,4844
4,0986 4,1319
4,6578 4,6922
5,2225 5,2563
554 20:46
4,4512 4,4844
4,0993 4,1328
4,6578 4,6922
5,2218 5,2561
555 20:47
4,4511 4,4844
4,0987 4,1325
4,6583 4,6923
5,2219 5,2563
556 20:48
4,4511 4,4844
4,0993 4,1329
4,6579 4,6924
5,2219 5,2563
557 20:49
4,4512 4,4844
4,0990 4,1323
4,6582 4,6923
5,2224 5,2567
558 20:50
4,4512 4,4844
4,0986 4,1323
4,6579 4,6918
5,2224 5,2561
559 20:51
4,4512 4,4844
4,0982 4,1319
4,6579 4,6918
5,2225 5,2565
560 20:52
4,4512 4,4844
4,0982 4,1319
4,6578 4,6922
5,2218 5,2561
561 20:53
4,4511 4,4844
4,0987 4,1325
4,6583 4,6923
5,2219 5,2563
562 20:54
4,4512 4,4844
4,0994 4,1328
4,6584 4,6923
5,2218 5,2557
563 20:55
4,4512 4,4844
4,0993 4,1330
4,6584 4,6923
5,2218 5,2561
564 20:56
4,4511 4,4844
4,0993 4,1332
4,6583 4,6923
5,2219 5,2563
565 20:57
4,4511 4,4844
4,0995 4,1333
4,6584 4,6929
5,2218 5,2563
566 20:58
4,4512 4,4844
4,0994 4,1328
4,6589 4,6928
5,2218 5,2561
567 20:59
4,4519 4,4842
4,1005 4,1331
4,6596 4,6927
5,2227 5,2560
568 21:00
4,4521 4,4844
4,1003 4,1330
4,6593 4,6923
5,2223 5,2556
569 21:01
4,4521 4,4844
4,0994 4,1319
4,6597 4,6927
5,2217 5,2550
570 21:02
4,4510 4,4853
4,0978 4,1322
4,6586 4,6938
5,2212 5,2568
571 21:03
4,4519 4,4849
4,0978 4,1313
4,6592 4,6933
5,2226 5,2570
572 21:04
4,4521 4,4844
4,0984 4,1311
4,6593 4,6923
5,2217 5,2550
573 21:05
4,4522 4,4845
4,0982 4,1306
4,6599 4,6929
5,2221 5,2554
574 21:06
4,4521 4,4844
4,0977 4,1300
4,6598 4,6928
5,2221 5,2554
575 21:07
4,4521 4,4844
4,0968 4,1293
4,6598 4,6928
5,2223 5,2556
576 21:08
4,4520 4,4843
4,0972 4,1299
4,6599 4,6932
5,2225 5,2558
577 21:09
4,4520 4,4843
4,0971 4,1296
4,6602 4,6932
5,2221 5,2554
578 21:10
4,4509 4,4852
4,0962 4,1310
4,6591 4,6941
5,2217 5,2567
579 21:11
4,4519 4,4842
4,0974 4,1299
4,6601 4,6931
5,2227 5,2560
580 21:12
4,4520 4,4843
4,0983 4,1311
4,6602 4,6932
5,2227 5,2560
581 21:13
4,4520 4,4843
4,0984 4,1312
4,6602 4,6932
5,2228 5,2561
582 21:14
4,4514 4,4841
4,0977 4,1308
4,6596 4,6930
5,2228 5,2565
583 21:15
4,4514 4,4841
4,0977 4,1310
4,6597 4,6936
5,2229 5,2565
584 21:16
4,4513 4,4842
4,0976 4,1307
4,6596 4,6937
5,2221 5,2555
585 21:17
4,4513 4,4842
4,0970 4,1304
4,6600 4,6936
5,2221 5,2561
586 21:18
4,4515 4,4843
4,0959 4,1293
4,6602 4,6937
5,2227 5,2560
587 21:19
4,4513 4,4842
4,0957 4,1292
4,6600 4,6936
5,2221 5,2561
588 21:20
4,4514 4,4842
4,0966 4,1296
4,6596 4,6931
5,2226 5,2565
589 21:21
4,4513 4,4842
4,0968 4,1300
4,6600 4,6937
5,2226 5,2561
590 21:22
4,4513 4,4842
4,0970 4,1304
4,6600 4,6936
5,2226 5,2561
591 21:23
4,4513 4,4842
4,0972 4,1307
4,6600 4,6936
5,2227 5,2567
592 21:24
4,4516 4,4850
4,0971 4,1310
4,6603 4,6948
5,2229 5,2574
593 21:25
4,4513 4,4848
4,0965 4,1305
4,6595 4,6937
5,2226 5,2567
594 21:26
4,4511 4,4846
4,0960 4,1300
4,6588 4,6930
5,2224 5,2571
595 21:27
4,4510 4,4845
4,0958 4,1295
4,6587 4,6929
5,2223 5,2570
596 21:28
4,4511 4,4845
4,0959 4,1295
4,6582 4,6928
5,2223 5,2568
597 21:29
4,4511 4,4847
4,0959 4,1297
4,6588 4,6931
5,2224 5,2572
598 21:30
4,4509 4,4844
4,0955 4,1295
4,6586 4,6928
5,2223 5,2569
599 21:31
4,4507 4,4844
4,0956 4,1297
4,6580 4,6929
5,2226 5,2575
600 21:32
4,4497 4,4824
4,0944 4,1276
4,6569 4,6908
5,2216 5,2552
601 21:33
4,4497 4,4825
4,0948 4,1279
4,6567 4,6907
5,2206 5,2545
602 21:34
4,4497 4,4831
4,0950 4,1288
4,6567 4,6913
5,2213 5,2552
603 21:35
4,4497 4,4831
4,0946 4,1286
4,6567 4,6909
5,2213 5,2552
604 21:36
4,4497 4,4831
4,0949 4,1288
4,6567 4,6909
5,2207 5,2552
605 21:37
4,4501 4,4838
4,0951 4,1293
4,6573 4,6918
5,2220 5,2562
606 21:38
4,4501 4,4838
4,0950 4,1289
4,6568 4,6912
5,2214 5,2562
607 21:39
4,4502 4,4839
4,0944 4,1286
4,6584 4,6929
5,2220 5,2563
608 21:40
4,4508 4,4844
4,0955 4,1296
4,6589 4,6937
5,2226 5,2567
609 21:41
4,4507 4,4844
4,0956 4,1297
4,6594 4,6939
5,2226 5,2575
610 21:42
4,4508 4,4844
4,0959 4,1296
4,6593 4,6937
5,2226 5,2573
611 21:43
4,4508 4,4844
4,0948 4,1289
4,6589 4,6937
5,2220 5,2567
612 21:44
4,4507 4,4844
4,0953 4,1295
4,6594 4,6939
5,2227 5,2569
613 21:45
4,4509 4,4844
4,0955 4,1295
4,6596 4,6939
5,2229 5,2569
614 21:46
4,4509 4,4845
4,0955 4,1294
4,6594 4,6938
5,2228 5,2576
615 21:47
4,4510 4,4846
4,0948 4,1288
4,6595 4,6939
5,2229 5,2577
616 21:48
4,4511 4,4847
4,0947 4,1284
4,6592 4,6936
5,2230 5,2572
617 21:49
4,4511 4,4847
4,0947 4,1284
4,6593 4,6936
5,2224 5,2572
618 21:50
4,4510 4,4846
4,0947 4,1285
4,6587 4,6930
5,2223 5,2571
619 21:51
4,4509 4,4844
4,0928 4,1268
4,6586 4,6928
5,2223 5,2569
620 21:52
4,4509 4,4844
4,0938 4,1275
4,6591 4,6933
5,2223 5,2563
621 21:53
4,4510 4,4846
4,0942 4,1279
4,6592 4,6935
5,2222 5,2563
622 21:54
4,4510 4,4846
4,0938 4,1279
4,6591 4,6939
5,2223 5,2571
623 21:55
4,4510 4,4846
4,0931 4,1272
4,6600 4,6944
5,2222 5,2563
624 21:56
4,4505 4,4844
4,0928 4,1268
4,6597 4,6944
5,2211 5,2562
625 21:57
4,4507 4,4845
4,0933 4,1275
4,6597 4,6943
5,2213 5,2563
626 21:58
4,4506 4,4844
4,0935 4,1278
4,6596 4,6942
5,2218 5,2568
627 21:59
4,4505 4,4845
4,0934 4,1275
4,6600 4,6948
5,2211 5,2563
628 22:00
4,4504 4,4843
4,0933 4,1276
4,6605 4,6951
5,2210 5,2555
629 22:01
4,4506 4,4843
4,0939 4,1278
4,6608 4,6953
5,2212 5,2561
630 22:02
4,4507 4,4845
4,0939 4,1282
4,6607 4,6957
5,2213 5,2563
631 22:03
4,4504 4,4843
4,0935 4,1279
4,6606 4,6953
5,2210 5,2561
632 22:04
4,4505 4,4843
4,0934 4,1273
4,6605 4,6951
5,2211 5,2561
633 22:05
4,4504 4,4842
4,0931 4,1273
4,6605 4,6950
5,2210 5,2560
634 22:06
4,4501 4,4840
4,0928 4,1272
4,6602 4,6948
5,2207 5,2559
635 22:07
4,4501 4,4839
4,0930 4,1269
4,6602 4,6947
5,2206 5,2556
636 22:08
4,4500 4,4837
4,0927 4,1269
4,6601 4,6945
5,2205 5,2554
637 22:09
4,4500 4,4837
4,0927 4,1269
4,6597 4,6946
5,2205 5,2554
638 22:10
4,4500 4,4839
4,0927 4,1267
4,6597 4,6948
5,2205 5,2550
639 22:11
4,4509 4,4848
4,0932 4,1276
4,6605 4,6957
5,2210 5,2561
640 22:12
4,4509 4,4848
4,0932 4,1276
4,6611 4,6958
5,2216 5,2561
641 22:13
4,4510 4,4850
4,0931 4,1276
4,6610 4,6958
5,2216 5,2569
642 22:14
4,4509 4,4849
4,0930 4,1275
4,6605 4,6958
5,2215 5,2569
643 22:15
4,4511 4,4851
4,0933 4,1277
4,6609 4,6960
5,2217 5,2570
644 22:16
4,4509 4,4850
4,0932 4,1274
4,6605 4,6959
5,2210 5,2563
645 22:17
4,4510 4,4852
4,0931 4,1274
4,6605 4,6955
5,2211 5,2565
646 22:18
4,4505 4,4850
4,0928 4,1277
4,6602 4,6955
5,2206 5,2564
647 22:19
4,4505 4,4852
4,0931 4,1278
4,6597 4,6952
5,2205 5,2566
648 22:20
4,4505 4,4852
4,0931 4,1278
4,6597 4,6952
5,2205 5,2566
649 22:21
4,4503 4,4844
4,0930 4,1276
4,6595 4,6944
5,2203 5,2557
650 22:22
4,4501 4,4842
4,0927 4,1270
4,6598 4,6947
5,2201 5,2555
651 22:23
4,4501 4,4843
4,0924 4,1270
4,6596 4,6946
5,2193 5,2548
652 22:24
4,4500 4,4841
4,0927 4,1269
4,6592 4,6941
5,2200 5,2548
653 22:25
4,4501 4,4843
4,0926 4,1269
4,6591 4,6941
5,2199 5,2548
654 22:26
4,4501 4,4843
4,0924 4,1270
4,6587 4,6942
5,2193 5,2548
655 22:27
4,4501 4,4843
4,0924 4,1270
4,6587 4,6942
5,2199 5,2548
656 22:28
4,4501 4,4843
4,0926 4,1269
4,6587 4,6941
5,2200 5,2548
657 22:29
4,4501 4,4843
4,0926 4,1273
4,6591 4,6941
5,2199 5,2554
658 22:30
4,4500 4,4843
4,0927 4,1271
4,6602 4,6953
5,2200 5,2556
659 22:31
4,4500 4,4841
4,0927 4,1273
4,6597 4,6950
5,2206 5,2554
660 22:32
4,4501 4,4843
4,0926 4,1269
4,6598 4,6951
5,2206 5,2554
661 22:33
4,4500 4,4841
4,0927 4,1269
4,6597 4,6950
5,2206 5,2554
662 22:34
4,4500 4,4841
4,0927 4,1273
4,6601 4,6949
5,2206 5,2560
663 22:35
4,4501 4,4843
4,0926 4,1269
4,6596 4,6946
5,2205 5,2560
664 22:36
4,4502 4,4856
4,0928 4,1282
4,6597 4,6959
5,2206 5,2569
665 22:37
4,4501 4,4855
4,0927 4,1285
4,6596 4,6958
5,2205 5,2574
666 22:38
4,4503 4,4857
4,0929 4,1287
4,6594 4,6961
5,2208 5,2577
667 22:39
4,4501 4,4854
4,0927 4,1284
4,6592 4,6958
5,2200 5,2567
668 22:40
4,4502 4,4853
4,0936 4,1287
4,6599 4,6958
5,2208 5,2574
669 22:41
4,4501 4,4856
4,0931 4,1290
4,6598 4,6961
5,2207 5,2577
670 22:42
4,4503 4,4855
4,0933 4,1289
4,6596 4,6959
5,2209 5,2571
671 22:43
4,4502 4,4856
4,0928 4,1286
4,6597 4,6959
5,2200 5,2569
672 22:44
4,4503 4,4857
4,0933 4,1287
4,6594 4,6960
5,2201 5,2570
673 22:45
4,4502 4,4864
4,0927 4,1292
4,6593 4,6968
5,2200 5,2579
674 22:46
4,4503 4,4864
4,0930 4,1294
4,6595 4,6970
5,2203 5,2580
675 22:47
4,4502 4,4864
4,0927 4,1292
4,6592 4,6968
5,2200 5,2579
676 22:48
4,4503 4,4863
4,0932 4,1291
4,6593 4,6967
5,2202 5,2577
677 22:49
4,4501 4,4859
4,0931 4,1289
4,6592 4,6963
5,2200 5,2574
678 22:50
4,4489 4,4859
4,0915 4,1288
4,6579 4,6958
5,2185 5,2573
679 22:51
4,4491 4,4858
4,0919 4,1289
4,6583 4,6958
5,2196 5,2580
680 22:52
4,4493 4,4859
4,0919 4,1288
4,6583 4,6957
5,2196 5,2579
681 22:53
4,4492 4,4860
4,0919 4,1289
4,6577 4,6959
5,2195 5,2580
682 22:54
4,4490 4,4859
4,0917 4,1288
4,6575 4,6959
5,2193 5,2580
683 22:55
4,4489 4,4857
4,0920 4,1286
4,6570 4,6951
5,2194 5,2575
684 22:56
4,4491 4,4868
4,0918 4,1293
4,6573 4,6964
5,2189 5,2591
685 22:57
4,4486 4,4863
4,0913 4,1288
4,6571 4,6963
5,2190 5,2586
686 22:58
4,4488 4,4862
4,0915 4,1291
4,6573 4,6962
5,2185 5,2583
687 22:59
4,4487 4,4863
4,0910 4,1291
4,6572 4,6963
5,2189 5,2590
688 23:00
4,4468 4,4883
4,0894 4,1347
4,6505 4,7022
5,2121 5,2621
689 23:01
4,4468 4,4886
4,0893 4,1352
4,6507 4,7023
5,2150 5,2616
690 23:02
4,4462 4,4891
4,0885 4,1365
4,6532 4,7130
5,2151 5,2646
691 23:03
4,4462 4,4891
4,0891 4,1348
4,6541 4,7229
5,2163 5,2670
692 23:04
4,4462 4,4891
4,0891 4,1348
4,6541 4,7229
5,2157 5,2664
693 23:05
4,4462 4,4891
4,0891 4,1348
4,6541 4,7219
5,2157 5,2646
694 23:06
4,4462 4,4891
4,0900 4,1334
4,6538 4,7067
5,2158 5,2628
695 23:07
4,4462 4,4891
4,0900 4,1338
4,6538 4,7057
5,2157 5,2628
696 23:08
4,4462 4,4891
4,0900 4,1342
4,6557 4,7072
5,2168 5,2635
697 23:09
4,4462 4,4891
4,0900 4,1338
4,6551 4,7051
5,2168 5,2630
698 23:10
4,4462 4,4891
4,0896 4,1334
4,6547 4,7052
5,2168 5,2630
699 23:11
4,4462 4,4891
4,0896 4,1338
4,6537 4,7041
5,2168 5,2630
700 23:12
4,4462 4,4891
4,0895 4,1344
4,6547 4,7052
5,2175 5,2642
701 23:13
4,4462 4,4891
4,0895 4,1344
4,6547 4,7052
5,2173 5,2636
702 23:14
4,4462 4,4891
4,0896 4,1338
4,6542 4,7047
5,2168 5,2629
703 23:15
4,4462 4,4891
4,0899 4,1340
4,6542 4,7045
5,2177 5,2653
704 23:16
4,4448 4,4892
4,0886 4,1342
4,6531 4,7051
5,2171 5,2653
705 23:17
4,4448 4,4892
4,0886 4,1342
4,6540 4,7066
5,2171 5,2653
706 23:18
4,4448 4,4892
4,0878 4,1333
4,6527 4,7062
5,2140 5,2628
707 23:19
4,4448 4,4892
4,0870 4,1333
4,6522 4,7067
5,2134 5,2628
708 23:20
4,4448 4,4892
4,0870 4,1333
4,6516 4,7066
5,2134 5,2628
709 23:21
4,4437 4,4897
4,0849 4,1330
4,6408 4,7047
5,2108 5,2621
710 23:22
4,4448 4,4890
4,0863 4,1320
4,6423 4,7029
5,2127 5,2606
711 23:23
4,4448 4,4890
4,0863 4,1320
4,6424 4,7025
5,2121 5,2606
712 23:24
4,4438 4,4894
4,0853 4,1324
4,6414 4,7029
5,2110 5,2612
713 23:25
4,4454 4,4886
4,0869 4,1317
4,6429 4,7015
5,2129 5,2603
714 23:26
4,4453 4,4884
4,0868 4,1315
4,6435 4,7020
5,2128 5,2601
715 23:27
4,4453 4,4884
4,0868 4,1315
4,6435 4,7020
5,2134 5,2602
716 23:28
4,4453 4,4884
4,0876 4,1327
4,6440 4,7035
5,2134 5,2613
717 23:29
4,4453 4,4884
4,0872 4,1319
4,6444 4,7024
5,2134 5,2607
718 23:30
4,4442 4,4896
4,0861 4,1327
4,6427 4,7035
5,2122 5,2614
719 23:31
4,4436 4,4902
4,0856 4,1332
4,6441 4,7028
5,2119 5,2620
720 23:32
4,4443 4,4892
4,0864 4,1324
4,6507 4,7003
5,2123 5,2610
721 23:33
4,4445 4,4891
4,0864 4,1317
4,6503 4,6999
5,2130 5,2607
722 23:34
4,4443 4,4892
4,0864 4,1320
4,6507 4,7003
5,2129 5,2610
723 23:35
4,4436 4,4902
4,0856 4,1328
4,6498 4,7012
5,2119 5,2620
724 23:36
4,4442 4,4896
4,0862 4,1326
4,6516 4,7007
5,2126 5,2613
725 23:37
4,4444 4,4894
4,0863 4,1324
4,6518 4,7005
5,2124 5,2611
726 23:38
4,4420 4,4920
4,0841 4,1344
4,6493 4,7032
5,2095 5,2643
727 23:39
4,4453 4,4887
4,0872 4,1356
4,6522 4,7003
5,2134 5,2654
728 23:40
4,4453 4,4887
4,0872 4,1314
4,6521 4,6997
5,2128 5,2604
729 23:41
4,4441 4,4894
4,0862 4,1322
4,6514 4,7010
5,2133 5,2624
730 23:42
4,4443 4,4892
4,0874 4,1326
4,6520 4,7009
5,2135 5,2622
731 23:43
4,4443 4,4895
4,0869 4,1328
4,6526 4,7011
5,2146 5,2637
732 23:44
4,4444 4,4894
4,0874 4,1331
4,6528 4,7005
5,2150 5,2641
733 23:45
4,4425 4,4911
4,0857 4,1350
4,6506 4,7022
5,2133 5,2658
734 23:46
4,4437 4,4899
4,0871 4,1362
4,6505 4,7020
5,2145 5,2680
735 23:47
4,4438 4,4895
4,0869 4,1348
4,6520 4,7016
5,2148 5,2660
736 23:48
4,4441 4,4895
4,0872 4,1348
4,6523 4,7015
5,2150 5,2655
737 23:49
4,4418 4,4920
4,0850 4,1371
4,6501 4,7042
5,2122 5,2685
738 23:50
4,4453 4,4887
4,0883 4,1341
4,6534 4,7006
5,2165 5,2647
739 23:51
4,4453 4,4887
4,0883 4,1341
4,6550 4,7007
5,2159 5,2641
740 23:52
4,4453 4,4887
4,0883 4,1337
4,6542 4,7007
5,2159 5,2641
741 23:53
4,4453 4,4887
4,0887 4,1337
4,6540 4,7006
5,2159 5,2641
742 23:54
4,4453 4,4887
4,0883 4,1329
4,6552 4,7007
5,2159 5,2635
743 23:55
4,4453 4,4887
4,0887 4,1329
4,6546 4,7002
5,2157 5,2628
744 23:56
4,4454 4,4883
4,0889 4,1331
4,6547 4,7004
5,2161 5,2637
745 23:57
4,4455 4,4885
4,0885 4,1331
4,6547 4,6999
5,2160 5,2637
746 23:58
4,4454 4,4886
4,0884 4,1332
4,6542 4,7000
5,2160 5,2640
747 23:59
4,4453 4,4884
4,0884 4,1328
4,6528 4,7005
5,2160 5,2638
748 00:00
4,4461 4,4887
4,0887 4,1319
4,6539 4,6996
5,2136 5,2636
