#======================
2023-9-22
# 1.EUR, 2.USD, 3.CHF, 4.GBP
Sell Price, Buy Price
1 08:01:21
4,5946 4,6269
4,3148 4,3471
4,7651 4,7981
5,2976 5,3310
2 08:02:20
4,5947 4,6270
4,3153 4,3476
4,7662 4,7992
5,2977 5,3311
3 08:03:21
4,5950 4,6273
4,3152 4,3475
4,7655 4,7985
5,2993 5,3327
4 08:04:21
4,5953 4,6276
4,3155 4,3478
4,7657 4,7987
5,2997 5,3331
5 08:05:20
4,5957 4,6280
4,3159 4,3482
4,7653 4,7983
5,3002 5,3336
6 08:06:20
4,5955 4,6278
4,3159 4,3482
4,7642 4,7972
5,3000 5,3334
7 08:07:21
4,5951 4,6274
4,3144 4,3467
4,7646 4,7976
5,3000 5,3334
8 08:08:21
4,5949 4,6272
4,3139 4,3462
4,7656 4,7986
5,2993 5,3327
9 08:09:21
4,5948 4,6271
4,3138 4,3461
4,7654 4,7984
5,3007 5,3341
10 08:10:20
4,5947 4,6270
4,3141 4,3464
4,7658 4,7988
5,3002 5,3336
11 08:11:20
4,5948 4,6271
4,3143 4,3466
4,7653 4,7983
5,2997 5,3331
12 08:12:21
4,5948 4,6271
4,3142 4,3465
4,7656 4,7986
5,3006 5,3340
13 08:13:21
4,5943 4,6266
4,3139 4,3462
4,7658 4,7988
5,3003 5,3337
14 08:14:21
4,5939 4,6262
4,3140 4,3463
4,7657 4,7987
5,3003 5,3337
15 08:15:20
4,5954 4,6277
4,3152 4,3475
4,7670 4,8000
5,3018 5,3352
16 08:16:20
4,5953 4,6276
4,3155 4,3478
4,7669 4,7999
5,3022 5,3356
17 08:17:20
4,5955 4,6278
4,3157 4,3480
4,7669 4,7999
5,3031 5,3365
18 08:18:20
4,5953 4,6276
4,3147 4,3470
4,7669 4,7999
5,3028 5,3362
19 08:19:21
4,5953 4,6276
4,3148 4,3471
4,7663 4,7993
5,3029 5,3363
20 08:20:21
4,5952 4,6275
4,3147 4,3470
4,7665 4,7995
5,3026 5,3360
21 08:21:21
4,5952 4,6275
4,3149 4,3472
4,7672 4,8002
5,3032 5,3366
22 08:22:21
4,5968 4,6291
4,3169 4,3492
4,7684 4,8014
5,3036 5,3370
23 08:23:21
4,5989 4,6312
4,3192 4,3515
4,7706 4,8036
5,3060 5,3394
24 08:24:21
4,5991 4,6314
4,3188 4,3511
4,7705 4,8035
5,3059 5,3393
25 08:25:21
4,5991 4,6314
4,3188 4,3511
4,7703 4,8033
5,3053 5,3387
26 08:26:20
4,5990 4,6313
4,3184 4,3507
4,7707 4,8037
5,3055 5,3389
27 08:27:20
4,5991 4,6314
4,3186 4,3509
4,7708 4,8038
5,3053 5,3387
28 08:28:20
4,5977 4,6300
4,3155 4,3478
4,7688 4,8018
5,3025 5,3359
29 08:29:21
4,5973 4,6296
4,3155 4,3478
4,7685 4,8015
5,3039 5,3373
30 08:30:28
4,5981 4,6304
4,3163 4,3486
4,7689 4,8019
5,3034 5,3368
31 08:31:21
4,5970 4,6293
4,3151 4,3474
4,7672 4,8002
5,3014 5,3348
32 08:32:21
4,5974 4,6297
4,3158 4,3481
4,7677 4,8007
5,3018 5,3352
33 08:33:21
4,5972 4,6295
4,3150 4,3473
4,7673 4,8003
5,3022 5,3356
34 08:34:22
4,5950 4,6273
4,3138 4,3461
4,7651 4,7981
5,2997 5,3331
35 08:35:21
4,5949 4,6272
4,3135 4,3458
4,7645 4,7975
5,2981 5,3315
36 08:36:21
4,5945 4,6268
4,3123 4,3446
4,7636 4,7966
5,2980 5,3314
37 08:37:20
4,5945 4,6268
4,3125 4,3448
4,7636 4,7966
5,2966 5,3300
38 08:38:20
4,5944 4,6267
4,3122 4,3445
4,7644 4,7974
5,2975 5,3309
39 08:39:20
4,5943 4,6266
4,3117 4,3440
4,7647 4,7977
5,2960 5,3294
40 08:40:21
4,5942 4,6265
4,3112 4,3435
4,7639 4,7969
5,2957 5,3291
41 08:41:21
4,5945 4,6268
4,3117 4,3440
4,7649 4,7979
5,2957 5,3291
42 08:42:21
4,5940 4,6263
4,3110 4,3433
4,7638 4,7968
5,2951 5,3285
43 08:43:21
4,5939 4,6262
4,3109 4,3432
4,7625 4,7955
5,2960 5,3294
44 08:44:21
4,5934 4,6257
4,3096 4,3419
4,7610 4,7940
5,2944 5,3278
45 08:45:21
4,5941 4,6264
4,3103 4,3426
4,7625 4,7955
5,2960 5,3294
46 08:46:20
4,5942 4,6265
4,3102 4,3425
4,7626 4,7956
5,2954 5,3288
47 08:47:20
4,5941 4,6264
4,3101 4,3424
4,7615 4,7945
5,2941 5,3275
48 08:48:21
4,5942 4,6265
4,3105 4,3428
4,7615 4,7945
5,2947 5,3281
49 08:49:21
4,5943 4,6266
4,3113 4,3436
4,7614 4,7944
5,2962 5,3296
50 08:50:21
4,5944 4,6267
4,3111 4,3434
4,7609 4,7939
5,2952 5,3286
51 08:51:20
4,5944 4,6267
4,3112 4,3435
4,7608 4,7938
5,2957 5,3291
52 08:52:20
4,5944 4,6267
4,3112 4,3435
4,7600 4,7930
5,2956 5,3290
53 08:53:20
4,5948 4,6271
4,3110 4,3433
4,7599 4,7929
5,2967 5,3301
54 08:54:21
4,5944 4,6267
4,3110 4,3433
4,7590 4,7920
5,2965 5,3299
55 08:55:21
4,5943 4,6266
4,3105 4,3428
4,7597 4,7927
5,2965 5,3299
56 08:56:21
4,5943 4,6266
4,3104 4,3427
4,7594 4,7924
5,2970 5,3304
57 08:57:21
4,5942 4,6265
4,3108 4,3431
4,7588 4,7918
5,2963 5,3297
58 08:58:21
4,5942 4,6265
4,3102 4,3425
4,7593 4,7923
5,2966 5,3300
59 08:59:21
4,5940 4,6263
4,3108 4,3431
4,7591 4,7921
5,2964 5,3298
60 09:00:22
4,5946 4,6269
4,3107 4,3430
4,7593 4,7923
5,2967 5,3301
61 09:01:32
4,5954 4,6277
4,3119 4,3442
4,7583 4,7913
5,2967 5,3301
62 09:02:21
4,5979 4,6302
4,3144 4,3467
4,7601 4,7931
5,2993 5,3327
63 09:03:22
4,5973 4,6296
4,3137 4,3460
4,7590 4,7920
5,2984 5,3318
64 09:04:21
4,5967 4,6290
4,3135 4,3458
4,7588 4,7918
5,2973 5,3307
65 09:05:21
4,5956 4,6279
4,3123 4,3446
4,7578 4,7908
5,2961 5,3295
66 09:06:21
4,5947 4,6270
4,3111 4,3433
4,7593 4,7924
5,2960 5,3294
67 09:07:21
4,5946 4,6269
4,3108 4,3430
4,7588 4,7919
5,2953 5,3287
68 09:08:20
4,5938 4,6261
4,3090 4,3412
4,7587 4,7918
5,2943 5,3277
69 09:09:20
4,5938 4,6261
4,3078 4,3400
4,7578 4,7909
5,2943 5,3277
70 09:10:20
4,5936 4,6259
4,3070 4,3392
4,7567 4,7898
5,2941 5,3275
71 09:11:21
4,5938 4,6262
4,3071 4,3393
4,7593 4,7923
5,2943 5,3277
72 09:12:21
4,5938 4,6262
4,3072 4,3394
4,7596 4,7926
5,2937 5,3271
73 09:13:21
4,5938 4,6262
4,3074 4,3396
4,7594 4,7924
5,2937 5,3271
74 09:14:21
4,5937 4,6261
4,3064 4,3386
4,7592 4,7922
5,2932 5,3266
75 09:15:21
4,5905 4,6229
4,3047 4,3369
4,7559 4,7889
5,2893 5,3227
76 09:16:21
4,5911 4,6234
4,3204 4,3526
4,7655 4,7986
5,3004 5,3338
77 09:17:20
4,5916 4,6239
4,3247 4,3569
4,7677 4,8008
5,3038 5,3372
78 09:18:20
4,5950 4,6273
4,3239 4,3563
4,7685 4,8016
5,3043 5,3377
79 09:19:20
4,5954 4,6277
4,3242 4,3564
4,7677 4,8008
5,3045 5,3379
80 09:20:21
4,5951 4,6274
4,3241 4,3563
4,7694 4,8025
5,3028 5,3362
81 09:21:21
4,5952 4,6276
4,3274 4,3596
4,7721 4,8052
5,3051 5,3385
82 09:22:21
4,5952 4,6276
4,3269 4,3591
4,7725 4,8056
5,3055 5,3389
83 09:23:21
4,5957 4,6281
4,3294 4,3616
4,7740 4,8071
5,3069 5,3403
84 09:24:20
4,5961 4,6285
4,3289 4,3611
4,7745 4,8076
5,3080 5,3414
85 09:25:20
4,5955 4,6279
4,3265 4,3587
4,7732 4,8063
5,3057 5,3391
86 09:26:21
4,5954 4,6277
4,3272 4,3594
4,7723 4,8054
5,3062 5,3396
87 09:27:21
4,5948 4,6271
4,3254 4,3576
4,7720 4,8051
5,3056 5,3390
88 09:28:21
4,5944 4,6267
4,3255 4,3577
4,7721 4,8052
5,3048 5,3382
89 09:29:21
4,5937 4,6260
4,3259 4,3581
4,7716 4,8047
5,3046 5,3380
90 09:30:21
4,5943 4,6266
4,3255 4,3577
4,7708 4,8041
5,3055 5,3392
91 09:31:20
4,5944 4,6267
4,3186 4,3508
4,7687 4,8018
5,2980 5,3314
92 09:32:22
4,5942 4,6265
4,3175 4,3497
4,7677 4,8008
5,2981 5,3315
93 09:33:29
4,5943 4,6266
4,3176 4,3498
4,7672 4,8003
5,2985 5,3319
94 09:34:21
4,5941 4,6264
4,3157 4,3479
4,7655 4,7986
5,2970 5,3304
95 09:35:21
4,5943 4,6266
4,3149 4,3471
4,7663 4,7994
5,2969 5,3303
96 09:36:21
4,5939 4,6263
4,3153 4,3475
4,7658 4,7989
5,2978 5,3312
97 09:37:21
4,5938 4,6262
4,3149 4,3471
4,7652 4,7983
5,2977 5,3311
98 09:38:21
4,5938 4,6262
4,3147 4,3469
4,7646 4,7977
5,2977 5,3311
99 09:39:21
4,5940 4,6264
4,3148 4,3470
4,7651 4,7982
5,2978 5,3312
100 09:40:21
4,5938 4,6262
4,3149 4,3471
4,7651 4,7982
5,2970 5,3304
101 09:41:21
4,5936 4,6259
4,3161 4,3483
4,7653 4,7984
5,2977 5,3311
102 09:42:20
4,5937 4,6260
4,3175 4,3497
4,7659 4,7990
5,2973 5,3307
103 09:43:20
4,5937 4,6260
4,3170 4,3492
4,7654 4,7985
5,2963 5,3297
104 09:44:21
4,5936 4,6259
4,3154 4,3476
4,7655 4,7986
5,2966 5,3300
105 09:45:21
4,5938 4,6261
4,3161 4,3483
4,7654 4,7985
5,2964 5,3298
106 09:46:21
4,5935 4,6259
4,3166 4,3488
4,7655 4,7984
5,2964 5,3298
107 09:47:21
4,5936 4,6260
4,3149 4,3471
4,7646 4,7975
5,2956 5,3290
108 09:48:21
4,5904 4,6228
4,3117 4,3439
4,7608 4,7937
5,2919 5,3253
109 09:49:20
4,5916 4,6240
4,3127 4,3449
4,7626 4,7955
5,2933 5,3267
110 09:50:20
4,5908 4,6232
4,3123 4,3445
4,7623 4,7952
5,2927 5,3261
111 09:51:21
4,5902 4,6225
4,3114 4,3437
4,7613 4,7943
5,2918 5,3252
112 09:52:21
4,5903 4,6226
4,3112 4,3434
4,7611 4,7941
5,2918 5,3252
113 09:53:21
4,5902 4,6225
4,3108 4,3430
4,7603 4,7933
5,2912 5,3246
114 09:54:21
4,5908 4,6231
4,3108 4,3430
4,7605 4,7935
5,2917 5,3251
115 09:55:21
4,5890 4,6213
4,3097 4,3419
4,7595 4,7925
5,2899 5,3233
116 09:56:20
4,5877 4,6200
4,3079 4,3401
4,7564 4,7895
5,2878 5,3212
117 09:57:20
4,5872 4,6195
4,3073 4,3395
4,7556 4,7887
5,2879 5,3213
118 09:58:20
4,5878 4,6201
4,3084 4,3406
4,7565 4,7896
5,2889 5,3223
119 09:59:20
4,5889 4,6212
4,3105 4,3427
4,7581 4,7912
5,2901 5,3235
120 10:00:27
4,5884 4,6207
4,3097 4,3419
4,7582 4,7913
5,2896 5,3230
121 10:01:43
4,5885 4,6209
4,3091 4,3413
4,7581 4,7912
5,2888 5,3222
122 10:02:21
4,5885 4,6209
4,3093 4,3415
4,7573 4,7904
5,2882 5,3216
123 10:03:24
4,5878 4,6202
4,3080 4,3402
4,7555 4,7886
5,2873 5,3207
124 10:04:21
4,5875 4,6199
4,3079 4,3401
4,7554 4,7885
5,2867 5,3201
125 10:05:21
4,5873 4,6197
4,3081 4,3403
4,7555 4,7886
5,2864 5,3198
126 10:06:20
4,5873 4,6196
4,3082 4,3404
4,7550 4,7880
5,2862 5,3196
127 10:07:20
4,5873 4,6196
4,3084 4,3406
4,7550 4,7880
5,2859 5,3193
128 10:08:20
4,5867 4,6190
4,3084 4,3406
4,7551 4,7881
5,2858 5,3192
129 10:09:20
4,5864 4,6187
4,3092 4,3414
4,7568 4,7898
5,2858 5,3192
130 10:10:21
4,5861 4,6184
4,3089 4,3411
4,7565 4,7895
5,2858 5,3192
131 10:11:21
4,5875 4,6198
4,3112 4,3434
4,7580 4,7910
5,2874 5,3208
132 10:12:21
4,5872 4,6195
4,3107 4,3429
4,7572 4,7902
5,2876 5,3210
133 10:13:21
4,5873 4,6196
4,3110 4,3432
4,7576 4,7906
5,2877 5,3211
134 10:14:20
4,5875 4,6198
4,3106 4,3428
4,7580 4,7910
5,2883 5,3217
135 10:15:20
4,5889 4,6212
4,3119 4,3441
4,7587 4,7917
5,2887 5,3221
136 10:16:21
4,5885 4,6209
4,3111 4,3433
4,7585 4,7916
5,2882 5,3216
137 10:17:21
4,5887 4,6211
4,3105 4,3427
4,7585 4,7916
5,2884 5,3218
138 10:18:21
4,5887 4,6211
4,3111 4,3433
4,7583 4,7914
5,2875 5,3209
139 10:19:21
4,5888 4,6212
4,3112 4,3434
4,7596 4,7927
5,2851 5,3185
140 10:20:21
4,5885 4,6209
4,3115 4,3437
4,7602 4,7933
5,2857 5,3191
141 10:21:21
4,5887 4,6210
4,3119 4,3441
4,7604 4,7935
5,2850 5,3184
142 10:22:21
4,5890 4,6213
4,3119 4,3441
4,7608 4,7939
5,2846 5,3180
143 10:23:20
4,5903 4,6226
4,3129 4,3451
4,7617 4,7948
5,2870 5,3204
144 10:24:21
4,5904 4,6227
4,3123 4,3445
4,7622 4,7953
5,2876 5,3210
145 10:25:21
4,5902 4,6225
4,3129 4,3451
4,7622 4,7953
5,2879 5,3213
146 10:26:21
4,5911 4,6235
4,3142 4,3465
4,7625 4,7956
5,2894 5,3228
147 10:27:21
4,5916 4,6240
4,3142 4,3465
4,7632 4,7963
5,2893 5,3227
148 10:28:20
4,5904 4,6228
4,3131 4,3454
4,7614 4,7945
5,2876 5,3210
149 10:29:20
4,5902 4,6226
4,3128 4,3451
4,7616 4,7947
5,2875 5,3209
150 10:30:21
4,5903 4,6227
4,3129 4,3452
4,7616 4,7947
5,2878 5,3212
151 10:31:21
4,5905 4,6229
4,3124 4,3447
4,7608 4,7938
5,2883 5,3217
152 10:32:21
4,5897 4,6221
4,3115 4,3438
4,7590 4,7920
5,2843 5,3177
153 10:33:20
4,5898 4,6222
4,3122 4,3445
4,7599 4,7929
5,2848 5,3182
154 10:34:20
4,5884 4,6208
4,3116 4,3439
4,7588 4,7918
5,2841 5,3175
155 10:35:20
4,5882 4,6206
4,3119 4,3442
4,7593 4,7923
5,2851 5,3185
156 10:36:21
4,5926 4,6250
4,3167 4,3490
4,7644 4,7973
5,2906 5,3240
157 10:37:21
4,5928 4,6252
4,3168 4,3491
4,7645 4,7974
5,2897 5,3231
158 10:38:21
4,5927 4,6251
4,3159 4,3482
4,7642 4,7971
5,2894 5,3228
159 10:39:21
4,5900 4,6224
4,3124 4,3447
4,7610 4,7939
5,2857 5,3191
160 10:40:21
4,5895 4,6219
4,3111 4,3434
4,7604 4,7933
5,2851 5,3185
161 10:41:20
4,5889 4,6212
4,3107 4,3430
4,7597 4,7928
5,2847 5,3181
162 10:42:20
4,5890 4,6213
4,3110 4,3433
4,7600 4,7931
5,2835 5,3169
163 10:43:21
4,5893 4,6216
4,3121 4,3444
4,7608 4,7939
5,2833 5,3167
164 10:44:21
4,5894 4,6217
4,3113 4,3436
4,7601 4,7932
5,2840 5,3174
165 10:45:21
4,5895 4,6218
4,3109 4,3432
4,7600 4,7931
5,2833 5,3167
166 10:46:21
4,5890 4,6214
4,3114 4,3437
4,7608 4,7939
5,2824 5,3158
167 10:47:21
4,5889 4,6213
4,3109 4,3432
4,7592 4,7923
5,2811 5,3145
168 10:48:20
4,5895 4,6219
4,3121 4,3444
4,7598 4,7929
5,2808 5,3142
169 10:49:20
4,5897 4,6221
4,3129 4,3452
4,7600 4,7931
5,2823 5,3157
170 10:50:21
4,5895 4,6219
4,3114 4,3437
4,7592 4,7923
5,2817 5,3151
171 10:51:21
4,5902 4,6226
4,3121 4,3444
4,7596 4,7926
5,2826 5,3160
172 10:52:21
4,5914 4,6238
4,3130 4,3453
4,7602 4,7932
5,2839 5,3173
173 10:53:21
4,5906 4,6230
4,3125 4,3448
4,7595 4,7925
5,2827 5,3161
174 10:54:21
4,5896 4,6220
4,3114 4,3437
4,7586 4,7916
5,2830 5,3164
175 10:55:20
4,5895 4,6219
4,3109 4,3432
4,7585 4,7915
5,2836 5,3170
176 10:56:20
4,5894 4,6218
4,3111 4,3434
4,7582 4,7911
5,2843 5,3177
177 10:57:20
4,5896 4,6220
4,3113 4,3436
4,7584 4,7913
5,2848 5,3182
178 10:58:21
4,5904 4,6228
4,3117 4,3440
4,7579 4,7908
5,2862 5,3196
179 10:59:21
4,5899 4,6223
4,3116 4,3439
4,7573 4,7902
5,2861 5,3195
180 11:00:21
4,5899 4,6223
4,3114 4,3437
4,7567 4,7896
5,2853 5,3187
181 11:01:21
4,5900 4,6223
4,3115 4,3438
4,7574 4,7903
5,2853 5,3187
182 11:02:20
4,5897 4,6220
4,3108 4,3431
4,7571 4,7900
5,2850 5,3184
183 11:03:20
4,5896 4,6219
4,3106 4,3429
4,7576 4,7905
5,2834 5,3168
184 11:04:21
4,5883 4,6206
4,3097 4,3420
4,7559 4,7888
5,2815 5,3149
185 11:05:20
4,5886 4,6209
4,3100 4,3423
4,7559 4,7888
5,2816 5,3150
186 11:06:20
4,5884 4,6208
4,3104 4,3427
4,7555 4,7884
5,2816 5,3150
187 11:07:21
4,5884 4,6208
4,3098 4,3421
4,7558 4,7887
5,2820 5,3154
188 11:08:21
4,5880 4,6204
4,3099 4,3422
4,7561 4,7890
5,2809 5,3143
189 11:09:20
4,5877 4,6201
4,3102 4,3425
4,7560 4,7889
5,2812 5,3146
190 11:10:20
4,5877 4,6201
4,3094 4,3417
4,7556 4,7885
5,2805 5,3139
191 11:11:20
4,5876 4,6199
4,3097 4,3420
4,7551 4,7882
5,2808 5,3142
192 11:12:21
4,5876 4,6199
4,3109 4,3432
4,7550 4,7881
5,2811 5,3145
193 11:13:21
4,5876 4,6199
4,3092 4,3415
4,7550 4,7881
5,2798 5,3132
194 11:14:21
4,5878 4,6201
4,3098 4,3421
4,7552 4,7883
5,2800 5,3134
195 11:15:21
4,5878 4,6201
4,3105 4,3428
4,7558 4,7889
5,2813 5,3147
196 11:16:20
4,5879 4,6202
4,3117 4,3440
4,7559 4,7889
5,2823 5,3157
197 11:17:20
4,5879 4,6202
4,3113 4,3436
4,7559 4,7889
5,2826 5,3160
198 11:18:21
4,5882 4,6205
4,3119 4,3442
4,7556 4,7886
5,2826 5,3160
199 11:19:21
4,5883 4,6206
4,3126 4,3449
4,7562 4,7892
5,2822 5,3156
200 11:20:20
4,5887 4,6210
4,3130 4,3453
4,7566 4,7896
5,2830 5,3164
201 11:21:20
4,5886 4,6209
4,3131 4,3454
4,7560 4,7889
5,2822 5,3156
202 11:22:20
4,5886 4,6209
4,3133 4,3456
4,7562 4,7891
5,2831 5,3165
203 11:23:21
4,5888 4,6211
4,3132 4,3455
4,7565 4,7894
5,2827 5,3161
204 11:24:21
4,5887 4,6210
4,3136 4,3459
4,7566 4,7895
5,2823 5,3157
205 11:25:21
4,5902 4,6225
4,3164 4,3487
4,7589 4,7918
5,2859 5,3193
206 11:26:21
4,5900 4,6223
4,3160 4,3483
4,7586 4,7915
5,2843 5,3177
207 11:27:20
4,5902 4,6225
4,3167 4,3490
4,7589 4,7918
5,2835 5,3169
208 11:28:21
4,5902 4,6225
4,3164 4,3487
4,7588 4,7917
5,2843 5,3177
209 11:29:21
4,5901 4,6224
4,3161 4,3484
4,7590 4,7919
5,2842 5,3176
210 11:30:21
4,5901 4,6224
4,3159 4,3482
4,7600 4,7929
5,2851 5,3185
211 11:31:20
4,5897 4,6221
4,3149 4,3472
4,7586 4,7915
5,2853 5,3187
212 11:32:20
4,5883 4,6207
4,3137 4,3460
4,7571 4,7900
5,2833 5,3167
213 11:33:21
4,5882 4,6206
4,3137 4,3460
4,7571 4,7900
5,2836 5,3170
214 11:34:21
4,5882 4,6206
4,3129 4,3452
4,7573 4,7902
5,2832 5,3166
215 11:35:21
4,5872 4,6196
4,3115 4,3438
4,7562 4,7891
5,2818 5,3152
216 11:36:20
4,5875 4,6198
4,3121 4,3443
4,7566 4,7895
5,2822 5,3156
217 11:37:20
4,5882 4,6205
4,3125 4,3447
4,7573 4,7902
5,2827 5,3161
218 11:38:21
4,5894 4,6217
4,3142 4,3464
4,7586 4,7915
5,2841 5,3175
219 11:39:21
4,5886 4,6209
4,3142 4,3464
4,7587 4,7916
5,2831 5,3165
220 11:40:21
4,5881 4,6204
4,3136 4,3458
4,7579 4,7908
5,2825 5,3159
221 11:41:20
4,5886 4,6209
4,3145 4,3467
4,7587 4,7916
5,2831 5,3165
222 11:42:20
4,5899 4,6222
4,3153 4,3475
4,7603 4,7932
5,2846 5,3180
223 11:43:21
4,5895 4,6218
4,3155 4,3477
4,7599 4,7928
5,2838 5,3172
224 11:44:21
4,5895 4,6218
4,3155 4,3477
4,7603 4,7932
5,2838 5,3172
225 11:45:21
4,5895 4,6218
4,3157 4,3479
4,7604 4,7933
5,2835 5,3169
226 11:46:21
4,5897 4,6220
4,3160 4,3482
4,7606 4,7935
5,2826 5,3160
227 11:47:21
4,5897 4,6220
4,3158 4,3480
4,7614 4,7943
5,2838 5,3172
228 11:48:20
4,5898 4,6221
4,3154 4,3476
4,7619 4,7948
5,2830 5,3164
229 11:49:20
4,5899 4,6222
4,3160 4,3482
4,7621 4,7950
5,2835 5,3169
230 11:50:20
4,5893 4,6216
4,3151 4,3473
4,7614 4,7943
5,2827 5,3161
231 11:51:21
4,5883 4,6206
4,3146 4,3468
4,7605 4,7936
5,2812 5,3146
232 11:52:21
4,5881 4,6204
4,3144 4,3466
4,7601 4,7932
5,2807 5,3141
233 11:53:21
4,5884 4,6207
4,3145 4,3467
4,7601 4,7932
5,2807 5,3141
234 11:54:21
4,5888 4,6211
4,3151 4,3473
4,7605 4,7936
5,2818 5,3152
235 11:55:20
4,5891 4,6214
4,3153 4,3475
4,7609 4,7940
5,2818 5,3152
236 11:56:20
4,5871 4,6194
4,3131 4,3453
4,7586 4,7915
5,2805 5,3139
237 11:57:21
4,5865 4,6188
4,3121 4,3443
4,7580 4,7909
5,2800 5,3134
238 11:58:21
4,5862 4,6185
4,3106 4,3428
4,7572 4,7901
5,2792 5,3126
239 11:59:21
4,5863 4,6186
4,3111 4,3433
4,7571 4,7900
5,2802 5,3136
240 12:00:21
4,5864 4,6187
4,3116 4,3438
4,7564 4,7893
5,2803 5,3137
241 12:01:21
4,5864 4,6187
4,3110 4,3432
4,7564 4,7893
5,2806 5,3140
242 12:02:20
4,5865 4,6188
4,3115 4,3437
4,7561 4,7890
5,2807 5,3141
243 12:03:20
4,5871 4,6194
4,3119 4,3441
4,7574 4,7903
5,2808 5,3142
244 12:04:20
4,5871 4,6194
4,3119 4,3441
4,7569 4,7898
5,2811 5,3145
245 12:05:21
4,5882 4,6205
4,3127 4,3449
4,7585 4,7914
5,2817 5,3151
246 12:06:21
4,5880 4,6203
4,3121 4,3443
4,7578 4,7907
5,2818 5,3152
247 12:07:21
4,5881 4,6204
4,3128 4,3450
4,7581 4,7910
5,2819 5,3153
248 12:08:21
4,5881 4,6204
4,3124 4,3446
4,7574 4,7903
5,2813 5,3147
249 12:09:20
4,5878 4,6201
4,3117 4,3439
4,7571 4,7900
5,2807 5,3141
250 12:10:20
4,5880 4,6203
4,3123 4,3445
4,7573 4,7902
5,2809 5,3143
251 12:11:21
4,5877 4,6200
4,3116 4,3438
4,7567 4,7896
5,2796 5,3130
252 12:12:21
4,5871 4,6194
4,3110 4,3432
4,7559 4,7888
5,2789 5,3123
253 12:13:21
4,5869 4,6192
4,3100 4,3422
4,7549 4,7878
5,2783 5,3117
254 12:14:21
4,5857 4,6180
4,3087 4,3409
4,7535 4,7864
5,2777 5,3111
255 12:15:20
4,5855 4,6178
4,3083 4,3405
4,7535 4,7864
5,2777 5,3111
256 12:16:20
4,5844 4,6168
4,3059 4,3381
4,7521 4,7850
5,2765 5,3099
257 12:17:21
4,5847 4,6171
4,3066 4,3388
4,7529 4,7858
5,2771 5,3105
258 12:18:21
4,5846 4,6170
4,3065 4,3387
4,7529 4,7858
5,2761 5,3095
259 12:19:21
4,5837 4,6161
4,3060 4,3382
4,7521 4,7850
5,2756 5,3090
260 12:20:21
4,5843 4,6167
4,3070 4,3392
4,7520 4,7849
5,2758 5,3092
261 12:21:21
4,5850 4,6174
4,3088 4,3410
4,7531 4,7860
5,2768 5,3102
262 12:22:20
4,5856 4,6180
4,3104 4,3426
4,7542 4,7871
5,2781 5,3115
263 12:23:20
4,5872 4,6196
4,3125 4,3447
4,7567 4,7896
5,2805 5,3139
264 12:24:21
4,5863 4,6187
4,3121 4,3443
4,7565 4,7894
5,2801 5,3135
265 12:25:21
4,5862 4,6186
4,3123 4,3445
4,7563 4,7892
5,2798 5,3132
266 12:26:21
4,5853 4,6177
4,3114 4,3436
4,7552 4,7882
5,2785 5,3119
267 12:27:20
4,5847 4,6171
4,3102 4,3424
4,7544 4,7874
5,2776 5,3110
268 12:28:20
4,5847 4,6171
4,3102 4,3424
4,7543 4,7873
5,2778 5,3112
269 12:29:21
4,5849 4,6173
4,3104 4,3426
4,7548 4,7878
5,2767 5,3101
270 12:30:21
4,5853 4,6177
4,3103 4,3425
4,7549 4,7879
5,2783 5,3117
271 12:31:21
4,5851 4,6176
4,3105 4,3427
4,7548 4,7879
5,2786 5,3120
272 12:32:21
4,5855 4,6180
4,3109 4,3431
4,7555 4,7886
5,2794 5,3128
273 12:33:21
4,5843 4,6168
4,3103 4,3425
4,7543 4,7874
5,2780 5,3114
274 12:34:21
4,5846 4,6171
4,3110 4,3432
4,7546 4,7877
5,2786 5,3120
275 12:35:20
4,5847 4,6172
4,3107 4,3429
4,7539 4,7870
5,2784 5,3118
276 12:36:22
4,5847 4,6170
4,3104 4,3426
4,7537 4,7866
5,2783 5,3117
277 12:37:21
4,5847 4,6170
4,3100 4,3422
4,7535 4,7864
5,2787 5,3121
278 12:38:20
4,5837 4,6160
4,3093 4,3415
4,7527 4,7856
5,2775 5,3109
279 12:39:20
4,5844 4,6167
4,3105 4,3427
4,7531 4,7860
5,2786 5,3120
280 12:40:21
4,5852 4,6175
4,3113 4,3435
4,7539 4,7868
5,2792 5,3126
281 12:41:21
4,5851 4,6174
4,3116 4,3438
4,7539 4,7870
5,2796 5,3130
282 12:42:21
4,5848 4,6171
4,3111 4,3433
4,7536 4,7867
5,2808 5,3142
283 12:43:21
4,5842 4,6165
4,3103 4,3425
4,7527 4,7858
5,2805 5,3139
284 12:44:21
4,5838 4,6161
4,3098 4,3420
4,7529 4,7860
5,2803 5,3137
285 12:45:20
4,5839 4,6162
4,3099 4,3421
4,7535 4,7866
5,2817 5,3151
286 12:46:20
4,5818 4,6141
4,3085 4,3407
4,7518 4,7848
5,2796 5,3130
287 12:47:21
4,5837 4,6160
4,3101 4,3423
4,7536 4,7866
5,2808 5,3142
288 12:48:21
4,5837 4,6160
4,3101 4,3423
4,7534 4,7864
5,2808 5,3142
289 12:49:21
4,5821 4,6144
4,3084 4,3406
4,7513 4,7843
5,2788 5,3122
290 12:50:21
4,5820 4,6143
4,3080 4,3402
4,7508 4,7838
5,2788 5,3122
291 12:51:21
4,5798 4,6121
4,3056 4,3378
4,7484 4,7813
5,2761 5,3095
292 12:52:20
4,5796 4,6119
4,3058 4,3380
4,7481 4,7810
5,2744 5,3078
293 12:53:20
4,5808 4,6131
4,3073 4,3395
4,7498 4,7827
5,2765 5,3099
294 12:54:20
4,5805 4,6128
4,3070 4,3392
4,7490 4,7819
5,2765 5,3099
295 12:55:21
4,5807 4,6130
4,3072 4,3394
4,7492 4,7821
5,2765 5,3099
296 12:56:21
4,5808 4,6131
4,3069 4,3391
4,7488 4,7817
5,2762 5,3096
297 12:57:21
4,5807 4,6130
4,3068 4,3390
4,7485 4,7814
5,2764 5,3098
298 12:58:20
4,5807 4,6130
4,3073 4,3395
4,7483 4,7812
5,2762 5,3096
299 12:59:20
4,5807 4,6130
4,3070 4,3392
4,7482 4,7811
5,2761 5,3095
300 13:00:20
4,5811 4,6134
4,3076 4,3398
4,7484 4,7813
5,2783 5,3117
301 13:01:21
4,5812 4,6135
4,3074 4,3397
4,7483 4,7812
5,2776 5,3110
302 13:02:21
4,5813 4,6136
4,3073 4,3396
4,7484 4,7813
5,2775 5,3109
303 13:03:21
4,5812 4,6135
4,3072 4,3395
4,7486 4,7815
5,2773 5,3107
304 13:04:21
4,5787 4,6110
4,3048 4,3371
4,7454 4,7783
5,2750 5,3084
305 13:05:20
4,5754 4,6077
4,3012 4,3335
4,7416 4,7745
5,2707 5,3041
306 13:06:20
4,5753 4,6078
4,3016 4,3339
4,7435 4,7764
5,2713 5,3047
307 13:07:21
4,5759 4,6084
4,3023 4,3346
4,7443 4,7772
5,2732 5,3066
308 13:08:21
4,5758 4,6083
4,3020 4,3343
4,7442 4,7771
5,2745 5,3079
309 13:09:21
4,5757 4,6082
4,3009 4,3332
4,7429 4,7758
5,2732 5,3066
310 13:10:21
4,5759 4,6084
4,3013 4,3336
4,7431 4,7760
5,2734 5,3068
311 13:11:21
4,5770 4,6093
4,3023 4,3346
4,7436 4,7767
5,2743 5,3077
312 13:12:21
4,5776 4,6099
4,3026 4,3349
4,7442 4,7773
5,2747 5,3081
313 13:13:21
4,5766 4,6089
4,3019 4,3342
4,7432 4,7763
5,2738 5,3072
314 13:14:20
4,5767 4,6090
4,3019 4,3342
4,7435 4,7766
5,2739 5,3073
315 13:15:20
4,5766 4,6089
4,3023 4,3346
4,7434 4,7765
5,2751 5,3085
316 13:16:21
4,5781 4,6106
4,3038 4,3361
4,7454 4,7783
5,2766 5,3100
317 13:17:21
4,5777 4,6102
4,3044 4,3367
4,7447 4,7776
5,2753 5,3087
318 13:18:21
4,5770 4,6095
4,3035 4,3358
4,7438 4,7767
5,2744 5,3078
319 13:19:20
4,5765 4,6090
4,3027 4,3350
4,7432 4,7761
5,2736 5,3070
320 13:20:20
4,5766 4,6091
4,3026 4,3349
4,7429 4,7758
5,2731 5,3065
321 13:21:21
4,5786 4,6109
4,3042 4,3365
4,7463 4,7793
5,2751 5,3085
322 13:22:21
4,5782 4,6105
4,3040 4,3363
4,7458 4,7788
5,2745 5,3079
323 13:23:21
4,5786 4,6109
4,3038 4,3361
4,7458 4,7788
5,2760 5,3094
324 13:24:20
4,5786 4,6109
4,3038 4,3361
4,7458 4,7788
5,2755 5,3089
325 13:25:20
4,5787 4,6110
4,3036 4,3359
4,7459 4,7789
5,2757 5,3091
326 13:26:21
4,5792 4,6115
4,3043 4,3366
4,7465 4,7794
5,2756 5,3090
327 13:27:21
4,5784 4,6107
4,3036 4,3359
4,7454 4,7783
5,2753 5,3087
328 13:28:21
4,5773 4,6096
4,3023 4,3346
4,7440 4,7769
5,2734 5,3068
329 13:29:21
4,5778 4,6101
4,3031 4,3354
4,7446 4,7775
5,2750 5,3084
330 13:30:20
4,5777 4,6100
4,3029 4,3352
4,7446 4,7775
5,2748 5,3082
331 13:31:20
4,5778 4,6101
4,3030 4,3353
4,7444 4,7775
5,2750 5,3084
332 13:32:21
4,5767 4,6090
4,3021 4,3344
4,7435 4,7766
5,2736 5,3070
333 13:33:21
4,5761 4,6084
4,3012 4,3335
4,7427 4,7758
5,2727 5,3061
334 13:34:21
4,5757 4,6080
4,3011 4,3334
4,7425 4,7756
5,2725 5,3059
335 13:35:20
4,5761 4,6084
4,3015 4,3338
4,7430 4,7761
5,2731 5,3065
336 13:36:20
4,5763 4,6086
4,3010 4,3333
4,7425 4,7754
5,2739 5,3073
337 13:37:21
4,5762 4,6085
4,3009 4,3332
4,7428 4,7757
5,2746 5,3080
338 13:38:21
4,5762 4,6085
4,3009 4,3332
4,7433 4,7762
5,2746 5,3080
339 13:39:21
4,5767 4,6090
4,3014 4,3337
4,7436 4,7765
5,2755 5,3089
340 13:40:20
4,5768 4,6091
4,3011 4,3334
4,7437 4,7766
5,2753 5,3087
341 13:41:20
4,5770 4,6093
4,3015 4,3338
4,7440 4,7769
5,2759 5,3093
342 13:42:21
4,5779 4,6102
4,3025 4,3348
4,7449 4,7778
5,2763 5,3097
343 13:43:21
4,5789 4,6112
4,3033 4,3356
4,7465 4,7794
5,2772 5,3106
344 13:44:21
4,5792 4,6115
4,3033 4,3356
4,7467 4,7796
5,2774 5,3108
345 13:45:20
4,5792 4,6115
4,3035 4,3358
4,7469 4,7798
5,2776 5,3110
346 13:46:20
4,5784 4,6107
4,3028 4,3351
4,7464 4,7793
5,2763 5,3097
347 13:47:21
4,5792 4,6115
4,3041 4,3364
4,7477 4,7806
5,2775 5,3109
348 13:48:21
4,5781 4,6104
4,3039 4,3362
4,7473 4,7802
5,2771 5,3105
349 13:49:21
4,5784 4,6107
4,3036 4,3359
4,7467 4,7796
5,2775 5,3109
350 13:50:21
4,5779 4,6102
4,3029 4,3352
4,7461 4,7790
5,2768 5,3102
351 13:51:20
4,5781 4,6104
4,3031 4,3354
4,7471 4,7800
5,2778 5,3112
352 13:52:20
4,5781 4,6104
4,3031 4,3354
4,7468 4,7797
5,2777 5,3111
353 13:53:21
4,5787 4,6110
4,3035 4,3358
4,7472 4,7801
5,2784 5,3118
354 13:54:21
4,5787 4,6110
4,3041 4,3364
4,7474 4,7803
5,2787 5,3121
355 13:55:21
4,5790 4,6113
4,3041 4,3364
4,7485 4,7814
5,2794 5,3128
356 13:56:20
4,5790 4,6113
4,3052 4,3375
4,7485 4,7815
5,2788 5,3121
357 13:57:20
4,5790 4,6113
4,3054 4,3377
4,7484 4,7814
5,2788 5,3121
358 13:58:20
4,5787 4,6110
4,3049 4,3372
4,7481 4,7811
5,2784 5,3117
359 13:59:21
4,5792 4,6115
4,3051 4,3374
4,7481 4,7811
5,2790 5,3123
360 14:00:21
4,5798 4,6121
4,3061 4,3384
4,7492 4,7822
5,2797 5,3130
361 14:01:21
4,5786 4,6109
4,3031 4,3354
4,7475 4,7804
5,2792 5,3126
362 14:02:21
4,5772 4,6095
4,3006 4,3329
4,7447 4,7776
5,2776 5,3110
363 14:03:20
4,5796 4,6119
4,3026 4,3349
4,7466 4,7795
5,2788 5,3122
364 14:04:20
4,5781 4,6104
4,3017 4,3340
4,7456 4,7785
5,2774 5,3108
365 14:05:20
4,5750 4,6073
4,2983 4,3306
4,7419 4,7748
5,2736 5,3070
366 14:06:21
4,5742 4,6065
4,2982 4,3305
4,7412 4,7742
5,2726 5,3060
367 14:07:21
4,5748 4,6071
4,2984 4,3307
4,7418 4,7748
5,2733 5,3067
368 14:08:21
4,5747 4,6070
4,2975 4,3298
4,7411 4,7741
5,2735 5,3069
369 14:09:20
4,5745 4,6068
4,2977 4,3300
4,7400 4,7730
5,2733 5,3067
370 14:10:20
4,5755 4,6078
4,2976 4,3299
4,7408 4,7738
5,2744 5,3078
371 14:11:20
4,5758 4,6081
4,2979 4,3302
4,7411 4,7741
5,2748 5,3082
372 14:12:21
4,5758 4,6081
4,2989 4,3312
4,7419 4,7749
5,2748 5,3082
373 14:13:21
4,5758 4,6081
4,2985 4,3308
4,7428 4,7758
5,2742 5,3076
374 14:14:23
4,5755 4,6078
4,2976 4,3299
4,7423 4,7753
5,2732 5,3066
375 14:15:22
4,5737 4,6060
4,2949 4,3272
4,7399 4,7729
5,2705 5,3039
376 14:16:21
4,5737 4,6060
4,2949 4,3272
4,7402 4,7732
5,2699 5,3032
377 14:17:20
4,5737 4,6060
4,2953 4,3276
4,7402 4,7732
5,2693 5,3026
378 14:18:20
4,5731 4,6054
4,2950 4,3273
4,7398 4,7728
5,2692 5,3025
379 14:19:21
4,5736 4,6059
4,2950 4,3273
4,7403 4,7733
5,2692 5,3025
380 14:20:21
4,5736 4,6059
4,2950 4,3273
4,7403 4,7733
5,2682 5,3015
381 14:21:21
4,5735 4,6058
4,2939 4,3262
4,7403 4,7732
5,2679 5,3012
382 14:22:21
4,5730 4,6053
4,2928 4,3251
4,7393 4,7722
5,2667 5,3000
383 14:23:21
4,5732 4,6055
4,2924 4,3247
4,7393 4,7722
5,2663 5,2996
384 14:24:20
4,5732 4,6055
4,2924 4,3247
4,7398 4,7727
5,2664 5,2997
385 14:25:20
4,5713 4,6036
4,2903 4,3226
4,7374 4,7703
5,2635 5,2968
386 14:26:21
4,5725 4,6048
4,2916 4,3239
4,7392 4,7722
5,2646 5,2979
387 14:27:21
4,5724 4,6047
4,2912 4,3235
4,7399 4,7729
5,2644 5,2977
388 14:28:21
4,5698 4,6021
4,2884 4,3207
4,7371 4,7701
5,2615 5,2948
389 14:29:20
4,5700 4,6023
4,2885 4,3208
4,7373 4,7703
5,2618 5,2951
390 14:31:20
4,5703 4,6026
4,2881 4,3204
4,7376 4,7705
5,2609 5,2942
391 14:32:20
4,5701 4,6024
4,2883 4,3206
4,7380 4,7709
5,2600 5,2933
392 14:33:21
4,5673 4,5996
4,2862 4,3185
4,7341 4,7670
5,2563 5,2896
393 14:34:21
4,5694 4,6017
4,2884 4,3207
4,7365 4,7694
5,2601 5,2934
394 14:35:21
4,5715 4,6038
4,2913 4,3236
4,7387 4,7716
5,2620 5,2953
395 14:36:21
4,5731 4,6054
4,2925 4,3248
4,7409 4,7738
5,2639 5,2972
396 14:37:23
4,5731 4,6054
4,2933 4,3256
4,7404 4,7733
5,2641 5,2974
397 14:38:21
4,5746 4,6069
4,2953 4,3276
4,7422 4,7751
5,2661 5,2994
398 14:39:23
4,5737 4,6060
4,2939 4,3262
4,7407 4,7736
5,2641 5,2974
399 14:40:21
4,5726 4,6049
4,2935 4,3258
4,7395 4,7724
5,2627 5,2960
400 14:41:21
4,5736 4,6059
4,2950 4,3273
4,7408 4,7739
5,2640 5,2973
401 14:42:21
4,5738 4,6061
4,2948 4,3271
4,7410 4,7741
5,2640 5,2973
402 14:43:21
4,5714 4,6037
4,2925 4,3248
4,7383 4,7714
5,2609 5,2942
403 14:44:21
4,5717 4,6040
4,2927 4,3250
4,7384 4,7715
5,2610 5,2943
404 14:45:20
4,5726 4,6049
4,2931 4,3254
4,7390 4,7721
5,2611 5,2944
405 14:46:20
4,5724 4,6047
4,2919 4,3242
4,7392 4,7721
5,2599 5,2932
406 14:47:21
4,5724 4,6047
4,2915 4,3238
4,7389 4,7718
5,2593 5,2926
407 14:48:21
4,5721 4,6044
4,2913 4,3236
4,7388 4,7717
5,2584 5,2917
408 14:49:21
4,5720 4,6043
4,2919 4,3242
4,7390 4,7719
5,2582 5,2915
409 14:50:20
4,5723 4,6046
4,2920 4,3243
4,7394 4,7723
5,2598 5,2931
410 14:51:20
4,5723 4,6046
4,2914 4,3237
4,7393 4,7722
5,2598 5,2931
411 14:52:21
4,5716 4,6039
4,2901 4,3224
4,7383 4,7712
5,2579 5,2912
412 14:53:21
4,5719 4,6042
4,2904 4,3227
4,7386 4,7715
5,2581 5,2914
413 14:54:20
4,5714 4,6037
4,2893 4,3216
4,7376 4,7705
5,2573 5,2906
414 14:55:21
4,5699 4,6022
4,2883 4,3206
4,7362 4,7691
5,2559 5,2892
415 14:56:21
4,5704 4,6027
4,2885 4,3208
4,7361 4,7690
5,2573 5,2906
416 14:57:21
4,5706 4,6029
4,2889 4,3212
4,7370 4,7699
5,2584 5,2917
417 14:58:21
4,5719 4,6042
4,2900 4,3223
4,7379 4,7708
5,2600 5,2933
418 14:59:20
4,5727 4,6050
4,2907 4,3230
4,7388 4,7717
5,2615 5,2948
419 15:00:20
4,5728 4,6051
4,2916 4,3239
4,7393 4,7722
5,2631 5,2964
420 15:01:20
4,5726 4,6049
4,2918 4,3241
4,7384 4,7713
5,2629 5,2962
421 15:02:20
4,5727 4,6050
4,2921 4,3244
4,7393 4,7722
5,2630 5,2963
422 15:03:21
4,5723 4,6046
4,2914 4,3237
4,7388 4,7717
5,2622 5,2955
423 15:04:21
4,5721 4,6044
4,2914 4,3237
4,7389 4,7718
5,2626 5,2959
424 15:05:21
4,5722 4,6045
4,2912 4,3235
4,7399 4,7728
5,2633 5,2966
425 15:06:21
4,5716 4,6039
4,2907 4,3230
4,7393 4,7722
5,2630 5,2964
426 15:07:21
4,5722 4,6045
4,2903 4,3226
4,7402 4,7731
5,2634 5,2968
427 15:08:21
4,5714 4,6037
4,2893 4,3216
4,7389 4,7718
5,2624 5,2958
428 15:09:20
4,5717 4,6040
4,2904 4,3227
4,7387 4,7716
5,2637 5,2971
429 15:10:20
4,5731 4,6054
4,2921 4,3244
4,7399 4,7728
5,2646 5,2980
430 15:11:20
4,5725 4,6048
4,2918 4,3241
4,7390 4,7719
5,2643 5,2977
431 15:12:21
4,5731 4,6054
4,2930 4,3253
4,7398 4,7727
5,2656 5,2990
432 15:13:21
4,5730 4,6053
4,2922 4,3245
4,7401 4,7730
5,2654 5,2988
433 15:14:21
4,5733 4,6056
4,2929 4,3252
4,7410 4,7739
5,2666 5,3000
434 15:15:21
4,5735 4,6058
4,2940 4,3263
4,7411 4,7740
5,2673 5,3007
435 15:16:21
4,5737 4,6060
4,2949 4,3272
4,7408 4,7737
5,2677 5,3010
436 15:17:21
4,5723 4,6046
4,2940 4,3263
4,7396 4,7725
5,2653 5,2986
437 15:18:20
4,5721 4,6044
4,2938 4,3261
4,7405 4,7734
5,2649 5,2982
438 15:19:21
4,5728 4,6051
4,2942 4,3265
4,7413 4,7742
5,2664 5,2997
439 15:20:20
4,5720 4,6043
4,2923 4,3246
4,7400 4,7729
5,2643 5,2976
440 15:21:20
4,5729 4,6052
4,2931 4,3254
4,7404 4,7733
5,2650 5,2985
441 15:22:21
4,5725 4,6048
4,2927 4,3250
4,7393 4,7722
5,2648 5,2983
442 15:23:21
4,5726 4,6049
4,2933 4,3256
4,7394 4,7723
5,2652 5,2987
443 15:24:21
4,5724 4,6047
4,2924 4,3247
4,7394 4,7723
5,2652 5,2987
444 15:25:21
4,5721 4,6044
4,2921 4,3244
4,7388 4,7717
5,2649 5,2984
445 15:26:21
4,5708 4,6031
4,2915 4,3238
4,7377 4,7706
5,2639 5,2972
446 15:27:20
4,5713 4,6036
4,2926 4,3249
4,7380 4,7709
5,2647 5,2980
447 15:28:20
4,5714 4,6037
4,2927 4,3250
4,7388 4,7717
5,2654 5,2987
448 15:29:21
4,5713 4,6036
4,2933 4,3256
4,7393 4,7722
5,2656 5,2989
449 15:30:21
4,5712 4,6035
4,2930 4,3253
4,7390 4,7719
5,2653 5,2986
450 15:31:21
4,5717 4,6040
4,2941 4,3264
4,7393 4,7722
5,2655 5,2989
451 15:32:21
4,5719 4,6042
4,2942 4,3265
4,7388 4,7717
5,2654 5,2988
452 15:33:20
4,5746 4,6069
4,2969 4,3292
4,7415 4,7744
5,2691 5,3025
453 15:34:20
4,5761 4,6084
4,2976 4,3299
4,7428 4,7757
5,2712 5,3046
454 15:35:21
4,5761 4,6084
4,2986 4,3309
4,7425 4,7754
5,2715 5,3049
455 15:36:21
4,5761 4,6084
4,2988 4,3311
4,7427 4,7757
5,2711 5,3044
456 15:37:21
4,5759 4,6082
4,2990 4,3313
4,7427 4,7757
5,2709 5,3042
457 15:38:21
4,5767 4,6090
4,3001 4,3324
4,7435 4,7765
5,2718 5,3051
458 15:39:20
4,5740 4,6063
4,2968 4,3291
4,7408 4,7738
5,2688 5,3021
459 15:40:21
4,5779 4,6102
4,3009 4,3332
4,7453 4,7783
5,2736 5,3069
460 15:41:21
4,5777 4,6100
4,3011 4,3334
4,7453 4,7782
5,2732 5,3066
461 15:42:21
4,5778 4,6101
4,3014 4,3337
4,7453 4,7782
5,2734 5,3068
462 15:43:21
4,5779 4,6102
4,3013 4,3336
4,7461 4,7790
5,2734 5,3068
463 15:44:20
4,5780 4,6103
4,3019 4,3342
4,7461 4,7790
5,2738 5,3072
464 15:45:20
4,5767 4,6090
4,3002 4,3325
4,7452 4,7781
5,2724 5,3059
465 15:46:21
4,5743 4,6066
4,2941 4,3264
4,7425 4,7754
5,2694 5,3028
466 15:47:21
4,5760 4,6083
4,2962 4,3285
4,7451 4,7780
5,2724 5,3058
467 15:48:21
4,5760 4,6083
4,2967 4,3290
4,7444 4,7773
5,2710 5,3044
468 15:49:21
4,5761 4,6084
4,2958 4,3281
4,7450 4,7779
5,2728 5,3062
469 15:50:21
4,5755 4,6078
4,2942 4,3265
4,7439 4,7768
5,2710 5,3044
470 15:51:20
4,5754 4,6078
4,2943 4,3266
4,7438 4,7767
5,2721 5,3055
471 15:52:20
4,5752 4,6076
4,2949 4,3272
4,7433 4,7762
5,2705 5,3039
472 15:53:21
4,5752 4,6076
4,2947 4,3270
4,7436 4,7765
5,2697 5,3031
473 15:54:21
4,5755 4,6079
4,2942 4,3265
4,7431 4,7760
5,2695 5,3029
474 15:55:21
4,5732 4,6056
4,2908 4,3231
4,7405 4,7734
5,2672 5,3006
475 15:56:21
4,5726 4,6049
4,2894 4,3217
4,7394 4,7723
5,2659 5,2992
476 15:57:21
4,5722 4,6045
4,2891 4,3214
4,7395 4,7724
5,2660 5,2993
477 15:58:20
4,5731 4,6054
4,2905 4,3228
4,7400 4,7729
5,2661 5,2994
478 15:59:20
4,5755 4,6078
4,2930 4,3253
4,7422 4,7751
5,2700 5,3033
479 16:00:21
4,5744 4,6067
4,2911 4,3234
4,7405 4,7734
5,2686 5,3019
480 16:01:21
4,5742 4,6065
4,2897 4,3220
4,7403 4,7732
5,2686 5,3019
481 16:02:21
4,5736 4,6059
4,2883 4,3206
4,7396 4,7725
5,2670 5,3003
482 16:03:21
4,5731 4,6054
4,2876 4,3199
4,7391 4,7720
5,2670 5,3003
483 16:04:20
4,5733 4,6056
4,2879 4,3202
4,7396 4,7725
5,2683 5,3016
484 16:05:20
4,5720 4,6043
4,2872 4,3195
4,7385 4,7714
5,2691 5,3024
485 16:06:20
4,5719 4,6042
4,2866 4,3189
4,7384 4,7713
5,2681 5,3015
486 16:07:21
4,5719 4,6042
4,2873 4,3196
4,7377 4,7706
5,2674 5,3008
487 16:08:21
4,5718 4,6041
4,2871 4,3194
4,7373 4,7702
5,2679 5,3013
488 16:09:21
4,5726 4,6049
4,2878 4,3201
4,7377 4,7706
5,2677 5,3011
489 16:10:21
4,5729 4,6052
4,2873 4,3196
4,7375 4,7704
5,2683 5,3017
490 16:11:20
4,5725 4,6048
4,2869 4,3192
4,7372 4,7702
5,2679 5,3012
491 16:12:20
4,5723 4,6046
4,2886 4,3209
4,7379 4,7709
5,2689 5,3022
492 16:13:21
4,5722 4,6045
4,2886 4,3209
4,7377 4,7707
5,2675 5,3008
493 16:14:21
4,5720 4,6043
4,2885 4,3208
4,7373 4,7703
5,2673 5,3006
494 16:15:21
4,5720 4,6043
4,2887 4,3210
4,7378 4,7708
5,2684 5,3017
495 16:16:21
4,5720 4,6044
4,2888 4,3211
4,7382 4,7712
5,2681 5,3015
496 16:17:21
4,5707 4,6031
4,2888 4,3211
4,7369 4,7699
5,2659 5,2993
497 16:18:20
4,5716 4,6040
4,2884 4,3207
4,7369 4,7699
5,2659 5,2993
498 16:19:20
4,5723 4,6047
4,2896 4,3219
4,7380 4,7710
5,2664 5,2998
499 16:20:21
4,5719 4,6043
4,2887 4,3210
4,7373 4,7703
5,2659 5,2993
500 16:21:21
4,5702 4,6025
4,2872 4,3195
4,7372 4,7702
5,2643 5,2977
501 16:22:21
4,5702 4,6025
4,2878 4,3201
4,7378 4,7708
5,2643 5,2977
502 16:23:20
4,5701 4,6024
4,2873 4,3196
4,7373 4,7703
5,2645 5,2979
503 16:24:20
4,5691 4,6014
4,2861 4,3184
4,7362 4,7692
5,2644 5,2978
504 16:25:20
4,5700 4,6023
4,2871 4,3194
4,7374 4,7704
5,2658 5,2992
505 16:26:21
4,5700 4,6023
4,2869 4,3192
4,7366 4,7696
5,2655 5,2989
506 16:27:21
4,5696 4,6019
4,2856 4,3179
4,7360 4,7690
5,2639 5,2973
507 16:28:21
4,5691 4,6014
4,2847 4,3170
4,7350 4,7680
5,2627 5,2961
508 16:29:21
4,5684 4,6007
4,2835 4,3158
4,7345 4,7675
5,2623 5,2957
509 16:30:21
4,5682 4,6005
4,2829 4,3152
4,7341 4,7671
5,2607 5,2941
510 16:31:20
4,5685 4,6008
4,2829 4,3152
4,7341 4,7671
5,2608 5,2942
511 16:32:20
4,5680 4,6003
4,2814 4,3137
4,7329 4,7659
5,2601 5,2935
512 16:33:20
4,5680 4,6003
4,2821 4,3144
4,7332 4,7662
5,2605 5,2939
513 16:34:21
4,5679 4,6002
4,2834 4,3157
4,7335 4,7665
5,2613 5,2947
514 16:35:21
4,5688 4,6011
4,2832 4,3155
4,7344 4,7674
5,2617 5,2951
515 16:36:21
4,5687 4,6010
4,2825 4,3148
4,7338 4,7667
5,2613 5,2946
516 16:37:21
4,5686 4,6009
4,2818 4,3141
4,7328 4,7657
5,2610 5,2943
517 16:38:21
4,5686 4,6009
4,2810 4,3133
4,7320 4,7649
5,2610 5,2943
518 16:39:21
4,5686 4,6009
4,2816 4,3139
4,7328 4,7657
5,2607 5,2940
519 16:40:20
4,5688 4,6011
4,2817 4,3140
4,7325 4,7654
5,2610 5,2943
520 16:41:20
4,5687 4,6011
4,2821 4,3144
4,7324 4,7653
5,2608 5,2942
521 16:42:21
4,5690 4,6014
4,2834 4,3157
4,7327 4,7656
5,2616 5,2950
522 16:43:21
4,5693 4,6017
4,2834 4,3157
4,7337 4,7666
5,2621 5,2955
523 16:44:21
4,5691 4,6015
4,2829 4,3152
4,7321 4,7650
5,2609 5,2943
524 16:45:21
4,5706 4,6030
4,2845 4,3168
4,7337 4,7666
5,2623 5,2957
525 16:46:20
4,5723 4,6047
4,2876 4,3199
4,7357 4,7686
5,2648 5,2982
526 16:47:20
4,5728 4,6052
4,2886 4,3209
4,7361 4,7690
5,2654 5,2988
527 16:48:21
4,5733 4,6057
4,2897 4,3220
4,7379 4,7708
5,2665 5,2999
528 16:49:21
4,5747 4,6071
4,2906 4,3229
4,7391 4,7720
5,2685 5,3019
529 16:50:21
4,5760 4,6084
4,2918 4,3241
4,7404 4,7733
5,2700 5,3034
530 16:51:20
4,5763 4,6087
4,2923 4,3246
4,7396 4,7725
5,2694 5,3028
531 16:52:20
4,5787 4,6111
4,2956 4,3279
4,7423 4,7752
5,2721 5,3055
532 16:53:21
4,5784 4,6108
4,2951 4,3274
4,7429 4,7758
5,2731 5,3065
533 16:54:21
4,5795 4,6119
4,2967 4,3290
4,7423 4,7752
5,2733 5,3067
534 16:55:21
4,5807 4,6131
4,2966 4,3289
4,7432 4,7761
5,2741 5,3075
535 16:56:20
4,5802 4,6126
4,2964 4,3287
4,7433 4,7762
5,2734 5,3068
536 16:57:20
4,5810 4,6134
4,2975 4,3298
4,7434 4,7763
5,2737 5,3071
537 16:58:20
4,5818 4,6142
4,2988 4,3311
4,7449 4,7778
5,2748 5,3082
538 16:59:21
4,5829 4,6153
4,3003 4,3326
4,7461 4,7790
5,2764 5,3098
539 17:00:21
4,5820 4,6144
4,2993 4,3316
4,7455 4,7784
5,2751 5,3085
540 17:01:21
4,5819 4,6143
4,2996 4,3319
4,7453 4,7782
5,2761 5,3095
541 17:02:21
4,5825 4,6149
4,2999 4,3322
4,7453 4,7782
5,2774 5,3108
542 17:03:20
4,5846 4,6170
4,3015 4,3338
4,7467 4,7796
5,2797 5,3131
543 17:04:20
4,5855 4,6179
4,3031 4,3354
4,7476 4,7805
5,2810 5,3144
544 17:05:21
4,5853 4,6177
4,3026 4,3349
4,7471 4,7800
5,2801 5,3135
545 17:06:21
4,5833 4,6157
4,3003 4,3326
4,7446 4,7775
5,2778 5,3112
546 17:07:21
4,5819 4,6143
4,2990 4,3313
4,7437 4,7766
5,2763 5,3097
547 17:08:20
4,5816 4,6140
4,2989 4,3312
4,7435 4,7764
5,2759 5,3093
548 17:09:20
4,5819 4,6143
4,2996 4,3319
4,7439 4,7768
5,2757 5,3091
549 17:10:21
4,5822 4,6146
4,3005 4,3328
4,7442 4,7771
5,2757 5,3091
550 17:11:21
4,5821 4,6145
4,3006 4,3329
4,7441 4,7770
5,2759 5,3093
551 17:12:21
4,5832 4,6156
4,3016 4,3339
4,7454 4,7783
5,2770 5,3104
552 17:13:21
4,5839 4,6163
4,3026 4,3349
4,7459 4,7788
5,2785 5,3119
553 17:14:21
4,5837 4,6161
4,3025 4,3348
4,7460 4,7789
5,2784 5,3118
554 17:15:20
4,5815 4,6139
4,2996 4,3319
4,7441 4,7770
5,2748 5,3082
555 17:16:20
4,5808 4,6132
4,2991 4,3314
4,7435 4,7764
5,2741 5,3075
556 17:17:21
4,5820 4,6144
4,3009 4,3332
4,7440 4,7769
5,2751 5,3085
557 17:18:21
4,5830 4,6154
4,3012 4,3335
4,7452 4,7781
5,2766 5,3100
558 17:19:21
4,5816 4,6140
4,2997 4,3320
4,7440 4,7769
5,2749 5,3083
559 17:20:21
4,5825 4,6149
4,3005 4,3328
4,7447 4,7776
5,2760 5,3094
560 17:21:21
4,5799 4,6123
4,2985 4,3308
4,7420 4,7749
5,2727 5,3061
561 17:22:21
4,5808 4,6132
4,2997 4,3320
4,7429 4,7758
5,2740 5,3074
562 17:23:20
4,5803 4,6127
4,2991 4,3314
4,7422 4,7751
5,2726 5,3060
563 17:24:21
4,5802 4,6126
4,2990 4,3313
4,7421 4,7750
5,2722 5,3056
564 17:25:21
4,5803 4,6127
4,2985 4,3308
4,7420 4,7749
5,2720 5,3054
565 17:26:21
4,5803 4,6127
4,2981 4,3304
4,7415 4,7744
5,2713 5,3047
566 17:27:21
4,5803 4,6127
4,2980 4,3303
4,7409 4,7738
5,2709 5,3043
567 17:28:21
4,5804 4,6128
4,2983 4,3306
4,7410 4,7739
5,2708 5,3042
568 17:29:20
4,5808 4,6132
4,2988 4,3311
4,7410 4,7739
5,2704 5,3038
569 17:30:20
4,5807 4,6131
4,2984 4,3307
4,7409 4,7738
5,2700 5,3034
570 17:31:21
4,5807 4,6131
4,2976 4,3299
4,7402 4,7732
5,2696 5,3030
571 17:32:21
4,5806 4,6130
4,2974 4,3297
4,7403 4,7732
5,2698 5,3032
572 17:33:21
4,5807 4,6131
4,2972 4,3295
4,7404 4,7733
5,2697 5,3031
573 17:34:21
4,5807 4,6131
4,2972 4,3295
4,7404 4,7733
5,2700 5,3034
574 17:35:21
4,5808 4,6132
4,2975 4,3298
4,7404 4,7733
5,2699 5,3033
575 17:36:20
4,5810 4,6134
4,2979 4,3302
4,7407 4,7736
5,2715 5,3049
576 17:37:20
4,5818 4,6142
4,2987 4,3310
4,7415 4,7744
5,2734 5,3068
577 17:38:21
4,5817 4,6141
4,2986 4,3309
4,7402 4,7731
5,2739 5,3073
578 17:39:21
4,5809 4,6133
4,2972 4,3295
4,7396 4,7725
5,2734 5,3068
579 17:40:20
4,5805 4,6129
4,2968 4,3291
4,7392 4,7721
5,2734 5,3068
580 17:41:20
4,5804 4,6128
4,2965 4,3288
4,7389 4,7718
5,2730 5,3064
581 17:42:21
4,5807 4,6131
4,2958 4,3281
4,7384 4,7713
5,2725 5,3059
582 17:43:21
4,5810 4,6134
4,2965 4,3288
4,7385 4,7714
5,2727 5,3061
583 17:44:21
4,5811 4,6135
4,2959 4,3282
4,7383 4,7712
5,2722 5,3056
584 17:45:20
4,5812 4,6136
4,2967 4,3291
4,7389 4,7718
5,2730 5,3064
585 17:46:20
4,5813 4,6137
4,2962 4,3285
4,7386 4,7715
5,2725 5,3059
586 17:47:21
4,5811 4,6135
4,2966 4,3290
4,7383 4,7712
5,2720 5,3054
587 17:48:21
4,5810 4,6134
4,2963 4,3286
4,7382 4,7711
5,2718 5,3052
588 17:49:21
4,5811 4,6135
4,2966 4,3290
4,7383 4,7712
5,2717 5,3051
589 17:50:21
4,5806 4,6130
4,2961 4,3284
4,7380 4,7709
5,2704 5,3038
590 17:51:20
4,5802 4,6126
4,2949 4,3272
4,7380 4,7709
5,2700 5,3034
591 17:52:20
4,5804 4,6128
4,2954 4,3277
4,7380 4,7709
5,2700 5,3034
592 17:53:20
4,5804 4,6128
4,2955 4,3278
4,7381 4,7710
5,2702 5,3036
593 17:54:21
4,5803 4,6127
4,2947 4,3270
4,7388 4,7717
5,2701 5,3035
594 17:55:21
4,5807 4,6131
4,2958 4,3281
4,7399 4,7728
5,2713 5,3047
595 17:56:21
4,5806 4,6130
4,2967 4,3290
4,7395 4,7724
5,2698 5,3032
596 17:57:22
4,5818 4,6142
4,2985 4,3308
4,7408 4,7737
5,2708 5,3042
597 17:58:21
4,5814 4,6138
4,2980 4,3303
4,7411 4,7740
5,2704 5,3038
598 17:59:22
4,5826 4,6150
4,2990 4,3313
4,7416 4,7745
5,2709 5,3043
599 18:01:21
4,5824 4,6156
4,2985 4,3322
4,7417 4,7754
5,2709 5,3044
600 18:02:21
4,5824 4,6156
4,2991 4,3327
4,7417 4,7754
5,2708 5,3044
601 18:03:24
4,5824 4,6156
4,2989 4,3322
4,7422 4,7760
5,2708 5,3050
602 18:04:22
4,5813 4,6165
4,2984 4,3336
4,7411 4,7769
5,2695 5,3059
603 18:05:21
4,5824 4,6156
4,2993 4,3326
4,7422 4,7759
5,2708 5,3050
604 18:06:21
4,5824 4,6156
4,2989 4,3326
4,7422 4,7759
5,2708 5,3050
605 18:07:22
4,5826 4,6157
4,2991 4,3323
4,7414 4,7750
5,2704 5,3045
606 18:08:21
4,5847 4,6178
4,3009 4,3346
4,7436 4,7776
5,2734 5,3069
607 18:09:21
4,5849 4,6173
4,3017 4,3347
4,7447 4,7776
5,2739 5,3073
608 18:10:21
4,5847 4,6176
4,3018 4,3351
4,7445 4,7779
5,2734 5,3073
609 18:11:21
4,5849 4,6176
4,3020 4,3350
4,7447 4,7778
5,2736 5,3073
610 18:12:21
4,5847 4,6177
4,3019 4,3354
4,7450 4,7785
5,2738 5,3078
611 18:13:20
4,5845 4,6179
4,3018 4,3354
4,7443 4,7782
5,2738 5,3076
612 18:14:21
4,5845 4,6179
4,3013 4,3352
4,7444 4,7787
5,2739 5,3084
613 18:15:21
4,5839 4,6185
4,3008 4,3354
4,7437 4,7794
5,2730 5,3090
614 18:16:21
4,5848 4,6179
4,3014 4,3351
4,7451 4,7787
5,2741 5,3082
615 18:17:21
4,5845 4,6182
4,3011 4,3350
4,7448 4,7790
5,2737 5,3085
616 18:18:20
4,5842 4,6176
4,3006 4,3345
4,7440 4,7779
5,2735 5,3074
617 18:19:20
4,5831 4,6168
4,2994 4,3337
4,7429 4,7771
5,2722 5,3063
618 18:20:21
4,5829 4,6166
4,2997 4,3336
4,7422 4,7764
5,2718 5,3066
619 18:21:21
4,5828 4,6163
4,2997 4,3333
4,7420 4,7765
5,2717 5,3063
620 18:22:21
4,5828 4,6163
4,2997 4,3336
4,7426 4,7766
5,2717 5,3063
621 18:23:20
4,5828 4,6163
4,3000 4,3337
4,7436 4,7776
5,2717 5,3063
622 18:24:21
4,5828 4,6163
4,3001 4,3337
4,7436 4,7780
5,2723 5,3069
623 18:25:21
4,5811 4,6172
4,2985 4,3349
4,7422 4,7789
5,2702 5,3080
624 18:26:21
4,5827 4,6162
4,3004 4,3344
4,7440 4,7784
5,2728 5,3068
625 18:27:20
4,5827 4,6161
4,3004 4,3341
4,7440 4,7779
5,2730 5,3075
626 18:28:20
4,5828 4,6162
4,3005 4,3344
4,7446 4,7785
5,2727 5,3070
627 18:29:21
4,5830 4,6163
4,3011 4,3345
4,7448 4,7786
5,2733 5,3076
628 18:30:21
4,5833 4,6163
4,3014 4,3346
4,7451 4,7786
5,2730 5,3070
629 18:31:21
4,5833 4,6163
4,3010 4,3345
4,7451 4,7786
5,2730 5,3070
630 18:32:20
4,5836 4,6163
4,3011 4,3344
4,7454 4,7786
5,2733 5,3070
631 18:33:20
4,5834 4,6162
4,3015 4,3349
4,7454 4,7789
5,2736 5,3070
632 18:34:21
4,5821 4,6170
4,2996 4,3348
4,7442 4,7797
5,2721 5,3084
633 18:35:21
4,5834 4,6162
4,2999 4,3333
4,7458 4,7790
5,2731 5,3069
634 18:36:21
4,5834 4,6162
4,3003 4,3337
4,7458 4,7790
5,2737 5,3075
635 18:37:20
4,5834 4,6162
4,2999 4,3333
4,7458 4,7790
5,2731 5,3069
636 18:38:20
4,5833 4,6162
4,2992 4,3323
4,7449 4,7784
5,2728 5,3063
637 18:39:21
4,5833 4,6159
4,2992 4,3322
4,7446 4,7777
5,2728 5,3062
638 18:40:21
4,5827 4,6151
4,2989 4,3316
4,7444 4,7773
5,2723 5,3057
639 18:41:21
4,5833 4,6157
4,2993 4,3318
4,7450 4,7779
5,2726 5,3060
640 18:42:20
4,5833 4,6159
4,2990 4,3318
4,7452 4,7782
5,2731 5,3066
641 19:18:20
4,5844 4,6176
4,3000 4,3337
4,7442 4,7779
5,2739 5,3079
642 19:19:20
4,5844 4,6176
4,3000 4,3337
4,7438 4,7780
5,2743 5,3085
643 19:20:21
4,5838 4,6182
4,2999 4,3345
4,7431 4,7786
5,2736 5,3092
644 19:21:21
4,5844 4,6177
4,3012 4,3350
4,7442 4,7780
5,2743 5,3080
645 19:22:21
4,5844 4,6177
4,3008 4,3346
4,7441 4,7780
5,2743 5,3086
646 19:23:21
4,5850 4,6177
4,3012 4,3345
4,7449 4,7785
5,2743 5,3080
647 19:24:20
4,5843 4,6183
4,3016 4,3360
4,7446 4,7791
5,2735 5,3087
648 19:26:20
4,5844 4,6185
4,3020 4,3362
4,7452 4,7798
5,2742 5,3094
649 19:27:20
4,5841 4,6183
4,3013 4,3360
4,7449 4,7796
5,2733 5,3087
650 19:28:20
4,5841 4,6186
4,3017 4,3367
4,7449 4,7799
5,2733 5,3090
651 19:29:21
4,5843 4,6184
4,3015 4,3361
4,7451 4,7797
5,2735 5,3088
652 19:30:21
4,5842 4,6184
4,3016 4,3361
4,7450 4,7797
5,2734 5,3088
653 19:31:20
4,5862 4,6194
4,3041 4,3376
4,7472 4,7814
5,2758 5,3101
654 19:32:20
4,5860 4,6196
4,3043 4,3380
4,7469 4,7810
5,2756 5,3103
655 19:33:20
4,5860 4,6196
4,3051 4,3388
4,7474 4,7815
5,2756 5,3103
656 19:34:21
4,5847 4,6203
4,3036 4,3392
4,7455 4,7820
5,2740 5,3110
657 19:35:21
4,5848 4,6205
4,3035 4,3393
4,7455 4,7818
5,2747 5,3118
658 19:36:21
4,5860 4,6196
4,3039 4,3376
4,7469 4,7810
5,2756 5,3103
659 19:37:21
4,5860 4,6196
4,3039 4,3376
4,7465 4,7811
5,2750 5,3097
660 19:38:20
4,5847 4,6203
4,3027 4,3382
4,7451 4,7813
5,2734 5,3098
661 19:39:20
4,5850 4,6205
4,3034 4,3392
4,7453 4,7818
5,2737 5,3106
662 19:40:21
4,5850 4,6205
4,3028 4,3387
4,7453 4,7818
5,2743 5,3106
663 19:41:21
4,5860 4,6196
4,3043 4,3384
4,7465 4,7811
5,2751 5,3096
664 19:42:21
4,5860 4,6196
4,3047 4,3384
4,7469 4,7810
5,2750 5,3097
665 19:43:21
4,5850 4,6205
4,3033 4,3392
4,7457 4,7814
5,2737 5,3106
666 19:44:20
4,5849 4,6203
4,3038 4,3392
4,7457 4,7812
5,2736 5,3104
667 19:45:20
4,5848 4,6204
4,3033 4,3393
4,7452 4,7814
5,2735 5,3105
668 19:46:20
4,5849 4,6206
4,3033 4,3393
4,7451 4,7814
5,2736 5,3107
669 19:47:21
4,5846 4,6202
4,3031 4,3391
4,7449 4,7816
5,2733 5,3103
670 19:48:21
4,5848 4,6203
4,3035 4,3390
4,7451 4,7816
5,2735 5,3104
671 19:49:21
4,5848 4,6203
4,3035 4,3390
4,7451 4,7816
5,2735 5,3104
672 19:50:21
4,5848 4,6203
4,3035 4,3390
4,7450 4,7811
5,2735 5,3104
673 19:51:21
4,5848 4,6205
4,3031 4,3392
4,7450 4,7813
5,2735 5,3106
674 19:52:20
4,5849 4,6204
4,3032 4,3391
4,7454 4,7818
5,2735 5,3103
675 19:53:20
4,5847 4,6203
4,3032 4,3392
4,7456 4,7818
5,2728 5,3099
676 19:54:21
4,5848 4,6205
4,3035 4,3396
4,7457 4,7819
5,2729 5,3100
677 19:55:21
4,5848 4,6204
4,3039 4,3396
4,7457 4,7819
5,2729 5,3099
678 19:56:21
4,5849 4,6204
4,3040 4,3395
4,7456 4,7817
5,2730 5,3099
679 19:57:21
4,5847 4,6203
4,3036 4,3396
4,7456 4,7818
5,2732 5,3098
680 19:58:20
4,5866 4,6196
4,3053 4,3388
4,7475 4,7810
5,2756 5,3090
681 19:59:20
4,5870 4,6195
4,3059 4,3386
4,7479 4,7809
5,2753 5,3087
682 20:00:21
4,5856 4,6200
4,3047 4,3396
4,7466 4,7816
5,2739 5,3093
683 20:01:21
4,5862 4,6194
4,3053 4,3386
4,7471 4,7808
5,2751 5,3087
684 20:02:21
4,5862 4,6195
4,3057 4,3391
4,7471 4,7809
5,2745 5,3088
685 20:03:20
4,5858 4,6200
4,3053 4,3400
4,7467 4,7814
5,2742 5,3095
686 20:04:20
4,5859 4,6199
4,3050 4,3391
4,7464 4,7814
5,2743 5,3094
687 20:05:20
4,5856 4,6201
4,3047 4,3393
4,7460 4,7810
5,2738 5,3095
688 20:06:21
4,5856 4,6200
4,3047 4,3396
4,7461 4,7815
5,2738 5,3094
689 20:07:21
4,5856 4,6198
4,3047 4,3394
4,7461 4,7813
5,2738 5,3092
690 20:08:21
4,5857 4,6200
4,3052 4,3400
4,7464 4,7813
5,2739 5,3094
691 20:09:20
4,5862 4,6195
4,3057 4,3395
4,7471 4,7809
5,2745 5,3088
692 20:10:20
4,5864 4,6194
4,3059 4,3390
4,7473 4,7808
5,2747 5,3087
693 20:11:20
4,5859 4,6199
4,3054 4,3399
4,7468 4,7813
5,2743 5,3094
694 20:12:20
4,5856 4,6203
4,3055 4,3403
4,7465 4,7817
5,2737 5,3097
695 20:13:21
4,5856 4,6200
4,3059 4,3404
4,7465 4,7814
5,2738 5,3094
696 20:14:21
4,5860 4,6190
4,3064 4,3396
4,7469 4,7804
5,2743 5,3083
697 20:15:21
4,5861 4,6190
4,3063 4,3396
4,7470 4,7804
5,2744 5,3083
698 20:16:21
4,5859 4,6191
4,3063 4,3397
4,7468 4,7805
5,2742 5,3084
699 20:17:20
4,5851 4,6206
4,3062 4,3417
4,7463 4,7825
5,2732 5,3101
700 20:18:20
4,5857 4,6199
4,3068 4,3411
4,7471 4,7818
5,2739 5,3093
701 20:19:21
4,5860 4,6201
4,3079 4,3425
4,7474 4,7820
5,2748 5,3094
702 20:20:21
4,5857 4,6201
4,3078 4,3422
4,7471 4,7820
5,2745 5,3095
703 20:21:21
4,5862 4,6201
4,3077 4,3421
4,7479 4,7824
5,2746 5,3095
704 20:22:21
4,5858 4,6201
4,3069 4,3416
4,7477 4,7825
5,2744 5,3094
705 20:23:21
4,5858 4,6201
4,3073 4,3420
4,7472 4,7820
5,2740 5,3095
706 20:24:21
4,5857 4,6202
4,3072 4,3421
4,7470 4,7825
5,2739 5,3096
707 20:25:21
4,5862 4,6194
4,3078 4,3412
4,7477 4,7819
5,2745 5,3087
708 20:26:20
4,5864 4,6195
4,3071 4,3407
4,7478 4,7814
5,2752 5,3094
709 20:27:20
4,5862 4,6194
4,3069 4,3406
4,7481 4,7818
5,2758 5,3095
710 20:28:21
4,5858 4,6202
4,3065 4,3414
4,7472 4,7821
5,2753 5,3109
711 20:29:21
4,5857 4,6199
4,3068 4,3411
4,7476 4,7823
5,2753 5,3106
712 20:30:21
4,5858 4,6201
4,3073 4,3416
4,7477 4,7825
5,2746 5,3101
713 20:31:21
4,5856 4,6200
4,3073 4,3417
4,7475 4,7824
5,2744 5,3100
714 20:32:20
4,5858 4,6201
4,3081 4,3428
4,7481 4,7829
5,2752 5,3106
715 20:33:20
4,5858 4,6201
4,3082 4,3426
4,7476 4,7829
5,2752 5,3107
716 20:35:20
4,5862 4,6195
4,3085 4,3423
4,7486 4,7824
5,2756 5,3100
717 20:36:20
4,5864 4,6195
4,3086 4,3419
4,7483 4,7819
5,2758 5,3094
718 20:37:21
4,5862 4,6194
4,3090 4,3428
4,7481 4,7818
5,2752 5,3095
719 20:38:21
4,5864 4,6195
4,3094 4,3431
4,7488 4,7824
5,2758 5,3094
720 20:39:21
4,5862 4,6194
4,3098 4,3435
4,7486 4,7823
5,2752 5,3095
721 20:40:20
4,5862 4,6195
4,3094 4,3432
4,7486 4,7824
5,2750 5,3094
722 20:41:20
4,5862 4,6194
4,3098 4,3436
4,7491 4,7828
5,2752 5,3095
723 20:42:21
4,5862 4,6195
4,3106 4,3442
4,7491 4,7829
5,2750 5,3094
724 20:43:21
4,5862 4,6195
4,3106 4,3444
4,7491 4,7829
5,2750 5,3094
725 20:44:21
4,5862 4,6195
4,3102 4,3440
4,7491 4,7829
5,2750 5,3094
726 20:45:21
4,5862 4,6194
4,3102 4,3439
4,7491 4,7828
5,2752 5,3095
727 20:46:21
4,5862 4,6195
4,3102 4,3440
4,7491 4,7829
5,2758 5,3101
728 20:47:20
4,5862 4,6194
4,3102 4,3436
4,7491 4,7828
5,2758 5,3095
729 20:48:20
4,5864 4,6195
4,3098 4,3431
4,7493 4,7829
5,2753 5,3093
730 20:49:20
4,5862 4,6195
4,3088 4,3427
4,7486 4,7824
5,2756 5,3100
731 20:50:20
4,5862 4,6195
4,3088 4,3423
4,7486 4,7824
5,2756 5,3100
732 20:51:21
4,5857 4,6199
4,3084 4,3427
4,7481 4,7829
5,2752 5,3104
733 20:52:21
4,5857 4,6199
4,3082 4,3428
4,7481 4,7828
5,2753 5,3106
734 20:53:21
4,5862 4,6196
4,3088 4,3425
4,7486 4,7825
5,2758 5,3103
735 20:54:21
4,5862 4,6196
4,3086 4,3426
4,7486 4,7825
5,2758 5,3103
736 20:55:21
4,5862 4,6196
4,3082 4,3422
4,7486 4,7826
5,2758 5,3103
737 20:56:21
4,5862 4,6197
4,3077 4,3413
4,7481 4,7821
5,2756 5,3102
738 20:57:21
4,5856 4,6200
4,3061 4,3405
4,7479 4,7830
5,2751 5,3104
739 20:58:21
4,5856 4,6200
4,3063 4,3409
4,7485 4,7835
5,2751 5,3101
740 20:59:21
4,5861 4,6196
4,3068 4,3408
4,7490 4,7830
5,2755 5,3101
741 21:00:20
4,5861 4,6196
4,3072 4,3412
4,7485 4,7825
5,2755 5,3101
742 21:01:20
4,5861 4,6196
4,3068 4,3404
4,7485 4,7829
5,2756 5,3101
743 21:02:21
4,5861 4,6196
4,3056 4,3396
4,7485 4,7825
5,2755 5,3101
744 21:03:21
4,5861 4,6196
4,3064 4,3404
4,7490 4,7830
5,2761 5,3101
745 21:04:21
4,5861 4,6196
4,3068 4,3404
4,7485 4,7825
5,2762 5,3101
746 21:05:21
4,5856 4,6201
4,3059 4,3409
4,7478 4,7829
5,2756 5,3107
747 21:06:21
4,5856 4,6201
4,3059 4,3405
4,7478 4,7829
5,2755 5,3109
748 21:07:20
4,5861 4,6196
4,3064 4,3404
4,7485 4,7825
5,2761 5,3107
749 21:08:20
4,5861 4,6196
4,3064 4,3400
4,7485 4,7825
5,2761 5,3107
750 21:09:21
4,5861 4,6196
4,3064 4,3400
4,7490 4,7830
5,2761 5,3107
751 21:10:21
4,5863 4,6196
4,3062 4,3398
4,7492 4,7830
5,2764 5,3107
752 21:11:21
4,5863 4,6196
4,3066 4,3400
4,7482 4,7820
5,2763 5,3107
753 21:12:20
4,5857 4,6200
4,3060 4,3404
4,7476 4,7824
5,2757 5,3112
754 21:13:20
4,5862 4,6197
4,3061 4,3401
4,7476 4,7816
5,2770 5,3115
755 21:14:20
4,5857 4,6200
4,3060 4,3404
4,7471 4,7819
5,2763 5,3117
756 21:15:21
4,5861 4,6195
4,3064 4,3399
4,7471 4,7815
5,2769 5,3114
757 21:16:21
4,5857 4,6200
4,3060 4,3404
4,7471 4,7819
5,2763 5,3117
758 21:17:21
4,5857 4,6200
4,3060 4,3404
4,7466 4,7814
5,2764 5,3119
759 21:18:21
4,5862 4,6197
4,3064 4,3401
4,7461 4,7801
5,2768 5,3113
760 21:19:21
4,5862 4,6197
4,3065 4,3401
4,7461 4,7801
5,2768 5,3114
761 21:20:21
4,5856 4,6201
4,3059 4,3409
4,7449 4,7804
5,2761 5,3119
762 21:21:20
4,5857 4,6200
4,3060 4,3408
4,7461 4,7809
5,2757 5,3111
763 21:22:20
4,5857 4,6200
4,3060 4,3408
4,7466 4,7814
5,2763 5,3111
764 21:23:21
4,5860 4,6196
4,3059 4,3400
4,7465 4,7811
5,2762 5,3109
765 21:24:21
4,5856 4,6201
4,3055 4,3404
4,7465 4,7815
5,2755 5,3113
766 21:25:21
4,5856 4,6201
4,3059 4,3405
4,7465 4,7815
5,2756 5,3112
767 21:26:21
4,5855 4,6202
4,3058 4,3405
4,7460 4,7816
5,2754 5,3114
768 21:27:21
4,5855 4,6202
4,3058 4,3405
4,7464 4,7816
5,2754 5,3114
769 21:28:21
4,5855 4,6202
4,3058 4,3405
4,7464 4,7816
5,2754 5,3114
770 21:29:20
4,5855 4,6202
4,3058 4,3405
4,7463 4,7816
5,2754 5,3114
771 21:30:21
4,5853 4,6203
4,3057 4,3411
4,7462 4,7818
5,2754 5,3117
772 21:31:21
4,5855 4,6188
4,3055 4,3393
4,7464 4,7802
5,2754 5,3098
773 21:32:21
4,5855 4,6185
4,3059 4,3391
4,7465 4,7799
5,2755 5,3095
774 21:33:21
4,5852 4,6187
4,3056 4,3396
4,7461 4,7801
5,2751 5,3091
775 21:34:21
4,5852 4,6187
4,3056 4,3396
4,7461 4,7801
5,2752 5,3097
776 21:35:20
4,5850 4,6186
4,3058 4,3395
4,7459 4,7801
5,2750 5,3096
777 21:36:20
4,5852 4,6187
4,3056 4,3396
4,7461 4,7801
5,2752 5,3097
778 21:37:20
4,5852 4,6187
4,3056 4,3396
4,7456 4,7798
5,2752 5,3097
779 21:38:21
4,5850 4,6186
4,3054 4,3395
4,7455 4,7801
5,2750 5,3096
780 21:39:21
4,5842 4,6196
4,3047 4,3405
4,7446 4,7806
5,2739 5,3109
781 21:40:21
4,5843 4,6196
4,3046 4,3403
4,7445 4,7804
5,2741 5,3108
782 21:41:21
4,5852 4,6187
4,3060 4,3396
4,7455 4,7800
5,2752 5,3097
783 21:42:20
4,5852 4,6187
4,3060 4,3400
4,7456 4,7796
5,2752 5,3096
784 21:43:20
4,5852 4,6186
4,3064 4,3399
4,7456 4,7795
5,2752 5,3096
785 21:44:20
4,5852 4,6186
4,3068 4,3403
4,7456 4,7795
5,2752 5,3096
786 21:45:21
4,5849 4,6187
4,3065 4,3404
4,7453 4,7796
5,2748 5,3101
787 21:46:21
4,5850 4,6186
4,3070 4,3411
4,7463 4,7804
5,2750 5,3096
788 21:47:21
4,5854 4,6186
4,3070 4,3407
4,7469 4,7805
5,2754 5,3096
789 21:48:21
4,5843 4,6197
4,3060 4,3418
4,7457 4,7817
5,2743 5,3110
790 21:49:21
4,5856 4,6191
4,3068 4,3408
4,7470 4,7810
5,2757 5,3096
791 21:50:20
4,5852 4,6193
4,3064 4,3408
4,7460 4,7806
5,2745 5,3098
792 21:51:20
4,5853 4,6187
4,3069 4,3404
4,7462 4,7801
5,2747 5,3091
793 21:52:21
4,5854 4,6186
4,3070 4,3407
4,7463 4,7800
5,2748 5,3090
794 21:53:20
4,5854 4,6186
4,3074 4,3407
4,7463 4,7804
5,2748 5,3090
795 21:54:21
4,5848 4,6186
4,3068 4,3407
4,7457 4,7801
5,2741 5,3091
796 21:55:21
4,5846 4,6186
4,3062 4,3403
4,7455 4,7805
5,2740 5,3091
797 21:56:21
4,5842 4,6208
4,3063 4,3433
4,7455 4,7832
5,2736 5,3116
798 21:57:21
4,5841 4,6205
4,3058 4,3426
4,7456 4,7829
5,2734 5,3113
799 21:58:20
4,5841 4,6205
4,3062 4,3429
4,7460 4,7834
5,2734 5,3113
800 21:59:20
4,5846 4,6186
4,3070 4,3411
4,7469 4,7814
5,2740 5,3091
801 22:00:21
4,5849 4,6187
4,3074 4,3416
4,7472 4,7815
5,2750 5,3095
802 22:01:21
4,5850 4,6187
4,3062 4,3404
4,7452 4,7795
5,2736 5,3084
803 22:02:21
4,5841 4,6204
4,3058 4,3420
4,7438 4,7807
5,2726 5,3098
804 22:03:21
4,5856 4,6195
4,3074 4,3419
4,7459 4,7809
5,2743 5,3093
805 22:04:21
4,5848 4,6190
4,3068 4,3415
4,7451 4,7804
5,2735 5,3089
806 22:05:20
4,5848 4,6190
4,3068 4,3415
4,7457 4,7805
5,2735 5,3089
807 22:06:20
4,5848 4,6190
4,3072 4,3416
4,7462 4,7810
5,2741 5,3095
808 22:07:21
4,5849 4,6192
4,3069 4,3417
4,7462 4,7816
5,2742 5,3103
809 22:08:21
4,5850 4,6191
4,3074 4,3420
4,7467 4,7814
5,2747 5,3101
810 22:09:21
4,5850 4,6191
4,3069 4,3414
4,7467 4,7814
5,2749 5,3102
811 22:10:21
4,5849 4,6194
4,3069 4,3419
4,7466 4,7817
5,2742 5,3099
812 22:11:21
4,5849 4,6188
4,3065 4,3409
4,7467 4,7811
5,2742 5,3093
813 22:12:20
4,5849 4,6188
4,3061 4,3404
4,7467 4,7811
5,2742 5,3093
814 22:13:21
4,5848 4,6192
4,3060 4,3409
4,7467 4,7817
5,2747 5,3097
815 22:14:20
4,5849 4,6194
4,3061 4,3411
4,7466 4,7817
5,2741 5,3103
816 22:15:20
4,5849 4,6194
4,3065 4,3411
4,7462 4,7818
5,2742 5,3099
817 22:16:20
4,5849 4,6194
4,3061 4,3411
4,7462 4,7818
5,2742 5,3099
818 22:17:21
4,5848 4,6194
4,3064 4,3412
4,7462 4,7816
5,2742 5,3101
819 22:18:21
4,5849 4,6196
4,3069 4,3421
4,7466 4,7819
5,2747 5,3107
820 22:19:21
4,5849 4,6196
4,3069 4,3421
4,7466 4,7823
5,2747 5,3107
821 22:20:20
4,5849 4,6196
4,3073 4,3424
4,7467 4,7825
5,2753 5,3108
822 22:21:20
4,5846 4,6202
4,3075 4,3435
4,7470 4,7832
5,2745 5,3113
823 22:22:20
4,5849 4,6196
4,3076 4,3427
4,7471 4,7828
5,2742 5,3100
824 22:23:20
4,5849 4,6196
4,3077 4,3429
4,7476 4,7829
5,2755 5,3108
825 22:24:21
4,5849 4,6196
4,3077 4,3429
4,7476 4,7829
5,2747 5,3107
826 22:25:21
4,5848 4,6196
4,3076 4,3429
4,7473 4,7830
5,2748 5,3109
827 22:26:21
4,5849 4,6196
4,3073 4,3425
4,7472 4,7830
5,2743 5,3102
828 22:27:21
4,5849 4,6196
4,3077 4,3425
4,7472 4,7830
5,2747 5,3107
829 22:28:21
4,5849 4,6196
4,3077 4,3425
4,7472 4,7829
5,2747 5,3107
830 22:29:20
4,5848 4,6196
4,3076 4,3425
4,7473 4,7831
5,2748 5,3109
831 22:30:20
4,5848 4,6196
4,3080 4,3433
4,7477 4,7831
5,2748 5,3109
832 22:31:20
4,5848 4,6196
4,3080 4,3429
4,7477 4,7831
5,2742 5,3103
833 22:32:21
4,5848 4,6196
4,3076 4,3429
4,7471 4,7830
5,2746 5,3102
834 22:33:21
4,5837 4,6213
4,3066 4,3445
4,7460 4,7847
5,2736 5,3129
835 22:34:21
4,5840 4,6213
4,3069 4,3445
4,7463 4,7847
5,2731 5,3127
836 22:35:21
4,5849 4,6198
4,3077 4,3431
4,7472 4,7830
5,2741 5,3109
837 22:36:21
4,5849 4,6198
4,3077 4,3431
4,7472 4,7832
5,2741 5,3103
838 22:37:21
4,5849 4,6198
4,3077 4,3431
4,7472 4,7832
5,2741 5,3103
839 22:38:20
4,5839 4,6213
4,3069 4,3445
4,7462 4,7847
5,2731 5,3121
840 22:39:20
4,5849 4,6202
4,3076 4,3433
4,7472 4,7836
5,2736 5,3103
841 22:40:21
4,5848 4,6200
4,3077 4,3433
4,7471 4,7834
5,2739 5,3107
842 22:41:21
4,5848 4,6202
4,3077 4,3435
4,7471 4,7836
5,2738 5,3105
843 22:42:21
4,5849 4,6202
4,3076 4,3433
4,7472 4,7836
5,2736 5,3109
844 22:43:21
4,5849 4,6202
4,3068 4,3425
4,7466 4,7825
5,2736 5,3103
845 22:44:21
4,5848 4,6204
4,3069 4,3429
4,7466 4,7833
5,2735 5,3105
846 22:45:21
4,5849 4,6206
4,3068 4,3429
4,7467 4,7835
5,2736 5,3107
847 22:46:21
4,5849 4,6206
4,3068 4,3429
4,7471 4,7834
5,2736 5,3111
848 22:47:20
4,5849 4,6206
4,3072 4,3433
4,7472 4,7840
5,2736 5,3113
849 22:48:20
4,5849 4,6206
4,3068 4,3429
4,7467 4,7835
5,2736 5,3107
850 22:49:21
4,5848 4,6204
4,3073 4,3433
4,7466 4,7833
5,2735 5,3111
851 22:50:21
4,5808 4,6211
4,3027 4,3430
4,7422 4,7839
5,2692 5,3111
852 22:51:21
4,5838 4,6217
4,3058 4,3439
4,7456 4,7845
5,2725 5,3119
853 22:52:21
4,5845 4,6224
4,3069 4,3451
4,7467 4,7858
5,2731 5,3133
854 22:53:20
4,5843 4,6220
4,3063 4,3443
4,7471 4,7859
5,2728 5,3122
855 22:54:20
4,5843 4,6220
4,3063 4,3443
4,7471 4,7859
5,2722 5,3122
856 22:55:21
4,5846 4,6224
4,3070 4,3452
4,7475 4,7865
5,2733 5,3129
857 22:56:21
4,5843 4,6224
4,3067 4,3450
4,7466 4,7863
5,2729 5,3128
858 22:57:21
4,5832 4,6215
4,3040 4,3429
4,7449 4,7844
5,2709 5,3116
859 22:58:21
4,5831 4,6214
4,3040 4,3446
4,7448 4,7857
5,2715 5,3121
860 22:59:21
4,5834 4,6217
4,2981 4,3448
4,7455 4,7864
5,2713 5,3123
861 23:00:21
4,5536 4,6471
4,2656 4,3751
4,7238 4,7989
5,2429 5,3456
862 23:01:20
4,5536 4,6471
4,2656 4,3751
4,7238 4,7989
5,2429 5,3456
863 23:02:20
4,5536 4,6471
4,2656 4,3751
4,7238 4,7989
5,2429 5,3456
864 23:03:21
4,5536 4,6471
4,2656 4,3751
4,7238 4,7989
5,2429 5,3456
865 23:04:22
4,5536 4,6471
4,2656 4,3751
4,7238 4,7989
5,2429 5,3456
866 23:05:21
4,5536 4,6471
4,2656 4,3751
4,7238 4,7989
5,2429 5,3456
867 23:06:21
4,5536 4,6471
4,2656 4,3751
4,7238 4,7989
5,2429 5,3456
868 23:07:20
4,5536 4,6471
4,2656 4,3751
4,7238 4,7989
5,2429 5,3456
869 23:08:20
4,5536 4,6471
4,2656 4,3751
4,7238 4,7989
5,2429 5,3456
870 23:09:21
4,5536 4,6471
4,2656 4,3751
4,7238 4,7989
5,2429 5,3456
871 23:10:21
4,5536 4,6471
4,2656 4,3751
4,7238 4,7989
5,2429 5,3456
872 23:11:21
4,5536 4,6471
4,2656 4,3751
4,7238 4,7989
5,2429 5,3456
873 23:12:20
4,5536 4,6471
4,2656 4,3751
4,7238 4,7989
5,2429 5,3456
874 23:13:20
4,5536 4,6471
4,2656 4,3751
4,7238 4,7989
5,2429 5,3456
875 23:14:20
4,5536 4,6471
4,2656 4,3751
4,7238 4,7989
5,2429 5,3456
876 23:15:20
4,5536 4,6471
4,2656 4,3751
4,7238 4,7989
5,2429 5,3456
877 23:16:20
4,5536 4,6471
4,2656 4,3751
4,7238 4,7989
5,2429 5,3456
878 23:17:21
4,5536 4,6471
4,2656 4,3751
4,7238 4,7989
5,2429 5,3456
879 23:18:21
4,5536 4,6471
4,2656 4,3751
4,7238 4,7989
5,2429 5,3456
880 23:19:21
4,5536 4,6471
4,2656 4,3751
4,7238 4,7989
5,2429 5,3456
881 23:20:21
4,5536 4,6471
4,2656 4,3751
4,7238 4,7989
5,2429 5,3456
882 23:21:21
4,5536 4,6471
4,2656 4,3751
4,7238 4,7989
5,2429 5,3456
883 23:22:20
4,5536 4,6471
4,2656 4,3751
4,7238 4,7989
5,2429 5,3456
884 23:23:21
4,5536 4,6471
4,2656 4,3751
4,7238 4,7989
5,2429 5,3456
885 23:24:21
4,5536 4,6471
4,2656 4,3751
4,7238 4,7989
5,2429 5,3456
886 23:25:21
4,5536 4,6471
4,2656 4,3751
4,7238 4,7989
5,2429 5,3456
887 23:26:21
4,5536 4,6471
4,2656 4,3751
4,7238 4,7989
5,2429 5,3456
888 23:27:21
4,5536 4,6471
4,2656 4,3751
4,7238 4,7989
5,2429 5,3456
889 23:28:21
4,5536 4,6471
4,2656 4,3751
4,7238 4,7989
5,2429 5,3456
890 23:29:20
4,5536 4,6471
4,2656 4,3751
4,7238 4,7989
5,2429 5,3456
891 23:30:20
4,5536 4,6471
4,2656 4,3751
4,7238 4,7989
5,2429 5,3456
892 23:31:21
4,5536 4,6471
4,2656 4,3751
4,7238 4,7989
5,2429 5,3456
893 23:32:21
4,5536 4,6471
4,2656 4,3751
4,7238 4,7989
5,2429 5,3456
894 23:33:21
4,5536 4,6471
4,2656 4,3751
4,7238 4,7989
5,2429 5,3456
895 23:34:21
4,5536 4,6471
4,2656 4,3751
4,7238 4,7989
5,2429 5,3456
896 23:35:21
4,5536 4,6471
4,2656 4,3751
4,7238 4,7989
5,2429 5,3456
897 23:36:20
4,5536 4,6471
4,2656 4,3751
4,7238 4,7989
5,2429 5,3456
898 23:37:20
4,5536 4,6471
4,2656 4,3751
4,7238 4,7989
5,2429 5,3456
899 23:38:20
4,5536 4,6471
4,2656 4,3751
4,7238 4,7989
5,2429 5,3456
900 23:39:20
4,5536 4,6471
4,2656 4,3751
4,7238 4,7989
5,2429 5,3456
901 23:40:21
4,5536 4,6471
4,2656 4,3751
4,7238 4,7989
5,2429 5,3456
902 23:41:21
4,5536 4,6471
4,2656 4,3751
4,7238 4,7989
5,2429 5,3456
903 23:42:21
4,5536 4,6471
4,2656 4,3751
4,7238 4,7989
5,2429 5,3456
904 23:43:21
4,5536 4,6471
4,2656 4,3751
4,7238 4,7989
5,2429 5,3456
905 23:44:20
4,5536 4,6471
4,2656 4,3751
4,7238 4,7989
5,2429 5,3456
906 23:45:21
4,5536 4,6471
4,2656 4,3751
4,7238 4,7989
5,2429 5,3456
907 23:46:21
4,5536 4,6471
4,2656 4,3751
4,7238 4,7989
5,2429 5,3456
Connection error x5
