#======================
2023-8-6
# 1.EUR, 2.USD, 3.CHF, 4.GBP
Sell Price, Buy Price
1 13:26
4,3813 4,4791
3,9733 4,0805
4,5705 4,6470
5,0809 5,1865
2 13:27
4,3813 4,4791
3,9733 4,0805
4,5705 4,6470
5,0809 5,1865
3 13:28
4,3813 4,4791
3,9733 4,0805
4,5705 4,6470
5,0809 5,1865
4 13:29
4,3813 4,4791
3,9733 4,0805
4,5705 4,6470
5,0809 5,1865
5 13:30
4,3813 4,4791
3,9733 4,0805
4,5705 4,6470
5,0809 5,1865
6 13:31
4,3813 4,4791
3,9733 4,0805
4,5705 4,6470
5,0809 5,1865
7 13:32
4,3813 4,4791
3,9733 4,0805
4,5705 4,6470
5,0809 5,1865
8 13:33
4,3813 4,4791
3,9733 4,0805
4,5705 4,6470
5,0809 5,1865
9 13:34
4,3813 4,4791
3,9733 4,0805
4,5705 4,6470
5,0809 5,1865
10 13:35
4,3813 4,4791
3,9733 4,0805
4,5705 4,6470
5,0809 5,1865
11 13:36
4,3813 4,4791
3,9733 4,0805
4,5705 4,6470
5,0809 5,1865
12 13:37
4,3813 4,4791
3,9733 4,0805
4,5705 4,6470
5,0809 5,1865
13 13:38
4,3813 4,4791
3,9733 4,0805
4,5705 4,6470
5,0809 5,1865
14 13:39
4,3813 4,4791
3,9733 4,0805
4,5705 4,6470
5,0809 5,1865
15 13:40
4,3813 4,4791
3,9733 4,0805
4,5705 4,6470
5,0809 5,1865
16 13:41
4,3813 4,4791
3,9733 4,0805
4,5705 4,6470
5,0809 5,1865
17 13:42
4,3813 4,4791
3,9733 4,0805
4,5705 4,6470
5,0809 5,1865
18 13:43
4,3813 4,4791
3,9733 4,0805
4,5705 4,6470
5,0809 5,1865
19 13:44
4,3813 4,4791
3,9733 4,0805
4,5705 4,6470
5,0809 5,1865
20 13:45
4,3813 4,4791
3,9733 4,0805
4,5705 4,6470
5,0809 5,1865
21 13:46
4,3813 4,4791
3,9733 4,0805
4,5705 4,6470
5,0809 5,1865
22 13:47
4,3813 4,4791
3,9733 4,0805
4,5705 4,6470
5,0809 5,1865
23 13:48
4,3813 4,4791
3,9733 4,0805
4,5705 4,6470
5,0809 5,1865
24 13:49
4,3813 4,4791
3,9733 4,0805
4,5705 4,6470
5,0809 5,1865
25 13:50
4,3813 4,4791
3,9733 4,0805
4,5705 4,6470
5,0809 5,1865
26 13:51
4,3813 4,4791
3,9733 4,0805
4,5705 4,6470
5,0809 5,1865
27 13:52
4,3813 4,4791
3,9733 4,0805
4,5705 4,6470
5,0809 5,1865
28 13:53
4,3813 4,4791
3,9733 4,0805
4,5705 4,6470
5,0809 5,1865
29 13:54
4,3813 4,4791
3,9733 4,0805
4,5705 4,6470
5,0809 5,1865
30 13:55
4,3813 4,4791
3,9733 4,0805
4,5705 4,6470
5,0809 5,1865
31 13:56
4,3813 4,4791
3,9733 4,0805
4,5705 4,6470
5,0809 5,1865
32 13:57
4,3813 4,4791
3,9733 4,0805
4,5705 4,6470
5,0809 5,1865
33 13:58
4,3813 4,4791
3,9733 4,0805
4,5705 4,6470
5,0809 5,1865
34 13:59
4,3813 4,4791
3,9733 4,0805
4,5705 4,6470
5,0809 5,1865
35 14:00
4,3813 4,4791
3,9733 4,0805
4,5705 4,6470
5,0809 5,1865
36 14:01
4,3813 4,4791
3,9733 4,0805
4,5705 4,6470
5,0809 5,1865
37 14:02
4,3813 4,4791
3,9733 4,0805
4,5705 4,6470
5,0809 5,1865
38 14:03
4,3813 4,4791
3,9733 4,0805
4,5705 4,6470
5,0809 5,1865
39 14:04
4,3813 4,4791
3,9733 4,0805
4,5705 4,6470
5,0809 5,1865
40 14:05
4,3813 4,4791
3,9733 4,0805
4,5705 4,6470
5,0809 5,1865
41 14:06
4,3813 4,4791
3,9733 4,0805
4,5705 4,6470
5,0809 5,1865
42 14:07
4,3813 4,4791
3,9733 4,0805
4,5705 4,6470
5,0809 5,1865
43 14:08
4,3813 4,4791
3,9733 4,0805
4,5705 4,6470
5,0809 5,1865
44 14:09
4,3813 4,4791
3,9733 4,0805
4,5705 4,6470
5,0809 5,1865
45 14:10
4,3813 4,4791
3,9733 4,0805
4,5705 4,6470
5,0809 5,1865
46 14:11
4,3813 4,4791
3,9733 4,0805
4,5705 4,6470
5,0809 5,1865
47 14:12
4,3813 4,4791
3,9733 4,0805
4,5705 4,6470
5,0809 5,1865
48 14:13
4,3813 4,4791
3,9733 4,0805
4,5705 4,6470
5,0809 5,1865
49 14:14
4,3813 4,4791
3,9733 4,0805
4,5705 4,6470
5,0809 5,1865
50 14:15
4,3813 4,4791
3,9733 4,0805
4,5705 4,6470
5,0809 5,1865
51 14:16
4,3813 4,4791
3,9733 4,0805
4,5705 4,6470
5,0809 5,1865
52 14:17
4,3813 4,4791
3,9733 4,0805
4,5705 4,6470
5,0809 5,1865
53 14:18
4,3813 4,4791
3,9733 4,0805
4,5705 4,6470
5,0809 5,1865
54 14:19
4,3813 4,4791
3,9733 4,0805
4,5705 4,6470
5,0809 5,1865
55 14:20
4,3813 4,4791
3,9733 4,0805
4,5705 4,6470
5,0809 5,1865
56 14:21
4,3813 4,4791
3,9733 4,0805
4,5705 4,6470
5,0809 5,1865
57 14:22
4,3813 4,4791
3,9733 4,0805
4,5705 4,6470
5,0809 5,1865
58 14:23
4,3813 4,4791
3,9733 4,0805
4,5705 4,6470
5,0809 5,1865
59 14:24
4,3813 4,4791
3,9733 4,0805
4,5705 4,6470
5,0809 5,1865
60 14:25
4,3813 4,4791
3,9733 4,0805
4,5705 4,6470
5,0809 5,1865
61 14:26
4,3813 4,4791
3,9733 4,0805
4,5705 4,6470
5,0809 5,1865
62 14:27
4,3813 4,4791
3,9733 4,0805
4,5705 4,6470
5,0809 5,1865
63 14:28
4,3813 4,4791
3,9733 4,0805
4,5705 4,6470
5,0809 5,1865
64 14:29
4,3813 4,4791
3,9733 4,0805
4,5705 4,6470
5,0809 5,1865
65 14:30
4,3813 4,4791
3,9733 4,0805
4,5705 4,6470
5,0809 5,1865
66 14:31
4,3813 4,4791
3,9733 4,0805
4,5705 4,6470
5,0809 5,1865
67 14:32
4,3813 4,4791
3,9733 4,0805
4,5705 4,6470
5,0809 5,1865
68 14:33
4,3813 4,4791
3,9733 4,0805
4,5705 4,6470
5,0809 5,1865
69 14:34
4,3813 4,4791
3,9733 4,0805
4,5705 4,6470
5,0809 5,1865
70 14:35
4,3813 4,4791
3,9733 4,0805
4,5705 4,6470
5,0809 5,1865
71 14:36
4,3813 4,4791
3,9733 4,0805
4,5705 4,6470
5,0809 5,1865
72 14:37
4,3813 4,4791
3,9733 4,0805
4,5705 4,6470
5,0809 5,1865
73 14:38
4,3813 4,4791
3,9733 4,0805
4,5705 4,6470
5,0809 5,1865
74 14:39
4,3813 4,4791
3,9733 4,0805
4,5705 4,6470
5,0809 5,1865
75 14:40
4,3813 4,4791
3,9733 4,0805
4,5705 4,6470
5,0809 5,1865
76 14:41
4,3813 4,4791
3,9733 4,0805
4,5705 4,6470
5,0809 5,1865
77 14:42
4,3813 4,4791
3,9733 4,0805
4,5705 4,6470
5,0809 5,1865
78 14:43
4,3813 4,4791
3,9733 4,0805
4,5705 4,6470
5,0809 5,1865
79 14:44
4,3813 4,4791
3,9733 4,0805
4,5705 4,6470
5,0809 5,1865
80 14:45
4,3813 4,4791
3,9733 4,0805
4,5705 4,6470
5,0809 5,1865
81 14:46
4,3813 4,4791
3,9733 4,0805
4,5705 4,6470
5,0809 5,1865
82 14:47
4,3813 4,4791
3,9733 4,0805
4,5705 4,6470
5,0809 5,1865
83 14:48
4,3813 4,4791
3,9733 4,0805
4,5705 4,6470
5,0809 5,1865
84 14:49
4,3813 4,4791
3,9733 4,0805
4,5705 4,6470
5,0809 5,1865
85 14:50
4,3813 4,4791
3,9733 4,0805
4,5705 4,6470
5,0809 5,1865
86 14:51
4,3813 4,4791
3,9733 4,0805
4,5705 4,6470
5,0809 5,1865
87 14:52
4,3813 4,4791
3,9733 4,0805
4,5705 4,6470
5,0809 5,1865
88 14:53
4,3813 4,4791
3,9733 4,0805
4,5705 4,6470
5,0809 5,1865
89 14:54
4,3813 4,4791
3,9733 4,0805
4,5705 4,6470
5,0809 5,1865
90 14:55
4,3813 4,4791
3,9733 4,0805
4,5705 4,6470
5,0809 5,1865
91 14:56
4,3813 4,4791
3,9733 4,0805
4,5705 4,6470
5,0809 5,1865
92 14:57
4,3813 4,4791
3,9733 4,0805
4,5705 4,6470
5,0809 5,1865
93 14:58
4,3813 4,4791
3,9733 4,0805
4,5705 4,6470
5,0809 5,1865
94 14:59
4,3813 4,4791
3,9733 4,0805
4,5705 4,6470
5,0809 5,1865
95 15:00
4,3813 4,4791
3,9733 4,0805
4,5705 4,6470
5,0809 5,1865
96 15:01
4,3813 4,4791
3,9733 4,0805
4,5705 4,6470
5,0809 5,1865
97 15:02
4,3813 4,4791
3,9733 4,0805
4,5705 4,6470
5,0809 5,1865
98 15:03
4,3813 4,4791
3,9733 4,0805
4,5705 4,6470
5,0809 5,1865
99 15:04
4,3813 4,4791
3,9733 4,0805
4,5705 4,6470
5,0809 5,1865
100 15:05
4,3813 4,4791
3,9733 4,0805
4,5705 4,6470
5,0809 5,1865
101 15:06
4,3813 4,4791
3,9733 4,0805
4,5705 4,6470
5,0809 5,1865
102 15:07
4,3813 4,4791
3,9733 4,0805
4,5705 4,6470
5,0809 5,1865
103 15:08
4,3813 4,4791
3,9733 4,0805
4,5705 4,6470
5,0809 5,1865
104 15:09
4,3813 4,4791
3,9733 4,0805
4,5705 4,6470
5,0809 5,1865
105 15:10
4,3813 4,4791
3,9733 4,0805
4,5705 4,6470
5,0809 5,1865
106 15:11
4,3813 4,4791
3,9733 4,0805
4,5705 4,6470
5,0809 5,1865
107 15:12
4,3813 4,4791
3,9733 4,0805
4,5705 4,6470
5,0809 5,1865
108 15:13
4,3813 4,4791
3,9733 4,0805
4,5705 4,6470
5,0809 5,1865
109 15:14
4,3813 4,4791
3,9733 4,0805
4,5705 4,6470
5,0809 5,1865
110 15:15
4,3813 4,4791
3,9733 4,0805
4,5705 4,6470
5,0809 5,1865
111 15:16
4,3813 4,4791
3,9733 4,0805
4,5705 4,6470
5,0809 5,1865
112 15:17
4,3813 4,4791
3,9733 4,0805
4,5705 4,6470
5,0809 5,1865
113 15:18
4,3813 4,4791
3,9733 4,0805
4,5705 4,6470
5,0809 5,1865
114 15:19
4,3813 4,4791
3,9733 4,0805
4,5705 4,6470
5,0809 5,1865
115 15:20
4,3813 4,4791
3,9733 4,0805
4,5705 4,6470
5,0809 5,1865
116 15:21
4,3813 4,4791
3,9733 4,0805
4,5705 4,6470
5,0809 5,1865
117 15:22
4,3813 4,4791
3,9733 4,0805
4,5705 4,6470
5,0809 5,1865
118 15:23
4,3813 4,4791
3,9733 4,0805
4,5705 4,6470
5,0809 5,1865
119 15:24
4,3813 4,4791
3,9733 4,0805
4,5705 4,6470
5,0809 5,1865
120 15:25
4,3813 4,4791
3,9733 4,0805
4,5705 4,6470
5,0809 5,1865
121 15:26
4,3813 4,4791
3,9733 4,0805
4,5705 4,6470
5,0809 5,1865
122 15:27
4,3813 4,4791
3,9733 4,0805
4,5705 4,6470
5,0809 5,1865
123 15:28
4,3813 4,4791
3,9733 4,0805
4,5705 4,6470
5,0809 5,1865
124 15:29
4,3813 4,4791
3,9733 4,0805
4,5705 4,6470
5,0809 5,1865
125 15:30
4,3813 4,4791
3,9733 4,0805
4,5705 4,6470
5,0809 5,1865
126 15:31
4,3813 4,4791
3,9733 4,0805
4,5705 4,6470
5,0809 5,1865
127 15:32
4,3813 4,4791
3,9733 4,0805
4,5705 4,6470
5,0809 5,1865
128 15:33
4,3813 4,4791
3,9733 4,0805
4,5705 4,6470
5,0809 5,1865
129 15:34
4,3813 4,4791
3,9733 4,0805
4,5705 4,6470
5,0809 5,1865
130 15:35
4,3813 4,4791
3,9733 4,0805
4,5705 4,6470
5,0809 5,1865
131 15:36
4,3813 4,4791
3,9733 4,0805
4,5705 4,6470
5,0809 5,1865
132 15:37
4,3813 4,4791
3,9733 4,0805
4,5705 4,6470
5,0809 5,1865
133 15:38
4,3813 4,4791
3,9733 4,0805
4,5705 4,6470
5,0809 5,1865
134 15:39
4,3813 4,4791
3,9733 4,0805
4,5705 4,6470
5,0809 5,1865
135 15:40
4,3813 4,4791
3,9733 4,0805
4,5705 4,6470
5,0809 5,1865
136 15:41
4,3813 4,4791
3,9733 4,0805
4,5705 4,6470
5,0809 5,1865
137 15:42
4,3813 4,4791
3,9733 4,0805
4,5705 4,6470
5,0809 5,1865
138 15:43
4,3813 4,4791
3,9733 4,0805
4,5705 4,6470
5,0809 5,1865
139 15:44
4,3813 4,4791
3,9733 4,0805
4,5705 4,6470
5,0809 5,1865
140 15:45
4,3813 4,4791
3,9733 4,0805
4,5705 4,6470
5,0809 5,1865
141 15:46
4,3813 4,4791
3,9733 4,0805
4,5705 4,6470
5,0809 5,1865
142 15:47
4,3813 4,4791
3,9733 4,0805
4,5705 4,6470
5,0809 5,1865
143 15:48
4,3813 4,4791
3,9733 4,0805
4,5705 4,6470
5,0809 5,1865
144 15:49
4,3813 4,4791
3,9733 4,0805
4,5705 4,6470
5,0809 5,1865
145 15:50
4,3813 4,4791
3,9733 4,0805
4,5705 4,6470
5,0809 5,1865
146 15:51
4,3813 4,4791
3,9733 4,0805
4,5705 4,6470
5,0809 5,1865
147 15:52
4,3813 4,4791
3,9733 4,0805
4,5705 4,6470
5,0809 5,1865
148 15:53
4,3813 4,4791
3,9733 4,0805
4,5705 4,6470
5,0809 5,1865
149 15:54
4,3813 4,4791
3,9733 4,0805
4,5705 4,6470
5,0809 5,1865
150 15:55
4,3813 4,4791
3,9733 4,0805
4,5705 4,6470
5,0809 5,1865
151 15:56
4,3813 4,4791
3,9733 4,0805
4,5705 4,6470
5,0809 5,1865
152 15:57
4,3813 4,4791
3,9733 4,0805
4,5705 4,6470
5,0809 5,1865
153 15:58
4,3813 4,4791
3,9733 4,0805
4,5705 4,6470
5,0809 5,1865
154 15:59
4,3813 4,4791
3,9733 4,0805
4,5705 4,6470
5,0809 5,1865
155 16:00
4,3813 4,4791
3,9733 4,0805
4,5705 4,6470
5,0809 5,1865
156 16:01
4,3813 4,4791
3,9733 4,0805
4,5705 4,6470
5,0809 5,1865
157 16:02
4,3813 4,4791
3,9733 4,0805
4,5705 4,6470
5,0809 5,1865
158 16:03
4,3813 4,4791
3,9733 4,0805
4,5705 4,6470
5,0809 5,1865
159 16:04
4,3813 4,4791
3,9733 4,0805
4,5705 4,6470
5,0809 5,1865
160 16:05
4,3813 4,4791
3,9733 4,0805
4,5705 4,6470
5,0809 5,1865
161 16:06
4,3813 4,4791
3,9733 4,0805
4,5705 4,6470
5,0809 5,1865
162 16:07
4,3813 4,4791
3,9733 4,0805
4,5705 4,6470
5,0809 5,1865
163 16:08
4,3813 4,4791
3,9733 4,0805
4,5705 4,6470
5,0809 5,1865
164 16:09
4,3813 4,4791
3,9733 4,0805
4,5705 4,6470
5,0809 5,1865
165 16:10
4,3813 4,4791
3,9733 4,0805
4,5705 4,6470
5,0809 5,1865
166 16:11
4,3813 4,4791
3,9733 4,0805
4,5705 4,6470
5,0809 5,1865
167 16:12
4,3813 4,4791
3,9733 4,0805
4,5705 4,6470
5,0809 5,1865
168 16:13
4,3813 4,4791
3,9733 4,0805
4,5705 4,6470
5,0809 5,1865
169 16:14
4,3813 4,4791
3,9733 4,0805
4,5705 4,6470
5,0809 5,1865
170 16:15
4,3813 4,4791
3,9733 4,0805
4,5705 4,6470
5,0809 5,1865
171 16:16
4,3813 4,4791
3,9733 4,0805
4,5705 4,6470
5,0809 5,1865
172 16:17
4,3813 4,4791
3,9733 4,0805
4,5705 4,6470
5,0809 5,1865
173 16:18
4,3813 4,4791
3,9733 4,0805
4,5705 4,6470
5,0809 5,1865
174 16:19
4,3813 4,4791
3,9733 4,0805
4,5705 4,6470
5,0809 5,1865
175 16:20
4,3813 4,4791
3,9733 4,0805
4,5705 4,6470
5,0809 5,1865
176 16:21
4,3813 4,4791
3,9733 4,0805
4,5705 4,6470
5,0809 5,1865
177 16:22
4,3813 4,4791
3,9733 4,0805
4,5705 4,6470
5,0809 5,1865
178 16:23
4,3813 4,4791
3,9733 4,0805
4,5705 4,6470
5,0809 5,1865
179 16:24
4,3813 4,4791
3,9733 4,0805
4,5705 4,6470
5,0809 5,1865
180 16:25
4,3813 4,4791
3,9733 4,0805
4,5705 4,6470
5,0809 5,1865
181 16:26
4,3813 4,4791
3,9733 4,0805
4,5705 4,6470
5,0809 5,1865
182 16:27
4,3813 4,4791
3,9733 4,0805
4,5705 4,6470
5,0809 5,1865
183 16:28
4,3813 4,4791
3,9733 4,0805
4,5705 4,6470
5,0809 5,1865
184 16:29
4,3813 4,4791
3,9733 4,0805
4,5705 4,6470
5,0809 5,1865
185 16:30
4,3813 4,4791
3,9733 4,0805
4,5705 4,6470
5,0809 5,1865
186 16:31
4,3813 4,4791
3,9733 4,0805
4,5705 4,6470
5,0809 5,1865
187 16:32
4,3813 4,4791
3,9733 4,0805
4,5705 4,6470
5,0809 5,1865
188 16:33
4,3813 4,4791
3,9733 4,0805
4,5705 4,6470
5,0809 5,1865
189 16:34
4,3813 4,4791
3,9733 4,0805
4,5705 4,6470
5,0809 5,1865
190 16:35
4,3813 4,4791
3,9733 4,0805
4,5705 4,6470
5,0809 5,1865
191 16:36
4,3813 4,4791
3,9733 4,0805
4,5705 4,6470
5,0809 5,1865
192 16:37
4,3813 4,4791
3,9733 4,0805
4,5705 4,6470
5,0809 5,1865
193 16:38
4,3813 4,4791
3,9733 4,0805
4,5705 4,6470
5,0809 5,1865
194 16:39
4,3813 4,4791
3,9733 4,0805
4,5705 4,6470
5,0809 5,1865
195 16:40
4,3813 4,4791
3,9733 4,0805
4,5705 4,6470
5,0809 5,1865
196 16:41
4,3813 4,4791
3,9733 4,0805
4,5705 4,6470
5,0809 5,1865
197 16:42
4,3813 4,4791
3,9733 4,0805
4,5705 4,6470
5,0809 5,1865
198 16:43
4,3813 4,4791
3,9733 4,0805
4,5705 4,6470
5,0809 5,1865
199 16:44
4,3813 4,4791
3,9733 4,0805
4,5705 4,6470
5,0809 5,1865
200 16:45
4,3813 4,4791
3,9733 4,0805
4,5705 4,6470
5,0809 5,1865
201 16:46
4,3813 4,4791
3,9733 4,0805
4,5705 4,6470
5,0809 5,1865
202 16:47
4,3813 4,4791
3,9733 4,0805
4,5705 4,6470
5,0809 5,1865
203 16:48
4,3813 4,4791
3,9733 4,0805
4,5705 4,6470
5,0809 5,1865
204 16:49
4,3813 4,4791
3,9733 4,0805
4,5705 4,6470
5,0809 5,1865
205 16:50
4,3813 4,4791
3,9733 4,0805
4,5705 4,6470
5,0809 5,1865
206 16:51
4,3813 4,4791
3,9733 4,0805
4,5705 4,6470
5,0809 5,1865
207 16:52
4,3813 4,4791
3,9733 4,0805
4,5705 4,6470
5,0809 5,1865
208 16:53
4,3813 4,4791
3,9733 4,0805
4,5705 4,6470
5,0809 5,1865
209 16:54
4,3813 4,4791
3,9733 4,0805
4,5705 4,6470
5,0809 5,1865
210 16:55
4,3813 4,4791
3,9733 4,0805
4,5705 4,6470
5,0809 5,1865
211 16:56
4,3813 4,4791
3,9733 4,0805
4,5705 4,6470
5,0809 5,1865
212 16:57
4,3813 4,4791
3,9733 4,0805
4,5705 4,6470
5,0809 5,1865
213 16:58
4,3813 4,4791
3,9733 4,0805
4,5705 4,6470
5,0809 5,1865
214 16:59
4,3813 4,4791
3,9733 4,0805
4,5705 4,6470
5,0809 5,1865
215 17:00
4,3813 4,4791
3,9733 4,0805
4,5705 4,6470
5,0809 5,1865
216 17:01
4,3813 4,4791
3,9733 4,0805
4,5705 4,6470
5,0809 5,1865
217 17:02
4,3813 4,4791
3,9733 4,0805
4,5705 4,6470
5,0809 5,1865
218 17:03
4,3813 4,4791
3,9733 4,0805
4,5705 4,6470
5,0809 5,1865
219 17:04
4,3813 4,4791
3,9733 4,0805
4,5705 4,6470
5,0809 5,1865
220 17:05
4,3813 4,4791
3,9733 4,0805
4,5705 4,6470
5,0809 5,1865
221 17:06
4,3813 4,4791
3,9733 4,0805
4,5705 4,6470
5,0809 5,1865
222 17:07
4,3813 4,4791
3,9733 4,0805
4,5705 4,6470
5,0809 5,1865
223 17:08
4,3813 4,4791
3,9733 4,0805
4,5705 4,6470
5,0809 5,1865
224 17:09
4,3813 4,4791
3,9733 4,0805
4,5705 4,6470
5,0809 5,1865
225 17:10
4,3813 4,4791
3,9733 4,0805
4,5705 4,6470
5,0809 5,1865
226 17:11
4,3813 4,4791
3,9733 4,0805
4,5705 4,6470
5,0809 5,1865
227 17:12
4,3813 4,4791
3,9733 4,0805
4,5705 4,6470
5,0809 5,1865
228 17:13
4,3813 4,4791
3,9733 4,0805
4,5705 4,6470
5,0809 5,1865
229 17:14
4,3813 4,4791
3,9733 4,0805
4,5705 4,6470
5,0809 5,1865
230 17:15
4,3813 4,4791
3,9733 4,0805
4,5705 4,6470
5,0809 5,1865
231 17:16
4,3813 4,4791
3,9733 4,0805
4,5705 4,6470
5,0809 5,1865
232 17:17
4,3813 4,4791
3,9733 4,0805
4,5705 4,6470
5,0809 5,1865
233 17:18
4,3813 4,4791
3,9733 4,0805
4,5705 4,6470
5,0809 5,1865
234 17:19
4,3813 4,4791
3,9733 4,0805
4,5705 4,6470
5,0809 5,1865
235 17:20
4,3813 4,4791
3,9733 4,0805
4,5705 4,6470
5,0809 5,1865
236 17:21
4,3813 4,4791
3,9733 4,0805
4,5705 4,6470
5,0809 5,1865
237 17:22
4,3813 4,4791
3,9733 4,0805
4,5705 4,6470
5,0809 5,1865
238 17:23
4,3813 4,4791
3,9733 4,0805
4,5705 4,6470
5,0809 5,1865
239 17:24
4,3813 4,4791
3,9733 4,0805
4,5705 4,6470
5,0809 5,1865
240 17:25
4,3813 4,4791
3,9733 4,0805
4,5705 4,6470
5,0809 5,1865
241 17:26
4,3813 4,4791
3,9733 4,0805
4,5705 4,6470
5,0809 5,1865
242 17:27
4,3813 4,4791
3,9733 4,0805
4,5705 4,6470
5,0809 5,1865
243 17:28
4,3813 4,4791
3,9733 4,0805
4,5705 4,6470
5,0809 5,1865
244 17:29
4,3813 4,4791
3,9733 4,0805
4,5705 4,6470
5,0809 5,1865
245 17:30
4,3813 4,4791
3,9733 4,0805
4,5705 4,6470
5,0809 5,1865
246 17:31
4,3813 4,4791
3,9733 4,0805
4,5705 4,6470
5,0809 5,1865
247 17:32
4,3813 4,4791
3,9733 4,0805
4,5705 4,6470
5,0809 5,1865
248 17:33
4,3813 4,4791
3,9733 4,0805
4,5705 4,6470
5,0809 5,1865
249 17:34
4,3813 4,4791
3,9733 4,0805
4,5705 4,6470
5,0809 5,1865
250 17:35
4,3813 4,4791
3,9733 4,0805
4,5705 4,6470
5,0809 5,1865
251 17:36
4,3813 4,4791
3,9733 4,0805
4,5705 4,6470
5,0809 5,1865
252 17:37
4,3813 4,4791
3,9733 4,0805
4,5705 4,6470
5,0809 5,1865
253 17:38
4,3813 4,4791
3,9733 4,0805
4,5705 4,6470
5,0809 5,1865
254 17:39
4,3813 4,4791
3,9733 4,0805
4,5705 4,6470
5,0809 5,1865
255 17:40
4,3813 4,4791
3,9733 4,0805
4,5705 4,6470
5,0809 5,1865
256 17:41
4,3813 4,4791
3,9733 4,0805
4,5705 4,6470
5,0809 5,1865
257 17:42
4,3813 4,4791
3,9733 4,0805
4,5705 4,6470
5,0809 5,1865
258 17:43
4,3813 4,4791
3,9733 4,0805
4,5705 4,6470
5,0809 5,1865
259 17:44
4,3813 4,4791
3,9733 4,0805
4,5705 4,6470
5,0809 5,1865
260 17:45
4,3813 4,4791
3,9733 4,0805
4,5705 4,6470
5,0809 5,1865
261 17:46
4,3813 4,4791
3,9733 4,0805
4,5705 4,6470
5,0809 5,1865
262 17:47
4,3813 4,4791
3,9733 4,0805
4,5705 4,6470
5,0809 5,1865
263 17:48
4,3813 4,4791
3,9733 4,0805
4,5705 4,6470
5,0809 5,1865
264 17:49
4,3813 4,4791
3,9733 4,0805
4,5705 4,6470
5,0809 5,1865
265 17:50
4,3813 4,4791
3,9733 4,0805
4,5705 4,6470
5,0809 5,1865
266 17:51
4,3813 4,4791
3,9733 4,0805
4,5705 4,6470
5,0809 5,1865
267 17:52
4,3813 4,4791
3,9733 4,0805
4,5705 4,6470
5,0809 5,1865
268 17:53
4,3813 4,4791
3,9733 4,0805
4,5705 4,6470
5,0809 5,1865
269 17:54
4,3813 4,4791
3,9733 4,0805
4,5705 4,6470
5,0809 5,1865
270 17:55
4,3813 4,4791
3,9733 4,0805
4,5705 4,6470
5,0809 5,1865
271 17:56
4,3813 4,4791
3,9733 4,0805
4,5705 4,6470
5,0809 5,1865
272 17:57
4,3813 4,4791
3,9733 4,0805
4,5705 4,6470
5,0809 5,1865
273 17:58
4,3813 4,4791
3,9733 4,0805
4,5705 4,6470
5,0809 5,1865
274 17:59
4,3813 4,4791
3,9733 4,0805
4,5705 4,6470
5,0809 5,1865
275 18:00
4,3813 4,4791
3,9733 4,0805
4,5705 4,6470
5,0809 5,1865
276 18:01
4,3813 4,4791
3,9733 4,0805
4,5705 4,6470
5,0809 5,1865
277 18:02
4,3813 4,4791
3,9733 4,0805
4,5705 4,6470
5,0809 5,1865
278 18:03
4,3813 4,4791
3,9733 4,0805
4,5705 4,6470
5,0809 5,1865
279 18:04
4,3813 4,4791
3,9733 4,0805
4,5705 4,6470
5,0809 5,1865
280 18:05
4,3813 4,4791
3,9733 4,0805
4,5705 4,6470
5,0809 5,1865
281 18:06
4,3813 4,4791
3,9733 4,0805
4,5705 4,6470
5,0809 5,1865
282 18:07
4,3813 4,4791
3,9733 4,0805
4,5705 4,6470
5,0809 5,1865
283 18:08
4,3813 4,4791
3,9733 4,0805
4,5705 4,6470
5,0809 5,1865
284 18:09
4,3813 4,4791
3,9733 4,0805
4,5705 4,6470
5,0809 5,1865
285 18:10
4,3813 4,4791
3,9733 4,0805
4,5705 4,6470
5,0809 5,1865
286 18:11
4,3813 4,4791
3,9733 4,0805
4,5705 4,6470
5,0809 5,1865
287 18:12
4,3813 4,4791
3,9733 4,0805
4,5705 4,6470
5,0809 5,1865
