#======================
2023-9-20
# 1.EUR, 2.USD, 3.CHF, 4.GBP
Sell Price, Buy Price
Connection error x5
1 07:23:21
4,6498 4,6851
4,3530 4,3883
4,8471 4,8837
5,3965 5,4332
2 07:24:20
4,6499 4,6848
4,3531 4,3876
4,8478 4,8834
5,3966 5,4329
3 07:25:20
4,6498 4,6848
4,3532 4,3882
4,8479 4,8836
5,3971 5,4329
4 07:26:21
4,6499 4,6849
4,3537 4,3883
4,8480 4,8837
5,3973 5,4337
5 07:27:21
4,6498 4,6850
4,3532 4,3880
4,8479 4,8838
5,3972 5,4339
6 07:28:20
4,6499 4,6852
4,3531 4,3884
4,8478 4,8838
5,3971 5,4339
7 07:29:20
4,6499 4,6851
4,3533 4,3885
4,8480 4,8839
5,3973 5,4340
8 07:30:21
4,6497 4,6847
4,3531 4,3877
4,8478 4,8835
5,3970 5,4334
9 07:31:21
4,6498 4,6849
4,3530 4,3877
4,8477 4,8835
5,3971 5,4336
10 07:32:21
4,6497 4,6848
4,3529 4,3876
4,8481 4,8839
5,3970 5,4335
11 07:33:21
4,6494 4,6848
4,3524 4,3874
4,8478 4,8840
5,3967 5,4335
12 07:34:20
4,6496 4,6848
4,3522 4,3874
4,8482 4,8841
5,3969 5,4335
13 07:35:20
4,6497 4,6843
4,3523 4,3865
4,8483 4,8836
5,3970 5,4330
14 07:36:20
4,6497 4,6843
4,3523 4,3869
4,8483 4,8836
5,3965 5,4324
15 07:37:21
4,6496 4,6844
4,3518 4,3866
4,8482 4,8837
5,3964 5,4325
16 07:38:21
4,6487 4,6839
4,3514 4,3862
4,8472 4,8831
5,3958 5,4324
17 07:39:21
4,6481 4,6829
4,3508 4,3856
4,8466 4,8821
5,3953 5,4314
18 07:40:21
4,6483 4,6830
4,3508 4,3855
4,8466 4,8820
5,3959 5,4313
19 07:41:21
4,6483 4,6830
4,3512 4,3859
4,8471 4,8825
5,3959 5,4319
20 07:42:20
4,6483 4,6829
4,3514 4,3856
4,8473 4,8826
5,3961 5,4320
21 07:43:20
4,6481 4,6829
4,3512 4,3860
4,8471 4,8826
5,3959 5,4320
22 07:44:21
4,6486 4,6838
4,3517 4,3869
4,8476 4,8835
5,3964 5,4330
23 07:45:21
4,6482 4,6831
4,3511 4,3860
4,8470 4,8826
5,3959 5,4322
24 07:46:21
4,6496 4,6851
4,3528 4,3883
4,8485 4,8847
5,3974 5,4338
25 07:47:20
4,6494 4,6844
4,3529 4,3875
4,8485 4,8842
5,3973 5,4331
26 07:48:20
4,6503 4,6851
4,3537 4,3885
4,8494 4,8849
5,3983 5,4339
27 07:49:21
4,6493 4,6845
4,3527 4,3878
4,8482 4,8842
5,3970 5,4334
28 07:50:21
4,6494 4,6841
4,3527 4,3874
4,8482 4,8836
5,3972 5,4326
29 07:51:21
4,6477 4,6819
4,3517 4,3855
4,8467 4,8816
5,3948 5,4303
30 07:52:21
4,6476 4,6822
4,3512 4,3858
4,8465 4,8814
5,3939 5,4299
31 07:53:49
4,6476 4,6821
4,3510 4,3851
4,8459 4,8811
5,3932 5,4290
32 07:54:21
4,6476 4,6818
4,3512 4,3854
4,8460 4,8808
5,3934 5,4289
33 07:55:22
4,6476 4,6818
4,3516 4,3854
4,8466 4,8809
5,3934 5,4289
34 07:56:21
4,6477 4,6818
4,3519 4,3856
4,8466 4,8813
5,3933 5,4287
35 07:57:20
4,6473 4,6816
4,3512 4,3856
4,8462 4,8811
5,3922 5,4278
36 07:58:20
4,6474 4,6816
4,3514 4,3852
4,8463 4,8811
5,3938 5,4293
37 07:59:20
4,6477 4,6819
4,3513 4,3855
4,8461 4,8809
5,3936 5,4289
38 08:00:21
4,6466 4,6812
4,3505 4,3852
4,8453 4,8808
5,3910 5,4275
39 08:01:21
4,6473 4,6796
4,3523 4,3844
4,8462 4,8791
5,3761 5,4096
40 08:02:21
4,6468 4,6793
4,3512 4,3838
4,8456 4,8787
5,3749 5,4083
41 08:03:21
4,6461 4,6786
4,3493 4,3819
4,8443 4,8774
5,3700 5,4032
42 08:04:20
4,6456 4,6778
4,3482 4,3804
4,8429 4,8757
5,3713 5,4045
43 08:05:20
4,6447 4,6769
4,3481 4,3802
4,8415 4,8743
5,3710 5,4042
44 08:06:20
4,6436 4,6758
4,3460 4,3781
4,8397 4,8725
5,3675 5,4007
45 08:07:21
4,6418 4,6740
4,3442 4,3763
4,8384 4,8712
5,3672 5,4004
46 08:08:21
4,6413 4,6735
4,3433 4,3755
4,8379 4,8707
5,3692 5,4024
47 08:09:21
4,6414 4,6736
4,3426 4,3748
4,8375 4,8703
5,3686 5,4018
48 08:10:21
4,6413 4,6735
4,3430 4,3751
4,8371 4,8699
5,3671 5,4003
49 08:11:21
4,6409 4,6731
4,3421 4,3743
4,8374 4,8702
5,3678 5,4010
50 08:12:21
4,6376 4,6698
4,3392 4,3713
4,8350 4,8678
5,3629 5,3961
51 08:13:21
4,6367 4,6689
4,3388 4,3709
4,8346 4,8674
5,3622 5,3954
52 08:14:20
4,6361 4,6683
4,3384 4,3705
4,8334 4,8662
5,3618 5,3950
53 08:15:20
4,6339 4,6661
4,3360 4,3681
4,8307 4,8635
5,3619 5,3951
54 08:16:21
4,6339 4,6661
4,3359 4,3680
4,8307 4,8635
5,3618 5,3950
55 08:17:21
4,6319 4,6641
4,3337 4,3658
4,8281 4,8609
5,3574 5,3906
56 08:18:21
4,6305 4,6627
4,3315 4,3636
4,8266 4,8594
5,3563 5,3895
57 08:19:21
4,6305 4,6627
4,3309 4,3630
4,8261 4,8589
5,3557 5,3889
58 08:20:21
4,6306 4,6628
4,3313 4,3634
4,8268 4,8596
5,3559 5,3891
59 08:21:20
4,6304 4,6626
4,3312 4,3633
4,8265 4,8593
5,3559 5,3891
60 08:22:21
4,6307 4,6629
4,3311 4,3632
4,8274 4,8602
5,3566 5,3898
61 08:23:21
4,6304 4,6626
4,3308 4,3629
4,8275 4,8603
5,3560 5,3892
62 08:24:21
4,6293 4,6615
4,3294 4,3615
4,8259 4,8587
5,3534 5,3866
63 08:25:20
4,6271 4,6593
4,3281 4,3602
4,8230 4,8558
5,3489 5,3821
64 08:26:20
4,6257 4,6579
4,3266 4,3587
4,8211 4,8539
5,3479 5,3811
65 08:27:21
4,6241 4,6566
4,3249 4,3572
4,8195 4,8526
5,3461 5,3796
66 08:28:21
4,6231 4,6553
4,3241 4,3565
4,8189 4,8517
5,3455 5,3787
67 08:29:21
4,6225 4,6547
4,3239 4,3560
4,8188 4,8516
5,3451 5,3783
68 08:30:20
4,6220 4,6542
4,3231 4,3552
4,8190 4,8518
5,3446 5,3778
69 08:31:20
4,6210 4,6532
4,3233 4,3554
4,8192 4,8520
5,3428 5,3760
70 08:32:21
4,6249 4,6571
4,3261 4,3582
4,8236 4,8564
5,3449 5,3781
71 08:33:21
4,6235 4,6557
4,3254 4,3575
4,8223 4,8551
5,3428 5,3760
72 08:34:20
4,6234 4,6556
4,3249 4,3570
4,8225 4,8553
5,3419 5,3751
73 08:35:20
4,6249 4,6571
4,3265 4,3586
4,8248 4,8576
5,3456 5,3788
74 08:36:21
4,6246 4,6568
4,3265 4,3586
4,8238 4,8566
5,3468 5,3800
75 08:37:21
4,6257 4,6579
4,3269 4,3590
4,8252 4,8580
5,3481 5,3813
76 08:38:21
4,6282 4,6604
4,3294 4,3615
4,8275 4,8603
5,3522 5,3854
77 08:39:20
4,6294 4,6616
4,3301 4,3622
4,8287 4,8615
5,3535 5,3867
78 08:40:20
4,6292 4,6614
4,3299 4,3620
4,8285 4,8613
5,3533 5,3865
79 08:41:21
4,6292 4,6614
4,3293 4,3614
4,8285 4,8613
5,3545 5,3877
80 08:42:21
4,6292 4,6614
4,3291 4,3612
4,8288 4,8616
5,3554 5,3886
81 08:43:21
4,6292 4,6614
4,3289 4,3610
4,8287 4,8615
5,3541 5,3873
82 08:44:20
4,6269 4,6591
4,3272 4,3593
4,8267 4,8595
5,3509 5,3841
83 08:45:20
4,6295 4,6617
4,3292 4,3613
4,8292 4,8620
5,3552 5,3884
84 08:46:21
4,6293 4,6615
4,3294 4,3615
4,8286 4,8614
5,3553 5,3885
85 08:47:21
4,6271 4,6593
4,3274 4,3595
4,8263 4,8591
5,3521 5,3853
86 08:48:21
4,6280 4,6602
4,3288 4,3610
4,8272 4,8600
5,3524 5,3856
87 08:49:20
4,6284 4,6606
4,3293 4,3614
4,8277 4,8605
5,3533 5,3865
88 08:50:20
4,6278 4,6600
4,3292 4,3613
4,8270 4,8598
5,3525 5,3857
89 08:51:21
4,6272 4,6594
4,3296 4,3617
4,8264 4,8592
5,3521 5,3853
90 08:52:21
4,6278 4,6600
4,3305 4,3626
4,8266 4,8594
5,3530 5,3862
91 08:53:21
4,6299 4,6621
4,3324 4,3645
4,8270 4,8598
5,3546 5,3878
92 08:54:20
4,6291 4,6613
4,3319 4,3640
4,8262 4,8590
5,3544 5,3876
93 08:55:20
4,6287 4,6609
4,3321 4,3642
4,8247 4,8575
5,3546 5,3878
94 08:56:21
4,6280 4,6602
4,3314 4,3635
4,8240 4,8568
5,3537 5,3869
95 08:57:21
4,6280 4,6602
4,3318 4,3639
4,8255 4,8583
5,3546 5,3878
96 08:58:21
4,6275 4,6597
4,3320 4,3641
4,8251 4,8579
5,3542 5,3874
97 08:59:21
4,6286 4,6608
4,3328 4,3649
4,8259 4,8587
5,3560 5,3892
98 09:00:20
4,6292 4,6614
4,3335 4,3656
4,8277 4,8605
5,3566 5,3898
99 09:01:20
4,6282 4,6604
4,3328 4,3649
4,8279 4,8607
5,3554 5,3886
100 09:02:20
4,6281 4,6603
4,3321 4,3642
4,8271 4,8599
5,3544 5,3876
101 09:03:21
4,6290 4,6612
4,3338 4,3659
4,8271 4,8599
5,3542 5,3874
102 09:04:21
4,6286 4,6608
4,3336 4,3657
4,8279 4,8607
5,3526 5,3858
103 09:05:21
4,6288 4,6610
4,3338 4,3659
4,8294 4,8622
5,3540 5,3872
Connection error x5
104 20:14:21
4,5966 4,6298
4,3001 4,3339
4,7943 4,8282
5,3218 5,3555
105 20:15:20
4,5966 4,6290
4,3018 4,3347
4,7953 4,8284
5,3212 5,3545
106 20:16:20
4,5966 4,6304
4,3025 4,3365
4,7944 4,8294
5,3213 5,3563
107 20:17:20
4,5966 4,6304
4,2998 4,3341
4,7939 4,8288
5,3217 5,3569
108 20:18:21
4,5966 4,6304
4,2985 4,3325
4,7939 4,8285
5,3212 5,3563
109 20:19:21
4,5966 4,6304
4,3005 4,3348
4,7944 4,8290
5,3218 5,3569
110 20:20:21
4,5945 4,6313
4,2965 4,3333
4,7921 4,8298
5,3188 5,3574
111 20:21:21
4,5967 4,6304
4,2988 4,3331
4,7943 4,8288
5,3202 5,3555
112 20:22:21
4,5967 4,6304
4,2986 4,3329
4,7939 4,8283
5,3206 5,3549
113 20:23:21
4,5951 4,6311
4,2967 4,3331
4,7922 4,8291
5,3183 5,3559
114 20:24:20
4,5967 4,6306
4,2977 4,3321
4,7933 4,8280
5,3195 5,3553
115 20:25:21
4,5967 4,6306
4,2969 4,3313
4,7929 4,8281
5,3200 5,3552
116 20:26:21
4,5967 4,6306
4,2949 4,3294
4,7928 4,8279
5,3194 5,3546
117 20:27:21
4,5962 4,6308
4,2950 4,3301
4,7924 4,8283
5,3190 5,3550
118 20:28:21
4,5962 4,6306
4,2945 4,3291
4,7924 4,8281
5,3189 5,3546
119 20:29:20
4,5969 4,6306
4,2956 4,3295
4,7931 4,8281
5,3202 5,3551
120 20:30:20
4,5970 4,6307
4,2967 4,3309
4,7932 4,8281
5,3204 5,3554
121 20:31:21
4,5970 4,6325
4,2971 4,3331
4,7936 4,8299
5,3209 5,3576
122 20:32:21
4,5969 4,6321
4,2908 4,3265
4,7932 4,8296
5,3197 5,3565
123 20:33:20
4,5969 4,6322
4,2904 4,3261
4,7930 4,8292
5,3197 5,3565
124 20:34:20
4,5963 4,6315
4,2911 4,3266
4,7920 4,8285
5,3184 5,3551
125 20:35:21
4,5959 4,6307
4,2938 4,3288
4,7922 4,8278
5,3174 5,3536
126 20:36:21
4,5959 4,6307
4,2923 4,3276
4,7932 4,8288
5,3179 5,3542
127 20:37:21
4,5959 4,6307
4,2924 4,3274
4,7929 4,8286
5,3174 5,3536
128 20:38:20
4,5955 4,6297
4,2915 4,3261
4,7927 4,8276
5,3168 5,3523
129 20:39:20
4,5960 4,6293
4,2925 4,3263
4,7935 4,8276
5,3173 5,3518
130 20:40:21
4,5958 4,6293
4,2911 4,3250
4,7930 4,8274
5,3171 5,3518
131 20:41:21
4,5958 4,6292
4,2942 4,3282
4,7935 4,8280
5,3173 5,3519
132 20:42:21
4,5958 4,6292
4,2940 4,3280
4,7935 4,8276
5,3171 5,3518
133 20:43:21
4,5951 4,6291
4,2938 4,3284
4,7927 4,8280
5,3170 5,3523
134 20:44:21
4,5952 4,6297
4,2923 4,3273
4,7923 4,8277
5,3164 5,3524
135 20:45:20
4,5951 4,6297
4,2939 4,3290
4,7928 4,8282
5,3165 5,3525
136 20:46:20
4,5940 4,6292
4,2932 4,3286
4,7906 4,8271
5,3145 5,3512
137 20:47:21
4,5945 4,6289
4,2934 4,3283
4,7918 4,8274
5,3158 5,3519
138 20:48:21
4,5934 4,6297
4,2950 4,3317
4,7910 4,8286
5,3149 5,3528
139 20:49:20
4,5946 4,6289
4,2961 4,3309
4,7921 4,8272
5,3169 5,3526
140 20:50:20
4,5946 4,6289
4,2973 4,3321
4,7921 4,8272
5,3158 5,3514
141 20:51:20
4,5943 4,6283
4,2991 4,3337
4,7914 4,8267
5,3155 5,3509
142 20:52:21
4,5936 4,6280
4,2970 4,3319
4,7903 4,8259
5,3147 5,3505
143 20:53:21
4,5936 4,6279
4,2961 4,3308
4,7907 4,8257
5,3145 5,3502
144 20:54:21
4,5932 4,6274
4,2970 4,3317
4,7908 4,8258
5,3148 5,3503
145 20:55:21
4,5932 4,6273
4,2970 4,3316
4,7913 4,8261
5,3142 5,3502
146 20:56:21
4,5929 4,6271
4,2954 4,3302
4,7910 4,8260
5,3151 5,3506
147 20:57:20
4,5930 4,6273
4,2955 4,3304
4,7909 4,8260
5,3158 5,3514
148 20:58:20
4,5934 4,6272
4,2967 4,3311
4,7911 4,8257
5,3170 5,3520
149 20:59:21
4,5943 4,6283
4,2980 4,3326
4,7930 4,8282
5,3186 5,3540
150 21:00:21
4,5977 4,6308
4,3023 4,3360
4,7968 4,8307
5,3206 5,3548
151 21:01:20
4,5977 4,6308
4,3012 4,3349
4,7958 4,8301
5,3212 5,3558
152 21:02:20
4,5977 4,6308
4,3018 4,3355
4,7958 4,8299
5,3211 5,3560
153 21:03:20
4,5959 4,6323
4,3003 4,3371
4,7941 4,8314
5,3194 5,3575
154 21:04:21
4,5975 4,6310
4,3028 4,3368
4,7957 4,8298
5,3208 5,3558
155 21:05:21
4,5977 4,6308
4,3027 4,3364
4,7959 4,8303
5,3217 5,3560
156 21:06:21
4,5950 4,6330
4,2987 4,3370
4,7932 4,8322
5,3179 5,3582
157 21:07:20
4,5977 4,6308
4,3018 4,3356
4,7953 4,8292
5,3217 5,3560
158 21:08:20
4,5977 4,6308
4,3034 4,3372
4,7963 4,8302
5,3223 5,3566
159 21:09:20
4,5964 4,6317
4,3021 4,3378
4,7941 4,8302
5,3200 5,3571
160 21:10:21
4,5960 4,6318
4,3016 4,3378
4,7939 4,8308
5,3202 5,3574
161 21:11:21
4,5960 4,6314
4,3021 4,3380
4,7938 4,8300
5,3206 5,3576
162 21:12:21
4,5963 4,6317
4,3024 4,3383
4,7935 4,8302
5,3204 5,3572
163 21:13:20
4,5946 4,6289
4,3014 4,3362
4,7921 4,8272
5,3177 5,3538
164 21:14:20
4,5946 4,6289
4,3030 4,3379
4,7921 4,8272
5,3187 5,3538
165 21:15:20
4,5953 4,6291
4,3032 4,3376
4,7929 4,8280
5,3184 5,3535
166 21:16:21
4,5953 4,6291
4,3041 4,3385
4,7929 4,8280
5,3184 5,3535
167 21:17:21
4,5954 4,6291
4,3038 4,3381
4,7925 4,8275
5,3191 5,3540
168 21:18:21
4,5953 4,6291
4,3041 4,3385
4,7925 4,8273
5,3192 5,3542
169 21:19:20
4,5954 4,6293
4,3050 4,3395
4,7934 4,8281
5,3192 5,3544
170 21:20:20
4,5953 4,6291
4,3049 4,3393
4,7935 4,8281
5,3192 5,3542
171 21:21:20
4,5953 4,6291
4,3046 4,3387
4,7940 4,8286
5,3197 5,3548
172 21:22:21
4,5949 4,6290
4,3053 4,3399
4,7934 4,8283
5,3204 5,3558
173 21:23:21
4,5944 4,6284
4,3049 4,3395
4,7926 4,8274
5,3198 5,3551
174 21:24:21
4,5945 4,6286
4,3042 4,3389
4,7915 4,8264
5,3200 5,3554
175 21:25:20
4,5945 4,6288
4,3037 4,3385
4,7915 4,8266
5,3200 5,3556
176 21:26:20
4,5944 4,6284
4,3029 4,3375
4,7916 4,8264
5,3205 5,3558
177 21:27:20
4,5946 4,6285
4,3035 4,3380
4,7912 4,8264
5,3201 5,3553
178 21:28:21
4,5946 4,6285
4,3030 4,3374
4,7912 4,8264
5,3200 5,3557
179 21:29:21
4,5944 4,6282
4,3029 4,3373
4,7911 4,8257
5,3205 5,3554
180 21:30:21
4,5944 4,6285
4,3020 4,3366
4,7914 4,8263
5,3211 5,3565
181 21:31:21
4,5941 4,6282
4,3022 4,3369
4,7917 4,8265
5,3207 5,3561
182 21:32:21
4,5929 4,6268
4,3007 4,3350
4,7900 4,8246
5,3194 5,3546
183 21:33:21
4,5928 4,6268
4,3026 4,3372
4,7899 4,8250
5,3188 5,3540
184 21:34:21
4,5908 4,6250
4,3028 4,3373
4,7883 4,8231
5,3170 5,3526
185 21:35:21
4,5909 4,6252
4,3028 4,3377
4,7887 4,8238
5,3175 5,3532
186 21:36:20
4,5909 4,6252
4,3028 4,3377
4,7878 4,8234
5,3169 5,3526
187 21:37:20
4,5909 4,6252
4,3027 4,3373
4,7877 4,8228
5,3169 5,3526
188 21:38:21
4,5910 4,6251
4,3029 4,3376
4,7885 4,8233
5,3170 5,3525
189 21:39:20
4,5910 4,6251
4,3033 4,3380
4,7885 4,8233
5,3164 5,3519
190 21:40:21
4,5910 4,6251
4,3033 4,3380
4,7890 4,8238
5,3170 5,3525
191 21:41:21
4,5911 4,6253
4,3032 4,3379
4,7892 4,8244
5,3179 5,3534
192 21:42:21
4,5909 4,6251
4,3042 4,3389
4,7894 4,8243
5,3177 5,3532
193 21:43:21
4,5911 4,6252
4,3046 4,3392
4,7900 4,8253
5,3179 5,3533
194 21:44:21
4,5911 4,6252
4,3050 4,3396
4,7906 4,8254
5,3179 5,3533
195 21:45:21
4,5923 4,6257
4,3067 4,3406
4,7917 4,8261
5,3194 5,3539
196 21:46:21
4,5936 4,6278
4,3071 4,3418
4,7927 4,8276
5,3202 5,3558
197 21:47:21
4,5953 4,6289
4,3090 4,3432
4,7946 4,8290
5,3230 5,3577
198 21:48:21
4,5950 4,6291
4,3087 4,3434
4,7940 4,8291
5,3230 5,3584
199 21:49:20
4,5948 4,6288
4,3090 4,3435
4,7941 4,8293
5,3228 5,3581
200 21:50:21
4,5935 4,6276
4,3081 4,3428
4,7926 4,8274
5,3213 5,3567
201 21:51:21
4,5928 4,6269
4,3078 4,3420
4,7918 4,8271
5,3206 5,3559
202 21:52:21
4,5923 4,6253
4,3074 4,3407
4,7914 4,8256
5,3199 5,3534
203 21:53:21
4,5923 4,6264
4,3074 4,3421
4,7917 4,8266
5,3199 5,3553
204 21:54:20
4,5939 4,6277
4,3089 4,3431
4,7935 4,8280
5,3218 5,3569
205 21:55:20
4,5941 4,6282
4,3091 4,3438
4,7936 4,8285
5,3214 5,3568
206 21:56:20
4,5942 4,6281
4,3096 4,3441
4,7937 4,8284
5,3221 5,3573
207 21:57:21
4,5946 4,6281
4,3098 4,3438
4,7941 4,8284
5,3212 5,3559
208 21:58:21
4,5945 4,6279
4,3103 4,3443
4,7942 4,8284
5,3219 5,3559
209 21:59:21
4,5926 4,6258
4,3083 4,3419
4,7922 4,8262
5,3197 5,3535
210 22:00:21
4,5906 4,6265
4,3065 4,3425
4,7900 4,8268
5,3174 5,3545
211 22:01:21
4,5916 4,6252
4,3075 4,3417
4,7911 4,8254
5,3186 5,3534
212 22:02:20
4,5915 4,6250
4,3075 4,3416
4,7910 4,8252
5,3183 5,3531
213 22:03:20
4,5918 4,6253
4,3080 4,3422
4,7913 4,8255
5,3193 5,3541
214 22:04:21
4,5935 4,6270
4,3106 4,3443
4,7936 4,8278
5,3212 5,3559
215 22:05:21
4,5936 4,6271
4,3105 4,3447
4,7937 4,8279
5,3209 5,3555
216 22:06:21
4,5921 4,6280
4,3099 4,3463
4,7924 4,8294
5,3196 5,3572
217 22:07:20
4,5937 4,6272
4,3120 4,3457
4,7943 4,8285
5,3221 5,3563
218 22:08:20
4,5936 4,6271
4,3119 4,3460
4,7942 4,8284
5,3213 5,3560
219 22:09:21
4,5937 4,6272
4,3122 4,3460
4,7944 4,8289
5,3214 5,3561
220 22:10:21
4,5937 4,6272
4,3124 4,3465
4,7948 4,8290
5,3214 5,3561
221 22:11:21
4,5936 4,6271
4,3127 4,3468
4,7947 4,8289
5,3213 5,3560
222 22:12:20
4,5936 4,6271
4,3115 4,3456
4,7938 4,8284
5,3210 5,3556
223 22:13:20
4,5923 4,6281
4,3099 4,3462
4,7928 4,8295
5,3194 5,3568
224 22:14:21
4,5933 4,6276
4,3107 4,3455
4,7939 4,8289
5,3209 5,3561
225 22:15:21
4,5940 4,6275
4,3114 4,3451
4,7946 4,8288
5,3218 5,3559
226 22:16:21
4,5926 4,6290
4,3097 4,3461
4,7931 4,8304
5,3197 5,3579
227 22:17:21
4,5940 4,6274
4,3098 4,3434
4,7946 4,8287
5,3212 5,3565
228 22:18:21
4,5940 4,6274
4,3094 4,3434
4,7937 4,8283
5,3214 5,3560
229 22:19:21
4,5933 4,6255
4,3083 4,3407
4,7929 4,8258
5,3204 5,3537
230 22:20:20
4,5935 4,6269
4,3082 4,3419
4,7926 4,8267
5,3208 5,3554
231 22:21:21
4,5935 4,6269
4,3077 4,3417
4,7931 4,8272
5,3214 5,3560
232 22:22:21
4,5934 4,6268
4,3088 4,3428
4,7941 4,8287
5,3213 5,3559
233 22:23:21
4,5934 4,6268
4,3086 4,3424
4,7941 4,8287
5,3213 5,3559
234 22:24:21
4,5935 4,6270
4,3085 4,3426
4,7940 4,8283
5,3212 5,3559
235 22:25:20
4,5926 4,6263
4,3073 4,3416
4,7930 4,8275
5,3196 5,3546
236 22:26:20
4,5923 4,6260
4,3068 4,3411
4,7927 4,8272
5,3193 5,3543
237 22:27:21
4,5922 4,6257
4,3065 4,3406
4,7927 4,8275
5,3191 5,3538
238 22:28:21
4,5921 4,6256
4,3068 4,3409
4,7926 4,8274
5,3190 5,3538
239 22:29:21
4,5923 4,6258
4,3066 4,3407
4,7928 4,8276
5,3192 5,3539
240 22:30:20
4,5920 4,6255
4,3067 4,3408
4,7925 4,8273
5,3189 5,3537
241 22:31:20
4,5918 4,6253
4,3061 4,3402
4,7922 4,8269
5,3186 5,3533
242 22:32:21
4,5919 4,6254
4,3066 4,3403
4,7923 4,8270
5,3187 5,3534
243 22:33:21
4,5915 4,6252
4,3061 4,3401
4,7920 4,8266
5,3183 5,3533
244 22:34:21
4,5917 4,6252
4,3060 4,3400
4,7921 4,8268
5,3189 5,3533
245 22:35:21
4,5917 4,6253
4,3064 4,3402
4,7927 4,8270
5,3192 5,3541
246 22:36:21
4,5915 4,6250
4,3066 4,3403
4,7924 4,8271
5,3189 5,3536
247 22:37:21
4,5915 4,6250
4,3062 4,3403
4,7924 4,8271
5,3189 5,3536
248 22:38:20
4,5914 4,6249
4,3060 4,3402
4,7924 4,8266
5,3182 5,3530
249 22:39:20
4,5924 4,6259
4,3075 4,3412
4,7928 4,8271
5,3199 5,3546
250 22:40:21
4,5923 4,6258
4,3074 4,3415
4,7928 4,8276
5,3198 5,3545
251 22:41:21
4,5945 4,6280
4,3091 4,3432
4,7956 4,8304
5,3224 5,3572
252 22:42:21
4,5927 4,6262
4,3078 4,3419
4,7937 4,8285
5,3203 5,3551
253 22:43:20
4,5927 4,6262
4,3078 4,3419
4,7937 4,8285
5,3203 5,3551
254 22:44:20
4,5928 4,6263
4,3079 4,3420
4,7938 4,8286
5,3204 5,3551
255 22:45:21
4,5930 4,6265
4,3081 4,3422
4,7946 4,8288
5,3206 5,3553
256 22:46:21
4,5930 4,6265
4,3075 4,3417
4,7935 4,8283
5,3206 5,3553
257 22:47:21
4,5923 4,6261
4,3074 4,3418
4,7934 4,8280
5,3199 5,3550
258 22:48:21
4,5925 4,6260
4,3076 4,3413
4,7934 4,8277
5,3201 5,3549
259 22:49:21
4,5928 4,6263
4,3079 4,3420
4,7937 4,8280
5,3204 5,3551
260 22:50:21
4,5918 4,6283
4,3064 4,3434
4,7921 4,8302
5,3189 5,3579
261 22:51:20
4,5918 4,6283
4,3064 4,3434
4,7922 4,8301
5,3193 5,3575
262 22:52:21
4,5918 4,6283
4,3065 4,3434
4,7922 4,8301
5,3193 5,3581
263 22:53:21
4,5918 4,6283
4,3065 4,3434
4,7922 4,8301
5,3199 5,3581
264 22:54:21
4,5918 4,6283
4,3069 4,3438
4,7922 4,8301
5,3199 5,3581
265 22:55:21
4,5916 4,6281
4,3066 4,3436
4,7926 4,8300
5,3197 5,3579
266 22:56:21
4,5916 4,6282
4,3067 4,3437
4,7922 4,8302
5,3197 5,3581
267 22:57:21
4,5918 4,6286
4,3069 4,3441
4,7928 4,8305
5,3200 5,3586
268 22:58:20
4,5916 4,6283
4,3067 4,3437
4,7926 4,8302
5,3193 5,3581
269 22:59:20
4,5916 4,6280
4,3064 4,3433
4,7927 4,8307
5,3191 5,3579
270 23:00:21
4,5909 4,6288
4,3061 4,3454
4,7894 4,8312
5,3092 5,3614
271 23:01:21
4,5909 4,6288
4,3061 4,3456
4,7892 4,8311
5,3094 5,3611
272 23:02:21
4,5909 4,6288
4,3060 4,3450
4,7879 4,8327
5,3173 5,3585
273 23:03:21
4,5909 4,6288
4,3060 4,3450
4,7879 4,8327
5,3161 5,3582
274 23:04:20
4,5909 4,6288
4,3060 4,3450
4,7879 4,8327
5,3161 5,3582
275 23:05:20
4,5909 4,6288
4,3056 4,3446
4,7879 4,8327
5,3157 5,3583
276 23:06:21
4,5909 4,6288
4,3056 4,3446
4,7893 4,8326
5,3157 5,3583
277 23:07:21
4,5909 4,6288
4,3056 4,3446
4,7873 4,8336
5,3163 5,3624
278 23:08:21
4,5909 4,6288
4,3056 4,3446
4,7873 4,8336
5,3163 5,3624
279 23:09:21
4,5909 4,6288
4,3056 4,3446
4,7875 4,8336
5,3163 5,3624
280 23:10:21
4,5909 4,6288
4,3056 4,3446
4,7894 4,8352
5,3163 5,3624
281 23:11:21
4,5909 4,6288
4,3056 4,3446
4,7894 4,8352
5,3163 5,3624
282 23:12:21
4,5909 4,6288
4,3056 4,3446
4,7894 4,8352
5,3167 5,3609
283 23:13:21
4,5909 4,6288
4,3056 4,3446
4,7894 4,8352
5,3157 5,3583
284 23:14:21
4,5909 4,6288
4,3056 4,3446
4,7894 4,8352
5,3159 5,3593
285 23:15:20
4,5909 4,6288
4,3056 4,3446
4,7894 4,8352
5,3161 5,3608
286 23:16:21
4,5909 4,6288
4,3056 4,3446
4,7894 4,8352
5,3159 5,3593
287 23:17:20
4,5909 4,6288
4,3056 4,3446
4,7894 4,8352
5,3157 5,3583
288 23:18:21
4,5909 4,6288
4,3056 4,3446
4,7894 4,8352
5,3157 5,3583
289 23:19:21
4,5909 4,6288
4,3056 4,3446
4,7894 4,8352
5,3183 5,3622
290 23:20:21
4,5909 4,6288
4,3056 4,3446
4,7894 4,8352
5,3178 5,3621
291 23:21:21
4,5909 4,6288
4,3056 4,3446
4,7894 4,8350
5,3178 5,3623
292 23:22:21
4,5909 4,6288
4,3056 4,3446
4,7894 4,8352
5,3178 5,3621
293 23:23:21
4,5909 4,6288
4,3056 4,3446
4,7894 4,8352
5,3177 5,3616
294 23:24:21
4,5909 4,6288
4,3056 4,3446
4,7894 4,8352
5,3181 5,3606
295 23:25:21
4,5909 4,6288
4,3056 4,3446
4,7894 4,8352
5,3181 5,3603
296 23:26:20
4,5909 4,6288
4,3056 4,3446
4,7899 4,8357
5,3176 5,3606
297 23:27:20
4,5909 4,6288
4,3056 4,3446
4,7873 4,8326
5,3183 5,3613
298 23:28:21
4,5909 4,6288
4,3056 4,3446
4,7873 4,8326
5,3186 5,3607
299 23:29:21
4,5909 4,6288
4,3052 4,3446
4,7868 4,8341
5,3181 5,3606
300 23:30:21
4,5909 4,6288
4,3052 4,3446
4,7874 4,8342
5,3181 5,3606
301 23:31:21
4,5909 4,6288
4,3052 4,3446
4,7873 4,8326
5,3185 5,3602
302 23:32:21
4,5909 4,6288
4,3052 4,3446
4,7884 4,8312
5,3180 5,3601
303 23:33:23
4,5909 4,6288
4,3052 4,3442
4,7883 4,8310
5,3175 5,3601
304 23:34:21
4,5909 4,6288
4,3052 4,3442
4,7888 4,8311
5,3184 5,3597
305 23:35:21
4,5909 4,6288
4,3052 4,3442
4,7888 4,8311
5,3179 5,3596
306 23:36:21
4,5909 4,6288
4,3052 4,3442
4,7888 4,8311
5,3179 5,3596
307 23:37:21
4,5909 4,6288
4,3052 4,3442
4,7888 4,8311
5,3180 5,3601
308 23:38:21
4,5909 4,6288
4,3052 4,3442
4,7888 4,8311
5,3179 5,3596
309 23:39:21
4,5909 4,6288
4,3052 4,3442
4,7898 4,8311
5,3167 5,3589
310 23:40:21
4,5909 4,6288
4,3052 4,3442
4,7898 4,8311
5,3168 5,3590
311 23:41:21
4,5909 4,6288
4,3052 4,3442
4,7900 4,8312
5,3174 5,3596
312 23:42:21
4,5909 4,6288
4,3048 4,3438
4,7889 4,8301
5,3174 5,3596
313 23:43:21
4,5909 4,6288
4,3048 4,3438
4,7909 4,8317
5,3169 5,3595
314 23:44:21
4,5909 4,6288
4,3048 4,3439
4,7907 4,8316
5,3169 5,3595
315 23:45:21
4,5909 4,6288
4,3044 4,3438
4,7904 4,8312
5,3169 5,3595
316 23:46:20
4,5909 4,6288
4,3044 4,3434
4,7909 4,8317
5,3169 5,3595
317 23:47:20
4,5909 4,6288
4,3044 4,3438
4,7893 4,8306
5,3169 5,3595
318 23:48:21
4,5909 4,6288
4,3044 4,3434
4,7898 4,8301
5,3169 5,3595
319 23:49:20
4,5909 4,6288
4,3044 4,3434
4,7893 4,8306
5,3169 5,3595
320 23:50:21
4,5909 4,6288
4,3044 4,3434
4,7904 4,8312
5,3169 5,3595
321 23:51:21
4,5909 4,6288
4,3040 4,3426
4,7898 4,8311
5,3158 5,3591
322 23:52:20
4,5909 4,6288
4,3040 4,3430
4,7902 4,8311
5,3158 5,3588
323 23:53:20
4,5909 4,6288
4,3040 4,3430
4,7893 4,8306
5,3158 5,3588
324 23:54:20
4,5909 4,6288
4,3040 4,3430
4,7900 4,8311
5,3163 5,3589
325 23:55:20
4,5913 4,6507
4,3044 4,3636
4,7908 4,8542
5,3177 5,3845
326 23:56:21
4,5915 4,6508
4,3046 4,3637
4,7905 4,8537
5,3179 5,3821
327 23:57:21
4,5915 4,6508
4,3046 4,3637
4,7910 4,8542
5,3178 5,3833
328 23:58:21
4,5915 4,6508
4,3046 4,3637
4,7904 4,8541
5,3178 5,3839
329 23:59:20
4,5915 4,6508
4,3046 4,3637
4,7910 4,8542
5,3178 5,3839
330 00:00:21
4,5909 4,6503
4,3043 4,3635
4,7905 4,8540
5,3173 5,3834
