#======================
2023-4-19
# 1.EUR, 2.USD, 3.CHF, 4.GBP
Sell Price, Buy Price
1 08:35
4,6172 4,6496
4,2149 4,2472
4,6912 4,7242
5,2398 5,2733
2 08:36
4,6178 4,6500
4,2150 4,2473
4,6923 4,7252
5,2424 5,2759
3 08:37
4,6172 4,6494
4,2151 4,2474
4,6925 4,7254
5,2424 5,2759
4 08:38
4,6175 4,6497
4,2151 4,2474
4,6937 4,7266
5,2439 5,2774
5 08:39
4,6173 4,6495
4,2145 4,2468
4,6932 4,7261
5,2440 5,2775
6 08:40
4,6175 4,6497
4,2153 4,2476
4,6936 4,7265
5,2467 5,2800
7 08:41
4,6175 4,6498
4,2164 4,2487
4,6934 4,7264
5,2452 5,2786
8 08:42
4,6179 4,6502
4,2167 4,2490
4,6943 4,7273
5,2460 5,2794
9 08:43
4,6178 4,6501
4,2163 4,2486
4,6945 4,7275
5,2462 5,2796
10 08:44
4,6177 4,6500
4,2164 4,2487
4,6946 4,7276
5,2487 5,2821
11 08:45
4,6177 4,6500
4,2163 4,2486
4,6951 4,7281
5,2496 5,2830
12 08:46
4,6164 4,6487
4,2148 4,2471
4,6935 4,7264
5,2483 5,2816
13 08:47
4,6160 4,6483
4,2136 4,2459
4,6925 4,7254
5,2477 5,2810
14 08:48
4,6151 4,6474
4,2118 4,2441
4,6911 4,7240
5,2467 5,2800
15 08:49
4,6147 4,6470
4,2109 4,2432
4,6907 4,7236
5,2478 5,2811
16 08:50
4,6150 4,6473
4,2106 4,2429
4,6907 4,7236
5,2488 5,2821
17 08:51
4,6146 4,6470
4,2101 4,2424
4,6901 4,7230
5,2471 5,2805
18 08:52
4,6146 4,6470
4,2101 4,2424
4,6902 4,7231
5,2482 5,2816
19 08:53
4,6135 4,6459
4,2083 4,2406
4,6887 4,7216
5,2475 5,2809
20 08:54
4,6127 4,6451
4,2074 4,2397
4,6887 4,7216
5,2485 5,2819
21 08:55
4,6123 4,6447
4,2081 4,2404
4,6882 4,7211
5,2458 5,2792
22 08:56
4,6123 4,6447
4,2087 4,2410
4,6873 4,7202
5,2454 5,2788
23 08:57
4,6120 4,6444
4,2085 4,2408
4,6866 4,7195
5,2446 5,2780
24 08:58
4,6117 4,6441
4,2089 4,2412
4,6862 4,7191
5,2437 5,2771
25 08:59
4,6117 4,6441
4,2089 4,2412
4,6843 4,7172
5,2443 5,2777
26 09:00
4,6128 4,6452
4,2094 4,2417
4,6859 4,7188
5,2459 5,2792
27 09:01
4,6134 4,6456
4,2090 4,2413
4,6868 4,7197
5,2460 5,2793
28 09:02
4,6132 4,6454
4,2085 4,2408
4,6858 4,7187
5,2454 5,2787
29 09:03
4,6119 4,6441
4,2067 4,2390
4,6834 4,7163
5,2442 5,2775
30 09:04
4,6113 4,6435
4,2060 4,2383
4,6834 4,7163
5,2442 5,2775
31 09:05
4,6107 4,6429
4,2055 4,2378
4,6840 4,7169
5,2432 5,2765
32 09:06
4,6103 4,6426
4,2047 4,2370
4,6850 4,7181
5,2438 5,2771
33 09:07
4,6100 4,6423
4,2039 4,2362
4,6846 4,7177
5,2428 5,2761
34 09:08
4,6087 4,6410
4,2027 4,2350
4,6838 4,7169
5,2420 5,2753
35 09:09
4,6087 4,6410
4,2038 4,2361
4,6846 4,7177
5,2417 5,2750
36 09:10
4,6089 4,6412
4,2029 4,2352
4,6854 4,7185
5,2419 5,2752
37 09:11
4,6090 4,6413
4,2036 4,2359
4,6890 4,7219
5,2423 5,2756
38 09:12
4,6094 4,6417
4,2038 4,2361
4,6858 4,7187
5,2406 5,2739
39 09:13
4,6093 4,6416
4,2035 4,2358
4,6858 4,7187
5,2402 5,2735
40 09:14
4,6097 4,6420
4,2031 4,2354
4,6878 4,7207
5,2414 5,2747
41 09:15
4,6098 4,6421
4,2032 4,2355
4,6867 4,7196
5,2417 5,2750
42 09:16
4,6090 4,6412
4,2014 4,2337
4,6846 4,7175
5,2404 5,2737
43 09:17
4,6087 4,6409
4,2006 4,2329
4,6838 4,7167
5,2397 5,2730
44 09:18
4,6085 4,6407
4,2004 4,2327
4,6841 4,7170
5,2394 5,2727
45 09:19
4,6088 4,6410
4,2007 4,2330
4,6839 4,7168
5,2395 5,2728
46 09:20
4,6088 4,6410
4,2018 4,2341
4,6839 4,7168
5,2396 5,2729
47 09:21
4,6087 4,6411
4,2004 4,2327
4,6839 4,7168
5,2395 5,2728
48 09:22
4,6087 4,6411
4,2016 4,2339
4,6846 4,7175
5,2404 5,2737
49 09:23
4,6088 4,6412
4,2009 4,2332
4,6840 4,7169
5,2406 5,2739
50 09:24
4,6088 4,6412
4,2015 4,2338
4,6840 4,7169
5,2408 5,2741
51 09:25
4,6088 4,6412
4,2009 4,2332
4,6842 4,7171
5,2416 5,2749
52 09:26
4,6091 4,6413
4,2009 4,2332
4,6842 4,7171
5,2411 5,2744
53 09:27
4,6090 4,6412
4,2006 4,2329
4,6841 4,7170
5,2406 5,2739
54 09:28
4,6089 4,6411
4,2002 4,2325
4,6838 4,7167
5,2400 5,2733
55 09:29
4,6091 4,6413
4,2006 4,2329
4,6843 4,7172
5,2399 5,2732
56 09:30
4,6090 4,6412
4,2003 4,2326
4,6841 4,7170
5,2401 5,2734
57 09:31
4,6090 4,6412
4,2003 4,2326
4,6843 4,7172
5,2407 5,2740
58 09:32
4,6073 4,6395
4,1996 4,2319
4,6831 4,7160
5,2386 5,2719
59 09:33
4,6074 4,6396
4,2000 4,2323
4,6832 4,7161
5,2386 5,2719
60 09:34
4,6081 4,6403
4,1998 4,2321
4,6846 4,7175
5,2406 5,2739
61 09:35
4,6089 4,6411
4,2013 4,2336
4,6847 4,7176
5,2417 5,2750
62 09:36
4,6090 4,6412
4,2019 4,2342
4,6852 4,7181
5,2412 5,2745
63 09:37
4,6101 4,6423
4,2042 4,2365
4,6857 4,7186
5,2425 5,2758
64 09:38
4,6105 4,6427
4,2051 4,2374
4,6857 4,7186
5,2440 5,2773
65 09:39
4,6099 4,6421
4,2055 4,2378
4,6851 4,7180
5,2426 5,2759
66 09:40
4,6097 4,6419
4,2051 4,2374
4,6848 4,7177
5,2417 5,2750
67 09:41
4,6085 4,6407
4,2038 4,2361
4,6840 4,7169
5,2412 5,2745
68 09:42
4,6084 4,6406
4,2039 4,2362
4,6840 4,7169
5,2397 5,2730
69 09:43
4,6091 4,6413
4,2049 4,2372
4,6839 4,7168
5,2406 5,2739
70 09:44
4,6087 4,6409
4,2047 4,2370
4,6830 4,7159
5,2394 5,2727
71 09:45
4,6083 4,6405
4,2049 4,2372
4,6827 4,7156
5,2399 5,2732
72 09:46
4,6080 4,6402
4,2042 4,2365
4,6824 4,7153
5,2392 5,2725
73 09:47
4,6079 4,6401
4,2044 4,2367
4,6827 4,7156
5,2393 5,2726
74 09:48
4,6051 4,6373
4,2023 4,2346
4,6794 4,7123
5,2358 5,2691
75 09:49
4,6022 4,6344
4,1984 4,2307
4,6759 4,7088
5,2320 5,2653
76 09:50
4,6026 4,6348
4,1983 4,2306
4,6766 4,7095
5,2325 5,2658
77 09:51
4,6037 4,6359
4,1995 4,2318
4,6783 4,7112
5,2340 5,2674
78 09:52
4,6037 4,6359
4,1995 4,2318
4,6780 4,7109
5,2342 5,2676
79 09:53
4,6038 4,6360
4,2002 4,2325
4,6786 4,7115
5,2353 5,2687
80 09:54
4,6039 4,6361
4,1996 4,2319
4,6782 4,7111
5,2348 5,2682
81 09:55
4,6039 4,6361
4,1993 4,2316
4,6787 4,7116
5,2349 5,2682
82 09:56
4,6037 4,6359
4,1990 4,2313
4,6787 4,7116
5,2338 5,2671
83 09:57
4,6035 4,6357
4,1987 4,2310
4,6783 4,7112
5,2341 5,2674
84 09:58
4,6062 4,6384
4,2010 4,2333
4,6813 4,7142
5,2369 5,2702
85 09:59
4,6065 4,6387
4,2014 4,2337
4,6816 4,7145
5,2381 5,2714
86 10:00
4,6065 4,6387
4,2014 4,2337
4,6813 4,7142
5,2375 5,2708
87 10:01
4,6071 4,6393
4,2030 4,2353
4,6819 4,7148
5,2394 5,2727
88 10:02
4,6061 4,6383
4,2020 4,2343
4,6809 4,7138
5,2382 5,2715
89 10:03
4,6066 4,6388
4,2027 4,2350
4,6812 4,7141
5,2388 5,2721
90 10:04
4,6087 4,6409
4,2040 4,2363
4,6830 4,7159
5,2409 5,2742
91 10:05
4,6085 4,6407
4,2048 4,2371
4,6833 4,7162
5,2416 5,2749
92 10:06
4,6087 4,6409
4,2050 4,2373
4,6836 4,7165
5,2419 5,2752
93 10:07
4,6091 4,6413
4,2047 4,2370
4,6832 4,7161
5,2413 5,2746
94 10:08
4,6099 4,6421
4,2063 4,2386
4,6834 4,7163
5,2414 5,2747
95 10:09
4,6127 4,6449
4,2101 4,2424
4,6862 4,7191
5,2443 5,2776
96 10:10
4,6120 4,6442
4,2101 4,2424
4,6855 4,7184
5,2441 5,2774
97 10:11
4,6104 4,6426
4,2077 4,2400
4,6839 4,7168
5,2417 5,2750
98 10:12
4,6086 4,6408
4,2077 4,2400
4,6817 4,7146
5,2390 5,2723
99 10:13
4,6086 4,6408
4,2079 4,2402
4,6817 4,7146
5,2379 5,2712
100 10:14
4,6080 4,6402
4,2070 4,2393
4,6823 4,7152
5,2383 5,2716
101 10:15
4,6081 4,6403
4,2067 4,2390
4,6817 4,7146
5,2380 5,2713
102 10:16
4,6081 4,6403
4,2064 4,2387
4,6815 4,7144
5,2381 5,2714
103 10:17
4,6085 4,6407
4,2069 4,2392
4,6816 4,7145
5,2388 5,2721
104 10:18
4,6085 4,6407
4,2067 4,2390
4,6815 4,7144
5,2378 5,2711
105 10:19
4,6086 4,6408
4,2068 4,2391
4,6815 4,7144
5,2366 5,2699
106 10:20
4,6089 4,6411
4,2069 4,2392
4,6821 4,7150
5,2376 5,2709
107 10:21
4,6089 4,6411
4,2063 4,2386
4,6830 4,7159
5,2376 5,2709
108 10:22
4,6088 4,6410
4,2060 4,2383
4,6834 4,7163
5,2384 5,2717
109 10:23
4,6090 4,6412
4,2064 4,2387
4,6839 4,7168
5,2386 5,2719
110 10:24
4,6094 4,6416
4,2068 4,2391
4,6840 4,7169
5,2402 5,2735
111 10:25
4,6095 4,6417
4,2071 4,2394
4,6851 4,7180
5,2403 5,2736
112 10:26
4,6100 4,6422
4,2079 4,2402
4,6846 4,7175
5,2412 5,2745
113 10:27
4,6104 4,6426
4,2075 4,2398
4,6851 4,7180
5,2414 5,2747
114 10:28
4,6107 4,6429
4,2070 4,2393
4,6846 4,7175
5,2414 5,2747
115 10:29
4,6110 4,6432
4,2067 4,2390
4,6849 4,7178
5,2427 5,2760
116 10:30
4,6111 4,6433
4,2070 4,2393
4,6853 4,7182
5,2424 5,2757
117 10:31
4,6110 4,6432
4,2067 4,2390
4,6851 4,7180
5,2420 5,2753
118 10:32
4,6111 4,6433
4,2062 4,2385
4,6870 4,7199
5,2418 5,2751
119 10:33
4,6111 4,6433
4,2066 4,2389
4,6867 4,7196
5,2421 5,2754
120 10:34
4,6111 4,6433
4,2066 4,2389
4,6863 4,7192
5,2422 5,2755
121 10:35
4,6113 4,6435
4,2075 4,2398
4,6868 4,7197
5,2423 5,2756
122 10:36
4,6122 4,6444
4,2084 4,2407
4,6874 4,7203
5,2437 5,2770
123 10:37
4,6130 4,6452
4,2091 4,2414
4,6881 4,7210
5,2443 5,2776
124 10:38
4,6130 4,6452
4,2095 4,2418
4,6882 4,7211
5,2443 5,2776
125 10:39
4,6132 4,6454
4,2104 4,2427
4,6886 4,7215
5,2457 5,2790
126 10:40
4,6135 4,6457
4,2109 4,2432
4,6899 4,7228
5,2458 5,2791
127 10:41
4,6138 4,6460
4,2108 4,2431
4,6897 4,7226
5,2461 5,2794
128 10:42
4,6137 4,6459
4,2120 4,2443
4,6891 4,7220
5,2451 5,2784
129 10:43
4,6135 4,6457
4,2114 4,2437
4,6884 4,7213
5,2448 5,2781
130 10:44
4,6135 4,6457
4,2109 4,2432
4,6887 4,7216
5,2448 5,2781
131 10:45
4,6133 4,6455
4,2102 4,2425
4,6887 4,7216
5,2434 5,2767
132 10:46
4,6132 4,6454
4,2101 4,2424
4,6881 4,7210
5,2430 5,2763
133 10:47
4,6129 4,6451
4,2096 4,2419
4,6878 4,7207
5,2420 5,2753
134 10:48
4,6124 4,6446
4,2091 4,2414
4,6873 4,7202
5,2412 5,2745
135 10:49
4,6127 4,6449
4,2090 4,2413
4,6869 4,7198
5,2419 5,2752
136 10:50
4,6126 4,6448
4,2091 4,2414
4,6865 4,7194
5,2411 5,2744
137 10:51
4,6126 4,6448
4,2089 4,2412
4,6863 4,7192
5,2390 5,2723
138 10:52
4,6122 4,6444
4,2089 4,2412
4,6861 4,7190
5,2392 5,2725
139 10:53
4,6126 4,6448
4,2097 4,2420
4,6863 4,7192
5,2400 5,2733
140 10:54
4,6127 4,6449
4,2109 4,2432
4,6864 4,7193
5,2406 5,2739
141 10:55
4,6122 4,6444
4,2095 4,2418
4,6854 4,7183
5,2392 5,2725
142 10:56
4,6115 4,6437
4,2089 4,2412
4,6856 4,7185
5,2370 5,2703
143 10:57
4,6103 4,6425
4,2084 4,2407
4,6840 4,7169
5,2356 5,2689
144 10:58
4,6099 4,6421
4,2072 4,2395
4,6833 4,7162
5,2351 5,2684
145 10:59
4,6097 4,6419
4,2070 4,2393
4,6831 4,7160
5,2346 5,2679
146 11:00
4,6095 4,6417
4,2069 4,2392
4,6834 4,7163
5,2344 5,2677
147 11:01
4,6117 4,6439
4,2088 4,2411
4,6851 4,7180
5,2362 5,2695
148 11:02
4,6123 4,6445
4,2096 4,2419
4,6857 4,7186
5,2372 5,2705
149 11:03
4,6125 4,6447
4,2096 4,2419
4,6860 4,7189
5,2380 5,2713
150 11:04
4,6126 4,6448
4,2106 4,2429
4,6863 4,7192
5,2388 5,2721
151 11:05
4,6129 4,6451
4,2106 4,2429
4,6873 4,7202
5,2392 5,2725
152 11:06
4,6127 4,6449
4,2088 4,2411
4,6871 4,7200
5,2390 5,2723
153 11:07
4,6131 4,6453
4,2086 4,2409
4,6875 4,7204
5,2384 5,2717
154 11:08
4,6132 4,6454
4,2083 4,2406
4,6869 4,7198
5,2388 5,2721
155 11:09
4,6130 4,6452
4,2081 4,2404
4,6860 4,7189
5,2383 5,2716
156 11:10
4,6139 4,6461
4,2088 4,2411
4,6872 4,7201
5,2402 5,2735
157 11:11
4,6140 4,6462
4,2089 4,2412
4,6873 4,7202
5,2407 5,2740
158 11:12
4,6142 4,6464
4,2087 4,2410
4,6877 4,7206
5,2409 5,2742
159 11:13
4,6142 4,6464
4,2085 4,2408
4,6872 4,7201
5,2412 5,2745
160 11:14
4,6154 4,6476
4,2099 4,2422
4,6887 4,7216
5,2437 5,2770
161 11:15
4,6150 4,6472
4,2102 4,2425
4,6876 4,7205
5,2437 5,2770
162 11:16
4,6148 4,6470
4,2102 4,2425
4,6874 4,7203
5,2437 5,2770
163 11:17
4,6150 4,6472
4,2113 4,2436
4,6876 4,7205
5,2442 5,2775
164 11:18
4,6137 4,6459
4,2113 4,2436
4,6872 4,7201
5,2436 5,2769
165 11:19
4,6140 4,6462
4,2119 4,2442
4,6880 4,7209
5,2443 5,2776
166 11:20
4,6136 4,6458
4,2104 4,2427
4,6871 4,7200
5,2428 5,2761
167 11:21
4,6113 4,6435
4,2091 4,2414
4,6850 4,7179
5,2416 5,2749
168 11:22
4,6117 4,6439
4,2095 4,2418
4,6852 4,7181
5,2422 5,2755
169 11:23
4,6121 4,6443
4,2111 4,2434
4,6861 4,7190
5,2430 5,2763
170 11:24
4,6126 4,6448
4,2130 4,2453
4,6868 4,7197
5,2430 5,2763
171 11:25
4,6124 4,6446
4,2128 4,2451
4,6873 4,7202
5,2433 5,2766
172 11:26
4,6124 4,6446
4,2126 4,2449
4,6878 4,7207
5,2436 5,2769
173 11:27
4,6123 4,6445
4,2135 4,2458
4,6882 4,7211
5,2429 5,2762
174 11:28
4,6123 4,6445
4,2137 4,2460
4,6884 4,7213
5,2429 5,2762
175 11:29
4,6121 4,6443
4,2141 4,2464
4,6873 4,7202
5,2418 5,2751
176 11:30
4,6119 4,6441
4,2135 4,2458
4,6873 4,7202
5,2410 5,2743
177 11:31
4,6115 4,6437
4,2137 4,2460
4,6869 4,7198
5,2405 5,2738
178 11:32
4,6113 4,6435
4,2155 4,2478
4,6864 4,7193
5,2405 5,2738
179 11:33
4,6115 4,6437
4,2178 4,2501
4,6874 4,7203
5,2411 5,2744
180 11:34
4,6115 4,6437
4,2176 4,2499
4,6876 4,7205
5,2405 5,2738
181 11:35
4,6114 4,6436
4,2173 4,2496
4,6873 4,7202
5,2405 5,2738
182 11:36
4,6119 4,6441
4,2175 4,2498
4,6882 4,7211
5,2412 5,2745
183 11:37
4,6119 4,6441
4,2178 4,2501
4,6878 4,7207
5,2392 5,2725
184 11:38
4,6118 4,6440
4,2186 4,2509
4,6886 4,7215
5,2380 5,2713
185 11:39
4,6113 4,6435
4,2183 4,2506
4,6881 4,7210
5,2373 5,2706
186 11:40
4,6118 4,6440
4,2190 4,2513
4,6896 4,7225
5,2384 5,2717
187 11:41
4,6112 4,6435
4,2176 4,2499
4,6887 4,7216
5,2391 5,2724
188 11:42
4,6111 4,6434
4,2187 4,2510
4,6902 4,7231
5,2375 5,2708
189 11:43
4,6112 4,6435
4,2186 4,2509
4,6905 4,7234
5,2387 5,2720
190 11:44
4,6111 4,6434
4,2175 4,2498
4,6897 4,7226
5,2384 5,2717
191 11:45
4,6109 4,6432
4,2177 4,2500
4,6897 4,7226
5,2378 5,2712
192 11:46
4,6106 4,6428
4,2183 4,2506
4,6903 4,7232
5,2379 5,2713
193 11:47
4,6110 4,6432
4,2187 4,2510
4,6907 4,7236
5,2372 5,2706
194 11:48
4,6109 4,6431
4,2176 4,2499
4,6896 4,7225
5,2364 5,2698
195 11:49
4,6106 4,6428
4,2173 4,2496
4,6900 4,7229
5,2358 5,2692
196 11:50
4,6107 4,6429
4,2180 4,2503
4,6897 4,7226
5,2356 5,2690
197 11:51
4,6111 4,6434
4,2183 4,2506
4,6907 4,7236
5,2360 5,2693
198 11:52
4,6111 4,6434
4,2197 4,2520
4,6909 4,7238
5,2360 5,2693
199 11:53
4,6112 4,6435
4,2197 4,2520
4,6900 4,7229
5,2358 5,2691
200 11:54
4,6110 4,6433
4,2184 4,2507
4,6903 4,7232
5,2353 5,2686
201 11:55
4,6111 4,6434
4,2187 4,2510
4,6904 4,7233
5,2362 5,2696
202 11:56
4,6110 4,6433
4,2182 4,2505
4,6908 4,7237
5,2375 5,2709
203 11:57
4,6112 4,6435
4,2182 4,2505
4,6912 4,7241
5,2379 5,2713
204 11:58
4,6128 4,6451
4,2197 4,2520
4,6927 4,7256
5,2406 5,2740
205 11:59
4,6129 4,6452
4,2201 4,2524
4,6930 4,7259
5,2410 5,2744
206 12:00
4,6128 4,6451
4,2198 4,2521
4,6929 4,7258
5,2414 5,2748
207 12:01
4,6129 4,6452
4,2201 4,2524
4,6928 4,7258
5,2418 5,2752
208 12:02
4,6122 4,6445
4,2195 4,2518
4,6921 4,7251
5,2414 5,2748
209 12:03
4,6126 4,6449
4,2202 4,2525
4,6926 4,7256
5,2421 5,2755
210 12:04
4,6124 4,6447
4,2185 4,2508
4,6921 4,7251
5,2410 5,2744
211 12:05
4,6121 4,6444
4,2178 4,2501
4,6911 4,7241
5,2406 5,2740
212 12:06
4,6120 4,6442
4,2178 4,2501
4,6912 4,7241
5,2407 5,2741
213 12:07
4,6121 4,6443
4,2174 4,2497
4,6908 4,7237
5,2411 5,2745
214 12:08
4,6129 4,6451
4,2189 4,2512
4,6917 4,7246
5,2423 5,2757
215 12:09
4,6128 4,6450
4,2184 4,2507
4,6906 4,7235
5,2428 5,2762
216 12:10
4,6128 4,6450
4,2180 4,2503
4,6908 4,7237
5,2417 5,2751
217 12:11
4,6129 4,6452
4,2180 4,2503
4,6910 4,7239
5,2425 5,2758
218 12:12
4,6130 4,6453
4,2183 4,2506
4,6909 4,7238
5,2423 5,2756
219 12:13
4,6130 4,6453
4,2185 4,2508
4,6907 4,7236
5,2426 5,2759
220 12:14
4,6129 4,6452
4,2186 4,2509
4,6903 4,7232
5,2428 5,2761
221 12:15
4,6128 4,6451
4,2181 4,2504
4,6903 4,7232
5,2423 5,2757
222 12:16
4,6128 4,6451
4,2189 4,2512
4,6902 4,7231
5,2434 5,2768
223 12:17
4,6127 4,6450
4,2188 4,2511
4,6901 4,7230
5,2431 5,2765
224 12:18
4,6126 4,6449
4,2190 4,2513
4,6895 4,7224
5,2423 5,2757
225 12:19
4,6123 4,6446
4,2190 4,2513
4,6884 4,7213
5,2418 5,2752
226 12:20
4,6122 4,6445
4,2183 4,2506
4,6882 4,7211
5,2413 5,2747
227 12:21
4,6123 4,6446
4,2184 4,2507
4,6885 4,7214
5,2414 5,2748
228 12:22
4,6123 4,6446
4,2184 4,2507
4,6885 4,7214
5,2408 5,2742
229 12:23
4,6122 4,6445
4,2177 4,2500
4,6896 4,7225
5,2409 5,2743
230 12:24
4,6123 4,6446
4,2178 4,2501
4,6888 4,7217
5,2416 5,2750
231 12:25
4,6117 4,6440
4,2171 4,2494
4,6881 4,7210
5,2411 5,2744
232 12:26
4,6114 4,6437
4,2164 4,2487
4,6878 4,7207
5,2411 5,2744
233 12:27
4,6114 4,6437
4,2166 4,2489
4,6878 4,7207
5,2417 5,2750
234 12:28
4,6114 4,6437
4,2168 4,2491
4,6876 4,7205
5,2411 5,2744
235 12:29
4,6113 4,6436
4,2166 4,2489
4,6873 4,7202
5,2407 5,2740
236 12:30
4,6113 4,6436
4,2167 4,2490
4,6873 4,7202
5,2418 5,2752
237 12:31
4,6115 4,6437
4,2166 4,2489
4,6870 4,7199
5,2416 5,2750
238 12:32
4,6113 4,6435
4,2164 4,2487
4,6864 4,7193
5,2417 5,2751
239 12:33
4,6115 4,6437
4,2160 4,2483
4,6864 4,7193
5,2416 5,2750
240 12:34
4,6118 4,6440
4,2157 4,2480
4,6867 4,7196
5,2422 5,2756
241 12:35
4,6119 4,6441
4,2158 4,2481
4,6868 4,7197
5,2425 5,2758
242 12:36
4,6117 4,6439
4,2157 4,2480
4,6871 4,7200
5,2428 5,2761
243 12:37
4,6117 4,6439
4,2158 4,2481
4,6876 4,7205
5,2434 5,2767
244 12:38
4,6118 4,6440
4,2159 4,2482
4,6874 4,7203
5,2430 5,2763
245 12:39
4,6116 4,6438
4,2159 4,2482
4,6872 4,7201
5,2427 5,2760
246 12:40
4,6116 4,6438
4,2156 4,2479
4,6867 4,7196
5,2426 5,2759
247 12:41
4,6120 4,6442
4,2159 4,2482
4,6870 4,7199
5,2426 5,2759
248 12:42
4,6120 4,6442
4,2161 4,2484
4,6872 4,7201
5,2426 5,2759
249 12:43
4,6116 4,6438
4,2155 4,2478
4,6867 4,7196
5,2424 5,2757
250 12:44
4,6115 4,6437
4,2155 4,2478
4,6866 4,7195
5,2423 5,2756
251 12:45
4,6115 4,6437
4,2155 4,2478
4,6866 4,7195
5,2422 5,2756
252 12:46
4,6115 4,6438
4,2155 4,2478
4,6867 4,7196
5,2420 5,2754
253 12:47
4,6111 4,6434
4,2146 4,2469
4,6859 4,7188
5,2413 5,2747
254 12:48
4,6111 4,6434
4,2142 4,2465
4,6854 4,7183
5,2407 5,2741
255 12:49
4,6110 4,6433
4,2141 4,2464
4,6853 4,7182
5,2406 5,2740
256 12:50
4,6109 4,6432
4,2146 4,2469
4,6856 4,7185
5,2402 5,2735
257 12:51
4,6108 4,6431
4,2143 4,2466
4,6856 4,7185
5,2395 5,2728
258 12:52
4,6108 4,6431
4,2149 4,2472
4,6860 4,7189
5,2395 5,2728
259 12:53
4,6104 4,6427
4,2147 4,2470
4,6857 4,7186
5,2391 5,2724
260 12:54
4,6096 4,6419
4,2138 4,2461
4,6850 4,7179
5,2378 5,2711
261 12:55
4,6096 4,6419
4,2138 4,2461
4,6848 4,7177
5,2381 5,2715
262 12:56
4,6097 4,6419
4,2142 4,2465
4,6853 4,7182
5,2384 5,2718
263 12:57
4,6088 4,6410
4,2140 4,2463
4,6849 4,7178
5,2380 5,2714
264 12:58
4,6082 4,6404
4,2136 4,2459
4,6840 4,7169
5,2361 5,2695
265 12:59
4,6083 4,6405
4,2139 4,2462
4,6843 4,7172
5,2347 5,2681
266 13:00
4,6087 4,6409
4,2144 4,2467
4,6842 4,7171
5,2349 5,2683
267 13:01
4,6083 4,6405
4,2152 4,2475
4,6845 4,7174
5,2337 5,2670
268 13:02
4,6089 4,6411
4,2154 4,2477
4,6854 4,7183
5,2337 5,2670
269 13:03
4,6087 4,6409
4,2154 4,2477
4,6855 4,7184
5,2346 5,2679
270 13:04
4,6089 4,6411
4,2150 4,2473
4,6854 4,7183
5,2336 5,2669
271 13:05
4,6088 4,6410
4,2157 4,2480
4,6856 4,7185
5,2324 5,2657
272 13:06
4,6088 4,6410
4,2157 4,2480
4,6856 4,7185
5,2321 5,2654
273 13:07
4,6092 4,6414
4,2161 4,2484
4,6869 4,7198
5,2322 5,2655
274 13:08
4,6091 4,6413
4,2156 4,2479
4,6868 4,7197
5,2321 5,2654
275 13:09
4,6091 4,6413
4,2156 4,2479
4,6868 4,7197
5,2327 5,2660
276 13:10
4,6091 4,6413
4,2156 4,2479
4,6871 4,7200
5,2320 5,2654
277 13:11
4,6086 4,6408
4,2156 4,2479
4,6864 4,7193
5,2303 5,2637
278 13:12
4,6091 4,6413
4,2167 4,2490
4,6868 4,7197
5,2307 5,2641
279 13:13
4,6091 4,6413
4,2164 4,2487
4,6868 4,7197
5,2314 5,2648
280 13:14
4,6089 4,6411
4,2158 4,2481
4,6862 4,7191
5,2318 5,2652
281 13:15
4,6087 4,6409
4,2160 4,2483
4,6860 4,7189
5,2317 5,2650
282 13:16
4,6089 4,6411
4,2160 4,2483
4,6869 4,7198
5,2319 5,2652
283 13:17
4,6088 4,6410
4,2151 4,2474
4,6870 4,7199
5,2315 5,2648
284 13:18
4,6087 4,6409
4,2150 4,2473
4,6867 4,7196
5,2311 5,2644
285 13:19
4,6087 4,6409
4,2155 4,2478
4,6868 4,7197
5,2304 5,2637
286 13:20
4,6084 4,6406
4,2153 4,2476
4,6861 4,7190
5,2302 5,2635
287 13:21
4,6085 4,6407
4,2150 4,2473
4,6862 4,7191
5,2304 5,2638
288 13:22
4,6085 4,6407
4,2147 4,2470
4,6867 4,7196
5,2310 5,2644
289 13:23
4,6084 4,6406
4,2145 4,2468
4,6868 4,7197
5,2309 5,2643
290 13:24
4,6082 4,6404
4,2152 4,2475
4,6866 4,7195
5,2301 5,2635
291 13:25
4,6084 4,6406
4,2155 4,2478
4,6871 4,7200
5,2312 5,2646
292 13:26
4,6080 4,6402
4,2171 4,2494
4,6872 4,7201
5,2308 5,2642
293 13:27
4,6080 4,6402
4,2179 4,2502
4,6874 4,7203
5,2308 5,2642
294 13:28
4,6082 4,6404
4,2181 4,2504
4,6879 4,7208
5,2319 5,2653
295 13:29
4,6082 4,6404
4,2194 4,2517
4,6883 4,7212
5,2331 5,2665
296 13:30
4,6082 4,6404
4,2196 4,2519
4,6881 4,7210
5,2331 5,2664
297 13:31
4,6085 4,6408
4,2206 4,2529
4,6884 4,7214
5,2333 5,2666
298 13:32
4,6084 4,6407
4,2201 4,2524
4,6883 4,7213
5,2332 5,2665
299 13:33
4,6088 4,6411
4,2208 4,2531
4,6888 4,7218
5,2337 5,2670
300 13:34
4,6088 4,6411
4,2210 4,2533
4,6898 4,7228
5,2349 5,2682
301 13:35
4,6088 4,6411
4,2200 4,2523
4,6889 4,7219
5,2339 5,2673
302 13:36
4,6088 4,6411
4,2197 4,2520
4,6885 4,7214
5,2342 5,2676
303 13:37
4,6089 4,6412
4,2199 4,2522
4,6886 4,7215
5,2342 5,2676
304 13:38
4,6088 4,6411
4,2197 4,2520
4,6885 4,7214
5,2336 5,2670
305 13:39
4,6088 4,6411
4,2197 4,2520
4,6890 4,7219
5,2336 5,2670
306 13:40
4,6087 4,6410
4,2201 4,2524
4,6896 4,7225
5,2341 5,2674
307 13:41
4,6084 4,6407
4,2195 4,2518
4,6889 4,7219
5,2341 5,2674
308 13:42
4,6083 4,6406
4,2200 4,2523
4,6884 4,7214
5,2331 5,2664
309 13:43
4,6084 4,6407
4,2199 4,2522
4,6883 4,7213
5,2332 5,2665
310 13:44
4,6084 4,6407
4,2195 4,2518
4,6880 4,7210
5,2335 5,2668
311 13:45
4,6084 4,6407
4,2193 4,2516
4,6880 4,7210
5,2338 5,2671
312 13:46
4,6083 4,6405
4,2191 4,2514
4,6878 4,7209
5,2337 5,2670
313 13:47
4,6087 4,6409
4,2189 4,2512
4,6878 4,7209
5,2333 5,2666
314 13:48
4,6081 4,6403
4,2180 4,2503
4,6872 4,7203
5,2322 5,2655
315 13:49
4,6081 4,6403
4,2183 4,2506
4,6872 4,7203
5,2324 5,2657
316 13:50
4,6085 4,6407
4,2191 4,2514
4,6876 4,7207
5,2322 5,2656
317 13:51
4,6080 4,6403
4,2176 4,2499
4,6872 4,7203
5,2330 5,2664
318 13:52
4,6079 4,6402
4,2167 4,2490
4,6871 4,7202
5,2328 5,2662
319 13:53
4,6080 4,6403
4,2172 4,2495
4,6876 4,7207
5,2327 5,2661
320 13:54
4,6080 4,6403
4,2176 4,2499
4,6881 4,7212
5,2330 5,2664
321 13:55
4,6080 4,6403
4,2170 4,2493
4,6879 4,7210
5,2333 5,2666
322 13:56
4,6080 4,6403
4,2164 4,2487
4,6880 4,7209
5,2337 5,2670
323 13:57
4,6080 4,6403
4,2170 4,2493
4,6877 4,7206
5,2334 5,2667
324 13:58
4,6074 4,6397
4,2155 4,2478
4,6869 4,7198
5,2321 5,2654
325 13:59
4,6067 4,6390
4,2137 4,2460
4,6865 4,7194
5,2310 5,2643
326 14:00
4,6067 4,6390
4,2137 4,2460
4,6865 4,7194
5,2303 5,2636
327 14:01
4,6070 4,6393
4,2141 4,2464
4,6861 4,7191
5,2299 5,2632
328 14:02
4,6069 4,6392
4,2150 4,2473
4,6868 4,7198
5,2303 5,2636
329 14:03
4,6070 4,6393
4,2153 4,2476
4,6875 4,7205
5,2307 5,2640
330 14:04
4,6071 4,6394
4,2144 4,2467
4,6876 4,7206
5,2317 5,2650
331 14:05
4,6074 4,6397
4,2139 4,2462
4,6880 4,7210
5,2315 5,2648
332 14:06
4,6074 4,6397
4,2137 4,2460
4,6880 4,7209
5,2312 5,2645
333 14:07
4,6073 4,6396
4,2135 4,2458
4,6880 4,7209
5,2317 5,2650
334 14:08
4,6072 4,6395
4,2132 4,2455
4,6876 4,7205
5,2313 5,2646
335 14:09
4,6069 4,6392
4,2125 4,2448
4,6871 4,7200
5,2306 5,2639
336 14:10
4,6067 4,6390
4,2129 4,2452
4,6874 4,7203
5,2310 5,2643
337 14:11
4,6065 4,6387
4,2126 4,2449
4,6865 4,7195
5,2303 5,2636
338 14:12
4,6065 4,6387
4,2124 4,2447
4,6865 4,7195
5,2301 5,2634
339 14:13
4,6062 4,6384
4,2123 4,2446
4,6862 4,7192
5,2297 5,2630
340 14:14
4,6058 4,6380
4,2116 4,2439
4,6858 4,7188
5,2293 5,2626
341 14:15
4,6059 4,6381
4,2115 4,2438
4,6856 4,7186
5,2294 5,2627
342 14:16
4,6059 4,6382
4,2106 4,2429
4,6851 4,7181
5,2300 5,2634
343 14:17
4,6060 4,6383
4,2107 4,2430
4,6853 4,7183
5,2303 5,2637
344 14:18
4,6058 4,6381
4,2105 4,2428
4,6854 4,7184
5,2302 5,2636
345 14:19
4,6058 4,6381
4,2111 4,2434
4,6853 4,7183
5,2302 5,2636
346 14:20
4,6057 4,6380
4,2114 4,2437
4,6853 4,7183
5,2308 5,2641
347 14:21
4,6054 4,6376
4,2114 4,2437
4,6850 4,7180
5,2310 5,2643
348 14:22
4,6055 4,6377
4,2098 4,2421
4,6852 4,7182
5,2316 5,2649
349 14:23
4,6056 4,6378
4,2101 4,2424
4,6851 4,7181
5,2320 5,2653
350 14:24
4,6060 4,6382
4,2098 4,2421
4,6855 4,7185
5,2319 5,2652
351 14:25
4,6059 4,6381
4,2103 4,2426
4,6854 4,7184
5,2315 5,2648
352 14:26
4,6057 4,6380
4,2098 4,2421
4,6850 4,7179
5,2314 5,2647
353 14:27
4,6057 4,6380
4,2102 4,2425
4,6849 4,7178
5,2311 5,2644
354 14:28
4,6057 4,6380
4,2099 4,2422
4,6849 4,7178
5,2313 5,2646
355 14:29
4,6055 4,6378
4,2087 4,2410
4,6842 4,7171
5,2306 5,2639
356 14:30
4,6055 4,6378
4,2088 4,2411
4,6837 4,7166
5,2308 5,2641
357 14:31
4,6057 4,6379
4,2090 4,2413
4,6839 4,7168
5,2310 5,2643
358 14:32
4,6057 4,6379
4,2090 4,2413
4,6829 4,7158
5,2309 5,2642
359 14:33
4,6057 4,6379
4,2086 4,2409
4,6836 4,7165
5,2313 5,2646
360 14:34
4,6057 4,6379
4,2090 4,2413
4,6834 4,7163
5,2312 5,2645
361 14:35
4,6057 4,6379
4,2092 4,2415
4,6838 4,7167
5,2306 5,2639
362 14:36
4,6056 4,6379
4,2096 4,2419
4,6838 4,7168
5,2307 5,2640
363 14:37
4,6054 4,6377
4,2092 4,2415
4,6838 4,7168
5,2313 5,2646
364 14:38
4,6056 4,6379
4,2096 4,2419
4,6838 4,7168
5,2309 5,2642
365 14:39
4,6054 4,6377
4,2094 4,2417
4,6840 4,7170
5,2298 5,2631
366 14:40
4,6054 4,6377
4,2096 4,2419
4,6838 4,7168
5,2304 5,2637
367 14:41
4,6056 4,6378
4,2095 4,2418
4,6838 4,7167
5,2306 5,2639
368 14:42
4,6052 4,6374
4,2078 4,2401
4,6829 4,7158
5,2307 5,2640
369 14:43
4,6046 4,6368
4,2068 4,2391
4,6821 4,7150
5,2313 5,2646
370 14:44
4,6042 4,6364
4,2049 4,2372
4,6807 4,7136
5,2299 5,2632
371 14:45
4,6042 4,6364
4,2051 4,2374
4,6802 4,7131
5,2298 5,2632
372 14:46
4,6044 4,6366
4,2066 4,2389
4,6816 4,7145
5,2302 5,2636
373 14:57
4,6046 4,6368
4,2055 4,2378
4,6814 4,7143
5,2312 5,2645
374 14:58
4,6045 4,6367
4,2056 4,2379
4,6817 4,7146
5,2314 5,2647
375 14:59
4,6045 4,6367
4,2044 4,2367
4,6817 4,7146
5,2329 5,2662
376 15:00
4,6044 4,6366
4,2043 4,2366
4,6822 4,7151
5,2335 5,2668
377 15:01
4,6036 4,6359
4,2042 4,2365
4,6817 4,7147
5,2317 5,2650
378 15:02
4,6026 4,6349
4,2033 4,2356
4,6806 4,7136
5,2307 5,2640
379 15:03
4,6020 4,6343
4,2022 4,2345
4,6800 4,7130
5,2303 5,2636
380 15:04
4,6017 4,6340
4,2016 4,2339
4,6798 4,7128
5,2298 5,2631
381 15:05
4,5993 4,6316
4,1993 4,2316
4,6776 4,7106
5,2277 5,2610
382 15:06
4,6010 4,6332
4,2007 4,2330
4,6791 4,7121
5,2293 5,2627
383 15:07
4,6016 4,6338
4,2006 4,2329
4,6798 4,7128
5,2292 5,2626
384 15:08
4,6015 4,6337
4,1990 4,2313
4,6795 4,7125
5,2287 5,2621
385 15:09
4,6015 4,6337
4,1992 4,2315
4,6795 4,7125
5,2285 5,2619
386 15:10
4,6013 4,6335
4,1992 4,2315
4,6790 4,7120
5,2283 5,2616
387 15:11
4,6015 4,6337
4,2003 4,2326
4,6790 4,7120
5,2279 5,2613
388 15:12
4,6015 4,6337
4,2005 4,2328
4,6785 4,7115
5,2273 5,2607
389 15:13
4,6008 4,6330
4,2003 4,2326
4,6783 4,7113
5,2268 5,2602
390 15:14
4,6006 4,6328
4,2001 4,2324
4,6777 4,7107
5,2262 5,2596
391 15:15
4,6006 4,6328
4,1999 4,2322
4,6786 4,7116
5,2256 5,2590
392 15:16
4,6003 4,6325
4,1998 4,2321
4,6784 4,7113
5,2256 5,2590
393 15:17
4,6001 4,6323
4,1992 4,2315
4,6782 4,7111
5,2260 5,2594
394 15:18
4,6004 4,6326
4,1995 4,2318
4,6785 4,7114
5,2272 5,2606
395 15:19
4,6006 4,6328
4,2001 4,2324
4,6776 4,7105
5,2280 5,2614
396 15:20
4,5996 4,6318
4,1992 4,2315
4,6763 4,7092
5,2268 5,2602
397 15:21
4,5997 4,6319
4,1999 4,2322
4,6769 4,7099
5,2267 5,2601
398 15:22
4,5994 4,6316
4,1990 4,2313
4,6759 4,7089
5,2260 5,2594
399 15:23
4,5995 4,6317
4,1997 4,2320
4,6763 4,7093
5,2265 5,2599
400 15:24
4,5989 4,6311
4,1991 4,2314
4,6758 4,7088
5,2258 5,2592
401 15:25
4,5991 4,6313
4,1995 4,2318
4,6761 4,7091
5,2267 5,2600
402 15:26
4,5987 4,6309
4,1980 4,2303
4,6757 4,7087
5,2271 5,2604
403 15:27
4,5980 4,6302
4,1967 4,2290
4,6745 4,7075
5,2260 5,2593
404 15:28
4,5973 4,6295
4,1963 4,2286
4,6742 4,7072
5,2252 5,2585
405 15:29
4,5977 4,6299
4,1957 4,2280
4,6742 4,7072
5,2252 5,2585
406 15:30
4,5974 4,6296
4,1956 4,2279
4,6748 4,7078
5,2250 5,2584
407 15:31
4,5974 4,6296
4,1956 4,2279
4,6749 4,7078
5,2247 5,2581
408 15:32
4,5971 4,6293
4,1955 4,2278
4,6746 4,7075
5,2238 5,2572
409 15:33
4,5967 4,6289
4,1942 4,2265
4,6735 4,7064
5,2239 5,2573
410 15:34
4,5969 4,6291
4,1944 4,2267
4,6745 4,7074
5,2244 5,2578
411 15:35
4,5972 4,6294
4,1952 4,2275
4,6748 4,7077
5,2250 5,2584
412 15:36
4,5983 4,6305
4,1957 4,2280
4,6757 4,7087
5,2266 5,2600
413 15:37
4,5981 4,6303
4,1955 4,2278
4,6755 4,7085
5,2267 5,2601
414 15:38
4,5984 4,6306
4,1962 4,2285
4,6759 4,7089
5,2270 5,2604
415 15:39
4,5992 4,6314
4,1965 4,2288
4,6767 4,7097
5,2279 5,2613
416 15:40
4,5994 4,6316
4,1977 4,2300
4,6769 4,7099
5,2285 5,2619
417 15:41
4,5991 4,6313
4,1978 4,2301
4,6766 4,7096
5,2285 5,2618
418 15:42
4,5988 4,6310
4,1971 4,2294
4,6758 4,7088
5,2279 5,2612
419 15:43
4,5993 4,6315
4,1983 4,2306
4,6758 4,7088
5,2282 5,2615
420 15:44
4,5993 4,6315
4,1974 4,2297
4,6758 4,7088
5,2278 5,2611
421 15:45
4,5988 4,6310
4,1971 4,2294
4,6758 4,7088
5,2278 5,2611
422 15:46
4,5982 4,6305
4,1957 4,2280
4,6765 4,7095
5,2275 5,2609
423 15:47
4,5980 4,6303
4,1955 4,2278
4,6765 4,7095
5,2273 5,2607
424 15:48
4,5982 4,6305
4,1959 4,2282
4,6767 4,7097
5,2269 5,2603
425 15:49
4,5987 4,6310
4,1961 4,2284
4,6772 4,7102
5,2269 5,2603
426 15:50
4,5985 4,6308
4,1963 4,2286
4,6769 4,7099
5,2266 5,2600
427 15:51
4,5987 4,6309
4,1962 4,2285
4,6772 4,7101
5,2271 5,2605
428 15:52
4,5984 4,6306
4,1958 4,2281
4,6770 4,7099
5,2271 5,2605
429 15:53
4,5984 4,6306
4,1958 4,2281
4,6779 4,7108
5,2276 5,2610
430 15:54
4,5975 4,6297
4,1950 4,2273
4,6765 4,7094
5,2262 5,2596
431 15:55
4,5976 4,6298
4,1941 4,2264
4,6766 4,7095
5,2262 5,2595
432 15:56
4,5976 4,6298
4,1934 4,2257
4,6755 4,7084
5,2252 5,2585
433 15:57
4,5976 4,6298
4,1947 4,2270
4,6755 4,7084
5,2262 5,2595
