#======================
2023-4-24
# 1.EUR, 2.USD, 3.CHF, 4.GBP
Sell Price, Buy Price
#======================
2023-4-24
# 1.EUR, 2.USD, 3.CHF, 4.GBP
Sell Price, Buy Price
1 09:11
4,5928 4,6250
4,1858 4,2179
4,6913 4,7241
5,2009 5,2342
2 09:12
4,5927 4,6249
4,1866 4,2187
4,6912 4,7240
5,2002 5,2335
3 09:13
4,5926 4,6248
4,1870 4,2191
4,6921 4,7249
5,2004 5,2337
4 09:14
4,5928 4,6250
4,1858 4,2179
4,6923 4,7251
5,1994 5,2327
5 09:15
4,5928 4,6250
4,1848 4,2169
4,6930 4,7258
5,1999 5,2332
6 09:16
4,5924 4,6246
4,1833 4,2154
4,6917 4,7245
5,1995 5,2328
7 09:17
4,5928 4,6250
4,1841 4,2162
4,6922 4,7250
5,1994 5,2327
8 09:18
4,5931 4,6253
4,1836 4,2157
4,6926 4,7254
5,2001 5,2334
9 09:19
4,5927 4,6249
4,1834 4,2155
4,6927 4,7255
5,2002 5,2335
10 09:20
4,5934 4,6256
4,1850 4,2171
4,6943 4,7271
5,2017 5,2350
11 09:21
4,5933 4,6255
4,1839 4,2160
4,6942 4,7270
5,2017 5,2350
12 09:22
4,5930 4,6252
4,1837 4,2158
4,6939 4,7267
5,2016 5,2349
13 09:23
4,5930 4,6252
4,1839 4,2160
4,6942 4,7270
5,2029 5,2362
14 09:24
4,5930 4,6252
4,1835 4,2156
4,6944 4,7272
5,2027 5,2360
15 09:25
4,5929 4,6251
4,1830 4,2151
4,6948 4,7276
5,2023 5,2356
16 09:26
4,5922 4,6244
4,1822 4,2143
4,6941 4,7269
5,2022 5,2355
17 09:27
4,5914 4,6236
4,1813 4,2134
4,6933 4,7261
5,2014 5,2347
18 09:28
4,5913 4,6235
4,1817 4,2138
4,6939 4,7267
5,2013 5,2346
19 09:29
4,5916 4,6238
4,1818 4,2139
4,6938 4,7266
5,2019 5,2352
20 09:30
4,5917 4,6239
4,1819 4,2140
4,6945 4,7273
5,2017 5,2350
21 09:31
4,5908 4,6230
4,1813 4,2134
4,6941 4,7269
5,2010 5,2343
22 09:32
4,5903 4,6225
4,1806 4,2127
4,6929 4,7257
5,2019 5,2352
23 09:33
4,5904 4,6226
4,1798 4,2119
4,6910 4,7238
5,2006 5,2339
24 09:34
4,5902 4,6224
4,1803 4,2124
4,6913 4,7241
5,2001 5,2334
25 09:35
4,5902 4,6224
4,1807 4,2128
4,6909 4,7237
5,2000 5,2333
26 09:36
4,5897 4,6219
4,1797 4,2118
4,6896 4,7224
5,2004 5,2337
27 09:37
4,5901 4,6223
4,1797 4,2118
4,6900 4,7228
5,2008 5,2341
28 09:38
4,5899 4,6221
4,1789 4,2110
4,6892 4,7220
5,2011 5,2344
29 09:39
4,5900 4,6222
4,1790 4,2111
4,6898 4,7226
5,2024 5,2357
30 09:40
4,5901 4,6223
4,1793 4,2114
4,6908 4,7236
5,2019 5,2352
31 09:41
4,5899 4,6221
4,1789 4,2110
4,6905 4,7233
5,2016 5,2347
32 09:42
4,5898 4,6220
4,1796 4,2117
4,6907 4,7235
5,2015 5,2346
33 09:43
4,5897 4,6219
4,1793 4,2114
4,6908 4,7236
5,2028 5,2359
34 09:44
4,5907 4,6229
4,1808 4,2129
4,6920 4,7248
5,2041 5,2372
35 09:45
4,5904 4,6226
4,1803 4,2124
4,6925 4,7253
5,2030 5,2361
36 09:46
4,5903 4,6225
4,1806 4,2127
4,6921 4,7249
5,2014 5,2347
37 09:47
4,5902 4,6224
4,1801 4,2122
4,6922 4,7250
5,2011 5,2344
38 09:48
4,5902 4,6224
4,1806 4,2127
4,6925 4,7253
5,2018 5,2351
39 09:49
4,5901 4,6223
4,1803 4,2124
4,6927 4,7255
5,2011 5,2344
40 09:50
4,5903 4,6225
4,1804 4,2125
4,6926 4,7254
5,2001 5,2334
41 09:51
4,5900 4,6222
4,1798 4,2119
4,6918 4,7246
5,1998 5,2331
42 09:52
4,5897 4,6219
4,1786 4,2107
4,6923 4,7251
5,1994 5,2327
43 09:53
4,5902 4,6224
4,1784 4,2105
4,6930 4,7258
5,2000 5,2333
44 09:54
4,5907 4,6229
4,1783 4,2104
4,6933 4,7261
5,2000 5,2333
45 09:55
4,5919 4,6241
4,1803 4,2124
4,6941 4,7269
5,2010 5,2343
46 09:56
4,5918 4,6240
4,1797 4,2118
4,6937 4,7265
5,2011 5,2342
47 09:57
4,5920 4,6242
4,1799 4,2120
4,6943 4,7271
5,2010 5,2341
48 09:58
4,5921 4,6243
4,1800 4,2121
4,6941 4,7269
5,2012 5,2343
49 09:59
4,5922 4,6244
4,1797 4,2118
4,6926 4,7254
5,2006 5,2337
50 10:00
4,5926 4,6248
4,1794 4,2115
4,6930 4,7258
5,2013 5,2344
51 10:01
4,5945 4,6267
4,1805 4,2126
4,6945 4,7273
5,2036 5,2367
52 10:02
4,5940 4,6262
4,1796 4,2117
4,6936 4,7264
5,2035 5,2366
53 10:03
4,5921 4,6243
4,1769 4,2090
4,6916 4,7244
5,2011 5,2342
54 10:04
4,5915 4,6237
4,1762 4,2083
4,6910 4,7238
5,1989 5,2320
55 10:05
4,5912 4,6234
4,1772 4,2093
4,6909 4,7237
5,1980 5,2311
56 10:06
4,5912 4,6234
4,1772 4,2093
4,6904 4,7232
5,1979 5,2312
57 10:07
4,5911 4,6233
4,1762 4,2083
4,6903 4,7231
5,1975 5,2308
58 10:08
4,5912 4,6234
4,1767 4,2088
4,6907 4,7235
5,1973 5,2306
59 10:09
4,5912 4,6234
4,1761 4,2082
4,6907 4,7235
5,1970 5,2303
60 10:10
4,5912 4,6234
4,1761 4,2082
4,6904 4,7232
5,1970 5,2303
61 10:11
4,5912 4,6234
4,1753 4,2074
4,6911 4,7239
5,1967 5,2300
62 10:12
4,5913 4,6235
4,1760 4,2081
4,6917 4,7245
5,1965 5,2298
63 10:13
4,5914 4,6236
4,1761 4,2082
4,6923 4,7251
5,1980 5,2313
64 10:14
4,5911 4,6233
4,1760 4,2081
4,6920 4,7248
5,1972 5,2305
65 10:15
4,5915 4,6237
4,1762 4,2083
4,6927 4,7255
5,1971 5,2304
66 10:16
4,5914 4,6236
4,1761 4,2082
4,6921 4,7249
5,1978 5,2311
67 10:17
4,5917 4,6239
4,1764 4,2085
4,6921 4,7249
5,1980 5,2313
68 10:18
4,5907 4,6229
4,1758 4,2079
4,6914 4,7242
5,1971 5,2304
69 10:19
4,5907 4,6229
4,1760 4,2081
4,6913 4,7241
5,1970 5,2303
70 10:20
4,5907 4,6229
4,1762 4,2083
4,6916 4,7244
5,1973 5,2306
71 10:21
4,5907 4,6229
4,1755 4,2076
4,6911 4,7239
5,1970 5,2303
72 10:22
4,5911 4,6233
4,1760 4,2081
4,6912 4,7240
5,1978 5,2311
73 10:23
4,5912 4,6234
4,1770 4,2091
4,6923 4,7251
5,1991 5,2324
74 10:24
4,5911 4,6233
4,1772 4,2093
4,6913 4,7241
5,1996 5,2329
75 10:25
4,5911 4,6233
4,1774 4,2095
4,6915 4,7243
5,1990 5,2323
76 10:26
4,5922 4,6244
4,1793 4,2114
4,6924 4,7252
5,2008 5,2341
77 10:27
4,5924 4,6246
4,1799 4,2120
4,6926 4,7254
5,2007 5,2340
78 10:28
4,5925 4,6247
4,1800 4,2121
4,6918 4,7246
5,2009 5,2342
79 10:29
4,5924 4,6246
4,1799 4,2120
4,6916 4,7244
5,1998 5,2331
80 10:30
4,5923 4,6245
4,1800 4,2121
4,6915 4,7243
5,1991 5,2324
81 10:31
4,5930 4,6252
4,1806 4,2127
4,6918 4,7246
5,1994 5,2326
82 10:32
4,5929 4,6251
4,1805 4,2126
4,6917 4,7245
5,1995 5,2327
83 10:33
4,5929 4,6251
4,1799 4,2120
4,6917 4,7245
5,1990 5,2322
84 10:34
4,5929 4,6251
4,1790 4,2111
4,6915 4,7243
5,1989 5,2321
85 10:35
4,5927 4,6249
4,1776 4,2097
4,6919 4,7247
5,1983 5,2315
86 10:36
4,5926 4,6248
4,1776 4,2097
4,6914 4,7242
5,1980 5,2313
87 10:37
4,5927 4,6249
4,1782 4,2103
4,6907 4,7235
5,1975 5,2308
88 10:38
4,5926 4,6248
4,1779 4,2100
4,6906 4,7234
5,1977 5,2310
89 10:39
4,5930 4,6252
4,1787 4,2108
4,6908 4,7236
5,1981 5,2314
90 10:40
4,5929 4,6251
4,1786 4,2107
4,6910 4,7238
5,1983 5,2316
91 10:41
4,5926 4,6248
4,1783 4,2104
4,6904 4,7232
5,1980 5,2313
92 10:42
4,5927 4,6249
4,1781 4,2102
4,6903 4,7231
5,1976 5,2309
93 10:43
4,5934 4,6256
4,1796 4,2117
4,6919 4,7247
5,1980 5,2313
94 10:44
4,5934 4,6256
4,1796 4,2117
4,6919 4,7247
5,1980 5,2313
95 10:45
4,5934 4,6256
4,1792 4,2113
4,6917 4,7245
5,1977 5,2310
96 10:46
4,5934 4,6256
4,1781 4,2102
4,6913 4,7241
5,1977 5,2310
97 10:47
4,5933 4,6255
4,1776 4,2097
4,6909 4,7237
5,1979 5,2312
98 10:48
4,5931 4,6253
4,1769 4,2090
4,6904 4,7232
5,1977 5,2310
99 10:49
4,5933 4,6255
4,1773 4,2094
4,6906 4,7234
5,1982 5,2315
100 10:50
4,5952 4,6274
4,1792 4,2113
4,6926 4,7254
5,2012 5,2345
101 10:51
4,5963 4,6285
4,1802 4,2123
4,6935 4,7263
5,2020 5,2353
102 10:52
4,5961 4,6283
4,1804 4,2125
4,6933 4,7261
5,2026 5,2359
103 10:53
4,5984 4,6306
4,1821 4,2142
4,6951 4,7279
5,2049 5,2382
104 10:54
4,5988 4,6310
4,1824 4,2145
4,6960 4,7288
5,2059 5,2392
105 10:55
4,5979 4,6301
4,1799 4,2120
4,6941 4,7269
5,2044 5,2377
106 10:56
4,5950 4,6272
4,1771 4,2092
4,6921 4,7249
5,2007 5,2340
107 10:57
4,5961 4,6283
4,1769 4,2090
4,6934 4,7262
5,2020 5,2353
108 10:58
4,5956 4,6278
4,1761 4,2082
4,6942 4,7270
5,2014 5,2347
109 10:59
4,5954 4,6276
4,1757 4,2078
4,6939 4,7267
5,2012 5,2345
110 11:00
4,5951 4,6273
4,1735 4,2056
4,6935 4,7263
5,1996 5,2329
111 11:01
4,5952 4,6274
4,1748 4,2069
4,6933 4,7261
5,1998 5,2330
112 11:02
4,5952 4,6274
4,1759 4,2080
4,6938 4,7266
5,1992 5,2324
113 11:03
4,5954 4,6276
4,1761 4,2082
4,6938 4,7266
5,2003 5,2335
114 11:04
4,5948 4,6270
4,1742 4,2063
4,6924 4,7252
5,1993 5,2325
115 11:05
4,5947 4,6269
4,1742 4,2063
4,6909 4,7237
5,1989 5,2321
116 11:06
4,5947 4,6269
4,1745 4,2066
4,6909 4,7238
5,1998 5,2331
117 11:07
4,5945 4,6267
4,1734 4,2055
4,6905 4,7234
5,1993 5,2326
118 11:08
4,5943 4,6265
4,1725 4,2046
4,6901 4,7230
5,1988 5,2321
119 11:09
4,5927 4,6249
4,1695 4,2016
4,6874 4,7203
5,1969 5,2302
120 11:10
4,5932 4,6254
4,1686 4,2007
4,6876 4,7205
5,1960 5,2293
121 11:11
4,5932 4,6254
4,1697 4,2018
4,6879 4,7208
5,1969 5,2302
122 11:12
4,5934 4,6256
4,1695 4,2016
4,6881 4,7210
5,1964 5,2297
123 11:13
4,5933 4,6255
4,1691 4,2012
4,6878 4,7207
5,1964 5,2297
124 11:14
4,5932 4,6254
4,1688 4,2009
4,6870 4,7199
5,1960 5,2293
125 11:15
4,5933 4,6255
4,1683 4,2004
4,6873 4,7202
5,1958 5,2291
126 11:16
4,5932 4,6254
4,1690 4,2011
4,6877 4,7205
5,1963 5,2296
127 11:17
4,5935 4,6257
4,1694 4,2015
4,6891 4,7219
5,1961 5,2294
128 11:18
4,5934 4,6256
4,1693 4,2014
4,6891 4,7219
5,1963 5,2296
129 11:19
4,5929 4,6251
4,1685 4,2006
4,6885 4,7213
5,1951 5,2284
130 11:20
4,5929 4,6251
4,1674 4,1995
4,6885 4,7213
5,1945 5,2278
131 11:21
4,5916 4,6238
4,1664 4,1985
4,6875 4,7204
5,1934 5,2267
132 11:22
4,5917 4,6239
4,1670 4,1991
4,6871 4,7200
5,1941 5,2274
133 11:23
4,5923 4,6245
4,1676 4,1997
4,6872 4,7201
5,1947 5,2280
134 11:24
4,5928 4,6250
4,1684 4,2005
4,6889 4,7218
5,1962 5,2295
135 11:25
4,5924 4,6246
4,1675 4,1996
4,6890 4,7219
5,1949 5,2282
136 11:26
4,5916 4,6238
4,1664 4,1985
4,6897 4,7225
5,1931 5,2263
137 11:27
4,5919 4,6241
4,1665 4,1986
4,6882 4,7210
5,1934 5,2266
138 11:28
4,5919 4,6241
4,1665 4,1986
4,6888 4,7216
5,1925 5,2257
139 11:29
4,5919 4,6241
4,1663 4,1984
4,6885 4,7213
5,1928 5,2260
140 11:30
4,5921 4,6243
4,1668 4,1989
4,6899 4,7227
5,1927 5,2259
141 11:31
4,5919 4,6242
4,1665 4,1986
4,6896 4,7225
5,1923 5,2256
142 11:32
4,5918 4,6241
4,1667 4,1988
4,6904 4,7233
5,1928 5,2261
143 11:33
4,5919 4,6242
4,1669 4,1990
4,6900 4,7229
5,1929 5,2262
144 11:34
4,5915 4,6238
4,1668 4,1989
4,6898 4,7227
5,1924 5,2257
145 11:35
4,5915 4,6238
4,1668 4,1989
4,6899 4,7228
5,1930 5,2263
146 11:36
4,5916 4,6238
4,1662 4,1983
4,6899 4,7228
5,1925 5,2258
147 11:37
4,5918 4,6240
4,1664 4,1985
4,6903 4,7232
5,1924 5,2257
148 11:38
4,5918 4,6240
4,1666 4,1987
4,6903 4,7232
5,1924 5,2257
149 11:39
4,5917 4,6239
4,1669 4,1990
4,6883 4,7212
5,1926 5,2259
150 11:40
4,5928 4,6250
4,1678 4,1999
4,6887 4,7216
5,1929 5,2262
151 11:41
4,5927 4,6249
4,1684 4,2005
4,6884 4,7213
5,1926 5,2259
152 11:42
4,5924 4,6246
4,1679 4,2000
4,6883 4,7212
5,1919 5,2252
153 11:43
4,5922 4,6244
4,1671 4,1992
4,6878 4,7207
5,1910 5,2243
154 11:44
4,5922 4,6244
4,1669 4,1990
4,6881 4,7210
5,1902 5,2235
155 11:45
4,5922 4,6244
4,1669 4,1990
4,6878 4,7207
5,1890 5,2223
156 11:46
4,5925 4,6247
4,1684 4,2005
4,6877 4,7205
5,1893 5,2225
157 11:47
4,5925 4,6247
4,1685 4,2006
4,6879 4,7207
5,1891 5,2223
158 11:48
4,5931 4,6253
4,1700 4,2021
4,6890 4,7218
5,1898 5,2230
159 11:49
4,5928 4,6250
4,1697 4,2018
4,6887 4,7215
5,1894 5,2226
160 11:50
4,5928 4,6250
4,1696 4,2017
4,6887 4,7215
5,1892 5,2224
161 11:51
4,5925 4,6247
4,1687 4,2008
4,6886 4,7215
5,1882 5,2215
162 11:52
4,5925 4,6247
4,1695 4,2016
4,6889 4,7218
5,1884 5,2217
163 11:53
4,5924 4,6246
4,1692 4,2013
4,6895 4,7224
5,1875 5,2208
164 11:54
4,5911 4,6233
4,1678 4,1999
4,6885 4,7214
5,1869 5,2202
165 12:27
4,5877 4,6199
4,1664 4,1985
4,6837 4,7166
5,1854 5,2186
166 12:28
4,5878 4,6200
4,1662 4,1983
4,6840 4,7169
5,1855 5,2187
167 12:29
4,5879 4,6201
4,1661 4,1982
4,6843 4,7172
5,1856 5,2188
168 12:30
4,5894 4,6216
4,1676 4,1997
4,6846 4,7175
5,1873 5,2205
169 12:31
4,5894 4,6216
4,1680 4,2001
4,6850 4,7179
5,1874 5,2207
170 12:32
4,5895 4,6217
4,1675 4,1996
4,6848 4,7177
5,1883 5,2216
171 12:33
4,5898 4,6220
4,1680 4,2001
4,6849 4,7178
5,1890 5,2223
172 12:34
4,5898 4,6220
4,1684 4,2005
4,6853 4,7182
5,1895 5,2228
173 12:35
4,5901 4,6223
4,1684 4,2005
4,6857 4,7186
5,1908 5,2241
174 12:36
4,5904 4,6226
4,1685 4,2006
4,6859 4,7188
5,1918 5,2251
175 12:37
4,5910 4,6232
4,1697 4,2018
4,6866 4,7195
5,1922 5,2255
176 12:47
Definite connection error#======================
2023-4-24
# 1.EUR, 2.USD, 3.CHF, 4.GBP
Sell Price, Buy Price
1 12:48
4,5914 4,6236
4,1694 4,2015
4,6863 4,7192
5,1946 5,2279
2 12:49
4,5914 4,6236
4,1692 4,2013
4,6863 4,7192
5,1946 5,2279
3 12:50
4,5911 4,6233
4,1690 4,2011
4,6858 4,7187
5,1940 5,2273
4 12:51
4,5911 4,6233
4,1686 4,2007
4,6859 4,7188
5,1931 5,2264
5 12:52
4,5908 4,6230
4,1676 4,1997
4,6857 4,7186
5,1918 5,2251
6 12:53
4,5911 4,6233
4,1682 4,2003
4,6860 4,7189
5,1916 5,2249
7 12:54
4,5913 4,6235
4,1682 4,2003
4,6864 4,7193
5,1915 5,2248
8 12:55
4,5913 4,6235
4,1680 4,2001
4,6874 4,7203
5,1912 5,2245
9 12:56
4,5916 4,6238
4,1681 4,2002
4,6876 4,7204
5,1916 5,2248
10 12:57
4,5917 4,6239
4,1680 4,2001
4,6878 4,7206
5,1912 5,2244
11 12:58
4,5912 4,6234
4,1677 4,1998
4,6867 4,7195
5,1893 5,2225
12 12:59
4,5917 4,6239
4,1678 4,1999
4,6871 4,7199
5,1899 5,2231
13 13:00
4,5916 4,6238
4,1671 4,1992
4,6870 4,7198
5,1901 5,2233
14 13:01
4,5915 4,6237
4,1673 4,1994
4,6868 4,7197
5,1900 5,2233
15 13:02
4,5921 4,6243
4,1672 4,1993
4,6872 4,7201
5,1904 5,2237
16 13:03
4,5921 4,6243
4,1678 4,1999
4,6874 4,7203
5,1899 5,2232
17 13:04
4,5936 4,6258
4,1703 4,2024
4,6898 4,7227
5,1921 5,2254
18 13:05
4,5939 4,6261
4,1706 4,2027
4,6896 4,7225
5,1915 5,2248
19 13:06
4,5942 4,6264
4,1720 4,2041
4,6899 4,7228
5,1925 5,2257
20 13:07
4,5942 4,6264
4,1731 4,2052
4,6906 4,7235
5,1922 5,2254
21 13:08
4,5941 4,6263
4,1734 4,2055
4,6907 4,7236
5,1921 5,2253
22 13:09
4,5946 4,6268
4,1737 4,2058
4,6922 4,7251
5,1920 5,2252
23 13:10
4,5944 4,6266
4,1733 4,2054
4,6915 4,7244
5,1909 5,2241
24 13:11
4,5945 4,6267
4,1738 4,2059
4,6916 4,7245
5,1907 5,2239
25 13:12
4,5947 4,6269
4,1738 4,2059
4,6919 4,7248
5,1915 5,2247
26 13:13
4,5949 4,6271
4,1732 4,2053
4,6920 4,7249
5,1918 5,2250
27 13:14
4,5947 4,6269
4,1726 4,2047
4,6918 4,7247
5,1916 5,2248
28 13:15
4,5944 4,6266
4,1727 4,2048
4,6911 4,7240
5,1910 5,2242
29 13:16
4,5942 4,6264
4,1725 4,2046
4,6908 4,7237
5,1908 5,2239
30 13:17
4,5944 4,6266
4,1733 4,2054
4,6910 4,7239
5,1907 5,2238
31 13:18
4,5946 4,6268
4,1738 4,2059
4,6912 4,7241
5,1909 5,2240
32 13:19
4,5940 4,6262
4,1726 4,2047
4,6902 4,7231
5,1909 5,2240
33 13:20
4,5938 4,6260
4,1718 4,2039
4,6899 4,7228
5,1908 5,2239
34 13:21
4,5938 4,6260
4,1722 4,2043
4,6902 4,7231
5,1914 5,2247
35 13:22
4,5937 4,6259
4,1728 4,2049
4,6898 4,7227
5,1915 5,2248
36 13:23
Definite connection error#======================
2023-4-24
# 1.EUR, 2.USD, 3.CHF, 4.GBP
Sell Price, Buy Price
1 13:24
4,5934 4,6256
4,1731 4,2052
4,6895 4,7224
5,1918 5,2251
2 13:25
4,5935 4,6257
4,1732 4,2053
4,6896 4,7225
5,1919 5,2252
3 13:26
4,5928 4,6250
4,1734 4,2055
4,6889 4,7218
5,1918 5,2251
4 13:27
4,5915 4,6237
4,1722 4,2043
4,6876 4,7205
5,1906 5,2239
5 13:28
4,5917 4,6239
4,1731 4,2052
4,6890 4,7219
5,1911 5,2244
6 13:29
4,5918 4,6240
4,1726 4,2047
4,6886 4,7215
5,1915 5,2248
7 13:30
4,5914 4,6236
4,1719 4,2040
4,6870 4,7199
5,1911 5,2244
8 13:31
4,5911 4,6233
4,1711 4,2032
4,6862 4,7190
5,1898 5,2230
9 13:32
4,5911 4,6233
4,1703 4,2024
4,6862 4,7190
5,1892 5,2224
10 13:33
4,5912 4,6234
4,1710 4,2031
4,6875 4,7203
5,1897 5,2229
11 13:34
4,5912 4,6234
4,1718 4,2039
4,6878 4,7206
5,1898 5,2230
12 13:35
4,5912 4,6234
4,1721 4,2042
4,6883 4,7211
5,1907 5,2239
13 13:36
4,5912 4,6234
4,1719 4,2040
4,6871 4,7200
5,1905 5,2238
14 13:37
4,5911 4,6233
4,1713 4,2034
4,6865 4,7194
5,1906 5,2239
15 13:38
4,5911 4,6233
4,1714 4,2035
4,6869 4,7198
5,1910 5,2243
16 13:39
4,5913 4,6235
4,1724 4,2045
4,6869 4,7198
5,1906 5,2239
17 13:40
4,5912 4,6234
4,1715 4,2036
4,6868 4,7197
5,1902 5,2235
18 13:41
4,5913 4,6235
4,1714 4,2035
4,6872 4,7201
5,1897 5,2230
19 13:42
4,5911 4,6233
4,1716 4,2037
4,6870 4,7199
5,1892 5,2225
20 13:43
4,5913 4,6235
4,1724 4,2045
4,6874 4,7203
5,1894 5,2227
21 13:44
4,5915 4,6237
4,1726 4,2047
4,6874 4,7203
5,1894 5,2227
22 13:45
4,5915 4,6237
4,1727 4,2048
4,6866 4,7195
5,1891 5,2224
23 13:46
4,5915 4,6237
4,1722 4,2043
4,6866 4,7194
5,1888 5,2221
24 13:47
4,5915 4,6237
4,1722 4,2043
4,6864 4,7192
5,1888 5,2221
25 13:48
4,5915 4,6237
4,1718 4,2039
4,6866 4,7194
5,1885 5,2218
26 13:49
4,5915 4,6237
4,1720 4,2041
4,6866 4,7194
5,1879 5,2212
27 13:50
4,5915 4,6237
4,1726 4,2047
4,6867 4,7195
5,1883 5,2216
28 13:51
4,5915 4,6237
4,1726 4,2047
4,6869 4,7197
5,1897 5,2230
29 13:52
4,5913 4,6235
4,1724 4,2045
4,6864 4,7192
5,1895 5,2228
30 13:53
4,5913 4,6235
4,1724 4,2045
4,6869 4,7197
5,1902 5,2235
31 13:54
4,5911 4,6233
4,1726 4,2047
4,6870 4,7198
5,1904 5,2237
32 13:55
4,5914 4,6236
4,1729 4,2050
4,6873 4,7201
5,1907 5,2240
33 13:56
4,5911 4,6233
4,1726 4,2047
4,6872 4,7200
5,1908 5,2241
34 13:57
4,5910 4,6232
4,1727 4,2048
4,6864 4,7192
5,1912 5,2245
35 13:58
4,5895 4,6217
4,1719 4,2040
4,6850 4,7178
5,1901 5,2234
36 13:59
4,5892 4,6214
4,1712 4,2033
4,6846 4,7174
5,1894 5,2227
37 14:00
4,5891 4,6213
4,1706 4,2027
4,6847 4,7175
5,1897 5,2230
38 14:01
4,5888 4,6210
4,1697 4,2018
4,6836 4,7165
5,1884 5,2217
39 14:02
4,5888 4,6210
4,1703 4,2024
4,6841 4,7170
5,1889 5,2222
40 14:03
4,5889 4,6211
4,1706 4,2027
4,6844 4,7173
5,1885 5,2218
41 14:04
4,5886 4,6208
4,1696 4,2017
4,6828 4,7157
5,1885 5,2218
42 14:05
4,5890 4,6212
4,1701 4,2022
4,6831 4,7160
5,1892 5,2225
43 14:06
4,5890 4,6212
4,1701 4,2022
4,6834 4,7162
5,1892 5,2225
44 14:07
4,5887 4,6209
4,1698 4,2019
4,6831 4,7159
5,1883 5,2216
45 14:08
4,5886 4,6208
4,1692 4,2013
4,6830 4,7158
5,1888 5,2221
46 14:09
4,5888 4,6210
4,1697 4,2018
4,6824 4,7152
5,1893 5,2226
47 14:10
4,5879 4,6201
4,1697 4,2018
4,6816 4,7144
5,1883 5,2216
48 14:11
4,5874 4,6196
4,1690 4,2011
4,6815 4,7144
5,1874 5,2207
49 14:12
4,5872 4,6194
4,1689 4,2010
4,6811 4,7140
5,1873 5,2206
50 14:13
4,5873 4,6195
4,1691 4,2012
4,6812 4,7141
5,1873 5,2206
51 14:14
4,5875 4,6197
4,1695 4,2016
4,6816 4,7145
5,1878 5,2211
52 14:15
4,5879 4,6201
4,1701 4,2022
4,6822 4,7151
5,1889 5,2222
53 14:16
4,5881 4,6203
4,1701 4,2022
4,6824 4,7153
5,1894 5,2227
54 14:17
4,5882 4,6204
4,1698 4,2019
4,6825 4,7154
5,1898 5,2231
55 14:18
4,5891 4,6213
4,1715 4,2036
4,6835 4,7164
5,1908 5,2241
56 14:19
4,5889 4,6211
4,1710 4,2031
4,6833 4,7162
5,1909 5,2242
57 14:20
4,5884 4,6206
4,1699 4,2020
4,6828 4,7157
5,1903 5,2236
58 14:21
4,5867 4,6189
4,1671 4,1992
4,6812 4,7141
5,1893 5,2226
59 14:22
4,5858 4,6180
4,1668 4,1989
4,6806 4,7135
5,1886 5,2219
60 14:23
4,5860 4,6182
4,1662 4,1983
4,6804 4,7133
5,1882 5,2215
61 14:24
4,5862 4,6184
4,1666 4,1987
4,6805 4,7134
5,1879 5,2212
62 14:25
4,5865 4,6187
4,1669 4,1990
4,6809 4,7138
5,1885 5,2218
63 14:26
4,5865 4,6187
4,1667 4,1988
4,6810 4,7138
5,1888 5,2221
64 14:27
4,5864 4,6186
4,1666 4,1987
4,6810 4,7138
5,1889 5,2222
65 14:28
4,5866 4,6188
4,1671 4,1992
4,6809 4,7137
5,1889 5,2222
66 14:29
4,5869 4,6191
4,1670 4,1991
4,6812 4,7140
5,1895 5,2228
67 14:30
4,5869 4,6191
4,1659 4,1980
4,6812 4,7140
5,1892 5,2225
68 14:31
4,5870 4,6192
4,1661 4,1982
4,6815 4,7143
5,1890 5,2223
69 14:32
4,5869 4,6191
4,1657 4,1978
4,6812 4,7140
5,1895 5,2228
70 14:33
4,5870 4,6192
4,1666 4,1987
4,6816 4,7144
5,1896 5,2229
71 14:34
4,5872 4,6194
4,1658 4,1979
4,6818 4,7146
5,1896 5,2229
72 14:35
4,5870 4,6192
4,1666 4,1987
4,6818 4,7146
5,1890 5,2223
73 14:36
4,5872 4,6194
4,1675 4,1996
4,6823 4,7151
5,1888 5,2221
74 14:37
4,5872 4,6194
4,1671 4,1992
4,6832 4,7160
5,1889 5,2222
75 14:38
4,5874 4,6196
4,1677 4,1998
4,6834 4,7162
5,1892 5,2225
76 14:39
4,5874 4,6196
4,1666 4,1987
4,6834 4,7162
5,1900 5,2233
77 14:40
4,5875 4,6197
4,1672 4,1993
4,6833 4,7161
5,1911 5,2244
78 14:41
4,5871 4,6193
4,1657 4,1978
4,6831 4,7159
5,1908 5,2241
79 14:42
4,5868 4,6190
4,1651 4,1972
4,6830 4,7158
5,1903 5,2236
80 14:43
4,5867 4,6189
4,1650 4,1971
4,6832 4,7160
5,1902 5,2235
81 14:44
4,5866 4,6188
4,1645 4,1966
4,6831 4,7159
5,1892 5,2225
82 14:45
4,5868 4,6190
4,1647 4,1968
4,6842 4,7170
5,1891 5,2224
83 14:46
4,5868 4,6190
4,1647 4,1968
4,6840 4,7169
5,1891 5,2224
84 14:47
4,5864 4,6186
4,1645 4,1966
4,6831 4,7160
5,1878 5,2211
85 14:48
4,5866 4,6188
4,1645 4,1966
4,6828 4,7157
5,1874 5,2207
86 14:49
4,5858 4,6180
4,1638 4,1959
4,6818 4,7147
5,1859 5,2192
87 14:50
4,5857 4,6179
4,1629 4,1950
4,6794 4,7123
5,1849 5,2182
88 14:51
4,5855 4,6177
4,1616 4,1937
4,6796 4,7124
5,1844 5,2177
89 14:52
4,5855 4,6177
4,1611 4,1932
4,6798 4,7126
5,1843 5,2176
90 14:53
4,5852 4,6174
4,1608 4,1929
4,6795 4,7123
5,1838 5,2171
91 14:54
4,5863 4,6185
4,1623 4,1944
4,6808 4,7136
5,1857 5,2190
92 14:55
4,5865 4,6187
4,1619 4,1940
4,6809 4,7137
5,1846 5,2179
93 14:56
4,5865 4,6187
4,1608 4,1929
4,6811 4,7140
5,1843 5,2176
94 14:57
4,5863 4,6185
4,1612 4,1933
4,6808 4,7137
5,1847 5,2180
95 14:58
4,5864 4,6186
4,1613 4,1934
4,6810 4,7139
5,1847 5,2180
96 14:59
4,5865 4,6187
4,1610 4,1931
4,6810 4,7139
5,1846 5,2179
97 15:00
4,5860 4,6182
4,1600 4,1921
4,6803 4,7132
5,1835 5,2168
98 15:01
4,5858 4,6180
4,1604 4,1925
4,6808 4,7136
5,1831 5,2164
99 15:02
4,5860 4,6182
4,1602 4,1923
4,6813 4,7141
5,1826 5,2159
100 15:03
4,5864 4,6186
4,1592 4,1913
4,6807 4,7135
5,1824 5,2157
101 15:04
4,5863 4,6185
4,1591 4,1912
4,6806 4,7134
5,1826 5,2159
102 15:05
4,5861 4,6183
4,1584 4,1905
4,6806 4,7134
5,1821 5,2154
103 15:06
4,5859 4,6181
4,1570 4,1891
4,6809 4,7138
5,1813 5,2146
104 15:07
4,5859 4,6181
4,1587 4,1908
4,6811 4,7140
5,1819 5,2152
105 15:08
4,5855 4,6177
4,1578 4,1899
4,6805 4,7134
5,1804 5,2137
106 15:09
4,5855 4,6177
4,1576 4,1897
4,6805 4,7134
5,1794 5,2127
107 15:10
4,5855 4,6177
4,1580 4,1901
4,6798 4,7127
5,1788 5,2121
108 15:11
4,5855 4,6177
4,1571 4,1892
4,6796 4,7125
5,1786 5,2118
109 15:12
4,5851 4,6173
4,1559 4,1880
4,6791 4,7120
5,1786 5,2118
110 15:13
4,5852 4,6174
4,1560 4,1881
4,6789 4,7118
5,1785 5,2117
111 15:14
4,5852 4,6174
4,1564 4,1885
4,6792 4,7121
5,1790 5,2122
112 15:15
4,5853 4,6175
4,1576 4,1897
4,6793 4,7122
5,1789 5,2121
113 15:16
4,5851 4,6173
4,1578 4,1899
4,6787 4,7116
5,1782 5,2115
114 15:17
4,5850 4,6172
4,1589 4,1910
4,6791 4,7120
5,1786 5,2119
115 15:18
4,5846 4,6168
4,1581 4,1902
4,6789 4,7118
5,1778 5,2111
116 15:19
4,5850 4,6172
4,1592 4,1913
4,6783 4,7112
5,1782 5,2115
117 15:20
4,5853 4,6175
4,1606 4,1927
4,6795 4,7124
5,1789 5,2122
118 15:21
4,5849 4,6172
4,1608 4,1929
4,6786 4,7115
5,1797 5,2130
119 15:22
4,5848 4,6171
4,1603 4,1924
4,6789 4,7118
5,1790 5,2123
120 15:23
4,5847 4,6170
4,1595 4,1916
4,6786 4,7115
5,1783 5,2116
121 15:24
4,5843 4,6166
4,1591 4,1912
4,6775 4,7104
5,1776 5,2109
122 15:25
4,5843 4,6166
4,1591 4,1912
4,6775 4,7104
5,1773 5,2106
123 15:26
4,5844 4,6166
4,1595 4,1916
4,6775 4,7104
5,1776 5,2109
124 15:27
4,5844 4,6166
4,1606 4,1927
4,6781 4,7110
5,1782 5,2115
125 15:28
4,5843 4,6165
4,1602 4,1923
4,6778 4,7107
5,1780 5,2113
126 15:29
4,5842 4,6164
4,1608 4,1929
4,6778 4,7107
5,1788 5,2121
127 15:30
4,5844 4,6166
4,1606 4,1927
4,6782 4,7111
5,1781 5,2114
128 15:31
4,5838 4,6160
4,1595 4,1916
4,6776 4,7104
5,1777 5,2110
129 15:32
4,5837 4,6159
4,1598 4,1919
4,6772 4,7100
5,1783 5,2116
130 15:33
4,5833 4,6155
4,1596 4,1917
4,6773 4,7101
5,1769 5,2102
131 15:34
4,5836 4,6158
4,1597 4,1918
4,6774 4,7102
5,1770 5,2103
132 15:35
4,5836 4,6158
4,1597 4,1918
4,6774 4,7102
5,1771 5,2104
133 15:36
4,5835 4,6157
4,1598 4,1919
4,6768 4,7097
5,1762 5,2095
134 15:37
4,5831 4,6153
4,1606 4,1927
4,6771 4,7100
5,1764 5,2097
135 15:38
4,5829 4,6151
4,1594 4,1915
4,6764 4,7093
5,1765 5,2098
136 15:39
4,5828 4,6150
4,1591 4,1912
4,6761 4,7090
5,1761 5,2094
137 15:40
4,5832 4,6154
4,1599 4,1920
4,6765 4,7094
5,1769 5,2102
138 15:41
4,5836 4,6158
4,1601 4,1922
4,6778 4,7107
5,1773 5,2106
139 15:42
4,5837 4,6159
4,1596 4,1917
4,6763 4,7092
5,1774 5,2107
140 15:43
4,5841 4,6163
4,1605 4,1926
4,6769 4,7098
5,1778 5,2111
141 15:44
4,5842 4,6164
4,1602 4,1923
4,6772 4,7101
5,1779 5,2112
142 15:45
4,5844 4,6166
4,1602 4,1923
4,6770 4,7099
5,1778 5,2111
143 15:46
4,5846 4,6168
4,1604 4,1925
4,6774 4,7103
5,1778 5,2110
144 15:47
4,5860 4,6182
4,1630 4,1951
4,6789 4,7118
5,1786 5,2118
145 15:48
4,5862 4,6184
4,1626 4,1947
4,6796 4,7125
5,1809 5,2141
146 15:49
4,5864 4,6186
4,1624 4,1945
4,6795 4,7124
5,1816 5,2148
147 15:50
4,5866 4,6188
4,1626 4,1947
4,6800 4,7129
5,1818 5,2150
148 15:51
4,5860 4,6182
4,1607 4,1928
4,6777 4,7106
5,1802 5,2134
149 15:52
4,5851 4,6173
4,1616 4,1937
4,6773 4,7102
5,1793 5,2125
150 15:53
4,5847 4,6169
4,1601 4,1922
4,6771 4,7100
5,1796 5,2128
151 15:54
4,5849 4,6171
4,1603 4,1924
4,6772 4,7101
5,1812 5,2144
152 15:55
4,5847 4,6169
4,1594 4,1915
4,6765 4,7094
5,1798 5,2130
153 15:56
4,5848 4,6170
4,1600 4,1921
4,6779 4,7108
5,1807 5,2140
154 15:57
4,5847 4,6169
4,1594 4,1915
4,6773 4,7102
5,1797 5,2130
155 15:58
4,5851 4,6173
4,1582 4,1903
4,6772 4,7101
5,1798 5,2131
