#======================
2023-5-12
# 1.EUR, 2.USD, 3.CHF, 4.GBP
Sell Price, Buy Price
1 08:19
4,5216 4,5540
4,1385 4,1708
4,6354 4,6684
5,1818 5,2152
2 08:20
4,5216 4,5540
4,1389 4,1712
4,6357 4,6687
5,1818 5,2152
3 08:21
4,5226 4,5550
4,1398 4,1721
4,6367 4,6697
5,1833 5,2167
4 08:22
4,5227 4,5551
4,1397 4,1720
4,6349 4,6679
5,1834 5,2168
5 08:23
4,5230 4,5554
4,1400 4,1723
4,6357 4,6687
5,1837 5,2171
6 08:24
4,5230 4,5554
4,1400 4,1723
4,6366 4,6696
5,1837 5,2171
7 08:25
4,5230 4,5554
4,1398 4,1721
4,6366 4,6696
5,1843 5,2177
8 08:26
4,5232 4,5556
4,1398 4,1721
4,6368 4,6698
5,1849 5,2183
9 08:27
4,5231 4,5555
4,1399 4,1722
4,6365 4,6695
5,1847 5,2181
10 08:28
4,5231 4,5555
4,1390 4,1713
4,6372 4,6702
5,1850 5,2184
11 08:29
4,5230 4,5554
4,1383 4,1706
4,6371 4,6701
5,1852 5,2186
12 08:30
4,5231 4,5555
4,1395 4,1718
4,6372 4,6702
5,1847 5,2181
13 08:31
4,5237 4,5561
4,1408 4,1731
4,6385 4,6715
5,1859 5,2193
14 08:32
4,5235 4,5559
4,1403 4,1726
4,6381 4,6711
5,1850 5,2184
15 08:33
4,5233 4,5557
4,1393 4,1716
4,6377 4,6707
5,1850 5,2184
16 08:34
4,5237 4,5561
4,1397 4,1720
4,6383 4,6713
5,1851 5,2185
17 08:35
4,5237 4,5561
4,1393 4,1716
4,6383 4,6713
5,1837 5,2171
18 08:36
4,5233 4,5557
4,1386 4,1709
4,6381 4,6711
5,1841 5,2175
19 08:37
4,5236 4,5560
4,1386 4,1709
4,6384 4,6714
5,1841 5,2175
20 08:38
4,5238 4,5562
4,1384 4,1707
4,6386 4,6716
5,1841 5,2175
21 08:39
4,5240 4,5564
4,1386 4,1709
4,6388 4,6718
5,1846 5,2180
22 08:40
4,5242 4,5566
4,1386 4,1709
4,6393 4,6723
5,1851 5,2185
23 08:41
4,5243 4,5567
4,1395 4,1718
4,6394 4,6724
5,1858 5,2192
24 08:42
4,5246 4,5570
4,1399 4,1722
4,6399 4,6729
5,1866 5,2200
25 08:43
4,5244 4,5568
4,1394 4,1717
4,6397 4,6727
5,1874 5,2208
26 08:44
4,5246 4,5570
4,1392 4,1715
4,6399 4,6729
5,1873 5,2207
27 08:45
4,5246 4,5570
4,1395 4,1718
4,6400 4,6730
5,1882 5,2216
28 08:46
4,5243 4,5567
4,1393 4,1716
4,6399 4,6729
5,1879 5,2213
29 08:47
4,5243 4,5567
4,1385 4,1708
4,6396 4,6726
5,1873 5,2207
30 08:48
4,5242 4,5566
4,1388 4,1711
4,6398 4,6728
5,1872 5,2206
31 08:49
4,5239 4,5563
4,1383 4,1706
4,6394 4,6724
5,1883 5,2217
32 08:50
4,5239 4,5563
4,1387 4,1710
4,6403 4,6733
5,1887 5,2221
33 08:51
4,5238 4,5562
4,1373 4,1696
4,6401 4,6731
5,1875 5,2209
34 08:52
4,5233 4,5557
4,1370 4,1693
4,6398 4,6728
5,1879 5,2213
35 08:53
4,5232 4,5556
4,1373 4,1696
4,6401 4,6731
5,1881 5,2215
36 08:54
4,5232 4,5556
4,1375 4,1698
4,6397 4,6727
5,1876 5,2210
37 08:55
4,5228 4,5552
4,1364 4,1687
4,6391 4,6721
5,1856 5,2190
38 08:56
4,5228 4,5552
4,1370 4,1693
4,6393 4,6723
5,1874 5,2208
39 08:57
4,5227 4,5551
4,1376 4,1699
4,6400 4,6730
5,1870 5,2204
40 08:58
4,5230 4,5554
4,1382 4,1705
4,6401 4,6731
5,1870 5,2204
41 08:59
4,5228 4,5552
4,1383 4,1706
4,6388 4,6718
5,1868 5,2202
42 09:00
4,5228 4,5552
4,1383 4,1706
4,6389 4,6719
5,1872 5,2206
43 09:01
4,5226 4,5550
4,1378 4,1701
4,6387 4,6717
5,1870 5,2204
44 09:02
4,5222 4,5546
4,1372 4,1695
4,6375 4,6705
5,1859 5,2193
45 09:03
4,5227 4,5551
4,1386 4,1709
4,6390 4,6720
5,1876 5,2210
46 09:04
4,5233 4,5557
4,1390 4,1713
4,6394 4,6724
5,1886 5,2220
47 09:05
4,5233 4,5557
4,1387 4,1710
4,6410 4,6740
5,1892 5,2226
48 09:06
4,5235 4,5559
4,1389 4,1712
4,6420 4,6750
5,1891 5,2225
49 09:07
4,5228 4,5552
4,1377 4,1700
4,6403 4,6733
5,1889 5,2223
50 09:08
4,5228 4,5552
4,1375 4,1698
4,6408 4,6738
5,1874 5,2208
51 09:09
4,5230 4,5554
4,1379 4,1702
4,6406 4,6736
5,1876 5,2210
52 09:10
4,5227 4,5551
4,1373 4,1696
4,6405 4,6735
5,1862 5,2196
53 09:11
4,5226 4,5550
4,1373 4,1696
4,6402 4,6732
5,1869 5,2203
54 09:12
4,5233 4,5557
4,1385 4,1708
4,6421 4,6751
5,1880 5,2214
55 09:13
4,5241 4,5565
4,1399 4,1722
4,6440 4,6770
5,1894 5,2228
56 09:14
4,5238 4,5562
4,1385 4,1708
4,6426 4,6756
5,1889 5,2223
57 09:15
4,5238 4,5562
4,1385 4,1708
4,6473 4,6803
5,1894 5,2228
58 09:16
4,5241 4,5565
4,1385 4,1708
4,6471 4,6801
5,1886 5,2220
59 09:17
4,5239 4,5563
4,1382 4,1705
4,6459 4,6789
5,1887 5,2221
60 09:18
4,5244 4,5568
4,1380 4,1703
4,6472 4,6802
5,1892 5,2226
61 09:19
4,5245 4,5569
4,1378 4,1701
4,6484 4,6814
5,1897 5,2231
62 09:20
4,5244 4,5568
4,1382 4,1705
4,6491 4,6821
5,1905 5,2239
63 09:21
4,5245 4,5569
4,1381 4,1704
4,6491 4,6821
5,1908 5,2242
64 09:22
4,5251 4,5575
4,1387 4,1710
4,6497 4,6827
5,1912 5,2246
65 09:23
4,5251 4,5575
4,1381 4,1704
4,6499 4,6829
5,1921 5,2255
66 09:24
4,5254 4,5578
4,1388 4,1711
4,6497 4,6827
5,1925 5,2259
67 09:25
4,5255 4,5579
4,1391 4,1714
4,6498 4,6828
5,1926 5,2260
68 09:26
4,5258 4,5582
4,1393 4,1716
4,6486 4,6816
5,1921 5,2255
69 09:27
4,5258 4,5582
4,1389 4,1712
4,6481 4,6811
5,1916 5,2250
70 09:28
4,5254 4,5578
4,1390 4,1713
4,6485 4,6815
5,1913 5,2247
71 09:29
4,5263 4,5587
4,1402 4,1725
4,6496 4,6826
5,1923 5,2257
72 09:30
4,5267 4,5591
4,1417 4,1740
4,6500 4,6830
5,1937 5,2271
73 09:31
4,5266 4,5590
4,1414 4,1737
4,6487 4,6817
5,1941 5,2275
74 09:32
4,5263 4,5587
4,1413 4,1736
4,6480 4,6810
5,1944 5,2278
75 09:33
4,5270 4,5594
4,1416 4,1739
4,6489 4,6819
5,1943 5,2277
76 09:34
4,5267 4,5591
4,1411 4,1734
4,6488 4,6818
5,1943 5,2277
77 09:35
4,5270 4,5594
4,1421 4,1744
4,6484 4,6814
5,1949 5,2283
78 09:36
4,5270 4,5594
4,1431 4,1754
4,6482 4,6812
5,1955 5,2289
79 09:37
4,5272 4,5596
4,1421 4,1744
4,6482 4,6812
5,1947 5,2281
80 09:38
4,5273 4,5597
4,1420 4,1743
4,6485 4,6815
5,1946 5,2280
81 09:39
4,5272 4,5596
4,1416 4,1739
4,6482 4,6812
5,1945 5,2279
82 09:40
4,5267 4,5591
4,1411 4,1734
4,6474 4,6804
5,1929 5,2263
83 09:41
4,5267 4,5590
4,1411 4,1734
4,6467 4,6797
5,1931 5,2265
84 09:42
4,5263 4,5586
4,1403 4,1726
4,6463 4,6793
5,1926 5,2260
85 09:43
4,5258 4,5581
4,1395 4,1718
4,6466 4,6796
5,1932 5,2266
86 09:44
4,5253 4,5576
4,1394 4,1717
4,6462 4,6792
5,1926 5,2260
87 09:45
4,5252 4,5575
4,1397 4,1720
4,6461 4,6791
5,1926 5,2260
88 09:46
4,5256 4,5580
4,1399 4,1722
4,6470 4,6800
5,1930 5,2264
89 09:47
4,5253 4,5577
4,1400 4,1723
4,6467 4,6797
5,1927 5,2261
90 09:48
4,5254 4,5578
4,1424 4,1747
4,6477 4,6807
5,1943 5,2277
91 09:49
4,5256 4,5580
4,1427 4,1750
4,6476 4,6806
5,1929 5,2263
92 09:50
4,5259 4,5583
4,1438 4,1761
4,6487 4,6817
5,1940 5,2274
93 09:51
4,5265 4,5589
4,1455 4,1778
4,6496 4,6826
5,1956 5,2290
94 09:52
4,5271 4,5595
4,1479 4,1802
4,6524 4,6854
5,1971 5,2305
95 09:53
4,5271 4,5595
4,1478 4,1801
4,6519 4,6849
5,1971 5,2305
96 09:54
4,5276 4,5600
4,1478 4,1801
4,6522 4,6852
5,1974 5,2308
97 09:55
4,5270 4,5594
4,1474 4,1797
4,6512 4,6842
5,1967 5,2301
98 09:56
4,5266 4,5590
4,1471 4,1794
4,6513 4,6843
5,1947 5,2281
99 09:57
4,5273 4,5597
4,1489 4,1812
4,6531 4,6861
5,1949 5,2283
100 09:58
4,5276 4,5600
4,1505 4,1828
4,6529 4,6859
5,1966 5,2300
101 10:19
Definite connection error#======================
2023-5-12
# 1.EUR, 2.USD, 3.CHF, 4.GBP
Sell Price, Buy Price
1 10:53
4,5265 4,5588
4,1491 4,1814
4,6521 4,6851
5,2002 5,2336
2 10:54
4,5262 4,5585
4,1477 4,1800
4,6510 4,6840
5,2000 5,2334
3 10:55
4,5264 4,5587
4,1488 4,1811
4,6517 4,6847
5,2005 5,2339
4 10:56
4,5270 4,5594
4,1494 4,1817
4,6521 4,6851
5,2015 5,2349
5 10:57
4,5271 4,5595
4,1487 4,1810
4,6514 4,6844
5,2011 5,2345
6 10:58
4,5258 4,5582
4,1473 4,1796
4,6491 4,6821
5,1997 5,2331
7 10:59
4,5251 4,5575
4,1465 4,1788
4,6485 4,6815
5,1985 5,2319
8 11:00
4,5245 4,5569
4,1456 4,1779
4,6483 4,6813
5,1983 5,2317
9 11:01
4,5245 4,5569
4,1456 4,1779
4,6485 4,6815
5,1980 5,2314
10 11:02
4,5240 4,5564
4,1445 4,1768
4,6477 4,6807
5,1972 5,2306
11 11:03
4,5242 4,5566
4,1445 4,1768
4,6477 4,6807
5,1971 5,2305
12 11:04
4,5240 4,5564
4,1440 4,1763
4,6482 4,6812
5,1975 5,2309
13 11:05
4,5236 4,5560
4,1438 4,1761
4,6480 4,6810
5,1970 5,2304
14 11:06
4,5230 4,5554
4,1434 4,1757
4,6477 4,6807
5,1960 5,2294
15 11:07
4,5228 4,5552
4,1436 4,1759
4,6480 4,6810
5,1960 5,2294
16 11:08
4,5228 4,5552
4,1432 4,1755
4,6479 4,6809
5,1955 5,2289
17 11:09
4,5226 4,5550
4,1444 4,1767
4,6487 4,6817
5,1953 5,2287
18 11:10
4,5215 4,5539
4,1436 4,1759
4,6473 4,6803
5,1943 5,2277
19 11:11
4,5208 4,5532
4,1429 4,1752
4,6466 4,6796
5,1936 5,2270
20 11:12
4,5208 4,5532
4,1433 4,1756
4,6464 4,6794
5,1938 5,2272
21 11:13
4,5208 4,5532
4,1437 4,1760
4,6464 4,6794
5,1941 5,2275
22 11:14
4,5204 4,5528
4,1431 4,1754
4,6460 4,6790
5,1933 5,2267
23 11:15
4,5204 4,5528
4,1439 4,1762
4,6451 4,6781
5,1936 5,2270
24 11:16
4,5202 4,5526
4,1456 4,1779
4,6453 4,6783
5,1955 5,2289
25 11:17
4,5201 4,5525
4,1468 4,1791
4,6452 4,6782
5,1971 5,2305
26 11:18
4,5205 4,5529
4,1461 4,1784
4,6446 4,6776
5,1954 5,2288
27 11:19
4,5206 4,5530
4,1458 4,1781
4,6443 4,6773
5,1953 5,2287
28 11:20
4,5207 4,5531
4,1457 4,1780
4,6427 4,6757
5,1958 5,2292
29 11:21
4,5205 4,5529
4,1457 4,1780
4,6418 4,6748
5,1961 5,2295
30 11:22
4,5201 4,5525
4,1455 4,1778
4,6411 4,6741
5,1956 5,2290
31 11:23
4,5204 4,5528
4,1460 4,1783
4,6420 4,6750
5,1966 5,2300
32 11:24
4,5203 4,5527
4,1459 4,1782
4,6423 4,6753
5,1971 5,2305
33 11:25
4,5205 4,5529
4,1461 4,1784
4,6422 4,6752
5,1970 5,2304
34 11:26
4,5219 4,5543
4,1460 4,1783
4,6430 4,6760
5,1985 5,2319
35 11:27
4,5218 4,5542
4,1456 4,1779
4,6431 4,6761
5,1990 5,2324
36 11:28
4,5216 4,5540
4,1458 4,1781
4,6424 4,6754
5,1986 5,2320
37 11:29
4,5216 4,5540
4,1452 4,1775
4,6420 4,6750
5,1983 5,2317
38 11:30
4,5216 4,5540
4,1448 4,1771
4,6414 4,6744
5,1984 5,2318
39 11:31
4,5219 4,5543
4,1462 4,1785
4,6422 4,6752
5,1988 5,2322
40 11:32
4,5218 4,5542
4,1461 4,1784
4,6417 4,6747
5,1985 5,2319
41 11:33
4,5216 4,5540
4,1458 4,1781
4,6417 4,6747
5,1983 5,2317
42 11:34
4,5216 4,5540
4,1458 4,1781
4,6412 4,6742
5,1986 5,2320
43 11:35
4,5216 4,5540
4,1458 4,1781
4,6391 4,6721
5,1980 5,2314
44 11:36
4,5208 4,5532
4,1454 4,1777
4,6382 4,6712
5,1974 5,2308
45 11:37
4,5208 4,5532
4,1454 4,1777
4,6382 4,6712
5,1962 5,2296
46 11:38
4,5209 4,5533
4,1451 4,1774
4,6383 4,6713
5,1941 5,2275
47 11:39
4,5209 4,5533
4,1453 4,1776
4,6383 4,6713
5,1942 5,2276
48 11:40
4,5208 4,5532
4,1454 4,1777
4,6382 4,6712
5,1942 5,2276
49 11:41
4,5212 4,5536
4,1450 4,1773
4,6386 4,6716
5,1942 5,2276
50 11:42
4,5214 4,5538
4,1462 4,1785
4,6379 4,6709
5,1939 5,2273
51 11:43
4,5211 4,5535
4,1459 4,1782
4,6376 4,6706
5,1929 5,2263
52 11:44
4,5210 4,5534
4,1464 4,1787
4,6375 4,6705
5,1928 5,2262
53 11:45
4,5210 4,5534
4,1463 4,1786
4,6375 4,6705
5,1925 5,2259
54 11:46
4,5209 4,5533
4,1451 4,1774
4,6360 4,6690
5,1915 5,2249
55 11:47
4,5208 4,5532
4,1454 4,1777
4,6361 4,6691
5,1917 5,2251
56 11:48
4,5207 4,5531
4,1446 4,1769
4,6360 4,6690
5,1913 5,2247
57 11:49
4,5206 4,5530
4,1441 4,1764
4,6361 4,6691
5,1912 5,2246
58 11:50
4,5201 4,5525
4,1446 4,1769
4,6361 4,6691
5,1912 5,2246
59 11:51
4,5197 4,5521
4,1446 4,1769
4,6366 4,6696
5,1913 5,2247
60 11:52
4,5189 4,5513
4,1437 4,1760
4,6363 4,6693
5,1901 5,2235
61 11:53
4,5187 4,5511
4,1431 4,1754
4,6368 4,6698
5,1895 5,2229
62 11:54
4,5174 4,5498
4,1413 4,1736
4,6362 4,6692
5,1875 5,2209
63 11:55
4,5178 4,5502
4,1417 4,1740
4,6369 4,6699
5,1883 5,2217
64 11:56
4,5179 4,5503
4,1416 4,1739
4,6376 4,6706
5,1889 5,2223
65 11:57
4,5185 4,5509
4,1414 4,1737
4,6385 4,6715
5,1902 5,2236
66 11:58
4,5185 4,5509
4,1414 4,1737
4,6388 4,6718
5,1905 5,2239
67 11:59
4,5180 4,5504
4,1407 4,1730
4,6387 4,6717
5,1902 5,2236
68 12:00
4,5176 4,5500
4,1404 4,1727
4,6378 4,6708
5,1898 5,2232
69 12:01
4,5171 4,5495
4,1403 4,1726
4,6373 4,6703
5,1898 5,2232
70 12:02
4,5173 4,5497
4,1399 4,1722
4,6371 4,6701
5,1900 5,2234
71 12:03
4,5176 4,5500
4,1402 4,1725
4,6376 4,6706
5,1904 5,2238
72 12:04
4,5172 4,5496
4,1398 4,1721
4,6374 4,6704
5,1899 5,2233
73 12:05
4,5171 4,5495
4,1401 4,1724
4,6369 4,6699
5,1898 5,2232
74 12:06
4,5171 4,5495
4,1403 4,1726
4,6368 4,6698
5,1892 5,2226
75 12:07
4,5163 4,5487
4,1398 4,1721
4,6365 4,6695
5,1877 5,2211
76 12:08
4,5159 4,5483
4,1394 4,1717
4,6361 4,6691
5,1869 5,2203
77 12:09
4,5159 4,5483
4,1392 4,1715
4,6356 4,6686
5,1872 5,2206
78 12:10
4,5163 4,5487
4,1392 4,1715
4,6360 4,6690
5,1877 5,2211
79 12:11
4,5161 4,5485
4,1389 4,1712
4,6354 4,6684
5,1881 5,2215
80 12:12
4,5168 4,5492
4,1393 4,1716
4,6358 4,6688
5,1888 5,2222
81 12:13
4,5174 4,5498
4,1396 4,1719
4,6357 4,6687
5,1897 5,2231
82 12:14
4,5174 4,5498
4,1392 4,1715
4,6362 4,6692
5,1899 5,2233
83 12:15
4,5173 4,5497
4,1399 4,1722
4,6363 4,6693
5,1891 5,2225
84 12:16
4,5174 4,5498
4,1400 4,1723
4,6367 4,6697
5,1901 5,2235
85 12:17
4,5169 4,5493
4,1397 4,1720
4,6367 4,6697
5,1899 5,2233
86 12:18
4,5169 4,5493
4,1395 4,1718
4,6361 4,6691
5,1896 5,2230
87 12:19
4,5169 4,5493
4,1395 4,1718
4,6364 4,6694
5,1896 5,2230
88 12:20
4,5169 4,5493
4,1394 4,1717
4,6364 4,6694
5,1911 5,2245
89 12:21
4,5165 4,5489
4,1386 4,1709
4,6357 4,6687
5,1909 5,2243
90 12:22
4,5164 4,5488
4,1382 4,1705
4,6361 4,6691
5,1904 5,2238
91 12:23
4,5161 4,5485
4,1375 4,1698
4,6354 4,6684
5,1902 5,2236
92 12:24
4,5162 4,5486
4,1376 4,1699
4,6352 4,6682
5,1902 5,2236
93 12:25
4,5150 4,5474
4,1367 4,1690
4,6340 4,6670
5,1886 5,2220
94 12:26
4,5152 4,5476
4,1372 4,1695
4,6346 4,6676
5,1903 5,2237
95 12:27
4,5152 4,5476
4,1374 4,1697
4,6346 4,6676
5,1903 5,2237
96 12:28
4,5135 4,5459
4,1358 4,1681
4,6331 4,6661
5,1872 5,2206
97 12:29
4,5139 4,5463
4,1366 4,1689
4,6331 4,6661
5,1898 5,2232
98 12:30
4,5129 4,5453
4,1357 4,1680
4,6320 4,6650
5,1880 5,2214
99 12:31
4,5136 4,5460
4,1363 4,1686
4,6324 4,6654
5,1885 5,2219
100 12:32
4,5135 4,5459
4,1357 4,1680
4,6317 4,6647
5,1884 5,2218
101 12:33
4,5137 4,5461
4,1364 4,1687
4,6319 4,6649
5,1889 5,2223
102 12:34
4,5137 4,5461
4,1366 4,1689
4,6314 4,6644
5,1874 5,2208
103 12:35
4,5137 4,5461
4,1366 4,1689
4,6317 4,6647
5,1883 5,2217
104 12:36
4,5130 4,5454
4,1360 4,1683
4,6312 4,6642
5,1880 5,2214
105 12:37
4,5117 4,5441
4,1352 4,1675
4,6306 4,6636
5,1869 5,2203
106 12:38
4,5123 4,5447
4,1355 4,1678
4,6305 4,6635
5,1869 5,2203
107 12:39
4,5129 4,5453
4,1365 4,1688
4,6313 4,6643
5,1879 5,2213
108 12:40
4,5132 4,5456
4,1369 4,1692
4,6314 4,6644
5,1889 5,2223
109 12:41
4,5138 4,5462
4,1379 4,1702
4,6328 4,6658
5,1895 5,2229
110 12:42
4,5139 4,5463
4,1379 4,1702
4,6328 4,6658
5,1895 5,2229
111 12:43
4,5142 4,5466
4,1380 4,1703
4,6331 4,6661
5,1897 5,2231
112 12:44
4,5141 4,5465
4,1379 4,1702
4,6330 4,6660
5,1900 5,2234
113 12:45
4,5154 4,5478
4,1395 4,1718
4,6341 4,6671
5,1919 5,2253
114 12:46
4,5151 4,5475
4,1392 4,1715
4,6338 4,6668
5,1920 5,2254
115 12:47
4,5151 4,5475
4,1387 4,1710
4,6338 4,6668
5,1918 5,2252
116 12:48
4,5157 4,5481
4,1394 4,1717
4,6345 4,6675
5,1925 5,2259
117 12:49
4,5161 4,5485
4,1390 4,1713
4,6339 4,6669
5,1925 5,2259
118 12:50
4,5165 4,5489
4,1399 4,1722
4,6350 4,6680
5,1933 5,2267
119 12:51
4,5165 4,5489
4,1403 4,1726
4,6353 4,6683
5,1936 5,2270
120 12:52
4,5165 4,5489
4,1405 4,1728
4,6354 4,6684
5,1939 5,2273
121 12:53
4,5161 4,5485
4,1398 4,1721
4,6348 4,6678
5,1938 5,2272
122 12:54
4,5160 4,5484
4,1403 4,1726
4,6345 4,6675
5,1936 5,2270
123 12:55
4,5160 4,5484
4,1406 4,1729
4,6338 4,6668
5,1936 5,2270
124 12:56
4,5161 4,5485
4,1404 4,1727
4,6340 4,6670
5,1938 5,2272
125 12:57
4,5162 4,5486
4,1403 4,1726
4,6340 4,6670
5,1939 5,2273
126 12:58
4,5165 4,5489
4,1407 4,1730
4,6352 4,6682
5,1944 5,2278
127 12:59
4,5165 4,5489
4,1411 4,1734
4,6353 4,6683
5,1958 5,2292
128 13:00
4,5165 4,5489
4,1415 4,1738
4,6355 4,6685
5,1942 5,2276
129 13:01
4,5166 4,5490
4,1416 4,1739
4,6356 4,6686
5,1940 5,2274
130 13:02
4,5166 4,5490
4,1423 4,1746
4,6356 4,6686
5,1949 5,2283
131 13:03
4,5177 4,5501
4,1433 4,1756
4,6367 4,6697
5,1962 5,2296
132 13:04
4,5173 4,5497
4,1430 4,1753
4,6362 4,6692
5,1957 5,2291
133 13:05
4,5173 4,5497
4,1433 4,1756
4,6366 4,6696
5,1957 5,2291
134 13:06
4,5175 4,5499
4,1429 4,1752
4,6365 4,6695
5,1956 5,2290
135 13:07
4,5176 4,5500
4,1429 4,1752
4,6366 4,6696
5,1958 5,2292
136 13:08
4,5175 4,5499
4,1430 4,1753
4,6367 4,6697
5,1957 5,2291
137 13:09
4,5178 4,5502
4,1430 4,1753
4,6373 4,6703
5,1963 5,2297
138 13:10
4,5179 4,5503
4,1431 4,1754
4,6374 4,6704
5,1964 5,2298
139 13:11
4,5179 4,5503
4,1437 4,1760
4,6377 4,6707
5,1964 5,2298
140 13:12
4,5179 4,5503
4,1433 4,1756
4,6374 4,6704
5,1970 5,2304
141 13:13
4,5180 4,5504
4,1434 4,1757
4,6378 4,6708
5,1972 5,2306
142 13:14
4,5180 4,5504
4,1434 4,1757
4,6370 4,6700
5,1977 5,2311
143 13:15
4,5180 4,5504
4,1436 4,1759
4,6368 4,6698
5,1971 5,2305
144 13:16
4,5180 4,5504
4,1442 4,1765
4,6361 4,6691
5,1965 5,2299
145 13:17
4,5180 4,5504
4,1448 4,1771
4,6360 4,6690
5,1962 5,2296
146 13:18
4,5181 4,5505
4,1448 4,1771
4,6374 4,6704
5,1964 5,2298
147 13:19
4,5193 4,5517
4,1473 4,1796
4,6396 4,6726
5,1989 5,2323
148 13:20
4,5195 4,5519
4,1488 4,1811
4,6407 4,6737
5,1989 5,2323
149 13:21
4,5195 4,5519
4,1477 4,1800
4,6405 4,6735
5,1989 5,2323
150 13:22
4,5196 4,5520
4,1474 4,1797
4,6399 4,6729
5,1987 5,2321
151 13:23
4,5195 4,5519
4,1473 4,1796
4,6402 4,6732
5,1977 5,2311
152 13:24
4,5195 4,5519
4,1473 4,1796
4,6398 4,6728
5,1976 5,2310
153 13:25
4,5196 4,5520
4,1475 4,1798
4,6401 4,6731
5,1984 5,2318
154 13:26
4,5197 4,5521
4,1496 4,1819
4,6414 4,6744
5,2013 5,2347
155 13:27
4,5197 4,5521
4,1494 4,1817
4,6409 4,6739
5,2014 5,2348
156 13:28
4,5201 4,5525
4,1503 4,1826
4,6401 4,6731
5,2018 5,2352
157 13:29
4,5198 4,5522
4,1497 4,1820
4,6386 4,6716
5,2007 5,2341
158 13:30
4,5198 4,5522
4,1500 4,1823
4,6386 4,6716
5,2006 5,2340
159 13:31
4,5197 4,5521
4,1505 4,1828
4,6378 4,6708
5,2015 5,2349
160 13:32
4,5199 4,5523
4,1505 4,1828
4,6378 4,6708
5,2017 5,2351
161 13:33
4,5197 4,5521
4,1503 4,1826
4,6378 4,6708
5,2018 5,2352
162 13:34
4,5188 4,5512
4,1485 4,1808
4,6357 4,6687
5,2004 5,2338
163 13:35
4,5180 4,5504
4,1478 4,1801
4,6351 4,6681
5,1995 5,2329
164 13:36
4,5177 4,5501
4,1472 4,1795
4,6351 4,6681
5,1980 5,2314
165 13:37
4,5178 4,5502
4,1473 4,1796
4,6356 4,6686
5,1990 5,2324
166 13:38
4,5164 4,5488
4,1460 4,1783
4,6344 4,6674
5,1974 5,2308
167 13:39
4,5162 4,5486
4,1454 4,1777
4,6342 4,6672
5,1975 5,2309
168 13:40
4,5161 4,5485
4,1457 4,1780
4,6351 4,6681
5,1977 5,2311
169 13:41
4,5162 4,5486
4,1462 4,1785
4,6354 4,6684
5,1973 5,2307
170 13:42
4,5162 4,5486
4,1456 4,1779
4,6349 4,6679
5,1966 5,2300
171 13:43
4,5161 4,5485
4,1453 4,1776
4,6353 4,6683
5,1950 5,2284
172 13:44
4,5163 4,5487
4,1455 4,1778
4,6358 4,6688
5,1952 5,2286
173 13:45
4,5165 4,5489
4,1455 4,1778
4,6362 4,6692
5,1948 5,2282
174 13:46
4,5165 4,5489
4,1455 4,1778
4,6362 4,6692
5,1948 5,2282
175 13:47
4,5161 4,5485
4,1447 4,1770
4,6360 4,6690
5,1940 5,2274
176 13:48
4,5160 4,5484
4,1450 4,1773
4,6357 4,6687
5,1946 5,2280
177 13:49
4,5160 4,5484
4,1454 4,1777
4,6360 4,6690
5,1952 5,2286
178 13:50
4,5159 4,5483
4,1444 4,1767
4,6361 4,6691
5,1944 5,2278
179 13:51
4,5159 4,5483
4,1443 4,1766
4,6361 4,6691
5,1947 5,2281
180 13:52
4,5155 4,5479
4,1444 4,1767
4,6359 4,6689
5,1949 5,2283
181 13:53
4,5153 4,5477
4,1442 4,1765
4,6357 4,6687
5,1941 5,2275
182 13:54
4,5152 4,5476
4,1445 4,1768
4,6358 4,6688
5,1942 5,2276
183 13:55
4,5151 4,5475
4,1450 4,1773
4,6355 4,6685
5,1942 5,2276
184 13:56
4,5152 4,5476
4,1450 4,1773
4,6351 4,6681
5,1942 5,2276
185 13:57
4,5148 4,5472
4,1448 4,1771
4,6347 4,6677
5,1928 5,2262
186 13:58
4,5154 4,5478
4,1462 4,1785
4,6336 4,6666
5,1936 5,2270
187 13:59
4,5157 4,5481
4,1461 4,1784
4,6335 4,6665
5,1933 5,2267
188 14:00
4,5161 4,5485
4,1461 4,1784
4,6343 4,6673
5,1938 5,2272
189 14:01
4,5166 4,5490
4,1459 4,1782
4,6349 4,6679
5,1934 5,2268
190 14:02
4,5166 4,5490
4,1456 4,1779
4,6344 4,6674
5,1931 5,2265
191 14:03
4,5169 4,5493
4,1460 4,1783
4,6347 4,6677
5,1935 5,2269
192 14:04
4,5165 4,5489
4,1459 4,1782
4,6343 4,6673
5,1924 5,2258
193 14:05
4,5163 4,5487
4,1461 4,1784
4,6341 4,6671
5,1916 5,2250
194 14:06
4,5162 4,5486
4,1460 4,1783
4,6342 4,6672
5,1918 5,2252
195 14:07
4,5161 4,5485
4,1455 4,1778
4,6346 4,6676
5,1920 5,2254
196 14:08
4,5157 4,5481
4,1455 4,1778
4,6341 4,6671
5,1918 5,2252
197 14:09
4,5157 4,5481
4,1455 4,1778
4,6335 4,6665
5,1912 5,2246
198 14:10
4,5156 4,5480
4,1460 4,1783
4,6334 4,6664
5,1920 5,2254
199 14:11
4,5149 4,5473
4,1455 4,1778
4,6331 4,6661
5,1915 5,2249
200 14:12
4,5150 4,5474
4,1462 4,1785
4,6330 4,6660
5,1919 5,2253
201 14:13
4,5142 4,5466
4,1459 4,1782
4,6322 4,6652
5,1915 5,2249
202 14:14
4,5143 4,5467
4,1454 4,1777
4,6325 4,6655
5,1914 5,2248
203 14:15
4,5150 4,5474
4,1460 4,1783
4,6342 4,6672
5,1916 5,2250
204 14:16
4,5150 4,5474
4,1466 4,1789
4,6344 4,6674
5,1919 5,2253
205 14:17
4,5150 4,5474
4,1462 4,1785
4,6342 4,6672
5,1913 5,2247
206 14:18
4,5147 4,5471
4,1455 4,1778
4,6339 4,6669
5,1903 5,2237
207 14:19
4,5147 4,5471
4,1457 4,1780
4,6334 4,6664
5,1904 5,2238
208 14:20
4,5145 4,5469
4,1454 4,1777
4,6327 4,6657
5,1900 5,2234
209 14:21
4,5148 4,5472
4,1458 4,1781
4,6333 4,6663
5,1898 5,2232
210 14:22
4,5156 4,5480
4,1464 4,1787
4,6344 4,6674
5,1907 5,2241
211 14:23
4,5157 4,5481
4,1469 4,1792
4,6340 4,6670
5,1900 5,2234
212 14:24
4,5158 4,5482
4,1468 4,1791
4,6339 4,6669
5,1908 5,2242
213 14:25
4,5157 4,5481
4,1474 4,1797
4,6354 4,6684
5,1917 5,2251
214 14:26
4,5156 4,5480
4,1464 4,1787
4,6358 4,6688
5,1911 5,2245
215 14:27
4,5156 4,5480
4,1466 4,1789
4,6360 4,6690
5,1908 5,2242
216 14:28
4,5160 4,5484
4,1469 4,1792
4,6366 4,6696
5,1903 5,2237
217 14:29
4,5158 4,5482
4,1475 4,1798
4,6365 4,6695
5,1894 5,2228
218 14:30
4,5158 4,5482
4,1473 4,1796
4,6360 4,6690
5,1892 5,2226
219 14:31
4,5160 4,5484
4,1473 4,1796
4,6359 4,6689
5,1888 5,2222
220 14:32
4,5163 4,5487
4,1474 4,1797
4,6367 4,6697
5,1891 5,2225
221 14:33
4,5161 4,5485
4,1480 4,1803
4,6365 4,6695
5,1883 5,2217
222 14:34
4,5163 4,5487
4,1485 4,1808
4,6369 4,6699
5,1878 5,2212
223 14:35
4,5157 4,5481
4,1482 4,1805
4,6365 4,6695
5,1876 5,2210
224 14:36
4,5156 4,5480
4,1481 4,1804
4,6358 4,6688
5,1872 5,2206
225 14:37
4,5163 4,5487
4,1493 4,1816
4,6370 4,6700
5,1880 5,2214
226 14:38
4,5156 4,5480
4,1492 4,1815
4,6365 4,6695
5,1872 5,2206
227 14:39
4,5157 4,5481
4,1493 4,1816
4,6368 4,6698
5,1873 5,2207
228 14:40
4,5157 4,5481
4,1495 4,1818
4,6367 4,6697
5,1867 5,2201
229 14:41
4,5151 4,5475
4,1482 4,1805
4,6360 4,6690
5,1860 5,2194
230 14:42
4,5148 4,5472
4,1480 4,1803
4,6355 4,6685
5,1857 5,2191
231 14:43
4,5148 4,5472
4,1472 4,1795
4,6356 4,6686
5,1848 5,2182
232 14:44
4,5149 4,5473
4,1473 4,1796
4,6360 4,6690
5,1855 5,2189
233 14:45
4,5147 4,5471
4,1465 4,1788
4,6358 4,6688
5,1850 5,2184
234 14:46
4,5149 4,5473
4,1480 4,1803
4,6367 4,6697
5,1864 5,2198
235 14:47
4,5146 4,5470
4,1477 4,1800
4,6364 4,6694
5,1860 5,2194
236 14:48
4,5145 4,5469
4,1477 4,1800
4,6365 4,6695
5,1859 5,2193
237 14:49
4,5145 4,5469
4,1465 4,1788
4,6370 4,6700
5,1862 5,2196
238 14:50
4,5144 4,5468
4,1462 4,1785
4,6369 4,6699
5,1861 5,2195
239 14:51
4,5145 4,5469
4,1463 4,1786
4,6368 4,6698
5,1868 5,2202
240 14:52
4,5145 4,5469
4,1461 4,1784
4,6368 4,6698
5,1871 5,2205
241 14:53
4,5145 4,5469
4,1461 4,1784
4,6375 4,6705
5,1874 5,2208
242 14:54
4,5145 4,5469
4,1458 4,1781
4,6382 4,6712
5,1877 5,2211
243 14:55
4,5141 4,5465
4,1456 4,1779
4,6381 4,6711
5,1870 5,2204
244 14:56
4,5133 4,5457
4,1445 4,1768
4,6376 4,6706
5,1863 5,2197
245 14:57
4,5137 4,5461
4,1465 4,1788
4,6384 4,6714
5,1877 5,2211
246 14:58
4,5137 4,5461
4,1464 4,1787
4,6388 4,6718
5,1871 5,2205
247 14:59
4,5131 4,5455
4,1460 4,1783
4,6387 4,6717
5,1870 5,2204
248 15:00
4,5131 4,5455
4,1456 4,1779
4,6392 4,6722
5,1868 5,2202
249 15:01
4,5128 4,5451
4,1455 4,1778
4,6383 4,6713
5,1863 5,2197
250 15:02
4,5125 4,5448
4,1450 4,1773
4,6380 4,6710
5,1868 5,2202
251 15:03
4,5122 4,5445
4,1439 4,1762
4,6377 4,6707
5,1853 5,2187
252 15:04
4,5123 4,5446
4,1440 4,1763
4,6374 4,6704
5,1851 5,2185
253 15:05
4,5120 4,5443
4,1432 4,1755
4,6370 4,6700
5,1847 5,2181
254 15:06
4,5115 4,5439
4,1418 4,1741
4,6366 4,6696
5,1861 5,2195
255 15:07
4,5113 4,5437
4,1417 4,1740
4,6371 4,6701
5,1871 5,2205
256 15:08
4,5113 4,5437
4,1415 4,1738
4,6378 4,6708
5,1879 5,2213
257 15:09
4,5112 4,5436
4,1414 4,1737
4,6373 4,6703
5,1863 5,2197
258 15:10
4,5109 4,5433
4,1411 4,1734
4,6369 4,6699
5,1857 5,2191
259 15:11
4,5103 4,5427
4,1407 4,1730
4,6358 4,6688
5,1859 5,2193
260 15:12
4,5102 4,5426
4,1418 4,1741
4,6357 4,6687
5,1864 5,2198
261 15:13
4,5092 4,5416
4,1405 4,1728
4,6347 4,6677
5,1852 5,2186
262 15:14
4,5094 4,5418
4,1401 4,1724
4,6344 4,6674
5,1849 5,2183
263 15:15
4,5097 4,5421
4,1408 4,1731
4,6342 4,6672
5,1855 5,2189
264 15:16
4,5096 4,5420
4,1412 4,1735
4,6341 4,6671
5,1860 5,2194
265 15:17
4,5096 4,5420
4,1410 4,1733
4,6341 4,6671
5,1863 5,2197
266 15:18
4,5088 4,5412
4,1398 4,1721
4,6331 4,6661
5,1854 5,2188
267 15:19
4,5083 4,5407
4,1395 4,1718
4,6323 4,6653
5,1851 5,2185
268 15:20
4,5074 4,5398
4,1385 4,1708
4,6307 4,6637
5,1836 5,2170
269 15:21
4,5081 4,5405
4,1398 4,1721
4,6314 4,6644
5,1848 5,2182
270 15:22
4,5083 4,5407
4,1414 4,1737
4,6307 4,6637
5,1860 5,2194
271 15:23
4,5082 4,5406
4,1419 4,1742
4,6303 4,6633
5,1858 5,2192
272 15:24
4,5080 4,5404
4,1413 4,1736
4,6294 4,6624
5,1853 5,2187
273 15:25
4,5082 4,5406
4,1418 4,1741
4,6294 4,6624
5,1854 5,2188
274 15:26
4,5080 4,5404
4,1415 4,1738
4,6287 4,6617
5,1853 5,2187
275 15:27
4,5075 4,5399
4,1401 4,1724
4,6278 4,6608
5,1840 5,2174
276 15:28
4,5072 4,5396
4,1392 4,1715
4,6269 4,6599
5,1835 5,2169
277 15:29
4,5075 4,5399
4,1391 4,1714
4,6272 4,6602
5,1839 5,2173
278 15:30
4,5072 4,5396
4,1390 4,1713
4,6259 4,6589
5,1836 5,2170
279 15:31
4,5073 4,5396
4,1396 4,1719
4,6269 4,6599
5,1844 5,2178
280 15:32
4,5076 4,5399
4,1399 4,1722
4,6272 4,6602
5,1848 5,2182
281 15:33
4,5079 4,5402
4,1398 4,1721
4,6271 4,6601
5,1855 5,2189
282 15:34
4,5082 4,5405
4,1404 4,1727
4,6269 4,6599
5,1846 5,2180
283 15:35
4,5084 4,5407
4,1404 4,1727
4,6273 4,6603
5,1851 5,2185
284 15:36
4,5085 4,5409
4,1408 4,1731
4,6266 4,6596
5,1850 5,2184
285 15:37
4,5079 4,5403
4,1404 4,1727
4,6255 4,6585
5,1840 5,2174
286 15:38
4,5076 4,5400
4,1409 4,1732
4,6245 4,6575
5,1837 5,2171
287 08:49
Definite connection error