#======================
2023-9-6
# 1.EUR, 2.USD, 3.CHF, 4.GBP
Sell Price, Buy Price
1 07:20:21
4,4734 4,5074
4,1669 4,2010
4,6881 4,7228
5,2431 5,2784
2 07:21:21
4,4733 4,5076
4,1666 4,2010
4,6883 4,7233
5,2429 5,2787
3 07:22:21
4,4733 4,5076
4,1670 4,2010
4,6883 4,7233
5,2429 5,2787
4 07:23:21
4,4733 4,5076
4,1670 4,2014
4,6884 4,7239
5,2429 5,2787
5 07:24:21
4,4735 4,5075
4,1674 4,2015
4,6886 4,7238
5,2439 5,2793
6 07:25:21
4,4735 4,5075
4,1670 4,2011
4,6887 4,7234
5,2439 5,2793
7 07:26:21
4,4735 4,5075
4,1670 4,2011
4,6887 4,7234
5,2433 5,2787
8 07:27:21
4,4735 4,5075
4,1674 4,2011
4,6887 4,7234
5,2433 5,2787
9 07:28:21
4,4736 4,5075
4,1674 4,2011
4,6886 4,7232
5,2439 5,2785
10 07:29:21
4,4736 4,5075
4,1670 4,2007
4,6886 4,7228
5,2433 5,2785
11 17:08:21
4,5529 4,5851
4,2516 4,2837
4,7603 4,7932
5,3157 5,3489
12 17:09:21
4,5529 4,5851
4,2516 4,2837
4,7603 4,7932
5,3151 5,3483
13 17:10:21
4,5529 4,5851
4,2518 4,2839
4,7603 4,7932
5,3148 5,3480
14 17:11:20
4,5617 4,5939
4,2597 4,2919
4,7700 4,8029
5,3253 5,3585
15 17:12:20
4,5621 4,5943
4,2608 4,2929
4,7705 4,8034
5,3247 5,3579
16 17:13:21
4,5620 4,5942
4,2605 4,2926
4,7703 4,8032
5,3244 5,3576
17 17:14:21
4,5625 4,5947
4,2609 4,2930
4,7708 4,8037
5,3250 5,3582
18 17:15:21
4,5625 4,5947
4,2611 4,2932
4,7708 4,8037
5,3247 5,3579
19 17:16:20
4,5625 4,5947
4,2611 4,2932
4,7708 4,8037
5,3247 5,3579
20 17:17:20
4,5676 4,5998
4,2659 4,2980
4,7761 4,8090
5,3306 5,3638
21 17:18:21
4,5676 4,5998
4,2650 4,2971
4,7762 4,8091
5,3307 5,3639
22 17:19:21
4,5676 4,5998
4,2650 4,2971
4,7762 4,8091
5,3329 5,3661
23 17:20:20
4,5644 4,5966
4,2614 4,2935
4,7728 4,8057
5,3288 5,3620
24 17:22:20
4,5646 4,5968
4,2605 4,2926
4,7732 4,8061
5,3290 5,3622
25 17:23:21
4,5644 4,5966
4,2598 4,2919
4,7731 4,8060
5,3279 5,3611
26 17:24:21
4,5638 4,5960
4,2590 4,2911
4,7724 4,8053
5,3275 5,3607
27 17:25:21
4,5619 4,5941
4,2568 4,2889
4,7707 4,8036
5,3253 5,3585
28 17:26:20
4,5620 4,5942
4,2569 4,2890
4,7708 4,8037
5,3256 5,3588
29 17:27:20
4,5620 4,5942
4,2573 4,2894
4,7708 4,8037
5,3256 5,3588
30 17:28:20
4,5608 4,5930
4,2565 4,2887
4,7696 4,8025
5,3244 5,3576
31 17:29:20
4,5597 4,5919
4,2553 4,2874
4,7684 4,8013
5,3233 5,3565
32 17:30:21
4,5600 4,5922
4,2557 4,2878
4,7705 4,8034
5,3234 5,3566
33 17:31:21
4,5597 4,5919
4,2555 4,2876
4,7701 4,8030
5,3232 5,3564
34 17:32:21
4,5595 4,5917
4,2553 4,2874
4,7691 4,8020
5,3226 5,3558
35 17:33:20
4,5592 4,5914
4,2547 4,2868
4,7683 4,8012
5,3217 5,3549
36 17:34:21
4,5588 4,5910
4,2551 4,2872
4,7685 4,8014
5,3210 5,3542
37 17:35:20
4,5587 4,5909
4,2554 4,2875
4,7683 4,8012
5,3199 5,3531
38 17:36:20
4,5587 4,5909
4,2556 4,2877
4,7683 4,8012
5,3202 5,3534
39 17:37:21
4,5585 4,5907
4,2541 4,2862
4,7682 4,8011
5,3191 5,3523
40 17:38:21
4,5585 4,5907
4,2537 4,2858
4,7674 4,8003
5,3191 5,3523
41 17:39:21
4,5585 4,5907
4,2542 4,2863
4,7674 4,8003
5,3191 5,3523
42 17:40:20
4,5608 4,5930
4,2566 4,2887
4,7698 4,8027
5,3217 5,3549
43 17:41:20
4,5604 4,5926
4,2562 4,2883
4,7694 4,8023
5,3213 5,3545
44 17:42:21
4,5605 4,5927
4,2563 4,2884
4,7695 4,8024
5,3215 5,3547
45 17:43:21
4,5604 4,5926
4,2562 4,2883
4,7693 4,8022
5,3213 5,3545
46 17:44:21
4,5603 4,5925
4,2557 4,2878
4,7693 4,8022
5,3218 5,3550
47 17:45:21
4,5603 4,5925
4,2553 4,2874
4,7693 4,8022
5,3212 5,3544
48 17:46:20
4,5603 4,5925
4,2549 4,2870
4,7693 4,8022
5,3209 5,3541
49 17:47:21
4,5603 4,5925
4,2547 4,2868
4,7693 4,8022
5,3209 5,3541
50 17:48:21
4,5603 4,5925
4,2548 4,2869
4,7690 4,8019
5,3209 5,3541
51 17:49:21
4,5604 4,5926
4,2550 4,2871
4,7691 4,8020
5,3210 5,3542
52 17:50:20
4,5604 4,5926
4,2548 4,2869
4,7691 4,8020
5,3211 5,3543
53 17:51:20
4,5603 4,5925
4,2549 4,2870
4,7687 4,8016
5,3205 5,3537
54 17:52:21
4,5603 4,5925
4,2549 4,2870
4,7687 4,8016
5,3205 5,3537
55 17:53:21
4,5591 4,5913
4,2538 4,2859
4,7675 4,8004
5,3191 5,3523
56 17:54:21
4,5590 4,5912
4,2538 4,2859
4,7677 4,8006
5,3216 5,3548
57 17:55:21
4,5588 4,5910
4,2539 4,2860
4,7674 4,8003
5,3216 5,3548
58 17:56:21
4,5574 4,5896
4,2529 4,2850
4,7660 4,7989
5,3201 5,3533
59 17:57:20
4,5589 4,5911
4,2542 4,2863
4,7676 4,8005
5,3221 5,3553
60 17:58:21
4,5590 4,5912
4,2543 4,2864
4,7677 4,8006
5,3222 5,3554
61 18:01:21
4,5578 4,5902
4,2543 4,2872
4,7675 4,8006
5,3196 5,3530
62 18:02:21
4,5576 4,5902
4,2541 4,2868
4,7673 4,8011
5,3194 5,3531
63 18:03:20
4,5576 4,5902
4,2541 4,2868
4,7672 4,8007
5,3200 5,3537
64 18:04:20
4,5568 4,5892
4,2534 4,2864
4,7664 4,7995
5,3187 5,3519
65 18:05:21
4,5570 4,5893
4,2524 4,2848
4,7660 4,7995
5,3186 5,3519
66 18:06:21
4,5567 4,5892
4,2524 4,2851
4,7659 4,7995
5,3186 5,3518
67 18:07:21
4,5566 4,5891
4,2524 4,2854
4,7658 4,7993
5,3182 5,3517
68 18:08:20
4,5566 4,5891
4,2524 4,2850
4,7656 4,7993
5,3181 5,3516
69 18:09:20
4,5569 4,5898
4,2525 4,2856
4,7659 4,8000
5,3186 5,3525
70 18:10:21
4,5564 4,5894
4,2522 4,2857
4,7655 4,7992
5,3180 5,3521
71 18:11:21
4,5564 4,5894
4,2522 4,2857
4,7654 4,7993
5,3181 5,3521
72 18:12:21
4,5564 4,5893
4,2526 4,2856
4,7655 4,7995
5,3186 5,3525
73 18:13:20
4,5568 4,5897
4,2521 4,2854
4,7659 4,7995
5,3189 5,3529
74 18:14:20
4,5565 4,5896
4,2519 4,2855
4,7655 4,7998
5,3186 5,3528
75 18:15:21
4,5568 4,5896
4,2518 4,2848
4,7664 4,7999
5,3203 5,3536
76 18:16:21
4,5570 4,5892
4,2521 4,2846
4,7666 4,7995
5,3205 5,3537
77 18:17:21
4,5565 4,5894
4,2515 4,2849
4,7661 4,7997
5,3204 5,3538
78 18:18:21
4,5548 4,5908
4,2499 4,2858
4,7643 4,8012
5,3184 5,3557
79 18:19:21
4,5558 4,5892
4,2508 4,2843
4,7654 4,7996
5,3197 5,3538
80 18:20:20
4,5559 4,5894
4,2505 4,2845
4,7654 4,7998
5,3198 5,3545
81 18:21:20
4,5557 4,5893
4,2503 4,2841
4,7647 4,7996
5,3196 5,3544
82 18:22:21
4,5562 4,5897
4,2508 4,2848
4,7656 4,7999
5,3202 5,3549
83 18:23:21
4,5561 4,5898
4,2507 4,2849
4,7652 4,7998
5,3201 5,3550
84 18:24:21
4,5568 4,5893
4,2512 4,2840
4,7660 4,7995
5,3215 5,3550
85 18:25:21
4,5568 4,5892
4,2510 4,2836
4,7660 4,7996
5,3215 5,3549
86 18:26:20
4,5559 4,5897
4,2497 4,2840
4,7650 4,7996
5,3204 5,3556
87 18:27:20
4,5564 4,5896
4,2502 4,2835
4,7655 4,7994
5,3205 5,3548
88 18:28:20
4,5570 4,5893
4,2503 4,2831
4,7656 4,7986
5,3211 5,3544
89 18:29:20
4,5570 4,5892
4,2505 4,2831
4,7656 4,7985
5,3208 5,3540
90 18:30:21
4,5568 4,5890
4,2506 4,2833
4,7654 4,7983
5,3205 5,3537
91 18:31:21
4,5557 4,5902
4,2498 4,2847
4,7641 4,7998
5,3189 5,3547
92 18:32:21
4,5568 4,5890
4,2507 4,2833
4,7654 4,7983
5,3203 5,3535
93 18:33:21
4,5550 4,5904
4,2497 4,2850
4,7636 4,7998
5,3189 5,3558
94 18:34:21
4,5565 4,5887
4,2516 4,2838
4,7651 4,7980
5,3199 5,3531
95 18:35:20
4,5558 4,5891
4,2504 4,2842
4,7642 4,7983
5,3184 5,3528
96 18:36:20
4,5569 4,5892
4,2526 4,2854
4,7654 4,7989
5,3200 5,3532
97 18:37:20
4,5572 4,5894
4,2527 4,2853
4,7663 4,7992
5,3207 5,3539
98 18:38:21
4,5572 4,5894
4,2527 4,2849
4,7663 4,7992
5,3203 5,3535
99 18:39:21
4,5572 4,5894
4,2527 4,2849
4,7658 4,7987
5,3201 5,3533
100 18:40:21
4,5569 4,5895
4,2519 4,2847
4,7656 4,7994
5,3198 5,3534
101 18:41:20
4,5570 4,5897
4,2514 4,2843
4,7656 4,7990
5,3199 5,3534
102 18:42:20
4,5560 4,5894
4,2502 4,2841
4,7646 4,7988
5,3188 5,3533
103 18:43:21
4,5557 4,5892
4,2503 4,2843
4,7632 4,7980
5,3177 5,3518
104 18:44:21
4,5556 4,5891
4,2506 4,2845
4,7630 4,7973
5,3168 5,3516
105 18:45:21
4,5557 4,5891
4,2507 4,2846
4,7633 4,7975
5,3177 5,3523
106 18:46:21
4,5564 4,5896
4,2514 4,2848
4,7635 4,7975
5,3172 5,3516
107 18:47:20
4,5565 4,5897
4,2511 4,2848
4,7636 4,7975
5,3169 5,3512
108 18:48:20
4,5577 4,5899
4,2519 4,2844
4,7646 4,7975
5,3187 5,3519
109 18:49:21
4,5569 4,5895
4,2511 4,2843
4,7636 4,7974
5,3172 5,3504
110 18:50:21
4,5573 4,5897
4,2515 4,2841
4,7640 4,7976
5,3184 5,3518
111 18:51:21
4,5562 4,5894
4,2496 4,2833
4,7633 4,7972
5,3166 5,3509
112 18:52:21
4,5562 4,5892
4,2496 4,2827
4,7629 4,7971
5,3165 5,3499
113 18:53:21
4,5568 4,5896
4,2498 4,2831
4,7634 4,7969
5,3166 5,3503
114 18:54:20
4,5568 4,5896
4,2506 4,2835
4,7635 4,7971
5,3173 5,3510
115 18:55:20
4,5566 4,5897
4,2502 4,2839
4,7635 4,7974
5,3162 5,3505
116 18:56:21
4,5569 4,5898
4,2507 4,2837
4,7639 4,7980
5,3159 5,3499
117 18:57:21
4,5561 4,5887
4,2495 4,2826
4,7632 4,7966
5,3156 5,3488
118 18:58:21
4,5571 4,5894
4,2503 4,2828
4,7642 4,7972
5,3162 5,3495
119 18:59:21
4,5568 4,5896
4,2502 4,2835
4,7634 4,7969
5,3153 5,3491
120 19:00:20
4,5572 4,5895
4,2504 4,2829
4,7637 4,7972
5,3170 5,3503
121 19:01:20
4,5570 4,5892
4,2501 4,2826
4,7638 4,7969
5,3165 5,3497
122 19:02:21
4,5559 4,5897
4,2489 4,2832
4,7624 4,7975
5,3161 5,3505
123 19:03:21
4,5567 4,5896
4,2501 4,2831
4,7638 4,7974
5,3162 5,3502
124 19:04:21
4,5561 4,5909
4,2484 4,2836
4,7632 4,7993
5,3166 5,3525
125 19:05:21
4,5557 4,5914
4,2482 4,2843
4,7627 4,7993
5,3159 5,3532
126 19:06:21
4,5562 4,5909
4,2487 4,2834
4,7631 4,7986
5,3158 5,3519
127 19:07:20
4,5558 4,5913
4,2479 4,2838
4,7622 4,7991
5,3153 5,3523
128 19:08:20
4,5553 4,5913
4,2471 4,2834
4,7623 4,7993
5,3146 5,3526
129 19:09:21
4,5564 4,5896
4,2478 4,2815
4,7635 4,7974
5,3168 5,3505
130 19:10:21
4,5550 4,5881
4,2465 4,2801
4,7614 4,7957
5,3144 5,3485
131 19:11:21
4,5558 4,5882
4,2469 4,2798
4,7628 4,7959
5,3154 5,3488
132 19:12:21
4,5548 4,5882
4,2459 4,2798
4,7618 4,7963
5,3143 5,3482
133 19:13:21
4,5543 4,5880
4,2454 4,2792
4,7612 4,7961
5,3130 5,3479
134 19:14:21
4,5545 4,5883
4,2456 4,2799
4,7615 4,7964
5,3140 5,3483
135 19:15:20
4,5545 4,5883
4,2448 4,2791
4,7615 4,7960
5,3132 5,3480
136 19:16:20
4,5539 4,5876
4,2450 4,2787
4,7608 4,7956
5,3131 5,3480
137 19:17:21
4,5539 4,5874
4,2447 4,2787
4,7612 4,7955
5,3131 5,3478
138 19:18:21
4,5539 4,5874
4,2446 4,2781
4,7612 4,7955
5,3130 5,3470
139 19:19:21
4,5540 4,5875
4,2443 4,2778
4,7616 4,7961
5,3132 5,3478
140 19:20:21
4,5539 4,5876
4,2442 4,2779
4,7613 4,7963
5,3131 5,3479
141 19:21:21
4,5539 4,5874
4,2442 4,2781
4,7613 4,7961
5,3131 5,3478
142 19:22:21
4,5542 4,5876
4,2446 4,2785
4,7618 4,7964
5,3136 5,3477
143 19:23:20
4,5539 4,5876
4,2442 4,2783
4,7614 4,7960
5,3131 5,3479
144 19:24:20
4,5539 4,5872
4,2439 4,2777
4,7612 4,7953
5,3131 5,3470
145 19:25:21
4,5535 4,5868
4,2435 4,2773
4,7608 4,7949
5,3126 5,3464
146 19:26:21
4,5487 4,5836
4,2393 4,2742
4,7558 4,7915
5,3065 5,3428
147 19:27:21
4,5488 4,5826
4,2395 4,2738
4,7560 4,7911
5,3066 5,3416
148 19:28:20
4,5468 4,5800
4,2378 4,2710
4,7545 4,7885
5,3042 5,3386
149 19:29:21
4,5468 4,5802
4,2377 4,2713
4,7545 4,7887
5,3051 5,3388
150 19:30:21
4,5469 4,5804
4,2381 4,2717
4,7544 4,7887
5,3043 5,3383
151 19:31:21
4,5471 4,5824
4,2382 4,2735
4,7547 4,7909
5,3046 5,3413
152 19:32:20
4,5470 4,5827
4,2381 4,2738
4,7546 4,7912
5,3044 5,3416
153 19:33:20
4,5472 4,5810
4,2384 4,2723
4,7549 4,7895
5,3041 5,3391
154 19:34:21
4,5471 4,5805
4,2389 4,2727
4,7546 4,7889
5,3047 5,3392
155 19:35:21
4,5478 4,5807
4,2392 4,2725
4,7553 4,7890
5,3048 5,3387
156 19:36:21
4,5464 4,5823
4,2381 4,2743
4,7535 4,7903
5,3036 5,3406
157 19:37:21
4,5484 4,5806
4,2400 4,2724
4,7561 4,7890
5,3061 5,3393
158 19:38:20
4,5464 4,5830
4,2378 4,2742
4,7536 4,7916
5,3039 5,3422
159 19:39:20
4,5466 4,5831
4,2378 4,2741
4,7536 4,7915
5,3039 5,3421
160 19:40:21
4,5488 4,5811
4,2394 4,2723
4,7559 4,7894
5,3068 5,3400
161 19:41:21
4,5485 4,5807
4,2398 4,2720
4,7559 4,7891
5,3062 5,3394
162 19:42:21
4,5497 4,5819
4,2413 4,2739
4,7574 4,7903
5,3076 5,3408
163 19:43:21
4,5492 4,5814
4,2407 4,2730
4,7569 4,7898
5,3070 5,3402
164 19:44:21
4,5490 4,5813
4,2404 4,2729
4,7567 4,7897
5,3068 5,3401
165 19:45:20
4,5465 4,5834
4,2377 4,2744
4,7541 4,7919
5,3038 5,3424
166 19:46:20
4,5475 4,5816
4,2391 4,2733
4,7555 4,7904
5,3056 5,3410
167 19:47:21
4,5477 4,5811
4,2389 4,2728
4,7555 4,7901
5,3059 5,3399
168 19:48:21
4,5477 4,5815
4,2389 4,2728
4,7554 4,7899
5,3053 5,3403
169 19:49:21
4,5482 4,5815
4,2390 4,2724
4,7559 4,7899
5,3051 5,3397
170 19:50:20
4,5472 4,5810
4,2376 4,2719
4,7548 4,7899
5,3047 5,3397
171 19:51:20
4,5473 4,5810
4,2377 4,2719
4,7549 4,7899
5,3048 5,3397
172 19:52:21
4,5472 4,5810
4,2376 4,2719
4,7548 4,7899
5,3049 5,3398
173 19:53:21
4,5471 4,5808
4,2379 4,2717
4,7542 4,7892
5,3045 5,3389
174 19:54:20
4,5469 4,5807
4,2377 4,2716
4,7540 4,7891
5,3044 5,3394
175 19:55:20
4,5469 4,5804
4,2381 4,2721
4,7544 4,7887
5,3043 5,3389
176 19:56:20
4,5469 4,5804
4,2381 4,2721
4,7540 4,7888
5,3041 5,3384
177 19:57:21
4,5468 4,5802
4,2380 4,2719
4,7545 4,7887
5,3038 5,3383
178 19:58:21
4,5468 4,5802
4,2378 4,2716
4,7545 4,7887
5,3044 5,3389
179 19:59:21
4,5455 4,5834
4,2363 4,2742
4,7530 4,7923
5,3026 5,3425
180 20:00:21
4,5463 4,5791
4,2372 4,2705
4,7545 4,7884
5,3031 5,3369
181 20:01:20
4,5465 4,5826
4,2374 4,2734
4,7550 4,7919
5,3033 5,3411
182 20:02:20
4,5472 4,5811
4,2376 4,2720
4,7558 4,7910
5,3047 5,3398
183 20:03:20
4,5468 4,5804
4,2374 4,2714
4,7554 4,7903
5,3044 5,3391
184 20:04:21
4,5468 4,5804
4,2378 4,2714
4,7555 4,7903
5,3049 5,3397
185 20:05:21
4,5468 4,5802
4,2378 4,2716
4,7554 4,7901
5,3050 5,3395
186 20:06:20
4,5468 4,5802
4,2380 4,2719
4,7560 4,7902
5,3050 5,3395
187 20:07:21
4,5449 4,5834
4,2363 4,2749
4,7534 4,7934
5,3026 5,3430
188 20:08:21
4,5449 4,5834
4,2367 4,2749
4,7538 4,7933
5,3026 5,3430
189 20:09:20
4,5469 4,5804
4,2381 4,2721
4,7559 4,7902
5,3049 5,3395
190 20:10:20
4,5461 4,5798
4,2370 4,2712
4,7552 4,7896
5,3040 5,3389
191 20:11:20
4,5463 4,5797
4,2376 4,2711
4,7554 4,7895
5,3044 5,3389
192 20:12:21
4,5435 4,5825
4,2350 4,2738
4,7520 4,7925
5,3012 5,3420
193 20:13:21
4,5435 4,5825
4,2350 4,2737
4,7524 4,7925
5,3012 5,3420
194 20:14:21
4,5435 4,5825
4,2350 4,2737
4,7526 4,7926
5,3012 5,3420
195 20:15:21
4,5458 4,5800
4,2372 4,2714
4,7551 4,7899
5,3037 5,3393
196 20:16:20
4,5468 4,5800
4,2384 4,2721
4,7560 4,7900
5,3050 5,3393
197 20:17:20
4,5478 4,5810
4,2394 4,2731
4,7570 4,7909
5,3062 5,3405
198 20:18:21
4,5478 4,5810
4,2398 4,2735
4,7566 4,7910
5,3055 5,3398
199 20:19:21
4,5452 4,5831
4,2378 4,2758
4,7536 4,7925
5,3023 5,3421
200 20:20:21
4,5479 4,5812
4,2403 4,2737
4,7560 4,7905
5,3055 5,3400
201 20:21:21
4,5478 4,5810
4,2406 4,2743
4,7561 4,7903
5,3055 5,3398
202 20:22:20
4,5474 4,5811
4,2401 4,2742
4,7555 4,7905
5,3049 5,3398
203 20:23:20
4,5473 4,5810
4,2401 4,2739
4,7553 4,7902
5,3042 5,3391
204 20:24:21
4,5472 4,5808
4,2401 4,2737
4,7553 4,7896
5,3042 5,3389
205 20:25:21
4,5479 4,5855
4,2410 4,2785
4,7557 4,7947
5,3050 5,3447
206 20:26:21
4,5463 4,5843
4,2392 4,2773
4,7539 4,7934
5,3032 5,3431
207 20:27:21
4,5464 4,5841
4,2392 4,2771
4,7539 4,7930
5,3032 5,3427
208 20:28:20
4,5462 4,5841
4,2390 4,2771
4,7543 4,7931
5,3028 5,3426
209 20:29:20
4,5464 4,5857
4,2389 4,2783
4,7544 4,7947
5,3033 5,3444
210 20:30:21
4,5466 4,5841
4,2390 4,2767
4,7552 4,7936
5,3034 5,3427
211 20:31:21
4,5494 4,5829
4,2416 4,2755
4,7580 4,7923
5,3072 5,3412
212 20:32:21
4,5494 4,5829
4,2412 4,2751
4,7580 4,7923
5,3066 5,3412
213 20:33:20
4,5494 4,5829
4,2416 4,2755
4,7581 4,7929
5,3072 5,3412
214 20:34:20
4,5494 4,5829
4,2416 4,2751
4,7576 4,7924
5,3072 5,3412
215 20:35:21
4,5494 4,5829
4,2416 4,2755
4,7576 4,7924
5,3072 5,3418
216 20:36:21
4,5494 4,5829
4,2416 4,2755
4,7576 4,7924
5,3067 5,3411
217 20:37:21
4,5494 4,5829
4,2416 4,2755
4,7576 4,7924
5,3066 5,3412
218 20:38:21
4,5492 4,5822
4,2411 4,2746
4,7575 4,7913
5,3065 5,3405
219 20:39:21
4,5489 4,5821
4,2412 4,2749
4,7571 4,7916
5,3062 5,3405
220 20:40:20
4,5469 4,5808
4,2393 4,2737
4,7550 4,7902
5,3037 5,3390
221 20:41:20
4,5469 4,5804
4,2389 4,2729
4,7554 4,7897
5,3037 5,3383
222 20:42:21
4,5464 4,5799
4,2388 4,2723
4,7549 4,7896
5,3031 5,3377
223 20:43:21
4,5464 4,5791
4,2385 4,2717
4,7550 4,7884
5,3032 5,3369
224 20:44:20
4,5458 4,5792
4,2379 4,2718
4,7545 4,7891
5,3026 5,3371
225 20:45:20
4,5458 4,5792
4,2375 4,2710
4,7545 4,7887
5,3025 5,3371
226 20:46:21
4,5458 4,5792
4,2375 4,2712
4,7544 4,7885
5,3026 5,3371
227 20:47:21
4,5459 4,5792
4,2375 4,2712
4,7539 4,7884
5,3025 5,3369
228 20:48:21
4,5458 4,5790
4,2375 4,2712
4,7540 4,7884
5,3026 5,3369
229 20:49:21
4,5458 4,5790
4,2375 4,2712
4,7539 4,7878
5,3026 5,3369
230 20:50:20
4,5458 4,5788
4,2379 4,2710
4,7540 4,7882
5,3025 5,3367
231 20:51:20
4,5458 4,5792
4,2371 4,2706
4,7544 4,7885
5,3031 5,3377
232 20:52:20
4,5448 4,5812
4,2354 4,2721
4,7533 4,7906
5,3019 5,3402
233 20:53:21
4,5458 4,5792
4,2363 4,2702
4,7545 4,7885
5,3033 5,3368
234 20:54:21
4,5459 4,5792
4,2364 4,2702
4,7544 4,7889
5,3031 5,3375
235 20:55:21
4,5464 4,5797
4,2368 4,2705
4,7550 4,7890
5,3037 5,3381
236 20:56:21
4,5464 4,5797
4,2377 4,2711
4,7550 4,7890
5,3037 5,3379
237 20:57:20
4,5463 4,5795
4,2376 4,2713
4,7549 4,7888
5,3032 5,3375
238 20:58:21
4,5464 4,5795
4,2376 4,2711
4,7550 4,7888
5,3031 5,3374
239 20:59:21
4,5475 4,5810
4,2387 4,2727
4,7560 4,7903
5,3044 5,3391
240 21:00:21
4,5474 4,5817
4,2389 4,2736
4,7555 4,7910
5,3048 5,3404
241 21:01:21
4,5474 4,5817
4,2393 4,2740
4,7559 4,7910
5,3048 5,3398
242 21:02:21
4,5474 4,5817
4,2397 4,2744
4,7559 4,7910
5,3042 5,3392
243 21:03:20
4,5474 4,5817
4,2401 4,2748
4,7564 4,7915
5,3042 5,3398
244 21:04:20
4,5476 4,5816
4,2405 4,2745
4,7564 4,7915
5,3046 5,3398
245 21:05:21
4,5476 4,5816
4,2405 4,2745
4,7568 4,7915
5,3046 5,3398
246 21:06:21
4,5477 4,5816
4,2404 4,2743
4,7563 4,7914
5,3047 5,3398
247 21:07:21
4,5477 4,5816
4,2400 4,2739
4,7569 4,7915
5,3047 5,3398
248 21:08:20
4,5474 4,5817
4,2393 4,2740
4,7560 4,7915
5,3042 5,3398
249 21:09:20
4,5478 4,5817
4,2397 4,2740
4,7570 4,7916
5,3048 5,3399
250 21:10:20
4,5476 4,5816
4,2397 4,2737
4,7564 4,7916
5,3047 5,3400
251 21:11:21
4,5476 4,5816
4,2397 4,2741
4,7564 4,7916
5,3046 5,3398
252 21:12:21
4,5476 4,5816
4,2401 4,2741
4,7568 4,7915
5,3046 5,3398
253 21:13:21
4,5476 4,5816
4,2397 4,2741
4,7568 4,7915
5,3046 5,3398
254 21:14:21
4,5476 4,5816
4,2397 4,2741
4,7568 4,7915
5,3046 5,3398
255 21:15:21
4,5478 4,5817
4,2397 4,2740
4,7570 4,7916
5,3048 5,3399
256 21:16:21
4,5474 4,5808
4,2394 4,2733
4,7566 4,7908
5,3043 5,3389
257 21:17:20
4,5470 4,5806
4,2390 4,2727
4,7562 4,7906
5,3039 5,3387
258 21:18:20
4,5473 4,5805
4,2389 4,2726
4,7565 4,7905
5,3043 5,3386
259 21:19:21
4,5473 4,5805
4,2389 4,2726
4,7569 4,7912
5,3049 5,3386
260 21:20:21
4,5462 4,5834
4,2376 4,2750
4,7558 4,7939
5,3029 5,3419
261 21:21:21
4,5462 4,5834
4,2380 4,2754
4,7558 4,7939
5,3037 5,3426
262 21:22:21
4,5462 4,5834
4,2376 4,2750
4,7558 4,7939
5,3037 5,3420
263 21:23:20
4,5462 4,5834
4,2375 4,2746
4,7558 4,7939
5,3037 5,3426
264 21:24:20
4,5461 4,5837
4,2375 4,2753
4,7557 4,7942
5,3035 5,3430
265 21:25:21
4,5470 4,5804
4,2382 4,2717
4,7567 4,7909
5,3038 5,3384
266 21:26:21
4,5470 4,5804
4,2378 4,2717
4,7567 4,7909
5,3046 5,3385
267 21:27:20
4,5470 4,5804
4,2382 4,2717
4,7565 4,7909
5,3046 5,3385
268 21:28:20
4,5475 4,5809
4,2387 4,2726
4,7568 4,7914
5,3052 5,3391
269 21:29:21
4,5475 4,5810
4,2387 4,2727
4,7566 4,7913
5,3049 5,3397
270 21:30:21
4,5477 4,5810
4,2388 4,2725
4,7567 4,7908
5,3052 5,3396
271 21:31:21
4,5469 4,5805
4,2385 4,2726
4,7560 4,7905
5,3044 5,3392
272 21:32:21
4,5465 4,5803
4,2385 4,2724
4,7557 4,7903
5,3039 5,3389
273 21:33:20
4,5467 4,5804
4,2387 4,2724
4,7557 4,7902
5,3041 5,3390
274 21:34:20
4,5470 4,5808
4,2388 4,2730
4,7557 4,7908
5,3045 5,3395
275 21:35:20
4,5473 4,5810
4,2391 4,2730
4,7563 4,7908
5,3054 5,3397
276 21:36:21
4,5473 4,5810
4,2389 4,2731
4,7563 4,7908
5,3054 5,3403
277 21:37:21
4,5480 4,5817
4,2395 4,2736
4,7570 4,7915
5,3063 5,3412
278 21:38:21
4,5477 4,5811
4,2397 4,2732
4,7565 4,7911
5,3055 5,3399
279 21:39:20
4,5477 4,5811
4,2397 4,2736
4,7564 4,7905
5,3059 5,3399
280 21:40:21
4,5462 4,5832
4,2380 4,2752
4,7544 4,7928
5,3043 5,3424
281 21:41:21
4,5469 4,5821
4,2386 4,2742
4,7551 4,7915
5,3047 5,3413
282 21:42:21
4,5475 4,5816
4,2394 4,2735
4,7556 4,7910
5,3049 5,3403
283 21:43:20
4,5488 4,5828
4,2404 4,2748
4,7571 4,7919
5,3066 5,3418
284 21:44:20
4,5490 4,5829
4,2404 4,2747
4,7571 4,7918
5,3073 5,3425
285 21:45:21
4,5480 4,5850
4,2397 4,2769
4,7562 4,7941
5,3064 5,3451
286 21:46:21
4,5494 4,5836
4,2410 4,2756
4,7577 4,7927
5,3080 5,3435
287 21:47:21
4,5487 4,5823
4,2406 4,2743
4,7565 4,7913
5,3071 5,3419
288 21:48:20
4,5490 4,5825
4,2405 4,2745
4,7571 4,7914
5,3074 5,3415
289 21:49:20
4,5490 4,5824
4,2409 4,2744
4,7573 4,7915
5,3074 5,3414
290 21:50:20
4,5490 4,5824
4,2405 4,2744
4,7573 4,7915
5,3074 5,3414
291 21:51:21
4,5488 4,5824
4,2403 4,2744
4,7571 4,7915
5,3066 5,3414
292 21:52:21
4,5487 4,5828
4,2404 4,2747
4,7569 4,7923
5,3065 5,3418
293 21:53:20
4,5487 4,5828
4,2402 4,2748
4,7569 4,7923
5,3065 5,3418
294 21:54:20
4,5499 4,5838
4,2415 4,2758
4,7582 4,7928
5,3071 5,3423
295 21:55:21
4,5500 4,5835
4,2410 4,2750
4,7582 4,7929
5,3073 5,3419
296 21:56:21
4,5502 4,5837
4,2416 4,2752
4,7590 4,7932
5,3081 5,3427
297 21:57:21
4,5497 4,5837
4,2411 4,2756
4,7585 4,7932
5,3077 5,3423
298 21:58:20
4,5499 4,5837
4,2413 4,2756
4,7587 4,7932
5,3073 5,3423
299 21:59:20
4,5497 4,5839
4,2411 4,2758
4,7585 4,7934
5,3077 5,3432
300 22:00:21
4,5497 4,5839
4,2411 4,2755
4,7581 4,7935
5,3071 5,3426
301 22:01:21
4,5497 4,5839
4,2411 4,2754
4,7585 4,7934
5,3071 5,3426
302 22:02:21
4,5499 4,5840
4,2409 4,2755
4,7581 4,7934
5,3071 5,3425
303 22:03:20
4,5497 4,5839
4,2409 4,2751
4,7585 4,7934
5,3071 5,3426
304 22:04:20
4,5500 4,5838
4,2406 4,2749
4,7593 4,7938
5,3074 5,3424
305 22:05:20
4,5501 4,5842
4,2407 4,2753
4,7594 4,7942
5,3075 5,3428
306 22:06:21
4,5493 4,5834
4,2403 4,2744
4,7584 4,7933
5,3064 5,3418
307 22:07:21
4,5490 4,5828
4,2402 4,2740
4,7586 4,7933
5,3063 5,3414
308 22:08:21
4,5492 4,5832
4,2404 4,2744
4,7584 4,7937
5,3065 5,3417
309 22:09:20
4,5493 4,5833
4,2409 4,2753
4,7581 4,7929
5,3066 5,3418
310 22:10:20
4,5493 4,5833
4,2409 4,2753
4,7575 4,7928
5,3066 5,3418
311 22:11:21
4,5491 4,5834
4,2405 4,2752
4,7573 4,7929
5,3062 5,3418
312 22:12:21
4,5496 4,5836
4,2416 4,2760
4,7584 4,7932
5,3070 5,3423
313 22:13:21
4,5496 4,5836
4,2416 4,2756
4,7578 4,7931
5,3070 5,3423
314 22:14:20
4,5486 4,5853
4,2405 4,2771
4,7567 4,7948
5,3056 5,3440
315 22:15:20
4,5496 4,5836
4,2416 4,2756
4,7578 4,7931
5,3070 5,3423
316 22:16:21
4,5496 4,5836
4,2416 4,2756
4,7578 4,7931
5,3070 5,3423
317 22:17:21
4,5495 4,5839
4,2415 4,2763
4,7583 4,7935
5,3069 5,3426
318 22:18:21
4,5495 4,5840
4,2413 4,2762
4,7581 4,7934
5,3073 5,3431
319 22:19:20
4,5495 4,5839
4,2415 4,2763
4,7583 4,7935
5,3075 5,3432
320 22:20:20
4,5495 4,5839
4,2419 4,2763
4,7582 4,7939
5,3075 5,3432
321 22:21:20
4,5495 4,5840
4,2417 4,2762
4,7582 4,7940
5,3073 5,3431
322 22:22:21
4,5495 4,5840
4,2417 4,2762
4,7582 4,7940
5,3073 5,3431
323 22:23:21
4,5496 4,5840
4,2414 4,2763
4,7583 4,7940
5,3077 5,3431
324 22:24:20
4,5494 4,5843
4,2413 4,2765
4,7581 4,7943
5,3073 5,3436
325 22:25:20
4,5494 4,5843
4,2413 4,2765
4,7581 4,7943
5,3073 5,3436
326 22:26:21
4,5499 4,5844
4,2420 4,2769
4,7591 4,7944
5,3084 5,3436
327 22:27:21
4,5499 4,5844
4,2416 4,2765
4,7591 4,7944
5,3084 5,3436
328 22:28:21
4,5478 4,5865
4,2398 4,2786
4,7564 4,7965
5,3060 5,3461
329 22:29:20
4,5477 4,5863
4,2397 4,2784
4,7569 4,7964
5,3055 5,3460
330 22:30:20
4,5495 4,5846
4,2413 4,2764
4,7583 4,7941
5,3076 5,3428
331 22:31:21
4,5497 4,5846
4,2418 4,2767
4,7589 4,7947
5,3080 5,3438
332 22:32:21
4,5497 4,5846
4,2418 4,2771
4,7590 4,7952
5,3076 5,3439
333 22:33:21
4,5496 4,5847
4,2419 4,2773
4,7587 4,7952
5,3075 5,3440
334 22:34:21
4,5495 4,5847
4,2418 4,2773
4,7588 4,7954
5,3075 5,3442
335 22:35:20
4,5496 4,5846
4,2419 4,2773
4,7589 4,7952
5,3075 5,3439
336 22:36:20
4,5496 4,5846
4,2419 4,2773
4,7589 4,7952
5,3075 5,3439
337 22:37:21
4,5496 4,5849
4,2417 4,2770
4,7589 4,7954
5,3074 5,3442
338 22:38:21
4,5496 4,5849
4,2415 4,2771
4,7593 4,7955
5,3074 5,3442
339 22:39:21
4,5484 4,5859
4,2402 4,2779
4,7581 4,7965
5,3061 5,3454
340 22:40:20
4,5482 4,5863
4,2402 4,2780
4,7579 4,7969
5,3058 5,3458
341 22:41:20
4,5481 4,5861
4,2401 4,2778
4,7578 4,7967
5,3059 5,3458
342 22:42:20
4,5491 4,5846
4,2410 4,2764
4,7588 4,7952
5,3068 5,3438
343 22:43:21
4,5493 4,5846
4,2411 4,2764
4,7590 4,7952
5,3078 5,3439
344 22:44:21
4,5491 4,5845
4,2410 4,2767
4,7593 4,7956
5,3076 5,3444
345 22:45:21
4,5481 4,5861
4,2401 4,2782
4,7579 4,7973
5,3059 5,3458
346 22:46:20
4,5491 4,5846
4,2410 4,2768
4,7587 4,7956
5,3068 5,3438
347 22:47:21
4,5492 4,5845
4,2411 4,2767
4,7588 4,7955
5,3069 5,3437
348 22:48:21
4,5492 4,5845
4,2411 4,2767
4,7588 4,7955
5,3069 5,3437
349 22:49:21
4,5474 4,5863
4,2394 4,2784
4,7574 4,7973
5,3057 5,3464
350 22:50:21
4,5481 4,5859
4,2402 4,2782
4,7578 4,7971
5,3063 5,3465
351 22:51:20
4,5473 4,5863
4,2393 4,2780
4,7569 4,7974
5,3056 5,3464
352 22:52:20
4,5482 4,5861
4,2404 4,2781
4,7582 4,7971
5,3058 5,3462
353 22:53:21
4,5473 4,5864
4,2393 4,2785
4,7573 4,7974
5,3056 5,3465
354 22:54:21
4,5482 4,5861
4,2402 4,2782
4,7583 4,7976
5,3064 5,3460
355 22:55:21
4,5480 4,5863
4,2396 4,2780
4,7581 4,7978
5,3057 5,3464
356 22:56:21
4,5480 4,5863
4,2396 4,2780
4,7582 4,7974
5,3056 5,3459
357 22:57:21
4,5482 4,5861
4,2398 4,2778
4,7583 4,7976
5,3064 5,3462
358 22:58:20
4,5482 4,5861
4,2394 4,2774
4,7580 4,7972
5,3059 5,3456
359 22:59:20
4,5483 4,5860
4,2395 4,2777
4,7584 4,7975
5,3060 5,3461
360 23:00:21
4,5456 4,5894
4,2367 4,2815
4,7512 4,8050
5,3016 5,3509
361 23:01:21
4,5455 4,5897
4,2364 4,2817
4,7511 4,8050
5,3018 5,3506
362 23:02:21
4,5454 4,5912
4,2371 4,2838
4,7465 4,8048
5,3017 5,3524
363 23:03:20
4,5457 4,5909
4,2374 4,2835
4,7443 4,8048
5,3020 5,3520
364 23:04:20
4,5457 4,5909
4,2374 4,2835
4,7443 4,8048
5,3020 5,3520
365 23:05:21
4,5457 4,5909
4,2374 4,2835
4,7443 4,8048
5,2983 5,3529
366 23:06:21
4,5457 4,5909
4,2378 4,2835
4,7474 4,8044
5,2995 5,3517
367 23:07:20
4,5421 4,5945
4,2346 4,2870
4,7445 4,8080
5,2953 5,3559
368 23:08:20
4,5421 4,5945
4,2342 4,2874
4,7451 4,8081
5,2953 5,3559
369 23:09:20
4,5421 4,5945
4,2341 4,2872
4,7447 4,8081
5,2959 5,3559
370 23:10:20
4,5421 4,5945
4,2342 4,2870
4,7451 4,8081
5,2985 5,3560
371 23:11:21
4,5421 4,5945
4,2342 4,2874
4,7445 4,8080
5,2985 5,3560
372 23:12:21
4,5421 4,5945
4,2341 4,2872
4,7443 4,8080
5,2985 5,3560
373 23:13:21
4,5421 4,5945
4,2341 4,2872
4,7441 4,8081
5,2959 5,3560
374 23:14:21
4,5457 4,5909
4,2374 4,2839
4,7478 4,8053
5,3002 5,3516
375 23:15:21
4,5457 4,5909
4,2374 4,2839
4,7478 4,8043
5,3033 5,3518
376 23:16:20
4,5457 4,5909
4,2374 4,2835
4,7478 4,8043
5,3033 5,3518
377 23:17:20
4,5457 4,5909
4,2374 4,2835
4,7478 4,8043
5,3033 5,3518
378 23:18:20
4,5457 4,5909
4,2374 4,2835
4,7478 4,8043
5,3019 5,3517
379 23:19:21
4,5457 4,5909
4,2374 4,2835
4,7478 4,8043
5,3021 5,3518
380 23:20:21
4,5457 4,5909
4,2374 4,2835
4,7478 4,8043
5,3017 5,3517
381 23:21:21
4,5457 4,5909
4,2374 4,2835
4,7478 4,8043
5,3032 5,3542
382 23:22:21
4,5457 4,5909
4,2374 4,2839
4,7478 4,8043
5,3032 5,3542
383 23:23:20
4,5457 4,5909
4,2374 4,2839
4,7478 4,8043
5,3032 5,3542
384 23:24:20
4,5434 4,5932
4,2353 4,2860
4,7454 4,8067
5,3006 5,3563
385 23:25:21
4,5434 4,5932
4,2353 4,2860
4,7454 4,8067
5,3000 5,3545
386 23:26:21
4,5434 4,5932
4,2353 4,2860
4,7454 4,8067
5,2994 5,3545
387 23:27:21
4,5434 4,5932
4,2353 4,2856
4,7460 4,8068
5,3006 5,3550
388 23:28:21
4,5434 4,5932
4,2357 4,2860
4,7460 4,8068
5,3006 5,3557
389 23:29:21
4,5434 4,5932
4,2357 4,2860
4,7499 4,8082
5,3006 5,3557
390 23:30:20
4,5434 4,5932
4,2357 4,2852
4,7505 4,8083
5,3005 5,3549
391 23:31:20
4,5434 4,5932
4,2353 4,2848
4,7498 4,8067
5,3006 5,3543
392 23:32:21
4,5434 4,5932
4,2353 4,2848
4,7519 4,8052
5,3005 5,3537
393 23:33:21
4,5434 4,5932
4,2349 4,2848
4,7519 4,8052
5,2999 5,3531
394 23:34:20
4,5434 4,5932
4,2349 4,2848
4,7519 4,8052
5,2999 5,3531
395 23:35:20
4,5434 4,5932
4,2349 4,2844
4,7516 4,8048
5,2999 5,3531
396 23:36:20
4,5434 4,5932
4,2349 4,2848
4,7530 4,8048
5,2999 5,3531
397 23:37:21
4,5434 4,5932
4,2353 4,2849
4,7528 4,8048
5,3005 5,3537
398 23:38:21
4,5434 4,5932
4,2353 4,2848
4,7527 4,8053
5,3010 5,3544
399 23:39:21
4,5457 4,5909
4,2374 4,2827
4,7553 4,8028
5,3039 5,3517
400 23:40:20
4,5434 4,5932
4,2357 4,2856
4,7527 4,8052
5,3012 5,3557
401 23:41:20
4,5434 4,5932
4,2357 4,2856
4,7529 4,8053
5,3009 5,3559
402 23:42:21
4,5434 4,5932
4,2357 4,2860
4,7527 4,8052
5,3012 5,3557
403 23:43:21
4,5434 4,5932
4,2357 4,2856
4,7529 4,8052
5,3012 5,3557
404 23:44:21
4,5434 4,5932
4,2357 4,2856
4,7529 4,8052
5,3012 5,3557
405 23:45:21
4,5435 4,5935
4,2358 4,2859
4,7525 4,8050
5,3010 5,3562
406 23:46:20
4,5437 4,5936
4,2356 4,2860
4,7531 4,8050
5,2996 5,3543
407 23:47:20
4,5459 4,5906
4,2376 4,2832
4,7554 4,8023
5,3028 5,3513
408 23:48:21
4,5445 4,5921
4,2363 4,2842
4,7541 4,8037
5,3016 5,3523
409 23:49:21
4,5436 4,5935
4,2355 4,2859
4,7534 4,8060
5,3000 5,3540
410 23:50:21
4,5436 4,5935
4,2359 4,2859
4,7531 4,8055
5,3000 5,3546
411 23:51:21
4,5436 4,5935
4,2359 4,2859
4,7530 4,8057
5,3000 5,3546
412 23:52:21
4,5436 4,5935
4,2355 4,2855
4,7536 4,8060
5,2994 5,3546
413 23:53:20
4,5435 4,5934
4,2354 4,2858
4,7529 4,8048
5,2993 5,3545
414 23:54:20
4,5450 4,5914
4,2373 4,2841
4,7546 4,8034
5,3014 5,3520
415 23:55:21
4,5435 4,5934
4,2358 4,2858
4,7533 4,8058
5,2999 5,3551
416 23:56:21
4,5489 4,5917
4,2409 4,2843
4,7585 4,8046
5,3063 5,3533
417 23:57:21
4,5490 4,5912
4,2409 4,2838
4,7588 4,8042
5,3064 5,3529
Connection error x5
