#======================
2023-6-13
# 1.EUR, 2.USD, 3.CHF, 4.GBP
Sell Price, Buy Price
1 10:50
4,4633 4,4955
4,1313 4,1634
4,5665 4,5993
5,1928 5,2260
2 10:51
4,4633 4,4955
4,1310 4,1631
4,5664 4,5992
5,1931 5,2263
3 10:52
4,4632 4,4954
4,1307 4,1628
4,5661 4,5989
5,1930 5,2262
4 10:53
4,4631 4,4953
4,1306 4,1627
4,5660 4,5988
5,1929 5,2261
5 10:54
4,4630 4,4952
4,1307 4,1628
4,5650 4,5978
5,1925 5,2257
6 10:55
4,4631 4,4953
4,1308 4,1629
4,5649 4,5977
5,1932 5,2264
7 10:56
4,4627 4,4949
4,1302 4,1623
4,5644 4,5972
5,1921 5,2253
8 10:57
4,4614 4,4936
4,1283 4,1604
4,5629 4,5957
5,1900 5,2232
9 10:58
4,4610 4,4932
4,1272 4,1593
4,5620 4,5948
5,1897 5,2229
10 10:59
4,4593 4,4915
4,1257 4,1578
4,5602 4,5930
5,1872 5,2204
11 11:00
4,4612 4,4934
4,1273 4,1594
4,5619 4,5947
5,1895 5,2227
12 11:01
4,4620 4,4942
4,1290 4,1611
4,5606 4,5934
5,1913 5,2245
13 11:02
4,4647 4,4969
4,1300 4,1621
4,5620 4,5948
5,1937 5,2269
14 11:03
4,4629 4,4951
4,1287 4,1608
4,5607 4,5935
5,1906 5,2238
15 11:04
4,4624 4,4946
4,1286 4,1607
4,5599 4,5927
5,1896 5,2228
16 11:05
4,4622 4,4944
4,1286 4,1607
4,5592 4,5920
5,1894 5,2226
17 11:06
4,4620 4,4942
4,1279 4,1600
4,5567 4,5895
5,1888 5,2220
18 11:07
4,4617 4,4939
4,1275 4,1596
4,5580 4,5908
5,1887 5,2219
19 11:08
4,4617 4,4939
4,1280 4,1601
4,5585 4,5913
5,1882 5,2214
20 11:09
4,4642 4,4964
4,1303 4,1624
4,5613 4,5941
5,1917 5,2249
21 11:10
4,4678 4,5000
4,1344 4,1665
4,5654 4,5982
5,1960 5,2292
22 11:11
4,4696 4,5018
4,1369 4,1690
4,5675 4,6003
5,1980 5,2312
23 11:12
4,4687 4,5009
4,1365 4,1686
4,5668 4,5996
5,1973 5,2305
24 11:13
4,4657 4,4979
4,1329 4,1650
4,5636 4,5964
5,1932 5,2264
25 11:14
4,4659 4,4981
4,1326 4,1647
4,5637 4,5965
5,1934 5,2266
26 11:15
4,4640 4,4962
4,1297 4,1618
4,5616 4,5944
5,1911 5,2243
27 11:16
4,4666 4,4988
4,1321 4,1642
4,5649 4,5977
5,1939 5,2271
28 11:17
4,4665 4,4987
4,1323 4,1644
4,5649 4,5977
5,1933 5,2265
29 11:18
4,4668 4,4990
4,1325 4,1646
4,5652 4,5980
5,1945 5,2277
30 11:19
4,4671 4,4993
4,1335 4,1656
4,5659 4,5987
5,1948 5,2280
31 11:20
4,4675 4,4997
4,1335 4,1656
4,5659 4,5987
5,1953 5,2285
32 11:21
4,4723 4,5045
4,1386 4,1707
4,5721 4,6049
5,2004 5,2336
33 11:22
4,4696 4,5018
4,1359 4,1680
4,5692 4,6020
5,1978 5,2310
34 11:23
4,4696 4,5018
4,1362 4,1683
4,5699 4,6027
5,1994 5,2326
35 11:24
4,4690 4,5012
4,1361 4,1682
4,5692 4,6020
5,1992 5,2324
36 11:25
4,4690 4,5012
4,1357 4,1678
4,5688 4,6016
5,1988 5,2320
37 11:26
4,4684 4,5006
4,1351 4,1672
4,5683 4,6012
5,1976 5,2308
38 11:27
4,4682 4,5004
4,1349 4,1670
4,5681 4,6010
5,1973 5,2305
39 11:28
4,4642 4,4964
4,1316 4,1637
4,5643 4,5972
5,1930 5,2262
40 11:29
4,4637 4,4959
4,1311 4,1632
4,5638 4,5967
5,1929 5,2261
41 11:30
4,4627 4,4949
4,1301 4,1622
4,5624 4,5953
5,1914 5,2246
42 11:31
4,4630 4,4952
4,1303 4,1624
4,5626 4,5954
5,1914 5,2246
43 11:32
4,4623 4,4945
4,1299 4,1620
4,5613 4,5941
5,1908 5,2240
44 11:33
4,4629 4,4951
4,1302 4,1623
4,5611 4,5939
5,1917 5,2249
45 11:34
4,4623 4,4945
4,1296 4,1617
4,5609 4,5937
5,1910 5,2242
46 11:35
4,4643 4,4965
4,1320 4,1641
4,5634 4,5962
5,1933 5,2265
47 11:36
4,4641 4,4963
4,1314 4,1635
4,5635 4,5964
5,1935 5,2267
48 11:37
4,4636 4,4958
4,1300 4,1621
4,5628 4,5957
5,1938 5,2270
49 11:38
4,4629 4,4951
4,1296 4,1617
4,5611 4,5940
5,1935 5,2267
50 11:39
4,4629 4,4951
4,1291 4,1612
4,5607 4,5936
5,1940 5,2272
51 11:40
4,4631 4,4953
4,1300 4,1621
4,5611 4,5940
5,1941 5,2273
52 11:41
4,4618 4,4940
4,1279 4,1600
4,5593 4,5922
5,1920 5,2252
53 11:42
4,4618 4,4940
4,1279 4,1600
4,5586 4,5915
5,1923 5,2255
54 11:43
4,4619 4,4941
4,1287 4,1608
4,5580 4,5909
5,1921 5,2253
55 11:44
4,4652 4,4974
4,1328 4,1649
4,5621 4,5950
5,1956 5,2288
56 11:45
4,4624 4,4946
4,1307 4,1628
4,5588 4,5917
5,1925 5,2257
57 11:46
4,4619 4,4941
4,1297 4,1618
4,5578 4,5906
5,1924 5,2256
58 11:47
4,4638 4,4960
4,1315 4,1636
4,5598 4,5926
5,1938 5,2270
59 11:48
4,4631 4,4953
4,1314 4,1635
4,5585 4,5913
5,1934 5,2266
60 11:49
4,4631 4,4953
4,1316 4,1637
4,5583 4,5911
5,1932 5,2264
61 11:50
4,4622 4,4944
4,1303 4,1624
4,5585 4,5913
5,1922 5,2254
62 11:51
4,4632 4,4954
4,1303 4,1624
4,5584 4,5912
5,1926 5,2258
63 11:52
4,4608 4,4930
4,1277 4,1598
4,5559 4,5887
5,1896 5,2228
64 11:53
4,4602 4,4924
4,1264 4,1585
4,5546 4,5874
5,1886 5,2218
65 11:54
4,4601 4,4923
4,1270 4,1591
4,5540 4,5868
5,1878 5,2210
66 11:55
4,4607 4,4929
4,1266 4,1587
4,5535 4,5863
5,1883 5,2215
67 11:56
4,4617 4,4939
4,1276 4,1597
4,5550 4,5878
5,1896 5,2228
68 11:57
4,4604 4,4926
4,1264 4,1585
4,5537 4,5865
5,1882 5,2214
69 11:58
4,4604 4,4926
4,1256 4,1577
4,5534 4,5862
5,1889 5,2221
70 11:59
4,4606 4,4928
4,1268 4,1589
4,5539 4,5867
5,1897 5,2229
71 12:00
4,4607 4,4929
4,1276 4,1597
4,5537 4,5865
5,1898 5,2230
72 12:01
4,4603 4,4925
4,1274 4,1595
4,5543 4,5872
5,1902 5,2234
73 12:02
4,4594 4,4916
4,1268 4,1589
4,5538 4,5867
5,1891 5,2223
74 12:03
4,4593 4,4915
4,1267 4,1588
4,5543 4,5872
5,1890 5,2222
75 12:04
4,4589 4,4911
4,1263 4,1584
4,5535 4,5864
5,1886 5,2218
76 12:05
4,4591 4,4913
4,1271 4,1592
4,5535 4,5864
5,1892 5,2224
77 12:06
4,4588 4,4910
4,1267 4,1588
4,5537 4,5866
5,1901 5,2233
78 12:07
4,4590 4,4912
4,1269 4,1590
4,5538 4,5867
5,1911 5,2243
79 12:08
4,4590 4,4912
4,1268 4,1589
4,5534 4,5863
5,1915 5,2247
80 12:09
4,4586 4,4908
4,1262 4,1583
4,5527 4,5856
5,1906 5,2238
81 12:10
4,4584 4,4906
4,1261 4,1582
4,5514 4,5843
5,1905 5,2237
82 12:11
4,4587 4,4909
4,1260 4,1581
4,5512 4,5840
5,1893 5,2225
83 12:12
4,4580 4,4902
4,1253 4,1574
4,5510 4,5838
5,1891 5,2223
84 12:13
4,4571 4,4893
4,1239 4,1560
4,5500 4,5828
5,1880 5,2212
85 12:14
4,4574 4,4896
4,1241 4,1562
4,5501 4,5829
5,1880 5,2212
86 12:15
4,4574 4,4896
4,1253 4,1574
4,5506 4,5834
5,1899 5,2231
87 12:16
4,4575 4,4897
4,1257 4,1579
4,5509 4,5837
5,1906 5,2238
88 12:17
4,4577 4,4899
4,1268 4,1590
4,5521 4,5849
5,1912 5,2244
89 12:18
4,4578 4,4900
4,1277 4,1599
4,5538 4,5866
5,1919 5,2251
90 12:19
4,4601 4,4923
4,1287 4,1609
4,5566 4,5894
5,1937 5,2269
91 12:20
4,4592 4,4914
4,1277 4,1599
4,5555 4,5883
5,1923 5,2255
92 12:21
4,4593 4,4915
4,1276 4,1598
4,5559 4,5887
5,1928 5,2260
93 12:22
4,4581 4,4903
4,1266 4,1588
4,5553 4,5881
5,1916 5,2248
94 12:23
4,4583 4,4905
4,1271 4,1593
4,5558 4,5886
5,1923 5,2255
95 12:24
4,4587 4,4909
4,1278 4,1600
4,5549 4,5877
5,1926 5,2258
96 12:25
4,4602 4,4924
4,1297 4,1619
4,5560 4,5888
5,1947 5,2279
97 12:26
4,4604 4,4926
4,1297 4,1619
4,5562 4,5890
5,1950 5,2282
98 12:27
4,4603 4,4925
4,1296 4,1618
4,5564 4,5892
5,1954 5,2286
99 12:28
4,4605 4,4927
4,1303 4,1625
4,5569 4,5897
5,1957 5,2289
100 12:29
4,4604 4,4926
4,1299 4,1621
4,5569 4,5897
5,1955 5,2287
101 12:30
4,4604 4,4926
4,1297 4,1619
4,5565 4,5893
5,1953 5,2285
102 12:31
4,4594 4,4916
4,1284 4,1606
4,5552 4,5880
5,1938 5,2270
103 12:32
4,4583 4,4905
4,1270 4,1592
4,5541 4,5869
5,1918 5,2250
104 12:33
4,4583 4,4905
4,1270 4,1592
4,5538 4,5866
5,1926 5,2258
105 12:34
4,4580 4,4902
4,1267 4,1589
4,5536 4,5864
5,1927 5,2259
106 12:35
4,4579 4,4901
4,1267 4,1589
4,5537 4,5865
5,1921 5,2253
107 12:36
4,4583 4,4905
4,1272 4,1594
4,5541 4,5869
5,1925 5,2257
108 12:37
4,4581 4,4903
4,1278 4,1600
4,5539 4,5867
5,1913 5,2245
109 12:38
4,4584 4,4906
4,1277 4,1599
4,5540 4,5868
5,1914 5,2246
110 12:39
4,4582 4,4904
4,1279 4,1601
4,5538 4,5866
5,1911 5,2243
111 12:40
4,4583 4,4905
4,1282 4,1604
4,5541 4,5869
5,1911 5,2243
112 12:41
4,4583 4,4905
4,1289 4,1611
4,5543 4,5872
5,1913 5,2245
113 12:42
4,4583 4,4905
4,1289 4,1611
4,5543 4,5872
5,1916 5,2248
114 12:43
4,4581 4,4903
4,1287 4,1609
4,5546 4,5875
5,1929 5,2261
115 12:44
4,4579 4,4901
4,1286 4,1608
4,5544 4,5873
5,1923 5,2255
116 12:45
4,4578 4,4900
4,1281 4,1603
4,5544 4,5873
5,1913 5,2245
117 12:46
4,4576 4,4898
4,1277 4,1599
4,5541 4,5869
5,1904 5,2236
118 12:47
4,4572 4,4894
4,1268 4,1590
4,5541 4,5869
5,1903 5,2235
119 12:48
4,4580 4,4902
4,1275 4,1597
4,5555 4,5883
5,1912 5,2244
120 12:49
4,4577 4,4899
4,1278 4,1600
4,5549 4,5877
5,1912 5,2244
121 12:50
4,4573 4,4895
4,1276 4,1598
4,5547 4,5875
5,1906 5,2238
122 12:51
4,4570 4,4892
4,1277 4,1599
4,5544 4,5872
5,1901 5,2233
123 12:52
4,4581 4,4903
4,1282 4,1604
4,5555 4,5883
5,1907 5,2239
124 12:53
4,4580 4,4902
4,1279 4,1601
4,5552 4,5880
5,1906 5,2238
125 12:54
4,4582 4,4904
4,1283 4,1605
4,5554 4,5882
5,1911 5,2243
126 12:55
4,4579 4,4901
4,1280 4,1602
4,5551 4,5879
5,1905 5,2237
127 12:56
4,4579 4,4901
4,1280 4,1602
4,5550 4,5878
5,1901 5,2233
128 12:57
4,4579 4,4901
4,1278 4,1600
4,5550 4,5878
5,1901 5,2233
129 12:58
4,4591 4,4913
4,1288 4,1610
4,5564 4,5892
5,1923 5,2255
130 12:59
4,4593 4,4915
4,1291 4,1613
4,5558 4,5886
5,1927 5,2259
131 13:00
4,4596 4,4918
4,1292 4,1614
4,5564 4,5892
5,1931 5,2263
132 13:01
4,4594 4,4916
4,1290 4,1612
4,5562 4,5890
5,1925 5,2257
133 13:02
4,4601 4,4923
4,1302 4,1624
4,5570 4,5898
5,1937 5,2269
134 13:03
4,4610 4,4932
4,1312 4,1634
4,5580 4,5908
5,1947 5,2279
135 13:04
4,4608 4,4930
4,1313 4,1635
4,5585 4,5913
5,1949 5,2281
136 13:05
4,4626 4,4948
4,1328 4,1650
4,5604 4,5932
5,1970 5,2302
137 13:06
4,4622 4,4944
4,1322 4,1644
4,5600 4,5928
5,1967 5,2299
138 13:07
4,4620 4,4942
4,1318 4,1640
4,5597 4,5925
5,1963 5,2295
139 13:08
4,4619 4,4941
4,1321 4,1643
4,5594 4,5922
5,1963 5,2295
140 13:09
4,4615 4,4937
4,1321 4,1643
4,5590 4,5918
5,1956 5,2288
141 13:10
4,4616 4,4938
4,1320 4,1642
4,5591 4,5919
5,1952 5,2284
142 13:11
4,4617 4,4939
4,1323 4,1645
4,5594 4,5922
5,1958 5,2290
143 13:12
4,4615 4,4937
4,1319 4,1641
4,5595 4,5923
5,1968 5,2300
144 13:13
4,4602 4,4924
4,1309 4,1631
4,5583 4,5911
5,1953 5,2285
145 13:14
4,4603 4,4925
4,1308 4,1630
4,5589 4,5917
5,1954 5,2286
146 13:15
4,4606 4,4928
4,1311 4,1633
4,5590 4,5918
5,1958 5,2290
147 13:16
4,4615 4,4937
4,1321 4,1643
4,5596 4,5924
5,1972 5,2304
148 13:17
4,4613 4,4935
4,1317 4,1639
4,5592 4,5920
5,1965 5,2297
149 13:18
4,4615 4,4937
4,1319 4,1641
4,5592 4,5920
5,1967 5,2299
150 13:19
4,4619 4,4941
4,1330 4,1652
4,5596 4,5924
5,1973 5,2305
151 13:20
4,4619 4,4941
4,1328 4,1650
4,5587 4,5915
5,1972 5,2304
152 13:21
4,4616 4,4938
4,1322 4,1644
4,5584 4,5912
5,1969 5,2301
153 13:22
4,4603 4,4925
4,1315 4,1637
4,5573 4,5901
5,1954 5,2286
154 13:23
4,4601 4,4923
4,1308 4,1630
4,5571 4,5899
5,1952 5,2284
155 13:24
4,4601 4,4923
4,1312 4,1634
4,5571 4,5899
5,1952 5,2284
156 13:25
4,4602 4,4924
4,1311 4,1633
4,5572 4,5900
5,1953 5,2285
157 13:26
4,4602 4,4924
4,1307 4,1629
4,5574 4,5902
5,1952 5,2284
158 13:27
4,4601 4,4923
4,1306 4,1628
4,5574 4,5902
5,1952 5,2284
159 13:28
4,4599 4,4921
4,1302 4,1624
4,5571 4,5899
5,1946 5,2278
160 13:29
4,4600 4,4922
4,1305 4,1627
4,5570 4,5898
5,1945 5,2277
161 13:30
4,4606 4,4928
4,1309 4,1631
4,5574 4,5902
5,1951 5,2283
162 13:31
4,4606 4,4928
4,1309 4,1631
4,5578 4,5906
5,1955 5,2287
163 13:32
4,4605 4,4927
4,1306 4,1628
4,5580 4,5908
5,1953 5,2285
164 13:33
4,4601 4,4923
4,1304 4,1626
4,5578 4,5906
5,1948 5,2280
165 13:34
4,4599 4,4921
4,1304 4,1626
4,5576 4,5904
5,1950 5,2282
166 13:35
4,4595 4,4917
4,1301 4,1623
4,5575 4,5903
5,1945 5,2277
167 13:36
4,4599 4,4921
4,1302 4,1624
4,5580 4,5908
5,1946 5,2278
168 13:37
4,4590 4,4912
4,1290 4,1612
4,5576 4,5904
5,1936 5,2268
169 13:38
4,4589 4,4911
4,1293 4,1615
4,5575 4,5903
5,1938 5,2270
170 13:39
4,4589 4,4911
4,1295 4,1617
4,5580 4,5908
5,1938 5,2270
171 13:40
4,4590 4,4912
4,1299 4,1621
4,5583 4,5911
5,1942 5,2274
172 13:41
4,4589 4,4911
4,1296 4,1618
4,5577 4,5905
5,1937 5,2269
173 13:42
4,4589 4,4911
4,1299 4,1621
4,5580 4,5908
5,1938 5,2270
174 13:43
4,4587 4,4909
4,1299 4,1621
4,5580 4,5908
5,1942 5,2274
175 13:44
4,4585 4,4907
4,1295 4,1617
4,5571 4,5899
5,1936 5,2268
176 13:45
4,4585 4,4907
4,1295 4,1617
4,5576 4,5904
5,1939 5,2271
177 13:46
4,4586 4,4908
4,1298 4,1620
4,5572 4,5900
5,1943 5,2275
178 13:47
4,4585 4,4907
4,1297 4,1619
4,5566 4,5894
5,1949 5,2281
179 13:48
4,4589 4,4911
4,1303 4,1625
4,5574 4,5902
5,1958 5,2290
180 13:49
4,4586 4,4908
4,1302 4,1624
4,5579 4,5907
5,1956 5,2288
181 13:50
4,4585 4,4907
4,1299 4,1621
4,5576 4,5904
5,1955 5,2287
182 13:51
4,4586 4,4908
4,1300 4,1622
4,5579 4,5907
5,1956 5,2288
183 13:52
4,4587 4,4909
4,1299 4,1621
4,5579 4,5907
5,1957 5,2289
184 13:53
4,4586 4,4908
4,1298 4,1620
4,5574 4,5902
5,1952 5,2284
185 13:54
4,4586 4,4908
4,1298 4,1620
4,5570 4,5898
5,1956 5,2288
186 13:55
4,4584 4,4906
4,1296 4,1618
4,5565 4,5893
5,1962 5,2294
187 13:56
4,4563 4,4885
4,1277 4,1599
4,5544 4,5872
5,1933 5,2265
188 13:57
4,4561 4,4883
4,1275 4,1597
4,5547 4,5875
5,1931 5,2263
189 13:58
4,4559 4,4881
4,1281 4,1603
4,5554 4,5882
5,1930 5,2262
190 13:59
4,4559 4,4881
4,1273 4,1595
4,5550 4,5878
5,1918 5,2250
191 14:00
4,4560 4,4882
4,1274 4,1596
4,5548 4,5876
5,1923 5,2255
192 14:01
4,4559 4,4881
4,1275 4,1597
4,5540 4,5868
5,1930 5,2262
193 14:02
4,4563 4,4885
4,1277 4,1599
4,5542 4,5870
5,1929 5,2261
194 14:03
4,4562 4,4884
4,1272 4,1594
4,5541 4,5869
5,1930 5,2262
195 14:04
4,4560 4,4882
4,1276 4,1598
4,5541 4,5869
5,1932 5,2264
196 14:05
4,4575 4,4897
4,1295 4,1617
4,5560 4,5888
5,1957 5,2289
197 14:06
4,4573 4,4895
4,1292 4,1614
4,5554 4,5882
5,1940 5,2272
198 14:07
4,4569 4,4891
4,1291 4,1613
4,5556 4,5884
5,1936 5,2268
199 14:08
4,4575 4,4897
4,1291 4,1613
4,5554 4,5882
5,1942 5,2274
200 14:09
4,4588 4,4910
4,1307 4,1629
4,5573 4,5901
5,1960 5,2292
201 14:10
4,4586 4,4908
4,1305 4,1627
4,5562 4,5890
5,1955 5,2287
202 14:11
4,4589 4,4911
4,1302 4,1624
4,5568 4,5896
5,1954 5,2286
203 14:12
4,4589 4,4911
4,1299 4,1621
4,5570 4,5898
5,1953 5,2285
204 14:13
4,4588 4,4910
4,1300 4,1622
4,5574 4,5902
5,1961 5,2293
205 14:14
4,4589 4,4911
4,1301 4,1623
4,5575 4,5903
5,1959 5,2291
206 14:15
4,4573 4,4895
4,1284 4,1606
4,5563 4,5891
5,1946 5,2278
207 14:16
4,4568 4,4890
4,1283 4,1605
4,5556 4,5884
5,1948 5,2280
208 14:17
4,4571 4,4893
4,1286 4,1608
4,5547 4,5875
5,1939 5,2271
209 14:18
4,4583 4,4905
4,1302 4,1624
4,5568 4,5896
5,1954 5,2286
210 14:19
4,4582 4,4904
4,1298 4,1620
4,5557 4,5885
5,1949 5,2281
211 14:20
4,4582 4,4904
4,1300 4,1622
4,5553 4,5881
5,1947 5,2279
212 14:21
4,4580 4,4902
4,1291 4,1613
4,5559 4,5887
5,1949 5,2281
213 14:22
4,4578 4,4900
4,1289 4,1611
4,5553 4,5881
5,1958 5,2290
214 14:23
4,4583 4,4905
4,1291 4,1613
4,5551 4,5879
5,1973 5,2305
215 14:24
4,4581 4,4903
4,1288 4,1610
4,5553 4,5881
5,1971 5,2303
216 14:25
4,4579 4,4901
4,1285 4,1607
4,5555 4,5883
5,1978 5,2310
217 14:26
4,4579 4,4901
4,1294 4,1616
4,5565 4,5893
5,1981 5,2313
218 14:27
4,4560 4,4882
4,1283 4,1605
4,5537 4,5865
5,1943 5,2275
219 14:28
4,4565 4,4887
4,1280 4,1602
4,5541 4,5869
5,1943 5,2275
220 14:29
4,4565 4,4887
4,1288 4,1610
4,5548 4,5876
5,1928 5,2260
221 14:30
4,4562 4,4884
4,1280 4,1604
4,5556 4,5887
5,1933 5,2275
222 14:31
4,4562 4,4884
4,1206 4,1530
4,5558 4,5894
5,1934 5,2271
223 14:32
4,4558 4,4880
4,1188 4,1510
4,5550 4,5878
5,1930 5,2262
224 14:33
4,4552 4,4874
4,1194 4,1516
4,5530 4,5858
5,1917 5,2249
225 14:34
4,4556 4,4878
4,1199 4,1521
4,5537 4,5865
5,1917 5,2249
226 14:35
4,4553 4,4875
4,1178 4,1500
4,5559 4,5887
5,1903 5,2235
227 14:36
4,4554 4,4876
4,1166 4,1488
4,5562 4,5890
5,1915 5,2247
228 14:37
4,4539 4,4861
4,1149 4,1471
4,5546 4,5874
5,1895 5,2227
229 14:38
4,4563 4,4885
4,1195 4,1517
4,5563 4,5891
5,1922 5,2254
230 14:39
4,4558 4,4880
4,1200 4,1522
4,5538 4,5866
5,1911 5,2243
231 14:40
4,4561 4,4883
4,1206 4,1528
4,5526 4,5854
5,1923 5,2255
232 14:41
4,4560 4,4882
4,1241 4,1563
4,5526 4,5854
5,1929 5,2262
233 14:42
4,4576 4,4898
4,1248 4,1570
4,5538 4,5866
5,1939 5,2272
234 14:43
4,4550 4,4872
4,1192 4,1514
4,5530 4,5858
5,1919 5,2252
235 14:44
4,4553 4,4875
4,1198 4,1520
4,5530 4,5858
5,1931 5,2264
236 14:45
4,4550 4,4872
4,1188 4,1510
4,5532 4,5860
5,1918 5,2250
237 14:46
4,4548 4,4870
4,1179 4,1501
4,5533 4,5861
5,1912 5,2244
238 14:47
4,4554 4,4876
4,1196 4,1518
4,5535 4,5863
5,1909 5,2241
239 14:48
4,4545 4,4867
4,1187 4,1509
4,5521 4,5849
5,1899 5,2231
240 14:49
4,4546 4,4868
4,1188 4,1510
4,5515 4,5843
5,1901 5,2233
241 14:50
4,4549 4,4871
4,1183 4,1505
4,5524 4,5852
5,1906 5,2238
242 14:51
4,4542 4,4864
4,1186 4,1508
4,5506 4,5834
5,1901 5,2233
243 14:52
4,4538 4,4860
4,1186 4,1508
4,5499 4,5827
5,1900 5,2232
244 14:53
4,4539 4,4861
4,1191 4,1513
4,5507 4,5835
5,1898 5,2230
245 14:54
4,4540 4,4862
4,1200 4,1522
4,5509 4,5837
5,1885 5,2217
246 14:55
4,4536 4,4858
4,1190 4,1512
4,5503 4,5831
5,1889 5,2221
247 14:56
4,4535 4,4857
4,1195 4,1517
4,5501 4,5829
5,1882 5,2214
248 14:57
4,4534 4,4856
4,1190 4,1512
4,5503 4,5831
5,1886 5,2218
249 14:58
4,4534 4,4856
4,1189 4,1511
4,5501 4,5829
5,1890 5,2222
250 14:59
4,4538 4,4860
4,1194 4,1516
4,5507 4,5835
5,1899 5,2231
251 15:00
4,4533 4,4855
4,1176 4,1498
4,5508 4,5836
5,1891 5,2223
252 15:01
4,4535 4,4857
4,1172 4,1494
4,5523 4,5851
5,1893 5,2225
253 15:02
4,4530 4,4852
4,1159 4,1481
4,5522 4,5850
5,1889 5,2221
254 15:03
4,4527 4,4849
4,1159 4,1481
4,5522 4,5850
5,1881 5,2213
255 15:04
4,4525 4,4847
4,1157 4,1479
4,5521 4,5849
5,1897 5,2229
256 15:05
4,4527 4,4849
4,1161 4,1483
4,5516 4,5844
5,1899 5,2231
257 15:06
4,4525 4,4847
4,1169 4,1491
4,5531 4,5859
5,1903 5,2235
258 15:07
4,4523 4,4845
4,1167 4,1489
4,5512 4,5840
5,1906 5,2238
259 15:08
4,4526 4,4848
4,1187 4,1509
4,5501 4,5829
5,1910 5,2242
260 15:09
4,4543 4,4865
4,1211 4,1533
4,5519 4,5847
5,1935 5,2267
261 15:10
4,4541 4,4863
4,1218 4,1540
4,5524 4,5852
5,1927 5,2259
262 15:11
4,4564 4,4886
4,1241 4,1563
4,5568 4,5896
5,1966 5,2298
263 15:12
4,4560 4,4882
4,1236 4,1558
4,5573 4,5901
5,1960 5,2292
264 15:13
4,4560 4,4882
4,1234 4,1556
4,5567 4,5895
5,1953 5,2285
265 15:14
4,4558 4,4880
4,1226 4,1548
4,5553 4,5881
5,1942 5,2274
266 15:15
4,4559 4,4881
4,1248 4,1570
4,5549 4,5877
5,1940 5,2272
267 15:16
4,4582 4,4904
4,1273 4,1595
4,5573 4,5901
5,1972 5,2304
268 15:17
4,4592 4,4914
4,1284 4,1606
4,5566 4,5894
5,1984 5,2316
269 15:18
4,4594 4,4916
4,1276 4,1598
4,5566 4,5894
5,1977 5,2309
270 15:19
4,4597 4,4919
4,1279 4,1601
4,5576 4,5904
5,1973 5,2305
271 15:20
4,4596 4,4918
4,1288 4,1610
4,5577 4,5905
5,1970 5,2302
272 15:21
4,4609 4,4931
4,1308 4,1630
4,5597 4,5925
5,1988 5,2320
273 15:22
4,4612 4,4934
4,1328 4,1650
4,5603 4,5931
5,2001 5,2333
274 15:23
4,4612 4,4934
4,1320 4,1642
4,5618 4,5946
5,2007 5,2339
275 15:24
4,4612 4,4934
4,1324 4,1646
4,5617 4,5945
5,2001 5,2333
276 15:25
4,4612 4,4934
4,1305 4,1627
4,5608 4,5936
5,1992 5,2324
277 15:26
4,4621 4,4943
4,1306 4,1628
4,5618 4,5946
5,2009 5,2341
278 15:27
4,4622 4,4944
4,1294 4,1616
4,5618 4,5946
5,2009 5,2341
279 15:28
4,4636 4,4958
4,1308 4,1630
4,5630 4,5958
5,2020 5,2352
280 15:29
4,4634 4,4956
4,1305 4,1627
4,5630 4,5958
5,2011 5,2343
281 15:30
4,4639 4,4961
4,1314 4,1636
4,5638 4,5966
5,2014 5,2346
282 15:31
4,4639 4,4961
4,1301 4,1623
4,5636 4,5964
5,2017 5,2349
283 15:32
4,4644 4,4966
4,1305 4,1627
4,5639 4,5967
5,2023 5,2355
284 15:33
4,4646 4,4968
4,1290 4,1612
4,5633 4,5961
5,2023 5,2355
285 15:34
4,4647 4,4969
4,1285 4,1607
4,5625 4,5953
5,2030 5,2362
286 15:35
4,4652 4,4974
4,1292 4,1614
4,5625 4,5953
5,2026 5,2358
287 15:36
4,4651 4,4973
4,1285 4,1607
4,5623 4,5951
5,2023 5,2355
288 15:37
4,4649 4,4971
4,1304 4,1626
4,5627 4,5955
5,2023 5,2355
289 15:38
4,4642 4,4964
4,1304 4,1626
4,5608 4,5936
5,2015 5,2347
290 15:39
4,4641 4,4963
4,1302 4,1624
4,5609 4,5937
5,2016 5,2348
291 15:40
4,4643 4,4965
4,1310 4,1632
4,5604 4,5932
5,2021 5,2353
292 15:41
4,4657 4,4979
4,1330 4,1652
4,5633 4,5961
5,2038 5,2370
293 15:42
4,4655 4,4977
4,1325 4,1647
4,5640 4,5968
5,2051 5,2383
294 15:43
4,4653 4,4975
4,1329 4,1651
4,5635 4,5963
5,2068 5,2400
295 15:44
4,4653 4,4975
4,1335 4,1657
4,5638 4,5966
5,2074 5,2406
296 15:45
4,4652 4,4974
4,1345 4,1667
4,5653 4,5981
5,2090 5,2422
297 15:46
4,4653 4,4975
4,1355 4,1677
4,5655 4,5983
5,2089 5,2421
298 15:47
4,4662 4,4984
4,1352 4,1674
4,5663 4,5991
5,2111 5,2443
299 15:48
4,4654 4,4976
4,1351 4,1673
4,5658 4,5986
5,2093 5,2425
300 15:49
4,4648 4,4970
4,1347 4,1669
4,5656 4,5984
5,2082 5,2414
301 15:50
4,4636 4,4958
4,1338 4,1660
4,5642 4,5970
5,2071 5,2403
302 15:51
4,4634 4,4956
4,1344 4,1666
4,5645 4,5973
5,2073 5,2405
303 15:52
4,4633 4,4955
4,1334 4,1656
4,5641 4,5969
5,2074 5,2406
304 15:53
4,4631 4,4953
4,1332 4,1654
4,5632 4,5960
5,2084 5,2416
305 15:54
4,4634 4,4956
4,1335 4,1657
4,5642 4,5970
5,2075 5,2407
306 15:55
4,4632 4,4954
4,1339 4,1661
4,5644 4,5972
5,2073 5,2405
307 15:56
4,4632 4,4954
4,1335 4,1657
4,5640 4,5969
5,2088 5,2420
308 15:57
4,4632 4,4954
4,1333 4,1655
4,5640 4,5969
5,2075 5,2407
309 15:58
4,4633 4,4955
4,1336 4,1658
4,5637 4,5966
5,2071 5,2403
310 15:59
4,4638 4,4960
4,1341 4,1663
4,5636 4,5965
5,2074 5,2406
311 16:00
4,4644 4,4966
4,1354 4,1676
4,5641 4,5970
5,2076 5,2408
312 16:01
4,4659 4,4981
4,1379 4,1701
4,5663 4,5991
5,2089 5,2421
313 16:02
4,4655 4,4977
4,1372 4,1694
4,5658 4,5986
5,2086 5,2418
314 16:03
4,4651 4,4973
4,1379 4,1701
4,5653 4,5981
5,2069 5,2401
315 16:04
4,4651 4,4973
4,1368 4,1690
4,5655 4,5983
5,2071 5,2403
316 16:05
4,4647 4,4969
4,1358 4,1680
4,5644 4,5972
5,2066 5,2398
317 16:06
4,4629 4,4951
4,1338 4,1660
4,5621 4,5950
5,2049 5,2381
318 16:07
4,4635 4,4957
4,1364 4,1686
4,5631 4,5960
5,2067 5,2399
319 16:08
4,4640 4,4962
4,1365 4,1687
4,5641 4,5970
5,2070 5,2402
320 16:09
4,4648 4,4970
4,1368 4,1690
4,5649 4,5978
5,2079 5,2411
321 16:10
4,4647 4,4969
4,1391 4,1713
4,5651 4,5980
5,2082 5,2414
322 16:11
4,4652 4,4974
4,1402 4,1724
4,5652 4,5980
5,2110 5,2442
323 16:12
4,4666 4,4988
4,1420 4,1742
4,5665 4,5993
5,2136 5,2468
324 16:13
4,4681 4,5003
4,1441 4,1763
4,5683 4,6011
5,2160 5,2492
325 16:14
4,4687 4,5009
4,1454 4,1776
4,5692 4,6020
5,2170 5,2502
326 16:15
4,4667 4,4989
4,1423 4,1745
4,5667 4,5995
5,2150 5,2482
327 16:16
4,4674 4,4996
4,1421 4,1743
4,5675 4,6003
5,2161 5,2493
328 16:17
4,4676 4,4998
4,1422 4,1744
4,5673 4,6001
5,2155 5,2487
329 16:18
4,4676 4,4998
4,1412 4,1734
4,5675 4,6003
5,2134 5,2466
330 16:19
4,4675 4,4997
4,1407 4,1729
4,5672 4,6000
5,2123 5,2455
331 16:20
4,4664 4,4986
4,1390 4,1712
4,5659 4,5987
5,2110 5,2442
332 16:21
4,4661 4,4983
4,1381 4,1703
4,5658 4,5986
5,2095 5,2427
333 16:22
4,4643 4,4965
4,1358 4,1680
4,5635 4,5963
5,2070 5,2402
334 16:23
4,4638 4,4960
4,1348 4,1670
4,5643 4,5971
5,2076 5,2408
335 16:24
4,4634 4,4956
4,1344 4,1666
4,5642 4,5970
5,2084 5,2416
336 16:25
4,4619 4,4941
4,1340 4,1662
4,5625 4,5953
5,2073 5,2405
337 16:26
4,4633 4,4955
4,1340 4,1662
4,5633 4,5961
5,2090 5,2422
338 16:27
4,4639 4,4961
4,1341 4,1663
4,5636 4,5964
5,2100 5,2432
339 16:28
4,4650 4,4972
4,1352 4,1674
4,5649 4,5977
5,2117 5,2449
340 16:29
4,4656 4,4978
4,1364 4,1686
4,5655 4,5983
5,2119 5,2451
341 16:30
4,4655 4,4977
4,1360 4,1682
4,5658 4,5986
5,2122 5,2454
342 16:31
4,4659 4,4981
4,1366 4,1688
4,5665 4,5993
5,2123 5,2455
343 16:32
4,4660 4,4982
4,1364 4,1686
4,5668 4,5996
5,2120 5,2452
344 16:33
4,4655 4,4977
4,1368 4,1690
4,5664 4,5992
5,2119 5,2451
345 16:34
4,4656 4,4978
4,1372 4,1694
4,5662 4,5990
5,2123 5,2455
346 16:35
4,4656 4,4978
4,1374 4,1696
4,5662 4,5990
5,2125 5,2457
347 16:36
4,4651 4,4973
4,1366 4,1688
4,5660 4,5988
5,2123 5,2455
348 16:37
4,4649 4,4971
4,1356 4,1678
4,5660 4,5988
5,2108 5,2440
349 16:38
4,4649 4,4971
4,1356 4,1678
4,5662 4,5990
5,2102 5,2434
350 16:39
4,4652 4,4974
4,1355 4,1677
4,5663 4,5991
5,2112 5,2444
351 16:40
4,4653 4,4975
4,1358 4,1680
4,5664 4,5992
5,2111 5,2443
352 16:41
4,4663 4,4985
4,1359 4,1681
4,5671 4,5999
5,2130 5,2462
353 16:42
4,4662 4,4984
4,1362 4,1684
4,5673 4,6001
5,2131 5,2463
354 16:43
4,4660 4,4982
4,1366 4,1688
4,5673 4,6001
5,2136 5,2468
355 16:44
4,4661 4,4983
4,1357 4,1679
4,5672 4,6000
5,2132 5,2464
356 16:45
4,4665 4,4987
4,1352 4,1674
4,5684 4,6012
5,2127 5,2459
357 16:46
4,4665 4,4987
4,1354 4,1676
4,5693 4,6021
5,2139 5,2471
358 16:47
4,4666 4,4988
4,1353 4,1675
4,5702 4,6030
5,2143 5,2475
359 16:48
4,4672 4,4994
4,1352 4,1674
4,5697 4,6025
5,2150 5,2482
360 16:49
4,4674 4,4996
4,1341 4,1663
4,5697 4,6025
5,2144 5,2476
361 16:50
4,4673 4,4995
4,1330 4,1652
4,5703 4,6031
5,2133 5,2465
362 16:51
4,4677 4,4999
4,1347 4,1669
4,5705 4,6033
5,2138 5,2470
363 16:52
4,4680 4,5002
4,1350 4,1672
4,5699 4,6027
5,2132 5,2464
364 16:53
4,4679 4,5001
4,1346 4,1668
4,5693 4,6021
5,2128 5,2460
365 16:54
4,4676 4,4998
4,1339 4,1661
4,5688 4,6016
5,2124 5,2456
366 16:55
4,4679 4,5001
4,1349 4,1671
4,5695 4,6023
5,2137 5,2469
367 16:56
4,4680 4,5002
4,1349 4,1671
4,5692 4,6020
5,2138 5,2470
368 16:57
4,4676 4,4998
4,1352 4,1674
4,5687 4,6015
5,2136 5,2468
369 16:58
4,4656 4,4978
4,1332 4,1654
4,5663 4,5991
5,2128 5,2460
370 16:59
4,4651 4,4973
4,1331 4,1653
4,5654 4,5982
5,2130 5,2462
371 17:00
4,4643 4,4965
4,1324 4,1646
4,5644 4,5972
5,2120 5,2452
372 17:01
4,4645 4,4967
4,1326 4,1648
4,5642 4,5970
5,2122 5,2454
373 17:02
4,4639 4,4961
4,1322 4,1644
4,5636 4,5964
5,2114 5,2446
374 17:03
4,4627 4,4949
4,1309 4,1631
4,5632 4,5960
5,2094 5,2426
375 17:04
4,4629 4,4951
4,1303 4,1625
4,5645 4,5973
5,2099 5,2431
376 17:05
4,4635 4,4957
4,1311 4,1633
4,5649 4,5977
5,2107 5,2439
377 17:06
4,4635 4,4957
4,1320 4,1642
4,5653 4,5981
5,2113 5,2445
378 17:07
4,4635 4,4957
4,1324 4,1646
4,5647 4,5975
5,2113 5,2445
379 17:08
4,4634 4,4956
4,1313 4,1635
4,5644 4,5972
5,2108 5,2440
380 17:09
4,4635 4,4957
4,1311 4,1633
4,5646 4,5974
5,2104 5,2436
381 17:10
4,4637 4,4959
4,1318 4,1640
4,5657 4,5985
5,2106 5,2438
382 17:11
4,4632 4,4954
4,1312 4,1634
4,5652 4,5980
5,2110 5,2442
383 17:12
4,4630 4,4952
4,1307 4,1629
4,5649 4,5977
5,2107 5,2439
384 17:13
4,4628 4,4950
4,1294 4,1616
4,5641 4,5969
5,2110 5,2442
385 17:14
4,4627 4,4949
4,1280 4,1602
4,5646 4,5974
5,2118 5,2450
386 17:15
4,4626 4,4948
4,1287 4,1609
4,5647 4,5975
5,2111 5,2443
387 17:16
4,4624 4,4946
4,1291 4,1613
4,5650 4,5978
5,2109 5,2441
388 17:17
4,4623 4,4945
4,1290 4,1612
4,5652 4,5980
5,2121 5,2453
389 17:18
4,4636 4,4958
4,1304 4,1626
4,5675 4,6003
5,2148 5,2480
390 17:19
4,4640 4,4962
4,1308 4,1630
4,5663 4,5991
5,2161 5,2493
391 17:20
4,4643 4,4965
4,1311 4,1633
4,5663 4,5991
5,2168 5,2500
392 17:21
4,4640 4,4962
4,1309 4,1631
4,5650 4,5978
5,2155 5,2487
393 17:22
4,4640 4,4962
4,1315 4,1637
4,5648 4,5976
5,2159 5,2491
394 17:23
4,4643 4,4965
4,1320 4,1642
4,5644 4,5972
5,2150 5,2482
395 17:24
4,4644 4,4966
4,1322 4,1644
4,5645 4,5973
5,2149 5,2481
396 17:25
4,4642 4,4964
4,1327 4,1649
4,5643 4,5971
5,2136 5,2468
397 17:26
4,4643 4,4965
4,1333 4,1655
4,5649 4,5977
5,2150 5,2482
398 17:27
4,4649 4,4971
4,1355 4,1677
4,5656 4,5984
5,2172 5,2504
399 17:28
4,4652 4,4974
4,1355 4,1677
4,5651 4,5979
5,2174 5,2506
400 17:29
4,4652 4,4974
4,1359 4,1681
4,5643 4,5971
5,2179 5,2511
401 17:30
4,4646 4,4968
4,1353 4,1675
4,5626 4,5954
5,2176 5,2508
402 17:31
4,4642 4,4964
4,1355 4,1677
4,5648 4,5976
5,2173 5,2505
403 17:32
4,4640 4,4962
4,1348 4,1670
4,5636 4,5964
5,2174 5,2506
404 17:33
4,4640 4,4962
4,1348 4,1670
4,5628 4,5956
5,2177 5,2509
405 17:34
4,4639 4,4961
4,1351 4,1673
4,5626 4,5954
5,2173 5,2505
406 17:35
4,4632 4,4954
4,1357 4,1679
4,5633 4,5961
5,2163 5,2495
407 17:36
4,4628 4,4950
4,1364 4,1686
4,5627 4,5955
5,2163 5,2495
408 17:37
4,4624 4,4946
4,1351 4,1673
4,5628 4,5956
5,2168 5,2500
409 17:38
4,4624 4,4946
4,1348 4,1670
4,5624 4,5952
5,2164 5,2496
410 17:39
4,4624 4,4946
4,1360 4,1682
4,5629 4,5957
5,2170 5,2502
411 17:40
4,4623 4,4945
4,1355 4,1677
4,5628 4,5956
5,2175 5,2507
412 17:41
4,4623 4,4945
4,1353 4,1675
4,5628 4,5956
5,2178 5,2510
413 17:42
4,4623 4,4945
4,1357 4,1679
4,5628 4,5956
5,2175 5,2507
414 17:43
4,4621 4,4943
4,1355 4,1677
4,5626 4,5954
5,2173 5,2505
415 17:44
4,4620 4,4942
4,1348 4,1670
4,5625 4,5953
5,2171 5,2503
416 17:45
4,4620 4,4942
4,1352 4,1674
4,5620 4,5948
5,2171 5,2503
417 17:46
4,4621 4,4943
4,1345 4,1667
4,5628 4,5956
5,2166 5,2498
418 17:47
4,4625 4,4947
4,1342 4,1664
4,5633 4,5961
5,2172 5,2504
419 17:48
4,4626 4,4948
4,1348 4,1670
4,5634 4,5962
5,2169 5,2501
420 17:49
4,4625 4,4947
4,1347 4,1669
4,5633 4,5961
5,2169 5,2501
421 17:50
4,4624 4,4946
4,1343 4,1665
4,5634 4,5962
5,2164 5,2496
422 17:51
4,4623 4,4945
4,1346 4,1668
4,5631 4,5959
5,2163 5,2495
423 17:52
4,4623 4,4945
4,1348 4,1670
4,5633 4,5961
5,2163 5,2495
424 17:53
4,4624 4,4946
4,1339 4,1661
4,5632 4,5960
5,2161 5,2493
425 17:54
4,4621 4,4943
4,1330 4,1652
4,5641 4,5969
5,2161 5,2493
426 17:55
4,4624 4,4946
4,1339 4,1661
4,5654 4,5982
5,2169 5,2501
427 17:56
4,4622 4,4944
4,1342 4,1664
4,5651 4,5979
5,2163 5,2495
428 17:57
4,4621 4,4943
4,1341 4,1663
4,5649 4,5977
5,2160 5,2492
429 17:58
4,4620 4,4942
4,1339 4,1661
4,5648 4,5976
5,2161 5,2493
430 17:59
4,4623 4,4945
4,1341 4,1663
4,5657 4,5985
5,2166 5,2498
431 18:00
4,4624 4,4946
4,1346 4,1669
4,5672 4,6000
5,2171 5,2503
432 18:01
4,4630 4,4952
4,1343 4,1666
4,5665 4,5995
5,2175 5,2507
433 18:02
4,4629 4,4951
4,1339 4,1664
4,5672 4,6000
5,2170 5,2502
434 18:03
4,4629 4,4951
4,1335 4,1662
4,5677 4,6005
5,2177 5,2509
435 18:04
4,4630 4,4952
4,1333 4,1657
4,5685 4,6013
5,2177 5,2509
436 18:05
4,4632 4,4954
4,1337 4,1664
4,5687 4,6015
5,2188 5,2520
437 18:06
4,4631 4,4953
4,1332 4,1659
4,5680 4,6008
5,2197 5,2529
438 18:07
4,4631 4,4953
4,1337 4,1664
4,5676 4,6006
5,2198 5,2530
439 18:08
4,4635 4,4957
4,1332 4,1658
4,5683 4,6011
5,2201 5,2533
440 18:09
4,4636 4,4958
4,1337 4,1660
4,5705 4,6033
5,2203 5,2535
441 18:10
4,4638 4,4960
4,1342 4,1668
4,5723 4,6051
5,2211 5,2543
442 18:11
4,4638 4,4960
4,1346 4,1668
4,5728 4,6056
5,2206 5,2538
443 18:12
4,4639 4,4961
4,1347 4,1669
4,5720 4,6048
5,2200 5,2532
444 18:13
4,4643 4,4965
4,1340 4,1667
4,5711 4,6039
5,2199 5,2531
445 18:14
4,4644 4,4966
4,1344 4,1668
4,5711 4,6039
5,2200 5,2532
446 18:15
4,4644 4,4966
4,1344 4,1670
4,5708 4,6036
5,2200 5,2532
447 18:16
4,4644 4,4966
4,1345 4,1667
4,5712 4,6040
5,2201 5,2533
448 18:17
4,4644 4,4966
4,1345 4,1669
4,5709 4,6037
5,2197 5,2529
449 18:18
4,4645 4,4967
4,1346 4,1671
4,5705 4,6034
5,2194 5,2526
450 18:19
4,4647 4,4969
4,1351 4,1674
4,5709 4,6037
5,2195 5,2527
451 18:20
4,4648 4,4970
4,1344 4,1667
4,5713 4,6042
5,2198 5,2530
452 18:21
4,4650 4,4972
4,1349 4,1678
4,5713 4,6041
5,2204 5,2536
453 18:22
4,4652 4,4974
4,1350 4,1674
4,5713 4,6041
5,2206 5,2538
454 18:23
4,4653 4,4975
4,1347 4,1671
4,5720 4,6048
5,2208 5,2540
455 18:24
4,4653 4,4975
4,1344 4,1671
4,5713 4,6041
5,2208 5,2540
456 18:25
4,4653 4,4975
4,1348 4,1675
4,5710 4,6038
5,2210 5,2542
457 18:26
4,4653 4,4975
4,1356 4,1679
4,5706 4,6034
5,2210 5,2542
458 18:27
4,4653 4,4975
4,1352 4,1679
4,5701 4,6029
5,2210 5,2542
459 18:28
4,4653 4,4975
4,1346 4,1673
4,5706 4,6034
5,2204 5,2536
460 18:29
4,4652 4,4974
4,1344 4,1671
4,5709 4,6037
5,2206 5,2538
461 18:30
4,4651 4,4973
4,1350 4,1675
4,5714 4,6042
5,2208 5,2540
462 18:31
4,4652 4,4974
4,1344 4,1671
4,5715 4,6043
5,2203 5,2535
463 18:32
4,4652 4,4974
4,1340 4,1663
4,5719 4,6047
5,2203 5,2535
464 18:33
4,4632 4,4991
4,1320 4,1679
4,5695 4,6060
5,2180 5,2555
465 18:34
4,4646 4,4968
4,1333 4,1661
4,5713 4,6041
5,2196 5,2528
466 18:35
4,4646 4,4969
4,1339 4,1666
4,5713 4,6041
5,2196 5,2529
467 18:36
4,4644 4,4967
4,1334 4,1660
4,5713 4,6044
5,2194 5,2527
468 18:37
4,4644 4,4966
4,1328 4,1657
4,5712 4,6043
5,2194 5,2526
469 18:38
4,4642 4,4964
4,1326 4,1654
4,5714 4,6042
5,2192 5,2524
470 18:39
4,4646 4,4968
4,1336 4,1660
4,5719 4,6050
5,2202 5,2534
471 18:40
4,4653 4,4976
4,1346 4,1672
4,5725 4,6058
5,2204 5,2536
472 18:41
4,4652 4,4974
4,1343 4,1669
4,5724 4,6056
5,2203 5,2535
473 18:42
4,4652 4,4974
4,1347 4,1672
4,5733 4,6061
5,2203 5,2535
474 18:43
4,4653 4,4976
4,1351 4,1680
4,5729 4,6061
5,2204 5,2536
475 18:44
4,4652 4,4974
4,1351 4,1678
4,5723 4,6051
5,2203 5,2535
476 18:45
4,4653 4,4975
4,1354 4,1678
4,5726 4,6057
5,2204 5,2536
477 18:46
4,4652 4,4974
4,1351 4,1678
4,5723 4,6051
5,2200 5,2532
478 18:47
4,4652 4,4974
4,1350 4,1678
4,5736 4,6064
5,2205 5,2537
479 18:48
4,4652 4,4974
4,1346 4,1674
4,5738 4,6066
5,2203 5,2535
480 18:49
4,4652 4,4974
4,1344 4,1670
4,5746 4,6074
5,2203 5,2535
481 18:50
4,4652 4,4974
4,1344 4,1671
4,5747 4,6075
5,2206 5,2538
482 18:51
4,4652 4,4974
4,1340 4,1666
4,5762 4,6090
5,2203 5,2535
483 18:52
4,4652 4,4974
4,1342 4,1666
4,5766 4,6094
5,2203 5,2535
484 18:53
4,4652 4,4974
4,1346 4,1670
4,5758 4,6089
5,2203 5,2535
485 18:54
4,4652 4,4974
4,1342 4,1666
4,5752 4,6080
5,2203 5,2535
486 18:55
4,4652 4,4974
4,1340 4,1663
4,5753 4,6083
5,2209 5,2541
487 18:56
4,4652 4,4974
4,1336 4,1663
4,5747 4,6075
5,2206 5,2538
488 18:57
4,4652 4,4975
4,1339 4,1664
4,5744 4,6075
5,2209 5,2541
489 18:58
4,4652 4,4974
4,1327 4,1651
4,5737 4,6065
5,2203 5,2535
490 18:59
4,4646 4,4968
4,1323 4,1645
4,5727 4,6055
5,2196 5,2528
491 19:00
4,4646 4,4968
4,1323 4,1646
4,5724 4,6055
5,2194 5,2526
492 19:01
4,4645 4,4967
4,1318 4,1643
4,5726 4,6054
5,2189 5,2521
493 19:02
4,4645 4,4968
4,1313 4,1641
4,5726 4,6054
5,2190 5,2522
494 19:03
4,4646 4,4968
4,1323 4,1646
4,5728 4,6058
5,2190 5,2522
495 19:04
4,4645 4,4967
4,1325 4,1653
4,5729 4,6059
5,2190 5,2522
496 19:05
4,4646 4,4968
4,1325 4,1649
4,5733 4,6064
5,2189 5,2521
497 19:06
4,4647 4,4969
4,1327 4,1653
4,5732 4,6060
5,2188 5,2520
498 19:07
4,4645 4,4967
4,1321 4,1649
4,5731 4,6059
5,2185 5,2517
499 19:08
4,4645 4,4967
4,1325 4,1650
4,5731 4,6059
5,2183 5,2515
500 19:09
4,4645 4,4967
4,1325 4,1653
4,5731 4,6059
5,2177 5,2509
501 19:10
4,4645 4,4967
4,1329 4,1654
4,5726 4,6054
5,2174 5,2506
502 19:11
4,4645 4,4967
4,1332 4,1660
4,5731 4,6059
5,2166 5,2498
503 19:12
4,4628 4,4988
4,1317 4,1678
4,5710 4,6081
5,2151 5,2527
504 19:13
4,4645 4,4967
4,1330 4,1657
4,5726 4,6054
5,2176 5,2508
505 19:14
4,4629 4,4988
4,1317 4,1679
4,5710 4,6075
5,2152 5,2527
506 19:15
4,4644 4,4966
4,1339 4,1663
4,5729 4,6057
5,2166 5,2498
