#======================
2023-4-17
# 1.EUR, 2.USD, 3.CHF, 4.GBP
Sell Price, Buy Price
1 08:36
4,6192 4,6515
4,2030 4,2352
4,7036 4,7366
5,2216 5,2549
2 08:37
4,6192 4,6515
4,2030 4,2352
4,7038 4,7368
5,2218 5,2551
3 08:38
4,6198 4,6521
4,2035 4,2357
4,7044 4,7374
5,2225 5,2558
4 08:39
4,6193 4,6516
4,2036 4,2358
4,7039 4,7369
5,2222 5,2555
5 08:40
4,6193 4,6516
4,2036 4,2358
4,7041 4,7371
5,2222 5,2555
6 08:41
4,6192 4,6515
4,2030 4,2352
4,7036 4,7366
5,2225 5,2558
7 08:42
4,6193 4,6516
4,2037 4,2359
4,7027 4,7357
5,2226 5,2559
8 08:43
4,6198 4,6521
4,2041 4,2363
4,7032 4,7362
5,2234 5,2567
9 08:44
4,6198 4,6521
4,2039 4,2361
4,7032 4,7362
5,2232 5,2565
10 08:45
4,6198 4,6521
4,2034 4,2356
4,7035 4,7365
5,2237 5,2570
11 08:46
4,6200 4,6523
4,2029 4,2351
4,7034 4,7364
5,2239 5,2572
12 08:47
4,6205 4,6528
4,2038 4,2360
4,7039 4,7369
5,2241 5,2574
13 08:48
4,6205 4,6528
4,2038 4,2360
4,7040 4,7370
5,2242 5,2575
14 08:49
4,6213 4,6536
4,2043 4,2365
4,7050 4,7380
5,2254 5,2587
15 08:50
4,6219 4,6542
4,2052 4,2374
4,7056 4,7386
5,2267 5,2600
16 08:51
4,6228 4,6551
4,2067 4,2389
4,7065 4,7395
5,2274 5,2607
17 08:52
4,6228 4,6551
4,2067 4,2389
4,7065 4,7395
5,2274 5,2607
18 08:53
4,6226 4,6549
4,2076 4,2398
4,7070 4,7400
5,2272 5,2605
19 08:54
4,6226 4,6549
4,2074 4,2396
4,7068 4,7398
5,2275 5,2608
20 08:55
4,6227 4,6550
4,2071 4,2393
4,7073 4,7403
5,2290 5,2623
21 08:56
4,6228 4,6551
4,2068 4,2390
4,7075 4,7405
5,2293 5,2626
22 08:57
4,6228 4,6551
4,2070 4,2392
4,7077 4,7407
5,2289 5,2622
23 08:58
4,6228 4,6551
4,2068 4,2390
4,7080 4,7410
5,2290 5,2623
24 08:59
4,6222 4,6545
4,2057 4,2379
4,7074 4,7404
5,2263 5,2596
25 09:00
4,6219 4,6542
4,2062 4,2384
4,7075 4,7405
5,2267 5,2600
26 09:01
4,6220 4,6543
4,2059 4,2381
4,7081 4,7411
5,2265 5,2598
27 09:02
4,6223 4,6546
4,2056 4,2378
4,7079 4,7409
5,2257 5,2590
28 09:03
4,6221 4,6544
4,2056 4,2378
4,7077 4,7407
5,2255 5,2588
29 09:04
4,6214 4,6537
4,2044 4,2366
4,7070 4,7400
5,2241 5,2574
30 09:05
4,6211 4,6534
4,2035 4,2357
4,7072 4,7402
5,2237 5,2570
31 09:06
4,6212 4,6535
4,2033 4,2356
4,7068 4,7400
5,2248 5,2582
32 09:07
4,6210 4,6533
4,2029 4,2352
4,7060 4,7392
5,2251 5,2585
33 09:08
4,6213 4,6536
4,2034 4,2357
4,7069 4,7401
5,2255 5,2589
34 09:09
4,6212 4,6535
4,2029 4,2352
4,7067 4,7399
5,2245 5,2579
35 09:10
4,6212 4,6535
4,2020 4,2343
4,7065 4,7397
5,2242 5,2576
36 09:11
4,6213 4,6536
4,2028 4,2351
4,7075 4,7405
5,2246 5,2580
37 09:12
4,6211 4,6534
4,2018 4,2341
4,7072 4,7402
5,2243 5,2577
38 09:13
4,6212 4,6535
4,2021 4,2344
4,7068 4,7398
5,2245 5,2579
39 09:14
4,6214 4,6537
4,2014 4,2337
4,7068 4,7398
5,2241 5,2575
40 09:15
4,6215 4,6538
4,2022 4,2345
4,7071 4,7401
5,2244 5,2578
41 09:16
4,6216 4,6540
4,2023 4,2346
4,7074 4,7406
5,2246 5,2580
42 09:17
4,6222 4,6546
4,2034 4,2357
4,7080 4,7412
5,2256 5,2590
43 09:18
4,6221 4,6545
4,2039 4,2362
4,7081 4,7413
5,2246 5,2580
44 09:19
4,6221 4,6545
4,2031 4,2354
4,7086 4,7418
5,2243 5,2577
45 09:20
4,6219 4,6543
4,2022 4,2345
4,7079 4,7411
5,2241 5,2575
46 09:21
4,6220 4,6544
4,2019 4,2342
4,7080 4,7412
5,2239 5,2573
47 09:22
4,6221 4,6545
4,2024 4,2347
4,7101 4,7433
5,2240 5,2574
48 09:23
4,6218 4,6542
4,2023 4,2346
4,7095 4,7427
5,2230 5,2564
49 09:24
4,6221 4,6545
4,2031 4,2354
4,7096 4,7428
5,2231 5,2565
50 09:25
4,6221 4,6545
4,2030 4,2353
4,7101 4,7433
5,2225 5,2559
51 09:26
4,6226 4,6550
4,2040 4,2363
4,7110 4,7442
5,2234 5,2568
52 09:27
4,6226 4,6550
4,2040 4,2363
4,7106 4,7438
5,2231 5,2565
53 09:28
4,6226 4,6550
4,2048 4,2371
4,7096 4,7428
5,2248 5,2582
54 09:29
4,6226 4,6550
4,2044 4,2367
4,7096 4,7428
5,2258 5,2592
55 09:30
4,6222 4,6546
4,2034 4,2357
4,7092 4,7424
5,2259 5,2593
56 09:31
4,6228 4,6551
4,2038 4,2361
4,7104 4,7434
5,2257 5,2591
57 09:32
4,6223 4,6546
4,2022 4,2345
4,7092 4,7422
5,2245 5,2579
58 09:33
4,6221 4,6544
4,2022 4,2345
4,7087 4,7417
5,2237 5,2571
59 09:34
4,6222 4,6545
4,2021 4,2344
4,7093 4,7423
5,2244 5,2578
60 09:35
4,6225 4,6548
4,2024 4,2347
4,7091 4,7421
5,2244 5,2578
61 09:36
4,6226 4,6549
4,2025 4,2348
4,7092 4,7422
5,2246 5,2580
62 09:37
4,6227 4,6550
4,2023 4,2346
4,7103 4,7433
5,2238 5,2572
63 09:38
4,6223 4,6546
4,2020 4,2343
4,7089 4,7419
5,2227 5,2561
64 09:39
4,6224 4,6547
4,2023 4,2346
4,7095 4,7425
5,2225 5,2559
65 09:40
4,6223 4,6546
4,2024 4,2347
4,7092 4,7422
5,2228 5,2562
66 09:41
4,6222 4,6546
4,2034 4,2357
4,7098 4,7428
5,2232 5,2566
67 09:42
4,6219 4,6543
4,2042 4,2365
4,7089 4,7419
5,2219 5,2553
68 09:43
4,6216 4,6540
4,2040 4,2363
4,7089 4,7419
5,2219 5,2553
69 09:44
4,6215 4,6539
4,2039 4,2362
4,7085 4,7415
5,2221 5,2555
70 09:45
4,6211 4,6535
4,2032 4,2355
4,7087 4,7417
5,2223 5,2557
71 09:46
4,6208 4,6531
4,2022 4,2345
4,7078 4,7410
5,2216 5,2550
72 09:47
4,6208 4,6531
4,2020 4,2343
4,7092 4,7424
5,2216 5,2550
73 09:48
4,6203 4,6526
4,2013 4,2336
4,7082 4,7414
5,2208 5,2542
74 09:49
4,6202 4,6525
4,2014 4,2337
4,7081 4,7413
5,2207 5,2541
75 09:50
4,6202 4,6525
4,2012 4,2335
4,7084 4,7416
5,2204 5,2538
76 09:51
4,6201 4,6524
4,2011 4,2334
4,7084 4,7416
5,2205 5,2539
77 09:52
4,6203 4,6526
4,2021 4,2344
4,7082 4,7414
5,2194 5,2528
78 09:53
4,6202 4,6525
4,2016 4,2339
4,7081 4,7413
5,2188 5,2522
79 09:54
4,6205 4,6528
4,2021 4,2344
4,7077 4,7409
5,2189 5,2523
80 09:55
4,6201 4,6524
4,2013 4,2336
4,7071 4,7403
5,2185 5,2519
81 09:56
4,6203 4,6527
4,2013 4,2336
4,7073 4,7405
5,2187 5,2521
82 09:57
4,6202 4,6526
4,2016 4,2339
4,7067 4,7399
5,2178 5,2512
83 09:58
4,6202 4,6526
4,2014 4,2337
4,7072 4,7404
5,2194 5,2528
84 09:59
4,6200 4,6524
4,2022 4,2345
4,7077 4,7409
5,2192 5,2526
85 10:00
4,6203 4,6527
4,2028 4,2351
4,7082 4,7414
5,2201 5,2535
86 10:01
4,6200 4,6523
4,2022 4,2345
4,7080 4,7410
5,2186 5,2520
87 10:02
4,6201 4,6524
4,2019 4,2342
4,7075 4,7405
5,2185 5,2519
88 10:03
4,6205 4,6528
4,2025 4,2348
4,7078 4,7408
5,2189 5,2523
89 10:04
4,6210 4,6533
4,2037 4,2360
4,7090 4,7420
5,2205 5,2539
90 10:05
4,6210 4,6533
4,2033 4,2356
4,7090 4,7420
5,2213 5,2547
91 10:06
4,6212 4,6535
4,2041 4,2364
4,7098 4,7430
5,2215 5,2549
92 10:07
4,6213 4,6536
4,2053 4,2376
4,7102 4,7434
5,2212 5,2546
93 10:08
4,6215 4,6538
4,2072 4,2395
4,7097 4,7429
5,2221 5,2555
94 10:09
4,6215 4,6538
4,2072 4,2395
4,7099 4,7431
5,2224 5,2558
95 10:10
4,6215 4,6538
4,2067 4,2390
4,7090 4,7422
5,2228 5,2562
96 10:11
4,6216 4,6539
4,2067 4,2390
4,7091 4,7423
5,2228 5,2562
97 10:12
4,6219 4,6542
4,2070 4,2393
4,7098 4,7430
5,2229 5,2563
98 10:13
4,6217 4,6540
4,2072 4,2395
4,7092 4,7424
5,2226 5,2560
99 10:14
4,6218 4,6541
4,2071 4,2394
4,7098 4,7430
5,2231 5,2565
100 10:15
4,6218 4,6541
4,2067 4,2390
4,7100 4,7432
5,2219 5,2553
101 10:16
4,6218 4,6541
4,2065 4,2388
4,7105 4,7437
5,2222 5,2556
102 10:17
4,6215 4,6538
4,2074 4,2397
4,7099 4,7431
5,2221 5,2555
103 10:18
4,6212 4,6535
4,2069 4,2392
4,7101 4,7433
5,2209 5,2543
104 10:19
4,6211 4,6534
4,2070 4,2393
4,7100 4,7432
5,2208 5,2542
105 10:20
4,6211 4,6534
4,2076 4,2399
4,7095 4,7427
5,2217 5,2551
106 10:21
4,6214 4,6537
4,2083 4,2406
4,7099 4,7429
5,2228 5,2562
107 10:22
4,6215 4,6538
4,2089 4,2412
4,7095 4,7425
5,2227 5,2561
108 10:23
4,6213 4,6536
4,2089 4,2412
4,7089 4,7419
5,2222 5,2556
109 10:24
4,6214 4,6537
4,2096 4,2419
4,7085 4,7415
5,2212 5,2546
110 10:25
4,6214 4,6537
4,2089 4,2412
4,7083 4,7413
5,2211 5,2545
111 10:26
4,6210 4,6534
4,2087 4,2410
4,7098 4,7428
5,2195 5,2529
112 10:27
4,6208 4,6532
4,2089 4,2412
4,7095 4,7425
5,2184 5,2518
113 10:28
4,6210 4,6534
4,2094 4,2417
4,7097 4,7427
5,2193 5,2527
114 10:29
4,6210 4,6534
4,2093 4,2416
4,7093 4,7423
5,2189 5,2523
115 10:30
4,6211 4,6535
4,2091 4,2414
4,7096 4,7426
5,2187 5,2521
116 10:31
4,6209 4,6532
4,2088 4,2411
4,7092 4,7422
5,2187 5,2521
117 10:32
4,6207 4,6530
4,2090 4,2413
4,7092 4,7422
5,2186 5,2520
118 10:33
4,6207 4,6530
4,2095 4,2418
4,7097 4,7427
5,2197 5,2531
119 10:34
4,6199 4,6522
4,2090 4,2413
4,7086 4,7416
5,2197 5,2531
120 10:35
4,6202 4,6525
4,2091 4,2414
4,7077 4,7407
5,2195 5,2529
121 10:36
4,6203 4,6526
4,2101 4,2424
4,7083 4,7415
5,2196 5,2530
122 10:37
4,6201 4,6524
4,2102 4,2425
4,7080 4,7412
5,2185 5,2519
123 10:38
4,6201 4,6524
4,2102 4,2425
4,7080 4,7412
5,2185 5,2519
124 10:39
4,6205 4,6528
4,2101 4,2424
4,7058 4,7390
5,2186 5,2520
125 10:40
4,6205 4,6528
4,2094 4,2417
4,7055 4,7387
5,2181 5,2515
126 10:41
4,6205 4,6528
4,2094 4,2417
4,7055 4,7387
5,2181 5,2515
127 10:42
4,6201 4,6524
4,2100 4,2423
4,7057 4,7387
5,2182 5,2516
128 10:43
4,6190 4,6513
4,2092 4,2415
4,7051 4,7381
5,2170 5,2504
129 10:44
4,6188 4,6511
4,2094 4,2417
4,7053 4,7383
5,2161 5,2495
130 10:45
4,6189 4,6512
4,2089 4,2412
4,7049 4,7379
5,2165 5,2499
131 10:46
4,6186 4,6509
4,2090 4,2413
4,7049 4,7379
5,2176 5,2510
132 10:47
4,6178 4,6501
4,2086 4,2409
4,7041 4,7371
5,2158 5,2492
133 10:48
4,6176 4,6499
4,2082 4,2405
4,7036 4,7366
5,2153 5,2487
134 10:49
4,6179 4,6502
4,2081 4,2404
4,7036 4,7366
5,2153 5,2487
135 10:50
4,6177 4,6500
4,2076 4,2399
4,7030 4,7360
5,2143 5,2477
136 10:51
4,6176 4,6499
4,2075 4,2398
4,7041 4,7371
5,2145 5,2479
137 10:52
4,6168 4,6491
4,2072 4,2395
4,7031 4,7361
5,2124 5,2458
138 10:53
4,6169 4,6492
4,2069 4,2392
4,7032 4,7362
5,2125 5,2459
139 10:54
4,6169 4,6492
4,2080 4,2403
4,7025 4,7355
5,2128 5,2462
140 10:55
4,6169 4,6492
4,2094 4,2417
4,7034 4,7364
5,2125 5,2459
141 10:56
4,6168 4,6491
4,2093 4,2416
4,7037 4,7367
5,2136 5,2470
142 10:57
4,6170 4,6493
4,2085 4,2408
4,7045 4,7375
5,2138 5,2472
143 10:58
4,6166 4,6489
4,2078 4,2401
4,7036 4,7366
5,2125 5,2459
144 10:59
4,6164 4,6487
4,2093 4,2416
4,7036 4,7366
5,2122 5,2456
145 11:00
4,6158 4,6481
4,2091 4,2414
4,7034 4,7364
5,2125 5,2459
146 11:01
4,6158 4,6481
4,2083 4,2406
4,7023 4,7353
5,2112 5,2446
147 11:02
4,6158 4,6481
4,2076 4,2399
4,7023 4,7353
5,2107 5,2441
148 11:03
4,6160 4,6483
4,2072 4,2395
4,7016 4,7346
5,2118 5,2452
149 11:04
4,6153 4,6476
4,2062 4,2385
4,7008 4,7338
5,2107 5,2441
150 11:05
4,6157 4,6480
4,2060 4,2383
4,7007 4,7337
5,2102 5,2436
151 11:06
4,6161 4,6484
4,2063 4,2386
4,7012 4,7342
5,2113 5,2447
152 11:07
4,6161 4,6484
4,2061 4,2384
4,7014 4,7344
5,2107 5,2441
153 11:08
4,6161 4,6484
4,2058 4,2381
4,7014 4,7344
5,2110 5,2444
154 11:09
4,6171 4,6494
4,2068 4,2391
4,7021 4,7351
5,2118 5,2452
155 11:10
4,6172 4,6495
4,2062 4,2385
4,7023 4,7353
5,2117 5,2451
156 11:11
4,6172 4,6495
4,2064 4,2387
4,7023 4,7354
5,2119 5,2453
157 11:12
4,6173 4,6496
4,2070 4,2393
4,7026 4,7357
5,2124 5,2458
158 11:13
4,6170 4,6493
4,2070 4,2393
4,7024 4,7355
5,2123 5,2457
159 11:14
4,6170 4,6493
4,2073 4,2396
4,7025 4,7356
5,2125 5,2459
160 11:15
4,6170 4,6493
4,2074 4,2397
4,7026 4,7357
5,2126 5,2460
161 11:16
4,6164 4,6487
4,2076 4,2399
4,7017 4,7347
5,2125 5,2459
162 11:17
4,6168 4,6491
4,2090 4,2413
4,7026 4,7356
5,2124 5,2458
163 11:18
4,6163 4,6486
4,2090 4,2413
4,7038 4,7368
5,2119 5,2453
164 11:19
4,6164 4,6487
4,2089 4,2412
4,7048 4,7378
5,2119 5,2453
165 11:20
4,6163 4,6486
4,2088 4,2411
4,7040 4,7370
5,2118 5,2452
166 11:21
4,6163 4,6486
4,2084 4,2407
4,7038 4,7368
5,2118 5,2452
167 11:22
4,6166 4,6489
4,2087 4,2410
4,7033 4,7363
5,2118 5,2452
168 11:23
4,6167 4,6490
4,2079 4,2402
4,7037 4,7367
5,2117 5,2451
169 11:24
4,6163 4,6486
4,2077 4,2400
4,7028 4,7358
5,2107 5,2441
170 11:25
4,6165 4,6488
4,2073 4,2396
4,7030 4,7360
5,2106 5,2440
171 11:26
4,6163 4,6486
4,2059 4,2382
4,7032 4,7362
5,2109 5,2443
172 11:27
4,6162 4,6485
4,2055 4,2378
4,7037 4,7367
5,2099 5,2433
173 11:28
4,6163 4,6486
4,2053 4,2376
4,7042 4,7372
5,2106 5,2440
174 11:29
4,6164 4,6487
4,2050 4,2373
4,7033 4,7363
5,2101 5,2435
175 11:30
4,6162 4,6485
4,2053 4,2376
4,7025 4,7355
5,2099 5,2433
176 11:31
4,6162 4,6485
4,2053 4,2376
4,7017 4,7347
5,2102 5,2436
177 11:32
4,6162 4,6485
4,2053 4,2376
4,7027 4,7357
5,2111 5,2445
178 11:33
4,6162 4,6485
4,2053 4,2376
4,7025 4,7355
5,2114 5,2448
179 11:34
4,6164 4,6487
4,2053 4,2376
4,7039 4,7369
5,2119 5,2453
180 11:35
4,6165 4,6488
4,2050 4,2373
4,7033 4,7363
5,2119 5,2453
181 11:36
4,6158 4,6481
4,2041 4,2364
4,7018 4,7348
5,2107 5,2441
182 11:37
4,6159 4,6482
4,2045 4,2368
4,7020 4,7350
5,2108 5,2442
183 11:38
4,6158 4,6481
4,2043 4,2366
4,7013 4,7343
5,2110 5,2444
184 11:39
4,6157 4,6480
4,2042 4,2365
4,7012 4,7342
5,2108 5,2442
185 11:40
4,6157 4,6480
4,2044 4,2367
4,7012 4,7342
5,2106 5,2440
186 11:41
4,6156 4,6479
4,2049 4,2372
4,7005 4,7337
5,2104 5,2438
187 11:42
4,6149 4,6472
4,2041 4,2364
4,6996 4,7328
5,2093 5,2427
188 11:43
4,6149 4,6472
4,2039 4,2362
4,6996 4,7328
5,2091 5,2425
189 11:44
4,6148 4,6471
4,2025 4,2348
4,6995 4,7327
5,2095 5,2429
190 11:45
4,6148 4,6471
4,2028 4,2351
4,6997 4,7329
5,2104 5,2438
191 11:46
4,6147 4,6470
4,2029 4,2352
4,6995 4,7325
5,2117 5,2451
192 11:47
4,6145 4,6468
4,2029 4,2352
4,6995 4,7325
5,2118 5,2452
193 11:48
4,6148 4,6471
4,2032 4,2355
4,6996 4,7326
5,2122 5,2456
194 11:49
4,6150 4,6473
4,2034 4,2357
4,6998 4,7328
5,2140 5,2474
195 11:50
4,6156 4,6479
4,2038 4,2361
4,7004 4,7334
5,2144 5,2478
196 11:51
4,6155 4,6478
4,2033 4,2356
4,7001 4,7331
5,2142 5,2476
197 11:52
4,6164 4,6487
4,2045 4,2368
4,7012 4,7342
5,2146 5,2480
198 11:53
4,6162 4,6485
4,2037 4,2360
4,7013 4,7343
5,2141 5,2475
199 11:54
4,6160 4,6483
4,2034 4,2357
4,7008 4,7338
5,2147 5,2481
200 11:55
4,6156 4,6479
4,2026 4,2349
4,7004 4,7334
5,2147 5,2481
201 11:56
4,6150 4,6473
4,2020 4,2343
4,6996 4,7326
5,2145 5,2479
202 11:57
4,6138 4,6461
4,1998 4,2321
4,6979 4,7309
5,2132 5,2466
203 11:58
4,6131 4,6454
4,1995 4,2318
4,6974 4,7304
5,2136 5,2470
204 11:59
4,6096 4,6419
4,1977 4,2300
4,6938 4,7268
5,2095 5,2429
205 12:00
4,6098 4,6421
4,1977 4,2300
4,6940 4,7270
5,2088 5,2422
206 12:01
4,6099 4,6422
4,1980 4,2303
4,6946 4,7276
5,2095 5,2431
207 12:02
4,6091 4,6414
4,1977 4,2300
4,6938 4,7268
5,2092 5,2428
208 12:03
4,6084 4,6407
4,1968 4,2291
4,6936 4,7266
5,2080 5,2416
209 12:04
4,6092 4,6415
4,1979 4,2302
4,6941 4,7271
5,2096 5,2432
210 12:05
4,6090 4,6413
4,1979 4,2302
4,6944 4,7274
5,2094 5,2430
211 12:06
4,6090 4,6413
4,1977 4,2300
4,6944 4,7274
5,2083 5,2417
212 12:07
4,6087 4,6410
4,1975 4,2298
4,6941 4,7271
5,2079 5,2413
213 12:08
4,6083 4,6406
4,1971 4,2294
4,6942 4,7272
5,2081 5,2415
214 12:09
4,6081 4,6404
4,1969 4,2292
4,6940 4,7270
5,2082 5,2416
215 12:10
4,6084 4,6407
4,1972 4,2295
4,6943 4,7273
5,2081 5,2415
216 12:11
4,6093 4,6416
4,1984 4,2307
4,6957 4,7287
5,2090 5,2424
217 12:12
4,6095 4,6418
4,1988 4,2311
4,6959 4,7289
5,2092 5,2426
218 12:13
4,6102 4,6425
4,1998 4,2321
4,6968 4,7298
5,2105 5,2439
219 12:14
4,6102 4,6425
4,2006 4,2329
4,6968 4,7298
5,2114 5,2448
220 12:15
4,6101 4,6424
4,2001 4,2324
4,6967 4,7297
5,2113 5,2447
221 12:16
4,6098 4,6422
4,1992 4,2315
4,6956 4,7288
5,2126 5,2460
222 12:17
4,6099 4,6423
4,1999 4,2322
4,6961 4,7293
5,2117 5,2451
223 12:18
4,6105 4,6429
4,2001 4,2324
4,6968 4,7300
5,2123 5,2457
224 12:19
4,6104 4,6428
4,2002 4,2325
4,6967 4,7299
5,2131 5,2465
225 12:20
4,6107 4,6431
4,2001 4,2324
4,6970 4,7302
5,2125 5,2459
226 12:21
4,6112 4,6435
4,1999 4,2322
4,6978 4,7308
5,2126 5,2460
227 12:22
4,6112 4,6435
4,1996 4,2319
4,6976 4,7306
5,2122 5,2456
228 12:23
4,6109 4,6432
4,1993 4,2316
4,6985 4,7315
5,2119 5,2453
229 12:24
4,6114 4,6437
4,1996 4,2319
4,6983 4,7313
5,2121 5,2455
230 12:25
4,6117 4,6440
4,2004 4,2327
4,6985 4,7315
5,2125 5,2459
231 12:26
4,6115 4,6438
4,2004 4,2327
4,6984 4,7314
5,2123 5,2457
232 12:27
4,6113 4,6436
4,2000 4,2323
4,6977 4,7307
5,2121 5,2455
233 12:28
4,6116 4,6439
4,2003 4,2326
4,6980 4,7310
5,2124 5,2458
234 12:29
4,6114 4,6437
4,1999 4,2322
4,6985 4,7315
5,2122 5,2456
235 12:30
4,6114 4,6437
4,1995 4,2318
4,6980 4,7310
5,2122 5,2456
236 12:31
4,6114 4,6437
4,1990 4,2313
4,6974 4,7304
5,2119 5,2453
237 12:32
4,6110 4,6433
4,1978 4,2301
4,6969 4,7299
5,2106 5,2440
238 12:33
4,6110 4,6433
4,1984 4,2307
4,6972 4,7302
5,2109 5,2443
239 12:34
4,6108 4,6431
4,1979 4,2302
4,6967 4,7297
5,2111 5,2445
240 12:35
4,6111 4,6434
4,1979 4,2302
4,6968 4,7298
5,2109 5,2443
241 12:36
4,6114 4,6437
4,1980 4,2303
4,6973 4,7303
5,2118 5,2452
242 12:37
4,6114 4,6437
4,1978 4,2301
4,6968 4,7298
5,2121 5,2455
243 12:38
4,6118 4,6441
4,1986 4,2309
4,6972 4,7302
5,2122 5,2456
244 12:39
4,6122 4,6445
4,1989 4,2312
4,6977 4,7307
5,2123 5,2457
245 12:40
4,6126 4,6449
4,1991 4,2314
4,6981 4,7311
5,2126 5,2460
246 12:41
4,6125 4,6448
4,1990 4,2313
4,6980 4,7310
5,2125 5,2459
247 12:42
4,6124 4,6447
4,1991 4,2314
4,6979 4,7309
5,2121 5,2455
248 12:43
4,6124 4,6447
4,1999 4,2322
4,6981 4,7311
5,2124 5,2458
249 12:44
4,6121 4,6444
4,1994 4,2317
4,6976 4,7306
5,2117 5,2451
250 12:45
4,6119 4,6442
4,1985 4,2308
4,6974 4,7304
5,2122 5,2456
251 12:46
4,6120 4,6443
4,1982 4,2305
4,6975 4,7306
5,2126 5,2460
252 12:47
4,6120 4,6443
4,1980 4,2303
4,6967 4,7298
5,2126 5,2460
253 12:48
4,6119 4,6442
4,1981 4,2304
4,6966 4,7297
5,2128 5,2462
254 12:49
4,6119 4,6442
4,1983 4,2306
4,6974 4,7305
5,2125 5,2459
255 12:50
4,6119 4,6442
4,1985 4,2308
4,6974 4,7305
5,2122 5,2456
256 12:51
4,6119 4,6442
4,1987 4,2310
4,6974 4,7304
5,2125 5,2459
257 12:52
4,6118 4,6441
4,1982 4,2305
4,6968 4,7298
5,2120 5,2454
258 12:53
4,6116 4,6439
4,1980 4,2303
4,6966 4,7296
5,2118 5,2452
259 12:54
4,6116 4,6439
4,1982 4,2305
4,6973 4,7303
5,2118 5,2452
260 12:55
4,6114 4,6437
4,1978 4,2301
4,6978 4,7308
5,2116 5,2450
261 12:56
4,6113 4,6436
4,1975 4,2298
4,6970 4,7300
5,2112 5,2446
262 12:57
4,6107 4,6430
4,1976 4,2299
4,6969 4,7299
5,2107 5,2441
263 12:58
4,6107 4,6430
4,1981 4,2304
4,6981 4,7311
5,2108 5,2442
264 12:59
4,6101 4,6424
4,1968 4,2291
4,6967 4,7297
5,2107 5,2441
265 13:00
4,6097 4,6420
4,1970 4,2293
4,6964 4,7294
5,2100 5,2434
266 13:01
4,6100 4,6423
4,1973 4,2296
4,6969 4,7299
5,2097 5,2431
267 13:02
4,6099 4,6422
4,1968 4,2291
4,6963 4,7293
5,2090 5,2424
268 13:03
4,6104 4,6427
4,1977 4,2300
4,6961 4,7291
5,2102 5,2436
269 13:04
4,6102 4,6425
4,1971 4,2294
4,6959 4,7289
5,2109 5,2443
270 13:05
4,6100 4,6423
4,1969 4,2292
4,6952 4,7282
5,2124 5,2458
271 13:06
4,6102 4,6425
4,1973 4,2296
4,6957 4,7286
5,2132 5,2466
272 13:07
4,6102 4,6425
4,1969 4,2292
4,6955 4,7284
5,2135 5,2469
273 13:08
4,6102 4,6425
4,1967 4,2290
4,6957 4,7286
5,2132 5,2466
274 13:09
4,6102 4,6425
4,1973 4,2296
4,6957 4,7286
5,2135 5,2469
275 13:10
4,6104 4,6427
4,1975 4,2298
4,6962 4,7291
5,2137 5,2471
276 13:11
4,6110 4,6433
4,1984 4,2307
4,6970 4,7300
5,2153 5,2487
277 13:12
4,6110 4,6433
4,1984 4,2307
4,6975 4,7305
5,2153 5,2487
278 13:13
4,6108 4,6431
4,1981 4,2304
4,6973 4,7303
5,2156 5,2490
279 13:14
4,6109 4,6432
4,1974 4,2297
4,6967 4,7297
5,2160 5,2494
280 13:15
4,6110 4,6433
4,1978 4,2301
4,6968 4,7298
5,2160 5,2494
281 13:16
4,6107 4,6431
4,1993 4,2316
4,6976 4,7306
5,2155 5,2489
282 13:17
4,6109 4,6433
4,1997 4,2320
4,6983 4,7313
5,2157 5,2491
283 13:18
4,6113 4,6437
4,2006 4,2329
4,6979 4,7309
5,2161 5,2495
284 13:19
4,6113 4,6437
4,1998 4,2321
4,6977 4,7307
5,2162 5,2496
285 13:20
4,6113 4,6437
4,2004 4,2327
4,6979 4,7309
5,2168 5,2502
286 13:21
4,6116 4,6439
4,2005 4,2328
4,6983 4,7313
5,2174 5,2508
287 13:22
4,6118 4,6441
4,2011 4,2334
4,6992 4,7322
5,2180 5,2514
288 13:23
4,6119 4,6442
4,2010 4,2333
4,6992 4,7322
5,2181 5,2515
289 13:24
4,6121 4,6444
4,2015 4,2338
4,6995 4,7325
5,2183 5,2517
290 13:25
4,6121 4,6444
4,2011 4,2334
4,6997 4,7327
5,2185 5,2519
291 13:26
4,6123 4,6446
4,2013 4,2336
4,7002 4,7333
5,2194 5,2528
292 13:27
4,6125 4,6448
4,2019 4,2342
4,7006 4,7337
5,2193 5,2527
293 13:28
4,6125 4,6448
4,2019 4,2342
4,7009 4,7340
5,2200 5,2534
294 13:29
4,6125 4,6448
4,2023 4,2346
4,7008 4,7339
5,2202 5,2536
295 13:30
4,6125 4,6448
4,2021 4,2344
4,6999 4,7330
5,2202 5,2536
296 13:31
4,6125 4,6448
4,2021 4,2344
4,6994 4,7324
5,2194 5,2528
297 13:32
4,6128 4,6451
4,2026 4,2349
4,6988 4,7318
5,2203 5,2537
298 13:33
4,6127 4,6450
4,2028 4,2351
4,6982 4,7312
5,2204 5,2538
299 13:34
4,6127 4,6450
4,2025 4,2348
4,6982 4,7312
5,2200 5,2534
300 13:35
4,6125 4,6448
4,2023 4,2346
4,6980 4,7310
5,2194 5,2528
301 13:36
4,6125 4,6448
4,2019 4,2342
4,6987 4,7318
5,2191 5,2525
302 13:37
4,6125 4,6448
4,2019 4,2342
4,6987 4,7318
5,2194 5,2528
303 13:38
4,6125 4,6448
4,2017 4,2340
4,6989 4,7320
5,2194 5,2528
304 13:39
4,6126 4,6449
4,2020 4,2343
4,6995 4,7326
5,2198 5,2532
305 13:40
4,6130 4,6453
4,2025 4,2348
4,6994 4,7325
5,2199 5,2533
306 13:41
4,6130 4,6453
4,2024 4,2347
4,6995 4,7325
5,2202 5,2536
307 13:42
4,6130 4,6453
4,2031 4,2354
4,7000 4,7330
5,2205 5,2539
308 13:43
4,6131 4,6454
4,2026 4,2349
4,6999 4,7329
5,2206 5,2540
309 13:44
4,6130 4,6453
4,2022 4,2345
4,6993 4,7323
5,2199 5,2533
310 13:45
4,6130 4,6453
4,2024 4,2347
4,6995 4,7325
5,2208 5,2542
311 13:46
4,6128 4,6451
4,2024 4,2347
4,6992 4,7323
5,2208 5,2542
312 13:47
4,6127 4,6450
4,2019 4,2342
4,6991 4,7322
5,2207 5,2541
313 13:48
4,6127 4,6450
4,2023 4,2346
4,6996 4,7327
5,2204 5,2538
314 13:49
4,6127 4,6450
4,2023 4,2346
4,6996 4,7327
5,2208 5,2542
315 13:50
4,6124 4,6447
4,2020 4,2343
4,6998 4,7329
5,2201 5,2535
316 13:51
4,6124 4,6447
4,2008 4,2331
4,6988 4,7318
5,2207 5,2541
317 13:52
4,6126 4,6449
4,2006 4,2329
4,6985 4,7315
5,2213 5,2547
318 13:53
4,6126 4,6449
4,2008 4,2331
4,6983 4,7313
5,2209 5,2543
319 13:54
4,6126 4,6449
4,2006 4,2329
4,6983 4,7313
5,2213 5,2547
320 13:55
4,6126 4,6449
4,2010 4,2333
4,6988 4,7318
5,2217 5,2551
321 13:56
4,6122 4,6445
4,2008 4,2331
4,6986 4,7316
5,2208 5,2542
322 13:57
4,6121 4,6444
4,2002 4,2325
4,6985 4,7315
5,2210 5,2544
323 13:58
4,6122 4,6445
4,2004 4,2327
4,6991 4,7321
5,2222 5,2556
324 13:59
4,6120 4,6443
4,2005 4,2328
4,6985 4,7315
5,2232 5,2566
325 14:00
4,6119 4,6442
4,2006 4,2329
4,6983 4,7313
5,2226 5,2560
326 14:01
4,6120 4,6443
4,2007 4,2330
4,6984 4,7314
5,2212 5,2546
327 14:02
4,6119 4,6442
4,2004 4,2327
4,6983 4,7313
5,2219 5,2553
328 14:03
4,6120 4,6443
4,2013 4,2336
4,6994 4,7324
5,2212 5,2546
329 14:04
4,6113 4,6436
4,2002 4,2325
4,6987 4,7317
5,2207 5,2541
330 14:05
4,6113 4,6436
4,2002 4,2325
4,6987 4,7317
5,2204 5,2538
331 14:06
4,6111 4,6434
4,1995 4,2318
4,6993 4,7325
5,2198 5,2532
332 14:07
4,6115 4,6438
4,2000 4,2323
4,6995 4,7327
5,2197 5,2531
333 14:08
4,6115 4,6438
4,2000 4,2323
4,6997 4,7329
5,2191 5,2525
334 14:09
4,6117 4,6440
4,2000 4,2323
4,6990 4,7322
5,2202 5,2536
335 14:10
4,6115 4,6438
4,1992 4,2315
4,6997 4,7329
5,2203 5,2537
336 14:11
4,6113 4,6436
4,1989 4,2312
4,6991 4,7321
5,2219 5,2553
337 14:12
4,6112 4,6435
4,1988 4,2311
4,6993 4,7323
5,2206 5,2540
338 14:13
4,6112 4,6435
4,1992 4,2315
4,6986 4,7316
5,2202 5,2536
339 14:14
4,6115 4,6438
4,1998 4,2321
4,6993 4,7323
5,2215 5,2549
340 14:15
4,6115 4,6438
4,1994 4,2317
4,6991 4,7321
5,2221 5,2555
341 14:16
4,6115 4,6438
4,1994 4,2317
4,6994 4,7325
5,2220 5,2554
342 14:17
4,6122 4,6445
4,2007 4,2330
4,6998 4,7329
5,2238 5,2572
343 14:18
4,6121 4,6444
4,2002 4,2325
4,7002 4,7333
5,2233 5,2567
344 14:19
4,6129 4,6452
4,2013 4,2336
4,7010 4,7341
5,2245 5,2579
345 14:20
4,6127 4,6450
4,2011 4,2334
4,7010 4,7341
5,2243 5,2577
346 14:21
4,6126 4,6449
4,1993 4,2316
4,7010 4,7341
5,2254 5,2588
347 14:22
4,6126 4,6449
4,1991 4,2314
4,7010 4,7341
5,2254 5,2588
348 14:23
4,6127 4,6450
4,1998 4,2321
4,7010 4,7341
5,2258 5,2592
349 14:24
4,6122 4,6445
4,1993 4,2316
4,7010 4,7341
5,2250 5,2584
350 14:25
4,6116 4,6439
4,1984 4,2307
4,7002 4,7333
5,2236 5,2570
351 14:26
4,6116 4,6439
4,1986 4,2309
4,7009 4,7340
5,2233 5,2567
352 14:27
4,6116 4,6439
4,1984 4,2307
4,7004 4,7335
5,2234 5,2568
353 14:28
4,6115 4,6438
4,1985 4,2308
4,6998 4,7329
5,2227 5,2561
354 14:29
4,6114 4,6437
4,1986 4,2309
4,7002 4,7333
5,2235 5,2569
355 14:30
4,6116 4,6439
4,1989 4,2312
4,7013 4,7344
5,2234 5,2568
356 14:31
4,6117 4,6440
4,2012 4,2335
4,6996 4,7327
5,2226 5,2560
357 14:32
4,6120 4,6443
4,2026 4,2349
4,6999 4,7330
5,2223 5,2557
358 14:33
4,6127 4,6450
4,2046 4,2369
4,7015 4,7346
5,2237 5,2571
359 14:34
4,6118 4,6441
4,2037 4,2360
4,7009 4,7340
5,2236 5,2570
360 14:35
4,6116 4,6439
4,2028 4,2351
4,6999 4,7330
5,2234 5,2568
361 14:36
4,6118 4,6441
4,2032 4,2355
4,7000 4,7329
5,2236 5,2570
362 14:37
4,6114 4,6437
4,2019 4,2342
4,6989 4,7318
5,2225 5,2559
363 14:38
4,6109 4,6432
4,2002 4,2325
4,6991 4,7320
5,2226 5,2560
364 14:39
4,6107 4,6430
4,2004 4,2327
4,6991 4,7320
5,2230 5,2564
365 14:40
4,6103 4,6426
4,2004 4,2327
4,6986 4,7315
5,2225 5,2559
366 14:41
4,6103 4,6426
4,2007 4,2330
4,6985 4,7314
5,2228 5,2562
367 14:42
4,6104 4,6427
4,2009 4,2332
4,6988 4,7317
5,2226 5,2560
368 14:43
4,6105 4,6428
4,2014 4,2337
4,6992 4,7321
5,2225 5,2559
369 14:44
4,6109 4,6432
4,2029 4,2352
4,6998 4,7327
5,2226 5,2560
370 14:45
4,6112 4,6435
4,2044 4,2367
4,6999 4,7328
5,2223 5,2557
371 14:46
4,6112 4,6435
4,2069 4,2392
4,7006 4,7335
5,2251 5,2585
372 14:47
4,6118 4,6441
4,2074 4,2397
4,6998 4,7327
5,2257 5,2591
373 14:48
4,6114 4,6437
4,2076 4,2399
4,6998 4,7327
5,2259 5,2593
374 14:49
4,6128 4,6451
4,2101 4,2424
4,7010 4,7339
5,2276 5,2610
375 14:50
4,6115 4,6438
4,2079 4,2402
4,7004 4,7333
5,2256 5,2590
376 14:51
4,6113 4,6436
4,2089 4,2412
4,7004 4,7333
5,2260 5,2594
377 14:52
4,6108 4,6431
4,2086 4,2409
4,7002 4,7331
5,2278 5,2612
378 14:53
4,6111 4,6434
4,2087 4,2410
4,7007 4,7336
5,2283 5,2617
379 14:54
4,6116 4,6439
4,2092 4,2415
4,7012 4,7341
5,2275 5,2609
380 14:55
4,6112 4,6435
4,2086 4,2409
4,7003 4,7332
5,2271 5,2605
381 14:56
4,6113 4,6436
4,2083 4,2406
4,7007 4,7336
5,2266 5,2600
382 14:57
4,6110 4,6433
4,2073 4,2396
4,7001 4,7330
5,2263 5,2597
383 14:58
4,6113 4,6436
4,2077 4,2400
4,7002 4,7331
5,2272 5,2606
384 14:59
4,6111 4,6434
4,2081 4,2404
4,7000 4,7329
5,2261 5,2595
385 15:00
4,6108 4,6431
4,2086 4,2409
4,7000 4,7329
5,2260 5,2594
386 15:01
4,6109 4,6432
4,2095 4,2418
4,7002 4,7333
5,2268 5,2602
387 15:02
4,6107 4,6430
4,2083 4,2406
4,6995 4,7326
5,2268 5,2602
