#======================
2023-6-7
# 1.EUR, 2.USD, 3.CHF, 4.GBP
Sell Price, Buy Price
1 12:06
4,4514 4,4839
4,1610 4,1933
4,5896 4,6228
5,1820 5,2156
2 12:07
4,4511 4,4836
4,1607 4,1930
4,5890 4,6222
5,1814 5,2150
3 12:08
4,4506 4,4831
4,1586 4,1909
4,5885 4,6217
5,1814 5,2150
4 12:09
4,4503 4,4828
4,1590 4,1913
4,5882 4,6214
5,1810 5,2146
5 12:10
4,4504 4,4829
4,1590 4,1913
4,5883 4,6215
5,1801 5,2137
6 12:11
4,4505 4,4830
4,1591 4,1914
4,5869 4,6200
5,1797 5,2133
7 12:12
4,4505 4,4830
4,1589 4,1912
4,5867 4,6198
5,1792 5,2128
8 12:13
4,4510 4,4835
4,1600 4,1923
4,5872 4,6203
5,1800 5,2136
9 12:14
4,4509 4,4834
4,1599 4,1922
4,5871 4,6202
5,1796 5,2132
10 12:15
4,4508 4,4833
4,1598 4,1921
4,5875 4,6206
5,1795 5,2131
11 12:16
4,4509 4,4833
4,1601 4,1924
4,5874 4,6205
5,1800 5,2134
12 12:17
4,4509 4,4833
4,1601 4,1924
4,5876 4,6207
5,1803 5,2137
13 12:18
4,4509 4,4833
4,1599 4,1922
4,5876 4,6207
5,1803 5,2137
14 12:19
4,4509 4,4833
4,1599 4,1922
4,5876 4,6207
5,1803 5,2137
15 12:20
4,4509 4,4833
4,1603 4,1926
4,5872 4,6203
5,1800 5,2134
16 12:21
4,4508 4,4833
4,1602 4,1925
4,5870 4,6201
5,1796 5,2130
17 12:22
4,4509 4,4834
4,1604 4,1927
4,5861 4,6192
5,1794 5,2128
18 12:23
4,4508 4,4833
4,1602 4,1925
4,5860 4,6191
5,1793 5,2127
19 12:24
4,4507 4,4832
4,1601 4,1924
4,5872 4,6203
5,1786 5,2120
20 12:25
4,4507 4,4832
4,1601 4,1924
4,5874 4,6205
5,1786 5,2120
21 12:26
4,4505 4,4829
4,1591 4,1914
4,5864 4,6195
5,1782 5,2117
22 12:27
4,4508 4,4832
4,1590 4,1913
4,5866 4,6197
5,1789 5,2124
23 12:28
4,4538 4,4862
4,1614 4,1937
4,5897 4,6228
5,1817 5,2152
24 12:29
4,4554 4,4878
4,1611 4,1934
4,5917 4,6248
5,1842 5,2177
25 12:30
4,4554 4,4878
4,1611 4,1934
4,5917 4,6248
5,1845 5,2180
26 12:31
4,4548 4,4872
4,1605 4,1928
4,5905 4,6236
5,1834 5,2170
27 12:32
4,4548 4,4872
4,1609 4,1932
4,5914 4,6245
5,1846 5,2182
28 12:33
4,4548 4,4872
4,1605 4,1928
4,5914 4,6245
5,1846 5,2182
29 12:34
4,4542 4,4866
4,1612 4,1935
4,5903 4,6234
5,1831 5,2167
30 12:35
4,4539 4,4863
4,1609 4,1932
4,5902 4,6233
5,1830 5,2166
31 12:36
4,4539 4,4864
4,1603 4,1927
4,5907 4,6238
5,1828 5,2163
32 12:37
4,4539 4,4864
4,1603 4,1927
4,5907 4,6238
5,1831 5,2166
33 12:38
4,4539 4,4864
4,1603 4,1927
4,5909 4,6240
5,1831 5,2166
34 12:39
4,4518 4,4843
4,1567 4,1891
4,5887 4,6218
5,1818 5,2153
35 12:40
4,4514 4,4839
4,1571 4,1895
4,5881 4,6212
5,1813 5,2148
36 12:41
4,4514 4,4839
4,1572 4,1896
4,5881 4,6213
5,1808 5,2144
37 12:42
4,4519 4,4844
4,1574 4,1898
4,5889 4,6221
5,1814 5,2150
38 12:43
4,4520 4,4845
4,1573 4,1897
4,5890 4,6222
5,1815 5,2151
39 12:44
4,4517 4,4842
4,1567 4,1891
4,5880 4,6212
5,1812 5,2148
40 12:45
4,4523 4,4848
4,1565 4,1889
4,5886 4,6218
5,1794 5,2130
41 12:46
4,4524 4,4848
4,1558 4,1882
4,5883 4,6215
5,1785 5,2121
42 12:47
4,4524 4,4848
4,1562 4,1886
4,5883 4,6215
5,1785 5,2121
43 12:48
4,4530 4,4854
4,1564 4,1888
4,5878 4,6210
5,1792 5,2128
44 12:49
4,4530 4,4854
4,1570 4,1894
4,5892 4,6224
5,1795 5,2131
45 12:50
4,4532 4,4856
4,1572 4,1896
4,5894 4,6226
5,1803 5,2139
46 12:51
4,4531 4,4855
4,1573 4,1897
4,5893 4,6224
5,1806 5,2140
47 12:52
4,4531 4,4855
4,1575 4,1899
4,5890 4,6221
5,1797 5,2131
48 12:53
4,4531 4,4855
4,1569 4,1893
4,5888 4,6219
5,1794 5,2128
49 12:54
4,4530 4,4854
4,1558 4,1882
4,5877 4,6208
5,1793 5,2127
50 12:55
4,4516 4,4840
4,1537 4,1861
4,5863 4,6194
5,1777 5,2111
51 12:56
4,4515 4,4840
4,1537 4,1861
4,5863 4,6195
5,1776 5,2111
52 12:57
4,4506 4,4831
4,1531 4,1855
4,5852 4,6184
5,1765 5,2100
53 12:58
4,4507 4,4832
4,1538 4,1862
4,5853 4,6185
5,1767 5,2102
54 12:59
4,4507 4,4832
4,1540 4,1864
4,5855 4,6187
5,1755 5,2090
55 13:00
4,4503 4,4828
4,1536 4,1860
4,5851 4,6183
5,1750 5,2085
56 13:01
4,4505 4,4830
4,1537 4,1861
4,5852 4,6183
5,1749 5,2084
57 13:02
4,4505 4,4830
4,1539 4,1863
4,5852 4,6183
5,1758 5,2093
58 13:03
4,4505 4,4830
4,1532 4,1856
4,5855 4,6186
5,1761 5,2096
59 13:04
4,4505 4,4830
4,1528 4,1852
4,5855 4,6186
5,1767 5,2102
60 13:05
4,4505 4,4830
4,1528 4,1852
4,5855 4,6186
5,1764 5,2099
61 13:06
4,4509 4,4833
4,1529 4,1853
4,5854 4,6185
5,1769 5,2103
62 13:07
4,4510 4,4834
4,1530 4,1854
4,5855 4,6186
5,1761 5,2095
63 13:08
4,4514 4,4838
4,1530 4,1854
4,5866 4,6197
5,1772 5,2106
64 13:09
4,4514 4,4838
4,1533 4,1857
4,5863 4,6194
5,1771 5,2105
65 13:10
4,4513 4,4837
4,1531 4,1855
4,5862 4,6193
5,1776 5,2110
66 13:11
4,4512 4,4837
4,1539 4,1863
4,5862 4,6193
5,1782 5,2117
67 13:12
4,4527 4,4852
4,1552 4,1876
4,5878 4,6209
5,1796 5,2131
68 13:13
4,4523 4,4848
4,1553 4,1877
4,5871 4,6202
5,1791 5,2126
69 13:14
4,4523 4,4848
4,1553 4,1877
4,5871 4,6202
5,1788 5,2123
70 13:15
4,4519 4,4844
4,1551 4,1875
4,5865 4,6196
5,1787 5,2122
71 13:16
4,4518 4,4843
4,1538 4,1862
4,5861 4,6192
5,1795 5,2130
72 13:17
4,4521 4,4846
4,1539 4,1863
4,5865 4,6196
5,1801 5,2136
73 13:18
4,4521 4,4846
4,1535 4,1859
4,5865 4,6196
5,1793 5,2128
74 13:19
4,4521 4,4846
4,1539 4,1863
4,5860 4,6191
5,1800 5,2135
75 13:20
4,4520 4,4845
4,1546 4,1870
4,5862 4,6193
5,1803 5,2138
76 13:21
4,4520 4,4845
4,1550 4,1874
4,5866 4,6198
5,1806 5,2141
77 13:22
4,4520 4,4845
4,1548 4,1872
4,5866 4,6198
5,1803 5,2138
78 13:23
4,4520 4,4845
4,1548 4,1872
4,5868 4,6200
5,1797 5,2132
79 13:24
4,4520 4,4845
4,1544 4,1868
4,5868 4,6200
5,1797 5,2132
80 13:25
4,4521 4,4846
4,1551 4,1875
4,5869 4,6201
5,1798 5,2133
81 13:26
4,4522 4,4846
4,1549 4,1873
4,5869 4,6201
5,1798 5,2133
82 13:27
4,4522 4,4846
4,1549 4,1873
4,5869 4,6201
5,1798 5,2133
83 13:28
4,4516 4,4840
4,1543 4,1867
4,5863 4,6195
5,1800 5,2135
84 13:29
4,4513 4,4837
4,1538 4,1862
4,5856 4,6188
5,1794 5,2129
85 13:30
4,4511 4,4835
4,1531 4,1855
4,5853 4,6185
5,1791 5,2126
86 13:31
4,4510 4,4835
4,1536 4,1860
4,5850 4,6181
5,1795 5,2129
87 13:32
4,4510 4,4835
4,1535 4,1859
4,5841 4,6172
5,1795 5,2129
88 13:33
4,4508 4,4833
4,1537 4,1861
4,5842 4,6173
5,1796 5,2130
89 13:34
4,4508 4,4833
4,1537 4,1861
4,5842 4,6173
5,1795 5,2129
90 13:35
4,4504 4,4829
4,1533 4,1857
4,5838 4,6169
5,1791 5,2125
91 13:36
4,4507 4,4832
4,1536 4,1860
4,5841 4,6173
5,1794 5,2129
92 13:37
4,4507 4,4832
4,1536 4,1860
4,5841 4,6173
5,1797 5,2132
93 13:38
4,4504 4,4829
4,1529 4,1853
4,5838 4,6170
5,1793 5,2128
94 13:39
4,4508 4,4833
4,1532 4,1856
4,5841 4,6173
5,1791 5,2126
95 13:40
4,4509 4,4834
4,1534 4,1858
4,5843 4,6175
5,1790 5,2125
96 13:41
4,4510 4,4834
4,1526 4,1850
4,5843 4,6175
5,1790 5,2125
97 13:42
4,4510 4,4834
4,1524 4,1848
4,5845 4,6177
5,1802 5,2137
98 13:43
4,4510 4,4834
4,1515 4,1839
4,5846 4,6178
5,1803 5,2138
99 13:44
4,4511 4,4835
4,1526 4,1850
4,5839 4,6171
5,1803 5,2138
100 13:45
4,4509 4,4833
4,1529 4,1853
4,5837 4,6169
5,1801 5,2136
101 13:46
4,4511 4,4835
4,1537 4,1861
4,5846 4,6178
5,1812 5,2147
102 13:47
4,4511 4,4835
4,1537 4,1861
4,5844 4,6176
5,1809 5,2144
103 13:48
4,4510 4,4834
4,1534 4,1858
4,5844 4,6176
5,1809 5,2144
104 13:49
4,4512 4,4836
4,1536 4,1860
4,5849 4,6181
5,1809 5,2144
105 13:50
4,4513 4,4837
4,1540 4,1864
4,5846 4,6178
5,1806 5,2141
106 13:51
4,4515 4,4839
4,1544 4,1868
4,5850 4,6182
5,1817 5,2152
107 13:52
4,4516 4,4840
4,1545 4,1869
4,5857 4,6189
5,1815 5,2150
108 13:53
4,4519 4,4843
4,1548 4,1872
4,5861 4,6193
5,1815 5,2150
109 13:54
4,4519 4,4843
4,1550 4,1874
4,5862 4,6194
5,1813 5,2148
110 13:55
4,4521 4,4845
4,1550 4,1874
4,5864 4,6196
5,1818 5,2153
111 13:56
4,4521 4,4845
4,1550 4,1874
4,5864 4,6195
5,1818 5,2154
112 13:57
4,4521 4,4845
4,1552 4,1876
4,5868 4,6199
5,1815 5,2151
113 13:58
4,4521 4,4845
4,1554 4,1878
4,5875 4,6206
5,1821 5,2157
114 13:59
4,4521 4,4845
4,1550 4,1874
4,5875 4,6206
5,1821 5,2157
115 14:00
4,4514 4,4838
4,1545 4,1869
4,5865 4,6196
5,1813 5,2149
116 14:01
4,4512 4,4837
4,1544 4,1868
4,5865 4,6197
5,1841 5,2177
117 14:02
4,4512 4,4837
4,1544 4,1868
4,5865 4,6197
5,1829 5,2165
118 14:03
4,4512 4,4837
4,1539 4,1863
4,5865 4,6197
5,1829 5,2165
119 14:04
4,4512 4,4837
4,1538 4,1862
4,5867 4,6199
5,1821 5,2157
120 14:05
4,4514 4,4839
4,1538 4,1862
4,5869 4,6201
5,1820 5,2156
121 14:06
4,4515 4,4839
4,1542 4,1866
4,5867 4,6199
5,1814 5,2149
122 14:07
4,4516 4,4840
4,1543 4,1867
4,5863 4,6195
5,1816 5,2151
123 14:08
4,4509 4,4833
4,1546 4,1870
4,5856 4,6188
5,1807 5,2142
124 14:09
4,4510 4,4834
4,1547 4,1871
4,5858 4,6190
5,1805 5,2140
125 14:10
4,4512 4,4836
4,1549 4,1873
4,5861 4,6193
5,1806 5,2141
126 14:11
4,4511 4,4836
4,1543 4,1867
4,5861 4,6192
5,1812 5,2146
127 14:12
4,4515 4,4840
4,1545 4,1869
4,5866 4,6197
5,1807 5,2141
128 14:13
4,4516 4,4841
4,1544 4,1868
4,5866 4,6197
5,1814 5,2148
129 14:14
4,4512 4,4837
4,1540 4,1864
4,5862 4,6193
5,1806 5,2140
130 14:15
4,4512 4,4837
4,1540 4,1864
4,5860 4,6191
5,1807 5,2141
131 14:16
4,4523 4,4847
4,1550 4,1874
4,5873 4,6205
5,1817 5,2152
132 14:17
4,4522 4,4846
4,1549 4,1873
4,5872 4,6204
5,1828 5,2163
133 14:18
4,4529 4,4853
4,1563 4,1887
4,5881 4,6213
5,1840 5,2175
134 14:19
4,4531 4,4855
4,1565 4,1889
4,5883 4,6215
5,1842 5,2177
135 14:20
4,4532 4,4856
4,1560 4,1884
4,5884 4,6216
5,1853 5,2188
136 14:21
4,4532 4,4856
4,1560 4,1884
4,5884 4,6215
5,1840 5,2175
137 14:22
4,4533 4,4857
4,1572 4,1896
4,5902 4,6233
5,1842 5,2177
138 14:23
4,4530 4,4854
4,1570 4,1894
4,5899 4,6230
5,1863 5,2198
139 14:24
4,4530 4,4854
4,1568 4,1892
4,5897 4,6228
5,1859 5,2194
140 14:25
4,4530 4,4854
4,1570 4,1894
4,5899 4,6230
5,1849 5,2184
141 14:26
4,4530 4,4854
4,1580 4,1904
4,5897 4,6228
5,1850 5,2185
142 14:27
4,4530 4,4854
4,1578 4,1902
4,5895 4,6226
5,1856 5,2191
143 14:28
4,4533 4,4857
4,1584 4,1908
4,5900 4,6231
5,1853 5,2188
144 14:29
4,4540 4,4864
4,1595 4,1919
4,5905 4,6236
5,1866 5,2201
145 14:30
4,4533 4,4857
4,1591 4,1915
4,5900 4,6231
5,1853 5,2188
146 14:31
4,4533 4,4857
4,1584 4,1908
4,5894 4,6226
5,1850 5,2185
147 14:32
4,4531 4,4855
4,1582 4,1906
4,5895 4,6227
5,1841 5,2176
148 14:33
4,4531 4,4855
4,1582 4,1906
4,5897 4,6229
5,1844 5,2179
149 14:34
4,4531 4,4855
4,1576 4,1900
4,5901 4,6233
5,1841 5,2176
150 14:35
4,4541 4,4865
4,1584 4,1908
4,5913 4,6245
5,1853 5,2188
151 14:36
4,4541 4,4865
4,1588 4,1912
4,5906 4,6238
5,1855 5,2191
152 14:37
4,4542 4,4866
4,1591 4,1915
4,5907 4,6239
5,1851 5,2187
153 14:38
4,4547 4,4871
4,1596 4,1920
4,5912 4,6244
5,1857 5,2193
154 14:39
4,4547 4,4871
4,1598 4,1922
4,5912 4,6244
5,1863 5,2199
155 14:40
4,4552 4,4876
4,1602 4,1926
4,5915 4,6247
5,1875 5,2211
156 14:41
4,4559 4,4883
4,1622 4,1946
4,5912 4,6244
5,1886 5,2222
157 14:42
4,4559 4,4883
4,1618 4,1942
4,5912 4,6244
5,1877 5,2213
158 14:43
4,4559 4,4883
4,1617 4,1941
4,5912 4,6244
5,1871 5,2207
159 14:44
4,4548 4,4872
4,1606 4,1930
4,5889 4,6221
5,1850 5,2186
160 14:45
4,4545 4,4869
4,1605 4,1929
4,5893 4,6225
5,1846 5,2182
161 14:46
4,4541 4,4865
4,1602 4,1926
4,5889 4,6220
5,1841 5,2176
162 14:47
4,4541 4,4865
4,1598 4,1922
4,5889 4,6220
5,1838 5,2173
163 14:48
4,4541 4,4865
4,1592 4,1916
4,5887 4,6218
5,1835 5,2170
164 14:49
4,4556 4,4880
4,1600 4,1924
4,5900 4,6231
5,1847 5,2182
165 14:50
4,4557 4,4881
4,1599 4,1923
4,5901 4,6232
5,1848 5,2183
166 14:51
4,4558 4,4882
4,1604 4,1928
4,5902 4,6234
5,1843 5,2179
167 14:52
4,4560 4,4884
4,1606 4,1930
4,5897 4,6229
5,1845 5,2181
168 14:53
4,4560 4,4884
4,1600 4,1924
4,5895 4,6227
5,1848 5,2184
169 14:54
4,4558 4,4882
4,1598 4,1922
4,5895 4,6227
5,1846 5,2182
170 14:55
4,4556 4,4880
4,1592 4,1916
4,5890 4,6222
5,1850 5,2186
171 14:56
4,4555 4,4880
4,1587 4,1911
4,5890 4,6221
5,1851 5,2186
172 14:57
4,4559 4,4884
4,1590 4,1914
4,5892 4,6223
5,1852 5,2187
173 14:58
4,4564 4,4889
4,1591 4,1915
4,5897 4,6228
5,1858 5,2193
174 14:59
4,4563 4,4888
4,1584 4,1908
4,5891 4,6222
5,1857 5,2192
175 15:00
4,4563 4,4888
4,1590 4,1914
4,5894 4,6225
5,1866 5,2201
176 15:01
4,4563 4,4888
4,1580 4,1904
4,5889 4,6221
5,1865 5,2200
177 15:02
4,4566 4,4891
4,1591 4,1915
4,5892 4,6224
5,1875 5,2210
178 15:03
4,4566 4,4891
4,1593 4,1917
4,5892 4,6224
5,1865 5,2200
179 15:04
4,4566 4,4891
4,1595 4,1919
4,5894 4,6226
5,1859 5,2194
180 15:05
4,4569 4,4894
4,1599 4,1923
4,5900 4,6232
5,1860 5,2195
181 15:06
4,4599 4,4923
4,1626 4,1950
4,5926 4,6259
5,1887 5,2222
182 15:07
4,4599 4,4923
4,1626 4,1950
4,5925 4,6258
5,1890 5,2225
183 15:08
4,4579 4,4903
4,1608 4,1932
4,5906 4,6239
5,1856 5,2191
184 15:09
4,4581 4,4905
4,1610 4,1934
4,5908 4,6241
5,1861 5,2196
185 15:10
4,4581 4,4905
4,1610 4,1934
4,5908 4,6241
5,1861 5,2196
186 15:11
4,4571 4,4895
4,1597 4,1921
4,5897 4,6228
5,1852 5,2188
187 15:12
4,4579 4,4903
4,1600 4,1924
4,5905 4,6236
5,1859 5,2195
188 15:13
4,4575 4,4899
4,1594 4,1918
4,5901 4,6232
5,1857 5,2193
189 15:14
4,4575 4,4899
4,1594 4,1918
4,5901 4,6232
5,1869 5,2205
190 15:15
4,4575 4,4899
4,1579 4,1903
4,5901 4,6232
5,1869 5,2205
191 15:16
4,4575 4,4900
4,1580 4,1904
4,5889 4,6221
5,1870 5,2205
192 15:17
4,4576 4,4901
4,1583 4,1907
4,5883 4,6215
5,1871 5,2206
193 15:18
4,4574 4,4899
4,1583 4,1907
4,5881 4,6213
5,1869 5,2204
194 15:19
4,4568 4,4893
4,1577 4,1901
4,5875 4,6207
5,1868 5,2203
195 15:20
4,4563 4,4888
4,1572 4,1896
4,5879 4,6211
5,1861 5,2196
196 15:21
4,4563 4,4887
4,1572 4,1896
4,5883 4,6215
5,1865 5,2199
197 15:22
4,4562 4,4886
4,1571 4,1895
4,5882 4,6214
5,1870 5,2204
198 15:23
4,4562 4,4886
4,1578 4,1902
4,5882 4,6214
5,1870 5,2204
199 15:24
4,4562 4,4886
4,1578 4,1902
4,5882 4,6214
5,1876 5,2210
200 15:25
4,4558 4,4882
4,1573 4,1897
4,5883 4,6215
5,1871 5,2205
201 15:26
4,4574 4,4900
4,1589 4,1913
4,5900 4,6232
5,1893 5,2228
202 15:27
4,4577 4,4903
4,1589 4,1913
4,5895 4,6227
5,1890 5,2225
203 15:28
4,4576 4,4902
4,1588 4,1912
4,5894 4,6226
5,1889 5,2224
204 15:29
4,4576 4,4902
4,1592 4,1916
4,5892 4,6224
5,1883 5,2218
205 15:30
4,4577 4,4903
4,1601 4,1925
4,5888 4,6220
5,1888 5,2223
206 15:31
4,4578 4,4903
4,1602 4,1926
4,5890 4,6222
5,1889 5,2224
207 15:32
4,4580 4,4905
4,1604 4,1928
4,5892 4,6224
5,1885 5,2220
208 15:33
4,4578 4,4903
4,1590 4,1914
4,5881 4,6213
5,1882 5,2217
209 15:34
4,4570 4,4895
4,1577 4,1901
4,5872 4,6204
5,1873 5,2208
210 15:35
4,4570 4,4895
4,1577 4,1901
4,5872 4,6204
5,1873 5,2208
211 15:36
4,4555 4,4879
4,1562 4,1886
4,5854 4,6186
5,1852 5,2187
212 15:37
4,4555 4,4879
4,1543 4,1867
4,5854 4,6186
5,1867 5,2202
213 15:38
4,4556 4,4880
4,1538 4,1862
4,5857 4,6189
5,1884 5,2219
214 15:39
4,4554 4,4878
4,1540 4,1864
4,5850 4,6182
5,1887 5,2222
215 15:40
4,4554 4,4878
4,1550 4,1874
4,5845 4,6177
5,1882 5,2217
216 15:41
4,4549 4,4873
4,1543 4,1867
4,5838 4,6170
5,1863 5,2199
217 15:42
4,4549 4,4873
4,1543 4,1867
4,5845 4,6177
5,1866 5,2202
218 15:43
4,4549 4,4873
4,1543 4,1867
4,5843 4,6175
5,1866 5,2202
219 15:44
4,4510 4,4834
4,1495 4,1819
4,5810 4,6142
5,1820 5,2156
220 15:45
4,4512 4,4836
4,1495 4,1819
4,5812 4,6144
5,1832 5,2168
221 15:46
4,4510 4,4834
4,1493 4,1817
4,5807 4,6138
5,1830 5,2165
222 15:47
4,4510 4,4834
4,1489 4,1813
4,5808 4,6139
5,1830 5,2165
223 15:48
4,4510 4,4834
4,1491 4,1815
4,5812 4,6143
5,1815 5,2150
224 15:49
4,4510 4,4834
4,1489 4,1813
4,5810 4,6141
5,1820 5,2155
225 15:50
4,4510 4,4834
4,1487 4,1811
4,5814 4,6145
5,1820 5,2155
226 15:51
4,4537 4,4861
4,1518 4,1842
4,5843 4,6174
5,1865 5,2199
227 15:52
4,4535 4,4859
4,1510 4,1834
4,5842 4,6173
5,1856 5,2190
228 15:53
4,4533 4,4857
4,1502 4,1826
4,5840 4,6171
5,1848 5,2182
229 15:54
4,4533 4,4857
4,1494 4,1818
4,5835 4,6166
5,1848 5,2182
230 15:55
4,4533 4,4857
4,1494 4,1818
4,5835 4,6166
5,1848 5,2182
231 15:56
4,4535 4,4859
4,1497 4,1821
4,5838 4,6170
5,1850 5,2184
232 15:57
4,4536 4,4860
4,1492 4,1816
4,5839 4,6171
5,1851 5,2185
233 15:58
4,4534 4,4858
4,1488 4,1812
4,5837 4,6169
5,1858 5,2192
234 15:59
4,4536 4,4860
4,1490 4,1814
4,5836 4,6168
5,1861 5,2195
235 16:00
4,4541 4,4865
4,1495 4,1819
4,5841 4,6173
5,1878 5,2212
236 16:01
4,4545 4,4869
4,1488 4,1812
4,5854 4,6187
5,1894 5,2229
237 16:02
4,4545 4,4869
4,1496 4,1820
4,5854 4,6187
5,1894 5,2229
238 16:03
4,4546 4,4870
4,1485 4,1809
4,5850 4,6183
5,1871 5,2206
239 16:04
4,4554 4,4878
4,1501 4,1825
4,5863 4,6196
5,1879 5,2214
240 16:05
4,4579 4,4903
4,1532 4,1856
4,5889 4,6222
5,1905 5,2240
241 16:06
4,4579 4,4903
4,1532 4,1856
4,5890 4,6221
5,1905 5,2241
242 16:07
4,4579 4,4903
4,1532 4,1856
4,5899 4,6230
5,1909 5,2245
243 16:08
4,4552 4,4876
4,1517 4,1841
4,5872 4,6203
5,1881 5,2217
244 16:09
4,4552 4,4876
4,1513 4,1837
4,5858 4,6189
5,1873 5,2209
245 16:10
4,4576 4,4900
4,1535 4,1859
4,5887 4,6218
5,1906 5,2242
246 16:11
4,4582 4,4906
4,1566 4,1890
4,5912 4,6244
5,1913 5,2249
247 16:12
4,4584 4,4908
4,1568 4,1892
4,5914 4,6246
5,1916 5,2252
248 16:13
4,4576 4,4900
4,1560 4,1884
4,5908 4,6240
5,1915 5,2251
249 16:14
4,4583 4,4907
4,1561 4,1885
4,5908 4,6240
5,1927 5,2263
250 16:15
4,4588 4,4912
4,1566 4,1890
4,5914 4,6246
5,1926 5,2262
251 16:16
4,4589 4,4913
4,1567 4,1891
4,5915 4,6247
5,1937 5,2273
252 16:17
4,4594 4,4918
4,1597 4,1921
4,5920 4,6252
5,1933 5,2269
253 16:18
4,4594 4,4918
4,1597 4,1921
4,5920 4,6252
5,1947 5,2283
254 16:19
4,4601 4,4925
4,1597 4,1921
4,5915 4,6247
5,1950 5,2286
255 16:20
4,4594 4,4918
4,1589 4,1913
4,5896 4,6228
5,1942 5,2278
256 16:21
4,4593 4,4917
4,1588 4,1912
4,5909 4,6241
5,1938 5,2274
257 16:22
4,4596 4,4920
4,1591 4,1915
4,5903 4,6235
5,1953 5,2289
258 16:23
4,4600 4,4924
4,1604 4,1928
4,5905 4,6237
5,1952 5,2288
259 16:24
4,4600 4,4924
4,1618 4,1942
4,5905 4,6237
5,1952 5,2288
260 16:25
4,4600 4,4924
4,1616 4,1940
4,5907 4,6239
5,1961 5,2297
261 16:26
4,4617 4,4941
4,1639 4,1963
4,5934 4,6266
5,1984 5,2319
262 16:27
4,4617 4,4941
4,1639 4,1963
4,5922 4,6254
5,1987 5,2322
263 16:28
4,4605 4,4929
4,1638 4,1962
4,5909 4,6241
5,1967 5,2302
264 16:29
4,4605 4,4929
4,1638 4,1962
4,5903 4,6235
5,1964 5,2299
265 16:30
4,4605 4,4929
4,1638 4,1962
4,5900 4,6232
5,1964 5,2299
266 16:31
4,4604 4,4928
4,1627 4,1951
4,5899 4,6231
5,1963 5,2298
267 16:32
4,4604 4,4928
4,1627 4,1951
4,5897 4,6229
5,1966 5,2301
268 16:33
4,4606 4,4930
4,1631 4,1955
4,5899 4,6231
5,1966 5,2301
269 16:34
4,4605 4,4929
4,1628 4,1952
4,5891 4,6223
5,1964 5,2299
270 16:35
4,4611 4,4935
4,1634 4,1958
4,5897 4,6229
5,1965 5,2300
271 16:36
4,4604 4,4928
4,1624 4,1948
4,5892 4,6224
5,1967 5,2303
272 16:37
4,4593 4,4917
4,1625 4,1949
4,5881 4,6213
5,1959 5,2295
273 16:38
4,4590 4,4914
4,1631 4,1955
4,5877 4,6209
5,1956 5,2292
274 16:39
4,4588 4,4912
4,1630 4,1954
4,5875 4,6207
5,1944 5,2280
275 16:40
4,4586 4,4910
4,1630 4,1954
4,5873 4,6205
5,1942 5,2278
276 16:41
4,4588 4,4912
4,1632 4,1956
4,5883 4,6215
5,1944 5,2279
277 16:42
4,4577 4,4901
4,1626 4,1950
4,5867 4,6199
5,1934 5,2269
278 16:43
4,4584 4,4908
4,1628 4,1952
4,5883 4,6215
5,1933 5,2268
279 16:44
4,4584 4,4908
4,1628 4,1952
4,5872 4,6204
5,1931 5,2266
280 16:45
4,4588 4,4912
4,1632 4,1956
4,5880 4,6212
5,1945 5,2280
281 16:46
4,4588 4,4912
4,1632 4,1956
4,5887 4,6219
5,1944 5,2279
282 16:47
4,4588 4,4912
4,1638 4,1962
4,5887 4,6219
5,1946 5,2281
283 16:48
4,4580 4,4904
4,1632 4,1956
4,5882 4,6214
5,1937 5,2272
284 16:49
4,4582 4,4906
4,1634 4,1958
4,5877 4,6209
5,1947 5,2282
285 16:50
4,4582 4,4906
4,1634 4,1958
4,5867 4,6199
5,1949 5,2284
286 16:51
4,4585 4,4909
4,1637 4,1961
4,5870 4,6202
5,1959 5,2294
287 16:52
4,4585 4,4909
4,1647 4,1971
4,5877 4,6209
5,1965 5,2300
288 16:53
4,4589 4,4913
4,1660 4,1984
4,5879 4,6211
5,1967 5,2302
289 16:54
4,4594 4,4918
4,1667 4,1991
4,5887 4,6219
5,1957 5,2292
290 16:55
4,4592 4,4916
4,1659 4,1983
4,5882 4,6214
5,1949 5,2284
291 16:56
4,4593 4,4917
4,1658 4,1982
4,5883 4,6215
5,1950 5,2285
292 16:57
4,4598 4,4922
4,1651 4,1975
4,5886 4,6218
5,1956 5,2291
293 16:58
4,4598 4,4922
4,1653 4,1977
4,5881 4,6213
5,1950 5,2285
294 16:59
4,4604 4,4928
4,1660 4,1984
4,5887 4,6219
5,1957 5,2292
295 17:00
4,4605 4,4929
4,1661 4,1985
4,5888 4,6220
5,1944 5,2279
296 17:01
4,4603 4,4927
4,1660 4,1984
4,5886 4,6218
5,1937 5,2272
297 17:02
4,4604 4,4928
4,1660 4,1984
4,5883 4,6215
5,1932 5,2267
298 17:03
4,4612 4,4936
4,1668 4,1992
4,5898 4,6230
5,1946 5,2281
299 17:04
4,4610 4,4934
4,1666 4,1990
4,5896 4,6228
5,1936 5,2271
300 17:05
4,4610 4,4934
4,1668 4,1992
4,5903 4,6235
5,1942 5,2277
301 17:06
4,4610 4,4934
4,1668 4,1992
4,5898 4,6230
5,1943 5,2278
302 17:07
4,4617 4,4941
4,1692 4,2016
4,5905 4,6237
5,1956 5,2291
303 17:08
4,4619 4,4943
4,1696 4,2020
4,5908 4,6240
5,1959 5,2294
304 17:09
4,4619 4,4943
4,1690 4,2014
4,5908 4,6240
5,1965 5,2300
305 17:10
4,4622 4,4946
4,1691 4,2015
4,5910 4,6242
5,1968 5,2303
306 17:11
4,4623 4,4947
4,1691 4,2015
4,5906 4,6238
5,1964 5,2299
307 17:12
4,4619 4,4943
4,1696 4,2020
4,5903 4,6235
5,1956 5,2291
308 17:13
4,4618 4,4942
4,1695 4,2019
4,5899 4,6231
5,1955 5,2290
309 17:14
4,4613 4,4937
4,1690 4,2014
4,5894 4,6226
5,1952 5,2287
310 17:15
4,4613 4,4937
4,1688 4,2012
4,5887 4,6219
5,1950 5,2285
311 17:16
4,4618 4,4942
4,1694 4,2018
4,5893 4,6225
5,1956 5,2291
312 17:17
4,4623 4,4947
4,1686 4,2010
4,5897 4,6229
5,1963 5,2298
313 17:18
4,4629 4,4953
4,1685 4,2009
4,5908 4,6240
5,1974 5,2309
314 17:19
4,4629 4,4953
4,1686 4,2010
4,5904 4,6236
5,1977 5,2312
315 17:20
4,4629 4,4953
4,1692 4,2016
4,5908 4,6240
5,1977 5,2312
316 17:21
4,4629 4,4953
4,1692 4,2016
4,5899 4,6231
5,1977 5,2312
317 17:22
4,4629 4,4953
4,1684 4,2008
4,5906 4,6238
5,1977 5,2312
318 17:23
4,4629 4,4953
4,1692 4,2016
4,5906 4,6238
5,1971 5,2306
319 17:24
4,4629 4,4953
4,1694 4,2018
4,5906 4,6238
5,1977 5,2312
320 17:25
4,4635 4,4959
4,1699 4,2023
4,5917 4,6249
5,1981 5,2316
321 17:26
4,4634 4,4958
4,1692 4,2016
4,5916 4,6248
5,1977 5,2312
322 17:27
4,4640 4,4964
4,1702 4,2026
4,5915 4,6247
5,1978 5,2313
323 17:28
4,4640 4,4964
4,1696 4,2020
4,5915 4,6247
5,1974 5,2309
324 17:29
4,4671 4,4995
4,1725 4,2049
4,5946 4,6278
5,2007 5,2342
325 17:30
4,4670 4,4994
4,1724 4,2048
4,5945 4,6277
5,2006 5,2341
326 17:31
4,4670 4,4994
4,1724 4,2048
4,5941 4,6273
5,2012 5,2347
327 17:32
4,4670 4,4994
4,1726 4,2050
4,5941 4,6273
5,2012 5,2347
328 17:33
4,4671 4,4995
4,1730 4,2054
4,5942 4,6274
5,2019 5,2354
329 17:34
4,4677 4,5001
4,1717 4,2041
4,5917 4,6249
5,2020 5,2355
330 17:35
4,4676 4,5000
4,1716 4,2040
4,5916 4,6248
5,2028 5,2363
331 17:36
4,4676 4,5000
4,1716 4,2040
4,5921 4,6253
5,2029 5,2364
332 17:37
4,4676 4,5000
4,1723 4,2047
4,5921 4,6253
5,2025 5,2360
333 17:38
4,4674 4,4998
4,1721 4,2045
4,5919 4,6251
5,2023 5,2358
334 17:39
4,4673 4,4997
4,1725 4,2049
4,5913 4,6245
5,2022 5,2357
335 17:40
4,4674 4,4998
4,1729 4,2053
4,5916 4,6248
5,2023 5,2358
336 17:41
4,4673 4,4997
4,1729 4,2053
4,5916 4,6248
5,2028 5,2363
337 17:42
4,4673 4,4997
4,1729 4,2053
4,5916 4,6248
5,2028 5,2363
338 17:43
4,4673 4,4997
4,1727 4,2051
4,5923 4,6255
5,2028 5,2363
339 17:44
4,4674 4,4998
4,1727 4,2051
4,5921 4,6253
5,2032 5,2367
340 17:45
4,4674 4,4998
4,1735 4,2059
4,5921 4,6253
5,2032 5,2367
341 17:46
4,4672 4,4996
4,1734 4,2058
4,5924 4,6256
5,2034 5,2369
342 17:47
4,4671 4,4995
4,1733 4,2057
4,5923 4,6255
5,2035 5,2370
343 17:48
4,4671 4,4995
4,1733 4,2057
4,5916 4,6248
5,2035 5,2370
344 17:49
4,4673 4,4997
4,1734 4,2058
4,5918 4,6250
5,2037 5,2372
345 17:50
4,4672 4,4996
4,1763 4,2087
4,5915 4,6247
5,2039 5,2374
346 17:51
4,4671 4,4995
4,1762 4,2086
4,5918 4,6250
5,2031 5,2366
347 17:52
4,4672 4,4996
4,1763 4,2087
4,5919 4,6251
5,2024 5,2359
348 17:53
4,4672 4,4996
4,1763 4,2087
4,5922 4,6254
5,2024 5,2359
349 17:54
4,4672 4,4996
4,1761 4,2085
4,5922 4,6254
5,2015 5,2350
350 17:55
4,4671 4,4995
4,1760 4,2084
4,5921 4,6253
5,2005 5,2340
351 17:56
4,4671 4,4995
4,1760 4,2084
4,5921 4,6253
5,2002 5,2337
352 17:57
4,4672 4,4996
4,1761 4,2085
4,5922 4,6254
5,2000 5,2335
353 17:58
4,4671 4,4995
4,1756 4,2080
4,5914 4,6246
5,1999 5,2334
354 17:59
4,4671 4,4995
4,1756 4,2080
4,5918 4,6250
5,1993 5,2328
355 18:00
4,4651 4,4975
4,1730 4,2054
4,5894 4,6226
5,1970 5,2305
356 18:01
4,4652 4,4976
4,1724 4,2049
4,5895 4,6227
5,1974 5,2309
357 18:02
4,4651 4,4975
4,1716 4,2040
4,5891 4,6223
5,1966 5,2301
358 18:03
4,4651 4,4975
4,1714 4,2041
4,5889 4,6221
5,1973 5,2308
359 18:04
4,4651 4,4975
4,1720 4,2045
4,5888 4,6220
5,1972 5,2307
360 18:05
4,4651 4,4975
4,1724 4,2048
4,5884 4,6216
5,1972 5,2307
361 18:06
4,4651 4,4975
4,1729 4,2056
4,5882 4,6214
5,1967 5,2302
362 18:07
4,4652 4,4976
4,1725 4,2049
4,5880 4,6212
5,1967 5,2302
363 18:08
4,4652 4,4976
4,1725 4,2049
4,5882 4,6214
5,1970 5,2305
364 18:09
4,4655 4,4979
4,1724 4,2050
4,5882 4,6214
5,1970 5,2305
365 18:10
4,4655 4,4979
4,1724 4,2048
4,5884 4,6216
5,1964 5,2299
366 18:11
4,4654 4,4978
4,1719 4,2043
4,5886 4,6218
5,1960 5,2295
367 18:12
4,4654 4,4978
4,1722 4,2046
4,5888 4,6220
5,1957 5,2292
368 18:13
4,4654 4,4979
4,1722 4,2049
4,5886 4,6222
5,1960 5,2295
369 18:14
4,4652 4,4976
4,1723 4,2048
4,5889 4,6221
5,1955 5,2290
370 18:15
4,4652 4,4976
4,1728 4,2053
4,5889 4,6221
5,1955 5,2290
371 18:16
4,4656 4,4980
4,1730 4,2057
4,5896 4,6228
5,1954 5,2289
372 18:17
4,4657 4,4981
4,1725 4,2049
4,5897 4,6230
5,1948 5,2283
373 18:18
4,4659 4,4983
4,1731 4,2059
4,5897 4,6229
5,1957 5,2292
374 18:19
4,4659 4,4983
4,1731 4,2055
4,5899 4,6231
5,1957 5,2292
375 18:20
4,4659 4,4983
4,1730 4,2055
4,5897 4,6229
5,1957 5,2292
376 18:21
4,4660 4,4984
4,1728 4,2052
4,5902 4,6234
5,1955 5,2290
377 18:22
4,4659 4,4983
4,1726 4,2051
4,5899 4,6231
5,1951 5,2286
378 18:23
4,4661 4,4985
4,1729 4,2054
4,5900 4,6232
5,1959 5,2294
379 18:24
4,4661 4,4985
4,1729 4,2053
4,5907 4,6239
5,1966 5,2301
380 18:25
4,4661 4,4985
4,1719 4,2046
4,5903 4,6235
5,1969 5,2304
381 18:26
4,4679 4,5006
4,1740 4,2074
4,5922 4,6257
5,1993 5,2331
382 18:27
4,4668 4,4992
4,1731 4,2058
4,5911 4,6243
5,1980 5,2315
383 18:28
4,4671 4,4995
4,1737 4,2067
4,5913 4,6245
5,1980 5,2315
384 18:29
4,4671 4,4995
4,1737 4,2067
4,5913 4,6245
5,1983 5,2318
385 18:30
4,4671 4,4995
4,1741 4,2067
4,5913 4,6245
5,1984 5,2319
386 18:31
4,4671 4,4995
4,1737 4,2067
4,5918 4,6250
5,1983 5,2318
387 18:32
4,4662 4,5011
4,1728 4,2082
4,5909 4,6266
5,1973 5,2337
388 18:33
4,4672 4,4996
4,1739 4,2066
4,5919 4,6251
5,1978 5,2313
389 18:34
4,4674 4,4998
4,1736 4,2066
4,5922 4,6254
5,1981 5,2316
390 18:35
4,4675 4,4999
4,1742 4,2071
4,5922 4,6254
5,1981 5,2316
391 18:36
4,4674 4,4998
4,1749 4,2080
4,5921 4,6253
5,1981 5,2316
392 18:37
4,4674 4,4998
4,1749 4,2080
4,5922 4,6254
5,1981 5,2316
393 18:38
4,4674 4,4998
4,1757 4,2086
4,5926 4,6259
5,1978 5,2313
394 18:39
4,4674 4,4998
4,1760 4,2090
4,5926 4,6258
5,1975 5,2310
395 18:40
4,4667 4,5010
4,1751 4,2098
4,5919 4,6270
5,1967 5,2323
396 18:41
4,4666 4,5010
4,1757 4,2104
4,5914 4,6266
5,1967 5,2319
397 18:42
4,4667 4,5010
4,1757 4,2102
4,5914 4,6264
5,1961 5,2317
398 18:43
4,4677 4,5001
4,1767 4,2094
4,5925 4,6257
5,1970 5,2305
399 18:44
4,4676 4,5000
4,1766 4,2092
4,5919 4,6251
5,1971 5,2306
400 18:45
4,4676 4,5000
4,1770 4,2100
4,5925 4,6258
5,1974 5,2309
401 18:46
4,4676 4,5000
4,1774 4,2105
4,5928 4,6260
5,1977 5,2312
402 18:47
4,4676 4,5000
4,1770 4,2097
4,5928 4,6260
5,1975 5,2310
403 18:48
4,4676 4,5000
4,1762 4,2092
4,5928 4,6260
5,1980 5,2315
404 18:49
4,4675 4,5000
4,1757 4,2088
4,5922 4,6254
5,1978 5,2313
405 18:50
4,4674 4,4998
4,1760 4,2090
4,5921 4,6253
5,1980 5,2315
406 18:51
4,4674 4,4998
4,1760 4,2086
4,5921 4,6253
5,1980 5,2315
407 18:52
4,4674 4,4998
4,1761 4,2088
4,5917 4,6249
5,1981 5,2316
408 18:53
4,4672 4,4996
4,1766 4,2092
4,5915 4,6247
5,1978 5,2313
409 18:54
4,4672 4,4996
4,1770 4,2096
4,5915 4,6247
5,1978 5,2313
410 18:55
4,4667 4,5011
4,1766 4,2113
4,5910 4,6262
5,1964 5,2321
411 18:56
4,4674 4,4998
4,1775 4,2101
4,5916 4,6248
5,1980 5,2315
412 18:57
4,4671 4,4997
4,1777 4,2105
4,5904 4,6238
5,1971 5,2308
413 18:58
4,4673 4,4998
4,1777 4,2105
4,5906 4,6239
5,1973 5,2308
414 18:59
4,4674 4,4998
4,1780 4,2107
4,5912 4,6244
5,1975 5,2310
415 19:00
4,4674 4,4998
4,1780 4,2107
4,5912 4,6244
5,1977 5,2312
416 19:01
4,4667 4,5019
4,1774 4,2131
4,5910 4,6270
5,1967 5,2334
417 19:02
4,4676 4,5000
4,1777 4,2107
4,5913 4,6245
5,1976 5,2311
418 19:03
4,4678 4,5002
4,1784 4,2111
4,5916 4,6248
5,1973 5,2308
419 19:04
4,4677 4,5001
4,1787 4,2118
4,5915 4,6247
5,1972 5,2307
420 19:05
4,4681 4,5005
4,1790 4,2120
4,5919 4,6251
5,1977 5,2312
421 19:06
4,4681 4,5005
4,1791 4,2120
4,5919 4,6251
5,1970 5,2305
422 19:07
4,4681 4,5005
4,1787 4,2116
4,5915 4,6249
5,1971 5,2306
423 19:08
4,4671 4,5022
4,1777 4,2130
4,5909 4,6268
5,1959 5,2325
424 19:09
4,4681 4,5005
4,1787 4,2111
4,5919 4,6251
5,1974 5,2309
425 19:10
4,4679 4,5003
4,1783 4,2110
4,5919 4,6251
5,1981 5,2316
426 19:11
4,4678 4,5002
4,1781 4,2107
4,5921 4,6253
5,1986 5,2321
427 19:12
4,4678 4,5002
4,1782 4,2109
4,5925 4,6257
5,1979 5,2314
428 19:13
4,4672 4,4996
4,1782 4,2106
4,5919 4,6251
5,1972 5,2307
429 19:14
4,4673 4,4997
4,1781 4,2108
4,5916 4,6248
5,1980 5,2315
430 19:15
4,4673 4,4997
4,1780 4,2104
4,5920 4,6252
5,1980 5,2315
431 19:16
4,4673 4,4997
4,1777 4,2104
4,5925 4,6257
5,1980 5,2315
432 19:17
4,4674 4,4998
4,1780 4,2107
4,5926 4,6258
5,1981 5,2316
433 19:18
4,4680 4,5004
4,1781 4,2111
4,5928 4,6264
5,1989 5,2324
434 19:19
4,4680 4,5004
4,1786 4,2113
4,5928 4,6264
5,1982 5,2317
435 19:20
4,4680 4,5004
4,1786 4,2113
4,5928 4,6260
5,1976 5,2311
436 19:21
4,4684 4,5008
4,1785 4,2115
4,5932 4,6264
5,1980 5,2315
437 19:22
4,4684 4,5008
4,1785 4,2115
4,5932 4,6264
5,1980 5,2315
438 19:23
4,4683 4,5007
4,1781 4,2112
4,5931 4,6263
5,1979 5,2314
439 19:24
4,4685 4,5009
4,1786 4,2116
4,5933 4,6265
5,1977 5,2312
440 19:25
4,4684 4,5008
4,1785 4,2115
4,5932 4,6264
5,1974 5,2309
441 19:26
4,4684 4,5008
4,1785 4,2115
4,5932 4,6264
5,1974 5,2309
442 19:27
4,4684 4,5008
4,1785 4,2112
4,5932 4,6264
5,1974 5,2309
443 19:28
4,4683 4,5007
4,1781 4,2112
4,5931 4,6267
5,1973 5,2308
444 19:29
4,4683 4,5007
4,1785 4,2112
4,5931 4,6263
5,1973 5,2308
445 19:30
4,4683 4,5007
4,1788 4,2114
4,5931 4,6263
5,1969 5,2304
446 19:31
4,4684 4,5008
4,1789 4,2116
4,5932 4,6264
5,1974 5,2309
447 19:32
4,4682 4,5006
4,1795 4,2122
4,5930 4,6262
5,1972 5,2307
448 19:33
4,4682 4,5006
4,1791 4,2121
4,5930 4,6262
5,1972 5,2307
449 19:34
4,4681 4,5005
4,1790 4,2120
4,5929 4,6261
5,1971 5,2306
450 19:35
4,4680 4,5004
4,1787 4,2115
4,5923 4,6255
5,1964 5,2299
451 19:36
4,4681 4,5005
4,1786 4,2116
4,5923 4,6255
5,1964 5,2299
452 19:37
4,4680 4,5004
4,1785 4,2115
4,5923 4,6255
5,1963 5,2298
453 19:38
4,4681 4,5005
4,1787 4,2115
4,5924 4,6256
5,1964 5,2299
454 19:39
4,4681 4,5005
4,1786 4,2112
4,5923 4,6255
5,1970 5,2305
455 19:40
4,4681 4,5005
4,1786 4,2112
4,5919 4,6251
5,1975 5,2310
456 19:41
4,4680 4,5004
4,1785 4,2115
4,5920 4,6254
5,1976 5,2311
457 19:42
4,4680 4,5004
4,1789 4,2116
4,5918 4,6250
5,1975 5,2310
458 19:43
4,4680 4,5004
4,1786 4,2113
4,5918 4,6250
5,1976 5,2311
459 19:44
4,4680 4,5004
4,1783 4,2112
4,5913 4,6245
5,1976 5,2311
460 19:45
4,4680 4,5004
4,1778 4,2105
4,5913 4,6245
5,1982 5,2317
461 19:46
4,4680 4,5004
4,1777 4,2103
4,5908 4,6240
5,1981 5,2316
462 19:47
4,4680 4,5004
4,1777 4,2103
4,5908 4,6240
5,1981 5,2316
463 19:48
4,4680 4,5004
4,1777 4,2107
4,5908 4,6240
5,1975 5,2310
464 19:49
4,4680 4,5004
4,1777 4,2103
4,5908 4,6240
5,1981 5,2316
465 19:50
4,4678 4,5002
4,1776 4,2103
4,5902 4,6234
5,1986 5,2321
466 19:51
4,4677 4,5001
4,1770 4,2096
4,5900 4,6232
5,1984 5,2319
467 19:52
4,4677 4,5001
4,1768 4,2097
4,5902 4,6237
5,1984 5,2319
468 19:53
4,4677 4,5001
4,1768 4,2097
4,5900 4,6232
5,1990 5,2325
469 19:54
4,4677 4,5001
4,1764 4,2093
4,5900 4,6232
5,1987 5,2322
470 19:55
4,4675 4,4999
4,1763 4,2091
4,5900 4,6232
5,1993 5,2328
471 19:56
4,4675 4,4999
4,1763 4,2088
4,5899 4,6231
5,1988 5,2323
472 19:57
4,4676 4,5000
4,1760 4,2087
4,5899 4,6231
5,1989 5,2324
473 19:58
4,4672 4,4996
4,1754 4,2084
4,5897 4,6232
5,1984 5,2319
474 19:59
4,4674 4,4998
4,1757 4,2081
4,5902 4,6234
5,1986 5,2321
475 20:00
4,4674 4,4998
4,1759 4,2086
4,5899 4,6231
5,1987 5,2322
476 20:01
4,4676 4,5000
4,1761 4,2086
4,5899 4,6231
5,1989 5,2324
477 20:02
4,4676 4,5000
4,1763 4,2087
4,5895 4,6227
5,1989 5,2324
478 20:03
4,4678 4,5002
4,1769 4,2093
4,5897 4,6229
5,1991 5,2326
479 20:04
4,4679 4,5003
4,1766 4,2092
4,5895 4,6227
5,1992 5,2327
480 20:05
4,4679 4,5003
4,1766 4,2092
4,5898 4,6230
5,1992 5,2327
481 20:06
4,4678 4,5002
4,1761 4,2085
4,5895 4,6227
5,1995 5,2330
482 20:07
4,4678 4,5002
4,1758 4,2084
4,5892 4,6224
5,1992 5,2327
483 20:08
4,4678 4,5002
4,1758 4,2084
4,5892 4,6224
5,1992 5,2327
484 20:09
4,4678 4,5002
4,1758 4,2084
4,5892 4,6224
5,1992 5,2327
485 20:10
4,4678 4,5002
4,1757 4,2081
4,5892 4,6224
5,1991 5,2326
486 20:11
4,4679 4,5003
4,1757 4,2081
4,5893 4,6225
5,1990 5,2325
487 20:12
4,4678 4,5002
4,1758 4,2085
4,5892 4,6224
5,1991 5,2326
488 20:13
4,4679 4,5003
4,1760 4,2085
4,5893 4,6225
5,1992 5,2327
489 20:14
4,4679 4,5003
4,1758 4,2082
4,5893 4,6225
5,1993 5,2328
490 20:15
4,4680 4,5004
4,1758 4,2082
4,5894 4,6226
5,1993 5,2328
491 20:16
4,4680 4,5004
4,1759 4,2083
4,5894 4,6226
5,1994 5,2329
492 20:17
4,4680 4,5004
4,1756 4,2083
4,5894 4,6226
5,1990 5,2325
493 20:18
4,4680 4,5004
4,1757 4,2082
4,5892 4,6224
5,1993 5,2328
494 20:19
4,4658 4,5021
4,1737 4,2100
4,5866 4,6238
5,1968 5,2348
495 20:20
4,4680 4,5004
4,1760 4,2087
4,5889 4,6221
5,1993 5,2328
496 20:21
4,4679 4,5003
4,1758 4,2082
4,5888 4,6220
5,1992 5,2327
497 20:22
4,4680 4,5004
4,1759 4,2085
4,5884 4,6216
5,1991 5,2326
498 20:23
4,4680 4,5004
4,1758 4,2082
4,5884 4,6216
5,1990 5,2325
499 20:24
4,4657 4,5023
4,1736 4,2102
4,5862 4,6236
5,1962 5,2346
500 20:25
4,4658 4,5021
4,1737 4,2100
4,5863 4,6234
5,1962 5,2342
501 20:26
4,4657 4,5021
4,1736 4,2100
4,5857 4,6229
5,1961 5,2336
502 20:27
4,4656 4,5022
4,1735 4,2103
4,5856 4,6230
5,1954 5,2337
503 20:28
4,4656 4,5020
4,1731 4,2099
4,5861 4,6233
5,1954 5,2329
504 20:29
4,4656 4,5020
4,1731 4,2099
4,5857 4,6234
5,1954 5,2335
505 20:30
4,4656 4,5020
4,1735 4,2099
4,5857 4,6234
5,1954 5,2335
506 20:31
4,4680 4,5004
4,1757 4,2082
4,5882 4,6214
5,1975 5,2310
507 20:32
4,4680 4,5004
4,1757 4,2082
4,5882 4,6214
5,1975 5,2310
508 20:33
4,4680 4,5004
4,1754 4,2078
4,5886 4,6218
5,1975 5,2310
509 20:34
4,4680 4,5004
4,1754 4,2078
4,5886 4,6218
5,1975 5,2310
510 20:35
4,4658 4,5021
4,1729 4,2096
4,5863 4,6234
5,1950 5,2330
511 20:36
4,4664 4,5021
4,1741 4,2100
4,5869 4,6234
5,1956 5,2329
512 20:37
4,4664 4,5021
4,1743 4,2100
4,5863 4,6233
5,1956 5,2329
513 20:38
4,4666 4,5020
4,1741 4,2099
4,5871 4,6233
5,1961 5,2323
514 20:39
4,4680 4,5004
4,1757 4,2082
4,5880 4,6212
5,1975 5,2310
515 20:40
4,4681 4,5005
4,1759 4,2083
4,5878 4,6210
5,1976 5,2311
516 20:41
4,4681 4,5005
4,1763 4,2087
4,5881 4,6213
5,1976 5,2311
517 20:42
4,4681 4,5005
4,1765 4,2092
4,5886 4,6218
5,1977 5,2312
518 20:43
4,4681 4,5005
4,1763 4,2087
4,5883 4,6215
5,1976 5,2311
519 20:44
4,4681 4,5005
4,1764 4,2090
4,5885 4,6217
5,1976 5,2311
520 20:45
4,4665 4,5021
4,1748 4,2109
4,5871 4,6240
5,1959 5,2330
521 20:46
4,4681 4,5005
4,1764 4,2090
4,5890 4,6222
5,1970 5,2305
522 20:47
4,4681 4,5005
4,1763 4,2087
4,5889 4,6221
5,1970 5,2305
523 20:48
4,4666 4,5018
4,1745 4,2102
4,5871 4,6231
5,1961 5,2321
524 20:49
4,4681 4,5005
4,1756 4,2080
4,5890 4,6222
5,1975 5,2310
525 20:50
4,4681 4,5005
4,1755 4,2079
4,5888 4,6220
5,1976 5,2311
526 20:51
4,4667 4,5020
4,1744 4,2098
4,5872 4,6233
5,1955 5,2323
527 20:52
4,4667 4,5020
4,1742 4,2099
4,5867 4,6228
5,1955 5,2323
528 20:53
4,4667 4,5020
4,1738 4,2095
4,5867 4,6228
5,1955 5,2323
529 20:54
4,4681 4,5005
4,1755 4,2079
4,5881 4,6213
5,1970 5,2305
530 20:55
4,4682 4,5007
4,1755 4,2085
4,5883 4,6220
5,1972 5,2308
531 20:56
4,4684 4,5008
4,1758 4,2086
4,5885 4,6217
5,1973 5,2308
532 20:57
4,4684 4,5008
4,1758 4,2086
4,5884 4,6216
5,1974 5,2309
533 20:58
4,4684 4,5008
4,1758 4,2086
4,5884 4,6216
5,1968 5,2303
534 20:59
4,4684 4,5008
4,1752 4,2079
4,5884 4,6216
5,1967 5,2302
535 21:00
4,4684 4,5008
4,1752 4,2079
4,5884 4,6216
5,1974 5,2309
536 21:01
4,4684 4,5008
4,1744 4,2072
4,5884 4,6216
5,1966 5,2301
537 21:02
4,4683 4,5007
4,1743 4,2068
4,5883 4,6215
5,1961 5,2296
538 21:03
4,4682 4,5006
4,1747 4,2071
4,5882 4,6214
5,1962 5,2297
539 21:04
4,4681 4,5005
4,1744 4,2068
4,5881 4,6213
5,1965 5,2300
540 21:05
4,4682 4,5006
4,1749 4,2073
4,5882 4,6214
5,1965 5,2300
541 21:06
4,4682 4,5006
4,1747 4,2072
4,5877 4,6209
5,1965 5,2300
542 21:07
4,4666 4,5020
4,1729 4,2087
4,5862 4,6225
5,1948 5,2317
543 21:08
4,4682 4,5006
4,1747 4,2072
4,5877 4,6209
5,1965 5,2300
544 21:09
4,4682 4,5006
4,1753 4,2077
4,5882 4,6214
5,1971 5,2306
545 21:10
4,4669 4,5020
4,1740 4,2095
4,5868 4,6228
5,1954 5,2323
546 21:11
4,4683 4,5007
4,1752 4,2077
4,5885 4,6217
5,1973 5,2308
547 21:12
4,4683 4,5007
4,1754 4,2078
4,5888 4,6220
5,1973 5,2308
548 21:13
4,4683 4,5007
4,1752 4,2077
4,5888 4,6220
5,1978 5,2313
549 21:14
4,4683 4,5007
4,1750 4,2074
4,5883 4,6215
5,1973 5,2308
550 21:15
4,4683 4,5007
4,1750 4,2074
4,5884 4,6216
5,1974 5,2309
551 21:16
4,4684 4,5008
4,1750 4,2074
4,5874 4,6206
5,1974 5,2309
552 21:17
4,4684 4,5008
4,1755 4,2079
4,5876 4,6208
5,1974 5,2309
553 21:18
4,4686 4,5010
4,1756 4,2080
4,5877 4,6209
5,1977 5,2312
554 21:19
4,4685 4,5009
4,1756 4,2082
4,5875 4,6207
5,1975 5,2310
555 21:20
4,4685 4,5009
4,1751 4,2075
4,5875 4,6207
5,1975 5,2310
556 21:21
4,4684 4,5008
4,1747 4,2071
4,5875 4,6207
5,1974 5,2309
557 21:22
4,4683 4,5007
4,1746 4,2070
4,5876 4,6208
5,1973 5,2308
558 21:23
4,4682 4,5006
4,1750 4,2074
4,5879 4,6211
5,1971 5,2306
559 21:24
4,4683 4,5007
4,1749 4,2073
4,5883 4,6215
5,1973 5,2308
560 21:25
4,4682 4,5006
4,1749 4,2073
4,5880 4,6212
5,1972 5,2307
561 21:26
4,4683 4,5007
4,1750 4,2074
4,5883 4,6215
5,1973 5,2308
562 21:27
4,4683 4,5007
4,1753 4,2077
4,5883 4,6215
5,1977 5,2312
563 21:28
4,4682 4,5006
4,1753 4,2077
4,5882 4,6214
5,1971 5,2306
564 21:29
4,4682 4,5006
4,1756 4,2080
4,5879 4,6211
5,1974 5,2309
565 21:30
4,4684 4,5008
4,1755 4,2083
4,5881 4,6215
5,1974 5,2309
566 21:31
4,4686 4,5010
4,1760 4,2084
4,5882 4,6214
5,1976 5,2311
567 21:32
4,4686 4,5010
4,1758 4,2084
4,5882 4,6214
5,1980 5,2315
568 21:33
4,4686 4,5010
4,1756 4,2080
4,5881 4,6213
5,1977 5,2312
569 21:34
4,4686 4,5010
4,1760 4,2085
4,5885 4,6217
5,1983 5,2318
570 21:35
4,4687 4,5011
4,1757 4,2085
4,5885 4,6218
5,1977 5,2312
571 21:36
4,4687 4,5011
4,1757 4,2085
4,5882 4,6214
5,1977 5,2312
572 21:37
4,4686 4,5010
4,1756 4,2082
4,5880 4,6212
5,1976 5,2311
573 21:38
4,4687 4,5011
4,1761 4,2085
4,5885 4,6217
5,1980 5,2315
574 21:39
4,4687 4,5011
4,1757 4,2085
4,5882 4,6214
5,1977 5,2312
575 21:40
4,4686 4,5010
4,1761 4,2090
4,5882 4,6214
5,1977 5,2312
576 21:41
4,4687 4,5011
4,1763 4,2090
4,5883 4,6215
5,1978 5,2313
577 21:42
4,4687 4,5011
4,1761 4,2089
4,5883 4,6215
5,1977 5,2312
578 21:43
4,4687 4,5011
4,1764 4,2094
4,5882 4,6214
5,1977 5,2312
579 21:44
4,4687 4,5011
4,1764 4,2090
4,5884 4,6216
5,1977 5,2312
580 21:45
4,4687 4,5011
4,1764 4,2090
4,5882 4,6214
5,1977 5,2312
581 21:46
4,4686 4,5010
4,1765 4,2091
4,5882 4,6214
5,1980 5,2315
582 21:47
4,4686 4,5010
4,1763 4,2089
4,5881 4,6213
5,1976 5,2311
583 21:48
4,4686 4,5010
4,1764 4,2095
4,5877 4,6209
5,1977 5,2312
584 21:49
4,4686 4,5010
4,1760 4,2090
4,5882 4,6214
5,1977 5,2312
585 21:50
4,4686 4,5010
4,1760 4,2090
4,5882 4,6214
5,1977 5,2312
586 21:51
4,4687 4,5011
4,1764 4,2090
4,5882 4,6214
5,1981 5,2316
587 21:52
4,4686 4,5010
4,1769 4,2096
4,5886 4,6218
5,1982 5,2317
588 21:53
4,4686 4,5010
4,1772 4,2098
4,5877 4,6209
5,1981 5,2316
589 21:54
4,4686 4,5010
4,1767 4,2097
4,5874 4,6208
5,1976 5,2311
590 21:55
4,4687 4,5011
4,1781 4,2109
4,5878 4,6210
5,1984 5,2319
591 21:56
4,4686 4,5010
4,1788 4,2112
4,5882 4,6214
5,1983 5,2318
592 21:57
4,4686 4,5010
4,1784 4,2113
4,5881 4,6213
5,1982 5,2317
593 21:58
4,4686 4,5010
4,1783 4,2109
4,5872 4,6204
5,1978 5,2313
594 21:59
4,4686 4,5010
4,1789 4,2118
4,5877 4,6209
5,1977 5,2312
595 22:00
4,4686 4,5010
4,1787 4,2117
4,5875 4,6209
5,1975 5,2310
596 22:01
4,4685 4,5009
4,1784 4,2109
4,5872 4,6204
5,1970 5,2305
597 22:02
4,4685 4,5009
4,1783 4,2109
4,5876 4,6208
5,1970 5,2305
598 22:03
4,4686 4,5010
4,1779 4,2107
4,5878 4,6210
5,1971 5,2306
599 22:04
4,4685 4,5009
4,1780 4,2109
4,5879 4,6214
5,1974 5,2309
600 22:05
4,4687 4,5011
4,1781 4,2106
4,5875 4,6209
5,1977 5,2312
601 22:06
4,4687 4,5011
4,1778 4,2107
4,5880 4,6213
5,1971 5,2306
602 22:07
4,4686 4,5010
4,1775 4,2105
4,5877 4,6209
5,1971 5,2306
603 22:08
4,4687 4,5011
4,1776 4,2102
4,5881 4,6213
5,1971 5,2306
604 22:09
4,4686 4,5010
4,1777 4,2102
4,5882 4,6214
5,1971 5,2306
605 22:10
4,4686 4,5010
4,1777 4,2101
4,5882 4,6214
5,1975 5,2310
606 22:11
4,4687 4,5011
4,1777 4,2101
4,5882 4,6214
5,1977 5,2312
607 22:12
4,4686 4,5010
4,1774 4,2101
4,5882 4,6214
5,1977 5,2312
608 22:13
4,4687 4,5011
4,1773 4,2097
4,5882 4,6214
5,1977 5,2312
609 22:14
4,4686 4,5010
4,1773 4,2098
4,5881 4,6213
5,1973 5,2308
610 22:15
4,4686 4,5010
4,1769 4,2097
4,5882 4,6214
5,1977 5,2312
611 22:16
4,4687 4,5011
4,1770 4,2099
4,5883 4,6215
5,1978 5,2313
612 22:17
4,4687 4,5011
4,1770 4,2099
4,5878 4,6210
5,1978 5,2313
613 22:18
4,4687 4,5011
4,1770 4,2099
4,5883 4,6215
5,1978 5,2313
614 22:19
4,4687 4,5011
4,1770 4,2099
4,5883 4,6215
5,1981 5,2316
615 22:20
4,4687 4,5011
4,1768 4,2094
4,5883 4,6215
5,1985 5,2320
616 22:21
4,4687 4,5011
4,1772 4,2098
4,5887 4,6219
5,1989 5,2324
617 22:22
4,4686 4,5010
4,1773 4,2102
4,5889 4,6224
5,1989 5,2324
618 22:23
4,4686 4,5010
4,1772 4,2103
4,5887 4,6223
5,1992 5,2327
619 22:24
4,4687 4,5011
4,1772 4,2102
4,5889 4,6224
5,1992 5,2327
620 22:25
4,4682 4,5006
4,1773 4,2102
4,5885 4,6218
5,1990 5,2325
621 22:26
4,4682 4,5006
4,1772 4,2100
4,5886 4,6218
5,1990 5,2325
622 22:27
4,4682 4,5006
4,1777 4,2102
4,5882 4,6214
5,1990 5,2325
623 22:28
4,4684 4,5008
4,1775 4,2104
4,5889 4,6221
5,1993 5,2328
624 22:29
4,4684 4,5008
4,1774 4,2102
4,5889 4,6221
5,1991 5,2326
625 22:30
4,4684 4,5008
4,1774 4,2098
4,5884 4,6216
5,1992 5,2327
626 22:31
4,4684 4,5008
4,1774 4,2098
4,5884 4,6216
5,1986 5,2321
627 22:32
4,4684 4,5008
4,1774 4,2098
4,5884 4,6216
5,1986 5,2321
628 22:33
4,4667 4,5022
4,1756 4,2112
4,5867 4,6230
5,1967 5,2337
629 22:34
4,4667 4,5022
4,1756 4,2112
4,5867 4,6230
5,1967 5,2337
630 22:35
4,4683 4,5007
4,1774 4,2098
4,5884 4,6216
5,1986 5,2321
631 22:36
4,4683 4,5007
4,1773 4,2101
4,5883 4,6215
5,1985 5,2320
632 22:37
4,4683 4,5007
4,1769 4,2097
4,5883 4,6215
5,1985 5,2320
633 22:38
4,4683 4,5007
4,1773 4,2097
4,5883 4,6215
5,1985 5,2320
634 22:39
4,4684 4,5008
4,1770 4,2098
4,5884 4,6216
5,1986 5,2321
635 22:40
4,4684 4,5008
4,1770 4,2094
4,5884 4,6216
5,1986 5,2321
636 22:41
4,4684 4,5008
4,1770 4,2094
4,5877 4,6209
5,1986 5,2321
637 22:42
4,4668 4,5021
4,1753 4,2111
4,5862 4,6228
5,1968 5,2336
638 22:43
4,4668 4,5020
4,1755 4,2108
4,5868 4,6228
5,1968 5,2335
639 22:44
4,4667 4,5021
4,1754 4,2109
4,5867 4,6229
5,1967 5,2336
640 22:45
4,4683 4,5007
4,1769 4,2095
4,5882 4,6214
5,1982 5,2317
641 22:46
4,4683 4,5007
4,1769 4,2093
4,5881 4,6213
5,1979 5,2314
642 22:47
4,4683 4,5007
4,1765 4,2093
4,5881 4,6214
5,1979 5,2314
643 22:48
4,4683 4,5007
4,1765 4,2093
4,5878 4,6210
5,1978 5,2313
644 22:49
4,4682 4,5006
4,1764 4,2092
4,5880 4,6213
5,1977 5,2312
645 22:50
4,4668 4,5021
4,1749 4,2107
4,5863 4,6230
5,1962 5,2335
646 22:51
4,4668 4,5020
4,1755 4,2108
4,5864 4,6228
5,1962 5,2335
647 22:52
4,4668 4,5020
4,1755 4,2108
4,5864 4,6228
5,1962 5,2335
648 22:53
4,4668 4,5021
4,1753 4,2111
4,5862 4,6228
5,1962 5,2330
649 22:54
4,4667 4,5021
4,1754 4,2111
4,5863 4,6230
5,1962 5,2338
650 22:55
4,4667 4,5022
4,1752 4,2112
4,5861 4,6229
5,1959 5,2336
651 22:56
4,4667 4,5022
4,1748 4,2108
4,5861 4,6229
5,1955 5,2331
652 22:57
4,4667 4,5022
4,1748 4,2108
4,5861 4,6225
5,1955 5,2331
653 22:58
4,4666 4,5023
4,1751 4,2109
4,5858 4,6226
5,1954 5,2332
654 22:59
4,4666 4,5023
4,1747 4,2109
4,5820 4,6255
5,1942 5,2340
655 23:00
4,4367 4,5272
4,1448 4,2408
4,5723 4,6487
5,1638 5,2647
656 23:01
4,4367 4,5272
4,1448 4,2408
4,5723 4,6487
5,1638 5,2647
657 23:02
4,4367 4,5272
4,1448 4,2408
4,5723 4,6487
5,1638 5,2647
658 23:03
4,4367 4,5272
4,1448 4,2408
4,5723 4,6487
5,1638 5,2647
659 23:04
4,4367 4,5272
4,1448 4,2408
4,5723 4,6487
5,1638 5,2647
660 23:05
4,4367 4,5272
4,1448 4,2408
4,5723 4,6487
5,1638 5,2647
661 23:06
4,4367 4,5272
4,1448 4,2408
4,5723 4,6487
5,1638 5,2647
662 23:07
4,4367 4,5272
4,1448 4,2408
4,5723 4,6487
5,1638 5,2647
663 23:08
4,4367 4,5272
4,1448 4,2408
4,5723 4,6487
5,1638 5,2647
664 23:09
4,4367 4,5272
4,1448 4,2408
4,5723 4,6487
5,1638 5,2647
665 23:10
4,4367 4,5272
4,1448 4,2408
4,5723 4,6487
5,1638 5,2647
666 23:11
4,4367 4,5272
4,1448 4,2408
4,5723 4,6487
5,1638 5,2647
667 23:12
4,4367 4,5272
4,1448 4,2408
4,5723 4,6487
5,1638 5,2647
668 23:13
4,4367 4,5272
4,1448 4,2408
4,5723 4,6487
5,1638 5,2647
669 23:14
4,4367 4,5272
4,1448 4,2408
4,5723 4,6487
5,1638 5,2647
670 23:15
4,4367 4,5272
4,1448 4,2408
4,5723 4,6487
5,1638 5,2647
671 23:16
4,4367 4,5272
4,1448 4,2408
4,5723 4,6487
5,1638 5,2647
672 23:17
4,4367 4,5272
4,1448 4,2408
4,5723 4,6487
5,1638 5,2647
673 23:18
4,4367 4,5272
4,1448 4,2408
4,5723 4,6487
5,1638 5,2647
674 23:19
4,4367 4,5272
4,1448 4,2408
4,5723 4,6487
5,1638 5,2647
675 23:20
4,4367 4,5272
4,1448 4,2408
4,5723 4,6487
5,1638 5,2647
676 23:21
4,4367 4,5272
4,1448 4,2408
4,5723 4,6487
5,1638 5,2647
677 23:22
4,4367 4,5272
4,1448 4,2408
4,5723 4,6487
5,1638 5,2647
678 23:23
4,4367 4,5272
4,1448 4,2408
4,5723 4,6487
5,1638 5,2647
679 23:24
4,4367 4,5272
4,1448 4,2408
4,5723 4,6487
5,1638 5,2647
680 23:25
4,4367 4,5272
4,1448 4,2408
4,5723 4,6487
5,1638 5,2647
681 23:26
4,4367 4,5272
4,1448 4,2408
4,5723 4,6487
5,1638 5,2647
682 23:27
4,4367 4,5272
4,1448 4,2408
4,5723 4,6487
5,1638 5,2647
683 23:28
4,4367 4,5272
4,1448 4,2408
4,5723 4,6487
5,1638 5,2647
684 23:29
4,4367 4,5272
4,1448 4,2408
4,5723 4,6487
5,1638 5,2647
685 23:30
4,4367 4,5272
4,1448 4,2408
4,5723 4,6487
5,1638 5,2647
686 23:31
4,4367 4,5272
4,1448 4,2408
4,5723 4,6487
5,1638 5,2647
687 23:32
4,4367 4,5272
4,1448 4,2408
4,5723 4,6487
5,1638 5,2647
688 23:33
4,4367 4,5272
4,1448 4,2408
4,5723 4,6487
5,1638 5,2647
689 23:34
4,4367 4,5272
4,1448 4,2408
4,5723 4,6487
5,1638 5,2647
690 23:35
4,4367 4,5272
4,1448 4,2408
4,5723 4,6487
5,1638 5,2647
691 23:36
4,4367 4,5272
4,1448 4,2408
4,5723 4,6487
5,1638 5,2647
692 23:37
4,4367 4,5272
4,1448 4,2408
4,5723 4,6487
5,1638 5,2647
693 23:38
4,4367 4,5272
4,1448 4,2408
4,5723 4,6487
5,1638 5,2647
694 23:39
4,4367 4,5272
4,1448 4,2408
4,5723 4,6487
5,1638 5,2647
695 23:40
4,4367 4,5272
4,1448 4,2408
4,5723 4,6487
5,1638 5,2647
696 23:41
4,4367 4,5272
4,1448 4,2408
4,5723 4,6487
5,1638 5,2647
697 23:42
4,4367 4,5272
4,1448 4,2408
4,5723 4,6487
5,1638 5,2647
698 23:43
4,4367 4,5272
4,1448 4,2408
4,5723 4,6487
5,1638 5,2647
699 23:44
4,4367 4,5272
4,1448 4,2408
4,5723 4,6487
5,1638 5,2647
700 23:45
4,4367 4,5272
4,1448 4,2408
4,5723 4,6487
5,1638 5,2647
701 23:46
4,4367 4,5272
4,1448 4,2408
4,5723 4,6487
5,1638 5,2647
702 23:47
Definite connection error