#======================
2023-6-16
# 1.EUR, 2.USD, 3.CHF, 4.GBP
Sell Price, Buy Price
1 10:39
4,4420 4,4744
4,0556 4,0878
4,5505 4,5839
5,1918 5,2254
2 10:40
4,4410 4,4734
4,0550 4,0872
4,5498 4,5832
5,1908 5,2244
3 10:41
4,4410 4,4734
4,0555 4,0877
4,5500 4,5834
5,1904 5,2240
4 10:42
4,4400 4,4724
4,0544 4,0866
4,5495 4,5829
5,1891 5,2227
5 10:43
4,4399 4,4723
4,0543 4,0865
4,5494 4,5828
5,1888 5,2224
6 10:44
4,4397 4,4721
4,0545 4,0867
4,5499 4,5833
5,1892 5,2228
7 10:45
4,4392 4,4716
4,0554 4,0876
4,5496 4,5830
5,1893 5,2229
8 10:46
4,4381 4,4705
4,0546 4,0868
4,5494 4,5828
5,1882 5,2218
9 10:47
4,4380 4,4704
4,0530 4,0852
4,5498 4,5832
5,1878 5,2214
10 10:48
4,4388 4,4712
4,0530 4,0852
4,5506 4,5840
5,1885 5,2221
11 10:49
4,4393 4,4717
4,0539 4,0861
4,5508 4,5842
5,1889 5,2225
12 10:50
4,4395 4,4719
4,0532 4,0854
4,5513 4,5847
5,1896 5,2232
13 10:51
4,4407 4,4731
4,0540 4,0862
4,5530 4,5864
5,1907 5,2243
14 10:52
4,4407 4,4731
4,0543 4,0865
4,5528 4,5862
5,1910 5,2246
15 10:53
4,4407 4,4731
4,0541 4,0863
4,5527 4,5861
5,1913 5,2249
16 10:54
4,4406 4,4730
4,0540 4,0862
4,5524 4,5858
5,1909 5,2245
17 10:55
4,4406 4,4730
4,0540 4,0862
4,5512 4,5846
5,1906 5,2242
18 10:56
4,4406 4,4730
4,0542 4,0864
4,5517 4,5851
5,1903 5,2239
19 10:57
4,4405 4,4729
4,0547 4,0869
4,5519 4,5853
5,1902 5,2238
20 10:58
4,4405 4,4729
4,0541 4,0863
4,5509 4,5843
5,1905 5,2241
21 10:59
4,4393 4,4717
4,0532 4,0854
4,5488 4,5822
5,1903 5,2239
22 11:00
4,4387 4,4711
4,0531 4,0853
4,5486 4,5820
5,1896 5,2232
23 11:01
4,4378 4,4702
4,0528 4,0850
4,5495 4,5829
5,1895 5,2231
24 11:02
4,4379 4,4703
4,0523 4,0845
4,5501 4,5835
5,1892 5,2228
25 11:03
4,4385 4,4709
4,0532 4,0854
4,5507 4,5841
5,1900 5,2236
26 11:04
4,4382 4,4706
4,0532 4,0854
4,5504 4,5838
5,1890 5,2226
27 11:05
4,4381 4,4705
4,0531 4,0853
4,5499 4,5833
5,1895 5,2231
28 11:06
4,4378 4,4703
4,0534 4,0856
4,5483 4,5817
5,1884 5,2220
29 11:07
4,4379 4,4704
4,0532 4,0854
4,5484 4,5818
5,1884 5,2220
30 11:08
4,4380 4,4705
4,0534 4,0856
4,5485 4,5819
5,1886 5,2222
31 11:09
4,4374 4,4699
4,0529 4,0851
4,5488 4,5822
5,1873 5,2209
32 11:10
4,4375 4,4700
4,0537 4,0859
4,5489 4,5823
5,1877 5,2213
33 11:11
4,4379 4,4703
4,0542 4,0864
4,5496 4,5830
5,1883 5,2219
34 11:12
4,4404 4,4728
4,0568 4,0890
4,5522 4,5856
5,1913 5,2249
35 11:13
4,4409 4,4733
4,0571 4,0893
4,5527 4,5861
5,1921 5,2257
36 11:14
4,4424 4,4748
4,0587 4,0909
4,5531 4,5865
5,1937 5,2273
37 11:15
4,4417 4,4741
4,0591 4,0913
4,5524 4,5858
5,1931 5,2267
38 11:16
4,4399 4,4723
4,0569 4,0891
4,5503 4,5837
5,1909 5,2245
39 11:17
4,4393 4,4717
4,0571 4,0893
4,5509 4,5843
5,1912 5,2248
40 11:18
4,4381 4,4705
4,0557 4,0879
4,5497 4,5831
5,1895 5,2231
41 11:19
4,4379 4,4703
4,0551 4,0873
4,5485 4,5819
5,1892 5,2228
42 11:20
4,4378 4,4702
4,0558 4,0880
4,5484 4,5818
5,1891 5,2227
43 11:21
4,4388 4,4712
4,0565 4,0887
4,5493 4,5827
5,1912 5,2248
44 11:22
4,4411 4,4735
4,0582 4,0904
4,5503 4,5837
5,1939 5,2275
45 11:23
4,4418 4,4742
4,0587 4,0909
4,5510 4,5844
5,1944 5,2280
46 11:24
4,4419 4,4743
4,0582 4,0904
4,5504 4,5838
5,1944 5,2280
47 11:25
4,4422 4,4746
4,0581 4,0903
4,5509 4,5843
5,1938 5,2274
48 11:26
4,4431 4,4755
4,0591 4,0913
4,5514 4,5848
5,1950 5,2286
49 11:27
4,4428 4,4752
4,0590 4,0912
4,5508 4,5842
5,1947 5,2283
50 11:28
4,4426 4,4750
4,0587 4,0909
4,5515 4,5849
5,1940 5,2276
51 11:29
4,4425 4,4749
4,0588 4,0910
4,5515 4,5849
5,1946 5,2282
52 11:30
4,4431 4,4755
4,0587 4,0909
4,5523 4,5857
5,1956 5,2292
53 11:31
4,4431 4,4755
4,0587 4,0909
4,5511 4,5845
5,1956 5,2292
54 11:32
4,4431 4,4755
4,0587 4,0909
4,5507 4,5841
5,1953 5,2289
55 11:33
4,4430 4,4754
4,0588 4,0910
4,5506 4,5840
5,1946 5,2282
56 11:34
4,4447 4,4771
4,0608 4,0930
4,5526 4,5860
5,1964 5,2300
57 11:35
4,4448 4,4772
4,0607 4,0929
4,5523 4,5857
5,1958 5,2294
58 11:36
4,4455 4,4779
4,0611 4,0933
4,5518 4,5852
5,1963 5,2299
59 11:37
4,4455 4,4779
4,0611 4,0933
4,5511 4,5845
5,1957 5,2293
60 11:38
4,4455 4,4779
4,0609 4,0931
4,5514 4,5848
5,1957 5,2293
61 11:39
4,4455 4,4779
4,0611 4,0933
4,5511 4,5845
5,1954 5,2290
62 11:40
4,4457 4,4781
4,0611 4,0933
4,5507 4,5841
5,1953 5,2289
63 11:41
4,4455 4,4779
4,0608 4,0930
4,5507 4,5841
5,1960 5,2296
64 11:42
4,4457 4,4781
4,0602 4,0924
4,5506 4,5840
5,1966 5,2302
65 11:43
4,4457 4,4781
4,0604 4,0926
4,5502 4,5836
5,1961 5,2297
66 11:44
4,4450 4,4774
4,0601 4,0923
4,5492 4,5826
5,1957 5,2293
67 11:45
4,4451 4,4775
4,0602 4,0924
4,5491 4,5825
5,1961 5,2297
68 11:46
4,4453 4,4777
4,0604 4,0926
4,5495 4,5829
5,1966 5,2302
69 11:47
4,4453 4,4777
4,0600 4,0922
4,5495 4,5829
5,1964 5,2300
70 11:48
4,4453 4,4777
4,0606 4,0928
4,5491 4,5825
5,1967 5,2303
71 11:49
4,4461 4,4785
4,0617 4,0939
4,5494 4,5828
5,1976 5,2312
72 11:50
4,4456 4,4780
4,0614 4,0936
4,5495 4,5829
5,1973 5,2309
73 11:51
4,4457 4,4781
4,0609 4,0931
4,5495 4,5829
5,1968 5,2304
74 11:52
4,4465 4,4789
4,0620 4,0942
4,5509 4,5843
5,1975 5,2311
75 11:53
4,4468 4,4792
4,0621 4,0943
4,5510 4,5844
5,1978 5,2314
76 11:54
4,4468 4,4792
4,0619 4,0941
4,5510 4,5844
5,1972 5,2308
77 11:55
4,4473 4,4797
4,0622 4,0944
4,5515 4,5849
5,1983 5,2319
78 11:56
4,4469 4,4794
4,0623 4,0945
4,5514 4,5848
5,1980 5,2316
79 11:57
4,4456 4,4781
4,0608 4,0930
4,5501 4,5835
5,1977 5,2313
80 11:58
4,4425 4,4750
4,0575 4,0897
4,5481 4,5815
5,1934 5,2270
81 11:59
4,4418 4,4743
4,0565 4,0887
4,5481 4,5815
5,1927 5,2263
82 12:00
4,4404 4,4729
4,0554 4,0876
4,5467 4,5801
5,1916 5,2252
83 12:01
4,4411 4,4736
4,0559 4,0881
4,5474 4,5808
5,1924 5,2260
84 12:02
4,4440 4,4765
4,0589 4,0911
4,5496 4,5830
5,1958 5,2294
85 12:03
4,4460 4,4785
4,0611 4,0933
4,5520 4,5854
5,1987 5,2323
86 12:04
4,4460 4,4785
4,0613 4,0935
4,5522 4,5856
5,1985 5,2321
87 12:05
4,4461 4,4786
4,0614 4,0936
4,5525 4,5859
5,1989 5,2325
88 12:06
4,4466 4,4790
4,0610 4,0932
4,5530 4,5864
5,1994 5,2330
89 12:07
4,4469 4,4793
4,0615 4,0937
4,5528 4,5862
5,2001 5,2337
90 12:08
4,4472 4,4796
4,0625 4,0947
4,5526 4,5860
5,2008 5,2344
91 12:09
4,4475 4,4799
4,0626 4,0948
4,5534 4,5868
5,2011 5,2347
92 12:10
4,4474 4,4798
4,0627 4,0949
4,5526 4,5860
5,2010 5,2346
93 12:11
4,4473 4,4797
4,0617 4,0939
4,5523 4,5857
5,2006 5,2342
94 12:12
4,4471 4,4795
4,0615 4,0937
4,5518 4,5852
5,2003 5,2339
95 12:13
4,4472 4,4796
4,0621 4,0943
4,5512 4,5846
5,2000 5,2336
96 12:14
4,4471 4,4795
4,0624 4,0946
4,5521 4,5855
5,2000 5,2336
97 12:15
4,4500 4,4824
4,0650 4,0972
4,5555 4,5889
5,2037 5,2373
98 12:16
4,4496 4,4821
4,0652 4,0974
4,5554 4,5888
5,2030 5,2366
99 12:17
4,4498 4,4823
4,0657 4,0979
4,5578 4,5912
5,2038 5,2374
100 12:18
4,4499 4,4824
4,0660 4,0982
4,5589 4,5923
5,2045 5,2381
101 12:19
4,4500 4,4825
4,0655 4,0977
4,5584 4,5918
5,2046 5,2382
102 12:20
4,4498 4,4823
4,0650 4,0972
4,5574 4,5908
5,2042 5,2378
103 12:21
4,4500 4,4825
4,0650 4,0972
4,5575 4,5909
5,2038 5,2374
104 12:22
4,4497 4,4822
4,0652 4,0974
4,5571 4,5905
5,2034 5,2370
105 12:23
4,4496 4,4821
4,0655 4,0977
4,5578 4,5912
5,2040 5,2376
106 12:24
4,4495 4,4820
4,0654 4,0976
4,5579 4,5913
5,2041 5,2377
107 12:25
4,4493 4,4818
4,0654 4,0976
4,5577 4,5911
5,2045 5,2381
108 12:26
4,4493 4,4817
4,0652 4,0974
4,5583 4,5917
5,2038 5,2374
109 12:27
4,4483 4,4807
4,0638 4,0960
4,5570 4,5904
5,2026 5,2362
110 12:28
4,4460 4,4784
4,0617 4,0939
4,5549 4,5883
5,1998 5,2334
111 12:29
4,4466 4,4790
4,0625 4,0947
4,5555 4,5889
5,2003 5,2339
112 12:30
4,4466 4,4790
4,0629 4,0951
4,5555 4,5889
5,2006 5,2342
113 12:31
4,4452 4,4777
4,0617 4,0939
4,5544 4,5878
5,1990 5,2326
114 12:32
4,4433 4,4758
4,0592 4,0914
4,5524 4,5858
5,1964 5,2300
115 12:33
4,4426 4,4751
4,0582 4,0904
4,5522 4,5856
5,1951 5,2287
116 12:34
4,4421 4,4746
4,0577 4,0899
4,5513 4,5847
5,1937 5,2273
117 12:35
4,4419 4,4744
4,0574 4,0896
4,5508 4,5842
5,1931 5,2267
118 12:36
4,4410 4,4735
4,0569 4,0891
4,5504 4,5838
5,1918 5,2254
119 12:37
4,4409 4,4734
4,0565 4,0887
4,5502 4,5836
5,1911 5,2247
120 12:38
4,4405 4,4730
4,0561 4,0883
4,5496 4,5830
5,1906 5,2242
121 12:39
4,4400 4,4725
4,0558 4,0880
4,5489 4,5823
5,1897 5,2233
122 12:40
4,4395 4,4720
4,0546 4,0868
4,5481 4,5815
5,1891 5,2227
123 12:41
4,4392 4,4716
4,0550 4,0872
4,5472 4,5806
5,1889 5,2225
124 12:42
4,4390 4,4714
4,0554 4,0876
4,5468 4,5802
5,1890 5,2226
125 12:43
4,4390 4,4714
4,0554 4,0876
4,5473 4,5807
5,1890 5,2226
126 12:44
4,4391 4,4715
4,0549 4,0871
4,5465 4,5799
5,1885 5,2221
127 12:45
4,4391 4,4715
4,0544 4,0866
4,5464 4,5798
5,1888 5,2224
128 12:46
4,4390 4,4714
4,0546 4,0868
4,5460 4,5794
5,1887 5,2223
129 12:47
4,4385 4,4709
4,0535 4,0857
4,5447 4,5781
5,1882 5,2218
130 12:48
4,4385 4,4709
4,0538 4,0860
4,5439 4,5773
5,1884 5,2220
131 12:49
4,4385 4,4709
4,0534 4,0856
4,5435 4,5769
5,1893 5,2229
132 12:50
4,4385 4,4709
4,0534 4,0856
4,5435 4,5769
5,1893 5,2229
133 12:51
4,4386 4,4710
4,0543 4,0865
4,5436 4,5770
5,1892 5,2228
134 12:52
4,4385 4,4709
4,0544 4,0866
4,5456 4,5790
5,1891 5,2227
135 12:53
4,4386 4,4710
4,0544 4,0866
4,5457 4,5791
5,1895 5,2231
136 12:54
4,4387 4,4711
4,0544 4,0866
4,5453 4,5787
5,1890 5,2226
137 12:55
4,4387 4,4711
4,0547 4,0869
4,5446 4,5780
5,1893 5,2229
138 12:56
4,4403 4,4727
4,0553 4,0875
4,5460 4,5794
5,1909 5,2245
139 12:57
4,4407 4,4731
4,0562 4,0884
4,5463 4,5797
5,1911 5,2247
140 12:58
4,4409 4,4733
4,0566 4,0888
4,5456 4,5790
5,1918 5,2254
141 12:59
4,4420 4,4744
4,0579 4,0901
4,5472 4,5806
5,1934 5,2270
142 13:00
4,4452 4,4776
4,0616 4,0938
4,5512 4,5846
5,1974 5,2310
143 13:01
4,4464 4,4788
4,0599 4,0921
4,5508 4,5842
5,1968 5,2304
144 13:02
4,4447 4,4771
4,0582 4,0904
4,5492 4,5826
5,1951 5,2287
145 13:03
4,4458 4,4782
4,0585 4,0907
4,5506 4,5840
5,1971 5,2307
146 13:04
4,4461 4,4785
4,0585 4,0907
4,5508 4,5842
5,1973 5,2309
147 13:05
4,4470 4,4794
4,0594 4,0916
4,5523 4,5857
5,1985 5,2321
148 13:06
4,4468 4,4792
4,0590 4,0912
4,5518 4,5853
5,1978 5,2314
149 13:07
4,4473 4,4797
4,0592 4,0914
4,5516 4,5851
5,1978 5,2314
150 13:08
4,4472 4,4796
4,0599 4,0921
4,5517 4,5852
5,1980 5,2316
151 13:09
4,4471 4,4795
4,0596 4,0918
4,5514 4,5849
5,1971 5,2307
152 13:10
4,4472 4,4796
4,0586 4,0908
4,5513 4,5848
5,1962 5,2298
153 13:11
4,4473 4,4797
4,0596 4,0918
4,5523 4,5857
5,1967 5,2303
154 13:12
4,4473 4,4797
4,0600 4,0922
4,5532 4,5866
5,1966 5,2302
155 13:13
4,4466 4,4790
4,0582 4,0904
4,5525 4,5859
5,1955 5,2291
156 13:14
4,4464 4,4788
4,0575 4,0897
4,5509 4,5843
5,1946 5,2282
157 13:15
4,4464 4,4788
4,0575 4,0897
4,5511 4,5845
5,1956 5,2292
158 13:16
4,4463 4,4787
4,0576 4,0898
4,5517 4,5851
5,1957 5,2293
159 13:17
4,4459 4,4783
4,0576 4,0898
4,5513 4,5847
5,1954 5,2290
160 13:18
4,4457 4,4781
4,0581 4,0903
4,5504 4,5838
5,1959 5,2295
161 13:19
4,4457 4,4781
4,0581 4,0903
4,5506 4,5840
5,1962 5,2298
162 13:20
4,4457 4,4781
4,0589 4,0911
4,5503 4,5837
5,1959 5,2295
163 13:21
4,4451 4,4775
4,0587 4,0909
4,5496 4,5830
5,1956 5,2292
164 13:22
4,4450 4,4774
4,0586 4,0908
4,5496 4,5830
5,1954 5,2290
165 13:23
4,4446 4,4770
4,0581 4,0903
4,5499 4,5833
5,1955 5,2291
166 13:24
4,4445 4,4769
4,0578 4,0900
4,5503 4,5837
5,1952 5,2288
167 13:25
4,4452 4,4776
4,0577 4,0899
4,5502 4,5836
5,1960 5,2296
168 13:26
4,4457 4,4781
4,0583 4,0905
4,5503 4,5837
5,1966 5,2302
169 13:27
4,4458 4,4782
4,0586 4,0908
4,5506 4,5840
5,1973 5,2309
170 13:28
4,4461 4,4785
4,0576 4,0898
4,5505 4,5839
5,1982 5,2318
171 13:29
4,4463 4,4787
4,0578 4,0900
4,5507 4,5841
5,1984 5,2320
172 13:30
4,4461 4,4785
4,0572 4,0894
4,5505 4,5839
5,1986 5,2322
173 13:31
4,4461 4,4785
4,0572 4,0894
4,5505 4,5839
5,1988 5,2324
174 13:32
4,4466 4,4790
4,0577 4,0899
4,5508 4,5842
5,1998 5,2334
175 13:33
4,4468 4,4792
4,0579 4,0901
4,5509 4,5843
5,2002 5,2338
176 13:34
4,4465 4,4789
4,0576 4,0898
4,5506 4,5840
5,1999 5,2335
177 13:35
4,4462 4,4786
4,0573 4,0895
4,5502 4,5836
5,1999 5,2335
178 13:36
4,4469 4,4793
4,0583 4,0905
4,5511 4,5845
5,2010 5,2346
179 13:37
4,4471 4,4795
4,0588 4,0910
4,5516 4,5850
5,2015 5,2351
180 13:38
4,4470 4,4794
4,0584 4,0906
4,5516 4,5850
5,2021 5,2357
181 13:39
4,4471 4,4795
4,0577 4,0899
4,5520 4,5854
5,2021 5,2357
182 13:40
4,4477 4,4801
4,0578 4,0900
4,5520 4,5854
5,2025 5,2361
183 13:41
4,4481 4,4805
4,0585 4,0907
4,5524 4,5859
5,2039 5,2375
184 13:42
4,4484 4,4808
4,0589 4,0911
4,5527 4,5862
5,2046 5,2382
185 13:43
4,4482 4,4806
4,0591 4,0913
4,5525 4,5860
5,2043 5,2379
186 13:44
4,4480 4,4804
4,0587 4,0909
4,5518 4,5853
5,2043 5,2379
187 13:45
4,4478 4,4802
4,0588 4,0910
4,5516 4,5851
5,2042 5,2378
188 13:46
4,4483 4,4807
4,0590 4,0912
4,5523 4,5857
5,2054 5,2390
189 13:47
4,4497 4,4821
4,0592 4,0914
4,5540 4,5874
5,2060 5,2396
190 13:48
4,4507 4,4831
4,0603 4,0925
4,5550 4,5884
5,2073 5,2409
191 13:49
4,4509 4,4833
4,0604 4,0926
4,5552 4,5886
5,2077 5,2413
192 13:50
4,4510 4,4834
4,0604 4,0926
4,5556 4,5890
5,2086 5,2422
193 13:51
4,4510 4,4835
4,0605 4,0927
4,5555 4,5889
5,2083 5,2419
194 13:52
4,4509 4,4834
4,0604 4,0926
4,5553 4,5887
5,2085 5,2421
195 13:53
4,4498 4,4823
4,0594 4,0916
4,5540 4,5874
5,2079 5,2415
196 13:54
4,4509 4,4834
4,0603 4,0925
4,5551 4,5885
5,2094 5,2430
197 13:55
4,4517 4,4842
4,0602 4,0924
4,5564 4,5898
5,2103 5,2439
198 13:56
4,4527 4,4852
4,0615 4,0937
4,5570 4,5904
5,2119 5,2455
199 13:57
4,4526 4,4851
4,0621 4,0943
4,5563 4,5897
5,2120 5,2456
200 13:58
4,4528 4,4853
4,0623 4,0945
4,5566 4,5900
5,2132 5,2468
201 13:59
4,4521 4,4846
4,0621 4,0943
4,5555 4,5889
5,2121 5,2457
202 14:00
4,4525 4,4850
4,0624 4,0946
4,5563 4,5897
5,2129 5,2465
203 14:01
4,4545 4,4869
4,0640 4,0962
4,5587 4,5921
5,2151 5,2487
204 14:02
4,4550 4,4874
4,0646 4,0968
4,5597 4,5931
5,2157 5,2493
205 14:03
4,4544 4,4868
4,0635 4,0957
4,5589 4,5923
5,2150 5,2486
206 14:04
4,4540 4,4864
4,0635 4,0957
4,5584 4,5918
5,2151 5,2487
207 14:05
4,4541 4,4865
4,0636 4,0958
4,5583 4,5917
5,2155 5,2491
208 14:06
4,4535 4,4860
4,0635 4,0957
4,5578 4,5912
5,2152 5,2488
209 14:07
4,4535 4,4860
4,0630 4,0952
4,5575 4,5909
5,2152 5,2488
210 14:08
4,4529 4,4854
4,0613 4,0935
4,5567 4,5901
5,2148 5,2484
211 14:09
4,4541 4,4866
4,0612 4,0934
4,5574 4,5908
5,2162 5,2498
212 14:10
4,4547 4,4872
4,0625 4,0947
4,5585 4,5919
5,2179 5,2515
213 14:11
4,4545 4,4870
4,0611 4,0933
4,5579 4,5913
5,2175 5,2511
214 14:12
4,4545 4,4870
4,0622 4,0944
4,5583 4,5917
5,2171 5,2507
215 14:13
4,4543 4,4868
4,0622 4,0944
4,5581 4,5915
5,2174 5,2510
216 14:14
4,4541 4,4866
4,0620 4,0942
4,5580 4,5914
5,2172 5,2508
217 14:15
4,4532 4,4857
4,0606 4,0928
4,5570 4,5904
5,2155 5,2491
218 14:16
4,4524 4,4849
4,0594 4,0916
4,5568 4,5902
5,2155 5,2491
219 14:17
4,4524 4,4849
4,0586 4,0908
4,5562 4,5896
5,2167 5,2503
220 14:18
4,4526 4,4851
4,0599 4,0921
4,5559 4,5893
5,2175 5,2511
221 14:19
4,4531 4,4856
4,0605 4,0927
4,5567 4,5901
5,2176 5,2512
222 14:20
4,4532 4,4857
4,0610 4,0932
4,5570 4,5904
5,2173 5,2509
223 14:21
4,4529 4,4854
4,0609 4,0931
4,5558 4,5892
5,2167 5,2503
224 14:22
4,4524 4,4849
4,0610 4,0932
4,5559 4,5893
5,2172 5,2508
225 14:23
4,4527 4,4852
4,0609 4,0931
4,5564 4,5898
5,2176 5,2512
226 14:24
4,4525 4,4850
4,0604 4,0926
4,5566 4,5900
5,2178 5,2514
227 14:25
4,4508 4,4833
4,0586 4,0908
4,5545 4,5879
5,2147 5,2483
228 14:26
4,4507 4,4832
4,0585 4,0907
4,5544 4,5878
5,2150 5,2485
229 14:27
4,4510 4,4835
4,0576 4,0898
4,5545 4,5879
5,2159 5,2494
230 14:28
4,4508 4,4833
4,0580 4,0902
4,5544 4,5878
5,2139 5,2474
231 14:29
4,4509 4,4834
4,0587 4,0909
4,5544 4,5878
5,2143 5,2478
232 14:30
4,4504 4,4829
4,0586 4,0908
4,5537 4,5871
5,2144 5,2479
233 14:31
4,4502 4,4827
4,0584 4,0906
4,5539 4,5873
5,2153 5,2489
234 14:32
4,4495 4,4820
4,0577 4,0899
4,5532 4,5866
5,2163 5,2499
235 14:33
4,4486 4,4811
4,0570 4,0892
4,5530 4,5864
5,2151 5,2487
236 14:34
4,4486 4,4811
4,0575 4,0897
4,5525 4,5859
5,2147 5,2483
237 14:35
4,4486 4,4811
4,0584 4,0906
4,5522 4,5856
5,2143 5,2479
238 14:36
4,4486 4,4811
4,0583 4,0905
4,5523 4,5857
5,2147 5,2483
239 14:37
4,4486 4,4811
4,0590 4,0912
4,5527 4,5861
5,2144 5,2480
240 14:38
4,4487 4,4812
4,0597 4,0919
4,5531 4,5865
5,2142 5,2478
241 14:39
4,4474 4,4799
4,0585 4,0907
4,5515 4,5849
5,2120 5,2456
242 14:40
4,4469 4,4794
4,0584 4,0906
4,5514 4,5848
5,2115 5,2451
243 14:41
4,4453 4,4778
4,0570 4,0892
4,5503 4,5837
5,2102 5,2438
244 14:42
4,4470 4,4795
4,0588 4,0910
4,5524 4,5858
5,2125 5,2461
245 14:43
4,4466 4,4791
4,0593 4,0915
4,5517 4,5851
5,2114 5,2450
246 14:44
4,4461 4,4786
4,0590 4,0912
4,5509 4,5843
5,2106 5,2442
247 14:45
4,4463 4,4788
4,0590 4,0912
4,5495 4,5829
5,2102 5,2438
248 14:46
4,4465 4,4789
4,0589 4,0911
4,5493 4,5827
5,2103 5,2439
249 14:47
4,4464 4,4788
4,0592 4,0914
4,5490 4,5824
5,2096 5,2432
250 14:48
4,4464 4,4788
4,0592 4,0914
4,5484 4,5818
5,2090 5,2426
251 14:49
4,4466 4,4790
4,0600 4,0922
4,5480 4,5814
5,2091 5,2427
252 14:50
4,4465 4,4789
4,0602 4,0924
4,5482 4,5816
5,2091 5,2427
253 14:51
4,4463 4,4787
4,0602 4,0924
4,5480 4,5814
5,2082 5,2418
254 14:52
4,4455 4,4779
4,0598 4,0920
4,5471 4,5805
5,2074 5,2410
255 14:53
4,4455 4,4779
4,0600 4,0922
4,5476 4,5810
5,2076 5,2412
256 14:54
4,4447 4,4771
4,0591 4,0913
4,5468 4,5802
5,2060 5,2396
257 14:55
4,4439 4,4763
4,0580 4,0902
4,5462 4,5796
5,2060 5,2396
258 14:56
4,4434 4,4759
4,0576 4,0898
4,5456 4,5790
5,2060 5,2396
259 14:57
4,4433 4,4758
4,0579 4,0901
4,5452 4,5786
5,2057 5,2393
260 14:58
4,4430 4,4755
4,0569 4,0891
4,5435 4,5769
5,2042 5,2378
261 14:59
4,4430 4,4755
4,0574 4,0896
4,5433 4,5767
5,2030 5,2366
262 15:00
4,4430 4,4755
4,0569 4,0891
4,5431 4,5765
5,2028 5,2364
263 15:01
4,4412 4,4736
4,0546 4,0868
4,5413 4,5747
5,2004 5,2340
264 15:02
4,4409 4,4733
4,0545 4,0867
4,5413 4,5747
5,2001 5,2337
265 15:03
4,4410 4,4734
4,0544 4,0866
4,5413 4,5747
5,2005 5,2341
266 15:04
4,4408 4,4732
4,0539 4,0861
4,5405 4,5739
5,2003 5,2339
267 15:05
4,4404 4,4728
4,0541 4,0863
4,5401 4,5735
5,1998 5,2334
268 15:06
4,4401 4,4725
4,0541 4,0863
4,5395 4,5729
5,1994 5,2330
269 15:07
4,4394 4,4718
4,0541 4,0863
4,5396 4,5730
5,1989 5,2325
270 15:08
4,4391 4,4715
4,0535 4,0857
4,5394 4,5728
5,1980 5,2316
271 15:09
4,4391 4,4715
4,0534 4,0856
4,5392 4,5726
5,1970 5,2306
272 15:10
4,4391 4,4715
4,0540 4,0862
4,5394 4,5728
5,1974 5,2310
273 15:11
4,4391 4,4715
4,0549 4,0871
4,5401 4,5735
5,1983 5,2318
274 15:12
4,4391 4,4715
4,0558 4,0880
4,5404 4,5738
5,1980 5,2315
275 15:13
4,4392 4,4716
4,0556 4,0878
4,5412 4,5746
5,1987 5,2322
276 15:14
4,4416 4,4740
4,0579 4,0901
4,5436 4,5770
5,2024 5,2359
277 15:15
4,4425 4,4749
4,0592 4,0914
4,5455 4,5789
5,2042 5,2377
278 15:16
4,4426 4,4753
4,0589 4,0911
4,5451 4,5785
5,2049 5,2385
279 15:17
4,4430 4,4757
4,0591 4,0913
4,5455 4,5789
5,2060 5,2396
280 15:18
4,4433 4,4760
4,0590 4,0912
4,5445 4,5779
5,2063 5,2399
281 15:19
4,4434 4,4761
4,0586 4,0908
4,5449 4,5783
5,2065 5,2401
282 15:20
4,4433 4,4760
4,0585 4,0907
4,5445 4,5779
5,2075 5,2411
283 15:21
4,4431 4,4759
4,0578 4,0900
4,5446 4,5780
5,2074 5,2410
284 15:22
4,4430 4,4758
4,0574 4,0896
4,5445 4,5779
5,2073 5,2409
285 15:23
4,4429 4,4757
4,0561 4,0883
4,5439 4,5773
5,2062 5,2398
286 15:24
4,4428 4,4756
4,0562 4,0884
4,5433 4,5767
5,2052 5,2388
287 15:25
4,4426 4,4754
4,0549 4,0871
4,5434 4,5768
5,2049 5,2385
288 15:26
4,4428 4,4753
4,0552 4,0874
4,5426 4,5760
5,2034 5,2370
289 15:27
4,4429 4,4754
4,0551 4,0873
4,5431 4,5765
5,2043 5,2379
290 15:28
4,4410 4,4735
4,0539 4,0861
4,5414 4,5748
5,2024 5,2360
291 15:29
4,4407 4,4732
4,0540 4,0862
4,5407 4,5741
5,2017 5,2353
292 15:30
4,4404 4,4729
4,0537 4,0859
4,5397 4,5731
5,2015 5,2351
293 15:31
4,4401 4,4726
4,0542 4,0864
4,5395 4,5729
5,2017 5,2353
294 15:32
4,4398 4,4723
4,0535 4,0857
4,5381 4,5715
5,1998 5,2334
295 15:33
4,4397 4,4722
4,0538 4,0860
4,5381 4,5715
5,2006 5,2342
296 15:34
4,4397 4,4722
4,0542 4,0864
4,5381 4,5715
5,2009 5,2345
297 15:35
4,4398 4,4723
4,0538 4,0860
4,5388 4,5722
5,2010 5,2346
298 15:36
4,4397 4,4722
4,0553 4,0875
4,5394 4,5728
5,2018 5,2354
299 15:37
4,4398 4,4723
4,0550 4,0872
4,5393 4,5727
5,2031 5,2367
300 15:38
4,4397 4,4722
4,0537 4,0859
4,5399 4,5733
5,2035 5,2371
301 15:39
4,4399 4,4724
4,0522 4,0844
4,5406 4,5740
5,2042 5,2378
302 15:40
4,4395 4,4720
4,0514 4,0836
4,5390 4,5724
5,2028 5,2364
303 15:41
4,4399 4,4723
4,0525 4,0847
4,5391 4,5725
5,2032 5,2367
304 15:42
4,4398 4,4722
4,0520 4,0842
4,5392 4,5726
5,2040 5,2375
305 15:43
4,4398 4,4722
4,0535 4,0857
4,5410 4,5744
5,2040 5,2375
306 15:44
4,4400 4,4724
4,0531 4,0853
4,5429 4,5763
5,2045 5,2380
307 15:45
4,4387 4,4711
4,0518 4,0840
4,5418 4,5752
5,2033 5,2368
308 15:46
4,4379 4,4703
4,0518 4,0840
4,5417 4,5751
5,2024 5,2360
309 15:47
4,4369 4,4693
4,0523 4,0845
4,5399 4,5733
5,2008 5,2344
310 15:48
4,4369 4,4693
4,0527 4,0849
4,5402 4,5736
5,2012 5,2348
311 15:49
4,4355 4,4679
4,0515 4,0837
4,5390 4,5724
5,1998 5,2334
312 15:50
4,4356 4,4680
4,0515 4,0837
4,5387 4,5721
5,2003 5,2339
313 15:51
4,4344 4,4668
4,0501 4,0823
4,5377 4,5711
5,2000 5,2336
314 15:52
4,4340 4,4664
4,0486 4,0808
4,5373 4,5707
5,2007 5,2343
315 15:53
4,4326 4,4650
4,0473 4,0795
4,5353 4,5687
5,1986 5,2322
316 15:54
4,4343 4,4667
4,0489 4,0811
4,5370 4,5704
5,2006 5,2342
317 15:55
4,4344 4,4668
4,0491 4,0813
4,5374 4,5708
5,2004 5,2340
318 15:56
4,4329 4,4653
4,0476 4,0798
4,5355 4,5689
5,1980 5,2316
319 15:57
4,4329 4,4653
4,0472 4,0794
4,5351 4,5685
5,1974 5,2310
320 15:58
4,4331 4,4655
4,0475 4,0797
4,5355 4,5689
5,1979 5,2315
321 15:59
4,4324 4,4648
4,0462 4,0784
4,5343 4,5677
5,1963 5,2299
322 16:00
4,4337 4,4661
4,0460 4,0782
4,5346 4,5680
5,1976 5,2312
323 16:01
4,4338 4,4662
4,0454 4,0776
4,5371 4,5705
5,1960 5,2296
324 16:02
4,4339 4,4663
4,0453 4,0775
4,5367 4,5701
5,1953 5,2289
325 16:03
4,4354 4,4678
4,0476 4,0798
4,5358 4,5692
5,1973 5,2309
326 16:04
4,4354 4,4678
4,0454 4,0776
4,5348 4,5682
5,1979 5,2315
327 16:05
4,4375 4,4699
4,0466 4,0788
4,5367 4,5701
5,2010 5,2346
328 16:06
4,4372 4,4696
4,0494 4,0816
4,5363 4,5697
5,2013 5,2349
329 16:07
4,4393 4,4717
4,0530 4,0852
4,5387 4,5721
5,2034 5,2370
330 16:08
4,4389 4,4713
4,0541 4,0863
4,5389 4,5723
5,2047 5,2383
331 16:09
4,4391 4,4715
4,0544 4,0866
4,5392 4,5726
5,2056 5,2392
332 16:10
4,4395 4,4719
4,0546 4,0868
4,5394 4,5728
5,2066 5,2402
333 16:11
4,4425 4,4749
4,0567 4,0889
4,5415 4,5749
5,2096 5,2432
334 16:12
4,4422 4,4746
4,0568 4,0890
4,5415 4,5749
5,2088 5,2424
335 16:13
4,4425 4,4749
4,0589 4,0911
4,5420 4,5754
5,2084 5,2420
336 16:14
4,4423 4,4747
4,0591 4,0913
4,5421 4,5755
5,2088 5,2424
337 16:15
4,4426 4,4750
4,0600 4,0922
4,5435 4,5769
5,2088 5,2424
338 16:16
4,4426 4,4750
4,0596 4,0918
4,5433 4,5767
5,2063 5,2399
339 16:17
4,4429 4,4753
4,0597 4,0919
4,5426 4,5760
5,2076 5,2412
340 16:18
4,4433 4,4757
4,0600 4,0922
4,5428 4,5762
5,2084 5,2420
341 16:19
4,4436 4,4760
4,0614 4,0936
4,5431 4,5765
5,2094 5,2430
342 16:20
4,4438 4,4762
4,0626 4,0948
4,5442 4,5776
5,2098 5,2434
343 16:21
4,4438 4,4762
4,0635 4,0957
4,5449 4,5783
5,2104 5,2439
344 16:22
4,4435 4,4759
4,0619 4,0941
4,5446 4,5780
5,2102 5,2437
345 16:23
4,4432 4,4756
4,0616 4,0938
4,5436 4,5770
5,2098 5,2433
346 16:24
4,4452 4,4776
4,0635 4,0957
4,5454 4,5788
5,2124 5,2459
347 16:25
4,4465 4,4789
4,0651 4,0973
4,5461 4,5795
5,2128 5,2463
348 16:26
4,4460 4,4784
4,0650 4,0972
4,5449 4,5783
5,2122 5,2458
349 16:27
4,4461 4,4785
4,0667 4,0989
4,5454 4,5788
5,2142 5,2478
350 16:28
4,4455 4,4779
4,0658 4,0980
4,5443 4,5777
5,2122 5,2458
351 16:29
4,4446 4,4770
4,0638 4,0960
4,5441 4,5775
5,2120 5,2456
352 16:30
4,4445 4,4769
4,0636 4,0958
4,5437 4,5771
5,2109 5,2445
353 16:31
4,4452 4,4776
4,0640 4,0962
4,5445 4,5779
5,2130 5,2466
354 16:32
4,4452 4,4776
4,0638 4,0960
4,5449 4,5783
5,2138 5,2474
355 16:33
4,4450 4,4774
4,0637 4,0959
4,5457 4,5791
5,2153 5,2489
356 16:34
4,4444 4,4768
4,0633 4,0955
4,5453 4,5787
5,2152 5,2488
357 16:35
4,4448 4,4772
4,0635 4,0957
4,5460 4,5794
5,2153 5,2489
358 16:36
4,4449 4,4773
4,0639 4,0961
4,5461 4,5795
5,2159 5,2495
359 16:37
4,4449 4,4773
4,0645 4,0967
4,5458 4,5792
5,2163 5,2499
360 16:38
4,4467 4,4791
4,0662 4,0984
4,5474 4,5808
5,2186 5,2522
361 16:39
4,4469 4,4793
4,0660 4,0982
4,5479 4,5813
5,2184 5,2520
362 16:40
4,4467 4,4791
4,0658 4,0980
4,5477 4,5811
5,2188 5,2524
363 16:41
4,4470 4,4794
4,0655 4,0977
4,5480 4,5814
5,2176 5,2512
364 16:42
4,4474 4,4798
4,0675 4,0997
4,5501 4,5835
5,2182 5,2518
365 16:43
4,4490 4,4814
4,0684 4,1006
4,5524 4,5858
5,2197 5,2533
366 16:44
4,4490 4,4814
4,0677 4,0999
4,5524 4,5858
5,2196 5,2532
367 16:45
4,4491 4,4815
4,0693 4,1015
4,5518 4,5852
5,2198 5,2534
368 16:46
4,4491 4,4815
4,0709 4,1031
4,5501 4,5835
5,2201 5,2537
369 16:47
4,4502 4,4826
4,0727 4,1049
4,5525 4,5859
5,2213 5,2549
370 16:48
4,4501 4,4825
4,0723 4,1045
4,5514 4,5848
5,2204 5,2540
371 16:49
4,4502 4,4826
4,0710 4,1032
4,5515 4,5849
5,2207 5,2543
372 16:50
4,4508 4,4832
4,0735 4,1057
4,5540 4,5874
5,2221 5,2557
373 16:51
4,4508 4,4832
4,0759 4,1081
4,5549 4,5883
5,2232 5,2568
374 16:52
4,4511 4,4835
4,0752 4,1074
4,5543 4,5877
5,2224 5,2560
375 16:53
4,4520 4,4844
4,0773 4,1095
4,5568 4,5902
5,2252 5,2588
376 16:54
4,4517 4,4841
4,0758 4,1080
4,5567 4,5901
5,2254 5,2590
377 16:55
4,4500 4,4824
4,0741 4,1063
4,5549 4,5883
5,2244 5,2580
378 16:56
4,4493 4,4817
4,0722 4,1044
4,5538 4,5872
5,2224 5,2560
379 16:57
4,4475 4,4799
4,0702 4,1024
4,5520 4,5854
5,2195 5,2531
380 16:58
4,4467 4,4791
4,0699 4,1021
4,5515 4,5849
5,2187 5,2523
381 16:59
4,4455 4,4779
4,0690 4,1012
4,5502 4,5836
5,2161 5,2497
382 17:00
4,4431 4,4755
4,0668 4,0990
4,5473 4,5807
5,2130 5,2466
383 17:01
4,4449 4,4773
4,0684 4,1006
4,5495 4,5829
5,2148 5,2484
384 17:02
4,4420 4,4744
4,0648 4,0970
4,5464 4,5798
5,2089 5,2425
385 17:03
4,4407 4,4731
4,0625 4,0947
4,5450 4,5784
5,2074 5,2410
386 17:04
4,4429 4,4753
4,0651 4,0973
4,5487 4,5821
5,2106 5,2442
387 17:05
4,4451 4,4775
4,0680 4,1002
4,5523 4,5857
5,2144 5,2480
388 17:06
4,4451 4,4775
4,0685 4,1007
4,5526 4,5860
5,2141 5,2477
389 17:07
4,4452 4,4776
4,0677 4,0999
4,5530 4,5864
5,2140 5,2476
390 17:08
4,4452 4,4776
4,0678 4,1000
4,5539 4,5873
5,2150 5,2486
391 17:09
4,4451 4,4775
4,0673 4,0995
4,5535 4,5869
5,2146 5,2482
392 17:10
4,4452 4,4776
4,0678 4,1000
4,5539 4,5873
5,2146 5,2482
393 17:11
4,4452 4,4776
4,0676 4,0998
4,5529 4,5863
5,2155 5,2491
394 17:12
4,4440 4,4764
4,0663 4,0985
4,5512 4,5846
5,2148 5,2484
395 17:13
4,4438 4,4762
4,0659 4,0981
4,5491 4,5825
5,2148 5,2484
396 17:14
4,4436 4,4760
4,0657 4,0979
4,5484 4,5818
5,2148 5,2484
397 17:15
4,4438 4,4762
4,0655 4,0977
4,5482 4,5816
5,2158 5,2494
398 17:16
4,4438 4,4762
4,0652 4,0974
4,5487 4,5821
5,2166 5,2502
399 17:17
4,4437 4,4761
4,0655 4,0977
4,5490 4,5824
5,2166 5,2502
400 17:18
4,4440 4,4764
4,0652 4,0974
4,5494 4,5828
5,2157 5,2493
401 17:19
4,4444 4,4768
4,0661 4,0983
4,5507 4,5841
5,2167 5,2503
402 17:20
4,4449 4,4773
4,0673 4,0995
4,5509 4,5843
5,2176 5,2512
403 17:21
4,4450 4,4774
4,0670 4,0992
4,5518 4,5852
5,2171 5,2507
404 17:22
4,4454 4,4778
4,0679 4,1001
4,5525 4,5859
5,2179 5,2515
405 17:23
4,4453 4,4777
4,0671 4,0993
4,5523 4,5857
5,2181 5,2517
406 17:24
4,4454 4,4778
4,0692 4,1014
4,5535 4,5869
5,2194 5,2530
407 17:25
4,4454 4,4778
4,0691 4,1013
4,5527 4,5861
5,2191 5,2527
408 17:26
4,4453 4,4777
4,0688 4,1010
4,5526 4,5860
5,2184 5,2520
409 17:27
4,4455 4,4779
4,0692 4,1014
4,5530 4,5864
5,2184 5,2520
410 17:28
4,4456 4,4780
4,0690 4,1012
4,5526 4,5860
5,2187 5,2523
411 17:29
4,4475 4,4799
4,0706 4,1028
4,5548 4,5882
5,2203 5,2539
412 17:30
4,4477 4,4801
4,0695 4,1017
4,5547 4,5881
5,2203 5,2539
413 17:31
4,4485 4,4809
4,0705 4,1027
4,5544 4,5878
5,2210 5,2546
414 17:32
4,4490 4,4814
4,0712 4,1034
4,5549 4,5883
5,2211 5,2547
415 17:33
4,4496 4,4820
4,0707 4,1029
4,5541 4,5875
5,2219 5,2555
416 17:34
4,4492 4,4816
4,0706 4,1028
4,5535 4,5869
5,2211 5,2547
417 17:35
4,4493 4,4817
4,0710 4,1032
4,5539 4,5873
5,2213 5,2549
418 17:36
4,4499 4,4823
4,0713 4,1035
4,5544 4,5878
5,2216 5,2552
419 17:37
4,4500 4,4824
4,0714 4,1036
4,5544 4,5878
5,2212 5,2548
420 17:38
4,4505 4,4829
4,0734 4,1056
4,5548 4,5882
5,2217 5,2553
421 17:39
4,4506 4,4830
4,0738 4,1060
4,5549 4,5883
5,2208 5,2544
422 17:40
4,4507 4,4831
4,0737 4,1059
4,5548 4,5882
5,2211 5,2547
423 17:41
4,4509 4,4833
4,0739 4,1061
4,5547 4,5881
5,2209 5,2545
424 17:42
4,4509 4,4833
4,0741 4,1063
4,5545 4,5879
5,2206 5,2542
425 17:43
4,4509 4,4833
4,0744 4,1066
4,5540 4,5874
5,2206 5,2542
426 17:44
4,4509 4,4833
4,0741 4,1063
4,5541 4,5875
5,2216 5,2552
427 17:45
4,4509 4,4833
4,0745 4,1067
4,5541 4,5875
5,2210 5,2546
428 17:46
4,4509 4,4833
4,0743 4,1065
4,5538 4,5872
5,2216 5,2552
429 17:47
4,4510 4,4834
4,0742 4,1064
4,5540 4,5874
5,2218 5,2554
430 17:48
4,4511 4,4835
4,0742 4,1064
4,5536 4,5870
5,2215 5,2551
431 17:49
4,4510 4,4834
4,0744 4,1066
4,5537 4,5871
5,2213 5,2549
432 17:50
4,4508 4,4832
4,0740 4,1062
4,5540 4,5874
5,2218 5,2554
433 17:51
4,4508 4,4832
4,0740 4,1062
4,5537 4,5871
5,2216 5,2552
434 17:52
4,4516 4,4840
4,0757 4,1079
4,5553 4,5887
5,2230 5,2566
435 17:53
4,4510 4,4834
4,0749 4,1071
4,5541 4,5875
5,2223 5,2559
436 17:54
4,4507 4,4831
4,0739 4,1061
4,5536 4,5870
5,2220 5,2556
437 17:55
4,4507 4,4831
4,0741 4,1063
4,5539 4,5873
5,2220 5,2556
438 17:56
4,4506 4,4830
4,0744 4,1066
4,5538 4,5872
5,2218 5,2554
439 17:57
4,4502 4,4826
4,0742 4,1064
4,5536 4,5870
5,2214 5,2550
440 17:58
4,4500 4,4824
4,0742 4,1064
4,5536 4,5870
5,2218 5,2554
441 17:59
4,4495 4,4819
4,0728 4,1050
4,5531 4,5865
5,2214 5,2550
442 18:00
4,4477 4,4801
4,0713 4,1038
4,5510 4,5844
5,2201 5,2537
443 18:01
4,4476 4,4800
4,0707 4,1029
4,5512 4,5846
5,2199 5,2535
444 18:02
4,4477 4,4801
4,0709 4,1034
4,5517 4,5851
5,2199 5,2535
445 18:03
4,4478 4,4802
4,0708 4,1031
4,5516 4,5850
5,2201 5,2537
446 18:04
4,4477 4,4801
4,0710 4,1033
4,5517 4,5851
5,2200 5,2536
447 18:05
4,4475 4,4799
4,0703 4,1028
4,5512 4,5846
5,2191 5,2527
448 18:06
4,4475 4,4799
4,0703 4,1027
4,5510 4,5844
5,2197 5,2533
449 18:07
4,4475 4,4799
4,0700 4,1024
4,5520 4,5854
5,2198 5,2534
450 18:08
4,4474 4,4798
4,0705 4,1027
4,5515 4,5849
5,2196 5,2532
451 18:09
4,4477 4,4801
4,0706 4,1029
4,5521 4,5855
5,2199 5,2535
452 18:10
4,4477 4,4801
4,0702 4,1025
4,5522 4,5856
5,2199 5,2535
453 18:11
4,4475 4,4799
4,0700 4,1025
4,5520 4,5854
5,2197 5,2533
454 18:12
4,4474 4,4798
4,0703 4,1028
4,5515 4,5849
5,2198 5,2534
455 18:13
4,4474 4,4798
4,0702 4,1026
4,5514 4,5848
5,2203 5,2539
456 18:14
4,4474 4,4798
4,0705 4,1027
4,5507 4,5841
5,2202 5,2538
457 18:15
4,4474 4,4798
4,0702 4,1026
4,5510 4,5844
5,2209 5,2545
458 18:16
4,4475 4,4799
4,0703 4,1027
4,5508 4,5842
5,2206 5,2542
459 18:17
4,4476 4,4800
4,0700 4,1025
4,5509 4,5844
5,2204 5,2540
460 18:18
4,4474 4,4798
4,0698 4,1020
4,5504 4,5838
5,2202 5,2538
461 18:19
4,4475 4,4799
4,0699 4,1021
4,5506 4,5840
5,2204 5,2540
462 18:20
4,4476 4,4800
4,0697 4,1019
4,5507 4,5841
5,2205 5,2541
463 18:21
4,4476 4,4800
4,0696 4,1018
4,5507 4,5841
5,2202 5,2538
464 18:22
4,4462 4,4811
4,0678 4,1029
4,5493 4,5852
5,2182 5,2547
465 18:23
4,4477 4,4801
4,0694 4,1018
4,5510 4,5844
5,2200 5,2536
466 18:24
4,4473 4,4797
4,0692 4,1015
4,5503 4,5837
5,2194 5,2530
467 18:25
4,4471 4,4795
4,0691 4,1013
4,5506 4,5840
5,2198 5,2534
468 18:26
4,4471 4,4795
4,0688 4,1013
4,5506 4,5840
5,2205 5,2541
469 18:27
4,4470 4,4794
4,0689 4,1012
4,5501 4,5835
5,2198 5,2534
470 18:28
4,4472 4,4796
4,0692 4,1014
4,5503 4,5837
5,2193 5,2529
471 18:29
4,4477 4,4801
4,0697 4,1019
4,5508 4,5842
5,2198 5,2534
472 18:30
4,4479 4,4803
4,0698 4,1020
4,5510 4,5844
5,2200 5,2536
473 18:31
4,4480 4,4804
4,0694 4,1019
4,5507 4,5841
5,2198 5,2534
474 18:32
4,4482 4,4806
4,0699 4,1024
4,5509 4,5843
5,2200 5,2536
475 18:33
4,4483 4,4807
4,0696 4,1023
4,5512 4,5849
5,2201 5,2537
476 18:34
4,4482 4,4806
4,0693 4,1017
4,5509 4,5843
5,2197 5,2533
477 18:35
4,4480 4,4804
4,0692 4,1019
4,5508 4,5844
5,2191 5,2527
478 18:36
4,4479 4,4803
4,0696 4,1021
4,5515 4,5849
5,2196 5,2532
479 18:37
4,4479 4,4803
4,0699 4,1021
4,5515 4,5849
5,2202 5,2538
480 18:38
4,4479 4,4803
4,0698 4,1020
4,5514 4,5848
5,2202 5,2538
481 18:39
4,4475 4,4799
4,0685 4,1009
4,5508 4,5842
5,2198 5,2534
482 18:40
4,4476 4,4800
4,0686 4,1011
4,5512 4,5846
5,2199 5,2535
483 18:41
4,4474 4,4798
4,0685 4,1009
4,5509 4,5843
5,2196 5,2532
484 18:42
4,4476 4,4800
4,0681 4,1008
4,5507 4,5841
5,2200 5,2536
485 18:43
4,4477 4,4801
4,0682 4,1009
4,5509 4,5846
5,2205 5,2541
486 18:44
4,4476 4,4800
4,0681 4,1007
4,5508 4,5842
5,2205 5,2541
487 18:45
4,4478 4,4802
4,0684 4,1009
4,5511 4,5845
5,2210 5,2546
488 18:46
4,4480 4,4804
4,0689 4,1013
4,5516 4,5850
5,2212 5,2548
489 18:47
4,4482 4,4806
4,0691 4,1016
4,5515 4,5849
5,2217 5,2553
490 18:48
4,4483 4,4807
4,0694 4,1016
4,5516 4,5850
5,2219 5,2555
491 18:49
4,4484 4,4808
4,0693 4,1017
4,5515 4,5849
5,2214 5,2550
492 18:50
4,4484 4,4808
4,0693 4,1017
4,5510 4,5844
5,2220 5,2556
493 18:51
4,4484 4,4808
4,0693 4,1017
4,5508 4,5842
5,2220 5,2556
494 18:52
4,4482 4,4806
4,0682 4,1008
4,5504 4,5838
5,2211 5,2547
495 18:53
4,4472 4,4796
4,0675 4,1000
4,5492 4,5827
5,2198 5,2534
496 18:54
4,4472 4,4796
4,0682 4,1006
4,5494 4,5828
5,2194 5,2530
497 18:55
4,4472 4,4796
4,0678 4,1002
4,5494 4,5828
5,2194 5,2530
498 18:56
4,4461 4,4810
4,0666 4,1017
4,5482 4,5840
5,2181 5,2546
499 18:57
4,4471 4,4795
4,0678 4,1001
4,5492 4,5826
5,2192 5,2528
500 18:58
4,4472 4,4796
4,0675 4,0998
4,5491 4,5825
5,2199 5,2535
501 18:59
4,4472 4,4796
4,0674 4,0998
4,5496 4,5830
5,2200 5,2536
502 19:00
4,4472 4,4796
4,0671 4,0995
4,5497 4,5831
5,2201 5,2537
503 19:01
4,4473 4,4797
4,0667 4,0994
4,5500 4,5836
5,2207 5,2543
504 19:02
4,4472 4,4796
4,0670 4,0996
4,5503 4,5837
5,2213 5,2549
505 19:03
4,4474 4,4800
4,0674 4,1001
4,5505 4,5841
5,2204 5,2540
506 19:04
4,4474 4,4801
4,0674 4,1005
4,5500 4,5836
5,2203 5,2542
507 19:05
4,4476 4,4803
4,0676 4,1002
4,5498 4,5836
5,2204 5,2542
508 19:06
4,4478 4,4805
4,0670 4,1000
4,5504 4,5840
5,2201 5,2540
509 19:07
4,4476 4,4804
4,0672 4,1000
4,5504 4,5841
5,2205 5,2545
510 19:08
4,4478 4,4805
4,0678 4,1005
4,5500 4,5837
5,2207 5,2546
511 19:09
4,4478 4,4805
4,0678 4,1005
4,5504 4,5840
5,2207 5,2546
512 19:10
4,4477 4,4803
4,0677 4,1004
4,5508 4,5844
5,2206 5,2544
513 19:11
4,4476 4,4804
4,0676 4,1008
4,5507 4,5849
5,2205 5,2545
514 19:12
4,4475 4,4803
4,0675 4,1007
4,5512 4,5849
5,2204 5,2546
515 19:13
4,4475 4,4803
4,0675 4,1007
4,5512 4,5849
5,2210 5,2550
516 19:14
4,4477 4,4804
4,0677 4,1004
4,5512 4,5848
5,2212 5,2551
517 19:15
4,4477 4,4804
4,0672 4,1002
4,5513 4,5854
5,2212 5,2551
518 19:16
4,4477 4,4804
4,0669 4,0999
4,5513 4,5854
5,2218 5,2557
519 19:17
4,4477 4,4804
4,0669 4,0999
4,5513 4,5852
5,2218 5,2557
520 19:18
4,4477 4,4806
4,0669 4,0997
4,5513 4,5856
5,2217 5,2559
521 19:19
4,4474 4,4798
4,0667 4,0995
4,5510 4,5848
5,2215 5,2551
522 19:20
4,4475 4,4799
4,0669 4,0996
4,5515 4,5849
5,2221 5,2557
523 19:21
4,4475 4,4799
4,0665 4,0992
4,5512 4,5847
5,2215 5,2551
524 19:22
4,4475 4,4800
4,0660 4,0989
4,5520 4,5855
5,2210 5,2547
525 19:23
4,4477 4,4801
4,0666 4,0990
4,5517 4,5851
5,2212 5,2548
526 19:24
4,4477 4,4801
4,0662 4,0986
4,5517 4,5851
5,2212 5,2548
527 19:25
4,4475 4,4799
4,0660 4,0984
4,5515 4,5849
5,2210 5,2546
528 19:26
4,4474 4,4798
4,0659 4,0984
4,5514 4,5848
5,2214 5,2550
529 19:27
4,4473 4,4797
4,0655 4,0980
4,5513 4,5847
5,2207 5,2543
530 19:28
4,4472 4,4796
4,0654 4,0978
4,5512 4,5846
5,2206 5,2542
531 19:29
4,4473 4,4797
4,0651 4,0979
4,5513 4,5847
5,2207 5,2543
532 19:30
4,4474 4,4798
4,0657 4,0984
4,5519 4,5853
5,2209 5,2545
533 19:31
4,4474 4,4798
4,0656 4,0980
4,5515 4,5853
5,2202 5,2538
534 19:32
4,4474 4,4798
4,0659 4,0983
4,5514 4,5848
5,2202 5,2538
535 19:33
4,4467 4,4814
4,0653 4,1001
4,5503 4,5864
5,2194 5,2557
536 19:34
4,4477 4,4801
4,0657 4,0983
4,5514 4,5849
5,2205 5,2541
537 19:35
4,4477 4,4801
4,0662 4,0986
4,5513 4,5847
5,2206 5,2542
538 19:36
4,4477 4,4801
4,0659 4,0985
4,5514 4,5850
5,2206 5,2542
539 19:37
4,4477 4,4801
4,0659 4,0985
4,5514 4,5850
5,2206 5,2542
540 19:38
4,4479 4,4803
4,0665 4,0991
4,5516 4,5852
5,2209 5,2545
541 19:39
4,4479 4,4803
4,0669 4,0991
4,5510 4,5844
5,2213 5,2550
542 19:40
4,4483 4,4809
4,0671 4,1001
4,5520 4,5855
5,2219 5,2557
543 19:41
4,4485 4,4810
4,0673 4,0998
4,5516 4,5854
5,2221 5,2557
544 19:42
4,4485 4,4810
4,0673 4,1002
4,5512 4,5850
5,2215 5,2552
545 19:43
4,4484 4,4810
4,0672 4,1002
4,5517 4,5852
5,2216 5,2553
546 19:44
4,4486 4,4811
4,0678 4,1003
4,5512 4,5846
5,2223 5,2560
547 19:45
4,4486 4,4810
4,0673 4,0998
4,5508 4,5842
5,2223 5,2559
548 19:46
4,4485 4,4809
4,0674 4,0996
4,5507 4,5841
5,2222 5,2558
549 19:47
4,4487 4,4811
4,0672 4,0994
4,5509 4,5843
5,2224 5,2560
550 19:48
4,4487 4,4811
4,0672 4,0994
4,5507 4,5841
5,2218 5,2554
551 19:49
4,4476 4,4824
4,0665 4,1011
4,5493 4,5851
5,2212 5,2569
552 19:50
4,4486 4,4811
4,0670 4,0999
4,5503 4,5837
5,2222 5,2558
553 19:51
4,4486 4,4810
4,0667 4,0993
4,5503 4,5837
5,2229 5,2565
554 19:52
4,4486 4,4810
4,0663 4,0991
4,5503 4,5837
5,2222 5,2558
555 19:53
4,4486 4,4810
4,0667 4,0993
4,5503 4,5837
5,2223 5,2559
556 19:54
4,4486 4,4810
4,0667 4,0991
4,5503 4,5837
5,2220 5,2556
557 19:55
4,4486 4,4810
4,0668 4,0991
4,5499 4,5833
5,2217 5,2553
558 19:56
4,4486 4,4810
4,0669 4,0993
4,5499 4,5833
5,2217 5,2553
559 19:57
4,4486 4,4810
4,0671 4,0997
4,5499 4,5833
5,2217 5,2553
560 19:58
4,4486 4,4810
4,0675 4,0997
4,5498 4,5832
5,2216 5,2552
561 19:59
4,4484 4,4808
4,0670 4,0993
4,5496 4,5830
5,2214 5,2550
562 20:00
4,4482 4,4806
4,0661 4,0984
4,5490 4,5824
5,2212 5,2548
563 20:01
4,4482 4,4806
4,0656 4,0983
4,5486 4,5823
5,2211 5,2547
564 20:02
4,4481 4,4806
4,0653 4,0980
4,5488 4,5822
5,2211 5,2548
565 20:03
4,4480 4,4804
4,0655 4,0977
4,5492 4,5826
5,2209 5,2545
566 20:04
4,4480 4,4804
4,0654 4,0976
4,5488 4,5822
5,2210 5,2546
567 20:05
4,4480 4,4804
4,0656 4,0981
4,5486 4,5820
5,2206 5,2542
568 20:06
4,4466 4,4820
4,0642 4,0993
4,5471 4,5836
5,2194 5,2565
569 20:07
4,4479 4,4803
4,0655 4,0979
4,5487 4,5821
5,2214 5,2550
570 20:08
4,4483 4,4807
4,0662 4,0987
4,5493 4,5828
5,2219 5,2555
571 20:09
4,4482 4,4806
4,0657 4,0981
4,5490 4,5824
5,2212 5,2548
572 20:10
4,4482 4,4806
4,0657 4,0981
4,5489 4,5823
5,2211 5,2547
573 20:11
4,4483 4,4807
4,0659 4,0982
4,5490 4,5824
5,2212 5,2548
574 20:12
4,4483 4,4807
4,0654 4,0978
4,5490 4,5824
5,2212 5,2548
575 20:13
4,4483 4,4807
4,0657 4,0979
4,5490 4,5824
5,2212 5,2548
576 20:14
4,4482 4,4806
4,0655 4,0978
4,5487 4,5821
5,2211 5,2547
577 20:15
4,4482 4,4806
4,0653 4,0975
4,5485 4,5819
5,2211 5,2547
578 20:16
4,4482 4,4806
4,0655 4,0978
4,5489 4,5823
5,2210 5,2546
579 20:17
4,4468 4,4820
4,0640 4,0993
4,5476 4,5838
5,2196 5,2564
580 20:18
4,4481 4,4805
4,0655 4,0981
4,5491 4,5826
5,2205 5,2541
581 20:19
4,4482 4,4807
4,0655 4,0980
4,5494 4,5828
5,2206 5,2543
582 20:20
4,4481 4,4808
4,0651 4,0978
4,5488 4,5824
5,2205 5,2544
583 20:21
4,4479 4,4807
4,0649 4,0977
4,5487 4,5829
5,2197 5,2538
584 20:22
4,4479 4,4807
4,0645 4,0973
4,5488 4,5825
5,2197 5,2538
585 20:23
4,4485 4,4810
4,0654 4,0982
4,5493 4,5832
5,2201 5,2539
586 20:24
4,4486 4,4810
4,0655 4,0983
4,5494 4,5832
5,2204 5,2540
587 20:25
4,4486 4,4810
4,0655 4,0983
4,5499 4,5833
5,2204 5,2540
588 20:26
4,4485 4,4809
4,0656 4,0982
4,5495 4,5832
5,2203 5,2539
589 20:27
4,4486 4,4810
4,0656 4,0983
4,5495 4,5832
5,2204 5,2540
590 20:28
4,4486 4,4810
4,0659 4,0983
4,5493 4,5827
5,2204 5,2540
591 20:29
4,4486 4,4810
4,0655 4,0983
4,5489 4,5823
5,2204 5,2540
592 20:30
4,4486 4,4810
4,0657 4,0982
4,5489 4,5823
5,2204 5,2540
593 20:31
4,4485 4,4809
4,0660 4,0984
4,5483 4,5817
5,2203 5,2539
594 20:32
4,4485 4,4809
4,0664 4,0988
4,5483 4,5817
5,2202 5,2538
595 20:33
4,4470 4,4827
4,0651 4,1009
4,5473 4,5840
5,2185 5,2559
596 20:34
4,4470 4,4827
4,0656 4,1013
4,5469 4,5835
5,2185 5,2559
597 20:35
4,4473 4,4797
4,0657 4,0980
4,5472 4,5806
5,2188 5,2524
598 20:36
4,4473 4,4797
4,0656 4,0978
4,5474 4,5809
5,2189 5,2525
599 20:37
4,4474 4,4798
4,0651 4,0973
4,5472 4,5806
5,2190 5,2526
600 20:38
4,4474 4,4798
4,0651 4,0973
4,5472 4,5806
5,2190 5,2526
601 20:39
4,4475 4,4799
4,0652 4,0975
4,5473 4,5807
5,2191 5,2527
602 20:40
4,4475 4,4799
4,0654 4,0976
4,5473 4,5807
5,2191 5,2527
603 20:41
4,4478 4,4802
4,0654 4,0976
4,5476 4,5810
5,2188 5,2524
604 20:42
4,4473 4,4797
4,0648 4,0970
4,5471 4,5805
5,2183 5,2519
605 20:43
4,4473 4,4797
4,0646 4,0971
4,5471 4,5805
5,2183 5,2519
606 20:44
4,4473 4,4797
4,0645 4,0968
4,5471 4,5805
5,2183 5,2519
607 20:45
4,4473 4,4797
4,0644 4,0970
4,5471 4,5805
5,2183 5,2519
608 20:46
4,4474 4,4798
4,0643 4,0968
4,5472 4,5806
5,2183 5,2519
609 20:47
4,4473 4,4797
4,0645 4,0967
4,5469 4,5803
5,2183 5,2519
610 20:48
4,4473 4,4801
4,0643 4,0971
4,5468 4,5805
5,2183 5,2523
611 20:49
4,4474 4,4801
4,0640 4,0970
4,5467 4,5803
5,2184 5,2523
612 20:50
4,4473 4,4801
4,0637 4,0968
4,5468 4,5805
5,2183 5,2523
613 20:51
4,4472 4,4796
4,0640 4,0962
4,5461 4,5795
5,2182 5,2518
614 20:52
4,4471 4,4799
4,0638 4,0966
4,5461 4,5798
5,2181 5,2521
615 20:53
4,4472 4,4800
4,0639 4,0967
4,5462 4,5799
5,2182 5,2522
616 20:54
4,4472 4,4800
4,0639 4,0967
4,5467 4,5804
5,2182 5,2522
617 20:55
4,4472 4,4801
4,0635 4,0968
4,5465 4,5803
5,2180 5,2516
618 20:56
4,4471 4,4795
4,0632 4,0957
4,5468 4,5802
5,2174 5,2510
619 20:57
4,4471 4,4795
4,0629 4,0953
4,5464 4,5798
5,2174 5,2510
620 20:58
4,4471 4,4795
4,0628 4,0955
4,5464 4,5798
5,2177 5,2513
621 20:59
4,4472 4,4796
4,0635 4,0958
4,5463 4,5797
5,2177 5,2513
622 21:00
4,4474 4,4798
4,0634 4,0956
4,5453 4,5787
5,2179 5,2515
623 21:01
4,4471 4,4795
4,0639 4,0961
4,5460 4,5794
5,2175 5,2511
624 21:02
4,4474 4,4800
4,0642 4,0971
4,5463 4,5799
5,2179 5,2516
625 21:03
4,4465 4,4789
4,0637 4,0959
4,5454 4,5788
5,2167 5,2503
626 21:04
4,4466 4,4790
4,0640 4,0965
4,5460 4,5794
5,2169 5,2505
627 21:05
4,4467 4,4791
4,0637 4,0960
4,5460 4,5794
5,2170 5,2506
628 21:06
4,4467 4,4791
4,0639 4,0961
4,5461 4,5795
5,2170 5,2506
629 21:07
4,4467 4,4791
4,0637 4,0962
4,5461 4,5795
5,2170 5,2506
630 21:08
4,4467 4,4791
4,0641 4,0966
4,5461 4,5795
5,2170 5,2506
631 21:09
4,4470 4,4795
4,0645 4,0970
4,5463 4,5797
5,2173 5,2510
632 21:10
4,4471 4,4796
4,0645 4,0972
4,5464 4,5798
5,2177 5,2513
633 21:11
4,4469 4,4795
4,0645 4,0970
4,5464 4,5799
5,2178 5,2516
634 21:12
4,4469 4,4797
4,0644 4,0970
4,5463 4,5799
5,2179 5,2518
635 21:13
4,4469 4,4797
4,0645 4,0972
4,5465 4,5806
5,2179 5,2520
636 21:14
4,4470 4,4795
4,0644 4,0972
4,5463 4,5797
5,2179 5,2516
637 21:15
4,4469 4,4795
4,0645 4,0973
4,5464 4,5799
5,2177 5,2513
638 21:16
4,4470 4,4794
4,0644 4,0972
4,5463 4,5797
5,2179 5,2515
639 21:17
4,4470 4,4795
4,0644 4,0972
4,5463 4,5797
5,2179 5,2516
640 21:18
4,4470 4,4795
4,0642 4,0968
4,5463 4,5797
5,2179 5,2516
641 21:19
4,4470 4,4795
4,0640 4,0968
4,5458 4,5792
5,2176 5,2512
642 21:20
4,4470 4,4795
4,0637 4,0966
4,5458 4,5794
5,2179 5,2516
643 21:21
4,4467 4,4795
4,0632 4,0963
4,5456 4,5798
5,2176 5,2516
644 21:22
4,4468 4,4797
4,0634 4,0966
4,5452 4,5791
5,2177 5,2518
645 21:23
4,4468 4,4797
4,0635 4,0968
4,5452 4,5795
5,2176 5,2518
646 21:24
4,4470 4,4795
4,0633 4,0962
4,5459 4,5796
5,2179 5,2516
647 21:25
4,4470 4,4795
4,0637 4,0962
4,5454 4,5788
5,2179 5,2516
648 21:26
4,4470 4,4795
4,0641 4,0966
4,5454 4,5788
5,2179 5,2516
649 21:27
4,4470 4,4794
4,0637 4,0965
4,5454 4,5788
5,2179 5,2515
650 21:28
4,4470 4,4795
4,0639 4,0965
4,5449 4,5783
5,2179 5,2516
651 21:29
4,4470 4,4795
4,0640 4,0968
4,5450 4,5789
5,2179 5,2516
652 21:30
4,4458 4,4784
4,0629 4,0955
4,5438 4,5773
5,2164 5,2501
653 21:31
4,4458 4,4785
4,0630 4,0957
4,5437 4,5773
5,2165 5,2504
654 21:32
4,4459 4,4787
4,0628 4,0959
4,5440 4,5777
5,2167 5,2507
655 21:33
4,4459 4,4787
4,0632 4,0959
4,5440 4,5777
5,2173 5,2513
656 21:34
4,4459 4,4787
4,0628 4,0959
4,5440 4,5777
5,2167 5,2507
657 21:35
4,4465 4,4792
4,0632 4,0962
4,5444 4,5780
5,2174 5,2513
658 21:36
4,4465 4,4792
4,0632 4,0962
4,5444 4,5780
5,2174 5,2513
659 21:37
4,4465 4,4791
4,0634 4,0963
4,5446 4,5781
5,2174 5,2512
660 21:38
4,4465 4,4791
4,0632 4,0958
4,5446 4,5785
5,2177 5,2513
661 21:39
4,4465 4,4791
4,0632 4,0962
4,5445 4,5785
5,2174 5,2512
662 21:40
4,4466 4,4793
4,0633 4,0960
4,5446 4,5787
5,2175 5,2514
663 21:41
4,4465 4,4791
4,0632 4,0962
4,5449 4,5785
5,2174 5,2512
664 21:42
4,4465 4,4791
4,0633 4,0960
4,5446 4,5781
5,2174 5,2512
665 21:43
4,4465 4,4791
4,0630 4,0959
4,5446 4,5781
5,2174 5,2512
666 21:44
4,4465 4,4791
4,0633 4,0962
4,5446 4,5781
5,2174 5,2512
667 21:45
4,4465 4,4791
4,0634 4,0963
4,5445 4,5785
5,2174 5,2512
668 21:46
4,4465 4,4791
4,0632 4,0962
4,5445 4,5785
5,2176 5,2513
669 21:47
4,4462 4,4791
4,0629 4,0961
4,5442 4,5777
5,2170 5,2511
670 21:48
4,4463 4,4792
4,0630 4,0963
4,5438 4,5777
5,2170 5,2512
671 21:49
4,4458 4,4782
4,0631 4,0953
4,5432 4,5766
5,2164 5,2500
672 21:50
4,4462 4,4786
4,0634 4,0959
4,5436 4,5770
5,2170 5,2506
