#======================
2023-7-12
# 1.EUR, 2.USD, 3.CHF, 4.GBP
Sell Price, Buy Price
1 11:46
4,4284 4,4606
4,0160 4,0482
4,5735 4,6063
5,1946 5,2278
2 11:47
4,4284 4,4606
4,0159 4,0483
4,5735 4,6063
5,1946 5,2278
3 11:48
4,4284 4,4606
4,0159 4,0482
4,5736 4,6064
5,1947 5,2279
4 11:49
4,4286 4,4608
4,0161 4,0482
4,5737 4,6065
5,1948 5,2280
5 11:50
4,4286 4,4608
4,0162 4,0483
4,5735 4,6063
5,1949 5,2281
6 11:51
4,4285 4,4607
4,0155 4,0476
4,5732 4,6060
5,1941 5,2273
7 11:52
4,4285 4,4607
4,0152 4,0475
4,5732 4,6060
5,1941 5,2273
8 11:53
4,4282 4,4604
4,0146 4,0472
4,5724 4,6052
5,1938 5,2270
9 11:54
4,4272 4,4594
4,0139 4,0464
4,5713 4,6041
5,1926 5,2258
10 11:55
4,4262 4,4584
4,0131 4,0457
4,5704 4,6032
5,1914 5,2246
11 11:56
4,4262 4,4583
4,0133 4,0460
4,5708 4,6036
5,1915 5,2247
12 11:57
4,4263 4,4584
4,0139 4,0460
4,5709 4,6037
5,1928 5,2260
13 11:58
4,4274 4,4596
4,0144 4,0471
4,5720 4,6048
5,1935 5,2268
14 11:59
4,4281 4,4602
4,0156 4,0478
4,5729 4,6057
5,1943 5,2275
15 12:00
4,4288 4,4611
4,0164 4,0489
4,5742 4,6075
5,1965 5,2298
16 12:01
4,4292 4,4617
4,0171 4,0500
4,5749 4,6080
5,1968 5,2303
17 12:02
4,4280 4,4606
4,0162 4,0488
4,5732 4,6068
5,1955 5,2291
18 12:03
4,4291 4,4614
4,0170 4,0497
4,5747 4,6075
5,1967 5,2300
19 12:04
4,4290 4,4615
4,0169 4,0498
4,5747 4,6078
5,1966 5,2301
20 12:05
4,4299 4,4622
4,0177 4,0504
4,5751 4,6079
5,1974 5,2306
21 12:06
4,4298 4,4620
4,0174 4,0499
4,5752 4,6082
5,1972 5,2304
22 12:07
4,4309 4,4631
4,0185 4,0509
4,5761 4,6089
5,1984 5,2316
23 12:08
4,4313 4,4635
4,0191 4,0512
4,5763 4,6091
5,1980 5,2312
24 12:09
4,4342 4,4664
4,0225 4,0546
4,5804 4,6132
5,2008 5,2340
25 12:10
4,4342 4,4664
4,0219 4,0542
4,5805 4,6133
5,2013 5,2345
26 12:11
4,4342 4,4664
4,0221 4,0542
4,5805 4,6133
5,2008 5,2340
27 12:12
4,4342 4,4664
4,0222 4,0543
4,5796 4,6124
5,2002 5,2334
28 12:13
4,4342 4,4664
4,0220 4,0542
4,5801 4,6129
5,2002 5,2334
29 12:14
4,4342 4,4664
4,0218 4,0539
4,5805 4,6133
5,2002 5,2334
30 12:15
4,4342 4,4664
4,0214 4,0535
4,5800 4,6128
5,2002 5,2334
31 12:16
4,4339 4,4661
4,0211 4,0532
4,5795 4,6123
5,1999 5,2331
32 12:17
4,4339 4,4661
4,0219 4,0540
4,5797 4,6125
5,2002 5,2334
33 12:18
4,4341 4,4663
4,0220 4,0541
4,5801 4,6129
5,2001 5,2333
34 12:19
4,4343 4,4665
4,0218 4,0539
4,5801 4,6129
5,2009 5,2341
35 12:20
4,4349 4,4671
4,0227 4,0550
4,5812 4,6140
5,2013 5,2345
36 12:21
4,4347 4,4669
4,0227 4,0548
4,5816 4,6144
5,2009 5,2341
37 12:22
4,4348 4,4670
4,0227 4,0548
4,5816 4,6144
5,2002 5,2334
38 12:23
4,4348 4,4670
4,0227 4,0548
4,5816 4,6144
5,2002 5,2334
39 12:24
4,4344 4,4668
4,0215 4,0544
4,5812 4,6142
5,2011 5,2345
40 12:25
4,4335 4,4660
4,0206 4,0535
4,5802 4,6132
5,2004 5,2336
41 12:26
4,4338 4,4661
4,0209 4,0536
4,5801 4,6130
5,2010 5,2343
42 12:27
4,4340 4,4662
4,0213 4,0536
4,5803 4,6131
5,2018 5,2350
43 12:28
4,4346 4,4668
4,0220 4,0543
4,5805 4,6133
5,2025 5,2357
44 12:29
4,4340 4,4665
4,0207 4,0536
4,5798 4,6128
5,2016 5,2348
45 12:30
4,4345 4,4667
4,0218 4,0540
4,5804 4,6132
5,2021 5,2353
46 12:31
4,4343 4,4665
4,0216 4,0540
4,5801 4,6129
5,2021 5,2353
47 12:32
4,4342 4,4664
4,0214 4,0535
4,5800 4,6128
5,2022 5,2354
48 12:33
4,4332 4,4654
4,0205 4,0530
4,5790 4,6118
5,2002 5,2334
49 12:34
4,4334 4,4656
4,0207 4,0529
4,5792 4,6120
5,2002 5,2334
50 12:35
4,4337 4,4659
4,0210 4,0531
4,5795 4,6123
5,2009 5,2341
51 18:18
4,4194 4,4519
3,9714 4,0040
4,5770 4,6103
5,1621 5,1957
52 18:19
4,4187 4,4512
3,9703 4,0028
4,5763 4,6096
5,1620 5,1955
53 18:20
4,4189 4,4516
3,9708 4,0037
4,5760 4,6095
5,1629 5,1966
54 18:21
4,4189 4,4516
3,9705 4,0036
4,5765 4,6100
5,1625 5,1960
55 18:22
4,4200 4,4525
3,9711 4,0038
4,5781 4,6114
5,1635 5,1969
56 18:23
4,4190 4,4514
3,9710 4,0035
4,5766 4,6098
5,1624 5,1958
57 18:24
4,4190 4,4517
3,9697 4,0027
4,5761 4,6096
5,1618 5,1955
58 18:25
4,4191 4,4518
3,9694 4,0023
4,5767 4,6102
5,1619 5,1955
59 18:26
4,4188 4,4516
3,9693 4,0023
4,5764 4,6100
5,1605 5,1941
60 18:27
4,4188 4,4515
3,9693 4,0024
4,5764 4,6099
5,1609 5,1948
61 18:28
4,4189 4,4516
3,9692 4,0022
4,5759 4,6097
5,1605 5,1942
62 18:29
4,4186 4,4514
3,9693 4,0025
4,5762 4,6098
5,1602 5,1941
63 18:30
4,4191 4,4518
3,9692 4,0019
4,5767 4,6102
5,1607 5,1944
64 18:31
4,4189 4,4517
3,9696 4,0024
4,5771 4,6110
5,1611 5,1949
65 18:32
4,4190 4,4519
3,9695 4,0024
4,5770 4,6106
5,1612 5,1951
66 18:33
4,4188 4,4515
3,9687 4,0015
4,5773 4,6108
5,1614 5,1952
67 18:34
4,4190 4,4519
3,9681 4,0013
4,5775 4,6112
5,1616 5,1950
68 18:35
4,4194 4,4521
3,9685 4,0013
4,5779 4,6113
5,1615 5,1953
69 18:36
4,4195 4,4523
3,9694 4,0026
4,5781 4,6121
5,1624 5,1962
70 18:37
4,4198 4,4527
3,9700 4,0028
4,5783 4,6119
5,1633 5,1972
71 18:38
4,4182 4,4512
3,9686 4,0016
4,5767 4,6105
5,1615 5,1955
72 18:39
4,4183 4,4512
3,9685 4,0018
4,5768 4,6105
5,1615 5,1949
73 18:40
4,4182 4,4508
3,9686 4,0014
4,5767 4,6101
5,1621 5,1957
74 18:41
4,4183 4,4512
3,9690 4,0022
4,5766 4,6104
5,1626 5,1960
75 18:42
4,4182 4,4510
3,9691 4,0021
4,5764 4,6099
5,1627 5,1965
76 18:43
4,4183 4,4510
3,9692 4,0019
4,5754 4,6089
5,1634 5,1969
77 18:44
4,4182 4,4510
3,9693 4,0025
4,5753 4,6089
5,1627 5,1965
78 18:45
4,4182 4,4510
3,9697 4,0025
4,5753 4,6089
5,1627 5,1965
79 18:46
4,4182 4,4510
3,9693 4,0021
4,5753 4,6089
5,1621 5,1959
80 18:47
4,4182 4,4510
3,9693 4,0024
4,5753 4,6093
5,1618 5,1956
81 18:48
4,4184 4,4511
3,9688 4,0018
4,5754 4,6092
5,1617 5,1955
82 18:49
4,4185 4,4512
3,9684 4,0012
4,5756 4,6091
5,1618 5,1955
83 18:50
4,4184 4,4512
3,9681 4,0009
4,5751 4,6089
5,1617 5,1955
84 18:51
4,4184 4,4512
3,9684 4,0016
4,5755 4,6091
5,1623 5,1961
85 18:52
4,4192 4,4515
3,9690 4,0013
4,5758 4,6089
5,1625 5,1959
86 18:53
4,4196 4,4519
3,9698 4,0024
4,5758 4,6093
5,1631 5,1964
87 18:54
4,4197 4,4519
3,9700 4,0026
4,5759 4,6089
5,1634 5,1966
88 18:55
4,4197 4,4526
3,9699 4,0031
4,5759 4,6096
5,1638 5,1971
89 18:56
4,4196 4,4525
3,9698 4,0030
4,5758 4,6095
5,1631 5,1969
90 18:57
4,4197 4,4519
3,9699 4,0024
4,5759 4,6089
5,1632 5,1964
91 18:58
4,4193 4,4516
3,9693 4,0019
4,5749 4,6081
5,1621 5,1954
92 18:59
4,4197 4,4519
3,9697 4,0020
4,5760 4,6090
5,1626 5,1958
93 19:00
4,4204 4,4532
3,9698 4,0029
4,5763 4,6098
5,1635 5,1974
94 19:01
4,4200 4,4530
3,9695 4,0025
4,5757 4,6095
5,1630 5,1965
95 19:02
4,4197 4,4529
3,9695 4,0030
4,5754 4,6094
5,1626 5,1966
96 19:03
4,4203 4,4532
3,9697 4,0029
4,5760 4,6096
5,1632 5,1972
97 19:04
4,4203 4,4532
3,9701 4,0033
4,5765 4,6102
5,1632 5,1972
98 19:05
4,4203 4,4532
3,9701 4,0033
4,5761 4,6102
5,1632 5,1972
99 19:06
4,4205 4,4530
3,9701 4,0030
4,5767 4,6100
5,1632 5,1964
100 19:07
4,4207 4,4534
3,9706 4,0033
4,5769 4,6103
5,1632 5,1969
101 19:08
4,4206 4,4532
3,9708 4,0034
4,5768 4,6102
5,1629 5,1961
102 19:09
4,4210 4,4534
3,9708 4,0036
4,5772 4,6104
5,1635 5,1969
103 19:10
4,4214 4,4539
3,9717 4,0047
4,5775 4,6109
5,1634 5,1969
104 19:11
4,4215 4,4537
3,9716 4,0042
4,5777 4,6107
5,1628 5,1960
105 19:12
4,4216 4,4540
3,9716 4,0043
4,5770 4,6106
5,1635 5,1967
106 19:13
4,4216 4,4540
3,9717 4,0045
4,5769 4,6101
5,1636 5,1970
107 19:14
4,4212 4,4536
3,9720 4,0048
4,5761 4,6098
5,1633 5,1966
108 19:15
4,4210 4,4532
3,9718 4,0043
4,5762 4,6092
5,1634 5,1966
109 19:16
4,4209 4,4533
3,9713 4,0038
4,5768 4,6099
5,1634 5,1968
110 19:17
4,4208 4,4530
3,9712 4,0035
4,5765 4,6095
5,1636 5,1968
111 19:18
4,4212 4,4534
3,9716 4,0037
4,5774 4,6104
5,1643 5,1975
112 19:19
4,4213 4,4535
3,9721 4,0047
4,5767 4,6102
5,1645 5,1977
113 19:20
4,4211 4,4533
3,9722 4,0045
4,5764 4,6098
5,1642 5,1974
114 19:21
4,4212 4,4534
3,9724 4,0050
4,5770 4,6100
5,1637 5,1969
115 19:22
4,4215 4,4537
3,9727 4,0049
4,5773 4,6103
5,1641 5,1973
116 19:23
4,4207 4,4532
3,9722 4,0050
4,5764 4,6096
5,1638 5,1971
117 19:24
4,4210 4,4533
3,9728 4,0052
4,5762 4,6098
5,1641 5,1974
118 19:25
4,4210 4,4536
3,9725 4,0054
4,5764 4,6097
5,1636 5,1971
119 19:26
4,4212 4,4534
3,9729 4,0053
4,5762 4,6095
5,1643 5,1975
120 19:27
4,4214 4,4536
3,9725 4,0050
4,5762 4,6092
5,1645 5,1977
121 19:28
4,4214 4,4536
3,9726 4,0052
4,5758 4,6092
5,1639 5,1971
122 19:29
4,4212 4,4534
3,9727 4,0052
4,5760 4,6090
5,1637 5,1969
123 19:30
4,4213 4,4535
3,9724 4,0049
4,5761 4,6091
5,1638 5,1970
124 19:31
4,4212 4,4534
3,9731 4,0053
4,5757 4,6090
5,1643 5,1975
125 19:32
4,4213 4,4535
3,9731 4,0054
4,5761 4,6091
5,1645 5,1977
126 19:33
4,4211 4,4534
3,9721 4,0048
4,5755 4,6089
5,1642 5,1974
127 19:34
4,4211 4,4534
3,9721 4,0048
4,5754 4,6088
5,1635 5,1967
128 19:35
4,4212 4,4535
3,9718 4,0045
4,5755 4,6089
5,1631 5,1964
129 19:36
4,4212 4,4534
3,9724 4,0046
4,5757 4,6090
5,1631 5,1963
130 19:37
4,4215 4,4537
3,9727 4,0053
4,5759 4,6093
5,1635 5,1967
131 19:38
4,4216 4,4538
3,9724 4,0045
4,5760 4,6090
5,1631 5,1963
132 19:39
4,4218 4,4540
3,9722 4,0045
4,5766 4,6096
5,1632 5,1964
133 19:40
4,4215 4,4538
3,9726 4,0050
4,5758 4,6088
5,1616 5,1948
134 19:41
4,4216 4,4538
3,9727 4,0052
4,5763 4,6094
5,1618 5,1950
135 19:42
4,4216 4,4538
3,9729 4,0053
4,5760 4,6090
5,1618 5,1950
136 19:43
4,4219 4,4541
3,9730 4,0052
4,5762 4,6092
5,1618 5,1950
137 19:44
4,4218 4,4540
3,9729 4,0055
4,5761 4,6091
5,1607 5,1939
138 19:45
4,4214 4,4536
3,9726 4,0052
4,5758 4,6092
5,1604 5,1936
139 19:46
4,4214 4,4536
3,9729 4,0051
4,5757 4,6087
5,1603 5,1935
140 19:47
4,4215 4,4538
3,9729 4,0054
4,5763 4,6093
5,1604 5,1936
141 19:48
4,4213 4,4535
3,9731 4,0056
4,5756 4,6086
5,1602 5,1934
142 19:49
4,4213 4,4535
3,9727 4,0050
4,5757 4,6091
5,1600 5,1932
143 19:50
4,4211 4,4533
3,9726 4,0051
4,5759 4,6089
5,1594 5,1926
144 19:51
4,4213 4,4535
3,9728 4,0049
4,5762 4,6094
5,1595 5,1927
145 19:52
4,4216 4,4538
3,9732 4,0056
4,5769 4,6099
5,1600 5,1932
146 19:53
4,4220 4,4542
3,9736 4,0060
4,5773 4,6103
5,1604 5,1936
147 19:54
4,4219 4,4541
3,9734 4,0057
4,5772 4,6102
5,1603 5,1935
148 19:55
4,4217 4,4539
3,9731 4,0052
4,5774 4,6104
5,1600 5,1932
149 19:56
4,4218 4,4543
3,9728 4,0054
4,5776 4,6109
5,1596 5,1931
150 19:57
4,4216 4,4538
3,9724 4,0050
4,5774 4,6104
5,1594 5,1926
151 19:58
4,4215 4,4537
3,9727 4,0049
4,5777 4,6107
5,1595 5,1927
152 19:59
4,4213 4,4535
3,9717 4,0042
4,5775 4,6105
5,1589 5,1921
153 20:00
4,4219 4,4542
3,9719 4,0045
4,5781 4,6111
5,1597 5,1930
154 20:01
4,4221 4,4546
3,9720 4,0046
4,5788 4,6120
5,1606 5,1941
155 20:02
4,4221 4,4547
3,9717 4,0046
4,5784 4,6118
5,1594 5,1930
156 20:03
4,4221 4,4547
3,9718 4,0044
4,5784 4,6122
5,1594 5,1930
157 20:04
4,4221 4,4547
3,9721 4,0047
4,5784 4,6118
5,1600 5,1936
158 20:05
4,4222 4,4547
3,9728 4,0054
4,5789 4,6121
5,1601 5,1936
159 20:06
4,4221 4,4547
3,9725 4,0055
4,5790 4,6123
5,1606 5,1942
160 20:07
4,4222 4,4548
3,9725 4,0054
4,5785 4,6119
5,1601 5,1937
161 20:08
4,4223 4,4548
3,9729 4,0055
4,5786 4,6123
5,1602 5,1937
162 20:09
4,4222 4,4548
3,9722 4,0051
4,5785 4,6119
5,1601 5,1937
163 20:10
4,4223 4,4550
3,9721 4,0052
4,5786 4,6121
5,1602 5,1939
164 20:11
4,4223 4,4549
3,9723 4,0053
4,5787 4,6120
5,1608 5,1944
165 20:12
4,4222 4,4548
3,9722 4,0048
4,5785 4,6119
5,1607 5,1943
166 20:13
4,4224 4,4550
3,9720 4,0049
4,5787 4,6121
5,1609 5,1945
167 20:14
4,4223 4,4551
3,9719 4,0050
4,5786 4,6122
5,1609 5,1948
168 20:15
4,4225 4,4552
3,9719 4,0046
4,5788 4,6123
5,1609 5,1947
169 20:16
4,4224 4,4551
3,9718 4,0045
4,5791 4,6125
5,1614 5,1946
170 20:17
4,4224 4,4553
3,9716 4,0048
4,5791 4,6127
5,1615 5,1948
171 20:18
4,4218 4,4546
3,9711 4,0039
4,5786 4,6126
5,1609 5,1942
172 20:19
4,4219 4,4548
3,9710 4,0039
4,5790 4,6127
5,1609 5,1948
173 20:20
4,4219 4,4548
3,9710 4,0043
4,5787 4,6128
5,1608 5,1948
174 20:21
4,4220 4,4547
3,9711 4,0042
4,5787 4,6121
5,1611 5,1948
175 20:22
4,4219 4,4547
3,9712 4,0040
4,5788 4,6123
5,1616 5,1948
176 20:23
4,4219 4,4548
3,9711 4,0041
4,5786 4,6122
5,1608 5,1948
177 20:24
4,4219 4,4549
3,9712 4,0046
4,5782 4,6124
5,1610 5,1950
178 20:25
4,4217 4,4550
3,9710 4,0046
4,5780 4,6121
5,1606 5,1950
179 20:26
4,4217 4,4550
3,9710 4,0046
4,5775 4,6116
5,1606 5,1950
180 20:27
4,4217 4,4548
3,9710 4,0044
4,5775 4,6114
5,1600 5,1942
181 20:28
4,4215 4,4547
3,9708 4,0043
4,5773 4,6113
5,1602 5,1943
182 20:29
4,4216 4,4548
3,9705 4,0040
4,5779 4,6115
5,1601 5,1944
183 20:30
4,4217 4,4551
3,9706 4,0043
4,5780 4,6122
5,1601 5,1947
184 20:31
4,4212 4,4543
3,9700 4,0035
4,5774 4,6112
5,1596 5,1937
185 20:32
4,4212 4,4545
3,9694 4,0030
4,5770 4,6111
5,1594 5,1938
186 20:33
4,4212 4,4544
3,9694 4,0029
4,5766 4,6109
5,1596 5,1939
187 20:34
4,4213 4,4543
3,9695 4,0028
4,5771 4,6109
5,1597 5,1937
188 20:35
4,4215 4,4544
3,9701 4,0029
4,5767 4,6109
5,1605 5,1944
189 20:36
4,4214 4,4544
3,9693 4,0027
4,5767 4,6105
5,1604 5,1944
190 20:37
4,4213 4,4543
3,9689 4,0019
4,5771 4,6109
5,1597 5,1937
191 20:38
4,4214 4,4544
3,9686 4,0020
4,5772 4,6110
5,1598 5,1938
192 20:39
4,4212 4,4544
3,9682 4,0015
4,5776 4,6115
5,1596 5,1938
193 20:40
4,4212 4,4544
3,9680 4,0015
4,5775 4,6117
5,1597 5,1940
194 20:41
4,4212 4,4544
3,9688 4,0020
4,5770 4,6110
5,1596 5,1939
195 20:42
4,4213 4,4547
3,9689 4,0023
4,5771 4,6113
5,1590 5,1936
196 20:43
4,4213 4,4545
3,9688 4,0023
4,5772 4,6113
5,1590 5,1934
197 20:44
4,4213 4,4545
3,9690 4,0024
4,5771 4,6115
5,1597 5,1940
198 20:45
4,4214 4,4545
3,9695 4,0027
4,5772 4,6115
5,1600 5,1938
199 20:46
4,4214 4,4544
3,9700 4,0029
4,5778 4,6115
5,1605 5,1946
200 20:47
4,4215 4,4544
3,9701 4,0029
4,5773 4,6114
5,1605 5,1944
201 20:48
4,4214 4,4544
3,9696 4,0029
4,5772 4,6114
5,1604 5,1944
202 20:49
4,4205 4,4535
3,9687 4,0018
4,5764 4,6101
5,1593 5,1927
203 20:50
4,4209 4,4538
3,9687 4,0016
4,5767 4,6108
5,1596 5,1936
204 20:51
4,4209 4,4538
3,9692 4,0024
4,5771 4,6108
5,1598 5,1937
205 20:52
4,4210 4,4539
3,9693 4,0021
4,5777 4,6114
5,1599 5,1938
206 20:53
4,4205 4,4531
3,9684 4,0011
4,5767 4,6101
5,1593 5,1929
207 20:54
4,4205 4,4531
3,9689 4,0015
4,5767 4,6101
5,1593 5,1929
208 20:55
4,4208 4,4534
3,9687 4,0014
4,5766 4,6104
5,1597 5,1933
209 20:56
4,4206 4,4529
3,9681 4,0008
4,5772 4,6102
5,1594 5,1927
210 20:57
4,4203 4,4530
3,9678 4,0009
4,5770 4,6105
5,1591 5,1928
211 20:58
4,4203 4,4530
3,9678 4,0009
4,5770 4,6105
5,1591 5,1928
212 20:59
4,4208 4,4535
3,9680 4,0010
4,5774 4,6108
5,1596 5,1933
213 21:00
4,4213 4,4542
3,9684 4,0013
4,5794 4,6130
5,1603 5,1941
214 21:01
4,4214 4,4543
3,9689 4,0021
4,5786 4,6125
5,1602 5,1942
215 21:02
4,4214 4,4543
3,9688 4,0017
4,5791 4,6132
5,1602 5,1942
216 21:03
4,4214 4,4542
3,9693 4,0021
4,5787 4,6126
5,1610 5,1943
217 21:04
4,4209 4,4542
3,9684 4,0020
4,5788 4,6130
5,1597 5,1941
218 21:05
4,4209 4,4536
3,9687 4,0018
4,5786 4,6123
5,1603 5,1941
219 21:06
4,4211 4,4537
3,9690 4,0019
4,5788 4,6126
5,1600 5,1936
220 21:07
4,4212 4,4540
3,9691 4,0022
4,5795 4,6130
5,1608 5,1940
221 21:08
4,4210 4,4539
3,9684 4,0013
4,5787 4,6128
5,1599 5,1938
222 21:09
4,4210 4,4538
3,9686 4,0018
4,5782 4,6122
5,1599 5,1937
223 21:10
4,4210 4,4539
3,9689 4,0021
4,5786 4,6122
5,1605 5,1944
224 21:11
4,4211 4,4540
3,9690 4,0022
4,5787 4,6123
5,1599 5,1937
225 21:12
4,4208 4,4537
3,9684 4,0016
4,5780 4,6121
5,1597 5,1936
226 21:13
4,4207 4,4537
3,9683 4,0016
4,5779 4,6121
5,1596 5,1936
227 21:14
4,4195 4,4552
3,9671 4,0024
4,5767 4,6135
5,1579 5,1951
228 21:15
4,4209 4,4540
3,9684 4,0018
4,5781 4,6120
5,1597 5,1940
229 21:16
4,4208 4,4542
3,9683 4,0020
4,5780 4,6122
5,1601 5,1941
230 21:17
4,4208 4,4542
3,9687 4,0020
4,5775 4,6117
5,1604 5,1949
231 21:18
4,4210 4,4543
3,9689 4,0025
4,5777 4,6118
5,1604 5,1948
232 21:19
4,4210 4,4543
3,9693 4,0025
4,5777 4,6118
5,1604 5,1948
233 21:20
4,4209 4,4540
3,9691 4,0022
4,5776 4,6115
5,1604 5,1945
234 21:21
4,4208 4,4538
3,9695 4,0025
4,5776 4,6119
5,1603 5,1943
235 21:22
4,4205 4,4533
3,9692 4,0023
4,5773 4,6112
5,1600 5,1939
236 21:23
4,4205 4,4533
3,9688 4,0019
4,5777 4,6113
5,1600 5,1939
237 21:24
4,4193 4,4521
3,9682 4,0012
4,5760 4,6100
5,1586 5,1925
238 21:25
4,4183 4,4514
3,9672 4,0006
4,5754 4,6093
5,1570 5,1909
239 21:26
4,4186 4,4515
3,9675 4,0007
4,5752 4,6089
5,1571 5,1910
240 21:27
4,4183 4,4511
3,9669 4,0000
4,5740 4,6076
5,1568 5,1907
241 21:28
4,4181 4,4512
3,9667 4,0001
4,5737 4,6076
5,1564 5,1906
242 21:29
4,4180 4,4510
3,9666 3,9995
4,5732 4,6074
5,1565 5,1906
243 21:30
4,4180 4,4510
3,9666 3,9995
4,5732 4,6074
5,1565 5,1906
244 21:31
4,4166 4,4494
3,9654 3,9982
4,5717 4,6053
5,1548 5,1886
245 21:32
4,4167 4,4496
3,9653 3,9982
4,5718 4,6055
5,1549 5,1888
246 21:33
4,4165 4,4499
3,9649 3,9982
4,5722 4,6062
5,1551 5,1888
247 21:34
4,4166 4,4496
3,9648 3,9980
4,5722 4,6060
5,1548 5,1888
248 21:35
4,4167 4,4496
3,9649 3,9978
4,5721 4,6059
5,1549 5,1888
249 21:36
4,4166 4,4494
3,9646 3,9977
4,5722 4,6058
5,1548 5,1886
250 21:37
4,4166 4,4494
3,9646 3,9977
4,5723 4,6058
5,1548 5,1886
251 21:38
4,4166 4,4494
3,9645 3,9974
4,5723 4,6054
5,1548 5,1886
252 21:39
4,4166 4,4494
3,9643 3,9975
4,5722 4,6058
5,1548 5,1886
253 21:40
4,4166 4,4494
3,9647 3,9975
4,5723 4,6054
5,1542 5,1880
254 21:41
4,4167 4,4494
3,9646 3,9973
4,5721 4,6057
5,1543 5,1880
255 21:42
4,4167 4,4496
3,9642 3,9975
4,5718 4,6055
5,1543 5,1881
256 21:43
4,4167 4,4496
3,9642 3,9975
4,5713 4,6049
5,1543 5,1882
257 21:44
4,4178 4,4506
3,9650 3,9978
4,5720 4,6056
5,1550 5,1888
258 21:45
4,4178 4,4506
3,9648 3,9977
4,5725 4,6061
5,1550 5,1888
259 21:46
4,4172 4,4502
3,9645 3,9975
4,5715 4,6058
5,1549 5,1889
260 21:47
4,4172 4,4502
3,9645 3,9975
4,5720 4,6059
5,1549 5,1889
261 21:48
4,4172 4,4502
3,9645 3,9975
4,5723 4,6061
5,1549 5,1889
262 21:49
Definite connection error