#======================
2023-8-28
# 1.EUR, 2.USD, 3.CHF, 4.GBP
Sell Price, Buy Price
1 09:12
4,4525 4,4847
4,1153 4,1474
4,6632 4,6961
5,1882 5,2216
2 09:13
4,4519 4,4841
4,1149 4,1470
4,6625 4,6954
5,1859 5,2193
3 09:14
4,4516 4,4838
4,1146 4,1467
4,6632 4,6961
5,1852 5,2186
4 09:15
4,4499 4,4821
4,1130 4,1451
4,6619 4,6948
5,1832 5,2166
5 09:16
4,4502 4,4824
4,1131 4,1452
4,6622 4,6951
5,1836 5,2170
6 09:17
4,4508 4,4830
4,1139 4,1460
4,6628 4,6957
5,1840 5,2174
7 09:18
4,4508 4,4830
4,1139 4,1460
4,6641 4,6970
5,1837 5,2171
8 09:19
4,4507 4,4829
4,1141 4,1462
4,6637 4,6966
5,1832 5,2166
9 09:20
4,4506 4,4828
4,1141 4,1462
4,6636 4,6965
5,1832 5,2166
10 09:21
4,4542 4,4864
4,1179 4,1500
4,6666 4,6995
5,1876 5,2210
11 09:22
4,4539 4,4861
4,1177 4,1498
4,6666 4,6995
5,1870 5,2204
12 09:23
4,4539 4,4861
4,1179 4,1500
4,6666 4,6995
5,1867 5,2201
13 09:24
4,4555 4,4877
4,1197 4,1518
4,6680 4,7009
5,1879 5,2213
14 09:25
4,4549 4,4871
4,1188 4,1509
4,6671 4,7000
5,1869 5,2203
15 09:26
4,4542 4,4864
4,1176 4,1497
4,6662 4,6990
5,1862 5,2196
16 09:27
4,4542 4,4864
4,1179 4,1500
4,6659 4,6987
5,1861 5,2195
17 09:28
4,4542 4,4864
4,1180 4,1501
4,6657 4,6985
5,1861 5,2195
18 09:29
4,4546 4,4868
4,1185 4,1506
4,6665 4,6993
5,1865 5,2199
19 09:30
4,4542 4,4864
4,1181 4,1502
4,6659 4,6987
5,1852 5,2186
20 09:31
4,4550 4,4872
4,1185 4,1506
4,6668 4,6997
5,1882 5,2216
21 09:32
4,4553 4,4875
4,1186 4,1507
4,6671 4,7000
5,1889 5,2223
22 09:33
4,4553 4,4875
4,1185 4,1506
4,6673 4,7002
5,1892 5,2226
23 09:34
4,4554 4,4876
4,1187 4,1508
4,6674 4,7003
5,1891 5,2225
24 09:35
4,4553 4,4875
4,1174 4,1495
4,6673 4,7002
5,1881 5,2215
25 09:36
4,4545 4,4867
4,1165 4,1486
4,6657 4,6986
5,1874 5,2208
26 09:37
4,4545 4,4867
4,1171 4,1492
4,6657 4,6986
5,1869 5,2203
27 09:38
4,4542 4,4864
4,1170 4,1491
4,6654 4,6983
5,1864 5,2198
28 09:39
4,4543 4,4865
4,1167 4,1488
4,6653 4,6982
5,1864 5,2198
29 09:40
4,4544 4,4866
4,1174 4,1495
4,6652 4,6981
5,1864 5,2198
30 09:41
4,4543 4,4865
4,1169 4,1490
4,6650 4,6977
5,1862 5,2196
31 09:42
4,4555 4,4877
4,1180 4,1501
4,6658 4,6985
5,1876 5,2210
32 09:43
4,4555 4,4877
4,1185 4,1506
4,6658 4,6985
5,1873 5,2207
33 09:44
4,4575 4,4897
4,1210 4,1531
4,6679 4,7006
5,1896 5,2230
34 09:45
4,4573 4,4895
4,1214 4,1535
4,6678 4,7005
5,1888 5,2222
35 09:46
4,4570 4,4892
4,1215 4,1536
4,6671 4,7000
5,1891 5,2225
36 09:47
4,4561 4,4883
4,1201 4,1522
4,6659 4,6988
5,1880 5,2214
37 09:48
4,4561 4,4883
4,1195 4,1516
4,6654 4,6983
5,1880 5,2214
38 09:49
4,4561 4,4883
4,1197 4,1518
4,6659 4,6988
5,1874 5,2208
39 09:50
4,4561 4,4883
4,1198 4,1519
4,6659 4,6988
5,1874 5,2208
40 09:51
4,4557 4,4879
4,1197 4,1518
4,6655 4,6984
5,1861 5,2195
41 09:52
4,4560 4,4882
4,1200 4,1521
4,6658 4,6987
5,1869 5,2203
42 09:53
4,4551 4,4873
4,1194 4,1515
4,6657 4,6986
5,1848 5,2182
43 09:54
4,4551 4,4873
4,1192 4,1513
4,6654 4,6983
5,1848 5,2182
44 09:55
4,4562 4,4884
4,1202 4,1523
4,6664 4,6993
5,1860 5,2194
45 09:56
4,4565 4,4887
4,1205 4,1527
4,6673 4,7002
5,1865 5,2199
46 09:57
4,4568 4,4890
4,1219 4,1541
4,6681 4,7010
5,1874 5,2208
47 09:58
4,4576 4,4898
4,1230 4,1552
4,6683 4,7012
5,1884 5,2218
48 09:59
4,4570 4,4892
4,1228 4,1550
4,6673 4,7002
5,1875 5,2209
49 10:00
4,4568 4,4890
4,1227 4,1549
4,6675 4,7004
5,1873 5,2207
50 10:01
4,4571 4,4892
4,1227 4,1549
4,6678 4,7006
5,1892 5,2226
51 10:02
4,4576 4,4897
4,1233 4,1555
4,6679 4,7007
5,1901 5,2235
52 10:03
4,4576 4,4897
4,1231 4,1553
4,6680 4,7008
5,1903 5,2237
53 10:04
4,4574 4,4895
4,1229 4,1551
4,6668 4,6996
5,1901 5,2235
54 10:05
4,4575 4,4896
4,1230 4,1552
4,6674 4,7002
5,1899 5,2233
55 10:06
4,4574 4,4896
4,1230 4,1552
4,6672 4,7000
5,1899 5,2233
56 10:07
4,4575 4,4897
4,1231 4,1553
4,6668 4,6996
5,1897 5,2231
57 10:08
4,4575 4,4897
4,1231 4,1553
4,6668 4,6996
5,1900 5,2234
58 10:09
4,4575 4,4897
4,1231 4,1553
4,6670 4,6998
5,1904 5,2238
59 10:10
4,4575 4,4897
4,1229 4,1551
4,6670 4,6998
5,1903 5,2237
60 10:11
4,4576 4,4897
4,1231 4,1553
4,6665 4,6993
5,1902 5,2236
61 10:12
4,4575 4,4896
4,1230 4,1552
4,6664 4,6992
5,1899 5,2233
62 10:13
4,4575 4,4896
4,1234 4,1556
4,6662 4,6990
5,1899 5,2233
63 10:14
4,4575 4,4896
4,1236 4,1558
4,6664 4,6992
5,1899 5,2233
64 10:15
4,4569 4,4890
4,1234 4,1556
4,6656 4,6984
5,1894 5,2228
65 10:16
4,4573 4,4894
4,1238 4,1560
4,6660 4,6988
5,1896 5,2230
66 10:17
4,4564 4,4885
4,1229 4,1551
4,6652 4,6980
5,1888 5,2222
67 10:18
4,4561 4,4882
4,1226 4,1548
4,6654 4,6982
5,1888 5,2222
68 10:19
4,4555 4,4876
4,1221 4,1543
4,6648 4,6976
5,1884 5,2218
69 10:20
4,4554 4,4875
4,1237 4,1559
4,6632 4,6960
5,1885 5,2219
70 10:21
4,4553 4,4874
4,1239 4,1561
4,6648 4,6977
5,1884 5,2218
71 10:22
4,4552 4,4873
4,1240 4,1562
4,6640 4,6969
5,1881 5,2215
72 10:23
4,4551 4,4872
4,1235 4,1557
4,6643 4,6972
5,1880 5,2214
73 10:24
4,4553 4,4874
4,1236 4,1558
4,6640 4,6969
5,1885 5,2219
74 10:25
4,4553 4,4874
4,1235 4,1557
4,6643 4,6972
5,1885 5,2219
75 10:26
4,4552 4,4874
4,1229 4,1551
4,6643 4,6971
5,1885 5,2219
76 10:27
4,4563 4,4885
4,1233 4,1555
4,6652 4,6980
5,1895 5,2229
77 10:28
4,4565 4,4887
4,1235 4,1557
4,6651 4,6979
5,1897 5,2231
78 10:29
4,4565 4,4887
4,1241 4,1563
4,6653 4,6981
5,1903 5,2237
79 10:30
4,4566 4,4888
4,1248 4,1570
4,6650 4,6978
5,1901 5,2235
80 10:31
4,4574 4,4895
4,1265 4,1587
4,6658 4,6987
5,1906 5,2240
81 10:32
4,4572 4,4893
4,1265 4,1587
4,6656 4,6985
5,1901 5,2235
82 10:33
4,4564 4,4885
4,1258 4,1580
4,6648 4,6977
5,1895 5,2229
83 10:34
4,4564 4,4885
4,1258 4,1580
4,6657 4,6986
5,1898 5,2232
84 10:35
4,4564 4,4885
4,1258 4,1580
4,6657 4,6986
5,1898 5,2232
85 10:36
4,4562 4,4883
4,1258 4,1580
4,6660 4,6989
5,1902 5,2236
86 10:37
4,4560 4,4881
4,1255 4,1577
4,6660 4,6989
5,1900 5,2234
87 10:38
4,4558 4,4879
4,1250 4,1572
4,6655 4,6984
5,1902 5,2236
88 10:39
4,4557 4,4878
4,1248 4,1570
4,6659 4,6988
5,1899 5,2233
89 10:40
4,4561 4,4882
4,1252 4,1574
4,6664 4,6993
5,1900 5,2234
90 10:41
4,4557 4,4878
4,1246 4,1568
4,6665 4,6993
5,1896 5,2230
91 10:42
4,4555 4,4876
4,1233 4,1555
4,6665 4,6993
5,1885 5,2219
92 10:43
4,4549 4,4870
4,1227 4,1549
4,6659 4,6987
5,1877 5,2211
93 10:44
4,4547 4,4868
4,1215 4,1537
4,6656 4,6984
5,1878 5,2212
94 10:45
4,4550 4,4871
4,1219 4,1541
4,6643 4,6971
5,1882 5,2216
95 10:46
4,4554 4,4876
4,1222 4,1544
4,6648 4,6977
5,1888 5,2222
96 10:47
4,4548 4,4870
4,1216 4,1538
4,6641 4,6970
5,1880 5,2214
97 10:48
4,4547 4,4869
4,1230 4,1552
4,6640 4,6969
5,1873 5,2207
98 10:49
4,4548 4,4870
4,1227 4,1549
4,6640 4,6969
5,1874 5,2208
99 10:50
4,4544 4,4866
4,1219 4,1541
4,6631 4,6960
5,1866 5,2200
100 10:51
4,4531 4,4853
4,1217 4,1539
4,6619 4,6947
5,1851 5,2185
101 10:52
4,4527 4,4849
4,1208 4,1530
4,6615 4,6943
5,1850 5,2184
102 10:53
4,4528 4,4850
4,1207 4,1529
4,6616 4,6944
5,1851 5,2185
103 10:54
4,4525 4,4847
4,1206 4,1528
4,6613 4,6941
5,1848 5,2182
104 10:55
4,4537 4,4859
4,1217 4,1539
4,6631 4,6959
5,1862 5,2196
105 10:56
4,4543 4,4865
4,1230 4,1552
4,6637 4,6965
5,1884 5,2218
106 10:57
4,4543 4,4865
4,1234 4,1556
4,6635 4,6963
5,1881 5,2215
107 10:58
4,4543 4,4865
4,1239 4,1561
4,6634 4,6962
5,1884 5,2218
108 10:59
4,4543 4,4865
4,1240 4,1562
4,6646 4,6974
5,1890 5,2224
109 11:00
4,4548 4,4870
4,1244 4,1566
4,6649 4,6977
5,1896 5,2230
110 11:01
4,4540 4,4862
4,1237 4,1559
4,6641 4,6969
5,1884 5,2218
111 11:02
4,4536 4,4858
4,1225 4,1547
4,6629 4,6957
5,1878 5,2212
112 11:03
4,4535 4,4857
4,1223 4,1545
4,6628 4,6956
5,1877 5,2211
113 11:04
4,4533 4,4855
4,1221 4,1543
4,6626 4,6954
5,1877 5,2211
114 11:05
4,4533 4,4855
4,1223 4,1545
4,6626 4,6954
5,1872 5,2206
115 11:06
4,4532 4,4854
4,1224 4,1546
4,6631 4,6960
5,1861 5,2195
116 11:07
4,4532 4,4854
4,1224 4,1546
4,6631 4,6960
5,1859 5,2193
117 11:08
4,4533 4,4855
4,1225 4,1547
4,6633 4,6962
5,1860 5,2194
118 11:09
4,4536 4,4858
4,1223 4,1545
4,6638 4,6967
5,1860 5,2194
119 11:10
4,4536 4,4858
4,1224 4,1546
4,6641 4,6970
5,1860 5,2194
120 11:11
4,4537 4,4858
4,1224 4,1546
4,6644 4,6972
5,1851 5,2185
121 11:12
4,4536 4,4857
4,1217 4,1539
4,6645 4,6973
5,1844 5,2178
122 11:13
4,4537 4,4858
4,1216 4,1538
4,6646 4,6974
5,1845 5,2179
123 11:14
4,4556 4,4877
4,1234 4,1556
4,6662 4,6990
5,1867 5,2201
124 11:15
4,4547 4,4868
4,1225 4,1547
4,6649 4,6977
5,1853 5,2187
125 11:16
4,4546 4,4868
4,1217 4,1539
4,6648 4,6977
5,1856 5,2190
126 11:17
4,4546 4,4868
4,1231 4,1553
4,6648 4,6977
5,1847 5,2181
127 11:18
4,4546 4,4868
4,1237 4,1559
4,6653 4,6982
5,1848 5,2182
128 11:19
4,4542 4,4864
4,1229 4,1551
4,6659 4,6988
5,1848 5,2182
129 11:20
4,4551 4,4873
4,1234 4,1556
4,6664 4,6993
5,1859 5,2193
130 11:21
4,4561 4,4882
4,1252 4,1574
4,6676 4,7005
5,1894 5,2228
131 11:22
4,4561 4,4882
4,1252 4,1574
4,6672 4,7001
5,1891 5,2225
132 11:23
4,4564 4,4885
4,1254 4,1576
4,6675 4,7004
5,1892 5,2226
133 11:24
4,4564 4,4885
4,1247 4,1569
4,6666 4,6995
5,1889 5,2223
134 11:25
4,4564 4,4885
4,1247 4,1569
4,6664 4,6993
5,1894 5,2228
135 11:26
4,4561 4,4882
4,1248 4,1570
4,6666 4,6994
5,1892 5,2226
136 11:27
4,4561 4,4882
4,1246 4,1568
4,6669 4,6997
5,1891 5,2225
137 11:28
4,4561 4,4882
4,1246 4,1568
4,6664 4,6992
5,1894 5,2228
138 11:29
4,4562 4,4883
4,1247 4,1569
4,6668 4,6996
5,1890 5,2224
139 11:30
4,4573 4,4894
4,1257 4,1579
4,6682 4,7010
5,1908 5,2242
140 11:31
4,4573 4,4894
4,1261 4,1583
4,6684 4,7012
5,1914 5,2248
141 11:32
4,4574 4,4895
4,1260 4,1582
4,6685 4,7013
5,1919 5,2253
142 11:33
4,4576 4,4897
4,1262 4,1584
4,6690 4,7018
5,1921 5,2255
143 11:34
4,4577 4,4898
4,1264 4,1586
4,6683 4,7011
5,1919 5,2253
144 11:35
4,4577 4,4898
4,1266 4,1588
4,6677 4,7005
5,1916 5,2250
145 11:36
4,4584 4,4905
4,1273 4,1595
4,6686 4,7014
5,1926 5,2260
146 11:37
4,4583 4,4904
4,1274 4,1596
4,6685 4,7013
5,1926 5,2260
147 11:38
4,4583 4,4904
4,1274 4,1596
4,6685 4,7013
5,1926 5,2260
148 11:39
4,4583 4,4904
4,1274 4,1596
4,6685 4,7013
5,1926 5,2260
149 11:40
4,4583 4,4904
4,1274 4,1596
4,6685 4,7013
5,1926 5,2260
150 11:41
4,4583 4,4904
4,1274 4,1596
4,6685 4,7013
5,1926 5,2260
151 11:42
4,4583 4,4904
4,1274 4,1596
4,6685 4,7013
5,1926 5,2260
152 11:43
4,4583 4,4904
4,1274 4,1596
4,6685 4,7013
5,1926 5,2260
153 11:44
4,4583 4,4904
4,1274 4,1596
4,6685 4,7013
5,1926 5,2260
154 11:45
4,4583 4,4904
4,1274 4,1596
4,6685 4,7013
5,1926 5,2260
155 11:46
4,4583 4,4904
4,1274 4,1596
4,6685 4,7013
5,1926 5,2260
156 11:47
4,4583 4,4904
4,1274 4,1596
4,6685 4,7013
5,1926 5,2260
157 11:48
4,4583 4,4904
4,1274 4,1596
4,6685 4,7013
5,1926 5,2260
158 11:49
4,4583 4,4904
4,1274 4,1596
4,6685 4,7013
5,1926 5,2260
159 11:50
4,4583 4,4904
4,1274 4,1596
4,6685 4,7013
5,1926 5,2260
160 11:51
4,4583 4,4904
4,1274 4,1596
4,6685 4,7013
5,1926 5,2260
161 11:52
4,4583 4,4904
4,1274 4,1596
4,6685 4,7013
5,1926 5,2260
162 11:53
4,4583 4,4904
4,1274 4,1596
4,6685 4,7013
5,1926 5,2260
163 11:54
4,4583 4,4904
4,1274 4,1596
4,6685 4,7013
5,1926 5,2260
164 11:55
4,4583 4,4904
4,1274 4,1596
4,6685 4,7013
5,1926 5,2260
165 11:56
4,4583 4,4904
4,1274 4,1596
4,6685 4,7013
5,1926 5,2260
166 11:57
4,4583 4,4904
4,1274 4,1596
4,6685 4,7013
5,1926 5,2260
167 11:58
4,4583 4,4904
4,1274 4,1596
4,6685 4,7013
5,1926 5,2260
168 11:59
4,4583 4,4904
4,1274 4,1596
4,6685 4,7013
5,1926 5,2260
169 12:00
4,4583 4,4904
4,1274 4,1596
4,6685 4,7013
5,1926 5,2260
170 12:01
4,4583 4,4904
4,1274 4,1596
4,6685 4,7013
5,1926 5,2260
171 12:02
4,4583 4,4904
4,1274 4,1596
4,6685 4,7013
5,1926 5,2260
172 12:03
4,4583 4,4904
4,1274 4,1596
4,6685 4,7013
5,1926 5,2260
173 12:04
4,4583 4,4904
4,1274 4,1596
4,6685 4,7013
5,1926 5,2260
174 12:05
4,4583 4,4904
4,1274 4,1596
4,6685 4,7013
5,1926 5,2260
175 12:06
4,4583 4,4904
4,1274 4,1596
4,6685 4,7013
5,1926 5,2260
176 12:07
4,4583 4,4904
4,1274 4,1596
4,6685 4,7013
5,1926 5,2260
177 12:08
4,4583 4,4904
4,1274 4,1596
4,6685 4,7013
5,1926 5,2260
178 12:09
4,4583 4,4904
4,1274 4,1596
4,6662 4,6990
5,1893 5,2227
179 12:10
4,4583 4,4904
4,1274 4,1596
4,6662 4,6990
5,1893 5,2227
180 12:11
4,4609 4,4930
4,1298 4,1620
4,6689 4,7017
5,1913 5,2247
181 12:12
4,4610 4,4931
4,1299 4,1621
4,6695 4,7023
5,1915 5,2249
182 12:13
4,4609 4,4930
4,1298 4,1620
4,6695 4,7023
5,1915 5,2249
183 12:14
4,4608 4,4929
4,1298 4,1620
4,6694 4,7022
5,1917 5,2251
184 12:15
4,4611 4,4932
4,1300 4,1622
4,6697 4,7025
5,1920 5,2254
185 12:16
4,4623 4,4944
4,1311 4,1633
4,6714 4,7042
5,1933 5,2267
186 12:17
4,4623 4,4944
4,1311 4,1633
4,6714 4,7042
5,1933 5,2267
187 12:18
4,4599 4,4920
4,1289 4,1611
4,6689 4,7017
5,1904 5,2238
188 12:19
4,4597 4,4918
4,1287 4,1609
4,6687 4,7015
5,1897 5,2231
189 12:20
4,4596 4,4917
4,1286 4,1608
4,6686 4,7014
5,1896 5,2230
190 12:21
4,4590 4,4911
4,1281 4,1603
4,6680 4,7008
5,1889 5,2223
191 12:22
4,4588 4,4909
4,1279 4,1601
4,6685 4,7013
5,1883 5,2217
192 12:23
4,4585 4,4906
4,1276 4,1598
4,6680 4,7008
5,1880 5,2214
193 12:24
4,4585 4,4906
4,1276 4,1598
4,6685 4,7013
5,1880 5,2214
194 12:25
4,4590 4,4911
4,1280 4,1602
4,6679 4,7007
5,1883 5,2217
195 12:26
4,4593 4,4914
4,1283 4,1605
4,6680 4,7008
5,1886 5,2220
196 12:27
4,4582 4,4903
4,1279 4,1601
4,6672 4,7000
5,1871 5,2205
197 12:28
4,4578 4,4899
4,1279 4,1601
4,6667 4,6995
5,1871 5,2205
198 12:29
4,4595 4,4916
4,1279 4,1601
4,6684 4,7012
5,1889 5,2223
199 12:30
4,4596 4,4917
4,1279 4,1601
4,6686 4,7014
5,1890 5,2224
200 12:31
4,4596 4,4917
4,1279 4,1601
4,6686 4,7014
5,1896 5,2230
201 12:32
4,4600 4,4921
4,1279 4,1601
4,6688 4,7016
5,1898 5,2232
202 12:33
4,4601 4,4922
4,1279 4,1601
4,6691 4,7019
5,1898 5,2232
203 12:34
4,4612 4,4933
4,1279 4,1601
4,6701 4,7029
5,1912 5,2246
204 12:35
4,4607 4,4928
4,1279 4,1601
4,6693 4,7021
5,1906 5,2240
205 12:36
4,4622 4,4943
4,1279 4,1601
4,6706 4,7034
5,1923 5,2257
206 12:37
4,4622 4,4943
4,1279 4,1601
4,6710 4,7038
5,1933 5,2267
207 12:38
4,4622 4,4943
4,1279 4,1601
4,6710 4,7038
5,1928 5,2262
208 12:39
4,4613 4,4934
4,1279 4,1601
4,6702 4,7030
5,1915 5,2249
209 12:40
4,4630 4,4951
4,1279 4,1601
4,6711 4,7039
5,1932 5,2266
210 12:41
4,4630 4,4951
4,1279 4,1601
4,6711 4,7039
5,1932 5,2266
211 12:42
4,4628 4,4949
4,1247 4,1569
4,6712 4,7040
5,1930 5,2264
212 12:43
4,4630 4,4951
4,1250 4,1572
4,6713 4,7042
5,1935 5,2269
213 12:44
4,4635 4,4956
4,1253 4,1575
4,6718 4,7047
5,1944 5,2278
214 12:45
4,4632 4,4953
4,1252 4,1574
4,6713 4,7042
5,1942 5,2276
215 12:46
4,4632 4,4953
4,1254 4,1576
4,6713 4,7042
5,1941 5,2275
216 12:47
4,4601 4,4922
4,1226 4,1548
4,6683 4,7012
5,1912 5,2246
217 12:48
4,4591 4,4912
4,1217 4,1539
4,6673 4,7002
5,1897 5,2231
218 12:49
4,4589 4,4910
4,1213 4,1535
4,6672 4,7001
5,1900 5,2234
219 12:50
4,4590 4,4911
4,1217 4,1539
4,6674 4,7003
5,1904 5,2238
220 12:51
4,4598 4,4919
4,1227 4,1549
4,6685 4,7014
5,1916 5,2250
221 12:52
4,4595 4,4916
4,1226 4,1548
4,6684 4,7013
5,1918 5,2252
222 12:53
4,4592 4,4913
4,1222 4,1544
4,6685 4,7014
5,1915 5,2249
223 12:54
4,4599 4,4920
4,1229 4,1551
4,6693 4,7022
5,1923 5,2257
224 12:55
4,4598 4,4919
4,1227 4,1549
4,6692 4,7021
5,1913 5,2247
225 12:56
4,4599 4,4921
4,1234 4,1556
4,6689 4,7018
5,1915 5,2249
226 12:57
4,4599 4,4921
4,1237 4,1559
4,6688 4,7017
5,1914 5,2248
227 12:58
4,4599 4,4921
4,1244 4,1566
4,6688 4,7017
5,1931 5,2265
228 12:59
4,4598 4,4920
4,1246 4,1568
4,6687 4,7016
5,1930 5,2264
229 13:00
4,4598 4,4920
4,1245 4,1567
4,6687 4,7016
5,1934 5,2268
230 13:01
4,4588 4,4909
4,1239 4,1561
4,6677 4,7006
5,1920 5,2254
231 13:02
4,4587 4,4908
4,1239 4,1561
4,6675 4,7004
5,1925 5,2259
232 13:03
4,4586 4,4907
4,1240 4,1562
4,6675 4,7004
5,1922 5,2256
233 13:04
4,4585 4,4906
4,1245 4,1567
4,6671 4,7000
5,1922 5,2256
234 13:05
4,4587 4,4908
4,1250 4,1572
4,6675 4,7004
5,1921 5,2255
235 13:06
4,4587 4,4908
4,1247 4,1569
4,6675 4,7004
5,1921 5,2255
236 13:07
4,4591 4,4912
4,1251 4,1573
4,6680 4,7009
5,1926 5,2260
237 13:08
4,4589 4,4910
4,1249 4,1571
4,6678 4,7007
5,1924 5,2258
238 13:09
4,4590 4,4911
4,1252 4,1574
4,6679 4,7008
5,1925 5,2259
239 13:10
4,4590 4,4911
4,1252 4,1574
4,6681 4,7010
5,1925 5,2259
240 13:11
4,4585 4,4907
4,1245 4,1567
4,6674 4,7002
5,1920 5,2253
241 13:12
4,4585 4,4907
4,1245 4,1567
4,6674 4,7002
5,1920 5,2253
242 13:13
4,4585 4,4907
4,1243 4,1565
4,6674 4,7002
5,1920 5,2253
243 13:14
4,4576 4,4898
4,1234 4,1556
4,6660 4,6988
5,1909 5,2242
244 13:15
4,4576 4,4898
4,1227 4,1549
4,6660 4,6988
5,1918 5,2251
245 13:16
4,4576 4,4898
4,1229 4,1551
4,6660 4,6988
5,1918 5,2251
246 13:17
4,4575 4,4897
4,1228 4,1550
4,6659 4,6987
5,1920 5,2253
247 13:18
4,4579 4,4901
4,1233 4,1555
4,6668 4,6996
5,1925 5,2258
248 13:19
4,4578 4,4900
4,1229 4,1551
4,6667 4,6995
5,1927 5,2260
249 13:20
4,4578 4,4900
4,1232 4,1554
4,6667 4,6995
5,1927 5,2260
250 13:21
4,4572 4,4894
4,1226 4,1548
4,6662 4,6990
5,1921 5,2254
251 13:22
4,4571 4,4893
4,1232 4,1554
4,6659 4,6987
5,1919 5,2252
252 13:23
4,4571 4,4893
4,1232 4,1554
4,6655 4,6983
5,1919 5,2252
253 13:24
4,4571 4,4893
4,1232 4,1554
4,6650 4,6978
5,1919 5,2252
254 13:25
4,4574 4,4896
4,1235 4,1557
4,6656 4,6984
5,1932 5,2265
255 13:26
4,4574 4,4896
4,1237 4,1559
4,6656 4,6984
5,1932 5,2265
256 13:27
4,4574 4,4896
4,1237 4,1559
4,6650 4,6978
5,1929 5,2262
257 13:28
4,4574 4,4896
4,1241 4,1563
4,6648 4,6976
5,1924 5,2257
258 13:29
4,4581 4,4903
4,1247 4,1569
4,6656 4,6984
5,1932 5,2265
259 13:30
4,4577 4,4899
4,1240 4,1562
4,6654 4,6982
5,1926 5,2259
260 13:31
4,4576 4,4898
4,1240 4,1562
4,6652 4,6980
5,1924 5,2257
261 13:32
4,4585 4,4907
4,1245 4,1567
4,6662 4,6990
5,1935 5,2268
262 13:33
4,4577 4,4899
4,1238 4,1560
4,6653 4,6981
5,1926 5,2259
263 13:34
4,4580 4,4902
4,1243 4,1565
4,6653 4,6981
5,1930 5,2263
264 13:35
4,4572 4,4894
4,1231 4,1553
4,6641 4,6969
5,1920 5,2253
265 13:36
4,4572 4,4894
4,1233 4,1555
4,6640 4,6968
5,1923 5,2255
266 13:37
4,4574 4,4896
4,1233 4,1555
4,6641 4,6969
5,1928 5,2260
267 13:38
4,4580 4,4902
4,1235 4,1557
4,6647 4,6975
5,1937 5,2269
268 13:39
4,4580 4,4902
4,1237 4,1559
4,6647 4,6975
5,1936 5,2268
269 13:40
4,4582 4,4904
4,1244 4,1566
4,6646 4,6974
5,1934 5,2266
270 13:41
4,4582 4,4904
4,1238 4,1560
4,6646 4,6974
5,1933 5,2266
271 13:42
4,4579 4,4901
4,1233 4,1555
4,6643 4,6971
5,1931 5,2264
272 13:43
4,4573 4,4895
4,1232 4,1554
4,6638 4,6966
5,1930 5,2263
273 13:44
4,4569 4,4891
4,1230 4,1552
4,6633 4,6961
5,1926 5,2259
274 13:45
4,4570 4,4892
4,1229 4,1551
4,6634 4,6962
5,1930 5,2263
275 13:46
4,4573 4,4895
4,1236 4,1558
4,6633 4,6961
5,1931 5,2264
276 13:47
4,4573 4,4895
4,1238 4,1560
4,6633 4,6961
5,1931 5,2264
277 13:48
4,4573 4,4895
4,1238 4,1560
4,6633 4,6961
5,1931 5,2264
278 13:49
4,4573 4,4895
4,1240 4,1562
4,6633 4,6961
5,1931 5,2264
279 13:50
4,4568 4,4890
4,1233 4,1555
4,6627 4,6955
5,1925 5,2258
280 13:51
4,4575 4,4896
4,1239 4,1561
4,6632 4,6960
5,1929 5,2262
281 13:52
4,4575 4,4896
4,1234 4,1556
4,6632 4,6960
5,1931 5,2264
282 13:53
4,4579 4,4900
4,1236 4,1558
4,6637 4,6965
5,1941 5,2274
283 13:54
4,4579 4,4900
4,1238 4,1560
4,6637 4,6965
5,1944 5,2277
284 13:55
4,4580 4,4901
4,1238 4,1560
4,6635 4,6963
5,1947 5,2280
285 15:37
4,4585 4,4908
4,1261 4,1583
4,6636 4,6964
5,1970 5,2303
286 15:38
4,4585 4,4908
4,1263 4,1585
4,6632 4,6960
5,1961 5,2294
287 15:39
4,4581 4,4904
4,1271 4,1593
4,6637 4,6965
5,1965 5,2298
288 15:40
4,4581 4,4904
4,1271 4,1593
4,6644 4,6972
5,1965 5,2298
289 15:41
4,4572 4,4895
4,1249 4,1571
4,6631 4,6959
5,1954 5,2287
290 15:42
4,4577 4,4900
4,1257 4,1579
4,6633 4,6961
5,1966 5,2299
291 15:43
4,4571 4,4894
4,1248 4,1570
4,6631 4,6959
5,1959 5,2292
292 15:44
4,4564 4,4887
4,1242 4,1564
4,6631 4,6959
5,1951 5,2284
293 15:45
4,4565 4,4888
4,1243 4,1565
4,6636 4,6964
5,1954 5,2287
294 15:46
4,4569 4,4891
4,1232 4,1554
4,6637 4,6966
5,1956 5,2289
295 15:47
4,4562 4,4884
4,1218 4,1540
4,6629 4,6958
5,1947 5,2280
296 15:48
4,4570 4,4892
4,1231 4,1553
4,6639 4,6968
5,1962 5,2295
297 15:49
4,4574 4,4896
4,1240 4,1562
4,6642 4,6971
5,1958 5,2291
298 15:50
4,4576 4,4898
4,1244 4,1566
4,6642 4,6971
5,1961 5,2294
299 15:51
4,4581 4,4903
4,1256 4,1578
4,6648 4,6976
5,1966 5,2299
300 15:52
4,4578 4,4900
4,1250 4,1572
4,6633 4,6961
5,1964 5,2297
301 15:53
4,4580 4,4902
4,1252 4,1574
4,6633 4,6961
5,1970 5,2303
302 15:54
4,4581 4,4903
4,1252 4,1574
4,6626 4,6954
5,1973 5,2306
303 15:55
4,4578 4,4900
4,1244 4,1566
4,6618 4,6946
5,1967 5,2300
304 15:56
4,4579 4,4901
4,1239 4,1561
4,6619 4,6947
5,1970 5,2303
305 15:57
4,4577 4,4899
4,1242 4,1564
4,6615 4,6943
5,1965 5,2298
306 15:58
4,4577 4,4899
4,1241 4,1563
4,6617 4,6945
5,1965 5,2298
307 15:59
4,4578 4,4900
4,1235 4,1557
4,6619 4,6947
5,1963 5,2296
308 16:00
4,4580 4,4902
4,1244 4,1566
4,6622 4,6950
5,1966 5,2299
309 16:01
4,4579 4,4902
4,1242 4,1564
4,6617 4,6945
5,1965 5,2298
310 16:02
4,4579 4,4902
4,1253 4,1575
4,6617 4,6945
5,1965 5,2298
311 16:03
4,4577 4,4900
4,1252 4,1574
4,6618 4,6946
5,1966 5,2299
312 16:04
4,4577 4,4900
4,1268 4,1590
4,6626 4,6954
5,1955 5,2288
313 16:05
4,4579 4,4902
4,1264 4,1586
4,6626 4,6954
5,1962 5,2295
314 16:06
4,4581 4,4903
4,1257 4,1579
4,6624 4,6952
5,1961 5,2297
315 16:07
4,4583 4,4905
4,1270 4,1592
4,6633 4,6961
5,1963 5,2299
316 16:08
4,4583 4,4905
4,1270 4,1592
4,6633 4,6961
5,1963 5,2299
317 16:09
4,4582 4,4904
4,1256 4,1578
4,6637 4,6965
5,1962 5,2298
318 16:10
4,4583 4,4905
4,1254 4,1576
4,6638 4,6966
5,1954 5,2290
319 16:11
4,4583 4,4905
4,1255 4,1577
4,6639 4,6967
5,1958 5,2291
320 16:12
4,4585 4,4907
4,1260 4,1582
4,6650 4,6978
5,1960 5,2293
321 16:13
4,4585 4,4907
4,1262 4,1584
4,6650 4,6978
5,1957 5,2290
322 16:14
4,4585 4,4907
4,1266 4,1588
4,6650 4,6978
5,1960 5,2293
323 16:15
4,4584 4,4906
4,1265 4,1587
4,6649 4,6977
5,1959 5,2292
324 16:16
4,4585 4,4908
4,1266 4,1588
4,6652 4,6980
5,1955 5,2289
325 16:17
4,4588 4,4911
4,1282 4,1604
4,6653 4,6981
5,1959 5,2293
326 16:18
4,4590 4,4913
4,1280 4,1602
4,6653 4,6981
5,1959 5,2293
327 16:19
4,4590 4,4913
4,1277 4,1599
4,6655 4,6983
5,1952 5,2286
328 16:20
4,4591 4,4914
4,1276 4,1598
4,6654 4,6982
5,1948 5,2282
329 16:21
4,4581 4,4904
4,1265 4,1587
4,6642 4,6970
5,1938 5,2271
330 16:22
4,4581 4,4904
4,1259 4,1581
4,6639 4,6967
5,1943 5,2276
331 16:23
4,4581 4,4904
4,1260 4,1582
4,6639 4,6967
5,1944 5,2277
332 16:24
4,4581 4,4904
4,1255 4,1577
4,6637 4,6965
5,1944 5,2277
333 16:25
4,4589 4,4912
4,1261 4,1583
4,6645 4,6973
5,1953 5,2286
334 16:26
4,4590 4,4912
4,1261 4,1583
4,6648 4,6976
5,1953 5,2286
335 16:27
4,4591 4,4913
4,1266 4,1588
4,6649 4,6977
5,1958 5,2291
336 16:28
4,4588 4,4910
4,1261 4,1583
4,6645 4,6973
5,1950 5,2283
337 16:29
4,4590 4,4912
4,1246 4,1568
4,6648 4,6976
5,1953 5,2286
338 16:30
4,4588 4,4910
4,1249 4,1571
4,6648 4,6976
5,1960 5,2293
339 16:31
4,4588 4,4910
4,1250 4,1572
4,6659 4,6987
5,1955 5,2287
340 16:32
4,4595 4,4917
4,1254 4,1576
4,6666 4,6994
5,1959 5,2291
341 16:33
4,4596 4,4918
4,1252 4,1574
4,6662 4,6990
5,1955 5,2287
342 16:34
4,4593 4,4915
4,1249 4,1571
4,6659 4,6987
5,1951 5,2283
343 16:35
4,4593 4,4915
4,1241 4,1563
4,6659 4,6987
5,1945 5,2277
344 16:36
4,4593 4,4915
4,1245 4,1567
4,6659 4,6987
5,1945 5,2277
345 16:37
4,4593 4,4915
4,1245 4,1567
4,6656 4,6984
5,1942 5,2274
346 16:38
4,4586 4,4908
4,1238 4,1560
4,6648 4,6976
5,1932 5,2264
347 16:39
4,4587 4,4909
4,1237 4,1559
4,6647 4,6975
5,1934 5,2266
348 16:40
4,4578 4,4900
4,1233 4,1555
4,6639 4,6967
5,1923 5,2255
349 16:41
4,4568 4,4889
4,1222 4,1544
4,6631 4,6959
5,1908 5,2241
350 16:42
4,4551 4,4872
4,1212 4,1534
4,6612 4,6940
5,1884 5,2217
351 16:43
4,4565 4,4886
4,1222 4,1544
4,6624 4,6952
5,1900 5,2233
352 16:44
4,4554 4,4875
4,1220 4,1542
4,6615 4,6943
5,1887 5,2220
353 16:45
4,4549 4,4870
4,1216 4,1538
4,6610 4,6938
5,1881 5,2214
354 16:46
4,4538 4,4859
4,1205 4,1527
4,6589 4,6917
5,1868 5,2201
355 16:47
4,4542 4,4863
4,1205 4,1527
4,6595 4,6923
5,1867 5,2200
356 16:48
4,4556 4,4877
4,1208 4,1530
4,6596 4,6924
5,1883 5,2216
357 16:49
4,4546 4,4867
4,1203 4,1525
4,6595 4,6923
5,1869 5,2202
358 16:50
4,4551 4,4872
4,1211 4,1533
4,6602 4,6930
5,1871 5,2204
359 16:51
4,4551 4,4872
4,1215 4,1537
4,6599 4,6927
5,1878 5,2211
360 16:52
4,4551 4,4872
4,1229 4,1551
4,6602 4,6930
5,1880 5,2213
361 16:53
4,4535 4,4856
4,1212 4,1534
4,6592 4,6920
5,1861 5,2194
362 16:54
4,4541 4,4862
4,1218 4,1540
4,6599 4,6927
5,1866 5,2199
363 16:55
4,4536 4,4857
4,1207 4,1529
4,6587 4,6915
5,1854 5,2187
364 16:56
4,4535 4,4856
4,1210 4,1532
4,6593 4,6921
5,1853 5,2186
365 16:57
4,4536 4,4857
4,1217 4,1539
4,6601 4,6929
5,1854 5,2187
366 16:58
4,4535 4,4856
4,1216 4,1538
4,6600 4,6928
5,1856 5,2189
367 16:59
4,4535 4,4856
4,1214 4,1536
4,6590 4,6918
5,1862 5,2195
368 17:00
4,4535 4,4856
4,1210 4,1532
4,6590 4,6918
5,1862 5,2195
369 17:01
4,4535 4,4856
4,1206 4,1528
4,6590 4,6918
5,1859 5,2192
370 17:02
4,4532 4,4853
4,1211 4,1533
4,6579 4,6907
5,1855 5,2188
371 17:03
4,4536 4,4857
4,1215 4,1537
4,6584 4,6912
5,1863 5,2196
372 17:04
4,4543 4,4864
4,1210 4,1532
4,6596 4,6924
5,1878 5,2211
373 17:05
4,4547 4,4868
4,1216 4,1538
4,6601 4,6929
5,1883 5,2216
374 17:06
4,4540 4,4861
4,1209 4,1531
4,6598 4,6926
5,1877 5,2210
375 17:07
4,4540 4,4861
4,1211 4,1533
4,6598 4,6926
5,1877 5,2210
376 17:08
4,4547 4,4868
4,1231 4,1553
4,6610 4,6938
5,1885 5,2218
377 17:09
4,4547 4,4868
4,1229 4,1551
4,6610 4,6938
5,1891 5,2224
378 17:10
4,4546 4,4867
4,1224 4,1546
4,6603 4,6931
5,1884 5,2217
379 17:11
4,4547 4,4868
4,1227 4,1549
4,6607 4,6935
5,1888 5,2221
380 17:12
4,4547 4,4868
4,1223 4,1545
4,6608 4,6936
5,1891 5,2224
381 17:13
4,4542 4,4863
4,1213 4,1535
4,6606 4,6934
5,1889 5,2222
382 17:14
4,4554 4,4875
4,1236 4,1558
4,6616 4,6944
5,1903 5,2236
383 17:15
4,4552 4,4873
4,1228 4,1550
4,6616 4,6944
5,1900 5,2233
384 17:16
4,4548 4,4869
4,1216 4,1538
4,6613 4,6941
5,1901 5,2234
385 17:17
4,4560 4,4881
4,1228 4,1550
4,6629 4,6957
5,1910 5,2243
386 17:18
4,4558 4,4879
4,1227 4,1549
4,6621 4,6949
5,1910 5,2243
387 17:19
4,4558 4,4879
4,1227 4,1549
4,6621 4,6949
5,1913 5,2246
388 17:20
4,4556 4,4877
4,1226 4,1548
4,6620 4,6948
5,1907 5,2240
389 17:21
4,4556 4,4877
4,1226 4,1548
4,6625 4,6953
5,1907 5,2240
390 17:22
4,4556 4,4877
4,1224 4,1546
4,6627 4,6955
5,1910 5,2243
391 17:23
4,4556 4,4877
4,1229 4,1551
4,6627 4,6955
5,1912 5,2245
392 17:24
4,4556 4,4877
4,1235 4,1557
4,6634 4,6962
5,1913 5,2246
393 17:25
4,4557 4,4878
4,1234 4,1556
4,6630 4,6958
5,1911 5,2244
394 17:26
4,4556 4,4877
4,1229 4,1551
4,6629 4,6957
5,1904 5,2237
395 17:27
4,4556 4,4877
4,1224 4,1546
4,6629 4,6957
5,1904 5,2237
396 17:28
4,4556 4,4877
4,1229 4,1551
4,6629 4,6957
5,1911 5,2244
397 17:29
4,4556 4,4877
4,1231 4,1553
4,6644 4,6972
5,1913 5,2246
398 17:30
4,4558 4,4879
4,1234 4,1556
4,6646 4,6974
5,1913 5,2246
399 17:31
4,4558 4,4879
4,1234 4,1556
4,6642 4,6970
5,1910 5,2243
400 17:32
4,4558 4,4879
4,1234 4,1556
4,6641 4,6969
5,1910 5,2243
401 17:33
4,4558 4,4879
4,1218 4,1540
4,6646 4,6974
5,1915 5,2248
402 17:34
4,4534 4,4856
4,1203 4,1529
4,6621 4,6950
5,1888 5,2221
403 17:35
4,4529 4,4850
4,1199 4,1521
4,6630 4,6958
5,1881 5,2214
404 17:36
4,4529 4,4850
4,1190 4,1513
4,6630 4,6958
5,1882 5,2215
405 17:37
4,4559 4,4881
4,1219 4,1541
4,6664 4,6992
5,1917 5,2250
406 17:38
4,4560 4,4881
4,1216 4,1538
4,6668 4,6996
5,1922 5,2255
407 17:39
4,4559 4,4880
4,1215 4,1537
4,6667 4,6995
5,1918 5,2251
408 17:40
4,4562 4,4883
4,1222 4,1544
4,6670 4,6998
5,1921 5,2254
409 17:41
4,4582 4,4903
4,1236 4,1558
4,6688 4,7016
5,1944 5,2277
410 17:42
4,4581 4,4902
4,1243 4,1565
4,6695 4,7023
5,1942 5,2275
411 17:43
4,4582 4,4903
4,1244 4,1566
4,6700 4,7028
5,1944 5,2277
412 17:44
4,4580 4,4901
4,1248 4,1570
4,6698 4,7026
5,1943 5,2276
413 17:45
4,4581 4,4902
4,1244 4,1568
4,6700 4,7028
5,1946 5,2279
414 17:46
4,4578 4,4899
4,1239 4,1561
4,6694 4,7022
5,1942 5,2275
415 17:47
4,4578 4,4899
4,1239 4,1561
4,6699 4,7027
5,1942 5,2275
416 17:48
4,4577 4,4898
4,1235 4,1557
4,6698 4,7026
5,1941 5,2274
417 17:49
4,4578 4,4899
4,1238 4,1560
4,6699 4,7027
5,1942 5,2275
418 17:50
4,4582 4,4903
4,1239 4,1561
4,6703 4,7031
5,1944 5,2277
419 17:51
4,4583 4,4904
4,1247 4,1569
4,6704 4,7032
5,1948 5,2281
420 17:52
4,4583 4,4904
4,1251 4,1573
4,6701 4,7029
5,1948 5,2281
421 17:53
4,4580 4,4901
4,1248 4,1570
4,6699 4,7027
5,1945 5,2278
422 17:54
4,4580 4,4901
4,1246 4,1568
4,6699 4,7027
5,1945 5,2278
423 17:55
4,4580 4,4901
4,1246 4,1568
4,6698 4,7026
5,1945 5,2278
424 17:56
4,4572 4,4893
4,1232 4,1554
4,6691 4,7019
5,1939 5,2272
425 17:57
4,4573 4,4894
4,1234 4,1556
4,6691 4,7019
5,1939 5,2272
426 17:58
4,4573 4,4894
4,1236 4,1558
4,6692 4,7020
5,1943 5,2276
427 17:59
4,4569 4,4890
4,1226 4,1548
4,6687 4,7015
5,1936 5,2269
428 18:00
4,4561 4,4894
4,1218 4,1554
4,6680 4,7021
5,1928 5,2277
429 18:01
4,4562 4,4892
4,1218 4,1554
4,6680 4,7017
5,1930 5,2272
430 18:02
4,4542 4,4875
4,1209 4,1544
4,6659 4,6999
5,1908 5,2252
431 18:03
4,4546 4,4876
4,1211 4,1543
4,6662 4,7000
5,1918 5,2254
432 18:04
4,4547 4,4878
4,1214 4,1547
4,6664 4,7006
5,1920 5,2264
433 18:05
4,4549 4,4880
4,1212 4,1545
4,6667 4,7006
5,1928 5,2272
434 18:06
4,4550 4,4881
4,1213 4,1546
4,6669 4,7012
5,1928 5,2273
435 18:07
4,4551 4,4881
4,1208 4,1544
4,6667 4,7009
5,1922 5,2265
436 18:08
4,4545 4,4882
4,1208 4,1547
4,6666 4,7012
5,1917 5,2268
437 18:09
4,4549 4,4880
4,1208 4,1544
4,6667 4,7006
5,1922 5,2266
438 18:10
4,4552 4,4883
4,1215 4,1548
4,6670 4,7008
5,1926 5,2270
439 18:11
4,4554 4,4884
4,1215 4,1552
4,6672 4,7009
5,1932 5,2269
440 18:12
4,4549 4,4880
4,1212 4,1549
4,6667 4,7006
5,1928 5,2272
441 18:13
4,4551 4,4881
4,1211 4,1545
4,6667 4,7005
5,1935 5,2279
442 18:14
4,4555 4,4885
4,1216 4,1553
4,6673 4,7010
5,1939 5,2282
443 18:15
4,4553 4,4884
4,1214 4,1548
4,6671 4,7009
5,1939 5,2283
444 18:16
4,4557 4,4887
4,1218 4,1555
4,6675 4,7012
5,1943 5,2285
445 18:17
4,4558 4,4888
4,1226 4,1558
4,6681 4,7018
5,1943 5,2286
446 18:18
4,4559 4,4887
4,1227 4,1561
4,6677 4,7012
5,1951 5,2291
447 18:19
4,4557 4,4886
4,1227 4,1562
4,6675 4,7011
5,1949 5,2290
448 18:20
4,4560 4,4887
4,1238 4,1571
4,6683 4,7017
5,1953 5,2292
449 18:21
4,4559 4,4889
4,1231 4,1567
4,6677 4,7014
5,1950 5,2293
450 18:22
4,4560 4,4889
4,1236 4,1568
4,6683 4,7019
5,1959 5,2294
451 18:23
4,4560 4,4890
4,1228 4,1564
4,6682 4,7014
5,1958 5,2296
452 18:24
4,4559 4,4890
4,1229 4,1566
4,6680 4,7021
5,1952 5,2296
453 18:25
4,4560 4,4891
4,1232 4,1570
4,6678 4,7016
5,1959 5,2303
454 18:26
4,4559 4,4890
4,1229 4,1566
4,6677 4,7015
5,1958 5,2302
455 18:27
4,4560 4,4890
4,1228 4,1561
4,6678 4,7015
5,1957 5,2300
456 18:28
4,4560 4,4890
4,1228 4,1564
4,6678 4,7015
5,1957 5,2300
457 18:29
4,4560 4,4890
4,1228 4,1561
4,6678 4,7015
5,1957 5,2300
458 18:30
4,4560 4,4890
4,1228 4,1564
4,6678 4,7015
5,1957 5,2300
459 18:31
4,4560 4,4890
4,1228 4,1564
4,6678 4,7015
5,1957 5,2300
460 18:32
4,4559 4,4890
4,1231 4,1569
4,6675 4,7015
5,1958 5,2302
461 18:33
4,4560 4,4890
4,1228 4,1564
4,6673 4,7010
5,1957 5,2300
462 18:34
4,4560 4,4891
4,1230 4,1567
4,6668 4,7010
5,1959 5,2303
463 18:35
4,4560 4,4890
4,1228 4,1564
4,6667 4,7009
5,1957 5,2300
464 18:36
4,4560 4,4890
4,1224 4,1560
4,6668 4,7005
5,1957 5,2300
465 18:37
4,4559 4,4890
4,1221 4,1558
4,6667 4,7005
5,1958 5,2302
466 18:38
4,4559 4,4890
4,1221 4,1558
4,6667 4,7005
5,1958 5,2302
467 18:39
4,4559 4,4890
4,1220 4,1554
4,6667 4,7005
5,1958 5,2302
468 18:40
4,4559 4,4890
4,1216 4,1554
4,6667 4,7005
5,1957 5,2299
469 18:41
4,4559 4,4890
4,1216 4,1554
4,6663 4,7002
5,1958 5,2302
470 18:42
4,4544 4,4905
4,1203 4,1568
4,6648 4,7017
5,1935 5,2316
471 18:43
4,4559 4,4890
4,1216 4,1550
4,6662 4,7000
5,1952 5,2297
472 18:44
4,4559 4,4890
4,1212 4,1550
4,6663 4,7002
5,1958 5,2302
473 18:45
4,4559 4,4890
4,1212 4,1550
4,6661 4,7001
5,1958 5,2302
474 18:46
4,4559 4,4890
4,1208 4,1542
4,6659 4,7002
5,1958 5,2296
475 18:47
4,4560 4,4890
4,1209 4,1546
4,6657 4,6995
5,1959 5,2295
476 18:48
4,4559 4,4889
4,1208 4,1540
4,6656 4,6994
5,1950 5,2293
477 18:49
4,4556 4,4886
4,1205 4,1541
4,6654 4,6995
5,1948 5,2289
478 18:50
4,4554 4,4885
4,1209 4,1542
4,6652 4,6990
5,1946 5,2290
479 18:51
4,4555 4,4884
4,1202 4,1537
4,6654 4,6991
5,1947 5,2288
480 18:52
4,4551 4,4880
4,1197 4,1529
4,6649 4,6985
5,1942 5,2283
481 18:53
4,4553 4,4885
4,1198 4,1536
4,6651 4,6990
5,1944 5,2290
482 18:54
4,4553 4,4884
4,1203 4,1537
4,6646 4,6990
5,1948 5,2291
483 18:55
4,4555 4,4885
4,1204 4,1540
4,6653 4,6990
5,1951 5,2288
484 18:56
4,4554 4,4886
4,1210 4,1546
4,6652 4,6991
5,1950 5,2295
485 18:57
4,4555 4,4885
4,1212 4,1548
4,6653 4,6990
5,1951 5,2294
486 18:58
4,4554 4,4883
4,1213 4,1548
4,6648 4,6988
5,1952 5,2293
487 18:59
4,4553 4,4884
4,1219 4,1556
4,6641 4,6981
5,1951 5,2295
488 19:00
4,4554 4,4884
4,1219 4,1552
4,6642 4,6979
5,1950 5,2289
489 19:01
4,4552 4,4881
4,1213 4,1549
4,6631 4,6967
5,1950 5,2286
490 19:02
4,4551 4,4883
4,1212 4,1551
4,6629 4,6973
5,1941 5,2290
491 19:03
4,4553 4,4883
4,1210 4,1542
4,6630 4,6968
5,1945 5,2287
492 19:04
4,4554 4,4882
4,1211 4,1545
4,6628 4,6963
5,1950 5,2291
493 19:05
4,4550 4,4882
4,1212 4,1547
4,6628 4,6966
5,1946 5,2289
494 19:06
4,4543 4,4889
4,1200 4,1548
4,6615 4,6969
5,1938 5,2300
495 19:07
4,4547 4,4870
4,1207 4,1536
4,6621 4,6955
5,1943 5,2278
496 19:08
4,4549 4,4877
4,1218 4,1549
4,6627 4,6962
5,1946 5,2286
497 19:09
4,4558 4,4886
4,1227 4,1558
4,6637 4,6972
5,1956 5,2296
498 19:10
4,4555 4,4883
4,1220 4,1551
4,6628 4,6968
5,1953 5,2293
499 19:11
4,4544 4,4908
4,1205 4,1573
4,6616 4,6994
5,1938 5,2321
500 19:12
4,4564 4,4885
4,1229 4,1556
4,6642 4,6970
5,1962 5,2295
501 19:13
4,4564 4,4885
4,1230 4,1557
4,6643 4,6971
5,1962 5,2295
502 19:14
4,4563 4,4884
4,1231 4,1559
4,6641 4,6969
5,1961 5,2294
503 19:15
4,4562 4,4886
4,1230 4,1560
4,6640 4,6970
5,1964 5,2297
504 19:16
4,4564 4,4885
4,1241 4,1567
4,6644 4,6972
5,1968 5,2301
505 19:17
4,4565 4,4886
4,1238 4,1564
4,6644 4,6972
5,1970 5,2303
506 19:18
4,4565 4,4886
4,1238 4,1564
4,6644 4,6972
5,1970 5,2303
507 19:19
4,4552 4,4900
4,1228 4,1578
4,6626 4,6987
5,1961 5,2315
508 19:20
4,4558 4,4900
4,1231 4,1578
4,6631 4,6981
5,1963 5,2316
509 19:21
4,4554 4,4900
4,1222 4,1574
4,6632 4,6987
5,1953 5,2310
510 19:22
4,4554 4,4899
4,1224 4,1575
4,6629 4,6982
5,1952 5,2314
511 19:23
4,4561 4,4896
4,1225 4,1567
4,6635 4,6977
5,1957 5,2312
512 19:24
4,4552 4,4901
4,1214 4,1569
4,6626 4,6989
5,1949 5,2314
513 19:25
4,4550 4,4900
4,1212 4,1567
4,6622 4,6980
5,1950 5,2318
514 19:26
4,4554 4,4886
4,1214 4,1552
4,6627 4,6965
5,1950 5,2295
515 19:27
4,4555 4,4884
4,1216 4,1552
4,6629 4,6965
5,1953 5,2295
516 19:28
4,4556 4,4883
4,1217 4,1547
4,6630 4,6964
5,1954 5,2293
517 19:29
4,4554 4,4886
4,1211 4,1549
4,6628 4,6967
5,1958 5,2302
518 19:30
4,4554 4,4886
4,1207 4,1545
4,6628 4,6967
5,1956 5,2301
519 19:31
4,4553 4,4884
4,1208 4,1545
4,6627 4,6965
5,1957 5,2301
520 19:32
4,4553 4,4896
4,1206 4,1552
4,6626 4,6978
5,1959 5,2312
521 19:33
4,4559 4,4897
4,1211 4,1555
4,6632 4,6979
5,1964 5,2314
522 19:34
4,4569 4,4897
4,1220 4,1553
4,6642 4,6982
5,1977 5,2325
523 19:35
4,4550 4,4910
4,1203 4,1565
4,6623 4,6991
5,1955 5,2326
524 19:36
4,4555 4,4900
4,1209 4,1559
4,6624 4,6982
5,1964 5,2319
525 19:37
4,4557 4,4889
4,1214 4,1553
4,6629 4,6969
5,1959 5,2306
526 19:38
4,4547 4,4892
4,1206 4,1557
4,6620 4,6974
5,1949 5,2313
527 19:39
4,4561 4,4890
4,1218 4,1550
4,6635 4,6971
5,1965 5,2311
528 19:40
4,4557 4,4888
4,1214 4,1552
4,6631 4,6969
5,1962 5,2306
529 19:41
4,4563 4,4892
4,1221 4,1556
4,6637 4,6973
5,1970 5,2310
530 19:42
4,4560 4,4893
4,1218 4,1557
4,6634 4,6974
5,1964 5,2311
531 19:43
4,4560 4,4892
4,1218 4,1555
4,6634 4,6973
5,1965 5,2309
532 19:44
4,4537 4,4890
4,1196 4,1550
4,6610 4,6976
5,1950 5,2310
533 19:45
4,4526 4,4885
4,1187 4,1546
4,6599 4,6967
5,1925 5,2304
534 19:46
4,4528 4,4884
4,1183 4,1543
4,6600 4,6967
5,1926 5,2300
535 19:47
4,4539 4,4879
4,1194 4,1539
4,6607 4,6956
5,1946 5,2295
536 19:48
4,4526 4,4879
4,1185 4,1543
4,6599 4,6960
5,1934 5,2297
537 19:49
4,4520 4,4872
4,1180 4,1537
4,6591 4,6951
5,1923 5,2290
538 19:50
4,4550 4,4881
4,1213 4,1550
4,6625 4,6962
5,1960 5,2301
539 19:51
4,4557 4,4878
4,1220 4,1543
4,6632 4,6962
5,1967 5,2300
540 19:52
4,4557 4,4878
4,1208 4,1534
4,6631 4,6959
5,1967 5,2300
541 19:53
4,4522 4,4870
4,1181 4,1531
4,6592 4,6950
5,1924 5,2291
542 19:54
4,4537 4,4863
4,1196 4,1529
4,6610 4,6943
5,1942 5,2282
543 19:55
4,4540 4,4861
4,1203 4,1532
4,6614 4,6947
5,1944 5,2277
544 19:56
4,4533 4,4856
4,1196 4,1526
4,6607 4,6936
5,1932 5,2270
545 19:57
4,4522 4,4869
4,1186 4,1538
4,6595 4,6950
5,1920 5,2284
546 19:58
4,4535 4,4857
4,1200 4,1530
4,6608 4,6941
5,1928 5,2261
547 19:59
4,4541 4,4863
4,1203 4,1532
4,6612 4,6942
5,1935 5,2268
548 20:00
4,4545 4,4866
4,1208 4,1530
4,6618 4,6946
5,1940 5,2273
549 20:01
4,4546 4,4869
4,1212 4,1538
4,6619 4,6949
5,1943 5,2282
550 20:02
4,4544 4,4869
4,1210 4,1538
4,6617 4,6949
5,1946 5,2283
551 20:03
4,4544 4,4869
4,1206 4,1538
4,6617 4,6949
5,1945 5,2278
552 20:04
4,4544 4,4869
4,1206 4,1538
4,6617 4,6949
5,1940 5,2277
553 20:05
4,4544 4,4869
4,1206 4,1538
4,6617 4,6949
5,1940 5,2278
554 20:06
4,4546 4,4869
4,1208 4,1538
4,6619 4,6949
5,1942 5,2277
555 20:07
4,4546 4,4869
4,1216 4,1542
4,6619 4,6949
5,1942 5,2277
556 20:08
4,4544 4,4869
4,1214 4,1542
4,6617 4,6949
5,1940 5,2277
557 20:09
4,4546 4,4869
4,1212 4,1542
4,6619 4,6949
5,1942 5,2277
558 20:10
4,4538 4,4875
4,1204 4,1544
4,6611 4,6955
5,1939 5,2291
559 20:11
4,4546 4,4869
4,1212 4,1542
4,6617 4,6950
5,1948 5,2283
560 20:12
4,4544 4,4869
4,1210 4,1542
4,6617 4,6949
5,1946 5,2281
561 20:13
4,4544 4,4869
4,1214 4,1546
4,6617 4,6949
5,1942 5,2279
562 20:14
4,4546 4,4870
4,1215 4,1545
4,6622 4,6955
5,1945 5,2281
563 20:15
4,4547 4,4869
4,1217 4,1542
4,6619 4,6953
5,1949 5,2283
564 20:16
4,4547 4,4869
4,1217 4,1546
4,6619 4,6953
5,1949 5,2283
565 20:17
4,4547 4,4869
4,1213 4,1542
4,6620 4,6949
5,1949 5,2283
566 20:18
4,4545 4,4869
4,1211 4,1542
4,6618 4,6949
5,1947 5,2283
567 20:19
4,4546 4,4869
4,1208 4,1538
4,6619 4,6949
5,1942 5,2277
568 20:20
4,4544 4,4869
4,1210 4,1538
4,6617 4,6949
5,1940 5,2277
569 20:21
4,4544 4,4869
4,1204 4,1535
4,6617 4,6949
5,1947 5,2281
570 20:22
4,4546 4,4869
4,1208 4,1534
4,6619 4,6949
5,1948 5,2283
571 20:23
4,4546 4,4869
4,1204 4,1534
4,6619 4,6949
5,1946 5,2279
572 20:24
4,4546 4,4870
4,1208 4,1539
4,6618 4,6954
5,1948 5,2282
573 20:25
4,4546 4,4870
4,1204 4,1535
4,6618 4,6954
5,1948 5,2284
574 20:26
4,4546 4,4870
4,1204 4,1535
4,6619 4,6950
5,1946 5,2279
575 20:27
4,4546 4,4870
4,1208 4,1539
4,6619 4,6950
5,1945 5,2278
576 20:28
4,4544 4,4870
4,1204 4,1535
4,6617 4,6950
5,1938 5,2277
577 20:29
4,4544 4,4868
4,1206 4,1537
4,6616 4,6952
5,1939 5,2275
578 20:30
4,4542 4,4872
4,1204 4,1541
4,6614 4,6956
5,1936 5,2279
579 20:31
4,4542 4,4871
4,1204 4,1540
4,6616 4,6953
5,1938 5,2280
580 20:32
4,4542 4,4871
4,1208 4,1540
4,6618 4,6957
5,1938 5,2280
581 20:33
4,4542 4,4871
4,1204 4,1540
4,6618 4,6956
5,1938 5,2280
582 20:34
4,4542 4,4871
4,1204 4,1540
4,6616 4,6957
5,1938 5,2280
583 20:35
4,4539 4,4875
4,1201 4,1543
4,6612 4,6959
5,1934 5,2284
584 20:36
4,4542 4,4871
4,1204 4,1536
4,6615 4,6951
5,1938 5,2280
585 20:37
4,4542 4,4871
4,1204 4,1536
4,6615 4,6951
5,1938 5,2280
586 20:38
4,4542 4,4871
4,1200 4,1532
4,6616 4,6957
5,1944 5,2286
587 20:39
4,4542 4,4871
4,1204 4,1536
4,6616 4,6957
5,1944 5,2286
588 20:40
4,4536 4,4874
4,1198 4,1538
4,6608 4,6958
5,1935 5,2288
589 20:41
4,4542 4,4871
4,1200 4,1536
4,6616 4,6957
5,1938 5,2280
590 20:42
4,4542 4,4871
4,1200 4,1536
4,6616 4,6957
5,1938 5,2280
591 20:43
4,4541 4,4872
4,1200 4,1536
4,6614 4,6952
5,1943 5,2281
592 20:44
4,4543 4,4871
4,1205 4,1540
4,6615 4,6955
5,1943 5,2278
593 20:45
4,4543 4,4870
4,1205 4,1539
4,6617 4,6956
5,1945 5,2278
594 20:46
4,4542 4,4871
4,1204 4,1536
4,6615 4,6951
5,1944 5,2286
595 20:47
4,4542 4,4871
4,1204 4,1536
4,6616 4,6957
5,1944 5,2286
596 20:48
4,4543 4,4871
4,1201 4,1536
4,6616 4,6951
5,1943 5,2282
597 20:49
4,4543 4,4870
4,1201 4,1535
4,6616 4,6950
5,1945 5,2284
598 20:50
4,4539 4,4860
4,1199 4,1522
4,6611 4,6939
5,1939 5,2272
599 20:51
4,4533 4,4865
4,1188 4,1527
4,6604 4,6944
5,1933 5,2276
600 20:52
4,4531 4,4865
4,1186 4,1527
4,6603 4,6950
5,1932 5,2278
601 20:53
4,4531 4,4865
4,1186 4,1527
4,6607 4,6949
5,1930 5,2277
602 20:54
4,4539 4,4860
4,1195 4,1521
4,6617 4,6945
5,1946 5,2279
603 20:55
4,4534 4,4870
4,1188 4,1530
4,6606 4,6954
5,1940 5,2290
604 20:56
4,4534 4,4870
4,1184 4,1526
4,6606 4,6954
5,1934 5,2284
605 20:57
4,4536 4,4861
4,1191 4,1519
4,6614 4,6946
5,1931 5,2272
606 20:58
4,4539 4,4868
4,1192 4,1527
4,6617 4,6953
5,1935 5,2277
607 20:59
4,4540 4,4861
4,1189 4,1513
4,6618 4,6946
5,1941 5,2274
608 21:00
4,4540 4,4861
4,1189 4,1513
4,6613 4,6941
5,1941 5,2274
609 21:01
4,4535 4,4864
4,1186 4,1522
4,6603 4,6939
5,1936 5,2278
610 21:02
4,4548 4,4878
4,1202 4,1539
4,6615 4,6953
5,1949 5,2292
611 21:03
4,4550 4,4884
4,1203 4,1543
4,6617 4,6959
5,1952 5,2299
612 21:04
4,4560 4,4893
4,1214 4,1553
4,6629 4,6969
5,1968 5,2312
613 21:05
4,4553 4,4888
4,1208 4,1549
4,6622 4,6964
5,1962 5,2311
614 21:06
4,4560 4,4894
4,1212 4,1552
4,6629 4,6970
5,1970 5,2317
615 21:07
4,4556 4,4892
4,1209 4,1551
4,6625 4,6968
5,1966 5,2316
616 21:08
4,4556 4,4891
4,1211 4,1552
4,6635 4,6977
5,1966 5,2315
617 21:09
4,4562 4,4897
4,1212 4,1553
4,6637 4,6984
5,1968 5,2316
618 21:10
4,4565 4,4898
4,1206 4,1542
4,6635 4,6976
5,1970 5,2317
619 21:11
4,4562 4,4898
4,1203 4,1545
4,6630 4,6974
5,1966 5,2315
620 21:12
4,4565 4,4899
4,1209 4,1549
4,6633 4,6975
5,1970 5,2318
621 21:13
4,4557 4,4893
4,1202 4,1544
4,6625 4,6973
5,1960 5,2310
622 21:14
4,4557 4,4892
4,1208 4,1545
4,6631 4,6973
5,1961 5,2310
623 21:15
4,4557 4,4892
4,1208 4,1549
4,6631 4,6973
5,1967 5,2310
624 21:16
4,4557 4,4892
4,1210 4,1548
4,6636 4,6978
5,1961 5,2310
625 21:17
4,4557 4,4892
4,1210 4,1548
4,6636 4,6978
5,1961 5,2310
626 21:18
4,4557 4,4892
4,1208 4,1549
4,6636 4,6978
5,1961 5,2310
627 21:19
4,4557 4,4892
4,1208 4,1549
4,6636 4,6978
5,1963 5,2311
628 21:20
4,4557 4,4892
4,1210 4,1548
4,6636 4,6978
5,1967 5,2316
629 21:21
4,4557 4,4892
4,1210 4,1548
4,6636 4,6978
5,1961 5,2310
630 21:22
4,4557 4,4892
4,1210 4,1549
4,6631 4,6973
5,1961 5,2310
631 21:23
4,4557 4,4892
4,1210 4,1548
4,6631 4,6977
5,1961 5,2310
632 21:24
4,4557 4,4892
4,1210 4,1548
4,6632 4,6979
5,1961 5,2310
633 21:25
4,4557 4,4892
4,1208 4,1549
4,6632 4,6979
5,1961 5,2310
634 21:26
4,4557 4,4892
4,1202 4,1540
4,6632 4,6979
5,1954 5,2303
635 21:27
4,4557 4,4892
4,1200 4,1541
4,6631 4,6973
5,1955 5,2304
636 21:28
4,4557 4,4892
4,1196 4,1537
4,6627 4,6970
5,1955 5,2304
637 21:29
4,4557 4,4893
4,1194 4,1536
4,6626 4,6969
5,1955 5,2305
638 21:30
4,4555 4,4892
4,1194 4,1537
4,6624 4,6968
5,1953 5,2305
639 21:31
4,4557 4,4894
4,1196 4,1539
4,6622 4,6967
5,1955 5,2306
640 21:32
4,4532 4,4868
4,1171 4,1509
4,6589 4,6937
5,1919 5,2269
641 21:33
4,4526 4,4863
4,1164 4,1507
4,6584 4,6928
5,1907 5,2258
642 21:34
4,4519 4,4860
4,1153 4,1500
4,6573 4,6926
5,1899 5,2255
643 21:35
4,4513 4,4854
4,1147 4,1493
4,6565 4,6919
5,1892 5,2248
644 21:36
4,4513 4,4855
4,1147 4,1494
4,6564 4,6914
5,1890 5,2247
645 21:37
4,4513 4,4850
4,1148 4,1491
4,6566 4,6911
5,1892 5,2244
646 21:38
4,4514 4,4850
4,1147 4,1489
4,6565 4,6909
5,1892 5,2242
647 21:39
4,4514 4,4850
4,1147 4,1489
4,6565 4,6909
5,1892 5,2242
648 21:40
4,4515 4,4850
4,1146 4,1487
4,6568 4,6911
5,1889 5,2237
649 21:41
4,4515 4,4850
4,1146 4,1487
4,6568 4,6911
5,1889 5,2237
650 21:42
4,4498 4,4876
4,1129 4,1510
4,6548 4,6936
5,1873 5,2272
651 21:43
4,4498 4,4888
4,1132 4,1524
4,6544 4,6948
5,1875 5,2285
652 21:44
4,4515 4,4850
4,1146 4,1487
4,6564 4,6911
5,1895 5,2243
653 21:45
4,4515 4,4852
4,1145 4,1487
4,6563 4,6912
5,1894 5,2245
654 21:46
4,4517 4,4852
4,1144 4,1485
4,6570 4,6913
5,1896 5,2245
655 21:47
4,4516 4,4852
4,1137 4,1479
4,6563 4,6912
5,1901 5,2251
656 21:48
4,4511 4,4848
4,1134 4,1477
4,6558 4,6908
5,1895 5,2246
657 21:49
4,4511 4,4848
4,1134 4,1476
4,6559 4,6904
5,1895 5,2246
658 21:50
4,4512 4,4848
4,1137 4,1479
4,6558 4,6902
5,1890 5,2240
659 21:51
4,4504 4,4859
4,1131 4,1487
4,6552 4,6915
5,1882 5,2254
660 21:52
4,4498 4,4862
4,1128 4,1492
4,6545 4,6922
5,1874 5,2256
661 21:53
4,4501 4,4863
4,1131 4,1497
4,6552 4,6922
5,1877 5,2257
662 21:54
4,4503 4,4865
4,1129 4,1495
4,6549 4,6919
5,1880 5,2260
663 21:55
4,4501 4,4863
4,1131 4,1495
4,6547 4,6917
5,1877 5,2257
664 21:56
4,4512 4,4848
4,1137 4,1479
4,6558 4,6902
5,1890 5,2240
665 21:57
4,4512 4,4848
4,1141 4,1479
4,6558 4,6902
5,1890 5,2240
666 21:58
4,4493 4,4868
4,1126 4,1503
4,6540 4,6925
5,1869 5,2265
667 21:59
4,4512 4,4848
4,1141 4,1479
4,6559 4,6907
5,1890 5,2240
668 22:00
4,4505 4,4841
4,1131 4,1473
4,6557 4,6900
5,1883 5,2233
669 22:01
4,4508 4,4844
4,1134 4,1476
4,6565 4,6908
5,1886 5,2236
670 22:02
4,4516 4,4854
4,1149 4,1489
4,6577 4,6923
5,1895 5,2247
671 22:03
4,4497 4,4835
4,1131 4,1475
4,6557 4,6903
5,1873 5,2225
672 22:04
4,4499 4,4836
4,1139 4,1478
4,6556 4,6901
5,1875 5,2226
673 22:05
4,4499 4,4837
4,1137 4,1477
4,6554 4,6900
5,1875 5,2227
674 22:06
4,4499 4,4837
4,1133 4,1473
4,6559 4,6906
5,1875 5,2227
675 22:07
4,4499 4,4837
4,1129 4,1473
4,6555 4,6906
5,1869 5,2221
676 22:08
4,4495 4,4834
4,1131 4,1472
4,6551 4,6903
5,1865 5,2219
677 22:09
4,4495 4,4834
4,1127 4,1472
4,6551 4,6903
5,1865 5,2219
678 22:10
4,4495 4,4835
4,1125 4,1471
4,6551 4,6904
5,1863 5,2218
679 22:11
4,4493 4,4834
4,1129 4,1472
4,6549 4,6897
5,1862 5,2217
680 22:12
4,4492 4,4833
4,1128 4,1471
4,6549 4,6898
5,1861 5,2216
1 22:13
4,4493 4,4833
4,1127 4,1469
4,6549 4,6896
5,1862 5,2216
2 22:14
4,4493 4,4833
4,1125 4,1470
4,6548 4,6896
5,1862 5,2216
3 22:15
4,4493 4,4835
4,1124 4,1468
4,6549 4,6894
5,1861 5,2212
4 22:16
4,4493 4,4836
4,1125 4,1473
4,6550 4,6901
5,1863 5,2215
5 22:17
4,4493 4,4837
4,1125 4,1470
4,6548 4,6900
5,1855 5,2214
6 22:18
4,4495 4,4839
4,1125 4,1475
4,6550 4,6904
5,1861 5,2220
7 22:19
4,4494 4,4838
4,1126 4,1475
4,6553 4,6901
5,1856 5,2209
8 22:20
4,4494 4,4838
4,1126 4,1475
4,6549 4,6901
5,1850 5,2209
9 22:21
4,4494 4,4837
4,1130 4,1475
4,6551 4,6902
5,1857 5,2214
10 22:22
4,4494 4,4838
4,1128 4,1474
4,6549 4,6901
5,1856 5,2215
11 22:23
4,4494 4,4838
4,1126 4,1475
4,6545 4,6902
5,1850 5,2209
12 22:24
4,4500 4,4841
4,1132 4,1479
4,6553 4,6906
5,1859 5,2215
13 22:25
4,4500 4,4841
4,1132 4,1479
4,6553 4,6902
5,1859 5,2214
14 22:26
4,4500 4,4843
4,1131 4,1479
4,6552 4,6902
5,1859 5,2217
15 22:27
4,4500 4,4843
4,1131 4,1479
4,6552 4,6902
5,1865 5,2223
16 22:28
4,4501 4,4843
4,1131 4,1479
4,6553 4,6902
5,1858 5,2215
17 22:29
4,4500 4,4843
4,1131 4,1479
4,6548 4,6903
5,1859 5,2217
18 22:30
4,4500 4,4843
4,1131 4,1479
4,6547 4,6897
5,1860 5,2218
19 22:31
4,4500 4,4843
4,1131 4,1479
4,6543 4,6898
5,1859 5,2217
20 22:32
4,4500 4,4843
4,1131 4,1479
4,6543 4,6898
5,1859 5,2217
21 22:33
4,4500 4,4845
4,1131 4,1481
4,6543 4,6896
5,1859 5,2219
22 22:34
4,4498 4,4843
4,1129 4,1479
4,6541 4,6894
5,1857 5,2217
23 22:35
4,4484 4,4857
4,1116 4,1492
4,6525 4,6907
5,1846 5,2240
24 22:36
4,4489 4,4851
4,1124 4,1486
4,6529 4,6905
5,1851 5,2231
25 22:37
4,4498 4,4843
4,1133 4,1479
4,6541 4,6898
5,1863 5,2223
26 22:38
4,4501 4,4845
4,1132 4,1481
4,6543 4,6900
5,1864 5,2223
27 22:39
4,4501 4,4844
4,1132 4,1480
4,6543 4,6899
5,1866 5,2223
28 22:40
4,4489 4,4851
4,1120 4,1486
4,6529 4,6905
5,1851 5,2237
29 22:41
4,4499 4,4844
4,1130 4,1480
4,6541 4,6899
5,1864 5,2224
30 22:42
4,4497 4,4842
4,1129 4,1476
4,6540 4,6897
5,1860 5,2221
31 22:43
4,4500 4,4844
4,1131 4,1480
4,6541 4,6897
5,1863 5,2222
32 22:44
4,4497 4,4842
4,1129 4,1480
4,6540 4,6897
5,1860 5,2221
33 22:45
4,4500 4,4845
4,1131 4,1481
4,6542 4,6900
5,1859 5,2219
34 22:46
4,4502 4,4846
4,1133 4,1482
4,6544 4,6901
5,1859 5,2218
35 22:47
4,4499 4,4844
4,1130 4,1480
4,6542 4,6899
5,1862 5,2222
36 22:48
4,4501 4,4846
4,1132 4,1482
4,6543 4,6901
5,1865 5,2220
37 22:49
4,4500 4,4845
4,1131 4,1481
4,6542 4,6900
5,1864 5,2219
38 22:50
4,4487 4,4856
4,1119 4,1491
4,6529 4,6912
5,1843 5,2233
39 22:51
4,4488 4,4858
4,1115 4,1489
4,6528 4,6912
5,1843 5,2232
40 22:52
4,4488 4,4858
4,1115 4,1489
4,6529 4,6908
5,1843 5,2233
41 22:53
4,4487 4,4857
4,1114 4,1488
4,6527 4,6911
5,1836 5,2231
42 22:54
4,4485 4,4859
4,1113 4,1490
4,6526 4,6909
5,1834 5,2233
43 22:55
4,4484 4,4860
4,1112 4,1490
4,6519 4,6909
5,1832 5,2229
44 22:56
4,4482 4,4859
4,1107 4,1487
4,6519 4,6910
5,1832 5,2229
45 22:57
4,4481 4,4858
4,1106 4,1486
4,6518 4,6909
5,1837 5,2235
46 22:58
4,4481 4,4858
4,1106 4,1486
4,6522 4,6908
5,1842 5,2239
47 22:59
4,4481 4,4858
4,1106 4,1486
4,6480 4,6947
5,1827 5,2251
48 23:00
4,4478 4,4934
4,1106 4,1592
4,6474 4,7032
5,1827 5,2343
49 23:01
4,4478 4,4939
4,1108 4,1599
4,6475 4,7034
5,1828 5,2336
50 23:02
4,4483 4,4936
4,1111 4,1577
4,6476 4,7079
5,1815 5,2338
51 23:03
4,4483 4,4936
4,1115 4,1577
4,6476 4,7079
5,1817 5,2334
52 23:04
4,4483 4,4936
4,1111 4,1577
4,6476 4,7079
5,1817 5,2334
53 23:05
4,4481 4,4934
4,1111 4,1576
4,6417 4,7071
5,1814 5,2331
54 23:06
4,4482 4,4934
4,1110 4,1570
4,6474 4,7061
5,1821 5,2318
55 23:07
4,4482 4,4934
4,1110 4,1570
4,6474 4,7061
5,1821 5,2318
56 23:08
4,4467 4,4951
4,1096 4,1587
4,6457 4,7079
5,1812 5,2336
57 23:09
4,4451 4,4965
4,1081 4,1599
4,6441 4,7093
5,1796 5,2361
58 23:10
4,4448 4,4966
4,1078 4,1600
4,6442 4,7094
5,1807 5,2375
59 23:11
4,4448 4,4966
4,1078 4,1596
4,6438 4,7094
5,1805 5,2374
60 23:12
4,4448 4,4966
4,1074 4,1588
4,6439 4,7056
5,1805 5,2362
61 23:13
4,4448 4,4966
4,1074 4,1588
4,6443 4,7060
5,1799 5,2362
62 23:14
4,4448 4,4966
4,1074 4,1588
4,6443 4,7056
5,1805 5,2362
63 23:15
4,4449 4,4966
4,1077 4,1590
4,6441 4,7042
5,1808 5,2364
64 23:16
4,4449 4,4966
4,1077 4,1590
4,6445 4,7085
5,1808 5,2364
65 23:17
4,4449 4,4966
4,1085 4,1594
4,6445 4,7085
5,1802 5,2370
66 23:18
4,4479 4,4937
4,1111 4,1575
4,6477 4,7058
5,1847 5,2328
67 23:19
4,4480 4,4936
4,1116 4,1569
4,6495 4,7057
5,1836 5,2327
68 23:20
Connection error x5
