#======================
2023-9-7
# 1.EUR, 2.USD, 3.CHF, 4.GBP
Sell Price, Buy Price
1 07:47:20
4,5560 4,5908
4,2509 4,2854
4,7670 4,8020
5,3147 5,3510
2 07:48:20
4,5551 4,5908
4,2502 4,2860
4,7665 4,8030
5,3138 5,3511
3 07:49:20
4,5552 4,5909
4,2506 4,2863
4,7666 4,8031
5,3139 5,3512
4 07:50:21
4,5552 4,5909
4,2503 4,2861
4,7661 4,8026
5,3139 5,3512
5 07:51:21
4,5581 4,5919
4,2529 4,2865
4,7692 4,8036
5,3172 5,3523
6 07:52:21
4,5581 4,5919
4,2525 4,2861
4,7692 4,8036
5,3178 5,3529
7 07:53:21
4,5581 4,5919
4,2525 4,2861
4,7695 4,8040
5,3178 5,3529
8 07:54:21
4,5581 4,5919
4,2529 4,2869
4,7697 4,8041
5,3178 5,3529
9 07:55:21
4,5581 4,5919
4,2525 4,2865
4,7692 4,8036
5,3178 5,3529
10 07:56:20
4,5557 4,5920
4,2503 4,2862
4,7668 4,8038
5,3151 5,3532
11 07:57:20
4,5557 4,5919
4,2503 4,2861
4,7666 4,8035
5,3150 5,3523
12 07:58:21
4,5557 4,5919
4,2503 4,2861
4,7666 4,8035
5,3150 5,3523
13 07:59:21
4,5559 4,5921
4,2505 4,2863
4,7668 4,8037
5,3152 5,3524
14 08:00:21
4,5571 4,5909
4,2516 4,2852
4,7680 4,8025
5,3152 5,3504
15 08:01:21
4,5571 4,5909
4,2516 4,2852
4,7680 4,8025
5,3154 5,3505
16 08:02:20
4,5586 4,5909
4,2529 4,2852
4,7696 4,8025
5,3165 5,3499
17 08:03:20
4,5582 4,5905
4,2527 4,2850
4,7692 4,8021
5,3160 5,3494
18 08:04:20
4,5582 4,5905
4,2527 4,2850
4,7692 4,8021
5,3160 5,3494
19 08:05:21
4,5582 4,5905
4,2519 4,2842
4,7692 4,8021
5,3160 5,3494
20 08:06:21
4,5582 4,5905
4,2513 4,2836
4,7692 4,8021
5,3166 5,3500
21 08:07:21
4,5578 4,5901
4,2504 4,2827
4,7686 4,8015
5,3160 5,3494
22 08:08:21
4,5577 4,5900
4,2500 4,2823
4,7682 4,8011
5,3167 5,3501
23 08:09:20
4,5577 4,5900
4,2502 4,2825
4,7682 4,8011
5,3179 5,3513
24 08:10:20
4,5577 4,5900
4,2500 4,2823
4,7682 4,8011
5,3179 5,3513
25 08:11:20
4,5575 4,5898
4,2499 4,2822
4,7680 4,8009
5,3177 5,3511
26 08:12:21
4,5575 4,5898
4,2499 4,2822
4,7680 4,8009
5,3177 5,3511
27 08:13:21
4,5575 4,5898
4,2499 4,2822
4,7680 4,8009
5,3183 5,3517
28 08:14:21
4,5573 4,5896
4,2497 4,2820
4,7673 4,8002
5,3181 5,3515
29 08:15:21
4,5572 4,5895
4,2496 4,2819
4,7677 4,8006
5,3179 5,3513
30 08:16:20
4,5576 4,5899
4,2500 4,2823
4,7681 4,8010
5,3182 5,3516
31 08:17:20
4,5585 4,5908
4,2516 4,2839
4,7690 4,8019
5,3188 5,3522
32 08:18:21
4,5583 4,5906
4,2514 4,2837
4,7694 4,8023
5,3187 5,3521
33 08:19:21
4,5597 4,5920
4,2527 4,2850
4,7703 4,8032
5,3203 5,3537
34 08:20:21
4,5611 4,5934
4,2544 4,2867
4,7715 4,8044
5,3213 5,3547
35 08:21:21
4,5620 4,5943
4,2552 4,2875
4,7722 4,8051
5,3223 5,3557
36 08:22:20
4,5619 4,5942
4,2548 4,2871
4,7726 4,8055
5,3222 5,3556
37 08:23:20
4,5621 4,5944
4,2549 4,2872
4,7733 4,8062
5,3224 5,3558
38 08:24:21
4,5621 4,5944
4,2542 4,2865
4,7728 4,8057
5,3224 5,3558
39 08:25:21
4,5627 4,5950
4,2551 4,2874
4,7735 4,8064
5,3235 5,3569
40 08:26:21
4,5627 4,5950
4,2554 4,2878
4,7735 4,8064
5,3235 5,3569
41 08:27:20
4,5619 4,5942
4,2546 4,2869
4,7726 4,8055
5,3225 5,3559
42 08:28:20
4,5622 4,5945
4,2549 4,2873
4,7732 4,8061
5,3228 5,3562
43 08:29:20
4,5614 4,5937
4,2537 4,2860
4,7721 4,8050
5,3223 5,3557
44 08:30:21
4,5614 4,5937
4,2541 4,2864
4,7726 4,8055
5,3226 5,3560
45 08:31:21
4,5582 4,5905
4,2516 4,2840
4,7693 4,8022
5,3189 5,3523
46 08:32:20
4,5583 4,5906
4,2516 4,2839
4,7701 4,8030
5,3189 5,3523
47 08:33:20
4,5604 4,5927
4,2536 4,2859
4,7723 4,8052
5,3215 5,3549
48 08:34:20
4,5606 4,5929
4,2537 4,2860
4,7727 4,8056
5,3213 5,3547
49 08:35:31
4,5606 4,5929
4,2557 4,2880
4,7730 4,8059
5,3213 5,3547
50 08:36:21
4,5602 4,5925
4,2556 4,2879
4,7726 4,8055
5,3205 5,3539
51 08:37:21
4,5608 4,5931
4,2561 4,2884
4,7732 4,8061
5,3212 5,3546
52 08:38:21
4,5603 4,5926
4,2557 4,2880
4,7729 4,8058
5,3193 5,3527
53 08:39:21
4,5606 4,5929
4,2559 4,2882
4,7727 4,8056
5,3197 5,3531
54 08:40:20
4,5606 4,5929
4,2549 4,2872
4,7725 4,8054
5,3197 5,3531
55 08:41:20
4,5606 4,5929
4,2546 4,2869
4,7725 4,8054
5,3210 5,3544
56 08:42:20
4,5606 4,5929
4,2546 4,2869
4,7720 4,8049
5,3207 5,3541
57 08:43:21
4,5606 4,5929
4,2546 4,2869
4,7723 4,8052
5,3207 5,3541
58 08:44:21
4,5606 4,5929
4,2546 4,2869
4,7728 4,8057
5,3207 5,3541
59 08:45:21
4,5600 4,5923
4,2536 4,2859
4,7721 4,8050
5,3202 5,3536
60 08:46:20
4,5605 4,5928
4,2540 4,2863
4,7726 4,8055
5,3200 5,3534
61 08:47:20
4,5610 4,5933
4,2546 4,2869
4,7735 4,8064
5,3210 5,3544
62 08:48:21
4,5606 4,5929
4,2542 4,2865
4,7720 4,8049
5,3195 5,3529
63 08:49:21
4,5609 4,5932
4,2545 4,2868
4,7723 4,8052
5,3198 5,3532
64 08:50:21
4,5599 4,5922
4,2533 4,2856
4,7717 4,8046
5,3186 5,3520
65 08:51:21
4,5599 4,5923
4,2533 4,2856
4,7710 4,8040
5,3184 5,3519
66 08:52:21
4,5599 4,5923
4,2531 4,2854
4,7711 4,8041
5,3184 5,3519
67 08:53:20
4,5585 4,5909
4,2517 4,2840
4,7691 4,8021
5,3167 5,3502
68 08:54:20
4,5585 4,5909
4,2516 4,2839
4,7693 4,8023
5,3167 5,3502
69 08:55:21
4,5593 4,5917
4,2528 4,2851
4,7702 4,8032
5,3178 5,3513
70 08:56:21
4,5596 4,5919
4,2534 4,2857
4,7705 4,8035
5,3181 5,3516
71 08:57:21
4,5596 4,5919
4,2535 4,2858
4,7706 4,8036
5,3146 5,3481
72 08:58:20
4,5611 4,5934
4,2549 4,2872
4,7721 4,8051
5,3164 5,3499
73 08:59:20
4,5612 4,5935
4,2565 4,2888
4,7722 4,8052
5,3161 5,3496
74 09:00:21
4,5630 4,5953
4,2580 4,2903
4,7741 4,8071
5,3173 5,3508
75 09:01:21
4,5632 4,5956
4,2582 4,2905
4,7743 4,8073
5,3197 5,3531
76 09:02:21
4,5632 4,5956
4,2582 4,2905
4,7743 4,8073
5,3197 5,3531
77 09:03:21
4,5632 4,5956
4,2582 4,2905
4,7735 4,8065
5,3197 5,3531
78 09:04:20
4,5659 4,5983
4,2605 4,2928
4,7763 4,8093
5,3210 5,3544
79 09:05:20
4,5659 4,5983
4,2605 4,2928
4,7763 4,8093
5,3210 5,3544
80 09:06:21
4,5669 4,5992
4,2615 4,2938
4,7774 4,8104
5,3221 5,3555
81 09:07:21
4,5673 4,5996
4,2618 4,2941
4,7785 4,8115
5,3226 5,3560
82 09:08:21
4,5702 4,6025
4,2661 4,2984
4,7816 4,8146
5,3260 5,3594
83 09:09:20
4,5702 4,6025
4,2658 4,2981
4,7818 4,8148
5,3260 5,3594
84 09:10:20
4,5702 4,6025
4,2659 4,2982
4,7823 4,8153
5,3260 5,3594
85 09:11:21
4,5702 4,6026
4,2659 4,2982
4,7826 4,8156
5,3260 5,3594
86 09:12:21
4,5702 4,6026
4,2659 4,2982
4,7826 4,8156
5,3260 5,3594
87 09:13:21
4,5702 4,6026
4,2659 4,2982
4,7821 4,8151
5,3253 5,3587
88 09:14:20
4,5702 4,6026
4,2663 4,2986
4,7821 4,8151
5,3257 5,3591
89 09:15:20
4,5735 4,6059
4,2686 4,3009
4,7855 4,8185
5,3292 5,3626
90 09:16:20
4,5735 4,6059
4,2682 4,3005
4,7855 4,8185
5,3286 5,3620
91 09:17:21
4,5779 4,6103
4,2721 4,3044
4,7901 4,8231
5,3343 5,3677
92 09:18:21
4,5739 4,6063
4,2683 4,3006
4,7856 4,8186
5,3292 5,3626
93 09:19:21
4,5756 4,6080
4,2699 4,3022
4,7874 4,8204
5,3313 5,3647
94 09:20:21
4,5756 4,6080
4,2707 4,3030
4,7877 4,8207
5,3313 5,3647
95 09:21:21
4,5779 4,6103
4,2729 4,3052
4,7901 4,8231
5,3330 5,3664
96 09:22:21
4,5769 4,6093
4,2719 4,3042
4,7890 4,8220
5,3311 5,3645
97 09:23:20
4,5771 4,6095
4,2730 4,3053
4,7895 4,8225
5,3319 5,3653
98 09:24:21
4,5782 4,6106
4,2736 4,3059
4,7905 4,8235
5,3329 5,3663
99 09:25:21
4,5781 4,6105
4,2737 4,3060
4,7904 4,8234
5,3328 5,3662
100 09:26:21
4,5787 4,6111
4,2743 4,3066
4,7912 4,8242
5,3337 5,3671
101 09:27:21
4,5772 4,6096
4,2729 4,3052
4,7902 4,8232
5,3319 5,3653
102 09:28:20
4,5765 4,6089
4,2722 4,3045
4,7894 4,8224
5,3311 5,3645
103 09:29:20
4,5765 4,6089
4,2722 4,3045
4,7894 4,8224
5,3311 5,3645
104 09:30:21
4,5765 4,6089
4,2722 4,3045
4,7889 4,8219
5,3311 5,3645
105 09:31:21
4,5765 4,6089
4,2722 4,3045
4,7886 4,8216
5,3303 5,3637
106 09:32:21
4,5765 4,6089
4,2720 4,3043
4,7886 4,8216
5,3303 5,3637
107 09:33:20
4,5700 4,6024
4,2660 4,2983
4,7819 4,8149
5,3228 5,3562
108 09:34:20
4,5693 4,6017
4,2653 4,2976
4,7811 4,8141
5,3209 5,3543
109 09:35:20
4,5693 4,6017
4,2667 4,2990
4,7811 4,8141
5,3209 5,3543
110 09:36:21
4,5693 4,6016
4,2667 4,2990
4,7818 4,8148
5,3218 5,3552
111 09:37:21
4,5677 4,6000
4,2646 4,2969
4,7804 4,8134
5,3196 5,3530
112 09:38:21
4,5668 4,5991
4,2637 4,2960
4,7795 4,8125
5,3186 5,3520
113 09:39:20
4,5668 4,5991
4,2637 4,2960
4,7780 4,8110
5,3192 5,3526
114 09:40:20
4,5672 4,5995
4,2641 4,2964
4,7784 4,8114
5,3200 5,3534
115 09:41:20
4,5670 4,5993
4,2640 4,2963
4,7802 4,8132
5,3198 5,3532
116 09:42:21
4,5692 4,6015
4,2657 4,2980
4,7818 4,8148
5,3230 5,3564
117 09:43:21
4,5697 4,6020
4,2657 4,2980
4,7823 4,8153
5,3245 5,3579
118 09:44:21
4,5697 4,6020
4,2651 4,2974
4,7818 4,8148
5,3242 5,3576
119 09:45:20
4,5696 4,6019
4,2650 4,2973
4,7818 4,8148
5,3239 5,3573
120 09:46:20
4,5694 4,6017
4,2652 4,2975
4,7815 4,8145
5,3238 5,3572
121 09:47:21
4,5705 4,6028
4,2664 4,2987
4,7829 4,8159
5,3251 5,3585
122 09:48:21
4,5711 4,6034
4,2673 4,2996
4,7837 4,8167
5,3261 5,3595
123 09:49:21
4,5712 4,6035
4,2675 4,2998
4,7839 4,8169
5,3262 5,3596
124 09:50:20
4,5711 4,6034
4,2672 4,2995
4,7835 4,8165
5,3261 5,3595
125 09:51:20
4,5741 4,6064
4,2699 4,3022
4,7869 4,8199
5,3290 5,3624
126 09:52:21
4,5739 4,6062
4,2698 4,3021
4,7867 4,8197
5,3284 5,3618
127 09:53:21
4,5734 4,6057
4,2681 4,3004
4,7861 4,8191
5,3277 5,3611
128 09:54:21
4,5719 4,6042
4,2668 4,2991
4,7847 4,8177
5,3262 5,3596
129 09:55:21
4,5723 4,6046
4,2675 4,2998
4,7850 4,8180
5,3266 5,3600
130 09:56:20
4,5721 4,6044
4,2669 4,2992
4,7848 4,8178
5,3260 5,3594
131 09:57:20
4,5721 4,6044
4,2673 4,2996
4,7846 4,8176
5,3260 5,3594
132 09:58:21
4,5721 4,6044
4,2673 4,2996
4,7843 4,8173
5,3254 5,3588
133 09:59:21
4,5693 4,6016
4,2647 4,2970
4,7822 4,8152
5,3210 5,3544
134 10:00:20
4,5687 4,6010
4,2642 4,2965
4,7816 4,8146
5,3203 5,3537
135 10:01:20
4,5697 4,6020
4,2652 4,2975
4,7825 4,8155
5,3213 5,3547
136 10:02:21
4,5697 4,6020
4,2653 4,2976
4,7826 4,8156
5,3211 5,3545
137 10:03:21
4,5697 4,6020
4,2653 4,2976
4,7826 4,8156
5,3208 5,3542
138 10:04:21
4,5693 4,6016
4,2653 4,2976
4,7821 4,8151
5,3203 5,3537
139 10:05:21
4,5701 4,6024
4,2660 4,2983
4,7827 4,8157
5,3212 5,3546
140 10:06:20
4,5701 4,6024
4,2660 4,2983
4,7827 4,8157
5,3218 5,3552
141 10:07:20
4,5701 4,6024
4,2654 4,2977
4,7827 4,8157
5,3215 5,3549
142 10:08:21
4,5670 4,5993
4,2633 4,2956
4,7794 4,8124
5,3179 5,3513
143 10:09:21
4,5649 4,5972
4,2608 4,2931
4,7774 4,8104
5,3160 5,3494
144 10:10:21
4,5644 4,5967
4,2606 4,2929
4,7768 4,8098
5,3146 5,3480
145 10:11:20
4,5648 4,5971
4,2615 4,2938
4,7770 4,8100
5,3144 5,3478
146 10:12:20
4,5660 4,5983
4,2632 4,2955
4,7792 4,8122
5,3155 5,3489
147 10:13:20
4,5657 4,5980
4,2629 4,2952
4,7788 4,8118
5,3154 5,3488
148 10:14:21
4,5662 4,5985
4,2636 4,2959
4,7791 4,8121
5,3161 5,3495
149 10:15:21
4,5662 4,5985
4,2640 4,2963
4,7794 4,8124
5,3161 5,3495
150 10:16:20
4,5668 4,5991
4,2646 4,2969
4,7803 4,8133
5,3168 5,3502
151 10:17:20
4,5668 4,5991
4,2646 4,2969
4,7803 4,8133
5,3168 5,3502
152 10:19:20
4,5668 4,5991
4,2642 4,2965
4,7795 4,8125
5,3168 5,3502
153 10:20:20
4,5666 4,5989
4,2633 4,2956
4,7793 4,8123
5,3164 5,3498
154 10:21:21
4,5665 4,5988
4,2634 4,2957
4,7792 4,8122
5,3164 5,3498
155 10:22:21
4,5665 4,5988
4,2635 4,2958
4,7795 4,8125
5,3170 5,3504
156 10:23:21
4,5666 4,5989
4,2636 4,2959
4,7796 4,8126
5,3165 5,3499
157 10:24:21
4,5666 4,5989
4,2636 4,2959
4,7798 4,8128
5,3175 5,3509
158 10:25:20
4,5666 4,5989
4,2636 4,2959
4,7796 4,8126
5,3171 5,3505
159 10:27:20
4,5693 4,6016
4,2659 4,2982
4,7824 4,8153
5,3203 5,3537
160 10:28:21
4,5686 4,6009
4,2652 4,2975
4,7816 4,8145
5,3194 5,3528
161 10:29:21
4,5686 4,6009
4,2652 4,2975
4,7816 4,8145
5,3194 5,3528
162 10:30:21
4,5700 4,6023
4,2667 4,2990
4,7829 4,8158
5,3195 5,3529
163 10:31:20
4,5703 4,6026
4,2672 4,2995
4,7832 4,8162
5,3202 5,3536
164 10:32:21
4,5704 4,6027
4,2673 4,2996
4,7830 4,8160
5,3209 5,3543
165 10:33:20
4,5718 4,6041
4,2680 4,3003
4,7850 4,8180
5,3226 5,3560
166 10:34:20
4,5721 4,6044
4,2683 4,3006
4,7853 4,8183
5,3251 5,3585
167 10:35:21
4,5721 4,6044
4,2685 4,3008
4,7853 4,8183
5,3257 5,3591
168 10:36:21
4,5721 4,6045
4,2685 4,3008
4,7850 4,8181
5,3257 5,3591
169 10:37:21
4,5691 4,6015
4,2653 4,2976
4,7816 4,8147
5,3219 5,3553
170 10:38:21
4,5715 4,6039
4,2673 4,2996
4,7843 4,8174
5,3256 5,3590
171 10:39:20
4,5723 4,6047
4,2681 4,3004
4,7844 4,8175
5,3266 5,3600
172 10:40:20
4,5725 4,6049
4,2683 4,3006
4,7846 4,8177
5,3259 5,3593
173 10:41:21
4,5723 4,6046
4,2681 4,3004
4,7848 4,8178
5,3256 5,3590
174 10:42:21
4,5723 4,6046
4,2693 4,3016
4,7848 4,8178
5,3256 5,3590
175 10:43:21
4,5723 4,6046
4,2697 4,3020
4,7858 4,8188
5,3256 5,3590
176 10:44:21
4,5736 4,6059
4,2709 4,3032
4,7871 4,8201
5,3274 5,3608
177 10:45:21
4,5738 4,6061
4,2711 4,3034
4,7871 4,8201
5,3270 5,3604
178 10:46:20
4,5736 4,6059
4,2703 4,3026
4,7869 4,8199
5,3275 5,3609
179 10:47:20
4,5745 4,6068
4,2710 4,3033
4,7878 4,8208
5,3285 5,3619
180 10:48:21
4,5751 4,6074
4,2715 4,3038
4,7885 4,8215
5,3292 5,3626
181 10:49:21
4,5737 4,6060
4,2700 4,3023
4,7870 4,8200
5,3279 5,3613
182 10:50:21
4,5753 4,6076
4,2715 4,3038
4,7887 4,8217
5,3298 5,3632
183 10:51:21
4,5746 4,6069
4,2708 4,3031
4,7874 4,8204
5,3289 5,3623
184 10:52:20
4,5744 4,6067
4,2704 4,3027
4,7869 4,8199
5,3293 5,3627
185 10:53:20
4,5755 4,6078
4,2701 4,3024
4,7881 4,8211
5,3312 5,3646
186 10:54:21
4,5754 4,6077
4,2700 4,3023
4,7880 4,8210
5,3312 5,3646
187 10:55:21
4,5750 4,6073
4,2694 4,3017
4,7876 4,8206
5,3309 5,3643
188 10:56:20
4,5750 4,6073
4,2694 4,3017
4,7876 4,8206
5,3299 5,3633
189 10:57:20
4,5757 4,6080
4,2700 4,3023
4,7884 4,8214
5,3308 5,3642
190 10:58:21
4,5762 4,6085
4,2719 4,3042
4,7891 4,8221
5,3314 5,3648
191 10:59:21
4,5762 4,6085
4,2719 4,3042
4,7891 4,8221
5,3327 5,3661
192 11:00:21
4,5762 4,6085
4,2719 4,3042
4,7891 4,8221
5,3347 5,3681
193 11:01:20
4,5762 4,6085
4,2735 4,3058
4,7901 4,8231
5,3352 5,3686
194 11:02:20
4,5762 4,6085
4,2735 4,3058
4,7901 4,8231
5,3352 5,3686
195 11:03:21
4,5762 4,6085
4,2727 4,3050
4,7901 4,8231
5,3352 5,3686
196 11:04:21
4,5762 4,6085
4,2719 4,3042
4,7896 4,8226
5,3336 5,3670
197 11:05:21
4,5753 4,6076
4,2709 4,3032
4,7887 4,8217
5,3325 5,3659
198 11:06:20
4,5753 4,6076
4,2707 4,3030
4,7889 4,8218
5,3325 5,3659
199 11:07:20
4,5757 4,6080
4,2712 4,3035
4,7898 4,8227
5,3330 5,3664
200 11:08:21
4,5757 4,6080
4,2713 4,3036
4,7901 4,8230
5,3318 5,3652
201 11:09:21
4,5759 4,6082
4,2715 4,3038
4,7898 4,8227
5,3324 5,3658
202 11:10:21
4,5759 4,6082
4,2706 4,3029
4,7898 4,8227
5,3332 5,3666
203 11:11:21
4,5750 4,6073
4,2698 4,3021
4,7888 4,8217
5,3318 5,3652
204 11:12:20
4,5750 4,6073
4,2704 4,3027
4,7893 4,8222
5,3318 5,3652
205 11:13:20
4,5750 4,6073
4,2702 4,3025
4,7893 4,8222
5,3322 5,3656
206 11:14:22
4,5739 4,6062
4,2692 4,3015
4,7880 4,8209
5,3306 5,3640
207 11:15:20
4,5735 4,6058
4,2688 4,3011
4,7875 4,8204
5,3301 5,3635
208 11:16:20
4,5725 4,6048
4,2677 4,3000
4,7865 4,8194
5,3290 5,3624
209 11:17:21
4,5726 4,6049
4,2678 4,3001
4,7868 4,8197
5,3291 5,3625
210 11:18:21
4,5717 4,6040
4,2669 4,2992
4,7849 4,8178
5,3312 5,3646
211 11:19:22
4,5720 4,6043
4,2672 4,2995
4,7857 4,8186
5,3312 5,3646
212 11:20:21
4,5716 4,6039
4,2674 4,2997
4,7851 4,8180
5,3306 5,3640
213 11:21:20
4,5721 4,6044
4,2675 4,2998
4,7856 4,8185
5,3314 5,3648
214 11:22:20
4,5721 4,6044
4,2675 4,2998
4,7853 4,8182
5,3313 5,3647
215 11:23:21
4,5721 4,6044
4,2675 4,2998
4,7853 4,8182
5,3313 5,3647
216 11:24:22
4,5722 4,6045
4,2676 4,2999
4,7852 4,8181
5,3311 5,3645
217 11:25:21
4,5714 4,6037
4,2660 4,2983
4,7843 4,8172
5,3301 5,3635
218 11:26:21
4,5715 4,6038
4,2664 4,2987
4,7842 4,8171
5,3303 5,3637
219 11:27:21
4,5721 4,6044
4,2669 4,2992
4,7848 4,8177
5,3303 5,3637
220 11:28:20
4,5729 4,6052
4,2679 4,3002
4,7860 4,8189
5,3317 5,3651
221 11:29:20
4,5707 4,6030
4,2660 4,2983
4,7834 4,8163
5,3275 5,3609
222 11:30:21
4,5707 4,6030
4,2660 4,2983
4,7833 4,8162
5,3275 5,3609
223 11:31:21
4,5706 4,6030
4,2652 4,2974
4,7833 4,8163
5,3274 5,3608
224 11:32:21
4,5712 4,6036
4,2659 4,2981
4,7836 4,8166
5,3268 5,3602
225 11:33:21
4,5709 4,6033
4,2652 4,2974
4,7830 4,8160
5,3258 5,3592
226 11:34:21
4,5705 4,6029
4,2652 4,2974
4,7827 4,8157
5,3255 5,3589
227 11:35:21
4,5707 4,6031
4,2653 4,2975
4,7829 4,8159
5,3257 5,3591
228 11:36:21
4,5712 4,6035
4,2653 4,2975
4,7833 4,8163
5,3258 5,3592
229 11:37:21
4,5712 4,6035
4,2659 4,2981
4,7833 4,8163
5,3258 5,3592
230 11:38:21
4,5712 4,6035
4,2659 4,2981
4,7833 4,8163
5,3252 5,3586
231 11:39:21
4,5712 4,6035
4,2659 4,2981
4,7838 4,8168
5,3252 5,3586
232 11:40:20
4,5712 4,6035
4,2659 4,2981
4,7838 4,8168
5,3246 5,3580
233 11:41:21
4,5711 4,6035
4,2655 4,2977
4,7838 4,8168
5,3233 5,3567
234 11:42:21
4,5713 4,6037
4,2657 4,2979
4,7835 4,8165
5,3237 5,3571
235 11:43:21
4,5714 4,6038
4,2658 4,2980
4,7836 4,8166
5,3240 5,3574
236 11:44:20
4,5715 4,6039
4,2664 4,2986
4,7837 4,8167
5,3241 5,3575
237 11:45:20
4,5721 4,6045
4,2678 4,3000
4,7846 4,8176
5,3249 5,3583
238 11:46:21
4,5714 4,6038
4,2670 4,2992
4,7833 4,8163
5,3246 5,3580
239 11:47:21
4,5714 4,6038
4,2672 4,2994
4,7836 4,8166
5,3255 5,3589
240 11:48:21
4,5717 4,6041
4,2680 4,3002
4,7839 4,8169
5,3259 5,3593
241 11:49:21
4,5717 4,6041
4,2682 4,3004
4,7842 4,8172
5,3259 5,3593
242 11:50:20
4,5717 4,6041
4,2682 4,3004
4,7842 4,8172
5,3260 5,3594
243 11:51:20
4,5722 4,6046
4,2691 4,3013
4,7846 4,8176
5,3265 5,3598
244 11:52:21
4,5723 4,6047
4,2692 4,3014
4,7853 4,8183
5,3260 5,3593
245 11:53:21
4,5725 4,6049
4,2692 4,3014
4,7855 4,8185
5,3263 5,3596
246 11:54:21
4,5722 4,6046
4,2677 4,2999
4,7849 4,8179
5,3260 5,3593
247 11:55:20
4,5722 4,6046
4,2673 4,2995
4,7844 4,8174
5,3260 5,3593
248 11:56:20
4,5723 4,6046
4,2673 4,2995
4,7844 4,8174
5,3237 5,3571
249 11:57:21
4,5723 4,6046
4,2671 4,2993
4,7844 4,8174
5,3231 5,3565
250 11:58:21
4,5745 4,6068
4,2692 4,3014
4,7867 4,8197
5,3256 5,3590
251 11:59:21
4,5745 4,6068
4,2692 4,3014
4,7867 4,8197
5,3254 5,3588
252 12:00:21
4,5730 4,6053
4,2678 4,3000
4,7852 4,8182
5,3239 5,3573
253 12:01:20
4,5736 4,6059
4,2690 4,3012
4,7858 4,8188
5,3260 5,3594
254 12:02:20
4,5736 4,6059
4,2687 4,3009
4,7857 4,8187
5,3259 5,3593
255 12:03:20
4,5736 4,6059
4,2689 4,3011
4,7857 4,8187
5,3245 5,3579
256 12:04:21
4,5736 4,6059
4,2687 4,3009
4,7857 4,8187
5,3245 5,3579
257 12:05:21
4,5758 4,6081
4,2708 4,3030
4,7881 4,8211
5,3271 5,3605
258 12:06:21
4,5750 4,6074
4,2702 4,3024
4,7879 4,8209
5,3265 5,3598
259 12:07:20
4,5747 4,6071
4,2706 4,3028
4,7877 4,8207
5,3257 5,3590
260 12:08:20
4,5725 4,6049
4,2686 4,3008
4,7854 4,8184
5,3226 5,3559
261 12:09:21
4,5710 4,6034
4,2674 4,2996
4,7838 4,8168
5,3208 5,3541
262 12:10:21
4,5704 4,6028
4,2666 4,2988
4,7823 4,8153
5,3208 5,3541
263 12:11:21
4,5705 4,6028
4,2668 4,2990
4,7823 4,8153
5,3201 5,3536
264 12:12:20
4,5705 4,6028
4,2668 4,2990
4,7825 4,8155
5,3200 5,3535
265 12:13:21
4,5682 4,6005
4,2646 4,2968
4,7798 4,8128
5,3170 5,3505
266 12:14:21
4,5682 4,6005
4,2646 4,2968
4,7798 4,8128
5,3167 5,3502
267 12:15:21
4,5671 4,5994
4,2634 4,2956
4,7787 4,8117
5,3151 5,3486
268 12:16:20
4,5670 4,5994
4,2634 4,2956
4,7780 4,8110
5,3151 5,3485
269 12:17:20
4,5661 4,5985
4,2628 4,2950
4,7778 4,8108
5,3141 5,3475
270 12:18:21
4,5672 4,5996
4,2638 4,2960
4,7789 4,8119
5,3163 5,3497
271 12:19:21
4,5663 4,5987
4,2630 4,2952
4,7777 4,8107
5,3146 5,3480
272 12:20:20
4,5664 4,5988
4,2631 4,2953
4,7774 4,8104
5,3151 5,3485
273 12:21:20
4,5664 4,5988
4,2631 4,2953
4,7774 4,8104
5,3151 5,3485
274 12:22:21
4,5667 4,5991
4,2644 4,2966
4,7777 4,8107
5,3148 5,3482
275 12:23:21
4,5667 4,5991
4,2648 4,2970
4,7777 4,8107
5,3148 5,3482
276 12:24:21
4,5667 4,5991
4,2650 4,2972
4,7777 4,8107
5,3148 5,3482
277 12:25:20
4,5670 4,5994
4,2652 4,2974
4,7780 4,8110
5,3145 5,3479
278 12:26:20
4,5670 4,5994
4,2653 4,2976
4,7787 4,8117
5,3145 5,3479
279 12:27:20
4,5673 4,5997
4,2656 4,2979
4,7792 4,8122
5,3142 5,3476
280 12:28:21
4,5673 4,5997
4,2650 4,2973
4,7790 4,8120
5,3142 5,3476
281 12:29:21
4,5673 4,5997
4,2648 4,2971
4,7790 4,8120
5,3136 5,3470
282 12:30:21
4,5684 4,6008
4,2656 4,2979
4,7801 4,8131
5,3149 5,3483
283 12:31:20
4,5688 4,6012
4,2660 4,2983
4,7806 4,8136
5,3166 5,3500
284 12:32:20
4,5679 4,6003
4,2652 4,2975
4,7797 4,8127
5,3156 5,3490
285 12:33:21
4,5678 4,6002
4,2657 4,2980
4,7796 4,8126
5,3155 5,3489
286 12:34:21
4,5678 4,6002
4,2655 4,2978
4,7791 4,8121
5,3164 5,3498
287 12:35:21
4,5678 4,6002
4,2665 4,2988
4,7791 4,8121
5,3164 5,3498
288 12:36:21
4,5701 4,6025
4,2686 4,3009
4,7814 4,8144
5,3181 5,3515
289 12:37:20
4,5701 4,6025
4,2690 4,3013
4,7814 4,8144
5,3196 5,3530
290 12:38:20
4,5701 4,6025
4,2692 4,3015
4,7814 4,8144
5,3203 5,3537
291 12:39:21
4,5698 4,6022
4,2692 4,3015
4,7814 4,8144
5,3200 5,3534
292 12:40:21
4,5694 4,6018
4,2684 4,3007
4,7810 4,8140
5,3189 5,3523
293 12:41:20
4,5694 4,6018
4,2678 4,3001
4,7810 4,8140
5,3189 5,3523
294 12:42:20
4,5700 4,6024
4,2683 4,3006
4,7819 4,8149
5,3196 5,3530
295 12:43:21
4,5717 4,6041
4,2694 4,3017
4,7835 4,8165
5,3218 5,3552
296 12:44:21
4,5722 4,6046
4,2702 4,3025
4,7839 4,8169
5,3212 5,3546
297 12:45:21
4,5725 4,6049
4,2705 4,3028
4,7845 4,8175
5,3219 5,3553
298 12:46:21
4,5714 4,6038
4,2694 4,3017
4,7833 4,8163
5,3209 5,3543
299 12:47:20
4,5711 4,6035
4,2691 4,3014
4,7825 4,8155
5,3205 5,3539
300 12:48:20
4,5711 4,6035
4,2691 4,3014
4,7822 4,8152
5,3214 5,3548
301 12:49:21
4,5713 4,6037
4,2694 4,3017
4,7825 4,8155
5,3214 5,3548
302 12:50:21
4,5710 4,6034
4,2681 4,3004
4,7822 4,8152
5,3206 5,3540
303 12:51:21
4,5711 4,6035
4,2682 4,3005
4,7823 4,8153
5,3197 5,3531
304 12:52:20
4,5713 4,6037
4,2684 4,3007
4,7830 4,8160
5,3204 5,3538
305 12:53:20
4,5713 4,6037
4,2684 4,3007
4,7832 4,8162
5,3208 5,3542
306 12:54:20
4,5722 4,6046
4,2704 4,3027
4,7842 4,8172
5,3219 5,3553
307 12:55:21
4,5729 4,6053
4,2710 4,3033
4,7849 4,8179
5,3226 5,3560
308 12:56:21
4,5729 4,6053
4,2710 4,3033
4,7848 4,8178
5,3226 5,3560
309 12:57:21
4,5729 4,6053
4,2712 4,3035
4,7849 4,8179
5,3220 5,3554
310 12:58:20
4,5731 4,6055
4,2715 4,3038
4,7852 4,8182
5,3223 5,3557
311 12:59:20
4,5755 4,6079
4,2736 4,3059
4,7873 4,8203
5,3250 5,3584
312 13:00:21
4,5755 4,6079
4,2736 4,3059
4,7873 4,8203
5,3259 5,3593
313 13:01:21
4,5755 4,6079
4,2732 4,3055
4,7871 4,8201
5,3262 5,3596
314 13:02:21
4,5766 4,6090
4,2743 4,3066
4,7882 4,8212
5,3275 5,3609
315 13:03:20
4,5765 4,6089
4,2742 4,3065
4,7882 4,8212
5,3287 5,3621
316 13:04:21
4,5762 4,6086
4,2740 4,3063
4,7879 4,8209
5,3287 5,3621
317 13:05:21
4,5749 4,6073
4,2727 4,3050
4,7864 4,8194
5,3280 5,3614
318 13:06:21
4,5749 4,6073
4,2727 4,3050
4,7867 4,8197
5,3280 5,3614
319 13:07:20
4,5696 4,6020
4,2677 4,3000
4,7812 4,8142
5,3219 5,3553
320 13:08:20
4,5699 4,6023
4,2665 4,2988
4,7816 4,8146
5,3226 5,3560
321 13:09:21
4,5700 4,6024
4,2665 4,2988
4,7816 4,8146
5,3226 5,3560
322 13:10:21
4,5697 4,6021
4,2657 4,2980
4,7813 4,8143
5,3217 5,3551
323 13:11:21
4,5697 4,6020
4,2656 4,2979
4,7813 4,8143
5,3216 5,3550
324 13:12:21
4,5697 4,6020
4,2662 4,2985
4,7813 4,8143
5,3220 5,3554
325 13:13:21
4,5683 4,6006
4,2650 4,2973
4,7791 4,8121
5,3204 5,3538
326 13:14:20
4,5681 4,6004
4,2648 4,2971
4,7791 4,8121
5,3202 5,3536
327 13:15:20
4,5683 4,6006
4,2652 4,2975
4,7793 4,8123
5,3204 5,3538
328 13:16:21
4,5683 4,6007
4,2659 4,2982
4,7793 4,8123
5,3203 5,3537
329 13:17:21
4,5691 4,6015
4,2665 4,2988
4,7806 4,8136
5,3213 5,3547
330 13:18:21
4,5695 4,6019
4,2664 4,2987
4,7810 4,8140
5,3217 5,3551
331 13:19:20
4,5692 4,6016
4,2664 4,2987
4,7805 4,8135
5,3218 5,3552
332 13:20:20
4,5692 4,6016
4,2664 4,2987
4,7803 4,8133
5,3219 5,3553
333 13:21:20
4,5692 4,6016
4,2662 4,2985
4,7805 4,8135
5,3219 5,3553
334 13:22:21
4,5674 4,5998
4,2645 4,2968
4,7786 4,8116
5,3196 5,3530
335 13:23:21
4,5674 4,5998
4,2645 4,2968
4,7786 4,8116
5,3199 5,3533
336 13:24:21
4,5674 4,5998
4,2653 4,2976
4,7783 4,8113
5,3199 5,3533
337 13:25:21
4,5674 4,5998
4,2651 4,2974
4,7788 4,8118
5,3202 5,3536
338 13:26:21
4,5674 4,5997
4,2653 4,2976
4,7788 4,8118
5,3205 5,3539
339 13:27:21
4,5689 4,6012
4,2665 4,2988
4,7800 4,8130
5,3223 5,3557
340 13:28:20
4,5689 4,6012
4,2665 4,2988
4,7800 4,8130
5,3217 5,3551
341 13:29:20
4,5690 4,6013
4,2668 4,2991
4,7803 4,8133
5,3218 5,3552
342 13:30:21
4,5690 4,6013
4,2668 4,2991
4,7803 4,8133
5,3211 5,3545
343 13:31:21
4,5683 4,6006
4,2662 4,2985
4,7796 4,8126
5,3204 5,3538
344 13:32:21
4,5678 4,6001
4,2664 4,2987
4,7791 4,8121
5,3198 5,3532
345 13:33:20
4,5680 4,6003
4,2667 4,2990
4,7793 4,8123
5,3200 5,3534
346 13:34:20
4,5680 4,6003
4,2665 4,2988
4,7793 4,8123
5,3200 5,3534
347 13:35:21
4,5680 4,6003
4,2671 4,2994
4,7798 4,8128
5,3212 5,3546
348 13:36:21
4,5673 4,5996
4,2664 4,2987
4,7790 4,8120
5,3204 5,3538
349 13:37:21
4,5673 4,5996
4,2664 4,2987
4,7790 4,8120
5,3204 5,3538
350 13:38:20
4,5703 4,6026
4,2692 4,3015
4,7822 4,8152
5,3239 5,3573
351 13:39:21
4,5703 4,6026
4,2688 4,3011
4,7819 4,8149
5,3240 5,3574
352 13:40:21
4,5695 4,6018
4,2681 4,3004
4,7813 4,8143
5,3233 5,3567
353 13:41:21
4,5695 4,6019
4,2681 4,3004
4,7814 4,8144
5,3233 5,3567
354 13:42:21
4,5702 4,6026
4,2687 4,3010
4,7820 4,8150
5,3241 5,3575
355 13:43:20
4,5702 4,6026
4,2687 4,3010
4,7820 4,8150
5,3238 5,3572
356 13:44:20
4,5689 4,6013
4,2675 4,2998
4,7805 4,8135
5,3220 5,3554
357 13:46:20
4,5691 4,6014
4,2677 4,3000
4,7806 4,8136
5,3222 5,3556
358 13:47:20
4,5695 4,6018
4,2688 4,3011
4,7813 4,8143
5,3227 5,3561
359 13:48:21
4,5695 4,6018
4,2688 4,3011
4,7813 4,8143
5,3220 5,3554
360 13:49:21
4,5695 4,6018
4,2690 4,3013
4,7813 4,8143
5,3217 5,3551
361 13:50:21
4,5695 4,6018
4,2688 4,3011
4,7813 4,8143
5,3217 5,3551
362 13:51:21
4,5695 4,6018
4,2688 4,3011
4,7813 4,8143
5,3217 5,3551
363 13:52:20
4,5701 4,6024
4,2696 4,3019
4,7820 4,8150
5,3219 5,3553
364 13:53:20
4,5700 4,6023
4,2695 4,3018
4,7819 4,8149
5,3217 5,3551
365 13:54:21
4,5701 4,6024
4,2698 4,3021
4,7824 4,8154
5,3224 5,3558
366 13:55:21
4,5697 4,6020
4,2697 4,3020
4,7826 4,8156
5,3223 5,3557
367 13:56:21
4,5697 4,6021
4,2689 4,3012
4,7825 4,8155
5,3229 5,3563
368 13:57:21
4,5698 4,6022
4,2690 4,3013
4,7819 4,8149
5,3228 5,3562
369 13:58:21
4,5698 4,6022
4,2689 4,3012
4,7819 4,8149
5,3227 5,3561
370 13:59:20
4,5695 4,6019
4,2681 4,3004
4,7813 4,8143
5,3224 5,3558
371 14:00:20
4,5694 4,6018
4,2683 4,3006
4,7814 4,8144
5,3219 5,3553
372 14:01:21
4,5689 4,6012
4,2679 4,3002
4,7809 4,8139
5,3213 5,3547
373 14:02:21
4,5689 4,6012
4,2679 4,3002
4,7812 4,8142
5,3216 5,3550
374 14:03:21
4,5693 4,6016
4,2683 4,3006
4,7811 4,8141
5,3222 5,3556
375 14:04:20
4,5702 4,6025
4,2697 4,3020
4,7825 4,8155
5,3238 5,3572
376 14:05:20
4,5702 4,6025
4,2697 4,3020
4,7825 4,8155
5,3238 5,3572
377 14:06:20
4,5703 4,6026
4,2688 4,3011
4,7824 4,8154
5,3242 5,3576
378 14:07:21
4,5703 4,6026
4,2686 4,3009
4,7824 4,8154
5,3242 5,3576
379 14:08:21
4,5703 4,6026
4,2682 4,3005
4,7824 4,8154
5,3243 5,3577
380 14:09:21
4,5704 4,6027
4,2683 4,3006
4,7820 4,8150
5,3243 5,3577
381 14:10:20
4,5704 4,6027
4,2675 4,2998
4,7817 4,8147
5,3240 5,3574
382 14:11:20
4,5706 4,6029
4,2679 4,3002
4,7822 4,8152
5,3246 5,3580
383 14:12:21
4,5700 4,6023
4,2673 4,2996
4,7814 4,8144
5,3236 5,3570
384 14:13:21
4,5699 4,6022
4,2679 4,3002
4,7815 4,8145
5,3235 5,3569
385 14:14:21
4,5699 4,6022
4,2679 4,3002
4,7815 4,8145
5,3235 5,3569
386 14:15:21
4,5702 4,6025
4,2687 4,3010
4,7818 4,8148
5,3238 5,3572
387 14:16:20
4,5699 4,6022
4,2685 4,3008
4,7818 4,8148
5,3235 5,3569
388 14:17:20
4,5699 4,6022
4,2695 4,3018
4,7818 4,8148
5,3226 5,3560
389 14:18:21
4,5683 4,6006
4,2678 4,3001
4,7803 4,8133
5,3207 5,3541
390 14:19:21
4,5683 4,6006
4,2674 4,2997
4,7801 4,8131
5,3207 5,3541
391 17:30:21
4,6085 4,6414
4,3068 4,3403
4,8226 4,8561
5,3740 5,4081
392 17:31:21
4,6095 4,6418
4,3087 4,3411
4,8239 4,8569
5,3764 5,4099
393 17:32:21
4,6095 4,6419
4,3076 4,3407
4,8229 4,8561
5,3765 5,4100
394 17:33:20
4,6108 4,6434
4,3084 4,3417
4,8242 4,8580
5,3792 5,4130
395 17:34:20
4,6104 4,6436
4,3080 4,3415
4,8239 4,8578
5,3793 5,4130
396 17:35:21
4,6109 4,6439
4,3074 4,3406
4,8234 4,8571
5,3804 5,4147
397 17:36:21
4,6105 4,6437
4,3067 4,3405
4,8225 4,8564
5,3800 5,4146
398 17:37:21
4,6114 4,6437
4,3073 4,3400
4,8235 4,8565
5,3806 5,4141
399 17:38:21
4,6126 4,6450
4,3082 4,3410
4,8244 4,8574
5,3822 5,4157
400 17:39:21
4,6122 4,6445
4,3076 4,3399
4,8243 4,8573
5,3814 5,4149
401 17:40:21
4,6117 4,6443
4,3064 4,3393
4,8237 4,8570
5,3815 5,4153
402 17:41:21
4,6119 4,6443
4,3064 4,3394
4,8234 4,8565
5,3817 5,4153
403 17:42:20
4,6118 4,6441
4,3078 4,3405
4,8238 4,8568
5,3809 5,4144
404 17:43:20
4,6118 4,6441
4,3080 4,3408
4,8243 4,8573
5,3809 5,4144
405 17:44:21
4,6117 4,6440
4,3076 4,3400
4,8237 4,8567
5,3815 5,4150
406 17:45:21
4,6112 4,6435
4,3070 4,3400
4,8232 4,8562
5,3809 5,4144
407 17:46:21
4,6112 4,6437
4,3074 4,3402
4,8232 4,8564
5,3801 5,4136
408 17:47:21
4,6112 4,6438
4,3064 4,3397
4,8232 4,8565
5,3805 5,4140
409 17:48:21
4,6111 4,6437
4,3059 4,3388
4,8226 4,8559
5,3795 5,4133
410 17:49:20
4,6112 4,6445
4,3065 4,3404
4,8233 4,8574
5,3803 5,4148
411 17:50:21
4,6111 4,6448
4,3068 4,3411
4,8231 4,8581
5,3801 5,4146
412 17:51:20
4,6112 4,6451
4,3069 4,3414
4,8237 4,8585
5,3804 5,4160
413 17:52:21
4,6111 4,6436
4,3073 4,3401
4,8236 4,8568
5,3803 5,4138
414 17:53:21
4,6101 4,6424
4,3068 4,3395
4,8231 4,8561
5,3796 5,4131
415 17:54:21
4,6106 4,6432
4,3076 4,3408
4,8236 4,8571
5,3808 5,4146
416 17:55:20
4,6106 4,6430
4,3080 4,3410
4,8240 4,8572
5,3802 5,4138
417 17:56:20
4,6101 4,6424
4,3077 4,3405
4,8241 4,8571
5,3802 5,4137
418 17:57:20
4,6113 4,6445
4,3090 4,3424
4,8252 4,8592
5,3822 5,4167
419 17:58:21
4,6117 4,6442
4,3090 4,3417
4,8258 4,8590
5,3815 5,4152
420 17:59:21
4,6119 4,6443
4,3087 4,3414
4,8259 4,8595
5,3819 5,4154
421 18:00:21
4,6114 4,6457
4,3084 4,3432
4,8254 4,8606
5,3819 5,4179
422 18:01:20
4,6112 4,6456
4,3076 4,3425
4,8251 4,8603
5,3808 5,4167
423 18:02:20
4,6112 4,6453
4,3077 4,3420
4,8253 4,8602
5,3811 5,4159
424 18:03:21
4,6122 4,6445
4,3087 4,3410
4,8257 4,8587
5,3810 5,4145
425 18:04:21
4,6122 4,6445
4,3088 4,3411
4,8258 4,8588
5,3808 5,4143
426 18:05:21
4,6121 4,6444
4,3087 4,3412
4,8256 4,8586
5,3807 5,4142
427 18:06:21
4,6120 4,6443
4,3087 4,3410
4,8257 4,8587
5,3806 5,4141
428 18:07:20
4,6119 4,6442
4,3085 4,3408
4,8254 4,8584
5,3804 5,4139
429 18:08:20
4,6120 4,6443
4,3079 4,3404
4,8265 4,8595
5,3813 5,4148
430 18:09:21
4,6115 4,6438
4,3079 4,3405
4,8261 4,8591
5,3800 5,4135
431 18:10:21
4,6115 4,6438
4,3079 4,3405
4,8260 4,8590
5,3794 5,4129
432 18:11:21
4,6117 4,6440
4,3074 4,3403
4,8263 4,8593
5,3790 5,4125
433 18:12:21
4,6115 4,6438
4,3070 4,3398
4,8251 4,8581
5,3788 5,4123
434 18:13:21
4,6111 4,6437
4,3055 4,3388
4,8241 4,8574
5,3783 5,4121
435 18:14:20
4,6112 4,6436
4,3057 4,3387
4,8236 4,8572
5,3783 5,4119
436 18:15:20
4,6107 4,6433
4,3051 4,3380
4,8231 4,8569
5,3772 5,4110
437 18:16:21
4,6116 4,6441
4,3065 4,3397
4,8241 4,8573
5,3778 5,4114
438 18:17:21
4,6100 4,6443
4,3051 4,3399
4,8225 4,8581
5,3765 5,4123
439 18:18:21
4,6100 4,6443
4,3051 4,3399
4,8225 4,8579
5,3765 5,4117
440 18:19:21
4,6100 4,6443
4,3055 4,3403
4,8226 4,8581
5,3765 5,4123
441 18:20:20
4,6100 4,6442
4,3050 4,3398
4,8224 4,8574
5,3763 5,4116
442 18:21:20
4,6106 4,6435
4,3063 4,3398
4,8236 4,8572
5,3764 5,4105
443 18:22:21
4,6107 4,6437
4,3071 4,3404
4,8242 4,8579
5,3778 5,4114
444 18:23:21
4,6102 4,6444
4,3063 4,3410
4,8236 4,8586
5,3764 5,4123
445 18:24:21
4,6100 4,6443
4,3059 4,3406
4,8236 4,8587
5,3764 5,4124
446 18:25:21
4,6101 4,6443
4,3054 4,3397
4,8233 4,8586
5,3759 5,4114
447 18:26:21
4,6101 4,6443
4,3054 4,3397
4,8233 4,8586
5,3765 5,4121
448 18:27:20
4,6103 4,6438
4,3057 4,3394
4,8234 4,8577
5,3762 5,4109
449 18:28:20
4,6101 4,6442
4,3056 4,3402
4,8232 4,8581
5,3759 5,4114
450 18:29:21
4,6103 4,6441
4,3056 4,3395
4,8233 4,8578
5,3761 5,4113
451 18:30:21
4,6106 4,6435
4,3056 4,3388
4,8232 4,8573
5,3758 5,4099
452 18:31:21
4,6099 4,6440
4,3050 4,3392
4,8220 4,8573
5,3757 5,4113
453 18:32:20
4,6106 4,6435
4,3060 4,3392
4,8231 4,8567
5,3767 5,4113
454 18:33:20
4,6107 4,6433
4,3063 4,3392
4,8231 4,8569
5,3765 5,4103
455 18:34:21
4,6106 4,6433
4,3060 4,3394
4,8232 4,8571
5,3765 5,4103
456 18:35:21
4,6106 4,6435
4,3064 4,3400
4,8236 4,8572
5,3765 5,4107
457 18:36:21
4,6106 4,6435
4,3068 4,3404
4,8236 4,8572
5,3765 5,4107
458 18:37:21
4,6106 4,6435
4,3064 4,3400
4,8232 4,8569
5,3772 5,4114
459 18:38:20
4,6103 4,6441
4,3056 4,3399
4,8228 4,8573
5,3768 5,4111
460 18:39:20
4,6107 4,6435
4,3067 4,3398
4,8232 4,8567
5,3762 5,4100
461 18:40:21
4,6107 4,6435
4,3063 4,3398
4,8232 4,8567
5,3760 5,4100
462 18:41:21
4,6107 4,6435
4,3063 4,3398
4,8231 4,8571
5,3764 5,4099
463 18:42:21
4,6107 4,6435
4,3059 4,3394
4,8232 4,8567
5,3758 5,4099
464 18:43:21
4,6107 4,6435
4,3063 4,3398
4,8232 4,8567
5,3758 5,4099
465 18:44:21
4,6107 4,6431
4,3063 4,3394
4,8232 4,8563
5,3753 5,4089
466 18:45:21
4,6107 4,6433
4,3063 4,3396
4,8232 4,8565
5,3753 5,4091
467 18:46:21
4,6107 4,6432
4,3065 4,3397
4,8232 4,8564
5,3753 5,4090
468 18:47:20
4,6107 4,6432
4,3061 4,3393
4,8232 4,8564
5,3753 5,4090
469 18:48:20
4,6103 4,6437
4,3061 4,3401
4,8228 4,8569
5,3752 5,4102
470 18:49:20
4,6106 4,6431
4,3060 4,3388
4,8231 4,8563
5,3758 5,4095
471 18:50:21
4,6106 4,6431
4,3060 4,3388
4,8231 4,8563
5,3758 5,4095
472 18:51:21
4,6100 4,6433
4,3058 4,3393
4,8221 4,8566
5,3758 5,4100
473 18:52:21
4,6098 4,6440
4,3052 4,3400
4,8217 4,8567
5,3755 5,4111
474 18:53:21
4,6098 4,6440
4,3047 4,3394
4,8216 4,8566
5,3753 5,4105
475 18:54:21
4,6108 4,6432
4,3060 4,3387
4,8228 4,8559
5,3766 5,4101
476 18:55:20
4,6105 4,6432
4,3059 4,3393
4,8225 4,8559
5,3764 5,4104
477 18:56:20
4,6105 4,6432
4,3059 4,3393
4,8225 4,8559
5,3764 5,4104
478 18:57:21
4,6106 4,6432
4,3062 4,3391
4,8231 4,8564
5,3764 5,4102
479 18:58:21
4,6105 4,6432
4,3063 4,3397
4,8230 4,8564
5,3763 5,4102
480 18:59:21
4,6105 4,6432
4,3067 4,3401
4,8231 4,8568
5,3763 5,4102
481 19:00:20
4,6105 4,6432
4,3071 4,3405
4,8230 4,8564
5,3764 5,4104
482 19:01:20
4,6112 4,6442
4,3081 4,3413
4,8241 4,8579
5,3770 5,4113
483 19:02:21
4,6111 4,6440
4,3076 4,3411
4,8241 4,8577
5,3777 5,4112
484 19:03:21
4,6108 4,6442
4,3073 4,3412
4,8242 4,8584
5,3772 5,4113
485 19:04:21
4,6109 4,6441
4,3054 4,3392
4,8234 4,8573
5,3767 5,4112
486 19:05:21
4,6109 4,6441
4,3054 4,3388
4,8228 4,8572
5,3767 5,4113
487 19:06:20
4,6109 4,6441
4,3053 4,3388
4,8229 4,8568
5,3767 5,4106
488 19:07:20
4,6109 4,6441
4,3054 4,3392
4,8228 4,8572
5,3761 5,4107
489 19:08:20
4,6109 4,6441
4,3058 4,3396
4,8234 4,8573
5,3761 5,4107
490 19:09:21
4,6108 4,6442
4,3061 4,3401
4,8242 4,8584
5,3766 5,4113
491 19:10:21
4,6107 4,6442
4,3063 4,3403
4,8243 4,8586
5,3767 5,4115
492 19:11:20
4,6108 4,6442
4,3063 4,3401
4,8242 4,8584
5,3772 5,4119
493 19:12:20
4,6108 4,6442
4,3065 4,3405
4,8247 4,8589
5,3772 5,4113
494 19:13:20
4,6112 4,6439
4,3069 4,3402
4,8253 4,8588
5,3772 5,4111
495 19:14:21
4,6112 4,6440
4,3073 4,3407
4,8251 4,8587
5,3778 5,4118
496 19:15:21
4,6122 4,6445
4,3081 4,3404
4,8262 4,8592
5,3789 5,4124
497 19:16:21
4,6122 4,6445
4,3083 4,3406
4,8262 4,8592
5,3789 5,4124
498 19:17:21
4,6120 4,6443
4,3079 4,3405
4,8261 4,8591
5,3790 5,4125
499 19:18:21
4,6120 4,6443
4,3074 4,3397
4,8261 4,8591
5,3790 5,4125
500 19:19:20
4,6119 4,6442
4,3073 4,3401
4,8260 4,8590
5,3789 5,4124
501 19:20:20
4,6119 4,6442
4,3073 4,3400
4,8260 4,8590
5,3792 5,4127
502 19:21:21
4,6119 4,6442
4,3073 4,3401
4,8265 4,8595
5,3792 5,4127
503 19:22:21
4,6119 4,6442
4,3073 4,3401
4,8265 4,8595
5,3798 5,4133
504 19:23:21
4,6121 4,6444
4,3071 4,3396
4,8267 4,8597
5,3800 5,4135
505 19:24:21
4,6120 4,6443
4,3071 4,3397
4,8266 4,8596
5,3799 5,4134
506 19:25:21
4,6120 4,6443
4,3070 4,3398
4,8266 4,8596
5,3799 5,4134
507 19:26:20
4,6123 4,6446
4,3072 4,3402
4,8274 4,8604
5,3803 5,4138
508 19:27:20
4,6115 4,6448
4,3068 4,3403
4,8261 4,8601
5,3793 5,4140
509 19:28:20
4,6115 4,6448
4,3068 4,3407
4,8262 4,8607
5,3795 5,4141
510 19:29:21
4,6113 4,6440
4,3066 4,3399
4,8259 4,8593
5,3792 5,4132
511 19:30:21
4,6111 4,6442
4,3064 4,3401
4,8262 4,8601
5,3796 5,4140
512 19:31:21
4,6108 4,6433
4,3054 4,3386
4,8258 4,8590
5,3792 5,4129
513 19:32:21
4,6109 4,6437
4,3053 4,3388
4,8258 4,8594
5,3793 5,4133
514 19:33:21
4,6109 4,6439
4,3058 4,3390
4,8258 4,8600
5,3798 5,4141
515 19:34:20
4,6107 4,6437
4,3059 4,3396
4,8252 4,8595
5,3791 5,4133
516 19:35:21
4,6106 4,6433
4,3064 4,3398
4,8256 4,8590
5,3796 5,4135
517 19:36:21
4,6106 4,6435
4,3060 4,3396
4,8257 4,8594
5,3797 5,4139
518 19:37:21
4,6106 4,6435
4,3067 4,3402
4,8256 4,8598
5,3802 5,4137
519 19:38:21
4,6106 4,6435
4,3068 4,3404
4,8256 4,8598
5,3803 5,4139
520 19:39:20
4,6106 4,6435
4,3064 4,3399
4,8256 4,8598
5,3797 5,4139
521 19:40:20
4,6106 4,6429
4,3067 4,3396
4,8256 4,8586
5,3795 5,4130
522 19:41:21
4,6105 4,6428
4,3071 4,3398
4,8256 4,8588
5,3797 5,4132
523 19:42:21
4,6100 4,6440
4,3065 4,3406
4,8250 4,8603
5,3789 5,4143
524 19:43:21
4,6107 4,6437
4,3071 4,3408
4,8257 4,8598
5,3796 5,4139
525 19:44:21
4,6106 4,6437
4,3071 4,3408
4,8257 4,8596
5,3797 5,4141
526 19:45:20
4,6107 4,6439
4,3072 4,3410
4,8257 4,8600
5,3803 5,4147
527 19:46:20
4,6107 4,6433
4,3071 4,3404
4,8260 4,8595
5,3807 5,4142
528 19:47:21
4,6107 4,6435
4,3071 4,3406
4,8256 4,8592
5,3802 5,4143
529 19:48:21
4,6107 4,6435
4,3071 4,3406
4,8257 4,8598
5,3802 5,4143
530 19:49:21
4,6107 4,6431
4,3075 4,3406
4,8262 4,8593
5,3805 5,4140
531 19:50:20
4,6106 4,6435
4,3080 4,3416
4,8262 4,8599
5,3806 5,4149
532 19:51:20
4,6107 4,6435
4,3079 4,3414
4,8261 4,8597
5,3802 5,4143
533 19:52:21
4,6106 4,6435
4,3084 4,3419
4,8261 4,8603
5,3803 5,4145
534 19:53:21
4,6107 4,6433
4,3089 4,3421
4,8262 4,8595
5,3802 5,4139
535 19:54:21
4,6107 4,6435
4,3087 4,3422
4,8257 4,8596
5,3799 5,4137
536 19:55:21
4,6111 4,6438
4,3093 4,3427
4,8267 4,8601
5,3802 5,4142
537 19:56:20
4,6116 4,6439
4,3098 4,3428
4,8262 4,8592
5,3808 5,4143
538 19:57:20
4,6111 4,6437
4,3091 4,3424
4,8255 4,8589
5,3801 5,4139
539 19:58:21
4,6110 4,6435
4,3096 4,3428
4,8255 4,8587
5,3802 5,4138
540 19:59:21
4,6108 4,6434
4,3094 4,3426
4,8253 4,8586
5,3792 5,4130
541 20:00:21
4,6108 4,6434
4,3093 4,3425
4,8250 4,8584
5,3791 5,4129
542 20:01:20
4,6106 4,6433
4,3092 4,3425
4,8251 4,8585
5,3790 5,4129
543 20:02:20
4,6106 4,6433
4,3097 4,3429
4,8251 4,8585
5,3790 5,4129
544 20:03:21
4,6112 4,6438
4,3096 4,3429
4,8252 4,8591
5,3795 5,4134
545 20:04:21
4,6108 4,6437
4,3098 4,3433
4,8254 4,8591
5,3793 5,4135
546 20:05:21
4,6111 4,6434
4,3097 4,3423
4,8256 4,8588
5,3793 5,4128
547 20:06:21
4,6108 4,6437
4,3094 4,3430
4,8254 4,8595
5,3790 5,4128
548 20:07:20
4,6113 4,6436
4,3105 4,3430
4,8259 4,8589
5,3792 5,4127
549 20:08:20
4,6114 4,6437
4,3102 4,3428
4,8259 4,8589
5,3793 5,4128
550 20:09:20
4,6114 4,6437
4,3098 4,3424
4,8265 4,8595
5,3792 5,4127
551 20:10:21
4,6115 4,6438
4,3098 4,3421
4,8261 4,8591
5,3793 5,4128
552 20:11:21
4,6114 4,6437
4,3095 4,3419
4,8262 4,8592
5,3796 5,4131
553 20:12:20
4,6114 4,6437
4,3095 4,3419
4,8260 4,8590
5,3792 5,4127
554 20:13:20
4,6114 4,6437
4,3093 4,3416
4,8263 4,8593
5,3798 5,4133
555 20:14:21
4,6103 4,6440
4,3077 4,3420
4,8249 4,8594
5,3780 5,4131
556 20:15:21
4,6104 4,6440
4,3074 4,3416
4,8248 4,8592
5,3781 5,4131
557 20:16:21
4,6102 4,6439
4,3072 4,3415
4,8247 4,8597
5,3779 5,4130
558 20:17:20
4,6103 4,6440
4,3077 4,3420
4,8248 4,8598
5,3780 5,4131
559 20:18:20
4,6103 4,6440
4,3077 4,3420
4,8248 4,8598
5,3780 5,4131
560 20:19:21
4,6101 4,6442
4,3076 4,3422
4,8252 4,8601
5,3778 5,4134
561 20:20:21
4,6101 4,6442
4,3076 4,3422
4,8252 4,8601
5,3778 5,4134
562 20:21:21
4,6101 4,6443
4,3079 4,3423
4,8250 4,8600
5,3776 5,4133
563 20:22:20
4,6101 4,6443
4,3074 4,3421
4,8250 4,8600
5,3776 5,4133
564 20:23:20
4,6101 4,6443
4,3075 4,3419
4,8250 4,8600
5,3776 5,4133
565 20:24:20
4,6101 4,6445
4,3070 4,3415
4,8250 4,8602
5,3783 5,4136
566 20:25:21
4,6100 4,6443
4,3069 4,3415
4,8251 4,8602
5,3777 5,4135
567 20:26:21
4,6106 4,6435
4,3076 4,3412
4,8257 4,8594
5,3784 5,4126
568 20:27:20
4,6101 4,6442
4,3076 4,3418
4,8257 4,8606
5,3778 5,4134
569 20:28:20
4,6101 4,6445
4,3070 4,3419
4,8251 4,8606
5,3770 5,4129
570 20:29:20
4,6106 4,6433
4,3087 4,3421
4,8262 4,8597
5,3784 5,4124
571 20:30:21
4,6103 4,6440
4,3081 4,3424
4,8253 4,8603
5,3775 5,4125
572 20:31:21
4,6102 4,6441
4,3080 4,3425
4,8258 4,8605
5,3773 5,4127
573 20:32:20
4,6102 4,6441
4,3084 4,3429
4,8258 4,8605
5,3773 5,4127
574 20:33:20
4,6106 4,6435
4,3092 4,3427
4,8261 4,8601
5,3782 5,4119
575 20:34:21
4,6118 4,6441
4,3110 4,3433
4,8278 4,8608
5,3797 5,4132
576 20:35:21
4,6118 4,6441
4,3110 4,3433
4,8278 4,8608
5,3797 5,4132
577 20:36:21
4,6116 4,6444
4,3101 4,3435
4,8276 4,8608
5,3795 5,4135
578 20:37:21
4,6118 4,6442
4,3106 4,3437
4,8279 4,8610
5,3803 5,4139
579 20:38:20
4,6118 4,6442
4,3106 4,3437
4,8279 4,8610
5,3803 5,4139
580 20:39:21
4,6122 4,6445
4,3114 4,3437
4,8283 4,8613
5,3803 5,4138
581 20:40:21
4,6120 4,6443
4,3113 4,3437
4,8281 4,8611
5,3799 5,4134
582 20:41:21
4,6119 4,6442
4,3111 4,3437
4,8280 4,8610
5,3798 5,4133
583 20:42:21
4,6119 4,6442
4,3117 4,3440
4,8280 4,8610
5,3805 5,4140
584 20:43:21
4,6120 4,6443
4,3118 4,3441
4,8281 4,8611
5,3805 5,4140
585 20:44:20
4,6119 4,6442
4,3111 4,3437
4,8275 4,8605
5,3805 5,4140
586 20:45:20
4,6119 4,6442
4,3113 4,3436
4,8275 4,8605
5,3805 5,4140
587 20:46:21
4,6120 4,6443
4,3114 4,3441
4,8275 4,8605
5,3811 5,4146
588 20:47:21
4,6118 4,6442
4,3110 4,3437
4,8274 4,8605
5,3803 5,4139
589 20:48:21
4,6116 4,6441
4,3106 4,3438
4,8277 4,8609
5,3801 5,4138
590 20:49:21
4,6117 4,6441
4,3105 4,3436
4,8278 4,8609
5,3808 5,4143
591 20:50:20
4,6117 4,6441
4,3105 4,3436
4,8278 4,8609
5,3802 5,4138
592 20:51:20
4,6117 4,6441
4,3105 4,3436
4,8278 4,8611
5,3802 5,4138
593 20:52:20
4,6117 4,6441
4,3109 4,3436
4,8277 4,8613
5,3802 5,4138
594 20:53:21
4,6117 4,6441
4,3105 4,3433
4,8277 4,8613
5,3802 5,4138
595 20:54:21
4,6116 4,6441
4,3102 4,3434
4,8277 4,8609
5,3801 5,4138
596 20:55:20
4,6112 4,6441
4,3098 4,3434
4,8273 4,8609
5,3797 5,4139
597 20:56:20
4,6116 4,6441
4,3106 4,3438
4,8282 4,8614
5,3801 5,4138
598 20:57:21
4,6116 4,6441
4,3098 4,3430
4,8282 4,8614
5,3795 5,4132
599 20:58:21
4,6115 4,6440
4,3104 4,3435
4,8281 4,8614
5,3797 5,4132
600 20:59:21
4,6106 4,6435
4,3104 4,3435
4,8272 4,8609
5,3791 5,4133
601 21:00:21
4,6114 4,6440
4,3118 4,3451
4,8280 4,8613
5,3804 5,4144
602 21:01:21
4,6117 4,6443
4,3114 4,3442
4,8278 4,8611
5,3802 5,4139
603 21:02:21
4,6116 4,6441
4,3110 4,3442
4,8278 4,8613
5,3806 5,4141
604 21:03:20
4,6117 4,6443
4,3106 4,3438
4,8278 4,8611
5,3802 5,4139
605 21:05:20
4,6117 4,6443
4,3109 4,3442
4,8272 4,8610
5,3802 5,4140
606 21:06:21
4,6114 4,6441
4,3112 4,3442
4,8273 4,8609
5,3799 5,4138
607 21:07:21
4,6114 4,6441
4,3108 4,3442
4,8275 4,8609
5,3799 5,4138
608 21:08:21
4,6114 4,6442
4,3108 4,3442
4,8275 4,8610
5,3798 5,4134
609 21:09:21
4,6119 4,6442
4,3117 4,3440
4,8280 4,8610
5,3805 5,4140
610 21:10:20
4,6120 4,6443
4,3118 4,3441
4,8275 4,8605
5,3802 5,4137
611 21:11:20
4,6120 4,6443
4,3118 4,3441
4,8276 4,8606
5,3806 5,4141
612 21:12:21
4,6120 4,6443
4,3114 4,3441
4,8276 4,8606
5,3805 5,4140
613 21:13:21
4,6115 4,6438
4,3110 4,3438
4,8271 4,8601
5,3800 5,4135
614 21:14:21
4,6115 4,6438
4,3114 4,3438
4,8273 4,8606
5,3800 5,4135
615 21:15:21
4,6107 4,6433
4,3109 4,3441
4,8262 4,8600
5,3791 5,4129
616 21:16:21
4,6104 4,6436
4,3102 4,3440
4,8263 4,8603
5,3786 5,4131
617 21:17:20
4,6104 4,6436
4,3102 4,3440
4,8263 4,8603
5,3786 5,4131
618 21:18:20
4,6116 4,6439
4,3118 4,3444
4,8278 4,8613
5,3801 5,4136
619 21:19:20
4,6106 4,6431
4,3105 4,3437
4,8266 4,8604
5,3789 5,4126
620 21:20:21
4,6107 4,6435
4,3109 4,3439
4,8267 4,8608
5,3790 5,4131
621 21:21:21
4,6107 4,6435
4,3105 4,3439
4,8271 4,8607
5,3789 5,4124
622 21:22:21
4,6107 4,6435
4,3105 4,3439
4,8271 4,8607
5,3789 5,4124
623 21:23:21
4,6097 4,6429
4,3099 4,3437
4,8257 4,8602
5,3779 5,4123
624 21:24:20
4,6093 4,6427
4,3092 4,3432
4,8247 4,8593
5,3773 5,4114
625 21:25:20
4,6092 4,6427
4,3091 4,3432
4,8248 4,8595
5,3773 5,4116
626 21:26:21
4,6092 4,6428
4,3091 4,3433
4,8247 4,8590
5,3773 5,4117
627 21:27:21
4,6092 4,6428
4,3095 4,3433
4,8246 4,8594
5,3773 5,4123
628 21:28:21
4,6092 4,6428
4,3095 4,3433
4,8247 4,8590
5,3773 5,4123
629 21:29:20
4,6092 4,6428
4,3091 4,3433
4,8246 4,8590
5,3773 5,4123
630 21:30:20
4,6088 4,6438
4,3086 4,3437
4,8241 4,8605
5,3766 5,4135
631 21:31:21
4,6087 4,6436
4,3083 4,3437
4,8248 4,8605
5,3769 5,4127
632 21:32:21
4,6087 4,6436
4,3087 4,3441
4,8248 4,8609
5,3767 5,4132
633 21:33:21
4,6087 4,6436
4,3089 4,3441
4,8248 4,8605
5,3767 5,4132
634 21:34:21
4,6080 4,6436
4,3080 4,3440
4,8239 4,8604
5,3758 5,4131
635 21:35:20
4,6093 4,6430
4,3093 4,3435
4,8253 4,8603
5,3774 5,4125
636 21:36:20
4,6094 4,6430
4,3093 4,3435
4,8253 4,8601
5,3775 5,4125
637 21:37:21
4,6094 4,6430
4,3097 4,3439
4,8253 4,8601
5,3775 5,4125
638 21:38:21
4,6094 4,6430
4,3093 4,3435
4,8254 4,8597
5,3775 5,4125
639 21:39:21
4,6084 4,6440
4,3082 4,3443
4,8242 4,8612
5,3763 5,4136
640 21:40:21
4,6082 4,6439
4,3082 4,3440
4,8242 4,8613
5,3763 5,4137
641 21:41:21
4,6082 4,6439
4,3078 4,3440
4,8242 4,8613
5,3763 5,4137
642 21:42:20
4,6093 4,6428
4,3092 4,3429
4,8258 4,8600
5,3782 5,4130
643 21:43:20
4,6093 4,6428
4,3092 4,3429
4,8258 4,8600
5,3782 5,4130
644 21:44:21
4,6083 4,6439
4,3077 4,3438
4,8247 4,8612
5,3768 5,4141
645 21:45:21
4,6096 4,6432
4,3090 4,3432
4,8256 4,8605
5,3784 5,4134
646 21:46:21
4,6097 4,6432
4,3083 4,3420
4,8258 4,8601
5,3785 5,4134
647 21:47:21
4,6097 4,6433
4,3079 4,3421
4,8256 4,8600
5,3785 5,4135
648 21:48:20
4,6097 4,6433
4,3079 4,3421
4,8256 4,8600
5,3785 5,4135
649 21:49:20
4,6096 4,6431
4,3074 4,3415
4,8257 4,8600
5,3784 5,4133
650 21:50:21
4,6096 4,6430
4,3082 4,3422
4,8250 4,8596
5,3777 5,4124
651 21:51:21
4,6096 4,6430
4,3081 4,3418
4,8256 4,8597
5,3777 5,4124
652 21:52:21
4,6095 4,6427
4,3084 4,3419
4,8265 4,8604
5,3777 5,4121
653 21:53:20
4,6094 4,6426
4,3089 4,3427
4,8264 4,8603
5,3775 5,4121
654 21:54:20
4,6093 4,6425
4,3092 4,3426
4,8263 4,8605
5,3775 5,4119
655 21:55:21
4,6094 4,6424
4,3093 4,3425
4,8269 4,8606
5,3769 5,4111
656 21:56:21
4,6096 4,6429
4,3099 4,3435
4,8272 4,8613
5,3773 5,4119
657 21:57:20
4,6094 4,6426
4,3097 4,3435
4,8269 4,8607
5,3770 5,4114
658 21:58:20
4,6092 4,6424
4,3098 4,3433
4,8271 4,8611
5,3773 5,4115
659 21:59:20
4,6090 4,6423
4,3097 4,3432
4,8270 4,8610
5,3777 5,4124
660 22:00:21
4,6093 4,6429
4,3095 4,3437
4,8266 4,8610
5,3774 5,4124
661 22:01:21
4,6092 4,6427
4,3087 4,3428
4,8273 4,8616
5,3775 5,4124
662 22:02:21
4,6092 4,6427
4,3087 4,3428
4,8278 4,8621
5,3773 5,4122
663 22:03:20
4,6093 4,6427
4,3088 4,3428
4,8277 4,8619
5,3780 5,4127
664 22:04:20
4,6095 4,6430
4,3089 4,3430
4,8275 4,8623
5,3784 5,4132
665 22:05:21
4,6094 4,6429
4,3092 4,3430
4,8280 4,8623
5,3777 5,4125
666 22:06:21
4,6094 4,6430
4,3084 4,3426
4,8273 4,8617
5,3775 5,4125
667 22:07:21
4,6091 4,6427
4,3086 4,3428
4,8271 4,8620
5,3772 5,4122
668 22:08:20
4,6091 4,6427
4,3086 4,3424
4,8271 4,8620
5,3771 5,4114
669 22:09:20
4,6093 4,6427
4,3086 4,3423
4,8272 4,8614
5,3768 5,4113
670 22:10:21
4,6093 4,6429
4,3083 4,3424
4,8273 4,8622
5,3768 5,4118
671 22:11:21
4,6093 4,6429
4,3084 4,3422
4,8272 4,8616
5,3768 5,4118
672 22:12:21
4,6093 4,6429
4,3084 4,3424
4,8272 4,8616
5,3768 5,4118
673 22:13:21
4,6082 4,6437
4,3078 4,3434
4,8251 4,8615
5,3750 5,4122
674 22:14:21
4,6092 4,6430
4,3082 4,3425
4,8262 4,8607
5,3766 5,4120
675 22:15:20
4,6094 4,6430
4,3088 4,3429
4,8263 4,8607
5,3769 5,4119
676 22:16:20
4,6094 4,6430
4,3088 4,3429
4,8263 4,8607
5,3769 5,4119
677 22:17:20
4,6084 4,6436
4,3074 4,3431
4,8253 4,8614
5,3756 5,4125
678 22:18:21
4,6084 4,6435
4,3076 4,3432
4,8255 4,8614
5,3758 5,4125
679 22:19:21
4,6083 4,6434
4,3079 4,3431
4,8253 4,8617
5,3763 5,4124
680 22:20:21
4,6084 4,6436
4,3074 4,3431
4,8252 4,8618
5,3764 5,4132
681 22:21:20
4,6082 4,6436
4,3072 4,3431
4,8251 4,8614
5,3760 5,4131
682 22:22:20
4,6084 4,6436
4,3078 4,3431
4,8252 4,8618
5,3768 5,4132
683 22:23:20
4,6093 4,6429
4,3087 4,3424
4,8262 4,8606
5,3780 5,4123
684 22:24:21
4,6085 4,6437
4,3079 4,3432
4,8254 4,8619
5,3769 5,4140
685 22:25:21
4,6079 4,6437
4,3075 4,3433
4,8253 4,8620
5,3759 5,4132
686 22:26:21
4,6090 4,6426
4,3085 4,3423
4,8265 4,8608
5,3771 5,4121
687 22:27:20
4,6078 4,6436
4,3074 4,3432
4,8252 4,8619
5,3756 5,4131
688 22:28:20
4,6083 4,6420
4,3078 4,3417
4,8257 4,8597
5,3769 5,4112
689 22:29:20
4,6083 4,6419
4,3078 4,3420
4,8256 4,8600
5,3768 5,4111
690 22:30:21
4,6089 4,6425
4,3088 4,3426
4,8256 4,8600
5,3769 5,4123
691 22:31:21
4,6089 4,6425
4,3088 4,3426
4,8259 4,8602
5,3775 5,4119
692 22:32:21
4,6076 4,6433
4,3076 4,3433
4,8245 4,8611
5,3762 5,4136
693 22:33:21
4,6087 4,6423
4,3090 4,3428
4,8257 4,8600
5,3773 5,4116
694 22:34:21
4,6086 4,6422
4,3085 4,3427
4,8256 4,8599
5,3772 5,4122
695 22:35:21
4,6086 4,6422
4,3085 4,3425
4,8250 4,8598
5,3772 5,4122
696 22:36:21
4,6086 4,6422
4,3085 4,3427
4,8252 4,8599
5,3772 5,4122
697 22:37:20
4,6088 4,6424
4,3083 4,3425
4,8252 4,8600
5,3772 5,4117
698 22:38:20
4,6088 4,6424
4,3083 4,3421
4,8258 4,8601
5,3768 5,4118
699 22:39:21
4,6085 4,6423
4,3080 4,3424
4,8255 4,8600
5,3765 5,4117
700 22:40:21
4,6085 4,6421
4,3076 4,3417
4,8255 4,8598
5,3765 5,4115
701 22:41:21
4,6084 4,6420
4,3079 4,3421
4,8253 4,8602
5,3764 5,4114
702 22:42:21
4,6071 4,6433
4,3067 4,3433
4,8239 4,8615
5,3749 5,4129
703 22:43:20
4,6072 4,6434
4,3072 4,3434
4,8240 4,8616
5,3756 5,4136
704 22:44:20
4,6083 4,6418
4,3078 4,3419
4,8252 4,8600
5,3765 5,4117
705 22:45:21
4,6081 4,6417
4,3081 4,3419
4,8250 4,8599
5,3760 5,4110
706 22:46:21
4,6082 4,6418
4,3081 4,3423
4,8255 4,8599
5,3763 5,4117
707 22:47:21
4,6080 4,6417
4,3079 4,3422
4,8255 4,8600
5,3760 5,4118
708 22:48:20
4,6082 4,6419
4,3081 4,3424
4,8257 4,8602
5,3762 5,4114
709 22:49:20
4,6082 4,6422
4,3081 4,3427
4,8253 4,8603
5,3760 5,4121
710 22:50:21
4,6071 4,6434
4,3072 4,3440
4,8240 4,8619
5,3746 5,4139
711 22:51:21
4,6073 4,6436
4,3073 4,3440
4,8243 4,8620
5,3751 5,4132
712 22:52:21
4,6074 4,6436
4,3074 4,3440
4,8242 4,8618
5,3752 5,4132
713 22:53:21
4,6074 4,6435
4,3074 4,3439
4,8244 4,8619
5,3752 5,4131
714 22:54:21
4,6069 4,6434
4,3069 4,3438
4,8243 4,8617
5,3745 5,4130
715 22:55:21
4,6073 4,6433
4,3073 4,3437
4,8247 4,8616
5,3751 5,4129
716 22:56:20
4,6058 4,6450
4,3059 4,3453
4,8231 4,8634
5,3735 5,4147
717 22:58:33
4,6062 4,6443
4,3066 4,3447
4,8236 4,8626
5,3738 5,4141
718 22:59:20
4,6058 4,6445
4,3059 4,3448
4,8232 4,8629
5,3735 5,4142
719 23:00:20
4,6036 4,6451
4,3025 4,3453
4,8157 4,8671
5,3698 5,4163
720 23:01:21
4,6036 4,6452
4,3023 4,3453
4,8157 4,8671
5,3700 5,4163
721 23:02:21
4,6016 4,6457
4,2995 4,3456
4,8112 4,8712
5,3682 5,4168
722 23:03:21
4,6024 4,6456
4,3003 4,3455
4,8097 4,8686
5,3676 5,4165
723 23:04:21
4,6024 4,6456
4,3003 4,3455
4,8099 4,8685
5,3676 5,4165
724 23:05:20
4,6024 4,6456
4,3013 4,3458
4,8099 4,8685
5,3676 5,4165
725 23:06:20
4,6024 4,6456
4,3015 4,3455
4,8114 4,8682
5,3687 5,4154
726 23:07:20
4,6023 4,6457
4,3014 4,3460
4,8118 4,8676
5,3694 5,4167
727 23:08:21
4,6019 4,6461
4,3014 4,3464
4,8119 4,8685
5,3690 5,4172
728 23:09:21
4,6019 4,6461
4,3014 4,3464
4,8119 4,8675
5,3690 5,4172
729 23:10:21
4,6024 4,6456
4,3019 4,3463
4,8129 4,8675
5,3695 5,4167
730 23:11:21
4,6024 4,6456
4,3019 4,3459
4,8144 4,8680
5,3695 5,4167
731 23:12:21
4,6013 4,6467
4,3009 4,3473
4,8133 4,8691
5,3683 5,4179
732 23:13:20
4,6013 4,6467
4,3009 4,3469
4,8133 4,8695
5,3683 5,4179
733 23:14:20
4,6013 4,6467
4,3005 4,3469
4,8143 4,8691
5,3683 5,4179
734 23:15:20
4,6013 4,6467
4,3005 4,3469
4,8144 4,8697
5,3683 5,4179
735 23:16:21
4,6013 4,6467
4,3005 4,3469
4,8143 4,8691
5,3651 5,4178
736 23:17:21
4,6013 4,6467
4,3005 4,3469
4,8134 4,8687
5,3664 5,4171
737 23:18:21
4,6013 4,6467
4,3005 4,3469
4,8138 4,8696
5,3664 5,4171
738 23:19:21
4,6013 4,6467
4,3005 4,3469
4,8139 4,8692
5,3664 5,4171
739 23:20:20
4,6013 4,6467
4,3005 4,3469
4,8139 4,8692
5,3664 5,4171
740 23:21:20
4,5997 4,6483
4,2990 4,3484
4,8121 4,8703
5,3645 5,4190
741 23:22:21
4,5996 4,6482
4,2989 4,3483
4,8115 4,8697
5,3644 5,4189
742 23:23:21
4,5994 4,6480
4,2987 4,3481
4,8113 4,8689
5,3642 5,4188
743 23:24:20
4,5993 4,6479
4,2986 4,3480
4,8112 4,8688
5,3659 5,4198
744 23:25:20
4,5994 4,6480
4,2987 4,3481
4,8114 4,8687
5,3660 5,4199
745 23:26:21
4,5988 4,6492
4,2980 4,3491
4,8106 4,8702
5,3654 5,4214
746 23:27:21
4,5988 4,6492
4,2980 4,3491
4,8106 4,8702
5,3654 5,4208
747 23:28:20
4,6013 4,6467
4,3005 4,3469
4,8128 4,8666
5,3683 5,4179
748 23:29:20
4,6013 4,6467
4,3005 4,3469
4,8133 4,8691
5,3683 5,4179
749 23:30:21
4,5988 4,6492
4,2980 4,3491
4,8111 4,8717
5,3654 5,4208
750 23:31:21
4,5948 4,6529
4,2944 4,3527
4,8077 4,8758
5,3608 5,4246
751 23:32:21
4,5988 4,6489
4,2981 4,3490
4,8153 4,8685
5,3654 5,4205
752 23:33:20
4,5994 4,6480
4,2987 4,3481
4,8154 4,8675
5,3660 5,4193
753 23:34:20
4,5996 4,6478
4,2989 4,3479
4,8160 4,8682
5,3662 5,4191
Connection error x5
