#======================
2023-3-10
# 1.EUR, 2.USD, 3.CHF, 4.GBP
Sell Price, Buy Price
1 09:02
4,6643 4,6969
4,4019 4,4344
4,7306 4,7640
5,2657 5,2994
2 09:03
4,6638 4,6964
4,4027 4,4352
4,7308 4,7642
5,2657 5,2994
3 09:04
4,6637 4,6963
4,4036 4,4361
4,7309 4,7643
5,2652 5,2989
4 09:05
4,6664 4,6990
4,4080 4,4405
4,7346 4,7680
5,2688 5,3025
5 09:06
4,6657 4,6982
4,4072 4,4397
4,7350 4,7687
5,2678 5,3015
6 09:07
4,6661 4,6986
4,4077 4,4402
4,7354 4,7691
5,2688 5,3025
7 09:08
4,6664 4,6989
4,4082 4,4407
4,7347 4,7684
5,2692 5,3029
8 09:09
4,6665 4,6990
4,4094 4,4419
4,7357 4,7694
5,2696 5,3033
9 09:10
4,6670 4,6995
4,4107 4,4432
4,7382 4,7719
5,2698 5,3035
10 09:11
4,6684 4,7010
4,4116 4,4441
4,7402 4,7734
5,2709 5,3046
11 09:12
4,6684 4,7010
4,4114 4,4439
4,7396 4,7728
5,2705 5,3042
12 09:13
4,6688 4,7014
4,4118 4,4443
4,7412 4,7744
5,2710 5,3047
13 09:14
4,6687 4,7013
4,4100 4,4425
4,7419 4,7751
5,2703 5,3040
14 09:15
4,6686 4,7012
4,4106 4,4431
4,7424 4,7756
5,2702 5,3039
15 09:16
4,6703 4,7029
4,4145 4,4470
4,7432 4,7768
5,2712 5,3049
16 09:17
4,6708 4,7034
4,4147 4,4472
4,7436 4,7772
5,2711 5,3048
17 09:18
4,6725 4,7051
4,4172 4,4497
4,7447 4,7783
5,2732 5,3069
18 09:19
4,6721 4,7047
4,4159 4,4484
4,7448 4,7784
5,2724 5,3061
19 09:20
4,6713 4,7039
4,4157 4,4482
4,7439 4,7775
5,2715 5,3052
20 09:21
4,6711 4,7036
4,4156 4,4481
4,7433 4,7770
5,2721 5,3058
21 09:22
4,6716 4,7041
4,4161 4,4486
4,7438 4,7775
5,2727 5,3064
22 09:23
4,6705 4,7030
4,4161 4,4486
4,7439 4,7776
5,2717 5,3054
23 09:24
4,6704 4,7029
4,4163 4,4488
4,7421 4,7758
5,2711 5,3048
24 09:25
4,6697 4,7022
4,4155 4,4480
4,7405 4,7742
5,2699 5,3036
25 09:26
4,6715 4,7041
4,4173 4,4498
4,7432 4,7766
5,2722 5,3059
26 09:27
4,6728 4,7054
4,4176 4,4501
4,7435 4,7769
5,2734 5,3071
27 09:28
4,6729 4,7055
4,4173 4,4498
4,7432 4,7766
5,2741 5,3078
28 09:29
4,6727 4,7053
4,4171 4,4496
4,7427 4,7761
5,2748 5,3085
29 09:30
4,6724 4,7050
4,4164 4,4489
4,7419 4,7753
5,2739 5,3076
30 09:31
4,6727 4,7052
4,4157 4,4482
4,7408 4,7744
5,2733 5,3070
31 09:32
4,6725 4,7050
4,4161 4,4486
4,7393 4,7729
5,2727 5,3064
32 09:33
4,6716 4,7041
4,4144 4,4469
4,7374 4,7710
5,2725 5,3062
33 09:34
4,6715 4,7040
4,4127 4,4452
4,7371 4,7707
5,2717 5,3054
34 09:35
4,6718 4,7043
4,4125 4,4450
4,7377 4,7713
5,2724 5,3061
35 09:36
4,6717 4,7043
4,4135 4,4460
4,7362 4,7697
5,2719 5,3056
36 09:37
4,6700 4,7026
4,4119 4,4444
4,7356 4,7691
5,2720 5,3057
37 09:38
4,6681 4,7007
4,4092 4,4417
4,7338 4,7673
5,2682 5,3019
38 09:39
4,6686 4,7012
4,4095 4,4420
4,7339 4,7674
5,2687 5,3024
39 09:40
4,6665 4,6991
4,4064 4,4389
4,7317 4,7652
5,2675 5,3012
40 09:41
4,6665 4,6991
4,4067 4,4392
4,7321 4,7655
5,2681 5,3018
41 09:42
4,6658 4,6984
4,4050 4,4375
4,7312 4,7646
5,2664 5,3001
42 09:43
4,6654 4,6980
4,4031 4,4356
4,7311 4,7645
5,2656 5,2993
43 09:44
4,6642 4,6968
4,4011 4,4336
4,7304 4,7638
5,2646 5,2983
44 09:45
4,6652 4,6978
4,4021 4,4346
4,7307 4,7641
5,2648 5,2985
45 09:46
4,6652 4,6978
4,4023 4,4348
4,7309 4,7645
5,2655 5,2992
46 09:47
4,6654 4,6980
4,4025 4,4350
4,7316 4,7652
5,2648 5,2985
47 09:48
4,6658 4,6984
4,4031 4,4356
4,7312 4,7648
5,2651 5,2988
48 09:49
4,6655 4,6981
4,4030 4,4355
4,7311 4,7647
5,2639 5,2976
49 09:50
4,6655 4,6981
4,4033 4,4358
4,7313 4,7649
5,2642 5,2979
50 09:51
4,6660 4,6985
4,4035 4,4360
4,7327 4,7659
5,2643 5,2980
51 09:52
4,6660 4,6985
4,4040 4,4365
4,7325 4,7657
5,2642 5,2979
52 09:53
4,6659 4,6984
4,4040 4,4365
4,7328 4,7660
5,2632 5,2969
53 09:54
4,6661 4,6986
4,4042 4,4367
4,7335 4,7667
5,2635 5,2972
54 09:55
4,6667 4,6992
4,4046 4,4371
4,7341 4,7673
5,2634 5,2971
55 09:56
4,6674 4,7000
4,4050 4,4375
4,7348 4,7680
5,2640 5,2977
56 09:57
4,6676 4,7002
4,4054 4,4379
4,7340 4,7672
5,2639 5,2976
57 09:58
4,6675 4,7001
4,4053 4,4378
4,7339 4,7671
5,2639 5,2976
58 09:59
4,6676 4,7002
4,4065 4,4390
4,7343 4,7675
5,2649 5,2986
59 10:00
4,6677 4,7003
4,4070 4,4395
4,7336 4,7668
5,2638 5,2975
60 10:01
4,6668 4,6993
4,4057 4,4382
4,7336 4,7670
5,2627 5,2964
61 10:02
4,6664 4,6989
4,4055 4,4380
4,7346 4,7680
5,2626 5,2963
62 10:03
4,6665 4,6990
4,4046 4,4371
4,7338 4,7672
5,2627 5,2964
63 10:04
4,6669 4,6994
4,4047 4,4372
4,7337 4,7671
5,2622 5,2959
64 10:05
4,6672 4,6997
4,4053 4,4378
4,7346 4,7680
5,2636 5,2973
65 10:06
4,6673 4,6998
4,4054 4,4379
4,7348 4,7680
5,2637 5,2974
66 10:07
4,6679 4,7004
4,4061 4,4386
4,7357 4,7689
5,2648 5,2985
67 10:08
4,6679 4,7004
4,4057 4,4382
4,7370 4,7702
5,2657 5,2994
68 10:09
4,6678 4,7003
4,4050 4,4375
4,7371 4,7703
5,2678 5,3015
69 10:10
4,6679 4,7004
4,4049 4,4374
4,7384 4,7716
5,2683 5,3020
70 10:11
4,6677 4,7002
4,4047 4,4372
4,7395 4,7732
5,2683 5,3020
71 10:12
4,6679 4,7004
4,4059 4,4384
4,7391 4,7728
5,2678 5,3015
72 10:13
4,6679 4,7004
4,4055 4,4380
4,7392 4,7729
5,2672 5,3009
73 10:14
4,6682 4,7007
4,4052 4,4377
4,7394 4,7731
5,2673 5,3010
74 10:15
4,6679 4,7004
4,4049 4,4374
4,7387 4,7724
5,2679 5,3016
75 10:16
4,6678 4,7004
4,4050 4,4375
4,7388 4,7721
5,2675 5,3012
76 10:17
4,6678 4,7004
4,4052 4,4377
4,7388 4,7721
5,2663 5,3000
77 10:18
4,6678 4,7004
4,4054 4,4379
4,7391 4,7724
5,2677 5,3014
78 10:19
4,6683 4,7009
4,4061 4,4386
4,7396 4,7729
5,2686 5,3023
79 10:20
4,6678 4,7004
4,4056 4,4381
4,7386 4,7719
5,2687 5,3024
80 10:21
4,6680 4,7006
4,4070 4,4395
4,7388 4,7725
5,2680 5,3017
81 10:22
4,6679 4,7005
4,4072 4,4397
4,7389 4,7726
5,2703 5,3040
82 10:23
4,6682 4,7008
4,4091 4,4416
4,7402 4,7739
5,2706 5,3043
83 10:24
4,6685 4,7011
4,4096 4,4421
4,7400 4,7737
5,2709 5,3046
84 10:25
4,6685 4,7011
4,4100 4,4425
4,7403 4,7740
5,2710 5,3047
85 10:26
4,6687 4,7012
4,4110 4,4435
4,7410 4,7742
5,2731 5,3068
86 10:27
4,6689 4,7014
4,4104 4,4429
4,7423 4,7755
5,2732 5,3069
87 10:28
4,6689 4,7014
4,4096 4,4421
4,7412 4,7744
5,2729 5,3066
88 10:29
4,6687 4,7012
4,4092 4,4417
4,7400 4,7732
5,2727 5,3064
89 10:30
4,6683 4,7008
4,4088 4,4413
4,7396 4,7728
5,2728 5,3065
90 10:31
4,6684 4,7010
4,4072 4,4397
4,7395 4,7727
5,2728 5,3066
91 10:32
4,6684 4,7010
4,4078 4,4403
4,7392 4,7724
5,2729 5,3067
92 10:33
4,6682 4,7008
4,4066 4,4391
4,7391 4,7723
5,2718 5,3056
93 10:34
4,6672 4,6998
4,4053 4,4378
4,7375 4,7707
5,2710 5,3048
94 10:35
4,6667 4,6993
4,4040 4,4365
4,7367 4,7699
5,2723 5,3061
95 10:36
4,6668 4,6994
4,4044 4,4369
4,7371 4,7707
5,2726 5,3063
96 10:37
4,6669 4,6995
4,4047 4,4372
4,7372 4,7708
5,2728 5,3065
97 10:38
4,6670 4,6996
4,4048 4,4373
4,7381 4,7717
5,2750 5,3087
98 10:39
4,6671 4,6997
4,4049 4,4374
4,7395 4,7731
5,2753 5,3090
99 10:40
4,6676 4,7002
4,4073 4,4398
4,7401 4,7737
5,2765 5,3102
100 10:41
4,6675 4,7001
4,4072 4,4397
4,7406 4,7741
5,2779 5,3117
101 10:42
4,6668 4,6994
4,4055 4,4380
4,7389 4,7724
5,2789 5,3127
102 10:43
4,6663 4,6989
4,4056 4,4381
4,7386 4,7721
5,2782 5,3120
103 10:44
4,6663 4,6989
4,4063 4,4388
4,7385 4,7720
5,2780 5,3118
104 10:45
4,6667 4,6993
4,4062 4,4387
4,7388 4,7723
5,2794 5,3132
105 10:46
4,6668 4,6994
4,4068 4,4393
4,7398 4,7735
5,2805 5,3142
106 10:47
4,6666 4,6992
4,4049 4,4374
4,7388 4,7725
5,2830 5,3167
107 10:48
4,6663 4,6989
4,4042 4,4367
4,7380 4,7717
5,2843 5,3180
108 10:49
4,6661 4,6987
4,4042 4,4367
4,7376 4,7713
5,2826 5,3163
109 10:50
4,6662 4,6988
4,4043 4,4368
4,7366 4,7703
5,2839 5,3176
110 10:51
4,6663 4,6989
4,4040 4,4365
4,7376 4,7708
5,2856 5,3193
111 10:52
4,6658 4,6984
4,4033 4,4358
4,7365 4,7697
5,2860 5,3197
112 10:53
4,6656 4,6982
4,4033 4,4358
4,7359 4,7691
5,2836 5,3173
113 10:54
4,6659 4,6985
4,4046 4,4371
4,7366 4,7698
5,2827 5,3164
114 10:55
4,6659 4,6985
4,4055 4,4380
4,7372 4,7704
5,2843 5,3180
115 10:56
4,6658 4,6984
4,4075 4,4400
4,7381 4,7715
5,2842 5,3181
116 10:57
4,6659 4,6985
4,4084 4,4409
4,7384 4,7718
5,2849 5,3188
117 10:58
4,6654 4,6980
4,4092 4,4417
4,7396 4,7730
5,2856 5,3195
118 10:59
4,6646 4,6972
4,4080 4,4405
4,7381 4,7715
5,2865 5,3204
119 11:00
4,6642 4,6968
4,4082 4,4407
4,7370 4,7704
5,2864 5,3203
120 11:01
4,6636 4,6962
4,4073 4,4398
4,7363 4,7695
5,2852 5,3190
121 11:02
4,6635 4,6961
4,4072 4,4397
4,7357 4,7689
5,2848 5,3186
122 11:03
4,6638 4,6964
4,4060 4,4385
4,7359 4,7691
5,2842 5,3180
123 11:04
4,6644 4,6970
4,4066 4,4391
4,7366 4,7698
5,2841 5,3179
124 11:05
4,6642 4,6968
4,4059 4,4384
4,7361 4,7693
5,2832 5,3170
125 11:06
4,6642 4,6968
4,4055 4,4380
4,7350 4,7685
5,2814 5,3151
126 11:07
4,6641 4,6967
4,4048 4,4373
4,7350 4,7685
5,2808 5,3145
127 11:08
4,6641 4,6967
4,4048 4,4373
4,7346 4,7681
5,2794 5,3131
128 11:09
4,6641 4,6967
4,4046 4,4371
4,7354 4,7689
5,2806 5,3143
129 11:10
4,6641 4,6967
4,4044 4,4369
4,7352 4,7687
5,2806 5,3143
130 11:11
4,6629 4,6955
4,4031 4,4356
4,7340 4,7677
5,2775 5,3112
131 11:12
4,6622 4,6948
4,4016 4,4341
4,7319 4,7656
5,2762 5,3099
132 11:13
4,6621 4,6947
4,4013 4,4338
4,7314 4,7651
5,2755 5,3092
133 11:14
4,6624 4,6950
4,4024 4,4349
4,7317 4,7654
5,2749 5,3086
134 11:15
4,6622 4,6948
4,4024 4,4349
4,7310 4,7647
5,2749 5,3086
135 11:16
4,6629 4,6955
4,4020 4,4345
4,7321 4,7656
5,2751 5,3088
136 11:17
4,6634 4,6960
4,4025 4,4350
4,7318 4,7653
5,2756 5,3093
137 11:18
4,6636 4,6962
4,4025 4,4350
4,7318 4,7653
5,2759 5,3096
138 12:22
4,6651 4,6976
4,4047 4,4372
4,7420 4,7757
5,2777 5,3114
139 12:23
4,6645 4,6970
4,4033 4,4358
4,7414 4,7751
5,2762 5,3099
140 12:24
4,6647 4,6972
4,4037 4,4362
4,7416 4,7753
5,2759 5,3096
141 12:25
4,6648 4,6973
4,4045 4,4370
4,7425 4,7762
5,2766 5,3103
142 12:26
4,6647 4,6972
4,4035 4,4360
4,7436 4,7770
5,2773 5,3109
143 12:27
4,6648 4,6973
4,4040 4,4365
4,7440 4,7774
5,2771 5,3107
144 12:28
4,6644 4,6969
4,4032 4,4357
4,7432 4,7766
5,2770 5,3106
145 12:29
4,6643 4,6968
4,4027 4,4352
4,7433 4,7767
5,2784 5,3120
146 12:30
4,6633 4,6958
4,4015 4,4340
4,7434 4,7768
5,2775 5,3111
147 12:31
4,6633 4,6958
4,4001 4,4326
4,7431 4,7763
5,2793 5,3130
148 12:32
4,6626 4,6951
4,4005 4,4330
4,7435 4,7767
5,2784 5,3121
149 12:33
4,6626 4,6951
4,4001 4,4326
4,7436 4,7768
5,2803 5,3140
150 12:34
4,6628 4,6953
4,4006 4,4331
4,7430 4,7762
5,2791 5,3128
151 12:35
4,6625 4,6950
4,4000 4,4325
4,7440 4,7772
5,2797 5,3134
152 12:36
4,6627 4,6953
4,3997 4,4322
4,7432 4,7766
5,2785 5,3122
153 12:37
4,6625 4,6951
4,3992 4,4317
4,7426 4,7760
5,2784 5,3121
154 12:38
4,6605 4,6931
4,3970 4,4295
4,7408 4,7742
5,2769 5,3106
155 12:39
4,6600 4,6926
4,3970 4,4295
4,7409 4,7743
5,2764 5,3101
156 12:40
4,6602 4,6928
4,3968 4,4293
4,7411 4,7745
5,2765 5,3102
157 12:41
4,6604 4,6930
4,3976 4,4301
4,7417 4,7751
5,2781 5,3118
158 12:42
4,6601 4,6927
4,3979 4,4304
4,7429 4,7763
5,2792 5,3129
159 12:43
4,6602 4,6928
4,3978 4,4303
4,7430 4,7764
5,2795 5,3132
160 12:44
4,6603 4,6929
4,3974 4,4299
4,7426 4,7760
5,2793 5,3130
161 12:45
4,6603 4,6929
4,3987 4,4312
4,7416 4,7750
5,2807 5,3144
162 12:46
4,6603 4,6928
4,3989 4,4314
4,7421 4,7753
5,2810 5,3147
163 12:47
4,6603 4,6928
4,3987 4,4312
4,7422 4,7754
5,2807 5,3144
164 12:48
4,6604 4,6929
4,3994 4,4319
4,7425 4,7757
5,2814 5,3151
165 12:49
4,6605 4,6930
4,3999 4,4324
4,7424 4,7756
5,2821 5,3158
166 12:50
4,6601 4,6926
4,3994 4,4319
4,7436 4,7768
5,2813 5,3150
167 12:51
4,6601 4,6926
4,3992 4,4317
4,7429 4,7763
5,2807 5,3144
168 12:52
4,6608 4,6933
4,4000 4,4325
4,7430 4,7764
5,2827 5,3164
169 12:53
4,6611 4,6936
4,4006 4,4331
4,7439 4,7773
5,2834 5,3171
170 12:54
4,6613 4,6938
4,4018 4,4343
4,7446 4,7780
5,2837 5,3174
171 12:55
4,6614 4,6939
4,4014 4,4339
4,7449 4,7783
5,2851 5,3188
172 12:56
4,6614 4,6939
4,4020 4,4345
4,7454 4,7788
5,2846 5,3183
173 12:57
4,6609 4,6934
4,4024 4,4349
4,7459 4,7793
5,2843 5,3180
174 12:58
4,6615 4,6940
4,4032 4,4357
4,7447 4,7781
5,2829 5,3166
175 12:59
4,6624 4,6949
4,4030 4,4355
4,7454 4,7788
5,2835 5,3172
176 13:00
4,6621 4,6946
4,4027 4,4352
4,7451 4,7785
5,2824 5,3161
177 13:01
4,6626 4,6952
4,4044 4,4369
4,7454 4,7791
5,2824 5,3161
178 13:02
4,6626 4,6952
4,4045 4,4370
4,7445 4,7782
5,2823 5,3160
179 13:03
4,6631 4,6957
4,4049 4,4374
4,7438 4,7775
5,2820 5,3157
180 13:04
4,6634 4,6960
4,4054 4,4379
4,7439 4,7776
5,2817 5,3154
181 13:05
4,6636 4,6962
4,4060 4,4385
4,7431 4,7768
5,2816 5,3153
182 13:06
4,6632 4,6957
4,4052 4,4377
4,7426 4,7760
5,2814 5,3151
183 13:07
4,6632 4,6957
4,4063 4,4388
4,7424 4,7758
5,2818 5,3155
184 13:08
4,6632 4,6957
4,4071 4,4396
4,7397 4,7731
5,2815 5,3152
185 13:09
4,6634 4,6959
4,4075 4,4400
4,7399 4,7733
5,2821 5,3158
186 13:10
4,6635 4,6960
4,4078 4,4403
4,7402 4,7736
5,2823 5,3160
187 13:11
4,6634 4,6959
4,4077 4,4402
4,7406 4,7740
5,2808 5,3145
188 13:12
4,6621 4,6946
4,4054 4,4379
4,7390 4,7724
5,2809 5,3146
189 13:13
4,6618 4,6943
4,4051 4,4376
4,7373 4,7707
5,2808 5,3145
190 13:14
4,6618 4,6943
4,4049 4,4374
4,7370 4,7704
5,2805 5,3142
191 13:15
4,6626 4,6951
4,4051 4,4376
4,7386 4,7720
5,2818 5,3155
192 13:16
4,6625 4,6951
4,4046 4,4371
4,7386 4,7718
5,2818 5,3155
193 13:17
4,6625 4,6951
4,4045 4,4370
4,7381 4,7713
5,2786 5,3123
194 13:18
4,6622 4,6948
4,4042 4,4367
4,7383 4,7715
5,2792 5,3129
195 13:19
4,6621 4,6947
4,4033 4,4358
4,7379 4,7711
5,2800 5,3137
196 13:20
4,6626 4,6952
4,4040 4,4365
4,7387 4,7719
5,2799 5,3136
197 13:21
4,6625 4,6950
4,4038 4,4363
4,7391 4,7724
5,2802 5,3139
198 13:22
4,6628 4,6953
4,4046 4,4371
4,7399 4,7732
5,2808 5,3145
199 13:23
4,6633 4,6958
4,4070 4,4395
4,7405 4,7738
5,2816 5,3153
200 13:24
4,6630 4,6955
4,4063 4,4388
4,7402 4,7735
5,2822 5,3159
201 13:25
4,6638 4,6963
4,4054 4,4379
4,7415 4,7748
5,2836 5,3173
202 13:26
4,6645 4,6971
4,4056 4,4381
4,7430 4,7767
5,2821 5,3158
203 13:27
4,6647 4,6973
4,4058 4,4383
4,7447 4,7784
5,2807 5,3144
204 13:28
4,6647 4,6973
4,4058 4,4383
4,7445 4,7782
5,2808 5,3145
205 13:29
4,6646 4,6972
4,4063 4,4388
4,7446 4,7783
5,2814 5,3151
206 13:30
4,6646 4,6972
4,4057 4,4382
4,7449 4,7786
5,2807 5,3144
207 13:31
4,6647 4,6972
4,4058 4,4383
4,7452 4,7784
5,2803 5,3141
208 13:32
4,6656 4,6981
4,4069 4,4394
4,7459 4,7791
5,2816 5,3154
209 13:33
4,6647 4,6972
4,4056 4,4381
4,7450 4,7782
5,2815 5,3153
210 13:34
4,6649 4,6974
4,4047 4,4372
4,7459 4,7791
5,2843 5,3181
211 14:11
