#======================
2023-9-18
# 1.EUR, 2.USD, 3.CHF, 4.GBP
Sell Price, Buy Price
1 08:17:21
4,6230 4,6552
4,3295 4,3618
4,8327 4,8655
5,3730 5,4062
2 08:18:21
4,6231 4,6553
4,3301 4,3623
4,8331 4,8659
5,3733 5,4065
3 08:19:21
4,6230 4,6552
4,3302 4,3627
4,8326 4,8655
5,3732 5,4064
4 08:20:20
4,6232 4,6555
4,3305 4,3627
4,8330 4,8658
5,3734 5,4066
5 08:21:20
4,6233 4,6555
4,3304 4,3626
4,8333 4,8661
5,3741 5,4073
6 08:22:21
4,6234 4,6556
4,3309 4,3631
4,8334 4,8662
5,3746 5,4078
7 08:23:21
4,6234 4,6556
4,3312 4,3634
4,8338 4,8666
5,3747 5,4079
8 08:24:20
4,6234 4,6556
4,3308 4,3630
4,8337 4,8665
5,3753 5,4085
9 08:25:20
4,6234 4,6556
4,3311 4,3633
4,8339 4,8667
5,3752 5,4084
10 08:26:20
4,6232 4,6554
4,3318 4,3640
4,8337 4,8665
5,3753 5,4085
11 08:27:21
4,6231 4,6553
4,3315 4,3637
4,8337 4,8665
5,3752 5,4084
12 08:28:22
4,6231 4,6553
4,3321 4,3643
4,8339 4,8667
5,3755 5,4087
13 08:29:20
4,6231 4,6553
4,3323 4,3645
4,8337 4,8665
5,3762 5,4094
14 08:30:21
4,6231 4,6553
4,3325 4,3647
4,8337 4,8665
5,3752 5,4084
15 08:31:21
4,6225 4,6547
4,3326 4,3648
4,8333 4,8661
5,3748 5,4080
16 08:32:23
4,6226 4,6548
4,3329 4,3651
4,8337 4,8665
5,3759 5,4091
17 08:33:21
4,6225 4,6547
4,3332 4,3654
4,8330 4,8658
5,3761 5,4093
18 08:34:21
4,6226 4,6548
4,3335 4,3657
4,8334 4,8662
5,3758 5,4090
19 08:35:20
4,6225 4,6547
4,3338 4,3660
4,8330 4,8658
5,3755 5,4087
20 08:36:20
4,6226 4,6548
4,3337 4,3659
4,8329 4,8657
5,3759 5,4091
21 08:37:21
4,6226 4,6548
4,3335 4,3657
4,8331 4,8659
5,3759 5,4091
22 08:38:21
4,6225 4,6547
4,3338 4,3660
4,8330 4,8658
5,3757 5,4089
23 08:39:21
4,6235 4,6557
4,3347 4,3669
4,8340 4,8668
5,3756 5,4088
24 08:40:20
4,6238 4,6560
4,3355 4,3677
4,8345 4,8673
5,3770 5,4102
25 08:41:21
4,6239 4,6561
4,3355 4,3677
4,8350 4,8678
5,3764 5,4096
26 08:42:21
4,6240 4,6562
4,3352 4,3674
4,8356 4,8684
5,3765 5,4097
27 08:43:21
4,6240 4,6562
4,3356 4,3678
4,8356 4,8684
5,3762 5,4094
28 08:44:20
4,6239 4,6561
4,3347 4,3669
4,8355 4,8683
5,3761 5,4093
29 08:45:20
4,6239 4,6561
4,3345 4,3667
4,8355 4,8683
5,3758 5,4090
30 08:46:20
4,6224 4,6546
4,3334 4,3656
4,8338 4,8666
5,3748 5,4080
31 08:47:21
4,6225 4,6547
4,3334 4,3656
4,8341 4,8669
5,3755 5,4087
32 08:48:21
4,6227 4,6549
4,3344 4,3666
4,8343 4,8671
5,3747 5,4079
33 08:49:20
4,6227 4,6549
4,3346 4,3668
4,8343 4,8671
5,3744 5,4076
34 08:50:20
4,6228 4,6550
4,3351 4,3673
4,8344 4,8672
5,3745 5,4077
35 08:51:21
4,6227 4,6549
4,3348 4,3670
4,8338 4,8666
5,3744 5,4076
36 08:52:21
4,6223 4,6545
4,3343 4,3665
4,8334 4,8662
5,3730 5,4062
37 08:53:21
4,6224 4,6546
4,3342 4,3665
4,8340 4,8668
5,3734 5,4066
38 08:54:20
4,6221 4,6543
4,3331 4,3653
4,8337 4,8665
5,3732 5,4064
39 08:55:20
4,6221 4,6543
4,3334 4,3656
4,8336 4,8664
5,3737 5,4069
40 08:56:21
4,6221 4,6543
4,3341 4,3663
4,8337 4,8665
5,3741 5,4074
41 08:57:21
4,6221 4,6543
4,3343 4,3665
4,8336 4,8664
5,3744 5,4077
42 08:58:21
4,6224 4,6546
4,3360 4,3682
4,8355 4,8683
5,3753 5,4086
43 08:59:20
4,6222 4,6544
4,3358 4,3680
4,8350 4,8678
5,3742 5,4075
44 09:00:20
4,6222 4,6544
4,3364 4,3686
4,8348 4,8676
5,3746 5,4079
45 09:01:21
4,6224 4,6546
4,3358 4,3679
4,8357 4,8685
5,3747 5,4079
46 09:02:21
4,6223 4,6545
4,3360 4,3681
4,8349 4,8677
5,3746 5,4078
47 09:03:21
4,6223 4,6545
4,3352 4,3673
4,8359 4,8687
5,3740 5,4072
48 09:04:21
4,6229 4,6551
4,3357 4,3678
4,8360 4,8688
5,3750 5,4082
49 09:05:20
4,6242 4,6564
4,3367 4,3688
4,8371 4,8699
5,3767 5,4099
50 09:06:21
4,6240 4,6562
4,3366 4,3687
4,8371 4,8699
5,3760 5,4092
51 09:07:21
4,6237 4,6559
4,3359 4,3680
4,8364 4,8692
5,3755 5,4087
52 09:08:21
4,6239 4,6561
4,3365 4,3686
4,8355 4,8683
5,3753 5,4085
53 09:09:20
4,6240 4,6562
4,3371 4,3692
4,8356 4,8684
5,3763 5,4095
54 09:10:20
4,6247 4,6569
4,3376 4,3697
4,8363 4,8691
5,3765 5,4097
55 09:11:21
4,6246 4,6568
4,3381 4,3702
4,8367 4,8695
5,3767 5,4099
56 09:12:21
4,6242 4,6564
4,3377 4,3698
4,8363 4,8691
5,3759 5,4091
57 09:13:21
4,6250 4,6572
4,3385 4,3706
4,8374 4,8702
5,3772 5,4104
58 09:14:20
4,6251 4,6573
4,3388 4,3709
4,8375 4,8703
5,3770 5,4102
59 09:15:20
4,6253 4,6575
4,3387 4,3708
4,8385 4,8713
5,3775 5,4107
60 09:16:21
4,6253 4,6575
4,3386 4,3707
4,8383 4,8711
5,3772 5,4104
61 09:17:21
4,6252 4,6574
4,3383 4,3704
4,8394 4,8722
5,3765 5,4097
62 09:18:21
4,6255 4,6577
4,3392 4,3713
4,8397 4,8725
5,3759 5,4091
63 09:19:21
4,6254 4,6576
4,3395 4,3716
4,8396 4,8724
5,3758 5,4090
64 09:20:20
4,6257 4,6579
4,3395 4,3716
4,8399 4,8727
5,3761 5,4093
65 09:21:21
4,6258 4,6579
4,3393 4,3714
4,8404 4,8732
5,3767 5,4099
66 09:22:21
4,6261 4,6582
4,3393 4,3714
4,8403 4,8731
5,3767 5,4099
67 09:23:21
4,6264 4,6585
4,3393 4,3714
4,8403 4,8731
5,3777 5,4109
68 09:24:21
4,6265 4,6586
4,3392 4,3713
4,8409 4,8737
5,3780 5,4112
69 09:25:20
4,6265 4,6586
4,3392 4,3713
4,8411 4,8739
5,3778 5,4110
70 09:26:20
4,6265 4,6586
4,3390 4,3711
4,8412 4,8740
5,3785 5,4117
71 09:27:21
4,6293 4,6614
4,3414 4,3735
4,8451 4,8779
5,3814 5,4146
72 09:28:21
4,6292 4,6613
4,3409 4,3730
4,8447 4,8775
5,3813 5,4145
73 09:29:20
4,6298 4,6619
4,3415 4,3736
4,8454 4,8782
5,3815 5,4147
74 09:30:20
4,6300 4,6621
4,3416 4,3737
4,8461 4,8789
5,3819 5,4151
75 09:31:21
4,6299 4,6620
4,3412 4,3733
4,8458 4,8786
5,3819 5,4151
76 09:32:21
4,6298 4,6619
4,3415 4,3736
4,8457 4,8785
5,3815 5,4147
77 09:33:20
4,6297 4,6618
4,3415 4,3736
4,8450 4,8778
5,3812 5,4144
78 09:34:20
4,6296 4,6617
4,3405 4,3726
4,8452 4,8780
5,3812 5,4144
79 09:35:21
4,6271 4,6592
4,3385 4,3706
4,8423 4,8751
5,3789 5,4121
80 09:36:21
4,6277 4,6598
4,3395 4,3716
4,8434 4,8762
5,3792 5,4124
81 09:37:21
4,6286 4,6607
4,3405 4,3726
4,8439 4,8767
5,3803 5,4135
82 09:38:20
4,6283 4,6604
4,3405 4,3726
4,8433 4,8761
5,3803 5,4135
83 09:39:20
4,6283 4,6604
4,3411 4,3732
4,8433 4,8761
5,3800 5,4132
84 09:40:21
4,6294 4,6615
4,3421 4,3742
4,8445 4,8773
5,3819 5,4151
85 09:41:21
4,6287 4,6608
4,3414 4,3735
4,8436 4,8765
5,3806 5,4138
86 09:42:20
4,6291 4,6612
4,3415 4,3736
4,8442 4,8771
5,3810 5,4142
87 09:43:20
4,6292 4,6613
4,3415 4,3736
4,8443 4,8772
5,3804 5,4136
88 09:44:21
4,6288 4,6609
4,3411 4,3732
4,8444 4,8773
5,3799 5,4131
89 09:45:21
4,6294 4,6615
4,3417 4,3738
4,8452 4,8781
5,3800 5,4132
90 09:46:21
4,6293 4,6614
4,3420 4,3741
4,8449 4,8778
5,3799 5,4131
91 09:47:21
4,6298 4,6619
4,3431 4,3752
4,8457 4,8786
5,3802 5,4134
92 09:48:21
4,6298 4,6619
4,3431 4,3752
4,8457 4,8786
5,3805 5,4137
93 09:49:20
4,6289 4,6610
4,3419 4,3740
4,8442 4,8771
5,3794 5,4126
94 09:50:20
4,6292 4,6613
4,3420 4,3741
4,8443 4,8772
5,3798 5,4130
95 09:51:20
4,6288 4,6609
4,3416 4,3737
4,8438 4,8767
5,3784 5,4116
96 09:53:20
4,6285 4,6606
4,3419 4,3740
4,8440 4,8769
5,3771 5,4103
97 09:54:20
4,6303 4,6624
4,3434 4,3755
4,8460 4,8789
5,3795 5,4127
98 09:55:21
4,6303 4,6624
4,3434 4,3755
4,8455 4,8784
5,3791 5,4123
99 09:56:21
4,6303 4,6624
4,3435 4,3756
4,8456 4,8785
5,3790 5,4122
100 09:57:21
4,6302 4,6623
4,3424 4,3745
4,8462 4,8791
5,3784 5,4116
101 09:58:21
4,6302 4,6623
4,3428 4,3749
4,8465 4,8794
5,3784 5,4116
102 09:59:20
4,6299 4,6620
4,3424 4,3745
4,8460 4,8789
5,3787 5,4119
103 10:00:20
4,6298 4,6619
4,3421 4,3742
4,8457 4,8786
5,3783 5,4115
104 10:01:21
4,6298 4,6620
4,3424 4,3745
4,8458 4,8787
5,3781 5,4113
105 10:02:21
4,6299 4,6621
4,3433 4,3754
4,8474 4,8803
5,3788 5,4120
106 10:03:21
4,6301 4,6623
4,3428 4,3749
4,8478 4,8807
5,3787 5,4119
107 10:04:20
4,6295 4,6617
4,3416 4,3737
4,8464 4,8793
5,3780 5,4112
108 10:05:20
4,6296 4,6618
4,3413 4,3734
4,8465 4,8794
5,3781 5,4113
109 10:06:21
4,6297 4,6618
4,3420 4,3741
4,8481 4,8809
5,3779 5,4111
110 10:07:21
4,6298 4,6619
4,3420 4,3741
4,8482 4,8810
5,3776 5,4108
111 10:08:21
4,6298 4,6619
4,3419 4,3740
4,8485 4,8813
5,3772 5,4104
112 10:09:20
4,6298 4,6619
4,3419 4,3740
4,8477 4,8805
5,3767 5,4099
113 10:10:21
4,6293 4,6614
4,3414 4,3735
4,8464 4,8792
5,3760 5,4092
114 10:11:21
4,6293 4,6615
4,3414 4,3735
4,8461 4,8789
5,3760 5,4092
115 10:12:21
4,6290 4,6612
4,3414 4,3735
4,8454 4,8782
5,3759 5,4091
116 10:13:20
4,6292 4,6614
4,3418 4,3739
4,8451 4,8779
5,3761 5,4093
117 10:14:20
4,6290 4,6612
4,3416 4,3737
4,8449 4,8777
5,3737 5,4069
118 10:15:21
4,6284 4,6606
4,3409 4,3730
4,8441 4,8769
5,3731 5,4063
119 10:16:21
4,6282 4,6604
4,3411 4,3732
4,8440 4,8769
5,3731 5,4063
120 10:17:21
4,6276 4,6598
4,3399 4,3720
4,8429 4,8758
5,3725 5,4057
121 10:18:21
4,6275 4,6597
4,3401 4,3722
4,8429 4,8758
5,3733 5,4065
122 10:19:20
4,6267 4,6589
4,3393 4,3714
4,8417 4,8746
5,3720 5,4052
123 10:20:20
4,6259 4,6581
4,3389 4,3710
4,8409 4,8738
5,3713 5,4045
124 10:21:21
4,6266 4,6588
4,3389 4,3710
4,8416 4,8744
5,3715 5,4047
125 10:22:21
4,6262 4,6584
4,3382 4,3703
4,8407 4,8735
5,3710 5,4042
126 10:23:20
4,6269 4,6591
4,3391 4,3712
4,8417 4,8745
5,3722 5,4054
127 10:24:20
4,6269 4,6591
4,3388 4,3709
4,8411 4,8739
5,3720 5,4052
128 10:25:21
4,6272 4,6594
4,3397 4,3718
4,8418 4,8746
5,3725 5,4057
129 10:26:21
4,6274 4,6595
4,3408 4,3729
4,8421 4,8749
5,3739 5,4071
130 10:27:21
4,6270 4,6591
4,3403 4,3724
4,8410 4,8738
5,3726 5,4058
131 10:28:21
4,6271 4,6592
4,3402 4,3723
4,8413 4,8741
5,3730 5,4062
132 10:29:20
4,6267 4,6588
4,3402 4,3723
4,8413 4,8741
5,3731 5,4063
133 10:30:20
4,6270 4,6591
4,3407 4,3728
4,8417 4,8745
5,3747 5,4079
134 10:31:21
4,6256 4,6577
4,3398 4,3719
4,8399 4,8727
5,3727 5,4059
135 10:32:21
4,6255 4,6576
4,3396 4,3717
4,8393 4,8721
5,3726 5,4058
136 10:33:21
4,6256 4,6577
4,3397 4,3718
4,8389 4,8717
5,3726 5,4058
137 10:34:21
4,6251 4,6572
4,3393 4,3714
4,8382 4,8710
5,3725 5,4057
138 10:35:20
4,6240 4,6561
4,3389 4,3710
4,8370 4,8698
5,3715 5,4047
139 10:36:21
4,6239 4,6560
4,3376 4,3697
4,8361 4,8689
5,3708 5,4040
140 10:37:21
4,6235 4,6556
4,3368 4,3689
4,8350 4,8678
5,3694 5,4026
141 10:38:20
4,6233 4,6554
4,3366 4,3687
4,8347 4,8675
5,3694 5,4026
142 10:39:20
4,6229 4,6550
4,3358 4,3679
4,8346 4,8674
5,3700 5,4032
143 10:40:20
4,6226 4,6547
4,3351 4,3672
4,8341 4,8669
5,3687 5,4019
144 10:41:21
4,6220 4,6541
4,3338 4,3659
4,8337 4,8665
5,3673 5,4005
145 10:42:21
4,6225 4,6546
4,3348 4,3669
4,8344 4,8672
5,3685 5,4017
146 10:43:20
4,6226 4,6547
4,3345 4,3666
4,8341 4,8669
5,3684 5,4016
147 10:44:20
4,6226 4,6547
4,3347 4,3668
4,8350 4,8678
5,3680 5,4012
148 10:45:20
4,6227 4,6548
4,3346 4,3667
4,8351 4,8679
5,3684 5,4016
149 10:46:21
4,6226 4,6548
4,3350 4,3671
4,8356 4,8684
5,3682 5,4014
150 10:47:21
4,6224 4,6546
4,3352 4,3673
4,8354 4,8682
5,3685 5,4017
151 10:48:21
4,6224 4,6546
4,3348 4,3669
4,8355 4,8683
5,3682 5,4014
152 10:49:20
4,6225 4,6547
4,3349 4,3670
4,8363 4,8691
5,3686 5,4018
153 10:50:20
4,6226 4,6548
4,3344 4,3665
4,8364 4,8692
5,3687 5,4019
154 10:51:21
4,6222 4,6544
4,3340 4,3661
4,8358 4,8686
5,3683 5,4015
155 10:52:21
4,6216 4,6538
4,3335 4,3656
4,8357 4,8685
5,3677 5,4009
156 10:53:21
4,6222 4,6544
4,3340 4,3661
4,8362 4,8690
5,3683 5,4015
157 10:54:21
4,6222 4,6544
4,3340 4,3661
4,8360 4,8688
5,3680 5,4012
158 10:55:20
4,6223 4,6545
4,3337 4,3658
4,8361 4,8689
5,3681 5,4013
159 10:56:20
4,6218 4,6540
4,3341 4,3662
4,8359 4,8687
5,3679 5,4011
160 10:57:21
4,6215 4,6537
4,3338 4,3659
4,8355 4,8683
5,3681 5,4013
161 10:58:21
4,6212 4,6534
4,3333 4,3654
4,8350 4,8678
5,3679 5,4011
162 10:59:20
4,6199 4,6521
4,3321 4,3642
4,8339 4,8667
5,3662 5,3994
163 11:00:20
4,6190 4,6512
4,3312 4,3633
4,8327 4,8655
5,3654 5,3986
164 11:01:20
4,6214 4,6535
4,3338 4,3659
4,8348 4,8676
5,3689 5,4021
165 11:02:21
4,6206 4,6527
4,3328 4,3649
4,8339 4,8667
5,3675 5,4007
166 11:03:21
4,6207 4,6528
4,3331 4,3652
4,8341 4,8669
5,3674 5,4006
167 11:04:20
4,6207 4,6528
4,3335 4,3656
4,8343 4,8671
5,3680 5,4012
168 11:05:20
4,6207 4,6528
4,3333 4,3654
4,8341 4,8669
5,3683 5,4015
169 11:06:21
4,6209 4,6531
4,3336 4,3657
4,8344 4,8672
5,3687 5,4019
170 11:07:21
4,6209 4,6531
4,3338 4,3659
4,8344 4,8672
5,3689 5,4021
171 11:08:21
4,6208 4,6530
4,3329 4,3650
4,8338 4,8666
5,3691 5,4023
172 11:09:20
4,6205 4,6527
4,3328 4,3649
4,8329 4,8657
5,3688 5,4020
173 11:10:20
4,6202 4,6524
4,3324 4,3645
4,8326 4,8654
5,3682 5,4014
174 11:11:21
4,6202 4,6524
4,3324 4,3645
4,8327 4,8656
5,3670 5,4002
175 11:12:21
4,6203 4,6525
4,3331 4,3652
4,8331 4,8660
5,3674 5,4006
176 11:13:21
4,6214 4,6536
4,3334 4,3655
4,8345 4,8674
5,3696 5,4028
177 11:14:20
4,6223 4,6545
4,3336 4,3657
4,8344 4,8673
5,3704 5,4036
178 11:15:20
4,6216 4,6538
4,3326 4,3647
4,8336 4,8665
5,3698 5,4030
179 11:16:21
4,6216 4,6538
4,3320 4,3641
4,8333 4,8662
5,3694 5,4026
180 11:17:21
4,6218 4,6540
4,3318 4,3639
4,8328 4,8657
5,3697 5,4029
181 11:18:20
4,6219 4,6541
4,3313 4,3634
4,8329 4,8658
5,3698 5,4030
182 11:19:20
4,6220 4,6542
4,3318 4,3639
4,8330 4,8659
5,3693 5,4025
183 11:20:21
4,6221 4,6543
4,3321 4,3642
4,8331 4,8660
5,3694 5,4026
184 11:21:21
4,6222 4,6543
4,3325 4,3646
4,8331 4,8660
5,3701 5,4033
185 11:22:23
4,6218 4,6539
4,3321 4,3642
4,8327 4,8656
5,3696 5,4028
186 11:23:22
4,6218 4,6539
4,3321 4,3642
4,8325 4,8654
5,3690 5,4022
187 11:24:20
4,6220 4,6541
4,3325 4,3646
4,8329 4,8658
5,3696 5,4028
188 11:25:21
4,6222 4,6543
4,3327 4,3648
4,8331 4,8660
5,3697 5,4029
189 11:26:21
4,6219 4,6541
4,3319 4,3640
4,8334 4,8663
5,3691 5,4023
190 11:27:20
4,6218 4,6540
4,3314 4,3635
4,8336 4,8665
5,3691 5,4023
191 11:28:20
4,6219 4,6541
4,3315 4,3636
4,8345 4,8674
5,3699 5,4031
192 11:29:21
4,6218 4,6540
4,3315 4,3636
4,8344 4,8673
5,3698 5,4030
193 11:30:21
4,6219 4,6541
4,3315 4,3636
4,8345 4,8674
5,3702 5,4034
194 11:31:20
4,6220 4,6541
4,3313 4,3634
4,8343 4,8671
5,3709 5,4041
195 11:32:20
4,6221 4,6542
4,3314 4,3635
4,8346 4,8674
5,3710 5,4042
196 11:33:20
4,6225 4,6546
4,3317 4,3638
4,8349 4,8677
5,3722 5,4054
197 11:34:21
4,6224 4,6545
4,3319 4,3640
4,8354 4,8682
5,3722 5,4054
198 11:35:21
4,6198 4,6519
4,3293 4,3614
4,8327 4,8655
5,3704 5,4036
199 11:36:20
4,6199 4,6520
4,3291 4,3613
4,8327 4,8655
5,3700 5,4032
200 11:37:20
4,6206 4,6527
4,3300 4,3622
4,8339 4,8667
5,3704 5,4036
201 11:38:20
4,6207 4,6528
4,3297 4,3619
4,8338 4,8666
5,3705 5,4037
202 11:39:20
4,6204 4,6525
4,3294 4,3616
4,8327 4,8655
5,3695 5,4027
203 11:40:21
4,6203 4,6524
4,3289 4,3611
4,8329 4,8657
5,3700 5,4032
204 11:41:21
4,6209 4,6530
4,3300 4,3622
4,8339 4,8667
5,3710 5,4042
205 11:42:21
4,6211 4,6532
4,3303 4,3625
4,8344 4,8672
5,3710 5,4042
206 11:43:20
4,6211 4,6532
4,3299 4,3621
4,8349 4,8677
5,3716 5,4048
207 11:44:20
4,6211 4,6532
4,3297 4,3619
4,8349 4,8677
5,3719 5,4051
208 11:45:21
4,6220 4,6541
4,3305 4,3627
4,8356 4,8684
5,3731 5,4063
209 11:46:21
4,6237 4,6558
4,3315 4,3637
4,8374 4,8702
5,3738 5,4070
210 11:47:20
4,6237 4,6558
4,3322 4,3644
4,8378 4,8706
5,3736 5,4068
211 11:48:20
4,6232 4,6553
4,3312 4,3634
4,8368 4,8696
5,3727 5,4059
212 11:49:21
4,6233 4,6554
4,3312 4,3634
4,8369 4,8697
5,3732 5,4064
213 11:50:21
4,6234 4,6555
4,3316 4,3638
4,8370 4,8698
5,3734 5,4066
214 11:51:20
4,6231 4,6554
4,3314 4,3636
4,8368 4,8696
5,3736 5,4068
215 11:52:20
4,6226 4,6549
4,3311 4,3633
4,8362 4,8690
5,3737 5,4069
216 11:53:21
4,6227 4,6550
4,3308 4,3630
4,8364 4,8692
5,3739 5,4071
217 11:54:21
4,6227 4,6550
4,3306 4,3628
4,8363 4,8691
5,3742 5,4074
218 11:55:20
4,6221 4,6544
4,3304 4,3626
4,8360 4,8688
5,3735 5,4067
219 11:56:20
4,6223 4,6544
4,3304 4,3626
4,8359 4,8687
5,3736 5,4068
220 11:57:21
4,6224 4,6545
4,3307 4,3629
4,8360 4,8688
5,3735 5,4067
221 11:58:21
4,6224 4,6545
4,3307 4,3629
4,8360 4,8688
5,3734 5,4066
222 11:59:21
4,6227 4,6548
4,3309 4,3631
4,8363 4,8691
5,3741 5,4073
223 12:00:20
4,6228 4,6549
4,3310 4,3632
4,8364 4,8692
5,3744 5,4076
224 12:01:20
4,6228 4,6549
4,3313 4,3635
4,8364 4,8692
5,3746 5,4078
225 12:02:20
4,6228 4,6549
4,3312 4,3634
4,8366 4,8694
5,3744 5,4076
226 12:03:21
4,6228 4,6549
4,3308 4,3630
4,8371 4,8699
5,3741 5,4073
227 12:04:21
4,6227 4,6548
4,3308 4,3630
4,8369 4,8697
5,3742 5,4074
228 12:05:20
4,6230 4,6551
4,3312 4,3634
4,8376 4,8704
5,3748 5,4080
229 12:06:20
4,6235 4,6556
4,3319 4,3641
4,8381 4,8709
5,3753 5,4085
230 12:07:21
4,6236 4,6557
4,3322 4,3644
4,8384 4,8712
5,3754 5,4086
231 12:08:21
4,6233 4,6554
4,3321 4,3643
4,8379 4,8707
5,3751 5,4083
232 12:09:20
4,6233 4,6554
4,3324 4,3646
4,8382 4,8710
5,3757 5,4089
233 12:10:20
4,6232 4,6553
4,3324 4,3646
4,8383 4,8711
5,3766 5,4098
234 12:11:21
4,6233 4,6554
4,3326 4,3648
4,8382 4,8710
5,3765 5,4097
235 12:12:21
4,6234 4,6555
4,3326 4,3648
4,8382 4,8710
5,3771 5,4103
236 12:13:21
4,6233 4,6554
4,3325 4,3647
4,8381 4,8709
5,3770 5,4102
237 12:14:21
4,6233 4,6554
4,3327 4,3649
4,8381 4,8709
5,3757 5,4089
238 12:15:20
4,6233 4,6554
4,3332 4,3654
4,8382 4,8710
5,3752 5,4084
239 12:16:20
4,6235 4,6557
4,3337 4,3659
4,8382 4,8710
5,3766 5,4098
240 12:17:21
4,6236 4,6558
4,3330 4,3652
4,8383 4,8711
5,3765 5,4097
241 12:18:21
4,6235 4,6557
4,3329 4,3651
4,8381 4,8709
5,3759 5,4091
242 12:19:20
4,6237 4,6559
4,3325 4,3647
4,8378 4,8706
5,3768 5,4100
243 12:20:20
4,6236 4,6558
4,3324 4,3646
4,8377 4,8705
5,3767 5,4099
244 12:21:21
4,6235 4,6558
4,3326 4,3648
4,8378 4,8706
5,3766 5,4098
245 12:22:21
4,6232 4,6555
4,3319 4,3641
4,8374 4,8702
5,3754 5,4086
246 12:23:20
4,6231 4,6554
4,3314 4,3636
4,8371 4,8699
5,3753 5,4085
247 12:24:20
4,6229 4,6552
4,3310 4,3632
4,8366 4,8694
5,3754 5,4086
248 12:25:21
4,6230 4,6553
4,3311 4,3633
4,8367 4,8695
5,3755 5,4087
249 12:26:21
4,6229 4,6550
4,3307 4,3629
4,8365 4,8693
5,3749 5,4081
250 12:27:21
4,6224 4,6545
4,3300 4,3622
4,8359 4,8687
5,3740 5,4072
251 12:28:20
4,6224 4,6545
4,3298 4,3620
4,8357 4,8685
5,3737 5,4069
252 12:29:20
4,6228 4,6549
4,3304 4,3626
4,8361 4,8689
5,3745 5,4077
253 12:30:21
4,6226 4,6547
4,3307 4,3629
4,8362 4,8690
5,3746 5,4078
254 12:31:21
4,6228 4,6549
4,3310 4,3632
4,8366 4,8694
5,3758 5,4090
255 12:32:21
4,6229 4,6550
4,3313 4,3635
4,8357 4,8685
5,3769 5,4101
256 12:33:20
4,6232 4,6553
4,3318 4,3640
4,8363 4,8691
5,3776 5,4108
257 12:34:21
4,6230 4,6551
4,3314 4,3636
4,8361 4,8689
5,3782 5,4114
258 12:35:21
4,6229 4,6550
4,3313 4,3635
4,8357 4,8685
5,3781 5,4113
259 12:36:21
4,6239 4,6560
4,3327 4,3649
4,8368 4,8696
5,3789 5,4121
260 12:37:21
4,6237 4,6558
4,3325 4,3647
4,8368 4,8696
5,3790 5,4122
261 12:38:20
4,6241 4,6562
4,3329 4,3651
4,8367 4,8695
5,3798 5,4130
262 12:39:21
4,6241 4,6562
4,3327 4,3649
4,8373 4,8701
5,3801 5,4133
263 12:40:21
4,6241 4,6562
4,3321 4,3643
4,8360 4,8688
5,3792 5,4124
264 12:41:21
4,6240 4,6561
4,3320 4,3642
4,8359 4,8687
5,3787 5,4119
265 12:42:20
4,6242 4,6563
4,3320 4,3642
4,8376 4,8704
5,3784 5,4116
266 12:43:21
4,6242 4,6563
4,3326 4,3648
4,8374 4,8702
5,3783 5,4115
267 12:44:21
4,6241 4,6562
4,3329 4,3651
4,8375 4,8703
5,3780 5,4112
268 12:45:21
4,6241 4,6562
4,3331 4,3653
4,8378 4,8706
5,3779 5,4111
269 12:46:21
4,6244 4,6565
4,3325 4,3647
4,8376 4,8704
5,3789 5,4121
270 12:47:20
4,6242 4,6563
4,3329 4,3651
4,8373 4,8701
5,3792 5,4124
271 12:48:20
4,6242 4,6563
4,3328 4,3650
4,8374 4,8702
5,3787 5,4119
272 12:49:21
4,6240 4,6561
4,3330 4,3652
4,8375 4,8703
5,3788 5,4120
273 12:50:21
4,6233 4,6554
4,3326 4,3648
4,8370 4,8698
5,3780 5,4112
274 12:51:20
4,6236 4,6557
4,3324 4,3646
4,8369 4,8697
5,3782 5,4114
275 12:52:20
4,6223 4,6544
4,3316 4,3638
4,8357 4,8685
5,3772 5,4104
276 12:53:21
4,6220 4,6541
4,3313 4,3635
4,8353 4,8681
5,3760 5,4092
277 12:54:21
4,6220 4,6541
4,3314 4,3636
4,8351 4,8679
5,3759 5,4091
278 12:55:21
4,6218 4,6539
4,3313 4,3635
4,8346 4,8674
5,3759 5,4091
279 12:56:20
4,6221 4,6542
4,3324 4,3646
4,8352 4,8680
5,3767 5,4099
280 12:57:20
4,6221 4,6542
4,3316 4,3638
4,8349 4,8677
5,3762 5,4094
281 12:58:21
4,6220 4,6541
4,3317 4,3639
4,8351 4,8679
5,3767 5,4099
282 12:59:21
4,6220 4,6541
4,3319 4,3641
4,8348 4,8676
5,3757 5,4089
283 13:00:21
4,6217 4,6538
4,3316 4,3638
4,8344 4,8672
5,3754 5,4086
284 13:01:20
4,6217 4,6538
4,3318 4,3640
4,8344 4,8672
5,3754 5,4086
285 13:02:20
4,6219 4,6540
4,3325 4,3647
4,8340 4,8668
5,3748 5,4080
286 13:03:21
4,6219 4,6540
4,3326 4,3648
4,8339 4,8667
5,3747 5,4079
287 13:04:21
4,6224 4,6545
4,3325 4,3647
4,8353 4,8681
5,3757 5,4089
288 13:05:20
4,6222 4,6543
4,3323 4,3645
4,8347 4,8675
5,3753 5,4085
289 13:06:20
4,6226 4,6547
4,3328 4,3650
4,8354 4,8682
5,3755 5,4087
290 13:07:21
4,6228 4,6549
4,3333 4,3655
4,8357 4,8685
5,3748 5,4080
291 13:08:21
4,6229 4,6550
4,3332 4,3654
4,8357 4,8685
5,3750 5,4082
292 13:09:21
4,6228 4,6549
4,3329 4,3651
4,8349 4,8677
5,3742 5,4074
293 13:10:20
4,6227 4,6548
4,3332 4,3654
4,8348 4,8676
5,3741 5,4073
294 13:11:21
4,6227 4,6548
4,3326 4,3648
4,8355 4,8683
5,3738 5,4070
295 13:12:21
4,6228 4,6549
4,3331 4,3653
4,8349 4,8677
5,3739 5,4071
296 13:13:21
4,6228 4,6549
4,3324 4,3646
4,8356 4,8684
5,3739 5,4071
297 13:14:20
4,6227 4,6548
4,3321 4,3643
4,8355 4,8683
5,3737 5,4069
298 13:15:20
4,6229 4,6550
4,3327 4,3649
4,8362 4,8690
5,3743 5,4075
299 13:16:21
4,6229 4,6551
4,3325 4,3647
4,8359 4,8687
5,3749 5,4081
300 13:17:21
4,6229 4,6551
4,3325 4,3647
4,8357 4,8685
5,3746 5,4078
301 13:18:21
4,6238 4,6560
4,3342 4,3664
4,8366 4,8694
5,3756 5,4088
302 13:19:21
4,6238 4,6560
4,3334 4,3656
4,8363 4,8691
5,3753 5,4085
303 13:20:20
4,6237 4,6559
4,3339 4,3661
4,8363 4,8691
5,3746 5,4078
304 13:21:20
4,6231 4,6552
4,3331 4,3653
4,8357 4,8685
5,3742 5,4074
305 13:22:20
4,6220 4,6541
4,3319 4,3641
4,8345 4,8673
5,3723 5,4055
306 13:23:21
4,6219 4,6540
4,3320 4,3642
4,8347 4,8675
5,3722 5,4054
307 13:24:21
4,6220 4,6541
4,3323 4,3645
4,8351 4,8679
5,3727 5,4059
308 13:25:21
4,6222 4,6543
4,3323 4,3645
4,8352 4,8680
5,3725 5,4057
309 13:26:20
4,6223 4,6545
4,3330 4,3652
4,8353 4,8681
5,3733 5,4065
310 13:27:20
4,6222 4,6544
4,3328 4,3650
4,8361 4,8689
5,3733 5,4065
311 13:28:21
4,6222 4,6544
4,3333 4,3655
4,8367 4,8695
5,3741 5,4073
312 13:29:21
4,6224 4,6546
4,3337 4,3659
4,8369 4,8697
5,3740 5,4072
313 13:30:21
4,6224 4,6546
4,3335 4,3657
4,8365 4,8693
5,3737 5,4069
314 13:31:20
4,6223 4,6545
4,3334 4,3656
4,8368 4,8696
5,3733 5,4065
315 13:32:20
4,6220 4,6542
4,3329 4,3651
4,8363 4,8691
5,3729 5,4061
316 13:33:20
4,6221 4,6543
4,3332 4,3654
4,8364 4,8692
5,3729 5,4061
317 13:34:21
4,6221 4,6543
4,3332 4,3654
4,8364 4,8692
5,3727 5,4059
318 13:35:21
4,6223 4,6545
4,3337 4,3659
4,8364 4,8692
5,3731 5,4063
319 13:36:21
4,6223 4,6544
4,3336 4,3658
4,8361 4,8689
5,3730 5,4062
320 13:37:20
4,6224 4,6545
4,3337 4,3659
4,8362 4,8690
5,3728 5,4060
321 13:38:20
4,6233 4,6554
4,3352 4,3674
4,8375 4,8703
5,3746 5,4078
322 13:39:21
4,6237 4,6558
4,3348 4,3670
4,8376 4,8704
5,3750 5,4082
323 13:40:21
4,6241 4,6562
4,3353 4,3675
4,8375 4,8703
5,3745 5,4077
324 13:41:21
4,6240 4,6562
4,3350 4,3672
4,8375 4,8704
5,3743 5,4075
325 13:42:20
4,6242 4,6564
4,3352 4,3674
4,8375 4,8704
5,3744 5,4076
326 13:43:20
4,6241 4,6563
4,3351 4,3673
4,8369 4,8698
5,3742 5,4074
327 13:44:21
4,6240 4,6562
4,3356 4,3678
4,8376 4,8705
5,3747 5,4079
328 13:45:21
4,6240 4,6562
4,3352 4,3674
4,8373 4,8702
5,3744 5,4076
329 13:46:21
4,6239 4,6561
4,3350 4,3672
4,8375 4,8704
5,3746 5,4078
330 13:47:21
4,6239 4,6561
4,3350 4,3672
4,8372 4,8701
5,3746 5,4078
331 13:48:20
4,6241 4,6563
4,3347 4,3669
4,8369 4,8698
5,3744 5,4076
332 13:49:20
4,6243 4,6565
4,3351 4,3673
4,8368 4,8697
5,3747 5,4079
333 13:50:21
4,6243 4,6565
4,3355 4,3677
4,8363 4,8692
5,3747 5,4079
334 13:51:21
4,6243 4,6565
4,3355 4,3677
4,8364 4,8692
5,3737 5,4069
335 13:52:21
4,6242 4,6564
4,3360 4,3682
4,8363 4,8691
5,3736 5,4068
336 13:53:21
4,6242 4,6564
4,3360 4,3682
4,8366 4,8694
5,3740 5,4072
337 13:54:20
4,6243 4,6565
4,3359 4,3681
4,8364 4,8692
5,3740 5,4072
338 13:55:21
4,6243 4,6565
4,3359 4,3681
4,8369 4,8697
5,3740 5,4072
339 13:56:21
4,6230 4,6552
4,3347 4,3669
4,8351 4,8679
5,3723 5,4055
340 13:57:21
4,6223 4,6545
4,3342 4,3664
4,8341 4,8669
5,3718 5,4050
341 13:58:20
4,6224 4,6546
4,3349 4,3671
4,8339 4,8667
5,3709 5,4041
342 13:59:20
4,6228 4,6550
4,3353 4,3675
4,8346 4,8674
5,3710 5,4042
343 14:00:21
4,6222 4,6544
4,3346 4,3668
4,8335 4,8663
5,3707 5,4039
344 14:01:21
4,6217 4,6538
4,3341 4,3663
4,8327 4,8655
5,3688 5,4020
345 14:02:21
4,6217 4,6538
4,3335 4,3657
4,8325 4,8653
5,3684 5,4016
346 14:03:21
4,6219 4,6540
4,3330 4,3652
4,8324 4,8652
5,3691 5,4023
347 14:04:21
4,6216 4,6537
4,3326 4,3648
4,8321 4,8649
5,3691 5,4023
348 14:05:20
4,6216 4,6537
4,3330 4,3652
4,8316 4,8644
5,3690 5,4022
349 14:06:21
4,6207 4,6528
4,3325 4,3647
4,8309 4,8637
5,3671 5,4003
350 14:07:21
4,6207 4,6528
4,3325 4,3647
4,8311 4,8639
5,3670 5,4002
351 14:08:21
4,6207 4,6528
4,3321 4,3643
4,8312 4,8640
5,3661 5,3993
352 14:09:21
4,6206 4,6527
4,3324 4,3646
4,8310 4,8638
5,3654 5,3986
353 14:10:20
4,6214 4,6535
4,3342 4,3664
4,8319 4,8647
5,3672 5,4004
354 14:11:21
4,6215 4,6536
4,3341 4,3663
4,8318 4,8647
5,3686 5,4018
355 14:12:21
4,6215 4,6536
4,3347 4,3669
4,8319 4,8648
5,3684 5,4016
356 14:13:21
4,6215 4,6536
4,3339 4,3661
4,8318 4,8647
5,3686 5,4018
357 14:14:20
4,6215 4,6536
4,3339 4,3661
4,8313 4,8642
5,3683 5,4015
358 14:15:20
4,6215 4,6536
4,3337 4,3659
4,8313 4,8642
5,3687 5,4019
359 14:16:21
4,6215 4,6536
4,3339 4,3661
4,8322 4,8650
5,3695 5,4027
360 14:17:21
4,6214 4,6535
4,3328 4,3650
4,8316 4,8644
5,3688 5,4020
361 14:18:20
4,6217 4,6538
4,3336 4,3658
4,8320 4,8648
5,3689 5,4021
362 14:19:20
4,6212 4,6533
4,3330 4,3652
4,8312 4,8640
5,3689 5,4021
363 14:20:21
4,6214 4,6535
4,3332 4,3654
4,8316 4,8644
5,3688 5,4020
364 14:21:21
4,6211 4,6532
4,3323 4,3645
4,8308 4,8636
5,3697 5,4029
365 14:22:21
4,6212 4,6533
4,3330 4,3652
4,8309 4,8637
5,3699 5,4031
366 14:23:21
4,6213 4,6534
4,3331 4,3653
4,8310 4,8638
5,3690 5,4022
367 14:24:20
4,6219 4,6540
4,3345 4,3667
4,8319 4,8647
5,3707 5,4039
368 14:25:21
4,6218 4,6539
4,3340 4,3662
4,8318 4,8646
5,3706 5,4038
369 14:26:21
4,6215 4,6537
4,3325 4,3647
4,8312 4,8640
5,3689 5,4021
370 14:27:21
4,6213 4,6535
4,3321 4,3643
4,8310 4,8638
5,3687 5,4019
371 14:28:21
4,6212 4,6534
4,3320 4,3642
4,8312 4,8640
5,3688 5,4020
372 14:29:20
4,6210 4,6532
4,3311 4,3633
4,8309 4,8637
5,3686 5,4018
373 14:30:21
4,6211 4,6533
4,3315 4,3637
4,8308 4,8636
5,3694 5,4026
374 14:31:21
4,6213 4,6535
4,3315 4,3637
4,8313 4,8641
5,3696 5,4028
375 14:32:21
4,6213 4,6535
4,3321 4,3643
4,8310 4,8638
5,3705 5,4037
376 14:33:21
4,6213 4,6535
4,3327 4,3649
4,8313 4,8641
5,3709 5,4041
377 14:34:20
4,6215 4,6537
4,3329 4,3651
4,8312 4,8640
5,3709 5,4041
378 14:35:20
4,6214 4,6536
4,3334 4,3656
4,8314 4,8642
5,3710 5,4042
379 14:36:21
4,6214 4,6536
4,3344 4,3666
4,8310 4,8639
5,3713 5,4045
380 14:37:21
4,6213 4,6535
4,3339 4,3661
4,8312 4,8641
5,3712 5,4044
381 14:38:20
4,6213 4,6535
4,3333 4,3655
4,8304 4,8633
5,3708 5,4040
382 14:39:20
4,6214 4,6536
4,3334 4,3656
4,8305 4,8634
5,3713 5,4045
383 14:40:21
4,6217 4,6539
4,3345 4,3667
4,8308 4,8637
5,3711 5,4043
384 14:41:21
4,6218 4,6540
4,3354 4,3676
4,8310 4,8638
5,3712 5,4044
385 14:42:21
4,6218 4,6540
4,3356 4,3678
4,8310 4,8638
5,3712 5,4044
386 14:43:20
4,6220 4,6542
4,3358 4,3680
4,8313 4,8641
5,3714 5,4046
387 14:44:21
4,6221 4,6543
4,3361 4,3683
4,8314 4,8642
5,3715 5,4047
388 14:45:21
4,6222 4,6544
4,3363 4,3685
4,8312 4,8640
5,3722 5,4054
389 14:46:21
4,6220 4,6542
4,3370 4,3692
4,8309 4,8637
5,3723 5,4055
390 14:47:20
4,6221 4,6543
4,3367 4,3689
4,8306 4,8634
5,3724 5,4056
391 14:48:20
4,6221 4,6543
4,3369 4,3691
4,8305 4,8633
5,3721 5,4053
392 14:49:21
4,6221 4,6543
4,3367 4,3689
4,8306 4,8634
5,3725 5,4057
393 14:50:21
4,6221 4,6543
4,3369 4,3691
4,8308 4,8636
5,3728 5,4060
394 14:51:20
4,6221 4,6542
4,3365 4,3687
4,8306 4,8634
5,3730 5,4062
395 14:52:20
4,6221 4,6542
4,3369 4,3691
4,8308 4,8636
5,3725 5,4057
396 14:53:21
4,6220 4,6541
4,3368 4,3690
4,8305 4,8633
5,3724 5,4056
397 14:54:23
4,6219 4,6540
4,3363 4,3685
4,8304 4,8632
5,3725 5,4057
398 14:55:20
4,6214 4,6535
4,3350 4,3672
4,8299 4,8627
5,3707 5,4039
399 14:56:20
4,6215 4,6536
4,3349 4,3671
4,8299 4,8627
5,3708 5,4040
400 14:57:21
4,6220 4,6541
4,3356 4,3678
4,8307 4,8635
5,3717 5,4049
401 14:58:21
4,6226 4,6547
4,3369 4,3691
4,8316 4,8644
5,3727 5,4059
402 14:59:21
4,6228 4,6549
4,3371 4,3693
4,8318 4,8646
5,3729 5,4061
403 15:00:20
4,6228 4,6549
4,3378 4,3700
4,8319 4,8647
5,3732 5,4064
404 15:01:20
4,6229 4,6551
4,3378 4,3700
4,8316 4,8644
5,3727 5,4059
405 15:02:21
4,6229 4,6551
4,3374 4,3696
4,8321 4,8649
5,3727 5,4059
406 15:03:21
4,6227 4,6549
4,3377 4,3699
4,8323 4,8651
5,3727 5,4059
407 15:04:21
4,6232 4,6554
4,3381 4,3703
4,8328 4,8656
5,3734 5,4066
408 15:05:21
4,6231 4,6553
4,3380 4,3702
4,8329 4,8657
5,3733 5,4065
409 15:06:20
4,6234 4,6556
4,3367 4,3689
4,8332 4,8660
5,3741 5,4073
410 15:07:21
4,6238 4,6560
4,3375 4,3697
4,8336 4,8664
5,3747 5,4079
411 15:08:21
4,6238 4,6560
4,3378 4,3700
4,8331 4,8659
5,3747 5,4079
412 15:09:21
4,6237 4,6559
4,3376 4,3698
4,8330 4,8658
5,3740 5,4072
413 15:10:20
4,6235 4,6557
4,3370 4,3692
4,8328 4,8656
5,3741 5,4073
414 15:11:20
4,6235 4,6557
4,3372 4,3694
4,8331 4,8659
5,3738 5,4070
415 15:12:21
4,6245 4,6567
4,3381 4,3703
4,8346 4,8674
5,3755 5,4087
416 15:13:21
4,6245 4,6567
4,3379 4,3701
4,8343 4,8671
5,3756 5,4088
417 15:14:21
4,6244 4,6566
4,3372 4,3694
4,8332 4,8660
5,3745 5,4077
418 15:15:20
4,6241 4,6563
4,3359 4,3681
4,8327 4,8655
5,3735 5,4067
419 15:16:20
4,6237 4,6558
4,3358 4,3680
4,8325 4,8653
5,3734 5,4066
420 15:17:21
4,6240 4,6561
4,3356 4,3678
4,8326 4,8654
5,3734 5,4066
421 15:18:21
4,6234 4,6555
4,3340 4,3662
4,8319 4,8647
5,3727 5,4059
422 15:19:21
4,6236 4,6557
4,3340 4,3662
4,8321 4,8649
5,3729 5,4061
423 15:20:20
4,6236 4,6557
4,3341 4,3663
4,8320 4,8648
5,3725 5,4057
424 15:21:20
4,6236 4,6558
4,3338 4,3660
4,8319 4,8648
5,3730 5,4062
425 15:22:21
4,6236 4,6558
4,3330 4,3652
4,8311 4,8640
5,3726 5,4058
426 15:23:21
4,6236 4,6558
4,3330 4,3652
4,8313 4,8642
5,3716 5,4048
427 15:24:20
4,6230 4,6552
4,3324 4,3646
4,8301 4,8630
5,3709 5,4041
428 15:25:20
4,6228 4,6550
4,3325 4,3647
4,8302 4,8631
5,3708 5,4040
429 15:26:21
4,6228 4,6550
4,3323 4,3645
4,8300 4,8628
5,3705 5,4037
430 15:27:21
4,6226 4,6548
4,3325 4,3647
4,8302 4,8630
5,3712 5,4044
431 15:28:20
4,6223 4,6545
4,3320 4,3642
4,8286 4,8614
5,3712 5,4044
432 15:29:20
4,6227 4,6549
4,3322 4,3644
4,8280 4,8608
5,3719 5,4051
433 15:30:21
4,6228 4,6550
4,3324 4,3646
4,8285 4,8613
5,3720 5,4052
434 15:31:21
4,6228 4,6550
4,3325 4,3647
4,8282 4,8611
5,3724 5,4056
435 15:32:21
4,6227 4,6549
4,3326 4,3648
4,8273 4,8602
5,3719 5,4051
436 15:33:21
4,6241 4,6563
4,3349 4,3671
4,8292 4,8621
5,3732 5,4064
437 15:34:20
4,6266 4,6588
4,3367 4,3689
4,8310 4,8639
5,3761 5,4093
438 15:35:21
4,6272 4,6594
4,3372 4,3694
4,8307 4,8636
5,3762 5,4094
439 15:36:21
4,6274 4,6596
4,3372 4,3694
4,8311 4,8639
5,3764 5,4096
440 15:37:20
4,6276 4,6598
4,3376 4,3698
4,8313 4,8641
5,3764 5,4096
441 15:38:20
4,6286 4,6608
4,3383 4,3705
4,8328 4,8656
5,3771 5,4103
442 15:39:21
4,6287 4,6609
4,3390 4,3712
4,8329 4,8657
5,3779 5,4111
443 15:40:21
4,6265 4,6587
4,3368 4,3690
4,8304 4,8632
5,3755 5,4087
444 15:41:21
4,6267 4,6589
4,3371 4,3693
4,8306 4,8634
5,3756 5,4088
445 15:42:21
4,6265 4,6587
4,3371 4,3693
4,8304 4,8632
5,3744 5,4076
446 15:43:21
4,6260 4,6582
4,3368 4,3690
4,8311 4,8639
5,3738 5,4070
447 15:44:20
4,6254 4,6576
4,3359 4,3681
4,8304 4,8632
5,3730 5,4062
448 15:45:20
4,6254 4,6576
4,3353 4,3675
4,8297 4,8625
5,3725 5,4057
449 15:46:21
4,6237 4,6558
4,3335 4,3657
4,8277 4,8605
5,3706 5,4038
450 15:47:21
4,6238 4,6559
4,3332 4,3654
4,8278 4,8606
5,3701 5,4033
451 15:48:20
4,6247 4,6568
4,3338 4,3660
4,8286 4,8614
5,3706 5,4038
452 15:49:20
4,6237 4,6558
4,3333 4,3655
4,8279 4,8607
5,3693 5,4025
453 15:50:21
4,6239 4,6560
4,3337 4,3659
4,8280 4,8608
5,3690 5,4022
454 15:51:21
4,6239 4,6561
4,3339 4,3661
4,8279 4,8607
5,3686 5,4018
455 15:52:20
4,6239 4,6561
4,3344 4,3666
4,8277 4,8605
5,3683 5,4015
456 15:53:20
4,6241 4,6563
4,3347 4,3669
4,8284 4,8612
5,3695 5,4027
457 15:54:21
4,6241 4,6563
4,3349 4,3671
4,8284 4,8612
5,3698 5,4030
458 15:55:21
4,6242 4,6564
4,3362 4,3684
4,8294 4,8622
5,3717 5,4049
459 15:56:21
4,6256 4,6577
4,3388 4,3710
4,8323 4,8651
5,3740 5,4073
460 15:57:21
4,6250 4,6571
4,3388 4,3710
4,8316 4,8644
5,3723 5,4056
461 15:58:20
4,6251 4,6572
4,3384 4,3706
4,8309 4,8637
5,3709 5,4042
462 15:59:21
4,6251 4,6572
4,3381 4,3703
4,8311 4,8639
5,3712 5,4045
463 16:00:21
4,6246 4,6567
4,3370 4,3692
4,8304 4,8632
5,3707 5,4040
464 16:01:20
4,6237 4,6558
4,3364 4,3686
4,8301 4,8629
5,3709 5,4041
465 16:02:20
4,6246 4,6567
4,3374 4,3696
4,8317 4,8645
5,3720 5,4052
466 16:03:21
4,6245 4,6566
4,3372 4,3694
4,8311 4,8639
5,3722 5,4054
467 16:04:21
4,6244 4,6565
4,3368 4,3690
4,8307 4,8635
5,3705 5,4037
468 16:05:21
4,6244 4,6565
4,3368 4,3690
4,8310 4,8638
5,3705 5,4037
469 16:06:20
4,6241 4,6562
4,3372 4,3694
4,8314 4,8642
5,3704 5,4036
470 16:07:21
4,6249 4,6570
4,3381 4,3703
4,8319 4,8647
5,3707 5,4039
471 16:08:21
4,6251 4,6572
4,3386 4,3708
4,8329 4,8657
5,3709 5,4041
472 16:09:21
4,6252 4,6573
4,3385 4,3707
4,8329 4,8657
5,3709 5,4041
473 16:10:21
4,6251 4,6572
4,3373 4,3695
4,8318 4,8646
5,3710 5,4042
474 16:11:21
4,6247 4,6569
4,3371 4,3693
4,8327 4,8655
5,3701 5,4033
475 16:12:22
4,6247 4,6569
4,3365 4,3687
4,8328 4,8656
5,3699 5,4031
476 16:13:20
4,6248 4,6570
4,3356 4,3678
4,8322 4,8650
5,3694 5,4026
477 16:14:22
4,6249 4,6571
4,3359 4,3681
4,8326 4,8654
5,3695 5,4027
478 16:15:21
4,6250 4,6572
4,3361 4,3683
4,8323 4,8651
5,3700 5,4032
479 16:16:21
4,6250 4,6572
4,3359 4,3681
4,8321 4,8649
5,3692 5,4024
480 16:17:21
4,6248 4,6570
4,3352 4,3674
4,8318 4,8646
5,3696 5,4028
481 16:18:20
4,6248 4,6570
4,3350 4,3672
4,8314 4,8642
5,3690 5,4022
482 16:19:20
4,6248 4,6570
4,3345 4,3667
4,8308 4,8636
5,3690 5,4022
483 16:20:20
4,6251 4,6573
4,3354 4,3676
4,8309 4,8637
5,3691 5,4023
484 16:21:21
4,6252 4,6573
4,3351 4,3673
4,8302 4,8630
5,3688 5,4020
485 16:22:21
4,6256 4,6577
4,3355 4,3677
4,8310 4,8638
5,3693 5,4025
486 16:23:21
4,6252 4,6573
4,3349 4,3671
4,8305 4,8633
5,3683 5,4015
487 16:24:21
4,6252 4,6573
4,3345 4,3667
4,8307 4,8635
5,3676 5,4008
488 16:25:21
4,6252 4,6573
4,3341 4,3663
4,8305 4,8633
5,3675 5,4007
489 16:26:22
4,6251 4,6573
4,3346 4,3668
4,8304 4,8632
5,3674 5,4006
490 16:27:22
4,6250 4,6572
4,3339 4,3661
4,8301 4,8629
5,3675 5,4007
491 16:28:22
4,6249 4,6571
4,3342 4,3664
4,8300 4,8628
5,3673 5,4005
492 16:29:25
4,6249 4,6571
4,3349 4,3671
4,8302 4,8630
5,3685 5,4017
493 16:30:22
4,6249 4,6571
4,3344 4,3666
4,8300 4,8628
5,3684 5,4016
494 16:31:21
4,6241 4,6563
4,3335 4,3657
4,8294 4,8622
5,3682 5,4014
495 16:32:21
4,6244 4,6566
4,3331 4,3653
4,8292 4,8620
5,3682 5,4014
496 16:33:22
4,6242 4,6564
4,3332 4,3654
4,8292 4,8620
5,3680 5,4012
497 16:34:21
4,6247 4,6569
4,3334 4,3656
4,8295 4,8623
5,3696 5,4028
498 16:35:20
4,6245 4,6567
4,3324 4,3646
4,8293 4,8621
5,3703 5,4035
499 16:36:20
4,6235 4,6557
4,3315 4,3637
4,8282 4,8610
5,3686 5,4018
500 16:37:20
4,6248 4,6570
4,3333 4,3655
4,8296 4,8624
5,3702 5,4034
501 16:38:21
4,6249 4,6571
4,3333 4,3655
4,8298 4,8626
5,3692 5,4024
502 16:39:21
4,6253 4,6575
4,3334 4,3656
4,8295 4,8623
5,3688 5,4020
503 16:40:20
4,6258 4,6580
4,3347 4,3669
4,8299 4,8627
5,3699 5,4031
504 16:41:21
4,6266 4,6588
4,3348 4,3670
4,8306 4,8634
5,3697 5,4029
505 16:42:21
4,6265 4,6587
4,3345 4,3667
4,8307 4,8635
5,3698 5,4030
506 16:43:21
4,6267 4,6589
4,3340 4,3662
4,8308 4,8636
5,3690 5,4022
507 16:44:20
4,6269 4,6591
4,3346 4,3668
4,8313 4,8641
5,3693 5,4025
508 16:45:21
4,6268 4,6590
4,3344 4,3666
4,8306 4,8634
5,3698 5,4030
509 16:46:21
4,6264 4,6586
4,3351 4,3673
4,8298 4,8626
5,3700 5,4032
510 16:47:21
4,6264 4,6586
4,3344 4,3666
4,8295 4,8623
5,3706 5,4038
511 16:48:20
4,6271 4,6593
4,3357 4,3679
4,8305 4,8633
5,3711 5,4043
512 16:49:20
4,6271 4,6593
4,3362 4,3684
4,8304 4,8632
5,3718 5,4050
513 16:50:21
4,6270 4,6592
4,3358 4,3680
4,8299 4,8627
5,3713 5,4045
514 16:51:21
4,6270 4,6592
4,3346 4,3668
4,8284 4,8612
5,3710 5,4042
515 16:52:21
4,6270 4,6592
4,3360 4,3682
4,8294 4,8622
5,3716 5,4048
516 16:53:21
4,6268 4,6590
4,3349 4,3671
4,8274 4,8602
5,3708 5,4040
517 16:54:20
4,6265 4,6587
4,3349 4,3671
4,8268 4,8596
5,3703 5,4035
518 16:55:21
4,6265 4,6587
4,3348 4,3670
4,8264 4,8592
5,3700 5,4032
519 16:56:21
4,6265 4,6587
4,3345 4,3667
4,8266 4,8594
5,3698 5,4030
520 16:57:21
4,6265 4,6587
4,3343 4,3665
4,8263 4,8591
5,3691 5,4023
521 16:58:20
4,6267 4,6589
4,3339 4,3661
4,8270 4,8598
5,3694 5,4026
522 16:59:20
4,6281 4,6603
4,3351 4,3673
4,8287 4,8615
5,3706 5,4038
523 17:00:21
4,6271 4,6593
4,3342 4,3664
4,8274 4,8602
5,3692 5,4024
524 17:01:21
4,6276 4,6598
4,3348 4,3670
4,8280 4,8608
5,3694 5,4026
525 17:02:21
4,6284 4,6606
4,3355 4,3677
4,8288 4,8616
5,3704 5,4036
526 17:03:20
4,6282 4,6604
4,3351 4,3673
4,8289 4,8617
5,3708 5,4040
527 17:04:20
4,6279 4,6601
4,3344 4,3666
4,8283 4,8611
5,3708 5,4040
528 17:05:21
4,6281 4,6603
4,3344 4,3666
4,8288 4,8616
5,3716 5,4048
529 17:06:21
4,6279 4,6601
4,3346 4,3668
4,8284 4,8612
5,3711 5,4043
530 17:07:21
4,6278 4,6600
4,3339 4,3661
4,8284 4,8612
5,3713 5,4045
531 17:08:20
4,6281 4,6603
4,3339 4,3661
4,8285 4,8613
5,3713 5,4045
532 17:09:20
4,6280 4,6602
4,3342 4,3664
4,8286 4,8614
5,3718 5,4050
533 17:10:21
4,6283 4,6605
4,3354 4,3676
4,8287 4,8615
5,3719 5,4051
534 17:11:20
4,6279 4,6601
4,3350 4,3672
4,8283 4,8611
5,3711 5,4043
535 17:12:21
4,6279 4,6601
4,3350 4,3672
4,8288 4,8616
5,3714 5,4046
536 17:13:21
4,6279 4,6601
4,3350 4,3672
4,8284 4,8612
5,3711 5,4043
537 17:14:20
4,6277 4,6599
4,3348 4,3670
4,8277 4,8605
5,3715 5,4047
538 17:15:20
4,6279 4,6601
4,3346 4,3668
4,8282 4,8610
5,3710 5,4042
539 17:16:20
4,6269 4,6591
4,3336 4,3658
4,8272 4,8600
5,3705 5,4037
540 17:17:21
4,6270 4,6592
4,3341 4,3663
4,8280 4,8608
5,3708 5,4040
541 17:18:21
4,6267 4,6589
4,3336 4,3658
4,8278 4,8606
5,3706 5,4038
542 17:19:21
4,6266 4,6588
4,3332 4,3654
4,8280 4,8608
5,3708 5,4040
543 17:20:20
4,6264 4,6586
4,3328 4,3650
4,8275 4,8603
5,3705 5,4037
544 17:21:20
4,6262 4,6584
4,3326 4,3648
4,8272 4,8600
5,3700 5,4032
545 17:22:20
4,6264 4,6586
4,3323 4,3645
4,8274 4,8602
5,3702 5,4034
546 17:23:21
4,6241 4,6563
4,3288 4,3610
4,8241 4,8569
5,3663 5,3995
547 17:24:21
4,6245 4,6567
4,3298 4,3620
4,8245 4,8573
5,3671 5,4003
548 17:25:21
4,6238 4,6560
4,3287 4,3609
4,8237 4,8565
5,3655 5,3987
549 17:26:20
4,6240 4,6562
4,3287 4,3609
4,8237 4,8565
5,3662 5,3994
550 17:27:21
4,6248 4,6570
4,3278 4,3600
4,8241 4,8569
5,3672 5,4004
551 17:28:21
4,6246 4,6568
4,3281 4,3603
4,8239 4,8567
5,3667 5,3999
552 17:29:20
4,6228 4,6550
4,3264 4,3586
4,8220 4,8548
5,3648 5,3980
553 17:30:20
4,6229 4,6551
4,3261 4,3585
4,8223 4,8551
5,3652 5,3984
554 17:31:21
4,6233 4,6555
4,3270 4,3592
4,8226 4,8554
5,3653 5,3985
555 17:32:21
4,6243 4,6565
4,3258 4,3580
4,8233 4,8561
5,3658 5,3990
556 17:33:21
4,6240 4,6562
4,3255 4,3578
4,8230 4,8558
5,3646 5,3978
557 17:34:20
4,6257 4,6579
4,3276 4,3598
4,8250 4,8578
5,3666 5,3998
558 17:35:20
4,6254 4,6576
4,3266 4,3588
4,8245 4,8573
5,3658 5,3990
559 17:36:21
4,6248 4,6571
4,3265 4,3590
4,8240 4,8568
5,3655 5,3988
560 17:37:21
4,6249 4,6571
4,3265 4,3587
4,8239 4,8567
5,3647 5,3979
561 17:38:21
4,6258 4,6582
4,3263 4,3586
4,8248 4,8578
5,3661 5,3993
562 17:39:20
4,6251 4,6573
4,3249 4,3571
4,8239 4,8567
5,3647 5,3979
563 17:40:20
4,6249 4,6571
4,3246 4,3571
4,8239 4,8567
5,3648 5,3980
564 17:41:21
4,6259 4,6581
4,3264 4,3586
4,8252 4,8580
5,3662 5,3994
565 17:42:21
4,6259 4,6581
4,3263 4,3585
4,8250 4,8578
5,3663 5,3995
566 17:43:21
4,6260 4,6582
4,3263 4,3585
4,8250 4,8578
5,3663 5,3995
567 17:44:21
4,6260 4,6582
4,3257 4,3579
4,8251 4,8579
5,3658 5,3990
568 17:45:21
4,6260 4,6582
4,3255 4,3577
4,8251 4,8579
5,3657 5,3989
569 17:46:21
4,6257 4,6579
4,3245 4,3567
4,8241 4,8569
5,3645 5,3977
570 17:47:21
4,6258 4,6580
4,3246 4,3568
4,8240 4,8568
5,3653 5,3985
571 17:48:20
4,6257 4,6579
4,3236 4,3558
4,8237 4,8565
5,3647 5,3979
572 17:49:20
4,6258 4,6580
4,3238 4,3560
4,8238 4,8566
5,3650 5,3982
573 17:50:20
4,6256 4,6578
4,3239 4,3561
4,8242 4,8570
5,3656 5,3988
574 17:51:21
4,6259 4,6581
4,3240 4,3563
4,8244 4,8572
5,3659 5,3991
575 17:52:21
4,6262 4,6584
4,3241 4,3563
4,8252 4,8580
5,3668 5,4000
576 17:53:21
4,6256 4,6578
4,3239 4,3561
4,8243 4,8571
5,3652 5,3984
577 17:54:21
4,6256 4,6578
4,3236 4,3558
4,8249 4,8577
5,3653 5,3985
578 17:55:20
4,6258 4,6580
4,3241 4,3563
4,8248 4,8576
5,3652 5,3984
579 17:56:20
4,6254 4,6576
4,3241 4,3563
4,8249 4,8577
5,3654 5,3986
580 17:57:21
4,6260 4,6582
4,3253 4,3576
4,8253 4,8581
5,3657 5,3989
581 17:58:21
4,6256 4,6578
4,3246 4,3569
4,8246 4,8574
5,3653 5,3985
582 17:59:21
4,6247 4,6569
4,3234 4,3556
4,8234 4,8562
5,3646 5,3978
583 18:00:20
4,6238 4,6569
4,3231 4,3564
4,8228 4,8565
5,3644 5,3986
584 18:01:20
4,6235 4,6567
4,3224 4,3562
4,8225 4,8568
5,3639 5,3977
585 18:02:21
4,6229 4,6561
4,3231 4,3565
4,8229 4,8567
5,3642 5,3985
586 18:03:21
4,6227 4,6558
4,3225 4,3562
4,8225 4,8562
5,3638 5,3979
587 18:04:21
4,6225 4,6557
4,3223 4,3561
4,8225 4,8564
5,3637 5,3980
588 18:05:20
4,6227 4,6558
4,3229 4,3566
4,8225 4,8564
5,3633 5,3973
589 18:06:21
4,6228 4,6559
4,3238 4,3575
4,8226 4,8564
5,3644 5,3986
590 18:07:21
4,6224 4,6557
4,3234 4,3573
4,8223 4,8562
5,3640 5,3984
591 18:08:21
4,6223 4,6556
4,3245 4,3584
4,8218 4,8561
5,3640 5,3982
592 18:09:21
4,6226 4,6553
4,3248 4,3577
4,8220 4,8553
5,3642 5,3980
593 18:10:20
4,6224 4,6548
4,3251 4,3577
4,8219 4,8554
5,3641 5,3975
594 18:11:20
4,6224 4,6555
4,3249 4,3587
4,8223 4,8560
5,3641 5,3982
595 18:12:21
4,6224 4,6551
4,3249 4,3579
4,8217 4,8555
5,3641 5,3978
596 18:13:21
4,6225 4,6548
4,3254 4,3584
4,8224 4,8553
5,3642 5,3975
597 18:14:20
4,6222 4,6552
4,3257 4,3589
4,8222 4,8559
5,3646 5,3987
598 18:15:20
4,6222 4,6553
4,3251 4,3586
4,8221 4,8558
5,3644 5,3986
599 18:16:21
4,6226 4,6557
4,3251 4,3589
4,8229 4,8567
5,3642 5,3984
600 18:17:21
4,6232 4,6564
4,3258 4,3592
4,8237 4,8575
5,3651 5,3994
601 18:18:21
4,6232 4,6564
4,3262 4,3596
4,8240 4,8580
5,3651 5,3994
602 18:19:21
4,6229 4,6562
4,3251 4,3586
4,8232 4,8572
5,3646 5,3991
603 18:20:21
4,6234 4,6562
4,3260 4,3590
4,8237 4,8571
5,3653 5,3991
604 18:21:21
4,6224 4,6576
4,3251 4,3608
4,8224 4,8583
5,3648 5,4013
605 18:22:20
4,6233 4,6561
4,3259 4,3589
4,8229 4,8568
5,3652 5,3991
606 18:23:20
4,6232 4,6562
4,3254 4,3590
4,8227 4,8564
5,3647 5,3986
607 18:24:20
4,6233 4,6561
4,3255 4,3585
4,8228 4,8563
5,3646 5,3985
608 18:25:20
4,6234 4,6563
4,3250 4,3586
4,8222 4,8558
5,3653 5,3992
609 18:26:21
4,6233 4,6564
4,3251 4,3588
4,8221 4,8559
5,3650 5,3992
610 18:27:21
4,6236 4,6563
4,3258 4,3591
4,8230 4,8563
5,3655 5,3992
611 18:28:21
4,6234 4,6563
4,3256 4,3587
4,8218 4,8555
5,3652 5,3993
612 18:29:21
4,6233 4,6561
4,3255 4,3585
4,8218 4,8557
5,3652 5,3991
613 18:30:20
4,6233 4,6562
4,3255 4,3586
4,8216 4,8554
5,3650 5,3990
614 18:31:20
4,6232 4,6562
4,3250 4,3586
4,8217 4,8554
5,3651 5,3992
615 18:32:21
4,6233 4,6563
4,3251 4,3583
4,8219 4,8560
5,3659 5,4000
616 18:33:21
4,6230 4,6562
4,3252 4,3586
4,8214 4,8558
5,3656 5,3995
617 18:34:21
4,6230 4,6562
4,3256 4,3590
4,8220 4,8559
5,3647 5,3991
618 18:35:21
4,6237 4,6582
4,3262 4,3608
4,8227 4,8578
5,3655 5,4013
619 18:36:20
4,6228 4,6593
4,3246 4,3611
4,8212 4,8585
5,3639 5,4020
620 18:37:21
4,6238 4,6596
4,3260 4,3623
4,8223 4,8593
5,3652 5,4025
621 18:38:21
4,6230 4,6594
4,3254 4,3621
4,8215 4,8592
5,3643 5,4022
622 18:39:21
4,6241 4,6577
4,3262 4,3600
4,8227 4,8574
5,3654 5,4002
623 18:40:21
4,6243 4,6584
4,3264 4,3611
4,8228 4,8581
5,3657 5,4010
624 18:41:21
4,6243 4,6584
4,3264 4,3611
4,8227 4,8575
5,3657 5,4010
625 18:42:21
4,6242 4,6580
4,3267 4,3608
4,8227 4,8571
5,3656 5,4006
626 18:43:21
4,6243 4,6584
4,3260 4,3603
4,8222 4,8572
5,3663 5,4010
627 18:44:20
4,6242 4,6580
4,3259 4,3599
4,8225 4,8572
5,3662 5,4006
628 18:45:20
4,6243 4,6580
4,3252 4,3595
4,8223 4,8566
5,3656 5,4004
629 18:46:21
4,6242 4,6576
4,3255 4,3591
4,8222 4,8562
5,3649 5,3995
630 18:47:21
4,6243 4,6579
4,3256 4,3595
4,8223 4,8565
5,3651 5,4000
631 18:48:21
4,6227 4,6587
4,3237 4,3601
4,8206 4,8574
5,3633 5,4008
632 18:49:21
4,6225 4,6586
4,3239 4,3604
4,8203 4,8575
5,3629 5,4005
633 18:50:21
4,6224 4,6584
4,3235 4,3600
4,8204 4,8571
5,3630 5,4005
634 18:51:20
4,6223 4,6583
4,3238 4,3599
4,8202 4,8570
5,3627 5,4003
635 18:52:21
4,6219 4,6592
4,3229 4,3606
4,8197 4,8578
5,3622 5,4009
636 18:53:21
4,6222 4,6584
4,3232 4,3594
4,8202 4,8571
5,3626 5,4004
637 18:54:20
4,6220 4,6593
4,3226 4,3602
4,8199 4,8580
5,3617 5,4007
638 18:55:20
4,6218 4,6592
4,3228 4,3603
4,8197 4,8579
5,3615 5,4007
639 18:56:20
4,6220 4,6582
4,3231 4,3594
4,8200 4,8569
5,3619 5,3994
640 18:57:20
4,6223 4,6580
4,3234 4,3595
4,8201 4,8565
5,3620 5,3988
641 18:58:21
4,6234 4,6574
4,3245 4,3586
4,8214 4,8560
5,3631 5,3979
642 18:59:21
4,6228 4,6584
4,3238 4,3594
4,8208 4,8571
5,3627 5,3991
643 19:00:21
4,6240 4,6588
4,3242 4,3595
4,8220 4,8574
5,3634 5,3990
644 19:01:21
4,6237 4,6591
4,3231 4,3590
4,8216 4,8578
5,3625 5,3994
645 19:02:21
4,6237 4,6600
4,3230 4,3593
4,8216 4,8587
5,3624 5,3996
646 19:03:21
4,6257 4,6590
4,3245 4,3584
4,8232 4,8573
5,3642 5,3985
647 19:04:21
4,6258 4,6588
4,3254 4,3586
4,8239 4,8576
5,3650 5,3991
648 19:05:20
4,6259 4,6589
4,3247 4,3583
4,8240 4,8577
5,3651 5,3992
649 19:06:20
4,6260 4,6591
4,3248 4,3581
4,8239 4,8577
5,3644 5,3986
650 19:07:21
4,6260 4,6591
4,3248 4,3581
4,8240 4,8581
5,3644 5,3986
651 19:08:21
4,6259 4,6589
4,3247 4,3583
4,8240 4,8581
5,3644 5,3984
652 19:09:21
4,6259 4,6593
4,3243 4,3583
4,8240 4,8583
5,3644 5,3990
653 19:10:20
4,6259 4,6593
4,3243 4,3579
4,8245 4,8585
5,3645 5,3989
654 19:11:20
4,6259 4,6594
4,3247 4,3584
4,8239 4,8586
5,3643 5,3989
655 19:12:21
4,6259 4,6594
4,3247 4,3584
4,8250 4,8591
5,3645 5,3990
656 19:13:21
4,6259 4,6593
4,3247 4,3584
4,8245 4,8586
5,3645 5,3990
657 19:14:21
4,6259 4,6594
4,3243 4,3584
4,8243 4,8585
5,3643 5,3989
658 19:15:20
4,6260 4,6591
4,3244 4,3581
4,8240 4,8583
5,3644 5,3986
659 19:16:21
4,6259 4,6592
4,3239 4,3578
4,8239 4,8584
5,3643 5,3983
660 19:17:21
4,6259 4,6591
4,3239 4,3578
4,8240 4,8579
5,3645 5,3988
661 19:18:21
4,6259 4,6591
4,3239 4,3578
4,8240 4,8579
5,3644 5,3986
662 19:19:21
4,6241 4,6597
4,3226 4,3582
4,8222 4,8585
5,3612 5,3983
663 19:20:20
4,6258 4,6586
4,3242 4,3572
4,8239 4,8574
5,3637 5,3969
664 19:21:21
4,6263 4,6586
4,3243 4,3572
4,8244 4,8573
5,3639 5,3971
665 19:22:21
4,6263 4,6586
4,3245 4,3575
4,8244 4,8573
5,3639 5,3971
666 19:23:21
4,6259 4,6581
4,3247 4,3571
4,8239 4,8567
5,3634 5,3966
667 19:24:21
4,6258 4,6582
4,3246 4,3572
4,8239 4,8572
5,3635 5,3967
668 19:25:20
4,6259 4,6581
4,3247 4,3575
4,8240 4,8573
5,3634 5,3966
669 19:26:20
4,6259 4,6581
4,3248 4,3577
4,8244 4,8572
5,3638 5,3970
670 19:27:20
4,6259 4,6581
4,3247 4,3571
4,8240 4,8573
5,3637 5,3969
671 19:28:21
4,6258 4,6580
4,3250 4,3574
4,8239 4,8572
5,3636 5,3968
672 19:29:21
4,6247 4,6585
4,3239 4,3579
4,8227 4,8577
5,3624 5,3974
673 19:30:20
4,6236 4,6593
4,3230 4,3591
4,8216 4,8585
5,3612 5,3983
674 19:31:20
4,6255 4,6585
4,3243 4,3579
4,8241 4,8578
5,3634 5,3969
675 19:32:21
4,6259 4,6586
4,3247 4,3580
4,8239 4,8576
5,3636 5,3968
676 19:33:21
4,6259 4,6585
4,3247 4,3575
4,8240 4,8573
5,3634 5,3968
677 19:34:21
4,6259 4,6585
4,3243 4,3575
4,8234 4,8566
5,3637 5,3969
678 19:35:20
4,6259 4,6585
4,3243 4,3571
4,8234 4,8566
5,3637 5,3969
679 19:36:20
4,6258 4,6590
4,3242 4,3576
4,8234 4,8573
5,3637 5,3973
680 19:37:21
4,6258 4,6592
4,3246 4,3582
4,8234 4,8575
5,3638 5,3983
681 19:38:21
4,6258 4,6592
4,3250 4,3587
4,8239 4,8580
5,3638 5,3983
682 19:39:21
4,6258 4,6588
4,3254 4,3586
4,8234 4,8570
5,3637 5,3977
683 19:40:21
4,6258 4,6596
4,3254 4,3594
4,8237 4,8584
5,3637 5,3987
684 19:41:20
4,6259 4,6590
4,3254 4,3590
4,8233 4,8571
5,3638 5,3981
685 19:42:20
4,6258 4,6594
4,3254 4,3595
4,8234 4,8581
5,3638 5,3985
686 19:43:20
4,6257 4,6595
4,3257 4,3601
4,8232 4,8582
5,3636 5,3986
687 19:44:21
4,6262 4,6592
4,3258 4,3591
4,8238 4,8574
5,3649 5,3982
688 19:45:21
4,6257 4,6591
4,3253 4,3593
4,8233 4,8573
5,3643 5,3981
689 19:46:21
4,6259 4,6591
4,3255 4,3593
4,8235 4,8574
5,3639 5,3982
690 19:47:20
4,6259 4,6595
4,3259 4,3597
4,8234 4,8582
5,3639 5,3986
691 19:48:20
4,6260 4,6597
4,3260 4,3603
4,8235 4,8584
5,3639 5,3988
692 19:49:21
4,6259 4,6591
4,3263 4,3597
4,8235 4,8578
5,3645 5,3982
693 19:50:21
4,6259 4,6591
4,3259 4,3597
4,8235 4,8574
5,3645 5,3982
694 19:51:21
4,6259 4,6592
4,3259 4,3598
4,8233 4,8573
5,3638 5,3981
695 19:52:21
4,6258 4,6596
4,3258 4,3602
4,8234 4,8579
5,3643 5,3987
696 19:53:20
4,6259 4,6592
4,3263 4,3602
4,8234 4,8577
5,3643 5,3981
697 19:55:20
4,6258 4,6591
4,3270 4,3605
4,8235 4,8577
5,3642 5,3986
698 19:56:21
4,6261 4,6592
4,3273 4,3606
4,8240 4,8578
5,3639 5,3981
699 19:57:21
4,6260 4,6593
4,3272 4,3611
4,8235 4,8580
5,3644 5,3984
700 19:58:21
4,6259 4,6593
4,3271 4,3611
4,8234 4,8580
5,3644 5,3990
701 19:59:21
4,6251 4,6585
4,3268 4,3608
4,8232 4,8573
5,3630 5,3975
702 20:00:21
4,6236 4,6594
4,3258 4,3620
4,8217 4,8582
5,3619 5,3992
703 20:01:20
4,6231 4,6587
4,3254 4,3615
4,8210 4,8574
5,3612 5,3982
704 20:02:20
4,6234 4,6583
4,3259 4,3609
4,8212 4,8568
5,3615 5,3978
705 20:03:21
4,6233 4,6585
4,3260 4,3617
4,8212 4,8572
5,3614 5,3980
706 20:04:21
4,6232 4,6586
4,3259 4,3618
4,8211 4,8573
5,3620 5,3989
707 20:05:21
4,6233 4,6586
4,3262 4,3616
4,8212 4,8573
5,3620 5,3985
708 20:06:21
4,6228 4,6589
4,3257 4,3619
4,8203 4,8575
5,3614 5,3989
709 20:07:20
4,6230 4,6592
4,3260 4,3622
4,8209 4,8579
5,3615 5,3995
710 20:08:21
4,6229 4,6589
4,3260 4,3625
4,8208 4,8578
5,3617 5,3992
711 20:09:21
4,6231 4,6589
4,3266 4,3628
4,8215 4,8581
5,3619 5,3992
712 20:10:21
4,6237 4,6591
4,3267 4,3625
4,8218 4,8579
5,3619 5,3987
713 20:11:21
4,6239 4,6590
4,3272 4,3628
4,8218 4,8576
5,3627 5,3992
714 20:12:21
4,6236 4,6590
4,3270 4,3628
4,8215 4,8577
5,3618 5,3987
715 20:13:21
4,6238 4,6591
4,3275 4,3629
4,8217 4,8577
5,3620 5,3987
716 20:14:21
4,6238 4,6591
4,3268 4,3624
4,8217 4,8577
5,3622 5,3986
717 20:15:21
4,6237 4,6591
4,3271 4,3625
4,8218 4,8579
5,3619 5,3987
718 20:16:21
4,6237 4,6590
4,3274 4,3628
4,8216 4,8577
5,3624 5,3990
719 20:17:20
4,6237 4,6589
4,3276 4,3629
4,8218 4,8577
5,3623 5,3985
720 20:18:21
4,6238 4,6593
4,3276 4,3631
4,8217 4,8579
5,3620 5,3989
721 20:19:21
4,6238 4,6593
4,3276 4,3635
4,8217 4,8579
5,3620 5,3989
722 20:20:21
4,6238 4,6590
4,3281 4,3638
4,8219 4,8578
5,3620 5,3986
723 20:21:21
4,6238 4,6590
4,3281 4,3638
4,8219 4,8578
5,3620 5,3986
724 20:22:21
4,6238 4,6593
4,3280 4,3635
4,8217 4,8579
5,3620 5,3989
725 20:23:20
4,6234 4,6592
4,3276 4,3634
4,8211 4,8579
5,3615 5,3989
726 20:24:20
4,6238 4,6593
4,3280 4,3635
4,8217 4,8579
5,3620 5,3989
727 20:25:21
4,6238 4,6593
4,3276 4,3635
4,8217 4,8579
5,3620 5,3989
728 20:26:21
4,6239 4,6592
4,3280 4,3638
4,8218 4,8578
5,3621 5,3988
729 20:27:20
4,6239 4,6592
4,3280 4,3638
4,8218 4,8578
5,3621 5,3988
730 20:28:20
4,6235 4,6592
4,3276 4,3638
4,8214 4,8579
5,3615 5,3987
731 20:29:20
4,6239 4,6592
4,3284 4,3638
4,8218 4,8578
5,3621 5,3988
732 20:30:21
4,6234 4,6592
4,3281 4,3640
4,8213 4,8579
5,3616 5,3989
733 20:31:21
4,6244 4,6577
4,3288 4,3624
4,8229 4,8568
5,3626 5,3970
734 20:32:21
4,6246 4,6577
4,3290 4,3624
4,8225 4,8567
5,3628 5,3970
735 20:33:21
4,6246 4,6577
4,3290 4,3628
4,8229 4,8567
5,3628 5,3970
736 20:34:20
4,6246 4,6577
4,3290 4,3628
4,8226 4,8563
5,3628 5,3970
737 20:35:20
4,6246 4,6577
4,3290 4,3624
4,8226 4,8563
5,3628 5,3970
738 20:36:21
4,6246 4,6577
4,3290 4,3628
4,8226 4,8563
5,3628 5,3970
739 20:37:21
4,6237 4,6591
4,3284 4,3643
4,8218 4,8579
5,3619 5,3987
740 20:38:21
4,6246 4,6577
4,3290 4,3628
4,8226 4,8563
5,3628 5,3971
741 20:39:20
4,6246 4,6576
4,3288 4,3625
4,8226 4,8562
5,3630 5,3971
742 20:40:20
4,6246 4,6577
4,3290 4,3628
4,8226 4,8567
5,3628 5,3970
743 20:41:21
4,6246 4,6577
4,3290 4,3628
4,8225 4,8563
5,3628 5,3970
744 20:42:21
4,6237 4,6591
4,3284 4,3643
4,8218 4,8581
5,3617 5,3991
745 20:43:21
4,6237 4,6589
4,3284 4,3641
4,8217 4,8581
5,3620 5,3985
746 20:44:21
4,6246 4,6576
4,3292 4,3629
4,8227 4,8568
5,3630 5,3971
747 20:45:21
4,6246 4,6577
4,3294 4,3628
4,8231 4,8568
5,3628 5,3966
748 20:46:21
4,6246 4,6577
4,3294 4,3632
4,8231 4,8568
5,3621 5,3963
749 20:47:20
4,6246 4,6577
4,3294 4,3632
4,8231 4,8568
5,3623 5,3964
750 20:48:20
4,6246 4,6577
4,3299 4,3635
4,8231 4,8568
5,3629 5,3970
751 20:49:21
4,6246 4,6577
4,3290 4,3628
4,8225 4,8567
5,3629 5,3964
752 20:50:21
4,6246 4,6577
4,3294 4,3628
4,8226 4,8563
5,3625 5,3964
753 20:51:21
4,6246 4,6577
4,3294 4,3632
4,8225 4,8563
5,3628 5,3970
754 20:52:21
4,6246 4,6576
4,3292 4,3625
4,8226 4,8562
5,3623 5,3963
755 20:53:21
4,6247 4,6575
4,3289 4,3624
4,8227 4,8561
5,3624 5,3962
756 20:54:20
4,6248 4,6577
4,3296 4,3628
4,8228 4,8563
5,3625 5,3964
757 20:55:20
4,6248 4,6577
4,3296 4,3632
4,8227 4,8567
5,3625 5,3958
758 20:56:21
4,6248 4,6577
4,3300 4,3632
4,8228 4,8563
5,3624 5,3960
759 20:57:21
4,6248 4,6577
4,3300 4,3632
4,8228 4,8563
5,3625 5,3964
760 20:58:21
4,6249 4,6579
4,3307 4,3640
4,8229 4,8565
5,3626 5,3962
761 20:59:21
4,6255 4,6581
4,3310 4,3640
4,8240 4,8572
5,3632 5,3964
762 21:00:20
4,6256 4,6580
4,3314 4,3645
4,8236 4,8566
5,3634 5,3968
763 21:01:20
4,6257 4,6583
4,3308 4,3639
4,8237 4,8569
5,3635 5,3967
764 21:02:21
4,6259 4,6581
4,3309 4,3636
4,8239 4,8567
5,3631 5,3963
765 21:03:21
4,6260 4,6584
4,3309 4,3640
4,8242 4,8571
5,3633 5,3967
766 21:04:21
4,6260 4,6585
4,3311 4,3639
4,8240 4,8571
5,3633 5,3968
767 21:05:20
4,6260 4,6585
4,3309 4,3640
4,8240 4,8571
5,3633 5,3968
768 21:06:20
4,6260 4,6585
4,3309 4,3636
4,8238 4,8570
5,3633 5,3968
769 21:07:20
4,6260 4,6585
4,3303 4,3635
4,8240 4,8571
5,3632 5,3966
770 21:08:21
4,6260 4,6583
4,3303 4,3633
4,8240 4,8569
5,3631 5,3963
771 21:09:21
4,6260 4,6583
4,3299 4,3629
4,8240 4,8569
5,3629 5,3961
772 21:10:21
4,6260 4,6583
4,3303 4,3633
4,8234 4,8568
5,3632 5,3964
773 21:11:21
4,6247 4,6578
4,3288 4,3625
4,8222 4,8559
5,3616 5,3958
774 21:12:20
4,6246 4,6579
4,3282 4,3618
4,8221 4,8560
5,3616 5,3956
775 21:13:20
4,6247 4,6580
4,3284 4,3619
4,8222 4,8561
5,3617 5,3961
776 21:14:21
4,6245 4,6577
4,3282 4,3620
4,8220 4,8558
5,3615 5,3953
777 21:15:21
4,6244 4,6580
4,3285 4,3625
4,8219 4,8561
5,3615 5,3962
778 21:16:20
4,6233 4,6568
4,3275 4,3612
4,8206 4,8548
5,3601 5,3948
779 21:17:20
4,6230 4,6566
4,3268 4,3610
4,8205 4,8548
5,3599 5,3946
780 21:18:21
4,6231 4,6568
4,3265 4,3608
4,8204 4,8548
5,3599 5,3942
781 21:19:21
4,6230 4,6564
4,3268 4,3604
4,8205 4,8546
5,3599 5,3944
782 21:20:21
4,6231 4,6566
4,3265 4,3606
4,8202 4,8542
5,3599 5,3946
783 21:21:20
4,6231 4,6566
4,3265 4,3606
4,8199 4,8541
5,3599 5,3946
784 21:22:20
4,6231 4,6566
4,3265 4,3606
4,8199 4,8541
5,3599 5,3946
785 21:23:21
4,6229 4,6565
4,3263 4,3605
4,8199 4,8542
5,3597 5,3945
786 21:24:21
4,6229 4,6565
4,3263 4,3605
4,8199 4,8542
5,3597 5,3945
787 21:25:21
4,6231 4,6564
4,3269 4,3608
4,8200 4,8539
5,3598 5,3942
788 21:26:21
4,6229 4,6565
4,3263 4,3605
4,8199 4,8542
5,3597 5,3945
789 21:27:21
4,6231 4,6566
4,3265 4,3606
4,8199 4,8541
5,3599 5,3946
790 21:28:20
4,6230 4,6565
4,3259 4,3599
4,8194 4,8535
5,3597 5,3937
791 21:29:21
4,6229 4,6565
4,3259 4,3601
4,8194 4,8537
5,3598 5,3939
792 21:30:21
4,6223 4,6557
4,3254 4,3594
4,8187 4,8531
5,3591 5,3930
793 21:31:21
4,6221 4,6558
4,3252 4,3595
4,8190 4,8533
5,3587 5,3936
794 21:32:21
4,6223 4,6558
4,3258 4,3599
4,8192 4,8533
5,3589 5,3935
795 21:33:21
4,6223 4,6558
4,3262 4,3599
4,8192 4,8533
5,3589 5,3935
796 21:34:20
4,6223 4,6557
4,3266 4,3602
4,8193 4,8538
5,3596 5,3938
797 21:35:21
4,6221 4,6557
4,3260 4,3602
4,8190 4,8532
5,3594 5,3936
798 21:36:20
4,6223 4,6558
4,3261 4,3601
4,8192 4,8533
5,3589 5,3935
799 21:37:20
4,6223 4,6557
4,3263 4,3600
4,8192 4,8532
5,3597 5,3936
800 21:38:21
4,6222 4,6556
4,3261 4,3597
4,8191 4,8531
5,3590 5,3935
801 21:39:21
4,6223 4,6558
4,3262 4,3599
4,8192 4,8533
5,3589 5,3935
802 21:40:21
4,6223 4,6558
4,3262 4,3599
4,8192 4,8533
5,3589 5,3935
803 21:41:20
4,6221 4,6557
4,3256 4,3598
4,8190 4,8532
5,3589 5,3936
804 21:42:21
4,6221 4,6557
4,3252 4,3594
4,8190 4,8532
5,3589 5,3936
805 21:43:21
4,6221 4,6557
4,3252 4,3594
4,8185 4,8527
5,3589 5,3936
806 21:44:21
4,6221 4,6558
4,3256 4,3599
4,8188 4,8533
5,3586 5,3936
807 21:45:21
4,6223 4,6558
4,3258 4,3599
4,8188 4,8531
5,3589 5,3935
808 21:46:21
4,6221 4,6557
4,3260 4,3598
4,8190 4,8532
5,3589 5,3936
809 21:47:21
4,6221 4,6557
4,3256 4,3598
4,8186 4,8533
5,3581 5,3929
810 21:48:21
4,6221 4,6557
4,3256 4,3598
4,8190 4,8532
5,3589 5,3930
811 21:49:21
4,6222 4,6557
4,3257 4,3598
4,8186 4,8529
5,3582 5,3929
812 21:50:21
4,6222 4,6557
4,3257 4,3598
4,8191 4,8532
5,3582 5,3929
813 21:51:21
4,6222 4,6557
4,3253 4,3594
4,8187 4,8531
5,3582 5,3929
814 21:52:21
4,6222 4,6557
4,3257 4,3598
4,8186 4,8531
5,3589 5,3934
815 21:53:21
4,6222 4,6557
4,3257 4,3598
4,8186 4,8531
5,3588 5,3934
816 21:54:21
4,6222 4,6557
4,3257 4,3598
4,8186 4,8527
5,3582 5,3929
817 21:55:21
4,6222 4,6557
4,3257 4,3594
4,8186 4,8527
5,3588 5,3932
818 21:56:21
4,6220 4,6556
4,3251 4,3593
4,8184 4,8526
5,3586 5,3928
819 21:57:22
4,6220 4,6556
4,3251 4,3593
4,8184 4,8526
5,3580 5,3928
820 21:58:21
4,6223 4,6558
4,3252 4,3590
4,8186 4,8532
5,3589 5,3929
821 21:59:21
4,6223 4,6558
4,3250 4,3587
4,8190 4,8532
5,3583 5,3929
822 22:00:21
4,6229 4,6557
4,3251 4,3585
4,8196 4,8533
5,3591 5,3929
823 22:01:21
4,6229 4,6561
4,3251 4,3589
4,8198 4,8536
5,3591 5,3933
824 22:02:21
4,6231 4,6564
4,3253 4,3592
4,8200 4,8539
5,3592 5,3936
825 22:03:21
4,6229 4,6566
4,3251 4,3594
4,8202 4,8546
5,3590 5,3939
826 22:04:22
4,6229 4,6566
4,3255 4,3598
4,8202 4,8546
5,3590 5,3939
827 22:05:21
4,6229 4,6566
4,3255 4,3594
4,8203 4,8552
5,3590 5,3939
828 22:06:21
4,6229 4,6566
4,3255 4,3598
4,8203 4,8550
5,3590 5,3939
829 22:07:21
4,6221 4,6572
4,3243 4,3599
4,8195 4,8558
5,3581 5,3946
830 22:08:20
4,6229 4,6565
4,3251 4,3593
4,8204 4,8547
5,3592 5,3935
831 22:09:21
4,6229 4,6563
4,3251 4,3587
4,8204 4,8545
5,3592 5,3931
832 22:10:21
4,6227 4,6565
4,3249 4,3589
4,8202 4,8547
5,3588 5,3932
833 22:11:21
4,6228 4,6564
4,3250 4,3588
4,8203 4,8546
5,3589 5,3931
834 22:12:21
4,6239 4,6569
4,3253 4,3586
4,8214 4,8550
5,3603 5,3937
835 22:13:20
4,6239 4,6569
4,3249 4,3582
4,8211 4,8546
5,3603 5,3940
836 22:14:20
4,6241 4,6570
4,3249 4,3585
4,8216 4,8551
5,3603 5,3943
837 22:15:20
4,6235 4,6570
4,3245 4,3586
4,8208 4,8550
5,3603 5,3945
838 22:16:20
4,6235 4,6569
4,3244 4,3580
4,8204 4,8550
5,3599 5,3944
839 22:17:20
4,6235 4,6570
4,3244 4,3580
4,8208 4,8550
5,3597 5,3944
840 22:18:21
4,6235 4,6570
4,3244 4,3580
4,8204 4,8551
5,3597 5,3944
841 22:19:21
4,6226 4,6572
4,3237 4,3584
4,8195 4,8549
5,3588 5,3947
842 22:20:21
4,6228 4,6573
4,3237 4,3583
4,8197 4,8554
5,3588 5,3946
843 22:21:21
4,6235 4,6570
4,3244 4,3580
4,8204 4,8551
5,3596 5,3936
844 22:22:21
4,6235 4,6570
4,3244 4,3580
4,8203 4,8549
5,3597 5,3944
845 22:23:21
4,6235 4,6570
4,3240 4,3580
4,8204 4,8547
5,3596 5,3938
846 22:24:21
4,6235 4,6570
4,3244 4,3580
4,8203 4,8549
5,3597 5,3938
847 22:25:21
4,6235 4,6570
4,3244 4,3580
4,8204 4,8551
5,3597 5,3944
848 22:26:21
4,6235 4,6569
4,3240 4,3576
4,8204 4,8550
5,3599 5,3944
849 22:27:21
4,6237 4,6569
4,3242 4,3576
4,8207 4,8548
5,3600 5,3938
850 22:28:21
4,6237 4,6570
4,3242 4,3577
4,8205 4,8545
5,3599 5,3939
851 22:29:21
4,6239 4,6570
4,3244 4,3581
4,8208 4,8551
5,3601 5,3943
852 22:30:21
4,6237 4,6569
4,3242 4,3580
4,8201 4,8545
5,3599 5,3938
853 22:31:21
4,6235 4,6569
4,3242 4,3581
4,8199 4,8545
5,3595 5,3938
854 22:32:21
4,6233 4,6569
4,3240 4,3577
4,8203 4,8546
5,3595 5,3937
855 22:33:21
4,6237 4,6569
4,3242 4,3576
4,8207 4,8546
5,3601 5,3938
856 22:34:21
4,6237 4,6570
4,3242 4,3577
4,8205 4,8545
5,3593 5,3938
857 22:35:21
4,6235 4,6570
4,3240 4,3577
4,8203 4,8545
5,3591 5,3938
858 22:36:22
4,6235 4,6569
4,3240 4,3576
4,8205 4,8546
5,3599 5,3938
859 22:37:21
4,6235 4,6569
4,3240 4,3576
4,8199 4,8545
5,3591 5,3937
860 22:38:21
4,6237 4,6570
4,3242 4,3577
4,8201 4,8546
5,3594 5,3937
861 22:39:21
4,6237 4,6570
4,3242 4,3577
4,8201 4,8546
5,3593 5,3937
862 22:40:21
4,6234 4,6573
4,3239 4,3583
4,8198 4,8549
5,3590 5,3941
863 22:41:21
4,6238 4,6573
4,3243 4,3584
4,8206 4,8550
5,3594 5,3940
864 22:42:21
4,6238 4,6573
4,3243 4,3584
4,8206 4,8548
5,3594 5,3940
865 22:43:21
4,6236 4,6573
4,3241 4,3583
4,8205 4,8550
5,3592 5,3940
866 22:44:21
4,6236 4,6572
4,3241 4,3583
4,8206 4,8549
5,3594 5,3941
867 22:45:21
4,6238 4,6573
4,3239 4,3580
4,8206 4,8548
5,3594 5,3940
868 22:46:20
4,6236 4,6572
4,3237 4,3579
4,8206 4,8549
5,3592 5,3934
869 22:47:21
4,6234 4,6572
4,3245 4,3584
4,8204 4,8549
5,3592 5,3941
870 22:48:21
4,6236 4,6572
4,3241 4,3583
4,8206 4,8549
5,3594 5,3941
871 22:49:21
4,6238 4,6573
4,3243 4,3584
4,8207 4,8554
5,3594 5,3940
872 22:50:32
4,6227 4,6578
4,3232 4,3588
4,8195 4,8554
5,3582 5,3946
873 22:51:21
4,6225 4,6578
4,3230 4,3588
4,8194 4,8559
5,3580 5,3947
874 22:52:21
4,6226 4,6577
4,3231 4,3583
4,8195 4,8558
5,3581 5,3946
875 22:53:21
4,6223 4,6578
4,3228 4,3588
4,8192 4,8559
5,3570 5,3940
876 22:54:21
4,6225 4,6578
4,3230 4,3584
4,8193 4,8553
5,3572 5,3940
877 22:55:21
4,6206 4,6568
4,3209 4,3575
4,8174 4,8549
5,3549 5,3928
878 22:56:20
4,6205 4,6579
4,3208 4,3586
4,8174 4,8561
5,3550 5,3942
879 22:57:21
4,6205 4,6576
4,3208 4,3583
4,8172 4,8556
5,3549 5,3937
880 22:58:21
4,6204 4,6573
4,3207 4,3580
4,8170 4,8552
5,3544 5,3934
881 22:59:21
4,6213 4,6567
4,3216 4,3575
4,8177 4,8547
5,3554 5,3928
882 23:00:21
4,6210 4,6570
4,3209 4,3627
4,8178 4,8583
5,3549 5,3962
883 23:01:21
4,6210 4,6570
4,3210 4,3631
4,8177 4,8583
5,3548 5,3960
884 23:02:21
4,6210 4,6596
4,3209 4,3655
4,8178 4,8644
5,3564 5,4029
885 23:03:21
4,6210 4,6596
4,3210 4,3651
4,8178 4,8644
5,3566 5,4041
886 23:04:21
4,6210 4,6596
4,3210 4,3651
4,8178 4,8644
5,3541 5,4054
887 23:05:21
4,6210 4,6596
4,3214 4,3651
4,8130 4,8674
5,3544 5,4049
888 23:06:22
4,6210 4,6596
4,3214 4,3643
4,8124 4,8665
5,3569 5,4035
889 23:07:20
4,6177 4,6631
4,3183 4,3660
4,8090 4,8687
5,3533 5,4057
890 23:08:20
4,6176 4,6630
4,3182 4,3643
4,8082 4,8664
5,3526 5,4043
891 23:09:20
4,6176 4,6630
4,3182 4,3643
4,8148 4,8664
5,3526 5,4037
892 23:10:20
4,6208 4,6598
4,3212 4,3637
4,8177 4,8645
5,3570 5,4025
893 23:11:21
4,6210 4,6596
4,3214 4,3635
4,8178 4,8644
5,3569 5,4026
894 23:12:21
4,6210 4,6596
4,3210 4,3631
4,8134 4,8655
5,3563 5,4026
895 23:13:21
4,6210 4,6596
4,3210 4,3631
4,8133 4,8649
5,3565 5,4030
896 23:14:21
4,6210 4,6596
4,3210 4,3631
4,8134 4,8655
5,3565 5,4030
897 23:15:21
4,6211 4,6592
4,3206 4,3607
4,8156 4,8631
5,3560 5,4025
898 23:16:20
4,6211 4,6592
4,3209 4,3605
4,8179 4,8634
5,3560 5,4008
899 23:17:20
4,6211 4,6592
4,3209 4,3601
4,8179 4,8634
5,3552 5,3987
900 23:18:20
4,6211 4,6592
4,3209 4,3601
4,8133 4,8633
5,3552 5,3987
901 23:19:21
4,6211 4,6592
4,3205 4,3601
4,8133 4,8633
5,3552 5,3987
902 23:20:21
4,6211 4,6592
4,3205 4,3601
4,8133 4,8633
5,3552 5,3987
903 23:21:21
4,6211 4,6592
4,3209 4,3601
4,8133 4,8633
5,3554 5,3997
904 23:22:21
4,6211 4,6592
4,3205 4,3601
4,8139 4,8634
5,3554 5,4002
905 23:23:21
4,6211 4,6592
4,3209 4,3601
4,8139 4,8634
5,3554 5,4002
906 23:24:21
4,6211 4,6592
4,3201 4,3597
4,8169 4,8614
5,3549 5,4002
907 23:25:21
4,6211 4,6592
4,3201 4,3597
4,8169 4,8614
5,3559 5,4003
908 23:26:20
4,6205 4,6591
4,3194 4,3595
4,8134 4,8629
5,3556 5,4003
909 23:27:20
4,6205 4,6591
4,3197 4,3594
4,8163 4,8613
5,3554 5,4002
910 23:28:20
4,6205 4,6591
4,3193 4,3594
4,8144 4,8623
5,3552 5,3992
911 23:29:21
4,6205 4,6591
4,3193 4,3602
4,8164 4,8609
5,3542 5,3990
912 23:30:21
4,6205 4,6591
4,3197 4,3594
4,8139 4,8625
5,3542 5,3987
913 23:31:21
4,6139 4,6658
4,3135 4,3656
4,8056 4,8662
5,3475 5,4054
914 23:32:21
4,6170 4,6625
4,3162 4,3624
4,8115 4,8607
5,3512 5,4011
915 23:33:21
4,6173 4,6624
4,3165 4,3623
4,8120 4,8607
5,3509 5,4004
916 23:34:21
4,6170 4,6625
4,3162 4,3624
4,8115 4,8607
5,3506 5,4005
917 23:35:21
4,6172 4,6626
4,3166 4,3627
4,8125 4,8610
5,3509 5,4007
918 23:36:21
4,6170 4,6624
4,3164 4,3625
4,8122 4,8613
5,3512 5,3998
919 23:37:21
4,6169 4,6623
4,3163 4,3623
4,8121 4,8615
5,3505 5,4003
920 23:38:21
4,6169 4,6623
4,3163 4,3624
4,8129 4,8611
5,3505 5,4003
921 23:39:20
4,6169 4,6623
4,3163 4,3632
4,8124 4,8613
5,3505 5,4003
922 23:40:21
4,6198 4,6598
4,3189 4,3599
4,8156 4,8589
5,3530 5,3983
923 23:41:21
4,6205 4,6591
4,3197 4,3594
4,8158 4,8578
5,3540 5,3975
924 23:42:21
4,6205 4,6591
4,3197 4,3594
4,8160 4,8579
5,3540 5,3975
925 23:43:22
4,6169 4,6623
4,3171 4,3631
4,8126 4,8617
5,3513 5,4004
926 23:44:21
4,6169 4,6623
4,3171 4,3631
4,8126 4,8617
5,3511 5,4003
927 23:45:21
4,6169 4,6623
4,3171 4,3631
4,8128 4,8616
5,3515 5,4003
928 23:46:20
4,6169 4,6623
4,3171 4,3631
4,8126 4,8617
5,3511 5,3997
929 23:47:20
4,6173 4,6624
4,3173 4,3631
4,8134 4,8616
5,3515 5,3997
930 23:48:21
4,6202 4,6594
4,3202 4,3605
4,8161 4,8586
5,3536 5,3974
931 23:49:21
4,6205 4,6591
4,3205 4,3602
4,8171 4,8583
5,3543 5,3969
932 23:50:21
4,6205 4,6591
4,3205 4,3602
4,8173 4,8583
5,3543 5,3969
933 23:51:21
4,6205 4,6591
4,3205 4,3602
4,8169 4,8584
5,3540 5,3975
934 23:52:21
4,6202 4,6594
4,3202 4,3604
4,8160 4,8586
5,3538 5,3977
935 23:53:21
4,6202 4,6594
4,3202 4,3605
4,8162 4,8583
5,3536 5,3976
936 23:54:21
4,6202 4,6594
4,3202 4,3605
4,8160 4,8586
5,3536 5,3976
937 23:55:20
4,6202 4,6594
4,3202 4,3601
4,8161 4,8582
5,3545 5,3994
938 23:56:21
4,6172 4,6618
4,3174 4,3627
4,8129 4,8601
5,3516 5,4017
939 23:57:21
4,6172 4,6618
4,3174 4,3627
4,8135 4,8612
5,3516 5,4017
940 23:58:21
4,6185 4,6612
4,3184 4,3620
4,8145 4,8603
5,3526 5,4013
941 23:59:21
4,6202 4,6594
4,3202 4,3605
4,8166 4,8587
5,3544 5,3983
942 00:00:21
4,6167 4,6634
4,3172 4,3641
4,8128 4,8625
5,3516 5,4033
