#======================
2023-7-11
# 1.EUR, 2.USD, 3.CHF, 4.GBP
Sell Price, Buy Price
1 11:33
4,4258 4,4580
4,0215 4,0536
4,5591 4,5919
5,1940 5,2272
2 11:34
4,4258 4,4580
4,0217 4,0538
4,5591 4,5919
5,1940 5,2272
3 11:35
4,4257 4,4579
4,0210 4,0531
4,5590 4,5918
5,1939 5,2271
4 11:36
4,4258 4,4580
4,0213 4,0534
4,5591 4,5919
5,1943 5,2275
5 11:37
4,4258 4,4580
4,0206 4,0527
4,5588 4,5916
5,1940 5,2272
6 11:38
4,4263 4,4585
4,0214 4,0535
4,5591 4,5919
5,1946 5,2278
7 11:39
4,4256 4,4578
4,0209 4,0530
4,5586 4,5914
5,1944 5,2276
8 11:40
4,4240 4,4562
4,0197 4,0518
4,5572 4,5900
5,1923 5,2255
9 11:41
4,4238 4,4560
4,0190 4,0511
4,5568 4,5896
5,1926 5,2258
10 11:42
4,4239 4,4561
4,0194 4,0515
4,5571 4,5899
5,1939 5,2271
11 11:43
4,4250 4,4572
4,0200 4,0521
4,5580 4,5908
5,1950 5,2282
12 11:44
4,4248 4,4570
4,0200 4,0521
4,5580 4,5908
5,1956 5,2288
13 11:45
4,4247 4,4569
4,0199 4,0520
4,5575 4,5903
5,1946 5,2278
14 11:46
4,4247 4,4568
4,0192 4,0513
4,5570 4,5898
5,1946 5,2278
15 11:47
4,4239 4,4560
4,0183 4,0504
4,5559 4,5887
5,1933 5,2265
16 11:48
4,4227 4,4548
4,0172 4,0493
4,5545 4,5873
5,1912 5,2244
17 11:49
4,4239 4,4560
4,0185 4,0506
4,5552 4,5880
5,1939 5,2271
18 11:50
4,4238 4,4559
4,0182 4,0503
4,5554 4,5882
5,1927 5,2259
19 11:51
4,4234 4,4556
4,0179 4,0500
4,5550 4,5878
5,1918 5,2250
20 11:52
4,4240 4,4562
4,0180 4,0501
4,5553 4,5881
5,1922 5,2254
21 11:53
4,4240 4,4562
4,0185 4,0506
4,5554 4,5882
5,1925 5,2257
22 11:54
4,4255 4,4577
4,0194 4,0515
4,5568 4,5896
5,1943 5,2275
23 11:55
4,4253 4,4575
4,0199 4,0520
4,5567 4,5895
5,1942 5,2274
24 11:56
4,4253 4,4575
4,0207 4,0528
4,5566 4,5894
5,1953 5,2285
25 11:57
4,4241 4,4563
4,0190 4,0511
4,5552 4,5880
5,1939 5,2271
26 11:58
4,4240 4,4562
4,0189 4,0510
4,5547 4,5875
5,1931 5,2263
27 11:59
4,4241 4,4563
4,0189 4,0510
4,5543 4,5871
5,1935 5,2267
28 12:00
4,4241 4,4563
4,0190 4,0511
4,5536 4,5864
5,1933 5,2265
29 12:01
4,4241 4,4563
4,0188 4,0509
4,5540 4,5868
5,1926 5,2258
30 12:02
4,4241 4,4563
4,0179 4,0500
4,5543 4,5871
5,1920 5,2252
31 12:03
4,4243 4,4565
4,0183 4,0504
4,5559 4,5887
5,1932 5,2264
32 12:04
4,4243 4,4565
4,0190 4,0511
4,5561 4,5889
5,1941 5,2273
33 12:05
4,4243 4,4565
4,0190 4,0511
4,5564 4,5892
5,1935 5,2267
34 12:06
4,4268 4,4590
4,0217 4,0538
4,5593 4,5921
5,1965 5,2297
35 12:07
4,4247 4,4569
4,0194 4,0515
4,5570 4,5898
5,1933 5,2265
36 12:08
4,4250 4,4572
4,0197 4,0518
4,5573 4,5901
5,1934 5,2266
37 12:09
4,4254 4,4576
4,0197 4,0518
4,5584 4,5912
5,1945 5,2277
38 12:10
4,4251 4,4573
4,0190 4,0511
4,5589 4,5917
5,1939 5,2271
39 12:11
4,4251 4,4573
4,0190 4,0511
4,5590 4,5918
5,1932 5,2264
40 12:12
4,4251 4,4573
4,0186 4,0507
4,5591 4,5919
5,1933 5,2265
41 12:13
4,4237 4,4559
4,0172 4,0493
4,5579 4,5907
5,1922 5,2254
42 12:14
4,4238 4,4560
4,0171 4,0492
4,5580 4,5908
5,1931 5,2263
43 12:15
4,4242 4,4564
4,0180 4,0501
4,5586 4,5914
5,1931 5,2263
44 12:16
4,4237 4,4559
4,0178 4,0499
4,5583 4,5911
5,1925 5,2257
45 12:17
4,4237 4,4559
4,0176 4,0497
4,5579 4,5907
5,1926 5,2258
46 12:18
4,4236 4,4558
4,0177 4,0498
4,5578 4,5906
5,1933 5,2265
47 12:19
4,4236 4,4558
4,0173 4,0494
4,5573 4,5901
5,1926 5,2258
48 12:20
4,4240 4,4562
4,0174 4,0495
4,5574 4,5902
5,1937 5,2269
49 12:21
4,4239 4,4561
4,0174 4,0495
4,5571 4,5899
5,1936 5,2268
50 12:22
4,4238 4,4560
4,0175 4,0496
4,5573 4,5901
5,1929 5,2261
51 12:23
4,4239 4,4561
4,0176 4,0497
4,5574 4,5902
5,1927 5,2259
52 12:24
4,4238 4,4560
4,0173 4,0494
4,5570 4,5898
5,1926 5,2258
53 12:25
4,4235 4,4557
4,0172 4,0493
4,5569 4,5897
5,1926 5,2258
54 12:26
4,4232 4,4554
4,0169 4,0490
4,5566 4,5894
5,1932 5,2264
55 12:27
4,4233 4,4555
4,0168 4,0489
4,5563 4,5891
5,1921 5,2253
56 12:28
4,4235 4,4557
4,0183 4,0504
4,5567 4,5895
5,1931 5,2263
57 12:29
4,4234 4,4556
4,0179 4,0500
4,5563 4,5891
5,1931 5,2263
58 12:30
4,4238 4,4560
4,0184 4,0505
4,5565 4,5893
5,1938 5,2270
59 12:31
4,4258 4,4579
4,0200 4,0521
4,5586 4,5914
5,1965 5,2297
60 12:32
4,4255 4,4576
4,0190 4,0511
4,5581 4,5909
5,1967 5,2299
61 12:33
4,4256 4,4577
4,0189 4,0510
4,5582 4,5910
5,1969 5,2301
62 12:34
4,4255 4,4576
4,0190 4,0511
4,5580 4,5908
5,1980 5,2312
63 12:35
4,4260 4,4581
4,0197 4,0518
4,5585 4,5913
5,1976 5,2308
64 12:36
4,4260 4,4581
4,0195 4,0516
4,5583 4,5911
5,1976 5,2308
65 12:37
4,4254 4,4575
4,0191 4,0512
4,5589 4,5917
5,1975 5,2307
66 12:38
4,4250 4,4571
4,0175 4,0496
4,5591 4,5919
5,1988 5,2320
67 12:39
4,4252 4,4573
4,0177 4,0498
4,5592 4,5920
5,1995 5,2327
68 12:40
4,4251 4,4572
4,0176 4,0497
4,5593 4,5921
5,1991 5,2323
69 12:41
4,4234 4,4556
4,0164 4,0485
4,5578 4,5906
5,1973 5,2305
70 12:42
4,4238 4,4560
4,0169 4,0490
4,5584 4,5912
5,1987 5,2319
71 12:43
4,4229 4,4551
4,0165 4,0486
4,5575 4,5903
5,1971 5,2303
72 12:44
4,4260 4,4582
4,0191 4,0512
4,5607 4,5935
5,2007 5,2339
73 12:45
4,4262 4,4584
4,0198 4,0519
4,5600 4,5928
5,2019 5,2351
74 12:46
4,4273 4,4595
4,0210 4,0531
4,5611 4,5939
5,2031 5,2363
75 12:47
4,4271 4,4593
4,0214 4,0535
4,5609 4,5937
5,2036 5,2368
76 12:48
4,4279 4,4601
4,0227 4,0548
4,5622 4,5950
5,2033 5,2365
77 12:49
4,4278 4,4600
4,0226 4,0547
4,5622 4,5950
5,2028 5,2360
78 12:50
4,4278 4,4600
4,0231 4,0552
4,5637 4,5965
5,2023 5,2355
79 12:51
4,4279 4,4601
4,0229 4,0550
4,5635 4,5963
5,2015 5,2347
80 12:52
4,4278 4,4600
4,0224 4,0545
4,5628 4,5956
5,2016 5,2348
81 12:53
4,4278 4,4600
4,0220 4,0541
4,5626 4,5954
5,2010 5,2342
82 12:54
4,4281 4,4603
4,0230 4,0551
4,5632 4,5960
5,2009 5,2341
83 12:55
4,4282 4,4604
4,0229 4,0550
4,5637 4,5965
5,2008 5,2340
84 12:56
4,4282 4,4604
4,0229 4,0550
4,5634 4,5962
5,1996 5,2328
85 12:57
4,4282 4,4604
4,0231 4,0552
4,5639 4,5967
5,1990 5,2322
86 12:58
4,4277 4,4599
4,0229 4,0550
4,5629 4,5957
5,1984 5,2316
87 12:59
4,4277 4,4599
4,0225 4,0546
4,5630 4,5958
5,1976 5,2308
88 13:00
4,4277 4,4599
4,0224 4,0545
4,5630 4,5958
5,1983 5,2315
89 13:01
4,4279 4,4600
4,0228 4,0549
4,5631 4,5959
5,1986 5,2318
90 13:02
4,4278 4,4599
4,0228 4,0549
4,5635 4,5963
5,1982 5,2314
91 13:03
4,4278 4,4599
4,0233 4,0554
4,5637 4,5965
5,1970 5,2302
92 13:04
4,4280 4,4601
4,0236 4,0557
4,5637 4,5965
5,1975 5,2307
93 13:05
4,4269 4,4590
4,0226 4,0547
4,5623 4,5951
5,1965 5,2297
94 13:06
4,4268 4,4590
4,0224 4,0545
4,5612 4,5940
5,1977 5,2309
95 13:07
4,4277 4,4599
4,0230 4,0551
4,5615 4,5943
5,1992 5,2324
96 13:08
4,4275 4,4597
4,0230 4,0551
4,5611 4,5939
5,1985 5,2317
97 13:09
4,4274 4,4596
4,0230 4,0551
4,5612 4,5940
5,1978 5,2310
98 13:10
4,4274 4,4596
4,0230 4,0551
4,5614 4,5942
5,1982 5,2314
99 13:11
4,4273 4,4594
4,0231 4,0552
4,5611 4,5939
5,1988 5,2320
100 13:12
4,4273 4,4594
4,0227 4,0548
4,5610 4,5938
5,1993 5,2325
101 13:13
4,4274 4,4595
4,0228 4,0549
4,5614 4,5942
5,1990 5,2322
102 13:14
4,4276 4,4597
4,0235 4,0556
4,5623 4,5951
5,1974 5,2306
103 13:15
4,4271 4,4592
4,0229 4,0550
4,5621 4,5949
5,1980 5,2312
104 13:16
4,4270 4,4591
4,0228 4,0549
4,5627 4,5955
5,1979 5,2311
105 13:17
4,4273 4,4594
4,0229 4,0550
4,5631 4,5959
5,1976 5,2308
106 13:18
4,4274 4,4595
4,0231 4,0552
4,5633 4,5961
5,1978 5,2310
107 13:19
4,4273 4,4594
4,0234 4,0555
4,5635 4,5963
5,1992 5,2324
108 13:20
4,4273 4,4594
4,0236 4,0557
4,5626 4,5954
5,1993 5,2325
109 13:21
4,4267 4,4589
4,0230 4,0551
4,5617 4,5945
5,1982 5,2314
110 13:22
4,4268 4,4590
4,0227 4,0548
4,5617 4,5945
5,1985 5,2317
111 13:23
4,4270 4,4592
4,0231 4,0552
4,5620 4,5948
5,1991 5,2323
112 13:24
4,4271 4,4593
4,0234 4,0555
4,5623 4,5951
5,1992 5,2324
113 13:25
4,4270 4,4592
4,0237 4,0558
4,5626 4,5954
5,1991 5,2323
114 13:26
4,4265 4,4586
4,0234 4,0555
4,5622 4,5950
5,1985 5,2317
115 13:27
4,4270 4,4591
4,0237 4,0558
4,5627 4,5955
5,2000 5,2332
116 13:28
4,4270 4,4591
4,0235 4,0556
4,5631 4,5959
5,2004 5,2336
117 13:29
4,4267 4,4588
4,0236 4,0557
4,5633 4,5961
5,2009 5,2341
118 13:30
4,4265 4,4586
4,0234 4,0555
4,5631 4,5959
5,2010 5,2342
119 13:31
4,4267 4,4589
4,0238 4,0559
4,5638 4,5966
5,2012 5,2344
120 13:32
4,4268 4,4590
4,0239 4,0560
4,5639 4,5967
5,2013 5,2345
121 13:33
4,4268 4,4590
4,0244 4,0565
4,5645 4,5973
5,2016 5,2348
122 13:34
4,4267 4,4589
4,0243 4,0564
4,5645 4,5973
5,2018 5,2350
123 13:35
4,4267 4,4589
4,0242 4,0563
4,5643 4,5971
5,2015 5,2347
124 13:36
4,4273 4,4594
4,0249 4,0570
4,5646 4,5974
5,2004 5,2336
125 13:37
4,4280 4,4601
4,0255 4,0576
4,5656 4,5984
5,2019 5,2351
126 13:38
4,4406 4,4727
4,0374 4,0695
4,5789 4,6117
5,2180 5,2512
127 13:39
4,4362 4,4683
4,0342 4,0663
4,5759 4,6087
5,2135 5,2467
128 13:40
4,4423 4,4744
4,0399 4,0720
4,5827 4,6155
5,2214 5,2546
129 13:41
4,4411 4,4733
4,0391 4,0712
4,5815 4,6143
5,2203 5,2535
130 13:42
4,4390 4,4712
4,0379 4,0700
4,5795 4,6123
5,2178 5,2510
131 13:43
4,4394 4,4716
4,0382 4,0703
4,5811 4,6139
5,2173 5,2505
132 13:44
4,4420 4,4742
4,0404 4,0725
4,5843 4,6171
5,2194 5,2526
133 13:45
4,4423 4,4745
4,0417 4,0738
4,5849 4,6177
5,2197 5,2529
134 13:46
4,4434 4,4756
4,0437 4,0758
4,5861 4,6189
5,2220 5,2552
135 13:47
4,4434 4,4756
4,0437 4,0758
4,5861 4,6189
5,2217 5,2549
136 13:48
4,4434 4,4756
4,0437 4,0758
4,5859 4,6187
5,2217 5,2549
137 13:49
4,4434 4,4756
4,0445 4,0766
4,5859 4,6187
5,2229 5,2561
138 13:50
4,4434 4,4756
4,0439 4,0760
4,5857 4,6185
5,2229 5,2561
139 13:51
4,4434 4,4756
4,0435 4,0756
4,5862 4,6190
5,2235 5,2567
140 13:52
4,4434 4,4756
4,0435 4,0756
4,5859 4,6187
5,2235 5,2567
141 13:53
4,4409 4,4731
4,0413 4,0734
4,5839 4,6167
5,2210 5,2542
142 13:54
4,4387 4,4709
4,0406 4,0727
4,5816 4,6144
5,2184 5,2516
143 14:47
Definite connection error#======================
2023-7-11
# 1.EUR, 2.USD, 3.CHF, 4.GBP
Sell Price, Buy Price
1 15:07
4,4356 4,4677
4,0386 4,0707
4,5734 4,6062
5,2116 5,2448
2 15:08
4,4356 4,4677
4,0383 4,0704
4,5736 4,6064
5,2116 5,2448
3 15:09
4,4356 4,4677
4,0383 4,0704
4,5739 4,6067
5,2113 5,2445
4 15:10
4,4352 4,4673
4,0376 4,0697
4,5735 4,6063
5,2110 5,2442
5 15:11
4,4351 4,4672
4,0375 4,0696
4,5729 4,6057
5,2108 5,2440
6 15:12
4,4350 4,4671
4,0372 4,0693
4,5729 4,6057
5,2107 5,2439
7 15:13
4,4350 4,4671
4,0363 4,0684
4,5729 4,6057
5,2104 5,2436
8 15:14
4,4347 4,4668
4,0360 4,0681
4,5711 4,6039
5,2088 5,2420
9 15:15
4,4347 4,4668
4,0362 4,0683
4,5710 4,6038
5,2080 5,2412
10 15:16
4,4346 4,4668
4,0359 4,0680
4,5710 4,6038
5,2075 5,2407
11 15:17
4,4345 4,4667
4,0349 4,0670
4,5709 4,6037
5,2073 5,2405
12 15:18
4,4347 4,4669
4,0351 4,0672
4,5711 4,6039
5,2075 5,2407
13 15:19
4,4348 4,4670
4,0352 4,0673
4,5707 4,6035
5,2067 5,2399
14 15:20
4,4348 4,4670
4,0361 4,0682
4,5706 4,6034
5,2067 5,2399
15 15:21
4,4348 4,4670
4,0370 4,0691
4,5707 4,6035
5,2060 5,2392
16 15:22
4,4345 4,4667
4,0365 4,0686
4,5704 4,6032
5,2054 5,2386
17 15:23
4,4345 4,4667
4,0358 4,0679
4,5704 4,6032
5,2054 5,2386
18 15:24
4,4349 4,4671
4,0360 4,0681
4,5708 4,6036
5,2056 5,2388
19 15:25
4,4349 4,4671
4,0356 4,0677
4,5712 4,6040
5,2056 5,2388
20 15:26
4,4332 4,4653
4,0337 4,0658
4,5690 4,6018
5,2037 5,2369
21 15:27
4,4334 4,4655
4,0336 4,0657
4,5695 4,6023
5,2048 5,2380
22 15:28
4,4334 4,4655
4,0334 4,0655
4,5695 4,6023
5,2054 5,2386
23 15:29
4,4335 4,4656
4,0335 4,0656
4,5697 4,6025
5,2065 5,2397
24 15:30
4,4335 4,4656
4,0334 4,0655
4,5696 4,6024
5,2064 5,2396
25 15:31
4,4331 4,4653
4,0329 4,0650
4,5692 4,6020
5,2060 5,2392
26 15:32
4,4327 4,4649
4,0326 4,0647
4,5688 4,6016
5,2056 5,2388
27 15:33
4,4325 4,4647
4,0315 4,0636
4,5688 4,6016
5,2053 5,2385
28 15:34
4,4310 4,4632
4,0299 4,0620
4,5673 4,6001
5,2036 5,2368
29 15:35
4,4317 4,4639
4,0309 4,0630
4,5680 4,6008
5,2055 5,2387
30 15:36
4,4317 4,4639
4,0309 4,0630
4,5679 4,6007
5,2055 5,2387
31 15:37
4,4315 4,4637
4,0322 4,0643
4,5677 4,6005
5,2062 5,2394
32 15:38
4,4315 4,4637
4,0325 4,0646
4,5687 4,6015
5,2062 5,2394
33 15:39
4,4315 4,4637
4,0329 4,0650
4,5687 4,6015
5,2062 5,2394
34 15:40
4,4296 4,4618
4,0321 4,0642
4,5668 4,5996
5,2044 5,2376
35 15:41
4,4295 4,4617
4,0313 4,0634
4,5667 4,5995
5,2036 5,2368
36 15:42
4,4297 4,4619
4,0313 4,0634
4,5669 4,5997
5,2038 5,2370
37 15:43
4,4295 4,4617
4,0313 4,0634
4,5667 4,5995
5,2036 5,2368
38 15:44
4,4296 4,4618
4,0323 4,0644
4,5668 4,5996
5,2037 5,2369
39 15:45
4,4294 4,4616
4,0321 4,0642
4,5673 4,6001
5,2054 5,2386
40 15:46
4,4296 4,4618
4,0327 4,0648
4,5671 4,6000
5,2065 5,2397
41 15:47
4,4296 4,4618
4,0327 4,0648
4,5671 4,6000
5,2065 5,2397
42 15:48
4,4301 4,4623
4,0328 4,0649
4,5686 4,6015
5,2071 5,2403
43 15:49
4,4296 4,4618
4,0323 4,0644
4,5683 4,6012
5,2065 5,2397
44 15:50
4,4296 4,4618
4,0319 4,0640
4,5686 4,6015
5,2055 5,2387
45 15:51
4,4296 4,4618
4,0318 4,0639
4,5696 4,6024
5,2065 5,2397
46 15:52
4,4295 4,4617
4,0317 4,0638
4,5695 4,6023
5,2070 5,2402
47 15:53
4,4295 4,4617
4,0318 4,0639
4,5695 4,6023
5,2066 5,2398
48 15:54
4,4288 4,4610
4,0294 4,0615
4,5683 4,6011
5,2051 5,2383
49 15:55
4,4295 4,4617
4,0311 4,0632
4,5690 4,6018
5,2054 5,2386
50 15:56
4,4295 4,4617
4,0304 4,0625
4,5695 4,6023
5,2054 5,2386
51 15:57
4,4291 4,4613
4,0311 4,0632
4,5691 4,6019
5,2050 5,2382
52 15:58
4,4289 4,4611
4,0306 4,0627
4,5689 4,6017
5,2041 5,2373
53 15:59
4,4294 4,4616
4,0308 4,0629
4,5692 4,6020
5,2044 5,2376
54 16:00
4,4292 4,4614
4,0307 4,0628
4,5688 4,6016
5,2039 5,2371
55 16:01
4,4290 4,4612
4,0312 4,0633
4,5685 4,6013
5,2036 5,2368
56 16:02
4,4290 4,4612
4,0312 4,0633
4,5699 4,6027
5,2048 5,2380
57 16:03
4,4294 4,4616
4,0314 4,0635
4,5703 4,6031
5,2053 5,2385
58 16:04
4,4292 4,4614
4,0314 4,0635
4,5701 4,6029
5,2053 5,2385
59 16:05
4,4291 4,4613
4,0313 4,0634
4,5700 4,6028
5,2050 5,2382
60 16:06
4,4291 4,4613
4,0313 4,0634
4,5700 4,6028
5,2050 5,2382
61 16:07
4,4291 4,4613
4,0329 4,0650
4,5705 4,6033
5,2050 5,2382
62 16:08
4,4294 4,4616
4,0340 4,0661
4,5718 4,6046
5,2041 5,2373
63 16:09
4,4294 4,4616
4,0340 4,0661
4,5719 4,6047
5,2041 5,2373
64 16:10
4,4294 4,4616
4,0340 4,0661
4,5718 4,6046
5,2047 5,2379
65 16:11
4,4292 4,4614
4,0336 4,0657
4,5715 4,6043
5,2041 5,2373
66 16:12
4,4292 4,4614
4,0325 4,0646
4,5715 4,6043
5,2044 5,2376
67 16:13
4,4292 4,4614
4,0332 4,0653
4,5718 4,6046
5,2047 5,2379
68 16:14
4,4291 4,4613
4,0323 4,0644
4,5717 4,6045
5,2048 5,2380
69 16:15
4,4290 4,4612
4,0318 4,0639
4,5718 4,6046
5,2047 5,2379
70 16:16
4,4290 4,4612
4,0318 4,0639
4,5718 4,6046
5,2047 5,2379
71 16:17
4,4291 4,4613
4,0319 4,0640
4,5719 4,6047
5,2048 5,2380
72 16:18
4,4292 4,4614
4,0319 4,0640
4,5720 4,6048
5,2061 5,2393
73 16:19
4,4292 4,4614
4,0319 4,0640
4,5720 4,6048
5,2053 5,2385
74 16:20
4,4294 4,4616
4,0316 4,0637
4,5713 4,6041
5,2056 5,2388
75 16:21
4,4293 4,4615
4,0315 4,0636
4,5714 4,6042
5,2061 5,2393
76 16:22
4,4294 4,4616
4,0302 4,0623
4,5715 4,6043
5,2052 5,2384
77 16:23
4,4292 4,4614
4,0305 4,0626
4,5718 4,6046
5,2051 5,2383
78 16:24
4,4293 4,4615
4,0293 4,0614
4,5719 4,6047
5,2052 5,2384
79 16:25
4,4292 4,4614
4,0292 4,0613
4,5718 4,6046
5,2051 5,2383
80 16:26
4,4293 4,4615
4,0293 4,0614
4,5719 4,6047
5,2053 5,2385
81 16:27
4,4293 4,4615
4,0293 4,0614
4,5717 4,6045
5,2061 5,2393
82 16:28
4,4293 4,4615
4,0293 4,0614
4,5717 4,6045
5,2061 5,2393
83 16:29
4,4292 4,4614
4,0290 4,0611
4,5716 4,6044
5,2060 5,2392
84 16:30
4,4291 4,4613
4,0295 4,0616
4,5710 4,6038
5,2059 5,2391
85 16:31
4,4293 4,4615
4,0295 4,0616
4,5712 4,6040
5,2058 5,2390
86 20:49
Definite connection error