#======================
2023-5-8
# 1.EUR, 2.USD, 3.CHF, 4.GBP
Sell Price, Buy Price
1 08:27
4,5621 4,5944
4,1305 4,1626
4,6489 4,6817
5,2299 5,2631
2 08:28
4,5621 4,5944
4,1306 4,1627
4,6493 4,6821
5,2303 5,2635
3 08:29
4,5621 4,5944
4,1307 4,1628
4,6491 4,6819
5,2303 5,2635
4 08:30
4,5621 4,5944
4,1309 4,1630
4,6493 4,6821
5,2297 5,2629
5 08:31
4,5630 4,5953
4,1311 4,1632
4,6501 4,6829
5,2300 5,2632
6 08:32
4,5618 4,5941
4,1302 4,1623
4,6492 4,6820
5,2284 5,2616
7 08:33
4,5612 4,5935
4,1299 4,1620
4,6487 4,6815
5,2281 5,2613
8 08:34
4,5609 4,5932
4,1296 4,1617
4,6481 4,6809
5,2278 5,2610
9 08:35
4,5606 4,5929
4,1295 4,1616
4,6480 4,6808
5,2274 5,2606
10 08:36
4,5608 4,5931
4,1294 4,1615
4,6482 4,6810
5,2276 5,2608
11 08:37
4,5607 4,5930
4,1292 4,1613
4,6479 4,6807
5,2275 5,2607
12 08:38
4,5608 4,5931
4,1295 4,1616
4,6478 4,6806
5,2273 5,2605
13 08:39
4,5606 4,5929
4,1291 4,1612
4,6478 4,6806
5,2268 5,2600
14 08:40
4,5607 4,5930
4,1281 4,1602
4,6477 4,6805
5,2266 5,2598
15 08:41
4,5606 4,5929
4,1280 4,1601
4,6476 4,6804
5,2265 5,2597
16 08:42
4,5606 4,5929
4,1282 4,1603
4,6481 4,6809
5,2265 5,2597
17 08:43
4,5602 4,5925
4,1276 4,1597
4,6481 4,6809
5,2260 5,2592
18 08:44
4,5598 4,5921
4,1272 4,1593
4,6479 4,6807
5,2255 5,2587
19 08:45
4,5596 4,5919
4,1282 4,1603
4,6487 4,6815
5,2253 5,2585
20 08:46
4,5600 4,5923
4,1282 4,1603
4,6498 4,6826
5,2254 5,2586
21 08:47
4,5600 4,5923
4,1284 4,1605
4,6502 4,6830
5,2257 5,2589
22 08:48
4,5599 4,5922
4,1279 4,1600
4,6499 4,6827
5,2256 5,2588
23 08:49
4,5598 4,5921
4,1275 4,1596
4,6494 4,6822
5,2253 5,2585
24 08:50
4,5597 4,5920
4,1268 4,1589
4,6495 4,6823
5,2246 5,2578
25 08:51
4,5597 4,5920
4,1268 4,1589
4,6495 4,6823
5,2246 5,2578
26 08:52
4,5596 4,5919
4,1262 4,1583
4,6499 4,6827
5,2247 5,2579
27 08:53
4,5593 4,5916
4,1261 4,1582
4,6501 4,6829
5,2244 5,2576
28 08:54
4,5587 4,5910
4,1263 4,1584
4,6495 4,6823
5,2237 5,2569
29 08:55
4,5586 4,5909
4,1262 4,1583
4,6495 4,6823
5,2236 5,2568
30 08:56
4,5582 4,5905
4,1245 4,1566
4,6498 4,6826
5,2231 5,2563
31 08:57
4,5587 4,5910
4,1252 4,1573
4,6497 4,6825
5,2234 5,2566
32 08:58
4,5590 4,5913
4,1251 4,1572
4,6493 4,6821
5,2232 5,2564
33 08:59
4,5589 4,5912
4,1250 4,1571
4,6482 4,6810
5,2230 5,2562
34 09:00
4,5589 4,5912
4,1260 4,1581
4,6492 4,6820
5,2230 5,2562
35 09:01
4,5591 4,5914
4,1263 4,1584
4,6500 4,6828
5,2236 5,2568
36 09:02
4,5591 4,5914
4,1263 4,1584
4,6499 4,6827
5,2233 5,2565
37 09:03
4,5593 4,5916
4,1268 4,1589
4,6503 4,6831
5,2235 5,2567
38 09:04
4,5594 4,5917
4,1267 4,1588
4,6506 4,6834
5,2230 5,2562
39 09:05
4,5593 4,5916
4,1268 4,1589
4,6510 4,6838
5,2214 5,2546
40 09:06
4,5594 4,5916
4,1261 4,1583
4,6505 4,6834
5,2206 5,2539
41 09:07
4,5596 4,5918
4,1261 4,1583
4,6505 4,6834
5,2211 5,2544
42 09:08
4,5593 4,5915
4,1265 4,1587
4,6500 4,6829
5,2202 5,2535
43 09:09
4,5594 4,5916
4,1255 4,1577
4,6491 4,6820
5,2203 5,2536
44 09:10
4,5594 4,5916
4,1257 4,1579
4,6489 4,6818
5,2202 5,2535
45 09:11
4,5596 4,5918
4,1257 4,1579
4,6493 4,6822
5,2208 5,2540
46 09:12
4,5595 4,5917
4,1260 4,1582
4,6487 4,6816
5,2213 5,2545
47 09:13
4,5596 4,5918
4,1259 4,1581
4,6488 4,6817
5,2214 5,2546
48 09:14
4,5592 4,5914
4,1253 4,1575
4,6486 4,6815
5,2219 5,2551
49 09:15
4,5591 4,5913
4,1262 4,1584
4,6492 4,6821
5,2218 5,2550
50 09:16
4,5595 4,5917
4,1265 4,1587
4,6498 4,6828
5,2222 5,2555
51 09:17
4,5594 4,5916
4,1270 4,1592
4,6507 4,6837
5,2227 5,2560
52 09:18
4,5595 4,5917
4,1265 4,1587
4,6507 4,6837
5,2228 5,2561
53 09:19
4,5594 4,5916
4,1257 4,1579
4,6516 4,6846
5,2233 5,2566
54 09:20
4,5591 4,5913
4,1256 4,1578
4,6511 4,6841
5,2233 5,2566
55 09:21
4,5589 4,5911
4,1262 4,1584
4,6492 4,6822
5,2227 5,2560
56 09:22
4,5590 4,5912
4,1261 4,1583
4,6481 4,6811
5,2225 5,2558
57 09:23
4,5589 4,5911
4,1268 4,1590
4,6483 4,6813
5,2221 5,2554
58 09:24
4,5588 4,5910
4,1265 4,1587
4,6477 4,6807
5,2202 5,2535
59 09:25
4,5592 4,5914
4,1272 4,1594
4,6485 4,6815
5,2207 5,2540
60 09:26
4,5592 4,5914
4,1266 4,1588
4,6481 4,6812
5,2204 5,2537
61 09:27
4,5591 4,5913
4,1273 4,1595
4,6492 4,6823
5,2209 5,2542
62 09:28
4,5592 4,5914
4,1274 4,1596
4,6497 4,6828
5,2210 5,2543
63 09:29
4,5591 4,5913
4,1275 4,1597
4,6494 4,6825
5,2203 5,2536
64 09:30
4,5591 4,5913
4,1273 4,1595
4,6492 4,6823
5,2199 5,2532
65 09:31
4,5586 4,5909
4,1264 4,1586
4,6486 4,6815
5,2192 5,2525
66 09:32
4,5583 4,5906
4,1265 4,1587
4,6490 4,6819
5,2191 5,2524
67 09:33
4,5581 4,5904
4,1269 4,1591
4,6488 4,6817
5,2186 5,2519
68 09:34
4,5581 4,5904
4,1278 4,1600
4,6493 4,6822
5,2195 5,2528
69 09:35
4,5575 4,5898
4,1273 4,1595
4,6487 4,6816
5,2188 5,2521
70 09:36
4,5558 4,5880
4,1262 4,1583
4,6469 4,6798
5,2165 5,2498
71 09:37
4,5556 4,5878
4,1262 4,1583
4,6471 4,6800
5,2165 5,2498
72 09:38
4,5556 4,5878
4,1260 4,1581
4,6467 4,6796
5,2159 5,2492
73 09:39
4,5555 4,5877
4,1246 4,1567
4,6463 4,6792
5,2155 5,2488
74 09:40
4,5556 4,5878
4,1252 4,1573
4,6467 4,6796
5,2153 5,2486
75 09:41
4,5554 4,5877
4,1250 4,1571
4,6469 4,6800
5,2149 5,2482
76 09:42
4,5546 4,5869
4,1239 4,1560
4,6456 4,6787
5,2137 5,2470
77 09:43
4,5553 4,5876
4,1245 4,1566
4,6463 4,6794
5,2140 5,2473
78 09:44
4,5553 4,5876
4,1243 4,1564
4,6464 4,6795
5,2142 5,2475
79 09:45
4,5553 4,5876
4,1247 4,1568
4,6475 4,6806
5,2140 5,2473
80 09:46
4,5554 4,5876
4,1241 4,1562
4,6471 4,6803
5,2139 5,2472
81 09:47
4,5554 4,5876
4,1234 4,1555
4,6471 4,6803
5,2142 5,2475
82 09:48
4,5553 4,5875
4,1228 4,1549
4,6477 4,6809
5,2141 5,2474
83 09:49
4,5553 4,5875
4,1223 4,1544
4,6477 4,6809
5,2138 5,2471
84 09:50
4,5554 4,5876
4,1223 4,1544
4,6478 4,6810
5,2139 5,2472
85 09:51
4,5554 4,5876
4,1228 4,1549
4,6473 4,6803
5,2130 5,2463
86 09:52
4,5555 4,5877
4,1237 4,1558
4,6474 4,6804
5,2128 5,2461
87 09:53
4,5556 4,5878
4,1239 4,1560
4,6470 4,6800
5,2130 5,2463
88 09:54
4,5557 4,5879
4,1240 4,1561
4,6467 4,6797
5,2128 5,2461
89 09:55
4,5559 4,5881
4,1235 4,1556
4,6469 4,6799
5,2130 5,2463
90 09:56
4,5558 4,5880
4,1234 4,1555
4,6463 4,6793
5,2111 5,2444
91 09:57
4,5558 4,5880
4,1228 4,1549
4,6458 4,6788
5,2117 5,2450
92 09:58
4,5558 4,5880
4,1224 4,1545
4,6458 4,6788
5,2120 5,2453
93 09:59
4,5557 4,5879
4,1222 4,1543
4,6462 4,6792
5,2125 5,2458
94 10:00
4,5557 4,5879
4,1223 4,1544
4,6464 4,6794
5,2122 5,2455
95 10:01
4,5557 4,5879
4,1209 4,1530
4,6468 4,6799
5,2125 5,2458
96 10:02
4,5557 4,5879
4,1214 4,1535
4,6467 4,6798
5,2134 5,2467
97 10:03
4,5557 4,5879
4,1220 4,1541
4,6471 4,6802
5,2137 5,2470
98 10:04
4,5554 4,5876
4,1228 4,1549
4,6473 4,6804
5,2139 5,2472
99 10:05
4,5555 4,5877
4,1224 4,1545
4,6464 4,6795
5,2137 5,2470
100 10:06
4,5554 4,5876
4,1217 4,1538
4,6462 4,6791
5,2136 5,2469
101 10:07
4,5553 4,5875
4,1218 4,1539
4,6461 4,6790
5,2132 5,2465
102 10:08
4,5554 4,5876
4,1234 4,1555
4,6462 4,6791
5,2133 5,2466
103 10:09
4,5553 4,5875
4,1233 4,1554
4,6459 4,6788
5,2135 5,2468
104 10:10
4,5553 4,5875
4,1242 4,1563
4,6461 4,6790
5,2138 5,2471
105 10:11
4,5552 4,5874
4,1234 4,1555
4,6458 4,6789
5,2137 5,2470
106 10:12
4,5546 4,5868
4,1225 4,1546
4,6451 4,6782
5,2130 5,2463
107 10:13
4,5547 4,5869
4,1232 4,1553
4,6450 4,6781
5,2134 5,2467
108 10:14
4,5548 4,5870
4,1234 4,1555
4,6455 4,6786
5,2132 5,2465
109 10:15
4,5547 4,5869
4,1229 4,1550
4,6453 4,6784
5,2131 5,2464
110 10:16
4,5549 4,5871
4,1227 4,1548
4,6457 4,6786
5,2151 5,2485
111 10:17
4,5548 4,5870
4,1234 4,1555
4,6456 4,6785
5,2149 5,2483
112 10:18
4,5546 4,5868
4,1228 4,1549
4,6454 4,6783
5,2135 5,2469
113 10:19
4,5547 4,5869
4,1230 4,1551
4,6456 4,6785
5,2136 5,2470
114 10:20
4,5546 4,5868
4,1227 4,1548
4,6453 4,6782
5,2138 5,2472
115 10:21
4,5545 4,5867
4,1216 4,1537
4,6453 4,6783
5,2132 5,2465
116 10:22
4,5532 4,5854
4,1205 4,1526
4,6437 4,6767
5,2117 5,2450
117 10:23
4,5531 4,5853
4,1204 4,1525
4,6433 4,6763
5,2113 5,2446
118 10:24
4,5532 4,5854
4,1208 4,1529
4,6435 4,6765
5,2114 5,2447
119 10:25
4,5533 4,5855
4,1202 4,1523
4,6438 4,6768
5,2115 5,2448
120 10:26
4,5529 4,5851
4,1206 4,1527
4,6429 4,6759
5,2105 5,2438
121 10:27
4,5527 4,5849
4,1193 4,1514
4,6424 4,6754
5,2109 5,2442
122 10:28
4,5525 4,5847
4,1191 4,1512
4,6414 4,6744
5,2103 5,2436
123 10:29
4,5523 4,5845
4,1191 4,1512
4,6413 4,6743
5,2104 5,2437
124 10:30
4,5521 4,5843
4,1189 4,1510
4,6409 4,6739
5,2093 5,2426
125 10:31
4,5521 4,5843
4,1195 4,1516
4,6411 4,6742
5,2102 5,2435
126 10:32
4,5520 4,5842
4,1192 4,1513
4,6410 4,6741
5,2109 5,2442
127 10:33
4,5519 4,5841
4,1187 4,1508
4,6411 4,6742
5,2099 5,2432
128 10:34
4,5512 4,5834
4,1175 4,1496
4,6402 4,6733
5,2088 5,2421
129 10:35
4,5513 4,5835
4,1180 4,1501
4,6400 4,6731
5,2090 5,2423
130 10:36
4,5514 4,5836
4,1175 4,1496
4,6401 4,6731
5,2093 5,2426
131 10:37
4,5512 4,5834
4,1181 4,1502
4,6397 4,6727
5,2091 5,2424
132 10:38
4,5513 4,5835
4,1178 4,1499
4,6398 4,6728
5,2095 5,2428
133 10:39
4,5512 4,5834
4,1179 4,1500
4,6397 4,6727
5,2097 5,2430
134 10:40
4,5504 4,5826
4,1166 4,1487
4,6377 4,6707
5,2085 5,2418
135 10:41
4,5503 4,5825
4,1167 4,1488
4,6383 4,6714
5,2087 5,2420
136 10:42
4,5499 4,5821
4,1163 4,1484
4,6381 4,6712
5,2079 5,2412
137 10:43
4,5499 4,5821
4,1167 4,1488
4,6379 4,6710
5,2079 5,2412
138 10:44
4,5497 4,5819
4,1162 4,1483
4,6382 4,6713
5,2077 5,2410
139 10:45
4,5504 4,5826
4,1172 4,1493
4,6391 4,6722
5,2085 5,2418
140 10:46
4,5504 4,5826
4,1170 4,1491
4,6391 4,6721
5,2094 5,2427
141 10:47
4,5507 4,5829
4,1173 4,1494
4,6397 4,6727
5,2089 5,2422
142 10:48
4,5521 4,5843
4,1193 4,1514
4,6413 4,6743
5,2115 5,2448
143 10:49
4,5516 4,5838
4,1175 4,1496
4,6402 4,6732
5,2110 5,2443
144 10:50
4,5520 4,5842
4,1179 4,1500
4,6400 4,6730
5,2121 5,2454
145 10:51
4,5517 4,5839
4,1184 4,1505
4,6405 4,6735
5,2118 5,2451
146 10:52
4,5520 4,5842
4,1184 4,1505
4,6408 4,6738
5,2121 5,2454
147 10:53
4,5515 4,5837
4,1186 4,1507
4,6407 4,6737
5,2118 5,2451
148 10:54
4,5513 4,5835
4,1182 4,1503
4,6405 4,6735
5,2125 5,2458
149 10:55
4,5511 4,5833
4,1182 4,1503
4,6401 4,6731
5,2117 5,2450
150 10:56
4,5506 4,5828
4,1196 4,1517
4,6391 4,6722
5,2124 5,2456
151 10:57
4,5498 4,5820
4,1202 4,1523
4,6385 4,6716
5,2107 5,2439
152 10:58
4,5495 4,5817
4,1214 4,1535
4,6389 4,6720
5,2107 5,2439
153 10:59
4,5493 4,5815
4,1209 4,1530
4,6388 4,6719
5,2105 5,2437
154 11:00
4,5475 4,5797
4,1196 4,1517
4,6371 4,6702
5,2092 5,2424
155 11:01
4,5479 4,5801
4,1209 4,1530
4,6385 4,6716
5,2101 5,2434
156 11:02
4,5481 4,5803
4,1218 4,1539
4,6388 4,6719
5,2109 5,2442
157 11:03
4,5485 4,5807
4,1215 4,1536
4,6388 4,6719
5,2111 5,2444
158 11:04
4,5487 4,5809
4,1222 4,1543
4,6387 4,6718
5,2107 5,2440
159 11:05
4,5486 4,5808
4,1221 4,1542
4,6385 4,6716
5,2103 5,2436
160 11:06
4,5482 4,5804
4,1206 4,1527
4,6377 4,6706
5,2092 5,2426
161 11:07
4,5481 4,5803
4,1209 4,1530
4,6385 4,6714
5,2103 5,2437
162 11:08
4,5481 4,5803
4,1214 4,1535
4,6383 4,6712
5,2100 5,2434
163 11:09
4,5482 4,5804
4,1219 4,1540
4,6391 4,6720
5,2110 5,2444
164 11:10
4,5483 4,5805
4,1222 4,1543
4,6387 4,6716
5,2114 5,2448
165 11:11
4,5482 4,5804
4,1219 4,1540
4,6390 4,6719
5,2110 5,2444
166 11:12
4,5483 4,5805
4,1220 4,1541
4,6391 4,6720
5,2114 5,2448
167 11:13
4,5483 4,5805
4,1220 4,1541
4,6387 4,6716
5,2117 5,2451
168 11:14
4,5482 4,5804
4,1232 4,1553
4,6377 4,6706
5,2119 5,2453
169 11:15
4,5481 4,5803
4,1234 4,1555
4,6381 4,6710
5,2121 5,2455
170 11:16
4,5481 4,5803
4,1230 4,1552
4,6376 4,6705
5,2120 5,2454
171 11:17
4,5483 4,5805
4,1246 4,1568
4,6378 4,6707
5,2136 5,2470
172 11:18
4,5482 4,5804
4,1243 4,1565
4,6376 4,6705
5,2139 5,2473
173 11:19
4,5480 4,5802
4,1240 4,1562
4,6389 4,6718
5,2134 5,2468
174 11:20
4,5481 4,5803
4,1243 4,1565
4,6395 4,6724
5,2141 5,2475
175 11:21
4,5484 4,5806
4,1251 4,1573
4,6393 4,6722
5,2142 5,2476
176 11:22
4,5484 4,5806
4,1253 4,1575
4,6391 4,6720
5,2139 5,2473
177 11:23
4,5490 4,5812
4,1263 4,1585
4,6404 4,6733
5,2146 5,2480
178 11:24
4,5496 4,5818
4,1254 4,1576
4,6403 4,6732
5,2150 5,2484
179 11:25
4,5496 4,5818
4,1253 4,1575
4,6410 4,6739
5,2150 5,2484
180 11:26
4,5493 4,5816
4,1251 4,1573
4,6403 4,6732
5,2147 5,2481
181 11:27
4,5494 4,5817
4,1246 4,1568
4,6405 4,6734
5,2147 5,2481
182 11:28
4,5493 4,5816
4,1243 4,1565
4,6405 4,6734
5,2147 5,2481
183 11:29
4,5481 4,5804
4,1233 4,1555
4,6386 4,6715
5,2137 5,2471
184 11:30
4,5480 4,5803
4,1228 4,1550
4,6371 4,6700
5,2121 5,2455
185 11:31
4,5462 4,5784
4,1203 4,1525
4,6349 4,6678
5,2105 5,2439
186 11:32
4,5456 4,5778
4,1203 4,1525
4,6336 4,6665
5,2095 5,2429
187 11:33
4,5453 4,5775
4,1201 4,1523
4,6337 4,6666
5,2098 5,2432
188 11:34
4,5451 4,5773
4,1197 4,1519
4,6331 4,6660
5,2098 5,2432
189 11:35
4,5452 4,5774
4,1201 4,1523
4,6334 4,6663
5,2096 5,2430
190 11:36
4,5449 4,5771
4,1197 4,1519
4,6328 4,6659
5,2084 5,2418
191 11:37
4,5448 4,5770
4,1198 4,1520
4,6329 4,6660
5,2092 5,2426
192 11:38
4,5455 4,5777
4,1202 4,1524
4,6327 4,6658
5,2097 5,2431
193 11:39
4,5456 4,5778
4,1201 4,1523
4,6328 4,6659
5,2095 5,2429
194 11:40
4,5458 4,5780
4,1201 4,1523
4,6330 4,6661
5,2094 5,2428
195 11:41
4,5461 4,5783
4,1200 4,1522
4,6333 4,6664
5,2094 5,2428
196 11:42
4,5454 4,5776
4,1196 4,1518
4,6319 4,6650
5,2084 5,2418
197 11:43
4,5442 4,5764
4,1183 4,1505
4,6307 4,6638
5,2076 5,2410
198 11:44
4,5439 4,5761
4,1178 4,1500
4,6304 4,6635
5,2073 5,2407
199 11:45
4,5434 4,5756
4,1174 4,1496
4,6303 4,6634
5,2070 5,2404
200 11:46
4,5432 4,5754
4,1169 4,1491
4,6307 4,6636
5,2060 5,2394
201 11:47
4,5423 4,5745
4,1160 4,1482
4,6298 4,6627
5,2051 5,2385
202 11:48
4,5423 4,5745
4,1156 4,1478
4,6293 4,6622
5,2051 5,2385
203 11:49
4,5423 4,5745
4,1155 4,1477
4,6302 4,6631
5,2049 5,2383
204 11:50
4,5423 4,5745
4,1153 4,1475
4,6301 4,6630
5,2051 5,2385
205 11:51
4,5423 4,5745
4,1155 4,1477
4,6295 4,6624
5,2048 5,2382
206 11:52
4,5423 4,5745
4,1151 4,1473
4,6298 4,6627
5,2048 5,2382
207 11:53
4,5423 4,5745
4,1145 4,1467
4,6298 4,6627
5,2049 5,2383
208 11:54
4,5428 4,5750
4,1150 4,1472
4,6300 4,6629
5,2054 5,2388
209 11:55
4,5432 4,5754
4,1153 4,1475
4,6306 4,6635
5,2055 5,2389
210 11:56
4,5433 4,5755
4,1152 4,1474
4,6310 4,6638
5,2060 5,2394
211 11:57
4,5434 4,5756
4,1155 4,1477
4,6309 4,6637
5,2057 5,2391
212 11:58
4,5434 4,5756
4,1157 4,1479
4,6310 4,6638
5,2055 5,2389
213 11:59
4,5450 4,5772
4,1170 4,1492
4,6312 4,6640
5,2079 5,2413
214 12:00
4,5453 4,5775
4,1181 4,1503
4,6320 4,6648
5,2082 5,2416
215 12:01
4,5450 4,5772
4,1170 4,1492
4,6311 4,6639
5,2079 5,2412
216 12:02
4,5447 4,5769
4,1167 4,1489
4,6304 4,6632
5,2076 5,2409
217 12:03
4,5448 4,5770
4,1168 4,1490
4,6315 4,6643
5,2071 5,2404
218 12:04
4,5446 4,5768
4,1164 4,1486
4,6313 4,6641
5,2071 5,2404
219 12:05
4,5444 4,5766
4,1159 4,1481
4,6306 4,6634
5,2069 5,2402
220 12:06
4,5452 4,5774
4,1158 4,1480
4,6316 4,6644
5,2082 5,2416
221 12:07
4,5449 4,5771
4,1152 4,1474
4,6315 4,6643
5,2081 5,2415
222 12:08
4,5475 4,5797
4,1175 4,1497
4,6340 4,6668
5,2111 5,2445
223 12:09
4,5478 4,5800
4,1182 4,1504
4,6343 4,6671
5,2117 5,2451
224 12:10
4,5485 4,5807
4,1190 4,1512
4,6353 4,6681
5,2128 5,2462
225 12:11
4,5487 4,5809
4,1183 4,1505
4,6349 4,6678
5,2131 5,2465
226 12:12
4,5486 4,5808
4,1184 4,1506
4,6350 4,6679
5,2127 5,2461
227 12:13
4,5485 4,5807
4,1186 4,1508
4,6351 4,6680
5,2126 5,2460
228 12:14
4,5485 4,5807
4,1185 4,1507
4,6351 4,6680
5,2125 5,2459
229 12:15
4,5485 4,5807
4,1181 4,1503
4,6356 4,6685
5,2128 5,2462
230 12:16
4,5487 4,5809
4,1183 4,1505
4,6361 4,6690
5,2124 5,2458
231 12:17
4,5488 4,5810
4,1189 4,1511
4,6360 4,6689
5,2128 5,2462
232 12:18
4,5491 4,5813
4,1190 4,1512
4,6367 4,6696
5,2131 5,2465
233 12:19
4,5499 4,5821
4,1204 4,1526
4,6379 4,6708
5,2144 5,2478
234 12:20
4,5505 4,5827
4,1210 4,1532
4,6386 4,6715
5,2157 5,2491
235 12:21
4,5504 4,5827
4,1203 4,1525
4,6377 4,6706
5,2154 5,2488
236 12:22
4,5502 4,5825
4,1201 4,1523
4,6377 4,6706
5,2155 5,2489
237 12:23
4,5504 4,5827
4,1201 4,1523
4,6379 4,6708
5,2157 5,2491
238 12:24
4,5501 4,5824
4,1192 4,1514
4,6381 4,6710
5,2147 5,2481
239 12:25
4,5501 4,5824
4,1193 4,1515
4,6378 4,6707
5,2148 5,2482
240 12:26
4,5500 4,5823
4,1193 4,1515
4,6378 4,6709
5,2146 5,2480
241 12:27
4,5500 4,5823
4,1196 4,1518
4,6377 4,6708
5,2150 5,2484
242 12:28
4,5501 4,5824
4,1196 4,1518
4,6373 4,6704
5,2151 5,2485
243 12:29
4,5500 4,5823
4,1201 4,1523
4,6370 4,6701
5,2159 5,2493
244 12:30
4,5501 4,5824
4,1198 4,1520
4,6373 4,6704
5,2159 5,2493
245 12:31
4,5502 4,5824
4,1200 4,1522
4,6379 4,6708
5,2172 5,2505
246 12:32
4,5501 4,5823
4,1199 4,1521
4,6377 4,6706
5,2164 5,2497
247 12:33
4,5505 4,5827
4,1193 4,1515
4,6381 4,6710
5,2166 5,2499
248 12:34
4,5505 4,5827
4,1195 4,1517
4,6381 4,6710
5,2172 5,2505
249 12:35
4,5506 4,5828
4,1189 4,1511
4,6378 4,6707
5,2170 5,2503
250 12:36
4,5506 4,5828
4,1190 4,1512
4,6378 4,6707
5,2170 5,2503
251 12:37
4,5506 4,5828
4,1190 4,1512
4,6382 4,6711
5,2170 5,2503
252 12:38
4,5505 4,5827
4,1186 4,1508
4,6379 4,6708
5,2166 5,2499
253 12:39
4,5502 4,5824
4,1181 4,1503
4,6376 4,6705
5,2176 5,2509
254 12:40
4,5502 4,5824
4,1183 4,1505
4,6374 4,6703
5,2169 5,2502
255 12:41
4,5505 4,5827
4,1188 4,1510
4,6377 4,6706
5,2172 5,2505
256 12:42
4,5530 4,5852
4,1214 4,1536
4,6402 4,6731
5,2200 5,2533
257 12:43
4,5528 4,5850
4,1212 4,1534
4,6400 4,6729
5,2202 5,2535
258 12:44
4,5531 4,5853
4,1213 4,1535
4,6403 4,6732
5,2214 5,2547
259 12:45
4,5525 4,5847
4,1208 4,1530
4,6397 4,6726
5,2207 5,2540
260 12:46
4,5523 4,5845
4,1202 4,1524
4,6395 4,6724
5,2206 5,2538
261 12:47
4,5520 4,5842
4,1199 4,1521
4,6392 4,6721
5,2200 5,2532
262 12:48
4,5521 4,5843
4,1200 4,1522
4,6393 4,6722
5,2206 5,2538
263 12:49
4,5525 4,5847
4,1204 4,1526
4,6392 4,6721
5,2208 5,2540
264 12:50
4,5529 4,5851
4,1202 4,1524
4,6387 4,6716
5,2215 5,2547
265 12:51
4,5521 4,5843
4,1193 4,1515
4,6379 4,6708
5,2212 5,2545
266 12:52
4,5520 4,5842
4,1190 4,1512
4,6378 4,6707
5,2205 5,2538
267 12:53
4,5519 4,5841
4,1185 4,1507
4,6372 4,6701
5,2204 5,2537
268 12:54
4,5519 4,5841
4,1191 4,1513
4,6374 4,6703
5,2213 5,2546
269 12:55
4,5518 4,5840
4,1190 4,1512
4,6374 4,6703
5,2209 5,2542
270 12:56
4,5518 4,5840
4,1192 4,1514
4,6371 4,6700
5,2205 5,2538
271 12:57
4,5516 4,5838
4,1188 4,1510
4,6369 4,6698
5,2203 5,2536
272 12:58
4,5517 4,5839
4,1199 4,1521
4,6367 4,6696
5,2204 5,2537
273 12:59
4,5519 4,5841
4,1202 4,1524
4,6372 4,6701
5,2206 5,2539
274 13:00
4,5524 4,5846
4,1198 4,1520
4,6372 4,6701
5,2206 5,2539
275 13:01
4,5531 4,5854
4,1199 4,1521
4,6374 4,6703
5,2205 5,2539
276 13:02
4,5529 4,5852
4,1197 4,1519
4,6371 4,6700
5,2210 5,2544
277 13:03
4,5528 4,5851
4,1198 4,1520
4,6370 4,6699
5,2208 5,2542
278 13:04
4,5530 4,5853
4,1196 4,1518
4,6370 4,6699
5,2212 5,2546
279 13:05
4,5531 4,5854
4,1199 4,1521
4,6369 4,6698
5,2208 5,2542
280 13:06
4,5529 4,5851
4,1194 4,1516
4,6366 4,6694
5,2209 5,2542
281 13:07
4,5529 4,5851
4,1192 4,1514
4,6366 4,6694
5,2211 5,2544
282 13:08
4,5528 4,5850
4,1192 4,1514
4,6363 4,6691
5,2211 5,2544
283 13:09
4,5528 4,5850
4,1195 4,1517
4,6365 4,6693
5,2210 5,2543
284 13:10
4,5531 4,5853
4,1202 4,1524
4,6368 4,6696
5,2217 5,2550
285 13:11
4,5533 4,5855
4,1202 4,1524
4,6367 4,6696
5,2207 5,2540
286 13:12
4,5531 4,5853
4,1198 4,1520
4,6358 4,6687
5,2202 5,2535
287 13:13
4,5531 4,5853
4,1196 4,1518
4,6356 4,6685
5,2199 5,2532
288 13:14
4,5530 4,5852
4,1197 4,1519
4,6362 4,6691
5,2203 5,2536
289 13:15
4,5532 4,5854
4,1195 4,1517
4,6361 4,6690
5,2203 5,2536
290 13:16
4,5534 4,5856
4,1203 4,1525
4,6373 4,6702
5,2205 5,2538
291 13:17
4,5534 4,5856
4,1205 4,1527
4,6373 4,6702
5,2203 5,2536
292 13:18
4,5534 4,5856
4,1207 4,1529
4,6373 4,6702
5,2206 5,2539
293 13:19
4,5534 4,5856
4,1206 4,1528
4,6373 4,6702
5,2214 5,2547
294 13:20
4,5535 4,5857
4,1211 4,1533
4,6376 4,6705
5,2209 5,2542
295 13:21
4,5536 4,5858
4,1212 4,1534
4,6376 4,6703
5,2211 5,2543
296 13:22
4,5535 4,5857
4,1211 4,1533
4,6377 4,6704
5,2210 5,2542
297 13:23
4,5534 4,5856
4,1210 4,1532
4,6374 4,6701
5,2210 5,2542
298 13:24
4,5534 4,5856
4,1206 4,1528
4,6369 4,6696
5,2208 5,2540
299 13:25
4,5534 4,5856
4,1210 4,1532
4,6372 4,6699
5,2217 5,2549
300 13:26
4,5536 4,5858
4,1214 4,1536
4,6373 4,6702
5,2218 5,2551
301 13:27
4,5535 4,5857
4,1217 4,1539
4,6369 4,6698
5,2221 5,2554
302 13:28
4,5541 4,5863
4,1222 4,1544
4,6375 4,6704
5,2228 5,2561
303 13:29
4,5543 4,5865
4,1226 4,1548
4,6373 4,6702
5,2216 5,2549
304 13:30
4,5544 4,5866
4,1227 4,1549
4,6374 4,6703
5,2217 5,2550
305 13:31
4,5541 4,5863
4,1224 4,1546
4,6378 4,6707
5,2213 5,2546
306 13:32
4,5543 4,5865
4,1224 4,1546
4,6381 4,6710
5,2210 5,2543
307 13:33
4,5542 4,5864
4,1219 4,1541
4,6379 4,6708
5,2217 5,2550
308 13:34
4,5541 4,5863
4,1207 4,1529
4,6373 4,6702
5,2207 5,2540
309 13:35
4,5541 4,5863
4,1213 4,1535
4,6373 4,6702
5,2210 5,2543
310 13:36
4,5542 4,5864
4,1213 4,1535
4,6376 4,6705
5,2208 5,2541
311 13:37
4,5542 4,5864
4,1223 4,1545
4,6379 4,6708
5,2202 5,2535
312 13:38
4,5542 4,5864
4,1217 4,1539
4,6379 4,6708
5,2202 5,2535
313 13:39
4,5543 4,5865
4,1226 4,1548
4,6380 4,6709
5,2207 5,2540
314 13:40
4,5541 4,5863
4,1220 4,1542
4,6372 4,6701
5,2201 5,2534
315 13:41
4,5536 4,5859
4,1218 4,1540
4,6366 4,6695
5,2208 5,2541
316 13:42
4,5538 4,5861
4,1224 4,1546
4,6375 4,6704
5,2207 5,2540
317 13:43
4,5536 4,5859
4,1222 4,1544
4,6378 4,6707
5,2205 5,2538
318 13:44
4,5533 4,5856
4,1218 4,1540
4,6379 4,6708
5,2201 5,2534
319 13:45
4,5526 4,5849
4,1221 4,1543
4,6373 4,6702
5,2198 5,2531
320 13:46
4,5530 4,5852
4,1223 4,1545
4,6376 4,6705
5,2204 5,2537
321 13:47
4,5526 4,5848
4,1235 4,1557
4,6364 4,6693
5,2196 5,2529
322 13:48
4,5526 4,5848
4,1237 4,1559
4,6367 4,6696
5,2205 5,2538
323 13:49
4,5525 4,5847
4,1239 4,1561
4,6373 4,6702
5,2206 5,2539
324 13:50
4,5525 4,5847
4,1241 4,1563
4,6373 4,6702
5,2213 5,2546
325 13:51
4,5526 4,5848
4,1242 4,1564
4,6374 4,6703
5,2213 5,2546
326 13:52
4,5525 4,5847
4,1239 4,1561
4,6368 4,6697
5,2207 5,2540
327 13:53
4,5526 4,5848
4,1252 4,1574
4,6374 4,6703
5,2212 5,2545
328 13:54
4,5525 4,5847
4,1247 4,1569
4,6373 4,6702
5,2210 5,2543
329 13:55
4,5526 4,5848
4,1254 4,1576
4,6377 4,6706
5,2214 5,2547
330 13:56
4,5525 4,5848
4,1265 4,1587
4,6378 4,6707
5,2220 5,2553
331 13:57
4,5525 4,5848
4,1261 4,1583
4,6384 4,6713
5,2226 5,2559
332 13:58
4,5524 4,5847
4,1257 4,1579
4,6390 4,6719
5,2222 5,2555
333 13:59
4,5514 4,5837
4,1242 4,1564
4,6377 4,6706
5,2200 5,2533
334 14:00
4,5513 4,5836
4,1237 4,1559
4,6378 4,6707
5,2198 5,2531
335 14:01
4,5513 4,5835
4,1236 4,1558
4,6383 4,6712
5,2193 5,2526
336 14:02
4,5513 4,5835
4,1236 4,1558
4,6385 4,6714
5,2193 5,2526
337 14:03
4,5511 4,5833
4,1229 4,1551
4,6385 4,6714
5,2194 5,2527
338 14:04
4,5513 4,5835
4,1232 4,1554
4,6385 4,6714
5,2196 5,2529
339 14:05
4,5511 4,5833
4,1231 4,1553
4,6383 4,6712
5,2200 5,2533
340 14:06
4,5511 4,5833
4,1230 4,1552
4,6378 4,6707
5,2200 5,2533
341 14:07
4,5511 4,5833
4,1230 4,1552
4,6382 4,6711
5,2202 5,2535
342 14:08
4,5511 4,5833
4,1227 4,1549
4,6378 4,6707
5,2203 5,2536
343 14:09
4,5510 4,5832
4,1224 4,1546
4,6376 4,6705
5,2199 5,2532
344 14:10
4,5514 4,5836
4,1229 4,1551
4,6379 4,6708
5,2203 5,2536
345 14:11
4,5511 4,5833
4,1234 4,1556
4,6373 4,6702
5,2206 5,2539
346 14:12
4,5512 4,5834
4,1230 4,1552
4,6374 4,6703
5,2204 5,2537
347 14:13
4,5508 4,5830
4,1228 4,1550
4,6372 4,6701
5,2193 5,2526
348 14:14
4,5511 4,5833
4,1242 4,1564
4,6377 4,6706
5,2194 5,2527
349 14:15
4,5513 4,5835
4,1236 4,1558
4,6376 4,6705
5,2199 5,2532
350 14:16
4,5513 4,5835
4,1244 4,1566
4,6380 4,6709
5,2202 5,2535
351 14:17
4,5510 4,5832
4,1235 4,1557
4,6386 4,6715
5,2196 5,2529
352 14:18
4,5490 4,5812
4,1221 4,1543
4,6371 4,6700
5,2173 5,2506
353 14:19
4,5491 4,5813
4,1225 4,1547
4,6369 4,6698
5,2177 5,2510
354 14:20
4,5492 4,5814
4,1219 4,1541
4,6362 4,6691
5,2181 5,2514
355 14:21
4,5489 4,5811
4,1205 4,1527
4,6358 4,6687
5,2167 5,2500
356 14:22
4,5488 4,5810
4,1210 4,1532
4,6362 4,6691
5,2165 5,2498
357 14:23
4,5488 4,5810
4,1204 4,1526
4,6362 4,6691
5,2156 5,2489
358 14:24
4,5489 4,5811
4,1209 4,1531
4,6360 4,6689
5,2153 5,2486
359 14:25
4,5486 4,5808
4,1210 4,1532
4,6357 4,6686
5,2153 5,2486
360 14:26
4,5486 4,5808
4,1210 4,1532
4,6357 4,6686
5,2150 5,2483
361 14:27
4,5482 4,5804
4,1202 4,1524
4,6358 4,6687
5,2143 5,2476
362 14:28
4,5482 4,5804
4,1203 4,1525
4,6363 4,6692
5,2139 5,2472
363 14:29
4,5482 4,5804
4,1199 4,1521
4,6363 4,6692
5,2140 5,2473
364 14:30
4,5487 4,5809
4,1201 4,1523
4,6358 4,6687
5,2145 5,2478
365 14:31
4,5488 4,5810
4,1202 4,1524
4,6360 4,6689
5,2147 5,2480
366 14:32
4,5487 4,5809
4,1203 4,1525
4,6362 4,6691
5,2145 5,2478
367 14:33
4,5491 4,5813
4,1212 4,1534
4,6362 4,6691
5,2144 5,2477
368 14:34
4,5491 4,5813
4,1214 4,1536
4,6362 4,6691
5,2147 5,2480
369 14:35
4,5489 4,5811
4,1211 4,1533
4,6360 4,6689
5,2157 5,2490
370 14:36
4,5489 4,5812
4,1211 4,1533
4,6364 4,6693
5,2164 5,2497
371 14:37
4,5490 4,5813
4,1211 4,1533
4,6371 4,6700
5,2168 5,2501
372 14:38
4,5488 4,5811
4,1205 4,1527
4,6365 4,6694
5,2163 5,2496
373 14:39
4,5480 4,5803
4,1198 4,1520
4,6359 4,6688
5,2154 5,2487
374 14:40
4,5480 4,5803
4,1198 4,1520
4,6358 4,6687
5,2154 5,2487
375 14:41
4,5481 4,5803
4,1196 4,1518
4,6358 4,6687
5,2147 5,2480
376 14:42
4,5481 4,5803
4,1194 4,1516
4,6352 4,6681
5,2136 5,2469
377 14:43
4,5481 4,5803
4,1200 4,1522
4,6350 4,6679
5,2145 5,2478
378 14:44
4,5482 4,5804
4,1202 4,1524
4,6353 4,6682
5,2140 5,2473
379 14:45
4,5472 4,5794
4,1190 4,1512
4,6338 4,6667
5,2137 5,2470
380 14:46
4,5472 4,5794
4,1190 4,1512
4,6338 4,6667
5,2134 5,2467
381 14:47
4,5472 4,5794
4,1188 4,1510
4,6341 4,6670
5,2134 5,2467
382 14:48
4,5463 4,5785
4,1178 4,1500
4,6329 4,6658
5,2123 5,2456
383 14:49
4,5466 4,5788
4,1184 4,1506
4,6329 4,6658
5,2126 5,2459
384 14:50
4,5461 4,5783
4,1181 4,1503
4,6327 4,6656
5,2125 5,2458
385 14:51
4,5462 4,5784
4,1182 4,1504
4,6331 4,6660
5,2126 5,2459
386 14:52
4,5456 4,5778
4,1179 4,1501
4,6330 4,6659
5,2119 5,2452
387 14:53
4,5454 4,5776
4,1172 4,1494
4,6332 4,6661
5,2110 5,2443
388 14:54
4,5451 4,5773
4,1165 4,1487
4,6331 4,6660
5,2110 5,2443
389 14:55
4,5452 4,5774
4,1168 4,1490
4,6330 4,6659
5,2105 5,2438
390 14:56
4,5452 4,5774
4,1168 4,1490
4,6330 4,6659
5,2108 5,2440
391 14:57
4,5453 4,5775
4,1174 4,1496
4,6328 4,6657
5,2109 5,2441
392 14:58
4,5451 4,5773
4,1171 4,1493
4,6321 4,6650
5,2101 5,2433
393 14:59
4,5451 4,5773
4,1171 4,1493
4,6314 4,6643
5,2099 5,2431
394 15:00
4,5455 4,5777
4,1176 4,1498
4,6320 4,6649
5,2106 5,2438
395 15:01
4,5453 4,5775
4,1176 4,1498
4,6313 4,6642
5,2102 5,2435
396 15:02
4,5455 4,5777
4,1178 4,1500
4,6325 4,6654
5,2104 5,2437
397 15:03
4,5457 4,5779
4,1183 4,1505
4,6325 4,6654
5,2107 5,2440
398 15:04
4,5453 4,5775
4,1187 4,1509
4,6325 4,6654
5,2112 5,2445
399 15:05
4,5457 4,5779
4,1185 4,1507
4,6323 4,6652
5,2114 5,2447
400 15:06
4,5461 4,5783
4,1185 4,1507
4,6332 4,6661
5,2122 5,2454
401 15:07
4,5463 4,5785
4,1181 4,1503
4,6334 4,6663
5,2118 5,2450
402 15:08
4,5464 4,5786
4,1182 4,1504
4,6337 4,6666
5,2116 5,2448
403 15:09
4,5464 4,5786
4,1171 4,1493
4,6337 4,6666
5,2113 5,2445
404 15:10
4,5466 4,5788
4,1175 4,1497
4,6339 4,6668
5,2115 5,2447
405 15:11
4,5468 4,5790
4,1179 4,1501
4,6341 4,6670
5,2121 5,2454
406 15:12
4,5470 4,5792
4,1175 4,1497
4,6343 4,6672
5,2123 5,2456
407 15:13
4,5469 4,5791
4,1179 4,1501
4,6345 4,6674
5,2126 5,2459
408 15:14
4,5465 4,5787
4,1174 4,1496
4,6336 4,6665
5,2129 5,2462
409 15:15
4,5467 4,5789
4,1172 4,1494
4,6338 4,6667
5,2126 5,2459
410 15:16
4,5468 4,5790
4,1180 4,1502
4,6339 4,6668
5,2130 5,2463
411 15:17
4,5468 4,5790
4,1182 4,1504
4,6334 4,6663
5,2130 5,2463
412 15:18
4,5469 4,5791
4,1174 4,1496
4,6335 4,6664
5,2131 5,2464
413 15:19
4,5466 4,5788
4,1171 4,1493
4,6332 4,6661
5,2130 5,2463
414 15:20
4,5469 4,5791
4,1172 4,1494
4,6335 4,6664
5,2128 5,2461
415 15:21
4,5469 4,5791
4,1178 4,1500
4,6330 4,6659
5,2128 5,2461
416 15:22
4,5469 4,5791
4,1181 4,1503
4,6330 4,6659
5,2131 5,2464
417 15:23
4,5469 4,5791
4,1181 4,1503
4,6335 4,6664
5,2140 5,2473
418 15:24
4,5465 4,5787
4,1176 4,1498
4,6331 4,6660
5,2138 5,2471
419 15:25
4,5467 4,5789
4,1185 4,1507
4,6334 4,6663
5,2149 5,2482
420 15:26
4,5468 4,5790
4,1192 4,1514
4,6339 4,6668
5,2151 5,2484
421 15:27
4,5469 4,5791
4,1191 4,1513
4,6340 4,6669
5,2146 5,2479
422 15:28
4,5469 4,5791
4,1193 4,1515
4,6340 4,6669
5,2145 5,2478
423 15:29
4,5472 4,5794
4,1190 4,1512
4,6343 4,6672
5,2148 5,2481
424 15:30
4,5470 4,5792
4,1188 4,1510
4,6322 4,6651
5,2145 5,2478
425 15:31
4,5471 4,5793
4,1187 4,1509
4,6322 4,6651
5,2142 5,2475
426 15:32
4,5474 4,5796
4,1186 4,1508
4,6323 4,6652
5,2139 5,2472
427 15:33
4,5472 4,5794
4,1182 4,1504
4,6320 4,6649
5,2130 5,2463
428 15:34
4,5474 4,5796
4,1175 4,1497
4,6314 4,6643
5,2124 5,2457
429 15:35
4,5475 4,5797
4,1177 4,1499
4,6310 4,6639
5,2131 5,2464
430 15:36
4,5476 4,5798
4,1176 4,1498
4,6313 4,6641
5,2124 5,2457
431 15:37
4,5476 4,5798
4,1173 4,1495
4,6317 4,6645
5,2121 5,2454
432 15:38
4,5475 4,5797
4,1172 4,1494
4,6319 4,6647
5,2123 5,2456
