#======================
2023-9-28
# 1.EUR, 2.USD, 3.CHF, 4.GBP
Sell Price, Buy Price
1 08:43:21
4,6035 4,6359
4,3864 4,4186
4,7618 4,7947
5,3219 5,3553
2 08:44:21
4,6035 4,6359
4,3874 4,4196
4,7613 4,7942
5,3222 5,3556
3 08:45:21
4,6036 4,6360
4,3875 4,4197
4,7619 4,7948
5,3233 5,3567
4 08:46:21
4,6051 4,6375
4,3891 4,4213
4,7631 4,7960
5,3253 5,3587
5 08:47:20
4,6046 4,6370
4,3883 4,4205
4,7622 4,7951
5,3242 5,3576
6 08:48:21
4,6068 4,6392
4,3898 4,4220
4,7644 4,7973
5,3258 5,3592
7 08:49:21
4,6069 4,6393
4,3905 4,4227
4,7653 4,7982
5,3259 5,3593
8 08:50:21
4,6059 4,6383
4,3892 4,4214
4,7642 4,7971
5,3243 5,3577
9 08:51:21
4,6067 4,6391
4,3905 4,4227
4,7649 4,7978
5,3250 5,3584
10 08:52:21
4,6067 4,6391
4,3910 4,4233
4,7642 4,7971
5,3253 5,3587
11 08:53:21
4,6068 4,6392
4,3913 4,4236
4,7645 4,7974
5,3253 5,3587
12 08:54:20
4,6067 4,6391
4,3908 4,4231
4,7641 4,7970
5,3246 5,3580
13 08:55:20
4,6069 4,6393
4,3912 4,4235
4,7648 4,7977
5,3254 5,3588
14 08:56:21
4,6067 4,6391
4,3907 4,4230
4,7646 4,7976
5,3262 5,3596
15 08:57:21
4,6067 4,6391
4,3901 4,4224
4,7638 4,7968
5,3252 5,3586
16 08:58:21
4,6068 4,6392
4,3902 4,4225
4,7639 4,7969
5,3253 5,3587
17 08:59:21
4,6071 4,6395
4,3907 4,4230
4,7647 4,7977
5,3259 5,3593
18 09:00:21
4,6088 4,6412
4,3920 4,4243
4,7671 4,8001
5,3284 5,3618
19 09:01:20
4,6093 4,6417
4,3920 4,4243
4,7661 4,7991
5,3286 5,3620
20 09:02:20
4,6103 4,6427
4,3928 4,4251
4,7668 4,7998
5,3316 5,3650
21 09:03:21
4,6107 4,6431
4,3921 4,4244
4,7653 4,7983
5,3314 5,3648
22 09:04:21
4,6112 4,6436
4,3913 4,4236
4,7670 4,8000
5,3318 5,3652
23 09:05:21
4,6103 4,6427
4,3908 4,4231
4,7666 4,7996
5,3307 5,3641
24 09:06:20
4,6089 4,6412
4,3889 4,4212
4,7652 4,7981
5,3288 5,3623
25 09:07:20
4,6091 4,6414
4,3875 4,4198
4,7651 4,7980
5,3272 5,3607
26 09:08:20
4,6093 4,6416
4,3881 4,4204
4,7656 4,7985
5,3276 5,3611
27 09:09:20
4,6094 4,6417
4,3870 4,4193
4,7651 4,7980
5,3277 5,3612
28 09:10:21
4,6097 4,6420
4,3878 4,4201
4,7660 4,7989
5,3280 5,3615
29 09:11:21
4,6094 4,6417
4,3870 4,4193
4,7651 4,7980
5,3274 5,3608
30 09:12:21
4,6094 4,6417
4,3875 4,4198
4,7657 4,7986
5,3278 5,3612
31 09:13:22
4,6087 4,6410
4,3866 4,4189
4,7651 4,7980
5,3285 5,3619
32 09:14:20
4,6089 4,6412
4,3860 4,4183
4,7646 4,7975
5,3280 5,3614
33 09:15:21
4,6104 4,6427
4,3868 4,4191
4,7668 4,7997
5,3298 5,3632
34 09:16:21
4,6111 4,6434
4,3876 4,4198
4,7679 4,8009
5,3302 5,3636
35 09:17:21
4,6121 4,6444
4,3886 4,4208
4,7693 4,8023
5,3310 5,3644
36 09:18:21
4,6118 4,6441
4,3872 4,4194
4,7682 4,8012
5,3304 5,3638
37 09:19:20
4,6126 4,6449
4,3870 4,4192
4,7695 4,8025
5,3304 5,3638
38 09:20:20
4,6142 4,6465
4,3883 4,4205
4,7714 4,8044
5,3323 5,3657
39 09:21:21
4,6142 4,6465
4,3891 4,4213
4,7725 4,8054
5,3322 5,3656
40 09:22:21
4,6119 4,6442
4,3869 4,4191
4,7699 4,8028
5,3302 5,3636
41 09:23:21
4,6113 4,6436
4,3864 4,4186
4,7690 4,8019
5,3303 5,3637
42 09:24:21
4,6120 4,6443
4,3870 4,4192
4,7698 4,8027
5,3313 5,3647
43 09:25:20
4,6127 4,6450
4,3877 4,4199
4,7692 4,8021
5,3333 5,3667
44 09:26:21
4,6129 4,6452
4,3883 4,4205
4,7692 4,8023
5,3329 5,3663
45 09:27:21
4,6129 4,6452
4,3886 4,4208
4,7687 4,8018
5,3339 5,3673
46 09:28:21
4,6129 4,6452
4,3885 4,4207
4,7681 4,8012
5,3329 5,3663
47 09:29:21
4,6121 4,6444
4,3884 4,4206
4,7684 4,8015
5,3339 5,3673
48 09:30:20
4,6124 4,6447
4,3891 4,4213
4,7691 4,8022
5,3342 5,3676
49 09:31:20
4,6128 4,6451
4,3893 4,4215
4,7687 4,8017
5,3344 5,3678
50 09:32:21
4,6135 4,6458
4,3891 4,4213
4,7688 4,8018
5,3357 5,3691
51 09:33:21
4,6139 4,6462
4,3909 4,4231
4,7696 4,8026
5,3368 5,3702
52 09:34:21
4,6131 4,6454
4,3895 4,4217
4,7679 4,8009
5,3355 5,3689
53 09:35:21
4,6134 4,6457
4,3897 4,4219
4,7678 4,8008
5,3360 5,3694
54 09:36:20
4,6133 4,6456
4,3889 4,4211
4,7680 4,8010
5,3362 5,3696
55 09:37:20
4,6131 4,6454
4,3883 4,4205
4,7673 4,8003
5,3353 5,3687
56 09:38:20
4,6127 4,6450
4,3883 4,4205
4,7666 4,7996
5,3353 5,3687
57 09:39:20
4,6103 4,6426
4,3859 4,4181
4,7646 4,7976
5,3333 5,3667
58 09:40:21
4,6103 4,6426
4,3859 4,4181
4,7637 4,7967
5,3337 5,3671
59 09:41:21
4,6097 4,6421
4,3845 4,4167
4,7626 4,7957
5,3327 5,3661
60 09:42:21
4,6099 4,6423
4,3849 4,4171
4,7631 4,7962
5,3343 5,3677
61 09:43:20
4,6073 4,6397
4,3822 4,4144
4,7603 4,7934
5,3309 5,3643
62 09:44:20
4,6068 4,6392
4,3826 4,4148
4,7605 4,7936
5,3306 5,3640
63 09:45:21
4,6075 4,6399
4,3835 4,4157
4,7608 4,7939
5,3311 5,3645
64 09:46:21
4,6040 4,6363
4,3807 4,4129
4,7573 4,7905
5,3270 5,3604
65 09:47:21
4,6036 4,6359
4,3801 4,4123
4,7563 4,7895
5,3266 5,3600
66 09:48:21
4,6032 4,6355
4,3789 4,4111
4,7546 4,7878
5,3254 5,3588
67 09:49:21
4,6055 4,6378
4,3813 4,4135
4,7584 4,7916
5,3292 5,3626
68 09:50:20
4,6038 4,6361
4,3805 4,4127
4,7570 4,7902
5,3277 5,3611
69 09:51:20
4,6035 4,6358
4,3796 4,4118
4,7571 4,7902
5,3279 5,3613
70 09:52:21
4,6032 4,6355
4,3794 4,4116
4,7561 4,7892
5,3273 5,3607
71 09:53:21
4,6022 4,6345
4,3792 4,4114
4,7551 4,7882
5,3263 5,3597
72 09:54:21
4,6049 4,6372
4,3818 4,4140
4,7593 4,7924
5,3283 5,3617
73 09:55:21
4,6030 4,6353
4,3798 4,4120
4,7570 4,7901
5,3252 5,3586
74 09:56:21
4,6056 4,6379
4,3826 4,4148
4,7595 4,7925
5,3291 5,3625
75 09:57:20
4,6053 4,6376
4,3821 4,4143
4,7603 4,7933
5,3294 5,3628
76 09:58:20
4,6051 4,6374
4,3828 4,4150
4,7607 4,7937
5,3292 5,3626
77 09:59:21
4,6045 4,6368
4,3822 4,4144
4,7598 4,7928
5,3273 5,3607
78 10:00:21
4,6050 4,6373
4,3827 4,4149
4,7602 4,7932
5,3282 5,3616
79 10:01:21
4,6062 4,6385
4,3841 4,4163
4,7611 4,7941
5,3298 5,3632
80 10:02:21
4,6068 4,6391
4,3854 4,4176
4,7629 4,7959
5,3307 5,3641
81 10:03:20
4,6056 4,6379
4,3839 4,4161
4,7613 4,7943
5,3295 5,3629
82 10:04:20
4,6053 4,6376
4,3840 4,4162
4,7604 4,7934
5,3292 5,3626
83 10:05:21
4,6088 4,6411
4,3869 4,4191
4,7635 4,7965
5,3339 5,3673
84 10:06:21
4,6096 4,6420
4,3879 4,4201
4,7642 4,7972
5,3358 5,3692
85 10:07:21
4,6097 4,6421
4,3868 4,4190
4,7638 4,7968
5,3364 5,3698
86 10:08:21
4,6077 4,6401
4,3847 4,4169
4,7615 4,7945
5,3352 5,3686
87 10:09:20
4,6079 4,6403
4,3844 4,4166
4,7610 4,7940
5,3358 5,3692
88 10:10:20
4,6082 4,6406
4,3839 4,4161
4,7613 4,7943
5,3353 5,3687
89 10:11:20
4,6100 4,6423
4,3858 4,4180
4,7626 4,7956
5,3364 5,3698
90 10:12:21
4,6098 4,6421
4,3853 4,4175
4,7626 4,7956
5,3367 5,3701
91 10:13:21
4,6105 4,6428
4,3867 4,4189
4,7633 4,7963
5,3382 5,3716
92 10:14:21
4,6092 4,6415
4,3843 4,4165
4,7621 4,7951
5,3363 5,3697
93 10:15:21
4,6092 4,6415
4,3833 4,4155
4,7629 4,7959
5,3362 5,3696
94 10:16:21
4,6079 4,6402
4,3814 4,4136
4,7611 4,7941
5,3339 5,3673
95 10:17:20
4,6088 4,6411
4,3817 4,4139
4,7615 4,7945
5,3353 5,3687
96 10:18:20
4,6091 4,6414
4,3818 4,4140
4,7627 4,7957
5,3357 5,3691
97 10:19:21
4,6090 4,6413
4,3814 4,4136
4,7622 4,7952
5,3352 5,3686
98 10:20:21
4,6089 4,6412
4,3808 4,4130
4,7627 4,7957
5,3345 5,3679
99 10:21:21
4,6095 4,6419
4,3810 4,4132
4,7633 4,7964
5,3354 5,3688
100 10:22:21
4,6092 4,6416
4,3812 4,4134
4,7639 4,7970
5,3356 5,3690
101 10:23:21
4,6074 4,6398
4,3800 4,4122
4,7623 4,7954
5,3335 5,3669
102 10:24:21
4,6094 4,6418
4,3825 4,4147
4,7639 4,7970
5,3359 5,3693
103 10:25:21
4,6092 4,6416
4,3825 4,4147
4,7639 4,7970
5,3350 5,3684
104 10:26:21
4,6115 4,6438
4,3840 4,4162
4,7663 4,7994
5,3369 5,3703
105 10:27:20
4,6114 4,6437
4,3838 4,4160
4,7658 4,7989
5,3362 5,3696
106 10:28:21
4,6110 4,6433
4,3846 4,4168
4,7658 4,7989
5,3363 5,3697
107 10:29:21
4,6111 4,6434
4,3851 4,4173
4,7671 4,8002
5,3370 5,3704
108 10:30:21
4,6111 4,6434
4,3852 4,4174
4,7676 4,8007
5,3378 5,3712
109 10:31:21
4,6110 4,6435
4,3860 4,4182
4,7674 4,8005
5,3380 5,3714
110 10:32:20
4,6111 4,6436
4,3867 4,4189
4,7677 4,8008
5,3377 5,3711
111 10:33:20
4,6112 4,6437
4,3863 4,4185
4,7683 4,8014
5,3377 5,3711
112 10:34:21
4,6096 4,6421
4,3840 4,4162
4,7662 4,7993
5,3358 5,3692
113 10:35:21
4,6091 4,6416
4,3830 4,4152
4,7655 4,7986
5,3343 5,3677
114 10:36:21
4,6090 4,6413
4,3825 4,4147
4,7650 4,7981
5,3343 5,3677
115 10:37:21
4,6089 4,6412
4,3832 4,4154
4,7653 4,7984
5,3335 5,3669
116 10:38:21
4,6090 4,6413
4,3823 4,4145
4,7664 4,7995
5,3336 5,3670
117 10:39:20
4,6093 4,6416
4,3824 4,4146
4,7666 4,7997
5,3344 5,3678
118 10:40:20
4,6114 4,6437
4,3852 4,4174
4,7692 4,8023
5,3362 5,3696
119 10:41:21
4,6115 4,6438
4,3857 4,4179
4,7685 4,8015
5,3359 5,3693
120 10:42:21
4,6112 4,6435
4,3850 4,4172
4,7682 4,8012
5,3358 5,3692
121 10:43:21
4,6110 4,6433
4,3844 4,4166
4,7686 4,8016
5,3357 5,3691
122 10:44:21
4,6113 4,6436
4,3843 4,4165
4,7679 4,8009
5,3361 5,3695
123 10:45:20
4,6132 4,6455
4,3865 4,4187
4,7699 4,8029
5,3382 5,3716
124 10:46:20
4,6145 4,6468
4,3884 4,4206
4,7722 4,8052
5,3397 5,3731
125 10:47:21
4,6143 4,6466
4,3881 4,4203
4,7724 4,8054
5,3398 5,3732
126 10:48:21
4,6142 4,6465
4,3875 4,4197
4,7740 4,8070
5,3394 5,3728
127 10:49:21
4,6140 4,6463
4,3875 4,4197
4,7733 4,8063
5,3398 5,3732
128 10:50:20
4,6140 4,6463
4,3873 4,4195
4,7737 4,8067
5,3398 5,3732
129 10:51:20
4,6145 4,6469
4,3872 4,4194
4,7740 4,8070
5,3404 5,3738
130 10:52:20
4,6132 4,6456
4,3863 4,4185
4,7732 4,8062
5,3407 5,3741
131 10:53:20
4,6131 4,6455
4,3877 4,4199
4,7735 4,8065
5,3412 5,3746
132 10:54:21
4,6146 4,6470
4,3887 4,4209
4,7747 4,8077
5,3433 5,3767
133 10:55:21
4,6155 4,6479
4,3900 4,4222
4,7759 4,8089
5,3446 5,3780
134 10:56:21
4,6154 4,6477
4,3902 4,4224
4,7767 4,8097
5,3453 5,3787
135 10:57:20
4,6154 4,6477
4,3895 4,4217
4,7763 4,8093
5,3446 5,3780
136 10:58:20
4,6164 4,6487
4,3912 4,4234
4,7779 4,8109
5,3466 5,3800
137 10:59:20
4,6166 4,6489
4,3914 4,4236
4,7776 4,8106
5,3465 5,3799
138 11:00:21
4,6175 4,6498
4,3912 4,4234
4,7794 4,8124
5,3472 5,3806
139 11:01:21
4,6161 4,6486
4,3896 4,4218
4,7776 4,8106
5,3458 5,3792
140 11:02:21
4,6143 4,6468
4,3877 4,4199
4,7756 4,8086
5,3434 5,3768
141 11:03:21
4,6140 4,6465
4,3882 4,4204
4,7755 4,8085
5,3443 5,3777
142 11:04:20
4,6129 4,6454
4,3868 4,4190
4,7746 4,8076
5,3430 5,3764
143 11:05:20
4,6133 4,6458
4,3867 4,4189
4,7747 4,8077
5,3435 5,3769
144 11:06:21
4,6135 4,6459
4,3870 4,4192
4,7748 4,8078
5,3438 5,3772
145 11:07:21
4,6144 4,6468
4,3877 4,4199
4,7759 4,8089
5,3454 5,3788
146 11:08:21
4,6142 4,6466
4,3877 4,4199
4,7753 4,8083
5,3447 5,3781
147 11:09:21
4,6142 4,6466
4,3883 4,4205
4,7750 4,8080
5,3440 5,3774
148 11:10:21
4,6145 4,6469
4,3876 4,4198
4,7754 4,8084
5,3444 5,3778
149 11:11:20
4,6144 4,6467
4,3877 4,4199
4,7752 4,8083
5,3443 5,3777
150 11:12:20
4,6151 4,6474
4,3871 4,4193
4,7747 4,8078
5,3451 5,3785
151 11:13:21
4,6151 4,6474
4,3872 4,4194
4,7749 4,8080
5,3460 5,3794
152 11:14:21
4,6150 4,6473
4,3870 4,4192
4,7751 4,8082
5,3456 5,3790
153 11:15:21
4,6150 4,6473
4,3875 4,4197
4,7748 4,8079
5,3459 5,3793
154 11:16:20
4,6150 4,6474
4,3884 4,4206
4,7763 4,8093
5,3462 5,3796
155 11:17:20
4,6155 4,6479
4,3883 4,4205
4,7769 4,8099
5,3468 5,3802
156 11:18:21
4,6160 4,6484
4,3881 4,4203
4,7772 4,8102
5,3479 5,3813
157 11:19:21
4,6161 4,6485
4,3887 4,4209
4,7765 4,8095
5,3479 5,3813
158 11:20:20
4,6191 4,6515
4,3919 4,4241
4,7801 4,8131
5,3514 5,3848
159 11:21:20
4,6181 4,6506
4,3902 4,4224
4,7786 4,8116
5,3504 5,3838
160 11:22:21
4,6180 4,6505
4,3899 4,4221
4,7785 4,8115
5,3501 5,3835
161 11:23:21
4,6178 4,6503
4,3892 4,4214
4,7778 4,8108
5,3503 5,3837
162 11:24:21
4,6179 4,6504
4,3888 4,4210
4,7779 4,8109
5,3508 5,3842
163 11:25:21
4,6177 4,6502
4,3873 4,4195
4,7792 4,8122
5,3516 5,3850
164 11:26:20
4,6173 4,6496
4,3871 4,4193
4,7783 4,8113
5,3505 5,3839
165 11:27:20
4,6174 4,6497
4,3870 4,4192
4,7787 4,8117
5,3497 5,3831
166 11:28:21
4,6179 4,6502
4,3877 4,4199
4,7802 4,8132
5,3503 5,3837
167 11:29:21
4,6180 4,6503
4,3869 4,4191
4,7794 4,8124
5,3487 5,3821
168 11:30:21
4,6183 4,6506
4,3878 4,4200
4,7798 4,8128
5,3488 5,3822
169 11:31:21
4,6180 4,6503
4,3863 4,4185
4,7785 4,8114
5,3484 5,3818
170 11:32:20
4,6169 4,6492
4,3854 4,4176
4,7771 4,8100
5,3475 5,3809
171 11:33:20
4,6160 4,6483
4,3852 4,4174
4,7765 4,8094
5,3472 5,3806
172 11:35:20
4,6161 4,6484
4,3851 4,4173
4,7766 4,8095
5,3470 5,3804
173 11:36:20
4,6158 4,6483
4,3855 4,4177
4,7771 4,8101
5,3475 5,3809
174 11:37:21
4,6159 4,6484
4,3848 4,4170
4,7752 4,8082
5,3474 5,3808
175 11:38:21
4,6166 4,6491
4,3858 4,4180
4,7758 4,8088
5,3503 5,3837
176 11:39:21
4,6160 4,6485
4,3851 4,4173
4,7747 4,8077
5,3498 5,3832
177 11:40:21
4,6158 4,6483
4,3850 4,4172
4,7745 4,8075
5,3484 5,3818
178 11:41:21
4,6149 4,6472
4,3831 4,4153
4,7731 4,8061
5,3487 5,3821
179 11:42:21
4,6132 4,6455
4,3808 4,4130
4,7713 4,8043
5,3453 5,3787
180 11:43:20
4,6129 4,6452
4,3800 4,4122
4,7715 4,8045
5,3453 5,3787
181 11:44:20
4,6115 4,6438
4,3780 4,4102
4,7698 4,8028
5,3437 5,3771
182 11:45:20
4,6115 4,6438
4,3776 4,4098
4,7695 4,8025
5,3452 5,3786
183 11:46:21
4,6115 4,6438
4,3778 4,4100
4,7703 4,8033
5,3437 5,3771
184 11:47:21
4,6115 4,6438
4,3770 4,4092
4,7698 4,8028
5,3428 5,3762
185 11:48:21
4,6126 4,6449
4,3770 4,4092
4,7707 4,8037
5,3436 5,3770
186 11:49:21
4,6129 4,6452
4,3781 4,4103
4,7710 4,8040
5,3437 5,3771
187 11:50:21
4,6132 4,6455
4,3786 4,4108
4,7721 4,8051
5,3445 5,3779
188 11:51:21
4,6132 4,6456
4,3788 4,4110
4,7726 4,8056
5,3448 5,3782
189 11:52:20
4,6134 4,6458
4,3773 4,4095
4,7720 4,8050
5,3440 5,3774
190 11:53:20
4,6132 4,6456
4,3771 4,4093
4,7717 4,8047
5,3441 5,3775
191 11:54:21
4,6135 4,6459
4,3791 4,4113
4,7716 4,8046
5,3443 5,3777
192 11:55:21
4,6137 4,6461
4,3785 4,4107
4,7716 4,8046
5,3435 5,3769
193 11:56:21
4,6137 4,6460
4,3780 4,4102
4,7713 4,8043
5,3428 5,3762
194 11:57:20
4,6137 4,6460
4,3786 4,4108
4,7716 4,8046
5,3429 5,3763
195 11:58:20
4,6138 4,6461
4,3787 4,4109
4,7729 4,8059
5,3427 5,3761
196 11:59:21
4,6141 4,6464
4,3786 4,4108
4,7729 4,8059
5,3434 5,3768
197 12:00:21
4,6167 4,6490
4,3811 4,4133
4,7754 4,8084
5,3458 5,3792
198 12:01:21
4,6160 4,6483
4,3802 4,4124
4,7747 4,8077
5,3452 5,3786
199 12:02:21
4,6172 4,6495
4,3807 4,4129
4,7757 4,8087
5,3457 5,3791
200 12:03:21
4,6162 4,6485
4,3802 4,4124
4,7757 4,8087
5,3442 5,3776
201 12:04:20
4,6162 4,6485
4,3810 4,4132
4,7761 4,8091
5,3448 5,3782
202 12:05:20
4,6181 4,6504
4,3826 4,4148
4,7776 4,8106
5,3468 5,3802
203 12:06:21
4,6176 4,6499
4,3813 4,4135
4,7768 4,8099
5,3455 5,3789
204 12:07:21
4,6199 4,6522
4,3841 4,4163
4,7794 4,8125
5,3485 5,3819
205 12:08:21
4,6196 4,6519
4,3836 4,4158
4,7788 4,8119
5,3468 5,3802
206 12:09:21
4,6194 4,6517
4,3836 4,4158
4,7781 4,8112
5,3467 5,3801
207 12:10:21
4,6193 4,6516
4,3829 4,4151
4,7775 4,8106
5,3465 5,3799
208 12:11:20
4,6195 4,6518
4,3828 4,4150
4,7777 4,8108
5,3467 5,3801
209 12:12:20
4,6196 4,6519
4,3834 4,4156
4,7786 4,8117
5,3479 5,3813
210 12:13:20
4,6196 4,6519
4,3840 4,4162
4,7786 4,8117
5,3482 5,3816
211 12:14:21
4,6197 4,6520
4,3841 4,4163
4,7785 4,8116
5,3486 5,3820
212 12:15:21
4,6196 4,6519
4,3836 4,4158
4,7783 4,8114
5,3491 5,3825
213 12:16:21
4,6196 4,6519
4,3842 4,4164
4,7787 4,8117
5,3497 5,3831
214 12:17:21
4,6197 4,6520
4,3847 4,4169
4,7793 4,8123
5,3489 5,3823
215 12:18:21
4,6214 4,6537
4,3872 4,4194
4,7805 4,8135
5,3502 5,3836
216 12:19:20
4,6214 4,6537
4,3866 4,4188
4,7799 4,8129
5,3503 5,3837
217 12:20:20
4,6214 4,6537
4,3866 4,4188
4,7800 4,8130
5,3502 5,3836
218 12:21:21
4,6209 4,6533
4,3861 4,4183
4,7792 4,8123
5,3499 5,3833
219 12:22:21
4,6210 4,6534
4,3869 4,4191
4,7794 4,8125
5,3501 5,3835
220 12:23:21
4,6204 4,6528
4,3860 4,4182
4,7792 4,8123
5,3496 5,3830
221 12:24:21
4,6200 4,6524
4,3856 4,4178
4,7785 4,8116
5,3495 5,3829
222 12:25:20
4,6191 4,6515
4,3844 4,4166
4,7773 4,8104
5,3481 5,3815
223 12:26:20
4,6203 4,6526
4,3859 4,4181
4,7785 4,8116
5,3492 5,3826
224 12:27:20
4,6202 4,6525
4,3863 4,4185
4,7785 4,8116
5,3495 5,3829
225 12:28:21
4,6203 4,6526
4,3865 4,4187
4,7785 4,8116
5,3492 5,3826
226 12:29:21
4,6207 4,6530
4,3869 4,4191
4,7789 4,8120
5,3497 5,3831
227 12:30:21
4,6209 4,6532
4,3876 4,4198
4,7794 4,8125
5,3503 5,3837
228 12:31:20
4,6211 4,6534
4,3875 4,4197
4,7794 4,8124
5,3508 5,3842
229 12:32:20
4,6210 4,6533
4,3873 4,4195
4,7794 4,8124
5,3507 5,3841
230 12:33:21
4,6206 4,6529
4,3870 4,4192
4,7789 4,8119
5,3502 5,3836
231 12:34:21
4,6208 4,6531
4,3872 4,4194
4,7791 4,8121
5,3504 5,3838
232 12:35:21
4,6208 4,6531
4,3875 4,4197
4,7792 4,8122
5,3505 5,3839
233 12:36:21
4,6209 4,6532
4,3877 4,4199
4,7795 4,8125
5,3508 5,3842
234 12:37:20
4,6208 4,6531
4,3872 4,4194
4,7794 4,8124
5,3504 5,3838
235 12:38:20
4,6185 4,6508
4,3853 4,4175
4,7768 4,8098
5,3475 5,3809
236 12:39:21
4,6183 4,6506
4,3849 4,4171
4,7769 4,8099
5,3476 5,3810
237 12:40:21
4,6186 4,6509
4,3854 4,4176
4,7767 4,8097
5,3482 5,3816
238 12:41:21
4,6194 4,6517
4,3861 4,4183
4,7769 4,8100
5,3493 5,3827
239 12:42:21
4,6171 4,6494
4,3835 4,4157
4,7748 4,8079
5,3467 5,3801
240 12:43:21
4,6169 4,6492
4,3834 4,4156
4,7751 4,8082
5,3463 5,3797
241 12:44:20
4,6165 4,6488
4,3830 4,4152
4,7751 4,8082
5,3458 5,3792
242 12:45:20
4,6168 4,6491
4,3830 4,4152
4,7754 4,8085
5,3463 5,3797
243 12:46:21
4,6177 4,6501
4,3839 4,4161
4,7752 4,8082
5,3471 5,3805
244 12:47:21
4,6176 4,6500
4,3836 4,4158
4,7756 4,8086
5,3477 5,3811
245 12:48:21
4,6176 4,6500
4,3834 4,4156
4,7749 4,8079
5,3480 5,3814
246 12:49:21
4,6160 4,6484
4,3812 4,4134
4,7724 4,8054
5,3455 5,3789
247 12:50:21
4,6159 4,6483
4,3809 4,4131
4,7731 4,8061
5,3456 5,3790
248 12:51:20
4,6156 4,6479
4,3811 4,4133
4,7725 4,8056
5,3447 5,3781
249 12:52:20
4,6156 4,6479
4,3816 4,4138
4,7721 4,8052
5,3456 5,3790
250 12:53:21
4,6156 4,6479
4,3817 4,4139
4,7722 4,8053
5,3451 5,3785
251 12:54:21
4,6160 4,6483
4,3816 4,4138
4,7721 4,8052
5,3458 5,3792
252 12:55:21
4,6160 4,6483
4,3814 4,4136
4,7716 4,8047
5,3455 5,3789
253 12:56:21
4,6176 4,6499
4,3823 4,4145
4,7722 4,8052
5,3471 5,3805
254 12:57:20
4,6181 4,6504
4,3830 4,4152
4,7729 4,8059
5,3482 5,3816
255 12:58:21
4,6181 4,6504
4,3822 4,4144
4,7723 4,8053
5,3483 5,3817
256 12:59:21
4,6156 4,6479
4,3798 4,4120
4,7699 4,8029
5,3457 5,3791
257 13:00:21
4,6158 4,6481
4,3800 4,4122
4,7691 4,8021
5,3459 5,3793
258 13:01:21
4,6163 4,6486
4,3802 4,4124
4,7687 4,8018
5,3461 5,3795
259 13:02:20
4,6150 4,6473
4,3796 4,4118
4,7677 4,8008
5,3449 5,3783
260 13:03:20
4,6149 4,6472
4,3789 4,4111
4,7678 4,8009
5,3446 5,3780
261 13:04:21
4,6164 4,6487
4,3808 4,4130
4,7693 4,8024
5,3463 5,3797
262 13:05:21
4,6161 4,6484
4,3805 4,4127
4,7688 4,8019
5,3453 5,3787
263 13:06:21
4,6174 4,6498
4,3813 4,4135
4,7703 4,8033
5,3465 5,3799
264 13:07:21
4,6178 4,6502
4,3816 4,4138
4,7705 4,8035
5,3470 5,3804
265 13:08:20
4,6174 4,6498
4,3813 4,4135
4,7699 4,8029
5,3462 5,3796
266 13:09:20
4,6175 4,6499
4,3814 4,4136
4,7707 4,8037
5,3463 5,3797
267 13:10:21
4,6178 4,6502
4,3812 4,4134
4,7709 4,8039
5,3463 5,3797
268 13:11:21
4,6176 4,6499
4,3809 4,4131
4,7697 4,8027
5,3462 5,3796
269 13:12:21
4,6180 4,6503
4,3819 4,4141
4,7706 4,8036
5,3466 5,3800
270 13:13:20
4,6160 4,6483
4,3798 4,4120
4,7691 4,8021
5,3444 5,3778
271 13:14:20
4,6163 4,6486
4,3803 4,4125
4,7688 4,8018
5,3443 5,3777
272 13:15:20
4,6163 4,6486
4,3803 4,4125
4,7686 4,8016
5,3437 5,3771
273 13:16:21
4,6163 4,6486
4,3807 4,4129
4,7684 4,8014
5,3428 5,3762
274 13:17:21
4,6166 4,6489
4,3818 4,4140
4,7682 4,8012
5,3433 5,3767
275 13:18:21
4,6163 4,6486
4,3811 4,4133
4,7676 4,8006
5,3428 5,3762
276 13:19:21
4,6162 4,6485
4,3812 4,4134
4,7668 4,7998
5,3427 5,3761
277 13:20:20
4,6166 4,6489
4,3813 4,4135
4,7666 4,7996
5,3418 5,3752
278 13:21:20
4,6163 4,6486
4,3809 4,4131
4,7673 4,8004
5,3428 5,3762
279 13:22:21
4,6149 4,6472
4,3791 4,4113
4,7663 4,7994
5,3427 5,3761
280 13:23:21
4,6151 4,6474
4,3789 4,4111
4,7652 4,7983
5,3438 5,3772
281 13:24:21
4,6150 4,6473
4,3784 4,4106
4,7656 4,7987
5,3434 5,3768
282 13:25:20
4,6152 4,6475
4,3790 4,4112
4,7646 4,7977
5,3440 5,3774
283 13:26:20
4,6151 4,6474
4,3783 4,4105
4,7646 4,7976
5,3432 5,3766
284 13:27:20
4,6162 4,6485
4,3791 4,4113
4,7675 4,8005
5,3448 5,3782
285 13:28:21
4,6164 4,6487
4,3793 4,4115
4,7675 4,8005
5,3460 5,3794
286 13:29:21
4,6165 4,6488
4,3802 4,4124
4,7666 4,7996
5,3461 5,3795
287 13:30:21
4,6169 4,6492
4,3808 4,4130
4,7672 4,8002
5,3465 5,3799
288 13:31:21
4,6186 4,6509
4,3822 4,4144
4,7687 4,8017
5,3476 5,3810
289 13:32:20
4,6186 4,6509
4,3820 4,4142
4,7692 4,8022
5,3479 5,3813
290 13:33:20
4,6183 4,6506
4,3817 4,4139
4,7689 4,8019
5,3473 5,3807
291 13:34:20
4,6187 4,6510
4,3824 4,4146
4,7694 4,8024
5,3484 5,3818
292 13:35:21
4,6170 4,6493
4,3799 4,4121
4,7676 4,8006
5,3465 5,3799
293 13:36:21
4,6176 4,6499
4,3805 4,4127
4,7683 4,8014
5,3471 5,3805
294 13:37:21
4,6175 4,6498
4,3806 4,4128
4,7680 4,8011
5,3464 5,3798
295 13:38:20
4,6170 4,6493
4,3794 4,4116
4,7669 4,8000
5,3451 5,3785
296 13:39:20
4,6169 4,6492
4,3800 4,4122
4,7665 4,7996
5,3453 5,3787
297 13:40:21
4,6174 4,6497
4,3801 4,4123
4,7672 4,8003
5,3453 5,3787
298 13:41:21
4,6172 4,6497
4,3798 4,4120
4,7669 4,7999
5,3455 5,3789
299 13:42:21
4,6173 4,6498
4,3792 4,4114
4,7669 4,7999
5,3459 5,3793
300 13:43:21
4,6173 4,6498
4,3784 4,4106
4,7667 4,7997
5,3465 5,3799
301 13:44:21
4,6174 4,6499
4,3787 4,4109
4,7664 4,7994
5,3469 5,3803
302 13:45:20
4,6174 4,6499
4,3785 4,4107
4,7666 4,7996
5,3470 5,3804
303 13:46:20
4,6193 4,6516
4,3800 4,4122
4,7681 4,8012
5,3490 5,3824
304 13:47:20
4,6189 4,6512
4,3802 4,4124
4,7679 4,8010
5,3493 5,3827
305 13:48:21
4,6188 4,6511
4,3803 4,4125
4,7683 4,8014
5,3490 5,3824
306 13:49:21
4,6181 4,6504
4,3799 4,4121
4,7674 4,8005
5,3480 5,3814
307 13:50:21
4,6181 4,6504
4,3798 4,4120
4,7676 4,8007
5,3485 5,3819
308 13:51:21
4,6182 4,6505
4,3792 4,4114
4,7673 4,8003
5,3486 5,3820
309 13:52:21
4,6182 4,6505
4,3795 4,4117
4,7675 4,8005
5,3486 5,3820
310 13:53:21
4,6174 4,6497
4,3792 4,4114
4,7675 4,8005
5,3490 5,3824
311 13:54:21
4,6178 4,6501
4,3796 4,4118
4,7682 4,8012
5,3501 5,3835
312 13:55:21
4,6177 4,6500
4,3797 4,4119
4,7688 4,8018
5,3515 5,3849
313 13:56:21
4,6176 4,6501
4,3797 4,4119
4,7683 4,8013
5,3503 5,3837
314 13:57:21
4,6176 4,6501
4,3801 4,4123
4,7683 4,8013
5,3509 5,3843
315 13:58:20
4,6178 4,6503
4,3804 4,4126
4,7683 4,8013
5,3518 5,3852
316 13:59:20
4,6175 4,6500
4,3808 4,4130
4,7689 4,8019
5,3517 5,3851
317 14:00:21
4,6170 4,6495
4,3805 4,4127
4,7682 4,8012
5,3497 5,3831
318 14:01:21
4,6170 4,6493
4,3818 4,4140
4,7692 4,8023
5,3516 5,3850
319 14:02:21
4,6173 4,6496
4,3830 4,4152
4,7697 4,8028
5,3529 5,3863
320 14:03:21
4,6174 4,6497
4,3815 4,4137
4,7694 4,8025
5,3514 5,3848
321 14:04:20
4,6176 4,6499
4,3811 4,4133
4,7700 4,8031
5,3526 5,3860
322 14:05:21
4,6166 4,6489
4,3797 4,4119
4,7680 4,8011
5,3506 5,3840
323 14:06:20
4,6163 4,6486
4,3798 4,4120
4,7678 4,8008
5,3498 5,3832
324 14:07:20
4,6168 4,6491
4,3805 4,4127
4,7689 4,8019
5,3503 5,3837
325 14:08:21
4,6170 4,6493
4,3809 4,4131
4,7695 4,8025
5,3513 5,3847
326 14:09:21
4,6164 4,6487
4,3808 4,4130
4,7694 4,8024
5,3503 5,3837
327 14:10:21
4,6163 4,6486
4,3809 4,4131
4,7693 4,8023
5,3502 5,3836
328 14:11:21
4,6166 4,6489
4,3812 4,4134
4,7695 4,8026
5,3496 5,3830
329 14:12:20
4,6169 4,6492
4,3821 4,4143
4,7699 4,8030
5,3500 5,3834
330 14:13:20
4,6167 4,6490
4,3813 4,4135
4,7692 4,8023
5,3510 5,3844
331 14:14:21
4,6168 4,6491
4,3824 4,4146
4,7697 4,8028
5,3508 5,3842
332 14:15:21
4,6164 4,6487
4,3820 4,4142
4,7696 4,8027
5,3513 5,3847
333 14:16:21
4,6164 4,6487
4,3819 4,4141
4,7697 4,8027
5,3506 5,3840
334 14:17:21
4,6163 4,6486
4,3815 4,4137
4,7696 4,8026
5,3505 5,3839
335 14:18:20
4,6162 4,6485
4,3808 4,4130
4,7692 4,8022
5,3510 5,3844
336 14:19:20
4,6160 4,6483
4,3808 4,4130
4,7690 4,8020
5,3498 5,3832
337 14:20:21
4,6159 4,6482
4,3803 4,4125
4,7692 4,8022
5,3498 5,3832
338 14:21:21
4,6161 4,6484
4,3811 4,4133
4,7693 4,8023
5,3499 5,3833
339 14:22:21
4,6161 4,6484
4,3811 4,4133
4,7694 4,8024
5,3505 5,3839
340 14:23:21
4,6159 4,6482
4,3793 4,4115
4,7692 4,8022
5,3505 5,3839
341 14:24:20
4,6170 4,6493
4,3807 4,4129
4,7699 4,8029
5,3506 5,3840
342 14:25:21
4,6174 4,6497
4,3818 4,4140
4,7703 4,8033
5,3506 5,3840
343 14:26:21
4,6176 4,6499
4,3813 4,4135
4,7705 4,8035
5,3505 5,3839
344 14:27:21
4,6176 4,6499
4,3815 4,4137
4,7702 4,8032
5,3499 5,3833
345 14:28:21
4,6177 4,6500
4,3814 4,4136
4,7703 4,8033
5,3495 5,3829
346 14:29:20
4,6175 4,6498
4,3819 4,4141
4,7702 4,8032
5,3495 5,3829
347 14:30:20
4,6175 4,6498
4,3825 4,4147
4,7698 4,8028
5,3501 5,3835
348 14:31:21
4,6165 4,6490
4,3774 4,4096
4,7698 4,8028
5,3486 5,3820
349 14:32:21
4,6160 4,6485
4,3750 4,4072
4,7695 4,8025
5,3462 5,3796
350 14:33:21
4,6157 4,6482
4,3745 4,4067
4,7690 4,8020
5,3456 5,3790
351 14:34:21
4,6158 4,6483
4,3740 4,4062
4,7699 4,8029
5,3460 5,3794
352 14:35:20
4,6158 4,6483
4,3733 4,4055
4,7701 4,8031
5,3461 5,3795
353 14:36:20
4,6157 4,6482
4,3737 4,4059
4,7697 4,8027
5,3456 5,3790
354 14:37:21
4,6161 4,6486
4,3751 4,4073
4,7698 4,8028
5,3458 5,3792
355 14:38:21
4,6155 4,6480
4,3755 4,4077
4,7696 4,8026
5,3454 5,3788
356 14:39:21
4,6158 4,6483
4,3780 4,4102
4,7698 4,8028
5,3465 5,3799
357 14:40:21
4,6154 4,6479
4,3772 4,4094
4,7689 4,8019
5,3456 5,3790
358 14:41:21
4,6134 4,6457
4,3752 4,4075
4,7668 4,7998
5,3414 5,3748
359 14:42:21
4,6134 4,6457
4,3754 4,4077
4,7672 4,8002
5,3420 5,3754
360 14:43:20
4,6131 4,6454
4,3770 4,4093
4,7670 4,8000
5,3420 5,3754
361 14:44:20
4,6127 4,6450
4,3773 4,4096
4,7664 4,7994
5,3408 5,3742
362 14:45:21
4,6148 4,6471
4,3813 4,4136
4,7675 4,8005
5,3426 5,3760
363 14:46:21
4,6165 4,6490
4,3838 4,4161
4,7691 4,8021
5,3446 5,3780
364 14:47:21
4,6153 4,6478
4,3829 4,4152
4,7686 4,8016
5,3436 5,3770
365 14:48:21
4,6160 4,6485
4,3843 4,4166
4,7699 4,8029
5,3460 5,3794
366 14:49:20
4,6155 4,6480
4,3850 4,4173
4,7686 4,8016
5,3457 5,3791
367 14:50:20
4,6159 4,6484
4,3873 4,4196
4,7685 4,8015
5,3457 5,3791
368 14:51:21
4,6152 4,6475
4,3871 4,4194
4,7687 4,8017
5,3449 5,3783
369 14:52:21
4,6154 4,6477
4,3857 4,4180
4,7689 4,8019
5,3461 5,3795
370 14:53:21
4,6150 4,6473
4,3830 4,4153
4,7670 4,8000
5,3438 5,3772
371 14:54:21
4,6146 4,6469
4,3820 4,4143
4,7667 4,7997
5,3413 5,3747
372 14:55:20
4,6151 4,6474
4,3827 4,4150
4,7673 4,8003
5,3422 5,3756
373 14:56:21
4,6158 4,6483
4,3846 4,4169
4,7683 4,8013
5,3450 5,3784
374 14:57:21
4,6160 4,6485
4,3847 4,4170
4,7685 4,8015
5,3461 5,3795
375 14:58:21
4,6159 4,6484
4,3861 4,4184
4,7691 4,8021
5,3472 5,3806
376 14:59:21
4,6160 4,6485
4,3876 4,4199
4,7704 4,8034
5,3473 5,3807
377 15:00:20
4,6166 4,6491
4,3898 4,4221
4,7721 4,8051
5,3478 5,3812
378 15:01:20
4,6170 4,6495
4,3884 4,4207
4,7727 4,8057
5,3470 5,3804
379 15:02:21
4,6176 4,6501
4,3897 4,4220
4,7730 4,8060
5,3474 5,3808
380 15:03:21
4,6171 4,6496
4,3862 4,4185
4,7721 4,8051
5,3463 5,3797
381 15:04:21
4,6167 4,6492
4,3845 4,4168
4,7708 4,8038
5,3465 5,3799
382 15:05:23
4,6167 4,6492
4,3847 4,4170
4,7708 4,8038
5,3465 5,3799
383 15:06:20
4,6172 4,6497
4,3837 4,4160
4,7709 4,8039
5,3459 5,3793
384 15:07:20
4,6169 4,6494
4,3818 4,4141
4,7703 4,8033
5,3453 5,3787
385 15:08:21
4,6168 4,6493
4,3813 4,4136
4,7705 4,8035
5,3451 5,3785
386 15:09:21
4,6168 4,6493
4,3825 4,4148
4,7710 4,8040
5,3451 5,3785
387 15:10:21
4,6168 4,6493
4,3821 4,4144
4,7709 4,8039
5,3447 5,3781
388 15:11:21
4,6158 4,6482
4,3815 4,4137
4,7698 4,8028
5,3433 5,3767
389 15:12:20
4,6159 4,6483
4,3833 4,4155
4,7703 4,8033
5,3440 5,3774
390 15:13:20
4,6160 4,6484
4,3828 4,4150
4,7707 4,8037
5,3447 5,3781
391 15:14:21
4,6155 4,6479
4,3821 4,4143
4,7700 4,8030
5,3442 5,3776
392 15:15:21
4,6157 4,6481
4,3823 4,4145
4,7703 4,8033
5,3444 5,3778
393 15:16:21
4,6159 4,6483
4,3821 4,4143
4,7702 4,8033
5,3444 5,3778
394 15:17:20
4,6161 4,6485
4,3839 4,4161
4,7711 4,8042
5,3452 5,3786
395 15:18:20
4,6174 4,6498
4,3839 4,4161
4,7720 4,8051
5,3454 5,3788
396 15:19:21
4,6168 4,6492
4,3842 4,4164
4,7718 4,8049
5,3444 5,3778
397 15:20:21
4,6168 4,6492
4,3836 4,4158
4,7718 4,8049
5,3435 5,3769
398 15:21:21
4,6168 4,6492
4,3840 4,4162
4,7713 4,8044
5,3447 5,3781
399 15:22:21
4,6168 4,6492
4,3833 4,4155
4,7713 4,8044
5,3447 5,3781
400 15:23:21
4,6164 4,6488
4,3815 4,4137
4,7704 4,8035
5,3442 5,3776
401 15:24:21
4,6165 4,6489
4,3800 4,4122
4,7705 4,8036
5,3441 5,3775
402 15:25:20
4,6164 4,6488
4,3805 4,4127
4,7702 4,8033
5,3430 5,3764
403 15:26:20
4,6158 4,6481
4,3788 4,4110
4,7693 4,8024
5,3416 5,3750
404 15:27:21
4,6159 4,6482
4,3786 4,4108
4,7696 4,8027
5,3404 5,3738
405 15:28:21
4,6159 4,6482
4,3784 4,4106
4,7695 4,8026
5,3404 5,3738
406 15:29:21
4,6153 4,6476
4,3772 4,4094
4,7687 4,8018
5,3404 5,3738
407 15:30:21
4,6153 4,6476
4,3766 4,4088
4,7690 4,8021
5,3399 5,3733
408 15:31:20
4,6153 4,6476
4,3764 4,4086
4,7698 4,8028
5,3401 5,3735
409 15:32:20
4,6160 4,6483
4,3756 4,4078
4,7710 4,8040
5,3392 5,3726
410 15:33:20
4,6160 4,6483
4,3762 4,4084
4,7705 4,8035
5,3400 5,3734
411 15:34:21
4,6158 4,6481
4,3759 4,4081
4,7703 4,8033
5,3400 5,3734
412 15:35:21
4,6158 4,6481
4,3748 4,4070
4,7703 4,8033
5,3399 5,3733
413 15:36:21
4,6155 4,6479
4,3742 4,4064
4,7698 4,8029
5,3405 5,3739
414 15:37:21
4,6157 4,6481
4,3763 4,4085
4,7707 4,8038
5,3410 5,3744
415 15:38:20
4,6158 4,6482
4,3778 4,4100
4,7715 4,8046
5,3411 5,3745
416 15:39:20
4,6157 4,6481
4,3777 4,4099
4,7710 4,8041
5,3412 5,3746
417 15:40:20
4,6156 4,6480
4,3782 4,4104
4,7721 4,8052
5,3405 5,3739
418 15:41:20
4,6158 4,6481
4,3796 4,4118
4,7725 4,8056
5,3407 5,3741
419 15:42:21
4,6156 4,6479
4,3783 4,4105
4,7727 4,8058
5,3401 5,3735
420 15:43:21
4,6156 4,6479
4,3777 4,4099
4,7720 4,8051
5,3395 5,3729
421 15:44:21
4,6153 4,6476
4,3801 4,4123
4,7724 4,8055
5,3395 5,3729
422 15:45:21
4,6152 4,6475
4,3801 4,4123
4,7716 4,8047
5,3390 5,3724
423 15:46:21
4,6142 4,6465
4,3782 4,4104
4,7707 4,8038
5,3385 5,3719
424 15:47:21
4,6144 4,6467
4,3785 4,4107
4,7707 4,8038
5,3397 5,3731
425 15:48:20
4,6145 4,6468
4,3788 4,4110
4,7706 4,8037
5,3393 5,3727
426 15:49:20
4,6147 4,6470
4,3800 4,4122
4,7714 4,8045
5,3394 5,3728
427 15:50:20
4,6148 4,6471
4,3801 4,4123
4,7715 4,8046
5,3389 5,3723
428 15:51:21
4,6139 4,6464
4,3781 4,4103
4,7704 4,8034
5,3380 5,3714
429 15:52:21
4,6135 4,6460
4,3773 4,4095
4,7702 4,8032
5,3376 5,3710
430 15:53:21
4,6137 4,6462
4,3774 4,4096
4,7706 4,8036
5,3378 5,3712
431 15:54:21
4,6139 4,6464
4,3760 4,4082
4,7708 4,8038
5,3373 5,3707
432 15:55:20
4,6141 4,6466
4,3751 4,4073
4,7703 4,8033
5,3366 5,3700
433 15:56:21
4,6138 4,6462
4,3738 4,4060
4,7697 4,8028
5,3357 5,3691
434 15:57:21
4,6144 4,6468
4,3755 4,4077
4,7710 4,8041
5,3370 5,3704
435 15:58:21
4,6147 4,6471
4,3745 4,4067
4,7712 4,8043
5,3371 5,3705
436 15:59:21
4,6145 4,6469
4,3750 4,4072
4,7707 4,8038
5,3364 5,3698
437 16:00:20
4,6141 4,6465
4,3743 4,4065
4,7707 4,8038
5,3351 5,3685
438 16:01:20
4,6152 4,6476
4,3735 4,4057
4,7718 4,8048
5,3358 5,3692
439 16:02:21
4,6150 4,6474
4,3733 4,4055
4,7707 4,8037
5,3372 5,3706
440 16:03:21
4,6139 4,6463
4,3722 4,4044
4,7699 4,8029
5,3356 5,3690
441 16:04:21
4,6146 4,6470
4,3729 4,4051
4,7711 4,8041
5,3369 5,3703
442 16:05:21
4,6144 4,6468
4,3728 4,4050
4,7705 4,8035
5,3373 5,3707
443 16:06:21
4,6149 4,6472
4,3741 4,4063
4,7710 4,8041
5,3371 5,3705
444 16:07:20
4,6149 4,6472
4,3735 4,4057
4,7701 4,8032
5,3373 5,3707
445 16:08:20
4,6157 4,6480
4,3739 4,4061
4,7709 4,8040
5,3380 5,3714
446 16:09:20
4,6163 4,6486
4,3736 4,4058
4,7715 4,8046
5,3381 5,3715
447 16:10:21
4,6167 4,6490
4,3748 4,4070
4,7716 4,8047
5,3390 5,3724
448 16:11:21
4,6174 4,6498
4,3745 4,4067
4,7728 4,8059
5,3402 5,3736
449 16:12:21
4,6167 4,6491
4,3745 4,4067
4,7730 4,8061
5,3403 5,3737
450 16:13:21
4,6180 4,6504
4,3757 4,4079
4,7733 4,8064
5,3415 5,3749
451 16:14:21
4,6180 4,6504
4,3759 4,4081
4,7733 4,8064
5,3411 5,3745
452 16:15:21
4,6186 4,6510
4,3749 4,4071
4,7740 4,8071
5,3415 5,3749
453 16:16:20
4,6179 4,6504
4,3760 4,4082
4,7730 4,8061
5,3411 5,3745
454 16:17:20
4,6184 4,6509
4,3780 4,4102
4,7741 4,8072
5,3422 5,3756
455 16:18:21
4,6185 4,6510
4,3787 4,4109
4,7741 4,8072
5,3414 5,3748
456 16:19:21
4,6183 4,6508
4,3777 4,4099
4,7746 4,8077
5,3423 5,3757
457 16:20:21
4,6178 4,6503
4,3761 4,4083
4,7738 4,8069
5,3410 5,3744
458 16:21:21
4,6174 4,6497
4,3755 4,4077
4,7729 4,8060
5,3398 5,3732
459 16:22:21
4,6175 4,6498
4,3754 4,4076
4,7735 4,8066
5,3383 5,3717
460 16:23:21
4,6176 4,6499
4,3757 4,4079
4,7736 4,8067
5,3381 5,3715
461 16:24:21
4,6176 4,6499
4,3752 4,4074
4,7735 4,8066
5,3374 5,3708
462 16:25:21
4,6175 4,6498
4,3743 4,4065
4,7730 4,8061
5,3370 5,3704
463 16:26:20
4,6174 4,6499
4,3743 4,4065
4,7731 4,8061
5,3366 5,3700
464 16:27:21
4,6175 4,6500
4,3757 4,4079
4,7737 4,8067
5,3378 5,3712
465 16:28:21
4,6177 4,6502
4,3761 4,4083
4,7744 4,8074
5,3382 5,3716
466 16:29:21
4,6176 4,6501
4,3758 4,4080
4,7743 4,8073
5,3385 5,3719
467 16:30:21
4,6174 4,6499
4,3749 4,4071
4,7738 4,8068
5,3390 5,3724
468 16:31:21
4,6178 4,6502
4,3769 4,4091
4,7743 4,8074
5,3396 5,3730
469 16:32:20
4,6211 4,6535
4,3822 4,4144
4,7783 4,8114
5,3435 5,3769
470 16:33:20
4,6209 4,6533
4,3813 4,4135
4,7780 4,8111
5,3433 5,3767
471 16:34:20
4,6202 4,6526
4,3790 4,4112
4,7771 4,8102
5,3412 5,3746
472 16:35:20
4,6181 4,6505
4,3764 4,4086
4,7749 4,8080
5,3384 5,3718
473 16:36:21
4,6180 4,6505
4,3761 4,4083
4,7750 4,8081
5,3380 5,3714
474 16:37:21
4,6193 4,6518
4,3782 4,4104
4,7762 4,8093
5,3396 5,3730
475 16:38:21
4,6199 4,6524
4,3790 4,4112
4,7771 4,8102
5,3406 5,3740
476 16:39:21
4,6204 4,6529
4,3786 4,4108
4,7773 4,8104
5,3412 5,3746
477 16:40:20
4,6199 4,6524
4,3779 4,4101
4,7768 4,8099
5,3409 5,3743
478 16:41:20
4,6195 4,6520
4,3776 4,4098
4,7765 4,8096
5,3403 5,3737
479 16:42:21
4,6197 4,6522
4,3786 4,4108
4,7766 4,8097
5,3402 5,3736
480 16:43:21
4,6197 4,6522
4,3780 4,4102
4,7768 4,8099
5,3400 5,3734
481 16:44:21
4,6178 4,6503
4,3753 4,4075
4,7731 4,8062
5,3377 5,3711
482 16:45:21
4,6180 4,6505
4,3746 4,4068
4,7733 4,8064
5,3374 5,3708
483 16:46:21
4,6179 4,6504
4,3747 4,4069
4,7728 4,8059
5,3373 5,3707
484 16:47:21
4,6178 4,6503
4,3724 4,4046
4,7722 4,8053
5,3364 5,3698
485 16:48:20
4,6172 4,6497
4,3721 4,4043
4,7718 4,8049
5,3368 5,3702
486 16:49:20
4,6174 4,6499
4,3718 4,4040
4,7710 4,8041
5,3365 5,3699
487 16:50:20
4,6173 4,6498
4,3717 4,4039
4,7701 4,8032
5,3360 5,3694
488 16:51:21
4,6176 4,6501
4,3707 4,4029
4,7699 4,8030
5,3355 5,3689
489 16:52:21
4,6176 4,6501
4,3706 4,4028
4,7697 4,8028
5,3354 5,3688
490 16:53:21
4,6162 4,6487
4,3689 4,4011
4,7681 4,8012
5,3337 5,3671
491 16:54:21
4,6162 4,6487
4,3696 4,4018
4,7685 4,8016
5,3338 5,3672
492 16:55:21
4,6162 4,6487
4,3697 4,4019
4,7678 4,8009
5,3335 5,3669
493 16:56:21
4,6163 4,6488
4,3697 4,4019
4,7679 4,8010
5,3342 5,3676
494 16:57:21
4,6164 4,6489
4,3699 4,4021
4,7683 4,8014
5,3347 5,3681
495 16:58:21
4,6183 4,6508
4,3726 4,4048
4,7699 4,8030
5,3365 5,3699
496 16:59:21
4,6182 4,6507
4,3723 4,4045
4,7699 4,8030
5,3361 5,3695
497 17:00:21
4,6181 4,6506
4,3727 4,4049
4,7693 4,8024
5,3360 5,3694
498 17:01:21
4,6183 4,6508
4,3731 4,4053
4,7689 4,8020
5,3362 5,3696
499 17:02:21
4,6186 4,6511
4,3734 4,4056
4,7697 4,8028
5,3363 5,3697
500 17:03:20
4,6187 4,6512
4,3725 4,4047
4,7700 4,8031
5,3367 5,3701
501 17:04:20
4,6188 4,6513
4,3715 4,4037
4,7690 4,8021
5,3369 5,3703
502 17:05:20
4,6185 4,6510
4,3718 4,4040
4,7686 4,8017
5,3368 5,3702
503 17:06:21
4,6210 4,6535
4,3741 4,4063
4,7722 4,8053
5,3396 5,3730
504 17:07:21
4,6223 4,6548
4,3753 4,4075
4,7737 4,8068
5,3412 5,3746
505 17:08:21
4,6220 4,6545
4,3743 4,4065
4,7734 4,8065
5,3398 5,3732
506 17:09:21
4,6210 4,6535
4,3736 4,4058
4,7722 4,8053
5,3397 5,3731
507 17:10:21
4,6220 4,6545
4,3756 4,4079
4,7733 4,8064
5,3411 5,3745
508 17:11:20
4,6217 4,6542
4,3755 4,4077
4,7730 4,8061
5,3408 5,3742
509 17:12:20
4,6221 4,6546
4,3759 4,4081
4,7736 4,8067
5,3412 5,3746
510 17:13:21
4,6206 4,6531
4,3762 4,4084
4,7729 4,8060
5,3403 5,3737
511 17:14:21
4,6204 4,6529
4,3759 4,4081
4,7725 4,8056
5,3402 5,3736
512 17:15:21
4,6201 4,6526
4,3763 4,4085
4,7728 4,8059
5,3408 5,3742
513 17:16:21
4,6206 4,6531
4,3756 4,4078
4,7723 4,8054
5,3410 5,3744
514 17:17:21
4,6216 4,6541
4,3775 4,4097
4,7723 4,8054
5,3413 5,3747
515 17:18:21
4,6212 4,6537
4,3765 4,4087
4,7720 4,8051
5,3408 5,3742
516 17:19:20
4,6219 4,6544
4,3773 4,4095
4,7727 4,8058
5,3419 5,3753
517 17:20:21
4,6213 4,6538
4,3766 4,4088
4,7718 4,8049
5,3418 5,3752
518 17:21:21
4,6213 4,6538
4,3757 4,4079
4,7720 4,8051
5,3418 5,3752
519 17:22:20
4,6213 4,6538
4,3772 4,4094
4,7720 4,8051
5,3421 5,3755
520 17:23:20
4,6210 4,6535
4,3763 4,4085
4,7721 4,8052
5,3416 5,3750
521 17:24:21
4,6208 4,6533
4,3752 4,4074
4,7714 4,8045
5,3412 5,3746
522 17:25:21
4,6207 4,6532
4,3731 4,4053
4,7709 4,8040
5,3402 5,3736
523 17:26:21
4,6208 4,6533
4,3734 4,4056
4,7702 4,8033
5,3398 5,3732
524 17:27:21
4,6201 4,6526
4,3738 4,4060
4,7693 4,8024
5,3390 5,3724
525 17:28:20
4,6199 4,6524
4,3721 4,4043
4,7698 4,8029
5,3385 5,3719
526 17:29:21
4,6209 4,6534
4,3728 4,4050
4,7706 4,8037
5,3395 5,3729
527 17:30:21
4,6209 4,6534
4,3729 4,4051
4,7710 4,8041
5,3396 5,3730
528 17:31:21
4,6209 4,6534
4,3728 4,4050
4,7705 4,8036
5,3398 5,3732
529 17:32:21
4,6208 4,6533
4,3726 4,4048
4,7704 4,8035
5,3402 5,3736
530 17:33:21
4,6208 4,6533
4,3727 4,4049
4,7710 4,8041
5,3400 5,3734
531 17:34:21
4,6198 4,6523
4,3705 4,4027
4,7696 4,8027
5,3385 5,3719
532 17:35:21
4,6194 4,6519
4,3706 4,4028
4,7695 4,8026
5,3396 5,3730
533 17:36:20
4,6193 4,6518
4,3701 4,4023
4,7705 4,8036
5,3401 5,3735
534 17:37:20
4,6196 4,6521
4,3704 4,4027
4,7707 4,8038
5,3402 5,3736
535 18:05:21
4,6176 4,6507
4,3676 4,4011
4,7712 4,8049
5,3398 5,3738
536 18:06:21
4,6174 4,6507
4,3674 4,4011
4,7715 4,8050
5,3396 5,3738
537 18:07:20
4,6174 4,6505
4,3681 4,4013
4,7706 4,8044
5,3390 5,3731
538 18:08:20
4,6178 4,6505
4,3682 4,4013
4,7704 4,8037
5,3389 5,3724
539 18:09:21
4,6174 4,6510
4,3690 4,4025
4,7705 4,8047
5,3386 5,3729
540 18:10:21
4,6174 4,6510
4,3690 4,4029
4,7705 4,8047
5,3388 5,3734
541 18:11:21
4,6176 4,6512
4,3696 4,4031
4,7697 4,8043
5,3392 5,3731
542 18:12:21
4,6174 4,6500
4,3695 4,4023
4,7700 4,8032
5,3385 5,3719
543 18:13:21
4,6170 4,6508
4,3695 4,4032
4,7700 4,8049
5,3386 5,3730
544 18:14:21
4,6178 4,6508
4,3705 4,4035
4,7709 4,8045
5,3399 5,3733
545 18:15:21
4,6176 4,6507
4,3709 4,4040
4,7707 4,8044
5,3392 5,3732
546 18:16:22
4,6174 4,6514
4,3694 4,4037
4,7705 4,8051
5,3383 5,3734
547 18:17:21
4,6173 4,6508
4,3694 4,4033
4,7704 4,8049
5,3383 5,3722
548 18:18:20
4,6181 4,6508
4,3689 4,4020
4,7708 4,8046
5,3398 5,3732
549 18:19:20
4,6180 4,6520
4,3694 4,4038
4,7706 4,8052
5,3390 5,3739
550 18:20:20
4,6189 4,6520
4,3701 4,4036
4,7711 4,8052
5,3395 5,3736
551 18:21:20
4,6179 4,6509
4,3699 4,4028
4,7700 4,8040
5,3381 5,3721
552 18:22:21
4,6192 4,6519
4,3708 4,4039
4,7720 4,8052
5,3399 5,3734
553 18:23:21
4,6198 4,6523
4,3711 4,4034
4,7725 4,8056
5,3405 5,3739
554 18:24:21
4,6192 4,6518
4,3702 4,4032
4,7723 4,8054
5,3392 5,3726
555 18:25:21
4,6210 4,6535
4,3721 4,4046
4,7738 4,8074
5,3412 5,3746
556 18:26:20
4,6199 4,6525
4,3708 4,4034
4,7725 4,8056
5,3393 5,3728
557 18:27:20
4,6199 4,6527
4,3704 4,4036
4,7726 4,8060
5,3399 5,3735
558 18:28:20
4,6201 4,6529
4,3702 4,4034
4,7728 4,8062
5,3414 5,3750
559 18:29:21
4,6200 4,6525
4,3700 4,4027
4,7728 4,8061
5,3419 5,3753
560 18:30:21
4,6192 4,6517
4,3691 4,4020
4,7719 4,8054
5,3410 5,3744
561 18:31:21
4,6207 4,6532
4,3705 4,4029
4,7739 4,8070
5,3421 5,3755
562 18:32:20
4,6223 4,6552
4,3716 4,4049
4,7757 4,8091
5,3440 5,3778
563 18:33:20
4,6224 4,6552
4,3721 4,4052
4,7756 4,8089
5,3438 5,3772
564 18:34:21
4,6210 4,6542
4,3710 4,4046
4,7747 4,8085
5,3417 5,3753
565 18:35:20
4,6226 4,6551
4,3731 4,4057
4,7759 4,8090
5,3437 5,3771
566 18:36:20
4,6241 4,6566
4,3754 4,4076
4,7784 4,8115
5,3462 5,3796
567 18:37:21
4,6232 4,6557
4,3750 4,4075
4,7770 4,8101
5,3449 5,3783
568 18:38:21
4,6231 4,6557
4,3747 4,4073
4,7768 4,8099
5,3445 5,3779
569 18:39:21
4,6191 4,6516
4,3707 4,4033
4,7727 4,8058
5,3395 5,3729
570 18:40:21
4,6202 4,6540
4,3719 4,4057
4,7744 4,8088
5,3415 5,3764
571 18:41:21
4,6198 4,6537
4,3709 4,4051
4,7735 4,8080
5,3418 5,3765
572 18:42:21
4,6199 4,6536
4,3702 4,4043
4,7736 4,8079
5,3419 5,3766
573 18:43:21
4,6219 4,6547
4,3723 4,4051
4,7761 4,8095
5,3435 5,3772
574 18:44:21
4,6220 4,6548
4,3724 4,4052
4,7756 4,8095
5,3434 5,3768
575 18:45:20
4,6217 4,6545
4,3725 4,4057
4,7753 4,8092
5,3430 5,3764
576 18:46:20
4,6211 4,6539
4,3728 4,4057
4,7753 4,8087
5,3425 5,3761
577 18:47:21
4,6208 4,6533
4,3730 4,4058
4,7744 4,8075
5,3422 5,3756
578 18:48:21
4,6209 4,6534
4,3736 4,4058
4,7750 4,8081
5,3429 5,3763
579 18:49:21
4,6209 4,6534
4,3740 4,4068
4,7746 4,8077
5,3432 5,3766
580 18:50:21
4,6209 4,6534
4,3750 4,4077
4,7747 4,8078
5,3428 5,3762
581 18:51:20
4,6209 4,6534
4,3749 4,4073
4,7746 4,8077
5,3419 5,3753
582 18:52:21
4,6209 4,6535
4,3753 4,4081
4,7745 4,8082
5,3423 5,3757
583 18:53:21
4,6210 4,6535
4,3761 4,4090
4,7747 4,8078
5,3424 5,3758
584 18:54:21
4,6209 4,6537
4,3763 4,4093
4,7754 4,8089
5,3429 5,3765
585 18:55:21
4,6227 4,6553
4,3789 4,4115
4,7765 4,8097
5,3445 5,3779
586 18:56:21
4,6227 4,6553
4,3785 4,4115
4,7765 4,8101
5,3440 5,3774
587 18:57:21
4,6230 4,6555
4,3794 4,4123
4,7777 4,8109
5,3452 5,3786
588 18:58:20
4,6230 4,6555
4,3795 4,4122
4,7778 4,8109
5,3457 5,3791
589 18:59:20
4,6218 4,6543
4,3774 4,4096
4,7761 4,8094
5,3439 5,3773
590 19:00:20
4,6209 4,6537
4,3768 4,4100
4,7750 4,8089
5,3423 5,3760
591 19:01:21
4,6206 4,6535
4,3767 4,4100
4,7753 4,8088
5,3422 5,3759
592 19:02:21
4,6233 4,6563
4,3792 4,4125
4,7781 4,8116
5,3459 5,3795
593 19:03:21
4,6223 4,6550
4,3787 4,4114
4,7771 4,8104
5,3446 5,3782
594 19:04:21
4,6222 4,6549
4,3786 4,4117
4,7769 4,8102
5,3446 5,3781
595 19:05:21
4,6225 4,6553
4,3795 4,4123
4,7777 4,8111
5,3441 5,3777
596 19:06:21
4,6230 4,6558
4,3800 4,4130
4,7782 4,8115
5,3448 5,3785
597 19:07:21
4,6247 4,6572
4,3811 4,4138
4,7797 4,8130
5,3464 5,3798
598 19:08:21
4,6256 4,6581
4,3816 4,4138
4,7806 4,8137
5,3477 5,3811
599 19:09:20
4,6248 4,6573
4,3799 4,4126
4,7801 4,8132
5,3468 5,3802
600 19:10:20
4,6247 4,6572
4,3794 4,4116
4,7800 4,8131
5,3467 5,3801
601 19:11:20
4,6246 4,6572
4,3795 4,4122
4,7794 4,8126
5,3466 5,3800
602 19:12:21
4,6238 4,6566
4,3783 4,4111
4,7786 4,8120
5,3457 5,3794
603 19:13:21
4,6232 4,6576
4,3777 4,4121
4,7775 4,8131
5,3451 5,3803
604 19:14:21
4,6246 4,6571
4,3793 4,4120
4,7791 4,8125
5,3460 5,3794
605 19:15:20
4,6241 4,6566
4,3792 4,4121
4,7789 4,8120
5,3457 5,3791
606 19:16:20
4,6231 4,6557
4,3785 4,4116
4,7773 4,8104
5,3442 5,3776
607 19:17:21
4,6222 4,6578
4,3775 4,4133
4,7759 4,8127
5,3435 5,3800
608 19:18:21
4,6240 4,6568
4,3792 4,4124
4,7777 4,8110
5,3453 5,3794
609 19:19:21
4,6232 4,6563
4,3787 4,4118
4,7770 4,8111
5,3448 5,3788
610 19:20:21
4,6234 4,6559
4,3784 4,4110
4,7772 4,8103
5,3445 5,3779
611 19:21:21
4,6239 4,6565
4,3784 4,4114
4,7777 4,8109
5,3451 5,3785
612 19:22:20
4,6242 4,6567
4,3783 4,4111
4,7776 4,8112
5,3455 5,3789
613 19:23:20
4,6253 4,6578
4,3791 4,4117
4,7787 4,8118
5,3468 5,3802
614 19:24:21
4,6250 4,6575
4,3792 4,4114
4,7786 4,8117
5,3465 5,3799
615 19:25:21
4,6251 4,6576
4,3791 4,4113
4,7784 4,8115
5,3459 5,3793
616 19:26:21
4,6247 4,6572
4,3793 4,4122
4,7780 4,8111
5,3455 5,3789
617 19:27:21
4,6247 4,6573
4,3795 4,4121
4,7779 4,8116
5,3458 5,3792
618 19:28:21
4,6249 4,6574
4,3795 4,4117
4,7782 4,8113
5,3462 5,3796
619 19:29:21
4,6244 4,6572
4,3797 4,4129
4,7777 4,8115
5,3455 5,3789
620 19:30:20
4,6235 4,6562
4,3794 4,4120
4,7773 4,8106
5,3443 5,3778
621 19:31:20
4,6240 4,6568
4,3806 4,4135
4,7783 4,8117
5,3453 5,3790
622 19:32:20
4,6239 4,6569
4,3806 4,4139
4,7777 4,8113
5,3452 5,3791
623 19:33:20
4,6238 4,6564
4,3808 4,4139
4,7775 4,8112
5,3450 5,3785
624 19:34:21
4,6221 4,6565
4,3791 4,4135
4,7757 4,8109
5,3429 5,3788
625 19:35:21
4,6225 4,6556
4,3802 4,4137
4,7763 4,8100
5,3438 5,3777
626 19:36:21
4,6219 4,6563
4,3793 4,4137
4,7766 4,8116
5,3440 5,3796
627 19:37:21
4,6216 4,6547
4,3801 4,4135
4,7765 4,8101
5,3451 5,3785
628 19:38:20
4,6203 4,6555
4,3788 4,4143
4,7750 4,8108
5,3435 5,3794
629 19:39:20
4,6207 4,6555
4,3788 4,4139
4,7754 4,8108
5,3431 5,3793
630 19:40:21
4,6224 4,6560
4,3802 4,4142
4,7769 4,8112
5,3452 5,3799
631 19:41:21
4,6220 4,6557
4,3809 4,4146
4,7767 4,8110
5,3448 5,3790
632 19:42:21
4,6221 4,6555
4,3804 4,4138
4,7763 4,8103
5,3443 5,3787
633 19:43:21
4,6226 4,6556
4,3805 4,4139
4,7769 4,8109
5,3449 5,3788
634 19:44:21
4,6221 4,6550
4,3813 4,4147
4,7769 4,8105
5,3449 5,3783
635 19:45:20
4,6216 4,6551
4,3805 4,4144
4,7759 4,8105
5,3439 5,3784
636 19:46:20
4,6217 4,6552
4,3806 4,4145
4,7760 4,8106
5,3440 5,3785
637 19:47:20
4,6233 4,6562
4,3813 4,4146
4,7766 4,8101
5,3452 5,3791
638 19:48:21
4,6223 4,6558
4,3803 4,4141
4,7761 4,8102
5,3441 5,3786
639 19:49:21
4,6222 4,6555
4,3807 4,4142
4,7764 4,8103
5,3439 5,3782
640 19:50:21
4,6216 4,6550
4,3805 4,4142
4,7762 4,8107
5,3450 5,3793
641 19:51:21
4,6216 4,6550
4,3795 4,4133
4,7757 4,8102
5,3443 5,3787
642 19:52:21
4,6215 4,6550
4,3796 4,4135
4,7758 4,8104
5,3444 5,3789
643 19:53:21
4,6215 4,6550
4,3799 4,4135
4,7757 4,8098
5,3437 5,3781
644 19:54:21
4,6201 4,6538
4,3783 4,4124
4,7743 4,8086
5,3421 5,3768
645 19:55:21
4,6185 4,6524
4,3771 4,4109
4,7722 4,8072
5,3402 5,3752
646 19:56:20
4,6185 4,6524
4,3771 4,4109
4,7726 4,8071
5,3397 5,3746
647 19:57:20
4,6181 4,6523
4,3766 4,4108
4,7717 4,8065
5,3390 5,3742
648 19:58:21
4,6180 4,6520
4,3765 4,4109
4,7716 4,8062
5,3387 5,3737
649 19:59:21
4,6185 4,6524
4,3780 4,4119
4,7722 4,8067
5,3397 5,3739
650 20:00:21
4,6196 4,6534
4,3784 4,4126
4,7733 4,8077
5,3408 5,3757
651 20:01:21
4,6213 4,6554
4,3797 4,4141
4,7750 4,8097
5,3428 5,3774
652 20:02:21
4,6214 4,6555
4,3808 4,4149
4,7756 4,8103
5,3430 5,3779
653 20:03:21
4,6222 4,6560
4,3813 4,4155
4,7768 4,8113
5,3432 5,3781
654 20:04:20
4,6221 4,6559
4,3812 4,4154
4,7768 4,8112
5,3430 5,3778
655 20:05:20
4,6221 4,6559
4,3812 4,4150
4,7769 4,8117
5,3431 5,3780
656 20:06:20
4,6201 4,6568
4,3795 4,4160
4,7749 4,8123
5,3402 5,3784
657 20:07:21
4,6202 4,6567
4,3788 4,4151
4,7750 4,8122
5,3403 5,3783
658 20:08:21
4,6203 4,6567
4,3783 4,4149
4,7750 4,8120
5,3404 5,3781
659 20:09:21
4,6218 4,6557
4,3795 4,4134
4,7761 4,8106
5,3423 5,3771
660 20:10:21
4,6220 4,6558
4,3796 4,4133
4,7762 4,8106
5,3423 5,3771
661 20:11:20
4,6200 4,6567
4,3774 4,4143
4,7748 4,8122
5,3401 5,3783
662 20:12:20
4,6202 4,6565
4,3770 4,4136
4,7745 4,8115
5,3398 5,3775
663 20:13:20
4,6201 4,6566
4,3773 4,4141
4,7744 4,8116
5,3391 5,3770
664 20:14:21
4,6205 4,6567
4,3772 4,4136
4,7747 4,8115
5,3399 5,3769
665 20:15:21
4,6221 4,6559
4,3783 4,4121
4,7763 4,8107
5,3416 5,3760
666 20:16:21
4,6220 4,6557
4,3784 4,4121
4,7762 4,8105
5,3419 5,3760
667 20:17:21
4,6222 4,6560
4,3780 4,4118
4,7763 4,8112
5,3420 5,3765
668 20:18:21
4,6204 4,6568
4,3763 4,4129
4,7745 4,8120
5,3399 5,3778
669 20:19:21
4,6205 4,6568
4,3762 4,4127
4,7751 4,8122
5,3401 5,3772
670 20:20:20
4,6205 4,6571
4,3760 4,4124
4,7747 4,8125
5,3399 5,3775
671 20:21:20
4,6205 4,6571
4,3757 4,4120
4,7745 4,8118
5,3400 5,3775
672 20:22:21
4,6203 4,6570
4,3750 4,4120
4,7741 4,8115
5,3392 5,3775
673 20:23:21
4,6204 4,6568
4,3750 4,4112
4,7743 4,8116
5,3392 5,3770
674 20:24:21
4,6203 4,6570
4,3747 4,4116
4,7746 4,8120
5,3392 5,3768
675 20:25:21
4,6221 4,6562
4,3765 4,4108
4,7765 4,8111
5,3411 5,3760
676 20:26:20
4,6224 4,6562
4,3765 4,4103
4,7767 4,8111
5,3415 5,3757
677 20:27:20
4,6203 4,6570
4,3743 4,4112
4,7746 4,8120
5,3393 5,3774
678 20:28:20
4,6203 4,6571
4,3741 4,4107
4,7744 4,8119
5,3392 5,3775
679 20:29:21
4,6203 4,6571
4,3737 4,4107
4,7744 4,8119
5,3391 5,3767
680 20:30:21
4,6205 4,6569
4,3744 4,4107
4,7746 4,8117
5,3394 5,3767
681 20:31:21
4,6204 4,6572
4,3746 4,4112
4,7750 4,8125
5,3387 5,3770
682 20:32:21
4,6203 4,6570
4,3747 4,4112
4,7756 4,8130
5,3386 5,3768
683 20:33:20
4,6203 4,6570
4,3743 4,4108
4,7756 4,8130
5,3386 5,3768
684 20:34:20
4,6204 4,6570
4,3746 4,4110
4,7760 4,8133
5,3386 5,3766
685 20:35:20
4,6223 4,6559
4,3778 4,4117
4,7790 4,8132
5,3414 5,3760
686 20:36:20
4,6215 4,6553
4,3783 4,4124
4,7782 4,8126
5,3405 5,3754
687 20:37:20
4,6212 4,6549
4,3780 4,4120
4,7784 4,8127
5,3410 5,3757
688 20:38:20
4,6216 4,6554
4,3774 4,4116
4,7778 4,8122
5,3413 5,3762
689 20:39:21
4,6219 4,6560
4,3778 4,4122
4,7781 4,8128
5,3417 5,3769
690 20:40:21
4,6221 4,6561
4,3784 4,4123
4,7783 4,8133
5,3418 5,3762
691 20:41:21
4,6219 4,6557
4,3781 4,4123
4,7781 4,8125
5,3416 5,3765
692 20:42:21
4,6222 4,6562
4,3781 4,4124
4,7778 4,8129
5,3419 5,3769
693 20:43:21
4,6221 4,6562
4,3776 4,4116
4,7779 4,8127
5,3419 5,3771
694 20:44:21
4,6226 4,6566
4,3775 4,4115
4,7787 4,8134
5,3424 5,3774
695 20:45:20
4,6223 4,6564
4,3778 4,4122
4,7789 4,8139
5,3417 5,3768
696 20:46:20
4,6226 4,6568
4,3771 4,4113
4,7784 4,8136
5,3417 5,3767
697 20:47:20
4,6229 4,6569
4,3776 4,4119
4,7786 4,8137
5,3422 5,3771
698 20:48:21
4,6225 4,6565
4,3776 4,4119
4,7782 4,8134
5,3417 5,3762
699 20:49:21
4,6228 4,6569
4,3783 4,4128
4,7787 4,8139
5,3421 5,3771
700 20:50:21
4,6231 4,6571
4,3784 4,4128
4,7789 4,8135
5,3418 5,3769
701 20:51:21
4,6226 4,6563
4,3777 4,4114
4,7784 4,8127
5,3412 5,3760
702 20:52:21
4,6226 4,6563
4,3781 4,4118
4,7784 4,8127
5,3413 5,3760
703 20:53:21
4,6225 4,6563
4,3784 4,4121
4,7781 4,8126
5,3410 5,3758
704 20:54:21
4,6225 4,6562
4,3788 4,4124
4,7787 4,8130
5,3425 5,3772
705 20:55:21
4,6225 4,6563
4,3791 4,4129
4,7787 4,8131
5,3423 5,3772
706 20:56:20
4,6226 4,6564
4,3796 4,4134
4,7787 4,8132
5,3424 5,3772
707 20:57:20
4,6225 4,6563
4,3791 4,4129
4,7785 4,8130
5,3425 5,3771
708 20:58:20
4,6230 4,6570
4,3797 4,4140
4,7787 4,8138
5,3435 5,3786
709 20:59:21
4,6211 4,6544
4,3792 4,4125
4,7783 4,8122
5,3427 5,3770
710 21:00:21
4,6224 4,6566
4,3794 4,4136
4,7792 4,8144
5,3435 5,3788
711 21:01:21
4,6228 4,6569
4,3808 4,4153
4,7800 4,8151
5,3453 5,3804
712 21:02:21
4,6230 4,6571
4,3806 4,4151
4,7803 4,8150
5,3454 5,3806
713 21:03:20
4,6230 4,6571
4,3805 4,4149
4,7803 4,8151
5,3454 5,3806
714 21:04:20
4,6230 4,6571
4,3806 4,4147
4,7799 4,8151
5,3454 5,3806
715 21:05:21
4,6230 4,6571
4,3801 4,4141
4,7799 4,8151
5,3454 5,3806
716 21:06:21
4,6230 4,6571
4,3805 4,4145
4,7804 4,8156
5,3462 5,3807
717 21:07:21
4,6230 4,6571
4,3810 4,4151
4,7804 4,8156
5,3454 5,3806
718 21:08:21
4,6228 4,6566
4,3802 4,4144
4,7799 4,8144
5,3445 5,3794
719 21:09:21
4,6226 4,6564
4,3800 4,4138
4,7794 4,8141
5,3442 5,3790
720 21:10:21
4,6225 4,6563
4,3805 4,4142
4,7797 4,8141
5,3441 5,3789
721 21:11:21
4,6225 4,6563
4,3805 4,4142
4,7796 4,8145
5,3435 5,3783
722 21:12:21
4,6224 4,6561
4,3800 4,4141
4,7796 4,8139
5,3436 5,3782
723 21:13:21
4,6225 4,6563
4,3795 4,4137
4,7791 4,8140
5,3435 5,3783
724 21:14:20
4,6224 4,6562
4,3794 4,4136
4,7790 4,8139
5,3428 5,3777
725 21:15:20
4,6225 4,6563
4,3791 4,4133
4,7791 4,8140
5,3429 5,3777
726 21:16:20
4,6225 4,6562
4,3797 4,4134
4,7797 4,8144
5,3443 5,3784
727 21:17:21
4,6225 4,6563
4,3791 4,4133
4,7797 4,8141
5,3435 5,3783
728 21:18:21
4,6225 4,6563
4,3791 4,4129
4,7797 4,8143
5,3429 5,3778
729 21:19:21
4,6225 4,6562
4,3789 4,4130
4,7793 4,8141
5,3437 5,3784
730 21:20:21
4,6225 4,6563
4,3791 4,4129
4,7796 4,8145
5,3435 5,3783
731 21:21:21
4,6226 4,6564
4,3792 4,4134
4,7798 4,8146
5,3436 5,3778
732 21:22:21
4,6227 4,6565
4,3801 4,4139
4,7798 4,8147
5,3437 5,3785
733 21:23:21
4,6207 4,6546
4,3788 4,4131
4,7784 4,8129
5,3421 5,3771
734 21:24:21
4,6204 4,6544
4,3781 4,4120
4,7775 4,8126
5,3417 5,3761
735 21:25:20
4,6202 4,6540
4,3765 4,4107
4,7774 4,8118
5,3402 5,3750
736 21:26:21
4,6191 4,6551
4,3755 4,4114
4,7761 4,8128
5,3389 5,3763
737 21:27:21
4,6205 4,6546
4,3769 4,4109
4,7773 4,8125
5,3408 5,3753
738 21:28:21
4,6207 4,6547
4,3757 4,4097
4,7773 4,8124
5,3402 5,3752
739 21:29:21
4,6207 4,6547
4,3757 4,4097
4,7773 4,8124
5,3402 5,3746
740 21:30:21
4,6207 4,6547
4,3757 4,4097
4,7773 4,8122
5,3402 5,3746
Connection error x5
