#======================
2023-8-3
# 1.EUR, 2.USD, 3.CHF, 4.GBP
Sell Price, Buy Price
1 09:13
4,4309 4,4632
4,0576 4,0898
4,6138 4,6467
5,1522 5,1856
2 09:14
4,4316 4,4639
4,0582 4,0904
4,6141 4,6470
5,1530 5,1864
3 09:15
4,4312 4,4635
4,0581 4,0903
4,6136 4,6465
5,1524 5,1858
4 09:16
4,4311 4,4634
4,0596 4,0918
4,6150 4,6479
5,1540 5,1874
5 09:17
4,4301 4,4624
4,0578 4,0900
4,6139 4,6468
5,1533 5,1867
6 09:18
4,4306 4,4629
4,0588 4,0910
4,6145 4,6474
5,1543 5,1877
7 09:19
4,4310 4,4633
4,0593 4,0915
4,6148 4,6477
5,1556 5,1890
8 09:20
4,4310 4,4633
4,0586 4,0908
4,6144 4,6473
5,1553 5,1887
9 09:21
4,4320 4,4643
4,0588 4,0910
4,6154 4,6484
5,1565 5,1899
10 09:22
4,4319 4,4642
4,0594 4,0916
4,6135 4,6465
5,1570 5,1904
11 09:23
4,4319 4,4642
4,0594 4,0916
4,6145 4,6475
5,1572 5,1906
12 09:24
4,4315 4,4638
4,0579 4,0901
4,6141 4,6471
5,1568 5,1902
13 09:25
4,4315 4,4638
4,0576 4,0898
4,6135 4,6465
5,1571 5,1905
14 09:26
4,4314 4,4637
4,0579 4,0901
4,6138 4,6467
5,1574 5,1908
15 09:27
4,4312 4,4635
4,0573 4,0895
4,6136 4,6465
5,1567 5,1901
16 09:28
4,4315 4,4638
4,0586 4,0908
4,6143 4,6472
5,1571 5,1905
17 09:29
4,4314 4,4637
4,0590 4,0912
4,6144 4,6473
5,1568 5,1902
18 09:30
4,4314 4,4637
4,0579 4,0901
4,6138 4,6467
5,1567 5,1901
19 09:31
4,4320 4,4643
4,0586 4,0908
4,6149 4,6478
5,1578 5,1912
20 09:32
4,4300 4,4623
4,0544 4,0866
4,6118 4,6447
5,1553 5,1887
21 09:33
4,4296 4,4619
4,0539 4,0861
4,6113 4,6442
5,1545 5,1879
22 09:34
4,4296 4,4619
4,0543 4,0865
4,6114 4,6443
5,1543 5,1877
23 09:35
4,4294 4,4617
4,0542 4,0864
4,6112 4,6441
5,1541 5,1875
24 09:36
4,4306 4,4629
4,0543 4,0865
4,6124 4,6454
5,1546 5,1880
25 09:37
4,4309 4,4632
4,0553 4,0875
4,6123 4,6453
5,1531 5,1865
26 09:38
4,4313 4,4636
4,0568 4,0890
4,6130 4,6460
5,1537 5,1871
27 09:39
4,4303 4,4626
4,0554 4,0876
4,6120 4,6450
5,1524 5,1858
28 09:40
4,4304 4,4627
4,0554 4,0876
4,6121 4,6451
5,1525 5,1859
29 09:41
4,4304 4,4627
4,0563 4,0885
4,6112 4,6442
5,1523 5,1857
30 09:42
4,4307 4,4630
4,0557 4,0879
4,6117 4,6447
5,1534 5,1868
31 09:43
4,4309 4,4632
4,0565 4,0887
4,6121 4,6451
5,1540 5,1874
32 09:44
4,4310 4,4633
4,0565 4,0887
4,6125 4,6455
5,1550 5,1884
33 09:45
4,4315 4,4638
4,0570 4,0892
4,6139 4,6469
5,1562 5,1896
34 09:46
4,4310 4,4634
4,0568 4,0890
4,6135 4,6465
5,1560 5,1894
35 09:47
4,4315 4,4639
4,0577 4,0899
4,6140 4,6470
5,1562 5,1896
36 09:48
4,4316 4,4640
4,0576 4,0898
4,6148 4,6478
5,1568 5,1902
37 09:49
4,4328 4,4652
4,0584 4,0906
4,6164 4,6494
5,1581 5,1915
38 09:50
4,4325 4,4649
4,0585 4,0907
4,6164 4,6494
5,1577 5,1911
39 09:51
4,4356 4,4679
4,0622 4,0944
4,6203 4,6533
5,1612 5,1946
40 09:52
4,4356 4,4679
4,0626 4,0948
4,6208 4,6538
5,1610 5,1944
41 09:53
4,4359 4,4682
4,0616 4,0938
4,6212 4,6542
5,1610 5,1944
42 09:54
4,4356 4,4679
4,0622 4,0944
4,6215 4,6545
5,1612 5,1946
43 09:55
4,4357 4,4680
4,0619 4,0941
4,6230 4,6560
5,1616 5,1950
44 09:56
4,4357 4,4680
4,0610 4,0932
4,6246 4,6576
5,1605 5,1939
45 09:57
4,4360 4,4683
4,0620 4,0942
4,6241 4,6571
5,1605 5,1939
46 09:58
4,4359 4,4682
4,0625 4,0947
4,6247 4,6577
5,1580 5,1914
47 09:59
4,4364 4,4687
4,0615 4,0937
4,6245 4,6575
5,1587 5,1921
48 10:00
4,4362 4,4685
4,0626 4,0948
4,6243 4,6573
5,1578 5,1912
49 10:01
4,4377 4,4700
4,0635 4,0957
4,6266 4,6596
5,1596 5,1930
50 10:02
4,4395 4,4718
4,0662 4,0984
4,6287 4,6617
5,1612 5,1946
51 10:03
4,4378 4,4701
4,0651 4,0973
4,6275 4,6605
5,1612 5,1946
52 10:04
4,4373 4,4696
4,0653 4,0975
4,6274 4,6604
5,1617 5,1951
53 10:05
4,4371 4,4694
4,0645 4,0967
4,6272 4,6602
5,1615 5,1949
54 10:06
4,4372 4,4695
4,0652 4,0974
4,6283 4,6613
5,1620 5,1954
55 10:07
4,4368 4,4691
4,0643 4,0965
4,6272 4,6602
5,1609 5,1943
56 10:08
4,4380 4,4703
4,0651 4,0973
4,6282 4,6612
5,1627 5,1961
57 10:09
4,4379 4,4702
4,0640 4,0962
4,6280 4,6610
5,1624 5,1958
58 10:10
4,4372 4,4695
4,0637 4,0959
4,6280 4,6610
5,1613 5,1947
59 10:11
4,4372 4,4695
4,0632 4,0954
4,6278 4,6608
5,1620 5,1954
60 10:12
4,4372 4,4695
4,0626 4,0948
4,6285 4,6615
5,1608 5,1942
61 10:13
4,4379 4,4702
4,0634 4,0956
4,6292 4,6622
5,1624 5,1958
62 10:14
4,4381 4,4704
4,0632 4,0954
4,6300 4,6630
5,1633 5,1967
63 10:15
4,4381 4,4704
4,0634 4,0956
4,6294 4,6624
5,1630 5,1964
64 10:16
4,4374 4,4697
4,0636 4,0958
4,6298 4,6628
5,1628 5,1962
65 10:17
4,4373 4,4696
4,0640 4,0962
4,6299 4,6629
5,1618 5,1952
66 10:18
4,4376 4,4699
4,0653 4,0975
4,6292 4,6622
5,1623 5,1957
67 10:19
4,4373 4,4696
4,0647 4,0969
4,6279 4,6609
5,1617 5,1951
68 10:20
4,4371 4,4694
4,0647 4,0969
4,6275 4,6605
5,1615 5,1949
69 10:21
4,4369 4,4692
4,0636 4,0958
4,6275 4,6605
5,1618 5,1952
70 10:22
4,4364 4,4687
4,0635 4,0957
4,6277 4,6607
5,1610 5,1944
71 10:23
4,4364 4,4687
4,0636 4,0958
4,6277 4,6607
5,1605 5,1939
72 10:24
4,4363 4,4686
4,0634 4,0956
4,6277 4,6607
5,1599 5,1933
73 10:25
4,4359 4,4682
4,0616 4,0938
4,6275 4,6605
5,1593 5,1927
74 10:26
4,4358 4,4681
4,0623 4,0945
4,6279 4,6609
5,1595 5,1929
75 10:27
4,4358 4,4681
4,0624 4,0946
4,6278 4,6608
5,1597 5,1931
76 10:28
4,4360 4,4683
4,0622 4,0944
4,6275 4,6605
5,1594 5,1928
77 10:29
4,4376 4,4699
4,0642 4,0964
4,6285 4,6615
5,1612 5,1946
78 10:30
4,4371 4,4694
4,0640 4,0962
4,6273 4,6603
5,1604 5,1938
79 10:31
4,4373 4,4696
4,0640 4,0962
4,6272 4,6602
5,1609 5,1943
80 10:32
4,4375 4,4698
4,0644 4,0966
4,6274 4,6604
5,1617 5,1951
81 10:33
4,4371 4,4694
4,0648 4,0970
4,6273 4,6603
5,1616 5,1950
82 10:34
4,4396 4,4719
4,0676 4,0998
4,6309 4,6639
5,1653 5,1987
83 10:35
4,4403 4,4726
4,0681 4,1003
4,6308 4,6638
5,1659 5,1993
84 10:36
4,4416 4,4739
4,0696 4,1018
4,6326 4,6656
5,1664 5,1998
85 10:37
4,4417 4,4740
4,0695 4,1017
4,6325 4,6655
5,1669 5,2003
86 10:38
4,4422 4,4745
4,0705 4,1027
4,6338 4,6668
5,1664 5,1998
87 10:39
4,4426 4,4749
4,0703 4,1025
4,6342 4,6672
5,1671 5,2005
88 10:40
4,4426 4,4749
4,0700 4,1022
4,6342 4,6672
5,1668 5,2002
89 10:41
4,4428 4,4751
4,0706 4,1028
4,6349 4,6679
5,1655 5,1989
90 10:42
4,4427 4,4750
4,0705 4,1027
4,6353 4,6683
5,1634 5,1968
91 10:43
4,4427 4,4750
4,0701 4,1023
4,6353 4,6683
5,1636 5,1970
92 10:44
4,4429 4,4752
4,0703 4,1025
4,6354 4,6684
5,1638 5,1972
93 10:45
4,4408 4,4731
4,0676 4,0998
4,6328 4,6658
5,1616 5,1950
94 10:46
4,4411 4,4734
4,0673 4,0995
4,6328 4,6658
5,1616 5,1950
95 10:47
4,4412 4,4735
4,0679 4,1001
4,6334 4,6664
5,1606 5,1940
96 10:48
4,4409 4,4732
4,0674 4,0996
4,6331 4,6661
5,1609 5,1943
97 10:49
4,4409 4,4732
4,0669 4,0991
4,6329 4,6659
5,1596 5,1930
98 10:50
4,4413 4,4736
4,0669 4,0991
4,6333 4,6663
5,1600 5,1934
99 10:51
4,4413 4,4736
4,0678 4,1000
4,6347 4,6677
5,1598 5,1932
100 10:52
4,4411 4,4734
4,0673 4,0995
4,6343 4,6673
5,1595 5,1929
101 10:53
4,4409 4,4732
4,0669 4,0991
4,6336 4,6666
5,1590 5,1924
102 10:54
4,4407 4,4730
4,0666 4,0988
4,6335 4,6665
5,1574 5,1908
103 10:55
4,4407 4,4730
4,0664 4,0986
4,6332 4,6662
5,1576 5,1910
104 10:56
4,4406 4,4729
4,0661 4,0983
4,6338 4,6668
5,1561 5,1895
105 10:57
4,4405 4,4728
4,0654 4,0976
4,6334 4,6664
5,1566 5,1900
106 10:58
4,4407 4,4730
4,0654 4,0976
4,6332 4,6662
5,1556 5,1890
107 10:59
4,4406 4,4729
4,0651 4,0973
4,6331 4,6661
5,1554 5,1888
108 11:00
4,4405 4,4728
4,0645 4,0967
4,6330 4,6660
5,1551 5,1885
109 11:01
4,4406 4,4729
4,0642 4,0964
4,6320 4,6650
5,1547 5,1881
110 11:02
4,4406 4,4729
4,0638 4,0960
4,6311 4,6641
5,1541 5,1875
111 11:03
4,4394 4,4717
4,0627 4,0949
4,6303 4,6633
5,1533 5,1867
112 11:04
4,4395 4,4718
4,0617 4,0939
4,6300 4,6630
5,1535 5,1869
113 11:05
4,4397 4,4720
4,0613 4,0935
4,6301 4,6631
5,1542 5,1876
114 11:06
4,4395 4,4718
4,0604 4,0926
4,6295 4,6625
5,1547 5,1881
115 11:07
4,4385 4,4708
4,0581 4,0903
4,6292 4,6622
5,1533 5,1867
116 11:08
4,4395 4,4718
4,0597 4,0919
4,6315 4,6645
5,1541 5,1875
117 11:09
4,4399 4,4722
4,0601 4,0923
4,6321 4,6651
5,1549 5,1883
118 11:10
4,4412 4,4735
4,0618 4,0940
4,6325 4,6655
5,1570 5,1904
119 11:11
4,4404 4,4727
4,0612 4,0934
4,6319 4,6649
5,1557 5,1891
120 11:12
4,4410 4,4733
4,0605 4,0927
4,6318 4,6648
5,1552 5,1886
121 11:13
4,4410 4,4733
4,0599 4,0921
4,6306 4,6636
5,1543 5,1877
122 11:14
4,4430 4,4753
4,0623 4,0945
4,6331 4,6661
5,1568 5,1902
123 11:15
4,4430 4,4753
4,0627 4,0949
4,6336 4,6666
5,1563 5,1897
124 11:16
4,4433 4,4756
4,0635 4,0957
4,6341 4,6671
5,1557 5,1891
125 11:17
4,4436 4,4759
4,0636 4,0958
4,6352 4,6682
5,1559 5,1893
126 11:18
4,4439 4,4762
4,0646 4,0968
4,6355 4,6685
5,1562 5,1896
127 11:19
4,4444 4,4767
4,0645 4,0967
4,6356 4,6686
5,1564 5,1898
128 11:20
4,4431 4,4754
4,0628 4,0950
4,6341 4,6671
5,1545 5,1879
129 11:21
4,4428 4,4751
4,0640 4,0962
4,6336 4,6666
5,1551 5,1885
130 11:22
4,4430 4,4753
4,0640 4,0962
4,6351 4,6681
5,1555 5,1889
131 11:23
4,4432 4,4755
4,0641 4,0963
4,6348 4,6678
5,1560 5,1894
132 11:24
4,4433 4,4756
4,0646 4,0968
4,6349 4,6679
5,1557 5,1891
133 11:25
4,4435 4,4758
4,0645 4,0967
4,6359 4,6689
5,1558 5,1892
134 11:26
4,4432 4,4755
4,0644 4,0966
4,6358 4,6688
5,1554 5,1888
135 11:27
4,4442 4,4765
4,0657 4,0979
4,6383 4,6713
5,1560 5,1894
136 11:28
4,4435 4,4758
4,0659 4,0981
4,6367 4,6697
5,1554 5,1888
137 11:29
4,4437 4,4760
4,0661 4,0983
4,6380 4,6710
5,1553 5,1887
138 11:30
4,4434 4,4757
4,0658 4,0980
4,6379 4,6709
5,1549 5,1883
139 11:31
4,4426 4,4749
4,0656 4,0978
4,6366 4,6696
5,1540 5,1874
140 11:32
4,4425 4,4748
4,0652 4,0974
4,6374 4,6704
5,1536 5,1870
141 11:33
4,4423 4,4746
4,0658 4,0980
4,6373 4,6703
5,1537 5,1871
142 11:34
4,4423 4,4746
4,0661 4,0983
4,6378 4,6708
5,1543 5,1877
143 11:35
4,4421 4,4744
4,0658 4,0980
4,6383 4,6713
5,1544 5,1878
144 11:36
4,4423 4,4746
4,0658 4,0980
4,6385 4,6715
5,1546 5,1880
145 11:37
4,4426 4,4749
4,0664 4,0986
4,6381 4,6711
5,1547 5,1881
146 11:38
4,4426 4,4749
4,0659 4,0981
4,6384 4,6714
5,1548 5,1882
147 11:39
4,4423 4,4746
4,0656 4,0978
4,6387 4,6717
5,1546 5,1880
148 11:40
4,4419 4,4742
4,0654 4,0976
4,6383 4,6713
5,1544 5,1878
149 11:41
4,4415 4,4738
4,0641 4,0963
4,6384 4,6714
5,1532 5,1866
150 11:42
4,4420 4,4743
4,0638 4,0960
4,6385 4,6715
5,1531 5,1865
151 11:43
4,4417 4,4740
4,0641 4,0963
4,6378 4,6708
5,1527 5,1861
152 11:44
4,4423 4,4746
4,0643 4,0965
4,6378 4,6708
5,1525 5,1859
153 11:45
4,4419 4,4742
4,0652 4,0974
4,6371 4,6701
5,1518 5,1852
154 11:46
4,4420 4,4743
4,0655 4,0977
4,6371 4,6701
5,1516 5,1850
155 11:47
4,4423 4,4746
4,0650 4,0972
4,6366 4,6696
5,1514 5,1848
156 11:48
4,4419 4,4742
4,0645 4,0967
4,6371 4,6701
5,1509 5,1843
157 11:49
4,4413 4,4736
4,0645 4,0967
4,6363 4,6693
5,1499 5,1833
158 11:50
4,4412 4,4735
4,0644 4,0966
4,6361 4,6691
5,1499 5,1833
159 11:51
4,4410 4,4733
4,0650 4,0972
4,6364 4,6694
5,1501 5,1835
160 11:52
4,4408 4,4731
4,0644 4,0966
4,6357 4,6687
5,1499 5,1833
161 11:53
4,4408 4,4731
4,0632 4,0954
4,6358 4,6688
5,1506 5,1840
162 11:54
4,4410 4,4733
4,0626 4,0948
4,6348 4,6678
5,1502 5,1836
163 11:55
4,4411 4,4734
4,0630 4,0952
4,6353 4,6683
5,1497 5,1831
164 11:56
4,4410 4,4733
4,0627 4,0949
4,6349 4,6679
5,1495 5,1829
165 11:57
4,4412 4,4735
4,0629 4,0951
4,6346 4,6676
5,1497 5,1831
166 11:58
4,4406 4,4729
4,0614 4,0936
4,6343 4,6673
5,1489 5,1823
167 11:59
4,4409 4,4732
4,0619 4,0941
4,6344 4,6674
5,1495 5,1829
168 12:00
4,4399 4,4722
4,0611 4,0933
4,6326 4,6656
5,1482 5,1816
169 12:01
4,4393 4,4716
4,0602 4,0924
4,6309 4,6639
5,1469 5,1803
170 12:02
4,4392 4,4715
4,0603 4,0925
4,6306 4,6636
5,1472 5,1806
171 12:03
4,4391 4,4714
4,0610 4,0932
4,6315 4,6645
5,1449 5,1783
172 12:04
4,4396 4,4719
4,0613 4,0935
4,6330 4,6660
5,1458 5,1792
1 12:35
4,4442 4,4765
4,0684 4,1006
4,6390 4,6720
5,1505 5,1839
2 12:36
4,4437 4,4760
4,0683 4,1005
4,6382 4,6712
5,1507 5,1841
3 12:37
4,4431 4,4754
4,0673 4,0995
4,6371 4,6701
5,1502 5,1836
4 12:38
4,4430 4,4753
4,0668 4,0990
4,6371 4,6701
5,1483 5,1817
5 12:39
4,4431 4,4754
4,0670 4,0992
4,6378 4,6708
5,1486 5,1820
6 12:40
4,4431 4,4754
4,0672 4,0994
4,6385 4,6715
5,1487 5,1821
7 12:41
4,4454 4,4777
4,0686 4,1008
4,6412 4,6742
5,1513 5,1847
8 12:42
4,4449 4,4772
4,0674 4,0996
4,6402 4,6732
5,1505 5,1839
9 12:43
4,4451 4,4774
4,0681 4,1003
4,6400 4,6730
5,1503 5,1837
10 12:44
4,4452 4,4775
4,0676 4,0998
4,6394 4,6724
5,1508 5,1842
11 12:45
4,4452 4,4775
4,0673 4,0995
4,6393 4,6723
5,1505 5,1839
12 12:46
4,4449 4,4772
4,0661 4,0983
4,6392 4,6722
5,1493 5,1827
13 12:47
4,4449 4,4772
4,0657 4,0979
4,6394 4,6724
5,1498 5,1832
14 12:48
4,4449 4,4772
4,0657 4,0979
4,6394 4,6724
5,1501 5,1835
15 12:49
4,4448 4,4771
4,0658 4,0980
4,6394 4,6724
5,1489 5,1823
16 12:50
4,4447 4,4770
4,0659 4,0981
4,6391 4,6721
5,1484 5,1818
17 12:51
4,4447 4,4770
4,0656 4,0978
4,6383 4,6713
5,1480 5,1814
18 12:52
4,4441 4,4764
4,0652 4,0974
4,6379 4,6709
5,1469 5,1803
19 12:53
4,4436 4,4759
4,0647 4,0969
4,6374 4,6704
5,1465 5,1799
20 12:54
4,4443 4,4766
4,0648 4,0970
4,6386 4,6716
5,1483 5,1817
21 12:55
4,4467 4,4790
4,0676 4,0998
4,6414 4,6744
5,1504 5,1838
22 12:56
4,4460 4,4783
4,0665 4,0987
4,6415 4,6745
5,1505 5,1840
23 12:57
4,4458 4,4781
4,0659 4,0981
4,6416 4,6746
5,1511 5,1846
24 12:58
4,4458 4,4781
4,0656 4,0978
4,6419 4,6749
5,1500 5,1835
25 12:59
4,4464 4,4787
4,0656 4,0978
4,6434 4,6764
5,1509 5,1844
26 13:00
4,4453 4,4776
4,0652 4,0974
4,6421 4,6751
5,1513 5,1851
27 13:01
4,4444 4,4768
4,0641 4,0963
4,6468 4,6799
5,1424 5,1759
28 13:02
4,4416 4,4739
4,0614 4,0937
4,6414 4,6744
5,1459 5,1794
29 13:03
4,4417 4,4740
4,0621 4,0943
4,6408 4,6738
5,1454 5,1789
30 13:04
4,4437 4,4760
4,0650 4,0972
4,6411 4,6741
5,1451 5,1786
31 13:05
4,4433 4,4756
4,0652 4,0974
4,6408 4,6738
5,1396 5,1731
32 13:06
4,4440 4,4763
4,0669 4,0991
4,6409 4,6740
5,1380 5,1714
33 13:07
4,4420 4,4743
4,0647 4,0969
4,6384 4,6715
5,1385 5,1719
34 13:08
4,4409 4,4732
4,0643 4,0965
4,6367 4,6698
5,1341 5,1675
35 13:09
4,4404 4,4727
4,0640 4,0962
4,6373 4,6704
5,1371 5,1705
36 13:10
4,4402 4,4725
4,0627 4,0949
4,6381 4,6712
5,1393 5,1727
37 13:11
4,4403 4,4726
4,0632 4,0954
4,6384 4,6714
5,1395 5,1729
38 13:12
4,4399 4,4722
4,0620 4,0942
4,6374 4,6704
5,1425 5,1759
39 13:13
4,4398 4,4721
4,0614 4,0936
4,6376 4,6706
5,1418 5,1752
40 13:14
4,4403 4,4726
4,0617 4,0939
4,6376 4,6706
5,1421 5,1755
41 13:15
4,4407 4,4730
4,0621 4,0943
4,6380 4,6710
5,1411 5,1745
42 13:16
4,4397 4,4720
4,0598 4,0920
4,6369 4,6699
5,1407 5,1741
43 13:17
4,4395 4,4718
4,0586 4,0908
4,6370 4,6700
5,1449 5,1783
44 13:18
4,4395 4,4718
4,0583 4,0905
4,6367 4,6697
5,1436 5,1770
45 13:19
4,4393 4,4716
4,0576 4,0898
4,6363 4,6693
5,1442 5,1776
46 13:20
4,4393 4,4716
4,0576 4,0898
4,6365 4,6695
5,1440 5,1774
47 13:21
4,4395 4,4718
4,0581 4,0903
4,6377 4,6707
5,1450 5,1784
48 13:22
4,4396 4,4719
4,0588 4,0910
4,6383 4,6713
5,1444 5,1778
49 13:23
4,4396 4,4719
4,0594 4,0916
4,6379 4,6709
5,1437 5,1771
50 13:24
4,4402 4,4725
4,0606 4,0928
4,6379 4,6709
5,1447 5,1781
51 13:25
4,4402 4,4725
4,0612 4,0934
4,6380 4,6710
5,1435 5,1769
52 13:26
4,4403 4,4726
4,0626 4,0948
4,6381 4,6711
5,1427 5,1761
53 13:27
4,4406 4,4729
4,0631 4,0953
4,6384 4,6714
5,1438 5,1772
54 13:28
4,4413 4,4736
4,0634 4,0956
4,6397 4,6727
5,1449 5,1783
55 13:29
4,4423 4,4746
4,0635 4,0957
4,6398 4,6728
5,1450 5,1784
56 13:30
4,4425 4,4748
4,0633 4,0955
4,6403 4,6733
5,1461 5,1795
57 13:31
4,4424 4,4747
4,0632 4,0954
4,6407 4,6737
5,1463 5,1797
58 13:32
4,4422 4,4745
4,0629 4,0951
4,6405 4,6735
5,1458 5,1792
59 13:33
4,4418 4,4741
4,0618 4,0940
4,6401 4,6731
5,1483 5,1817
60 13:34
4,4424 4,4747
4,0629 4,0951
4,6408 4,6738
5,1461 5,1795
61 13:35
4,4418 4,4741
4,0623 4,0945
4,6402 4,6732
5,1456 5,1790
62 13:36
4,4417 4,4740
4,0618 4,0940
4,6400 4,6730
5,1472 5,1806
63 13:37
4,4412 4,4735
4,0606 4,0928
4,6392 4,6722
5,1476 5,1810
64 13:38
4,4411 4,4734
4,0602 4,0924
4,6399 4,6729
5,1491 5,1825
65 13:39
4,4408 4,4731
4,0573 4,0895
4,6381 4,6711
5,1506 5,1840
66 13:40
4,4411 4,4734
4,0576 4,0898
4,6375 4,6705
5,1478 5,1812
67 13:41
4,4415 4,4738
4,0583 4,0905
4,6383 4,6713
5,1499 5,1833
68 13:42
4,4422 4,4745
4,0586 4,0908
4,6399 4,6729
5,1513 5,1847
69 13:43
4,4423 4,4746
4,0601 4,0923
4,6406 4,6736
5,1504 5,1838
70 13:44
4,4419 4,4742
4,0589 4,0911
4,6406 4,6736
5,1477 5,1811
71 13:45
4,4421 4,4744
4,0588 4,0910
4,6409 4,6739
5,1469 5,1803
72 13:46
4,4419 4,4742
4,0592 4,0914
4,6392 4,6722
5,1456 5,1790
73 13:47
4,4425 4,4748
4,0587 4,0909
4,6391 4,6721
5,1446 5,1780
74 13:48
4,4428 4,4751
4,0591 4,0913
4,6392 4,6722
5,1441 5,1775
75 13:49
4,4435 4,4758
4,0583 4,0905
4,6392 4,6722
5,1460 5,1794
76 13:50
4,4419 4,4742
4,0575 4,0897
4,6373 4,6703
5,1447 5,1781
77 13:51
4,4418 4,4741
4,0575 4,0897
4,6370 4,6700
5,1459 5,1793
78 13:52
4,4412 4,4735
4,0569 4,0891
4,6361 4,6691
5,1455 5,1789
79 13:53
4,4408 4,4731
4,0569 4,0891
4,6353 4,6683
5,1427 5,1761
80 13:54
4,4409 4,4732
4,0578 4,0900
4,6354 4,6684
5,1425 5,1759
81 13:55
4,4408 4,4731
4,0584 4,0906
4,6357 4,6687
5,1424 5,1758
82 13:56
4,4409 4,4732
4,0587 4,0909
4,6351 4,6681
5,1416 5,1750
83 13:57
4,4412 4,4735
4,0598 4,0920
4,6349 4,6679
5,1400 5,1734
84 13:58
4,4410 4,4733
4,0607 4,0929
4,6354 4,6684
5,1388 5,1722
85 13:59
4,4416 4,4739
4,0620 4,0942
4,6356 4,6686
5,1395 5,1729
86 14:00
4,4430 4,4753
4,0629 4,0951
4,6370 4,6700
5,1414 5,1748
87 14:01
4,4437 4,4760
4,0644 4,0966
4,6382 4,6712
5,1413 5,1747
88 14:02
4,4435 4,4758
4,0648 4,0970
4,6390 4,6720
5,1407 5,1741
89 14:03
4,4434 4,4757
4,0630 4,0952
4,6379 4,6709
5,1413 5,1747
90 14:04
4,4432 4,4755
4,0632 4,0954
4,6386 4,6716
5,1419 5,1753
91 14:05
4,4431 4,4754
4,0641 4,0963
4,6371 4,6701
5,1415 5,1749
92 14:06
4,4430 4,4753
4,0634 4,0956
4,6363 4,6693
5,1409 5,1743
93 14:07
4,4427 4,4750
4,0633 4,0955
4,6372 4,6702
5,1410 5,1744
94 14:08
4,4428 4,4751
4,0629 4,0951
4,6373 4,6703
5,1407 5,1741
95 14:09
4,4428 4,4751
4,0632 4,0954
4,6375 4,6705
5,1405 5,1739
96 14:10
4,4420 4,4743
4,0631 4,0953
4,6365 4,6695
5,1399 5,1733
97 14:11
4,4427 4,4750
4,0643 4,0965
4,6384 4,6715
5,1414 5,1748
98 14:12
4,4426 4,4749
4,0640 4,0962
4,6383 4,6714
5,1414 5,1748
99 14:13
4,4421 4,4744
4,0624 4,0946
4,6377 4,6708
5,1409 5,1743
100 14:14
4,4419 4,4742
4,0619 4,0941
4,6373 4,6704
5,1412 5,1746
101 14:15
4,4419 4,4742
4,0612 4,0934
4,6371 4,6702
5,1425 5,1759
102 14:16
4,4417 4,4740
4,0619 4,0941
4,6367 4,6697
5,1432 5,1766
103 14:17
4,4415 4,4738
4,0622 4,0944
4,6374 4,6704
5,1438 5,1772
104 14:18
4,4416 4,4739
4,0625 4,0947
4,6373 4,6703
5,1432 5,1766
105 14:19
4,4429 4,4752
4,0639 4,0961
4,6392 4,6722
5,1442 5,1776
106 14:20
4,4430 4,4753
4,0647 4,0969
4,6394 4,6724
5,1452 5,1786
107 14:21
4,4435 4,4758
4,0648 4,0970
4,6415 4,6744
5,1452 5,1786
108 14:22
4,4428 4,4751
4,0646 4,0968
4,6408 4,6737
5,1450 5,1784
109 14:23
4,4426 4,4749
4,0643 4,0965
4,6400 4,6729
5,1451 5,1785
110 14:24
4,4424 4,4747
4,0636 4,0958
4,6394 4,6723
5,1448 5,1782
111 14:25
4,4422 4,4745
4,0642 4,0964
4,6390 4,6719
5,1454 5,1788
112 14:26
4,4428 4,4751
4,0655 4,0977
4,6402 4,6732
5,1459 5,1793
113 14:27
4,4427 4,4750
4,0652 4,0974
4,6401 4,6731
5,1450 5,1784
114 14:28
4,4424 4,4747
4,0659 4,0981
4,6408 4,6738
5,1448 5,1782
115 14:29
4,4424 4,4747
4,0648 4,0970
4,6418 4,6748
5,1473 5,1807
116 14:30
4,4423 4,4746
4,0646 4,0968
4,6414 4,6745
5,1464 5,1798
117 14:31
4,4423 4,4746
4,0635 4,0957
4,6387 4,6721
5,1472 5,1806
118 14:32
4,4432 4,4755
4,0675 4,0997
4,6413 4,6747
5,1483 5,1817
119 14:33
4,4429 4,4752
4,0664 4,0986
4,6399 4,6733
5,1489 5,1823
120 14:34
4,4429 4,4752
4,0663 4,0985
4,6408 4,6742
5,1491 5,1825
121 14:35
4,4432 4,4755
4,0659 4,0981
4,6411 4,6745
5,1495 5,1829
122 14:36
4,4433 4,4756
4,0642 4,0964
4,6397 4,6731
5,1498 5,1832
123 14:37
4,4433 4,4756
4,0631 4,0953
4,6400 4,6734
5,1495 5,1829
124 14:38
4,4435 4,4758
4,0633 4,0955
4,6401 4,6735
5,1499 5,1833
125 14:39
4,4434 4,4757
4,0627 4,0949
4,6399 4,6733
5,1496 5,1830
126 14:40
4,4413 4,4736
4,0595 4,0917
4,6387 4,6721
5,1466 5,1800
127 14:41
4,4417 4,4740
4,0587 4,0909
4,6382 4,6712
5,1475 5,1809
128 14:42
4,4427 4,4750
4,0566 4,0888
4,6394 4,6724
5,1459 5,1793
129 14:43
4,4429 4,4752
4,0563 4,0885
4,6401 4,6731
5,1479 5,1813
130 14:44
4,4440 4,4763
4,0571 4,0893
4,6413 4,6743
5,1498 5,1832
131 14:45
4,4428 4,4751
4,0562 4,0884
4,6397 4,6727
5,1474 5,1808
132 14:46
4,4430 4,4753
4,0576 4,0898
4,6418 4,6750
5,1481 5,1815
133 14:47
4,4428 4,4751
4,0574 4,0896
4,6411 4,6743
5,1477 5,1811
134 14:48
4,4429 4,4752
4,0587 4,0909
4,6412 4,6744
5,1475 5,1809
135 14:49
4,4429 4,4752
4,0589 4,0911
4,6417 4,6749
5,1500 5,1834
136 14:50
4,4433 4,4756
4,0595 4,0917
4,6409 4,6741
5,1505 5,1839
137 14:51
4,4436 4,4759
4,0595 4,0917
4,6426 4,6758
5,1510 5,1844
138 14:52
4,4434 4,4757
4,0578 4,0900
4,6409 4,6741
5,1507 5,1841
139 14:53
4,4433 4,4756
4,0581 4,0903
4,6402 4,6734
5,1498 5,1832
140 14:54
4,4431 4,4754
4,0573 4,0895
4,6399 4,6731
5,1496 5,1830
141 14:55
4,4425 4,4748
4,0585 4,0907
4,6409 4,6741
5,1474 5,1808
142 14:56
4,4434 4,4757
4,0617 4,0939
4,6418 4,6748
5,1490 5,1824
143 14:57
4,4436 4,4759
4,0625 4,0947
4,6409 4,6739
5,1491 5,1825
144 14:58
4,4435 4,4758
4,0620 4,0942
4,6419 4,6749
5,1492 5,1826
145 14:59
4,4433 4,4756
4,0616 4,0938
4,6412 4,6742
5,1504 5,1838
146 15:00
4,4439 4,4762
4,0625 4,0947
4,6418 4,6748
5,1516 5,1850
147 15:01
4,4451 4,4774
4,0648 4,0970
4,6429 4,6759
5,1534 5,1868
148 15:02
4,4454 4,4777
4,0654 4,0976
4,6444 4,6774
5,1544 5,1878
149 15:03
4,4467 4,4790
4,0683 4,1005
4,6463 4,6793
5,1556 5,1890
150 15:04
4,4480 4,4803
4,0691 4,1013
4,6480 4,6810
5,1566 5,1900
151 15:05
4,4473 4,4796
4,0683 4,1005
4,6469 4,6799
5,1548 5,1882
152 15:06
4,4477 4,4800
4,0677 4,0999
4,6471 4,6801
5,1552 5,1886
153 15:07
4,4500 4,4823
4,0702 4,1024
4,6492 4,6822
5,1567 5,1901
154 15:08
4,4504 4,4827
4,0705 4,1027
4,6481 4,6811
5,1580 5,1914
155 15:09
4,4495 4,4818
4,0705 4,1027
4,6473 4,6803
5,1565 5,1899
156 15:10
4,4505 4,4828
4,0731 4,1053
4,6483 4,6813
5,1581 5,1915
157 15:11
4,4512 4,4835
4,0727 4,1049
4,6485 4,6815
5,1571 5,1905
158 15:12
4,4528 4,4851
4,0752 4,1074
4,6496 4,6826
5,1595 5,1929
159 15:13
4,4545 4,4868
4,0770 4,1092
4,6518 4,6848
5,1625 5,1959
160 15:14
4,4521 4,4844
4,0745 4,1067
4,6498 4,6828
5,1602 5,1936
161 15:15
4,4523 4,4846
4,0750 4,1072
4,6504 4,6834
5,1604 5,1938
162 15:16
4,4524 4,4847
4,0737 4,1059
4,6498 4,6828
5,1576 5,1910
163 15:17
4,4532 4,4855
4,0763 4,1085
4,6510 4,6840
5,1600 5,1934
164 15:18
4,4526 4,4849
4,0754 4,1076
4,6511 4,6841
5,1590 5,1924
165 15:19
4,4511 4,4834
4,0734 4,1056
4,6500 4,6830
5,1575 5,1909
166 15:20
4,4479 4,4802
4,0700 4,1022
4,6465 4,6795
5,1540 5,1874
167 15:21
4,4485 4,4808
4,0692 4,1014
4,6469 4,6799
5,1549 5,1883
168 15:22
4,4484 4,4807
4,0693 4,1015
4,6467 4,6797
5,1556 5,1890
169 15:23
4,4484 4,4807
4,0691 4,1013
4,6464 4,6794
5,1561 5,1895
170 15:24
4,4495 4,4818
4,0700 4,1022
4,6483 4,6813
5,1576 5,1910
171 15:25
4,4484 4,4807
4,0697 4,1019
4,6463 4,6793
5,1563 5,1897
172 15:26
4,4485 4,4808
4,0694 4,1016
4,6459 4,6789
5,1562 5,1896
173 15:27
4,4491 4,4814
4,0695 4,1017
4,6463 4,6793
5,1556 5,1890
174 15:28
4,4486 4,4809
4,0700 4,1022
4,6460 4,6790
5,1550 5,1884
175 15:29
4,4490 4,4813
4,0704 4,1026
4,6467 4,6797
5,1561 5,1895
176 15:30
4,4515 4,4838
4,0728 4,1050
4,6493 4,6823
5,1590 5,1924
177 15:31
4,4509 4,4832
4,0737 4,1059
4,6480 4,6810
5,1599 5,1933
178 15:32
4,4512 4,4835
4,0739 4,1061
4,6485 4,6815
5,1592 5,1926
179 15:33
4,4511 4,4834
4,0734 4,1056
4,6489 4,6819
5,1600 5,1934
180 15:34
4,4489 4,4812
4,0703 4,1025
4,6469 4,6799
5,1560 5,1894
181 15:35
4,4492 4,4815
4,0709 4,1031
4,6463 4,6793
5,1548 5,1882
182 15:36
4,4490 4,4813
4,0693 4,1015
4,6460 4,6790
5,1556 5,1890
183 15:37
4,4485 4,4808
4,0693 4,1015
4,6461 4,6791
5,1558 5,1892
184 15:38
4,4472 4,4795
4,0690 4,1012
4,6449 4,6779
5,1553 5,1887
185 15:39
4,4471 4,4794
4,0700 4,1022
4,6452 4,6782
5,1556 5,1890
186 15:40
4,4472 4,4795
4,0708 4,1030
4,6468 4,6798
5,1570 5,1904
187 15:41
4,4468 4,4791
4,0712 4,1034
4,6464 4,6794
5,1573 5,1907
188 15:42
4,4523 4,4846
4,0781 4,1103
4,6516 4,6846
5,1645 5,1979
189 15:43
4,4534 4,4857
4,0784 4,1106
4,6513 4,6843
5,1646 5,1980
190 15:44
4,4515 4,4838
4,0757 4,1079
4,6513 4,6843
5,1626 5,1960
191 15:45
4,4516 4,4839
4,0764 4,1086
4,6503 4,6833
5,1637 5,1971
192 15:46
4,4516 4,4839
4,0760 4,1082
4,6494 4,6824
5,1626 5,1960
193 15:47
4,4512 4,4835
4,0759 4,1081
4,6487 4,6817
5,1613 5,1947
194 15:48
4,4511 4,4834
4,0759 4,1081
4,6485 4,6815
5,1612 5,1946
195 15:49
4,4510 4,4833
4,0760 4,1082
4,6489 4,6819
5,1617 5,1951
196 15:50
4,4502 4,4825
4,0750 4,1072
4,6477 4,6807
5,1601 5,1935
197 15:51
4,4513 4,4836
4,0753 4,1075
4,6483 4,6813
5,1618 5,1952
198 15:52
4,4536 4,4859
4,0780 4,1102
4,6510 4,6840
5,1648 5,1982
199 15:53
4,4533 4,4856
4,0781 4,1103
4,6510 4,6840
5,1659 5,1993
200 15:54
4,4533 4,4856
4,0788 4,1110
4,6507 4,6837
5,1658 5,1992
201 15:55
4,4533 4,4856
4,0790 4,1112
4,6502 4,6832
5,1656 5,1990
202 15:56
4,4534 4,4857
4,0791 4,1113
4,6513 4,6845
5,1652 5,1986
203 15:57
4,4534 4,4857
4,0791 4,1113
4,6496 4,6828
5,1645 5,1979
204 15:58
4,4526 4,4849
4,0782 4,1104
4,6485 4,6817
5,1640 5,1974
205 15:59
4,4520 4,4843
4,0771 4,1093
4,6477 4,6809
5,1637 5,1971
206 16:00
4,4501 4,4824
4,0756 4,1078
4,6457 4,6789
5,1629 5,1964
207 16:01
Connection error x5
