#======================
2023-7-27
# 1.EUR, 2.USD, 3.CHF, 4.GBP
Sell Price, Buy Price
1 12:31
4,4090 4,4413
3,9553 3,9876
4,6232 4,6562
5,1306 5,1639
2 12:32
4,4090 4,4413
3,9540 3,9863
4,6230 4,6560
5,1307 5,1640
3 12:33
4,4090 4,4413
3,9545 3,9868
4,6229 4,6559
5,1303 5,1636
4 12:34
4,4087 4,4410
3,9542 3,9865
4,6226 4,6556
5,1300 5,1633
5 12:35
4,4086 4,4409
3,9541 3,9864
4,6225 4,6555
5,1308 5,1641
6 12:36
4,4086 4,4409
3,9541 3,9864
4,6225 4,6555
5,1311 5,1644
7 12:37
4,4084 4,4407
3,9547 3,9870
4,6223 4,6553
5,1306 5,1639
8 12:38
4,4084 4,4407
3,9543 3,9866
4,6226 4,6556
5,1312 5,1645
9 12:39
4,4083 4,4406
3,9542 3,9865
4,6218 4,6548
5,1318 5,1651
10 12:40
4,4078 4,4401
3,9543 3,9866
4,6220 4,6550
5,1310 5,1643
11 12:41
4,4080 4,4403
3,9550 3,9873
4,6222 4,6552
5,1317 5,1650
12 12:42
4,4079 4,4402
3,9549 3,9872
4,6221 4,6551
5,1315 5,1648
13 12:43
4,4079 4,4402
3,9555 3,9878
4,6227 4,6557
5,1326 5,1659
14 12:44
4,4081 4,4404
3,9555 3,9878
4,6228 4,6558
5,1330 5,1663
15 12:45
4,4085 4,4408
3,9558 3,9881
4,6233 4,6563
5,1334 5,1667
16 12:46
4,4098 4,4421
3,9575 3,9898
4,6243 4,6573
5,1349 5,1682
17 12:47
4,4097 4,4420
3,9572 3,9895
4,6239 4,6569
5,1348 5,1681
18 12:48
4,4089 4,4412
3,9571 3,9894
4,6234 4,6564
5,1348 5,1681
19 12:49
4,4093 4,4416
3,9574 3,9897
4,6233 4,6563
5,1353 5,1686
20 12:50
4,4093 4,4416
3,9578 3,9901
4,6227 4,6557
5,1362 5,1695
21 12:51
4,4090 4,4413
3,9576 3,9899
4,6228 4,6558
5,1353 5,1686
22 12:52
4,4097 4,4420
3,9578 3,9901
4,6229 4,6559
5,1351 5,1684
23 12:53
4,4099 4,4422
3,9578 3,9901
4,6228 4,6558
5,1353 5,1686
24 12:54
4,4096 4,4419
3,9579 3,9902
4,6226 4,6556
5,1337 5,1670
25 12:55
4,4092 4,4415
3,9575 3,9898
4,6217 4,6547
5,1330 5,1663
26 12:56
4,4093 4,4416
3,9578 3,9901
4,6214 4,6544
5,1335 5,1669
27 12:57
4,4105 4,4428
3,9593 3,9916
4,6231 4,6561
5,1346 5,1680
28 12:58
4,4104 4,4427
3,9595 3,9918
4,6225 4,6555
5,1342 5,1676
29 12:59
4,4112 4,4435
3,9604 3,9927
4,6236 4,6566
5,1348 5,1682
30 13:00
4,4114 4,4437
3,9604 3,9927
4,6233 4,6563
5,1353 5,1687
31 13:01
4,4114 4,4437
3,9609 3,9932
4,6235 4,6565
5,1353 5,1686
32 13:02
4,4114 4,4437
3,9614 3,9937
4,6232 4,6562
5,1348 5,1681
33 13:03
4,4114 4,4437
3,9612 3,9935
4,6242 4,6572
5,1332 5,1665
34 13:04
4,4117 4,4440
3,9615 3,9938
4,6243 4,6573
5,1338 5,1671
35 13:05
4,4115 4,4438
3,9620 3,9943
4,6246 4,6576
5,1357 5,1690
36 13:06
4,4116 4,4439
3,9625 3,9948
4,6252 4,6582
5,1362 5,1696
37 13:07
4,4112 4,4435
3,9618 3,9941
4,6250 4,6580
5,1357 5,1691
38 13:08
4,4105 4,4428
3,9612 3,9935
4,6245 4,6575
5,1358 5,1692
39 13:09
4,4106 4,4429
3,9609 3,9932
4,6246 4,6576
5,1355 5,1689
40 13:10
4,4102 4,4425
3,9609 3,9932
4,6245 4,6575
5,1354 5,1688
41 13:11
4,4102 4,4425
3,9609 3,9932
4,6245 4,6575
5,1360 5,1694
42 13:12
4,4083 4,4406
3,9589 3,9912
4,6225 4,6555
5,1341 5,1675
43 13:13
4,4093 4,4416
3,9594 3,9917
4,6224 4,6554
5,1343 5,1677
44 13:14
4,4093 4,4416
3,9585 3,9908
4,6222 4,6552
5,1340 5,1674
45 13:15
4,4087 4,4410
3,9587 3,9910
4,6217 4,6547
5,1336 5,1670
46 13:16
4,4108 4,4431
3,9605 3,9928
4,6234 4,6564
5,1364 5,1698
47 13:17
4,4108 4,4431
3,9606 3,9929
4,6232 4,6562
5,1367 5,1701
48 13:18
4,4107 4,4430
3,9608 3,9931
4,6223 4,6553
5,1369 5,1703
49 13:19
4,4091 4,4414
3,9594 3,9917
4,6202 4,6532
5,1341 5,1675
50 13:20
4,4097 4,4420
3,9596 3,9919
4,6208 4,6538
5,1349 5,1683
51 13:21
4,4111 4,4434
3,9607 3,9930
4,6225 4,6555
5,1357 5,1691
52 13:22
4,4088 4,4411
3,9588 3,9911
4,6198 4,6528
5,1334 5,1668
53 13:23
4,4094 4,4417
3,9595 3,9918
4,6200 4,6530
5,1354 5,1688
54 13:24
4,4090 4,4413
3,9595 3,9918
4,6195 4,6525
5,1354 5,1688
55 13:25
4,4089 4,4412
3,9593 3,9916
4,6200 4,6530
5,1354 5,1688
56 13:26
4,4076 4,4399
3,9579 3,9902
4,6179 4,6509
5,1332 5,1666
57 13:27
4,4082 4,4405
3,9577 3,9900
4,6180 4,6510
5,1331 5,1665
58 13:28
4,4065 4,4388
3,9565 3,9888
4,6170 4,6500
5,1316 5,1650
59 13:29
4,4067 4,4390
3,9567 3,9890
4,6171 4,6501
5,1317 5,1651
60 13:30
4,4073 4,4396
3,9567 3,9890
4,6172 4,6502
5,1322 5,1656
61 13:31
4,4076 4,4399
3,9575 3,9898
4,6181 4,6511
5,1327 5,1661
62 13:32
4,4075 4,4398
3,9571 3,9894
4,6178 4,6508
5,1328 5,1662
63 13:33
4,4077 4,4400
3,9571 3,9894
4,6182 4,6512
5,1328 5,1662
64 13:34
4,4078 4,4401
3,9568 3,9891
4,6183 4,6513
5,1323 5,1657
65 13:35
4,4077 4,4400
3,9571 3,9894
4,6182 4,6512
5,1325 5,1659
66 13:36
4,4069 4,4392
3,9574 3,9897
4,6169 4,6499
5,1324 5,1658
67 13:37
4,4096 4,4419
3,9595 3,9918
4,6202 4,6532
5,1365 5,1699
68 13:38
4,4086 4,4409
3,9582 3,9905
4,6189 4,6519
5,1348 5,1682
69 13:39
4,4086 4,4409
3,9575 3,9898
4,6184 4,6514
5,1341 5,1675
70 13:40
4,4085 4,4408
3,9569 3,9892
4,6178 4,6508
5,1334 5,1668
71 13:41
4,4079 4,4402
3,9562 3,9885
4,6164 4,6504
5,1323 5,1658
72 13:42
4,4078 4,4401
3,9561 3,9884
4,6160 4,6500
5,1317 5,1652
73 13:43
4,4077 4,4400
3,9562 3,9885
4,6155 4,6495
5,1319 5,1654
74 13:44
4,4086 4,4409
3,9573 3,9896
4,6169 4,6509
5,1325 5,1660
75 13:45
4,4086 4,4409
3,9573 3,9896
4,6173 4,6513
5,1337 5,1672
76 13:46
4,4087 4,4410
3,9576 3,9899
4,6180 4,6514
5,1336 5,1670
77 13:47
4,4087 4,4410
3,9578 3,9901
4,6183 4,6517
5,1346 5,1680
78 13:48
4,4086 4,4409
3,9574 3,9897
4,6182 4,6516
5,1345 5,1679
79 13:49
4,4090 4,4413
3,9581 3,9904
4,6186 4,6520
5,1349 5,1683
80 13:50
4,4091 4,4414
3,9590 3,9913
4,6187 4,6521
5,1349 5,1683
81 13:51
4,4090 4,4413
3,9591 3,9914
4,6194 4,6528
5,1352 5,1686
82 13:52
4,4089 4,4412
3,9587 3,9910
4,6195 4,6529
5,1361 5,1695
83 13:53
4,4089 4,4412
3,9587 3,9910
4,6195 4,6529
5,1360 5,1694
84 13:54
4,4090 4,4413
3,9590 3,9913
4,6196 4,6530
5,1353 5,1687
85 13:55
4,4091 4,4414
3,9592 3,9915
4,6196 4,6530
5,1350 5,1684
86 13:56
4,4089 4,4412
3,9589 3,9912
4,6190 4,6520
5,1343 5,1677
87 13:57
4,4089 4,4412
3,9583 3,9906
4,6190 4,6520
5,1348 5,1682
88 13:58
4,4087 4,4410
3,9583 3,9906
4,6191 4,6521
5,1349 5,1683
89 13:59
4,4088 4,4411
3,9586 3,9909
4,6187 4,6517
5,1356 5,1690
90 14:00
4,4087 4,4410
3,9575 3,9898
4,6178 4,6508
5,1348 5,1682
91 14:01
4,4089 4,4412
3,9597 3,9920
4,6182 4,6512
5,1347 5,1682
92 14:02
4,4087 4,4410
3,9601 3,9924
4,6185 4,6515
5,1353 5,1688
93 14:03
4,4089 4,4412
3,9605 3,9928
4,6182 4,6512
5,1347 5,1682
94 14:04
4,4085 4,4408
3,9594 3,9917
4,6179 4,6509
5,1346 5,1681
95 14:05
4,4087 4,4410
3,9603 3,9926
4,6183 4,6513
5,1350 5,1685
96 14:06
4,4076 4,4399
3,9597 3,9920
4,6181 4,6511
5,1344 5,1678
97 14:07
4,4079 4,4402
3,9611 3,9934
4,6184 4,6514
5,1351 5,1685
98 14:08
4,4088 4,4411
3,9620 3,9943
4,6196 4,6526
5,1362 5,1696
99 14:09
4,4088 4,4411
3,9623 3,9946
4,6201 4,6531
5,1362 5,1696
100 14:10
4,4085 4,4408
3,9624 3,9947
4,6195 4,6525
5,1358 5,1692
101 14:11
4,4082 4,4405
3,9618 3,9941
4,6187 4,6517
5,1345 5,1679
102 14:12
4,4083 4,4406
3,9620 3,9943
4,6188 4,6518
5,1355 5,1689
103 14:13
4,4081 4,4404
3,9615 3,9938
4,6191 4,6521
5,1360 5,1694
104 14:14
4,4080 4,4403
3,9614 3,9937
4,6204 4,6534
5,1361 5,1695
105 14:15
4,4074 4,4397
3,9598 3,9923
4,6186 4,6522
5,1348 5,1682
106 14:16
4,4072 4,4395
3,9631 3,9954
4,6222 4,6553
5,1375 5,1709
107 14:17
4,4076 4,4399
3,9656 3,9979
4,6230 4,6560
5,1400 5,1734
108 14:18
4,4072 4,4395
3,9686 4,0009
4,6239 4,6569
5,1422 5,1756
109 14:19
4,4072 4,4395
3,9661 3,9984
4,6226 4,6556
5,1400 5,1734
110 14:20
4,4072 4,4395
3,9681 4,0004
4,6236 4,6566
5,1419 5,1753
111 14:21
4,4071 4,4394
3,9694 4,0017
4,6243 4,6573
5,1420 5,1754
112 14:22
4,4077 4,4400
3,9703 4,0026
4,6243 4,6573
5,1442 5,1776
113 14:23
4,4077 4,4400
3,9685 4,0008
4,6241 4,6571
5,1424 5,1758
114 14:24
4,4076 4,4399
3,9675 3,9998
4,6231 4,6561
5,1413 5,1747
115 14:25
4,4079 4,4402
3,9687 4,0010
4,6243 4,6573
5,1405 5,1739
116 14:26
4,4078 4,4401
3,9704 4,0027
4,6251 4,6581
5,1415 5,1749
117 14:27
4,4078 4,4401
3,9713 4,0036
4,6257 4,6587
5,1417 5,1751
118 14:28
4,4078 4,4401
3,9721 4,0044
4,6257 4,6587
5,1418 5,1752
119 14:29
4,4085 4,4408
3,9730 4,0053
4,6258 4,6588
5,1430 5,1764
120 14:30
4,4085 4,4408
3,9735 4,0058
4,6247 4,6585
5,1430 5,1768
121 14:31
4,4084 4,4407
3,9767 4,0090
4,6252 4,6582
5,1427 5,1761
122 14:32
4,4077 4,4400
3,9764 4,0087
4,6256 4,6586
5,1429 5,1763
123 14:33
4,4075 4,4398
3,9802 4,0125
4,6249 4,6579
5,1390 5,1724
124 14:34
4,4075 4,4398
3,9767 4,0090
4,6235 4,6565
5,1406 5,1740
125 14:35
4,4074 4,4397
3,9779 4,0102
4,6237 4,6567
5,1416 5,1750
126 14:36
4,4074 4,4397
3,9790 4,0113
4,6235 4,6565
5,1427 5,1761
127 14:37
4,4074 4,4397
3,9769 4,0092
4,6218 4,6548
5,1416 5,1750
128 14:38
4,4073 4,4396
3,9779 4,0102
4,6217 4,6547
5,1418 5,1752
129 14:39
4,4072 4,4395
3,9762 4,0085
4,6221 4,6551
5,1428 5,1762
130 14:40
4,4074 4,4397
3,9765 4,0088
4,6213 4,6543
5,1423 5,1757
131 14:41
4,4073 4,4396
3,9753 4,0076
4,6206 4,6536
5,1413 5,1747
132 14:42
4,4074 4,4397
3,9785 4,0108
4,6212 4,6542
5,1422 5,1756
133 14:43
4,4073 4,4396
3,9781 4,0104
4,6219 4,6549
5,1420 5,1754
134 14:44
4,4072 4,4395
3,9767 4,0090
4,6226 4,6556
5,1410 5,1744
135 14:45
4,4074 4,4397
3,9773 4,0096
4,6223 4,6553
5,1402 5,1736
136 14:46
4,4073 4,4396
3,9787 4,0110
4,6237 4,6567
5,1413 5,1747
137 14:47
4,4061 4,4384
3,9781 4,0104
4,6224 4,6554
5,1406 5,1740
138 14:48
4,4063 4,4386
3,9773 4,0096
4,6217 4,6547
5,1398 5,1732
139 14:49
4,4028 4,4351
3,9733 4,0056
4,6175 4,6505
5,1352 5,1686
140 14:50
4,4027 4,4350
3,9775 4,0098
4,6195 4,6525
5,1364 5,1698
141 14:51
4,4032 4,4355
3,9805 4,0128
4,6211 4,6541
5,1377 5,1711
142 14:52
4,4024 4,4347
3,9818 4,0141
4,6200 4,6530
5,1383 5,1717
143 14:53
4,4027 4,4350
3,9833 4,0156
4,6203 4,6533
5,1384 5,1718
144 14:54
4,4024 4,4347
3,9829 4,0152
4,6195 4,6525
5,1367 5,1701
145 14:55
4,3998 4,4321
3,9801 4,0124
4,6164 4,6494
5,1328 5,1662
146 14:56
4,3997 4,4321
3,9782 4,0105
4,6147 4,6477
5,1334 5,1668
147 14:57
4,3997 4,4321
3,9784 4,0107
4,6168 4,6498
5,1333 5,1667
148 14:58
4,4001 4,4325
3,9776 4,0099
4,6175 4,6505
5,1328 5,1662
149 14:59
4,4016 4,4340
3,9783 4,0106
4,6191 4,6521
5,1353 5,1687
150 15:00
4,4017 4,4341
3,9800 4,0123
4,6190 4,6520
5,1354 5,1688
151 15:01
4,4014 4,4337
3,9790 4,0113
4,6181 4,6511
5,1359 5,1693
152 15:02
4,4019 4,4342
3,9782 4,0105
4,6181 4,6511
5,1358 5,1692
153 15:03
4,4022 4,4345
3,9809 4,0132
4,6189 4,6519
5,1379 5,1713
154 15:04
4,4017 4,4340
3,9875 4,0198
4,6202 4,6532
5,1425 5,1759
155 15:05
4,4007 4,4330
3,9856 4,0179
4,6167 4,6497
5,1390 5,1724
156 15:06
4,4012 4,4335
3,9862 4,0185
4,6158 4,6488
5,1388 5,1722
157 15:07
4,4014 4,4337
3,9848 4,0171
4,6150 4,6480
5,1388 5,1722
158 15:08
4,4016 4,4339
3,9867 4,0190
4,6157 4,6487
5,1397 5,1731
159 15:09
4,4006 4,4329
3,9839 4,0162
4,6155 4,6485
5,1381 5,1715
160 15:10
4,4012 4,4335
3,9853 4,0176
4,6167 4,6497
5,1383 5,1717
161 15:11
4,4017 4,4340
3,9864 4,0187
4,6178 4,6508
5,1390 5,1724
162 15:12
4,4016 4,4339
3,9870 4,0193
4,6196 4,6526
5,1399 5,1733
163 15:13
4,4017 4,4340
3,9874 4,0197
4,6197 4,6527
5,1393 5,1727
164 15:14
4,4016 4,4339
3,9885 4,0208
4,6206 4,6536
5,1409 5,1743
165 15:15
4,4018 4,4341
3,9877 4,0200
4,6203 4,6533
5,1409 5,1743
166 15:16
4,4014 4,4337
3,9887 4,0210
4,6189 4,6519
5,1414 5,1748
167 15:17
4,4014 4,4337
3,9896 4,0219
4,6195 4,6525
5,1420 5,1754
168 15:18
4,4016 4,4339
3,9904 4,0227
4,6207 4,6537
5,1434 5,1768
169 15:19
4,4016 4,4339
3,9899 4,0222
4,6211 4,6541
5,1440 5,1774
170 15:20
4,4009 4,4332
3,9881 4,0204
4,6195 4,6525
5,1413 5,1747
171 15:21
4,4009 4,4332
3,9893 4,0216
4,6199 4,6529
5,1422 5,1757
172 15:22
4,4010 4,4333
3,9888 4,0211
4,6204 4,6534
5,1428 5,1763
173 15:23
4,4017 4,4340
3,9913 4,0236
4,6207 4,6537
5,1442 5,1777
174 15:24
4,4016 4,4339
3,9906 4,0229
4,6204 4,6534
5,1441 5,1776
175 15:25
4,4015 4,4338
3,9905 4,0228
4,6209 4,6539
5,1432 5,1767
176 15:26
4,4019 4,4342
3,9923 4,0246
4,6215 4,6554
5,1429 5,1763
177 15:27
4,4019 4,4342
3,9927 4,0250
4,6219 4,6558
5,1428 5,1762
178 15:28
4,4010 4,4333
3,9906 4,0229
4,6197 4,6536
5,1412 5,1746
179 15:29
4,4010 4,4333
3,9915 4,0238
4,6197 4,6536
5,1420 5,1754
180 15:30
4,4007 4,4330
3,9916 4,0239
4,6194 4,6533
5,1423 5,1757
181 15:31
4,4010 4,4333
3,9928 4,0251
4,6209 4,6539
5,1423 5,1757
182 15:32
4,4020 4,4343
3,9957 4,0280
4,6205 4,6535
5,1415 5,1749
183 15:33
4,4018 4,4341
3,9957 4,0280
4,6183 4,6513
5,1410 5,1744
184 15:34
4,4017 4,4340
3,9973 4,0296
4,6188 4,6518
5,1438 5,1772
185 15:35
4,4018 4,4341
3,9963 4,0286
4,6197 4,6527
5,1432 5,1766
186 15:36
4,4022 4,4345
3,9977 4,0300
4,6194 4,6534
5,1432 5,1766
187 15:37
4,4022 4,4345
3,9999 4,0322
4,6211 4,6551
5,1444 5,1778
188 15:38
4,4042 4,4365
4,0019 4,0342
4,6227 4,6567
5,1466 5,1800
189 15:39
4,4044 4,4367
4,0017 4,0340
4,6219 4,6559
5,1475 5,1809
190 15:40
4,4042 4,4365
4,0003 4,0326
4,6225 4,6565
5,1473 5,1807
191 15:41
4,4041 4,4364
4,0039 4,0362
4,6228 4,6558
5,1467 5,1801
192 15:42
4,4035 4,4358
4,0014 4,0337
4,6225 4,6555
5,1471 5,1805
193 15:43
4,4032 4,4355
4,0019 4,0342
4,6205 4,6535
5,1473 5,1807
194 15:44
4,4031 4,4354
4,0031 4,0354
4,6201 4,6531
5,1488 5,1822
195 15:45
4,4034 4,4357
4,0045 4,0368
4,6205 4,6535
5,1497 5,1831
196 15:46
4,4032 4,4355
4,0035 4,0358
4,6204 4,6533
5,1482 5,1816
197 15:47
4,4031 4,4354
4,0018 4,0341
4,6204 4,6533
5,1478 5,1812
198 15:48
4,4034 4,4357
4,0018 4,0341
4,6205 4,6534
5,1464 5,1798
199 15:49
4,4031 4,4354
4,0025 4,0348
4,6198 4,6527
5,1469 5,1803
200 15:50
4,4030 4,4353
4,0004 4,0327
4,6179 4,6508
5,1454 5,1788
201 15:51
4,4017 4,4340
3,9969 4,0292
4,6144 4,6474
5,1428 5,1762
202 15:52
4,4018 4,4341
3,9961 4,0284
4,6153 4,6483
5,1415 5,1749
203 15:53
4,4018 4,4341
3,9971 4,0294
4,6154 4,6484
5,1408 5,1742
204 15:54
4,4024 4,4347
3,9961 4,0284
4,6151 4,6481
5,1414 5,1748
205 15:55
4,4023 4,4346
3,9968 4,0291
4,6145 4,6475
5,1406 5,1740
206 15:56
4,4031 4,4354
3,9989 4,0312
4,6146 4,6476
5,1412 5,1746
207 15:57
4,4048 4,4371
4,0024 4,0347
4,6154 4,6484
5,1446 5,1780
208 15:58
4,4046 4,4369
4,0005 4,0328
4,6155 4,6485
5,1439 5,1773
209 15:59
4,4047 4,4370
4,0000 4,0323
4,6163 4,6493
5,1443 5,1777
210 16:00
4,4048 4,4371
4,0010 4,0333
4,6171 4,6501
5,1467 5,1801
211 16:01
4,4051 4,4374
4,0018 4,0341
4,6176 4,6506
5,1447 5,1781
212 16:02
4,4050 4,4373
4,0030 4,0353
4,6159 4,6489
5,1446 5,1780
213 16:03
4,4053 4,4376
4,0005 4,0328
4,6165 4,6495
5,1458 5,1792
214 16:04
4,4074 4,4397
4,0048 4,0371
4,6174 4,6504
5,1477 5,1811
215 16:05
4,4061 4,4384
4,0069 4,0392
4,6189 4,6519
5,1473 5,1807
216 16:06
4,4072 4,4395
4,0089 4,0412
4,6213 4,6543
5,1491 5,1825
217 16:07
4,4069 4,4392
4,0057 4,0380
4,6203 4,6533
5,1478 5,1812
218 16:08
4,4072 4,4395
4,0070 4,0393
4,6211 4,6541
5,1487 5,1821
219 16:09
4,4074 4,4397
4,0054 4,0377
4,6213 4,6543
5,1480 5,1814
220 16:10
4,4060 4,4383
4,0036 4,0359
4,6198 4,6528
5,1451 5,1785
221 16:11
4,4061 4,4384
4,0042 4,0365
4,6185 4,6515
5,1451 5,1785
222 16:12
4,4062 4,4385
4,0041 4,0364
4,6178 4,6508
5,1442 5,1776
223 16:13
4,4045 4,4368
4,0026 4,0349
4,6168 4,6498
5,1423 5,1757
224 16:14
4,4050 4,4373
4,0037 4,0360
4,6183 4,6513
5,1438 5,1772
225 16:15
4,4035 4,4358
4,0009 4,0332
4,6160 4,6490
5,1417 5,1751
226 16:16
4,4041 4,4364
4,0003 4,0326
4,6166 4,6496
5,1420 5,1754
227 16:17
4,4057 4,4380
4,0041 4,0364
4,6181 4,6511
5,1447 5,1781
228 16:18
4,4058 4,4381
4,0056 4,0379
4,6189 4,6519
5,1447 5,1781
229 16:19
4,4052 4,4375
4,0050 4,0373
4,6175 4,6505
5,1436 5,1770
230 16:20
4,4047 4,4370
4,0031 4,0354
4,6150 4,6480
5,1428 5,1762
231 16:21
4,4044 4,4367
4,0032 4,0355
4,6147 4,6477
5,1431 5,1765
232 16:22
4,4051 4,4374
4,0044 4,0367
4,6162 4,6492
5,1440 5,1774
233 16:23
4,4054 4,4377
4,0041 4,0364
4,6156 4,6486
5,1444 5,1778
234 16:24
4,4069 4,4392
4,0062 4,0385
4,6169 4,6499
5,1464 5,1798
235 16:25
4,4064 4,4387
4,0047 4,0370
4,6165 4,6495
5,1469 5,1803
236 16:26
4,4063 4,4386
4,0054 4,0377
4,6165 4,6502
5,1467 5,1801
237 16:27
4,4065 4,4388
4,0066 4,0389
4,6177 4,6514
5,1470 5,1804
238 16:28
4,4065 4,4388
4,0073 4,0396
4,6178 4,6515
5,1467 5,1801
239 16:29
4,4066 4,4389
4,0072 4,0395
4,6183 4,6520
5,1468 5,1802
240 16:30
4,4069 4,4392
4,0083 4,0406
4,6186 4,6523
5,1476 5,1810
241 16:31
4,4065 4,4389
4,0088 4,0411
4,6188 4,6518
5,1471 5,1805
242 16:32
4,4055 4,4379
4,0081 4,0404
4,6188 4,6518
5,1460 5,1794
243 16:33
4,4052 4,4376
4,0079 4,0402
4,6184 4,6514
5,1465 5,1799
244 16:34
4,4031 4,4355
4,0054 4,0377
4,6169 4,6499
5,1444 5,1778
245 16:35
4,4036 4,4360
4,0057 4,0380
4,6177 4,6507
5,1449 5,1783
246 16:36
4,4036 4,4359
4,0076 4,0399
4,6181 4,6511
5,1464 5,1798
247 16:37
4,4034 4,4357
4,0067 4,0390
4,6173 4,6503
5,1458 5,1792
248 16:38
4,4048 4,4371
4,0078 4,0401
4,6172 4,6502
5,1473 5,1807
249 16:39
4,4054 4,4377
4,0079 4,0402
4,6182 4,6512
5,1475 5,1809
250 16:40
4,4049 4,4372
4,0077 4,0400
4,6163 4,6493
5,1476 5,1810
251 16:41
4,4050 4,4373
4,0084 4,0407
4,6159 4,6489
5,1474 5,1808
252 16:42
4,4051 4,4374
4,0084 4,0407
4,6159 4,6489
5,1477 5,1811
253 16:43
4,4047 4,4370
4,0073 4,0396
4,6151 4,6481
5,1485 5,1819
254 16:44
4,4042 4,4365
4,0072 4,0395
4,6145 4,6475
5,1469 5,1803
255 16:45
4,4039 4,4362
4,0078 4,0401
4,6138 4,6468
5,1458 5,1792
256 16:46
4,4041 4,4364
4,0082 4,0405
4,6147 4,6477
5,1463 5,1797
257 16:47
4,4039 4,4362
4,0071 4,0394
4,6140 4,6470
5,1451 5,1785
258 16:48
4,4039 4,4362
4,0082 4,0405
4,6140 4,6470
5,1452 5,1786
259 16:49
4,4033 4,4356
4,0073 4,0396
4,6136 4,6466
5,1439 5,1773
260 16:50
4,4023 4,4346
4,0073 4,0396
4,6130 4,6460
5,1439 5,1773
261 16:51
4,4026 4,4349
4,0058 4,0381
4,6125 4,6455
5,1434 5,1768
262 16:52
4,4024 4,4347
4,0056 4,0379
4,6127 4,6457
5,1446 5,1780
263 16:53
4,4020 4,4343
4,0051 4,0374
4,6120 4,6450
5,1452 5,1786
264 16:54
4,4021 4,4344
4,0051 4,0374
4,6128 4,6458
5,1446 5,1780
265 16:55
4,4021 4,4344
4,0042 4,0365
4,6111 4,6441
5,1464 5,1798
266 16:56
4,4028 4,4351
4,0058 4,0381
4,6103 4,6433
5,1484 5,1818
267 16:57
4,4024 4,4347
4,0048 4,0371
4,6089 4,6419
5,1481 5,1815
268 16:58
4,4019 4,4342
4,0047 4,0370
4,6087 4,6417
5,1481 5,1815
269 16:59
4,4018 4,4341
4,0050 4,0373
4,6094 4,6424
5,1485 5,1819
270 17:00
4,4022 4,4345
4,0045 4,0368
4,6093 4,6423
5,1490 5,1824
271 17:01
4,4032 4,4355
4,0054 4,0377
4,6104 4,6434
5,1505 5,1839
272 17:02
4,4029 4,4352
4,0049 4,0372
4,6088 4,6418
5,1503 5,1837
273 17:03
4,4040 4,4363
4,0047 4,0370
4,6112 4,6442
5,1511 5,1845
274 17:04
4,4043 4,4366
4,0042 4,0365
4,6122 4,6452
5,1515 5,1849
275 17:05
4,4034 4,4357
4,0019 4,0342
4,6103 4,6433
5,1512 5,1846
276 17:06
4,4031 4,4354
4,0022 4,0345
4,6090 4,6420
5,1517 5,1851
277 17:07
4,4029 4,4352
4,0020 4,0343
4,6088 4,6418
5,1518 5,1852
278 17:08
4,4028 4,4351
4,0028 4,0351
4,6087 4,6417
5,1523 5,1857
279 17:09
4,4029 4,4352
4,0040 4,0363
4,6088 4,6418
5,1522 5,1856
280 17:10
4,4029 4,4352
4,0046 4,0369
4,6086 4,6416
5,1510 5,1844
281 17:11
4,4029 4,4352
4,0053 4,0376
4,6088 4,6418
5,1510 5,1844
282 17:12
4,4024 4,4347
4,0056 4,0379
4,6083 4,6413
5,1510 5,1844
283 17:13
4,4016 4,4339
4,0050 4,0373
4,6072 4,6402
5,1504 5,1838
284 17:14
4,4021 4,4344
4,0044 4,0367
4,6091 4,6421
5,1509 5,1843
285 17:15
4,4023 4,4346
4,0044 4,0367
4,6096 4,6426
5,1514 5,1848
286 17:16
4,4021 4,4344
4,0059 4,0382
4,6109 4,6439
5,1520 5,1854
287 17:17
4,4022 4,4345
4,0054 4,0377
4,6112 4,6442
5,1526 5,1860
288 17:18
4,4022 4,4345
4,0052 4,0375
4,6100 4,6430
5,1531 5,1865
289 17:19
4,4022 4,4345
4,0048 4,0371
4,6100 4,6430
5,1525 5,1859
290 17:20
4,4020 4,4343
4,0045 4,0368
4,6106 4,6436
5,1523 5,1857
291 17:21
4,4004 4,4327
4,0028 4,0351
4,6095 4,6425
5,1510 5,1844
292 17:22
4,4005 4,4328
4,0029 4,0352
4,6097 4,6427
5,1500 5,1834
293 17:23
4,4015 4,4338
4,0040 4,0363
4,6097 4,6427
5,1510 5,1844
294 17:24
4,4015 4,4338
4,0040 4,0363
4,6095 4,6425
5,1520 5,1854
295 17:25
4,4018 4,4341
4,0047 4,0370
4,6108 4,6438
5,1521 5,1855
296 17:26
4,4010 4,4333
4,0040 4,0363
4,6100 4,6430
5,1518 5,1852
297 17:27
4,4006 4,4329
4,0025 4,0348
4,6093 4,6423
5,1510 5,1844
298 17:28
4,4003 4,4326
4,0030 4,0353
4,6086 4,6416
5,1510 5,1844
299 17:29
4,4008 4,4331
4,0035 4,0358
4,6098 4,6428
5,1515 5,1849
300 17:30
4,4012 4,4335
4,0038 4,0361
4,6107 4,6437
5,1529 5,1863
301 17:31
4,4013 4,4336
4,0036 4,0359
4,6102 4,6432
5,1536 5,1870
302 17:32
4,4015 4,4338
4,0027 4,0350
4,6097 4,6427
5,1533 5,1867
303 17:33
4,4015 4,4338
4,0023 4,0346
4,6090 4,6420
5,1532 5,1866
304 17:34
4,4015 4,4338
4,0020 4,0343
4,6089 4,6419
5,1520 5,1854
305 17:35
4,4013 4,4336
4,0018 4,0341
4,6081 4,6411
5,1515 5,1849
306 17:36
4,4015 4,4338
4,0018 4,0341
4,6073 4,6403
5,1521 5,1855
307 17:37
4,4013 4,4336
4,0024 4,0347
4,6069 4,6399
5,1512 5,1846
308 17:38
4,4014 4,4337
4,0017 4,0340
4,6068 4,6398
5,1507 5,1841
309 17:39
4,4014 4,4337
4,0010 4,0333
4,6067 4,6397
5,1513 5,1847
310 17:40
4,4014 4,4337
4,0010 4,0333
4,6068 4,6398
5,1513 5,1847
311 17:41
4,4012 4,4335
4,0010 4,0333
4,6065 4,6395
5,1517 5,1851
312 17:42
4,4012 4,4335
4,0006 4,0329
4,6056 4,6386
5,1515 5,1849
313 17:43
4,4010 4,4333
4,0013 4,0336
4,6056 4,6386
5,1514 5,1848
314 17:44
4,4012 4,4335
4,0015 4,0338
4,6053 4,6383
5,1507 5,1841
315 17:45
4,4016 4,4339
4,0021 4,0344
4,6067 4,6397
5,1519 5,1853
316 17:46
4,4016 4,4339
4,0016 4,0339
4,6070 4,6400
5,1525 5,1859
317 17:47
4,4013 4,4336
4,0008 4,0331
4,6074 4,6404
5,1522 5,1856
318 17:48
4,4009 4,4332
4,0007 4,0330
4,6067 4,6397
5,1517 5,1851
319 17:49
4,4001 4,4324
4,0000 4,0323
4,6053 4,6383
5,1503 5,1837
320 17:50
4,4001 4,4324
3,9998 4,0321
4,6057 4,6387
5,1507 5,1841
321 17:51
4,3979 4,4302
3,9980 4,0303
4,6036 4,6366
5,1485 5,1819
322 17:52
4,3999 4,4322
4,0002 4,0325
4,6056 4,6386
5,1519 5,1853
323 17:53
4,3980 4,4303
3,9987 4,0310
4,6037 4,6367
5,1495 5,1829
324 17:54
4,3985 4,4308
3,9989 4,0312
4,6042 4,6372
5,1494 5,1828
325 17:55
4,3988 4,4311
3,9993 4,0316
4,6040 4,6370
5,1494 5,1828
326 17:56
4,3991 4,4314
3,9992 4,0315
4,6041 4,6371
5,1498 5,1832
327 17:57
4,3987 4,4310
3,9983 4,0306
4,6039 4,6369
5,1493 5,1827
328 17:58
4,3985 4,4308
3,9980 4,0303
4,6032 4,6362
5,1489 5,1823
329 17:59
4,3986 4,4309
3,9981 4,0304
4,6030 4,6360
5,1489 5,1823
330 18:00
4,3982 4,4310
3,9986 4,0318
4,6034 4,6369
5,1494 5,1832
331 18:01
4,3981 4,4310
3,9988 4,0319
4,6039 4,6380
5,1500 5,1841
332 18:02
4,3982 4,4312
3,9985 4,0316
4,6040 4,6380
5,1505 5,1847
333 18:03
4,3971 4,4300
3,9973 4,0307
4,6028 4,6364
5,1482 5,1823
334 18:04
4,3969 4,4301
3,9967 4,0303
4,6020 4,6364
5,1466 5,1810
335 18:05
4,3967 4,4299
3,9964 4,0297
4,6024 4,6366
5,1457 5,1801
336 18:06
4,3967 4,4299
3,9975 4,0308
4,6029 4,6372
5,1457 5,1796
337 18:07
4,3965 4,4296
3,9974 4,0309
4,6031 4,6369
5,1458 5,1801
338 18:08
4,3967 4,4297
3,9978 4,0313
4,6041 4,6383
5,1451 5,1793
339 18:09
4,3957 4,4306
3,9975 4,0323
4,6038 4,6395
5,1435 5,1800
340 18:10
4,3958 4,4308
3,9970 4,0323
4,6033 4,6395
5,1430 5,1795
341 18:11
4,3965 4,4295
3,9984 4,0315
4,6035 4,6377
5,1437 5,1779
342 18:12
4,3964 4,4295
3,9981 4,0317
4,6040 4,6378
5,1432 5,1775
343 18:13
4,3963 4,4294
3,9988 4,0322
4,6039 4,6378
5,1430 5,1772
344 18:14
4,3965 4,4295
3,9991 4,0326
4,6044 4,6382
5,1420 5,1761
345 18:15
4,3965 4,4295
3,9984 4,0319
4,6040 4,6382
5,1414 5,1755
346 18:16
4,3966 4,4295
3,9985 4,0316
4,6041 4,6383
5,1405 5,1744
347 18:17
4,3962 4,4295
3,9988 4,0323
4,6037 4,6379
5,1392 5,1732
348 18:18
4,3967 4,4297
3,9998 4,0332
4,6046 4,6388
5,1392 5,1727
349 18:19
4,3969 4,4301
3,9996 4,0332
4,6053 4,6393
5,1400 5,1744
350 18:20
4,3962 4,4289
3,9989 4,0319
4,6046 4,6379
5,1381 5,1715
351 18:21
4,3964 4,4294
3,9983 4,0318
4,6043 4,6381
5,1375 5,1717
352 18:22
4,3963 4,4294
3,9979 4,0312
4,6048 4,6386
5,1370 5,1713
353 18:23
4,3955 4,4285
3,9971 4,0306
4,6045 4,6382
5,1365 5,1701
354 18:24
4,3954 4,4285
3,9967 4,0300
4,6044 4,6382
5,1365 5,1707
355 18:25
4,3954 4,4285
3,9968 4,0304
4,6048 4,6382
5,1359 5,1701
356 18:26
4,3955 4,4284
3,9966 4,0300
4,6045 4,6381
5,1367 5,1708
357 18:27
4,3955 4,4284
3,9962 4,0296
4,6045 4,6381
5,1361 5,1702
358 18:28
4,3955 4,4284
3,9955 4,0289
4,6048 4,6386
5,1356 5,1695
359 18:29
4,3967 4,4292
3,9972 4,0299
4,6057 4,6389
5,1372 5,1706
360 18:30
4,3965 4,4296
3,9971 4,0307
4,6055 4,6393
5,1372 5,1714
361 18:31
4,3957 4,4307
3,9965 4,0316
4,6051 4,6410
5,1371 5,1733
362 18:32
4,3965 4,4296
3,9977 4,0310
4,6065 4,6403
5,1385 5,1728
363 18:33
4,3965 4,4296
3,9982 4,0314
4,6065 4,6403
5,1391 5,1734
364 18:34
4,3956 4,4305
3,9974 4,0322
4,6061 4,6418
5,1379 5,1743
365 18:35
4,3956 4,4305
3,9974 4,0326
4,6055 4,6417
5,1379 5,1743
366 18:36
4,3955 4,4278
3,9972 4,0299
4,6058 4,6388
5,1369 5,1703
367 18:37
4,3948 4,4274
3,9966 4,0294
4,6051 4,6385
5,1364 5,1701
368 18:38
4,3951 4,4275
3,9970 4,0298
4,6056 4,6390
5,1367 5,1702
369 18:39
4,3942 4,4270
3,9961 4,0293
4,6050 4,6385
5,1356 5,1695
370 18:40
4,3940 4,4272
3,9961 4,0294
4,6044 4,6386
5,1355 5,1698
371 18:41
4,3938 4,4261
3,9958 4,0282
4,6041 4,6371
5,1352 5,1686
372 18:42
4,3939 4,4262
3,9962 4,0285
4,6044 4,6374
5,1357 5,1691
373 18:43
4,3939 4,4262
3,9958 4,0286
4,6047 4,6377
5,1359 5,1693
374 18:44
4,3965 4,4292
3,9984 4,0313
4,6071 4,6410
5,1390 5,1728
375 18:45
4,3954 4,4279
3,9971 4,0302
4,6060 4,6393
5,1377 5,1713
376 18:46
4,3959 4,4289
3,9975 4,0307
4,6062 4,6404
5,1382 5,1724
377 18:47
4,3957 4,4288
3,9978 4,0313
4,6066 4,6404
5,1382 5,1725
378 18:48
4,3957 4,4288
3,9982 4,0314
4,6066 4,6404
5,1381 5,1723
379 18:49
4,3952 4,4293
3,9975 4,0319
4,6062 4,6411
5,1375 5,1729
380 18:50
4,3948 4,4297
3,9978 4,0326
4,6058 4,6415
5,1370 5,1734
381 18:51
4,3941 4,4264
3,9975 4,0302
4,6051 4,6384
5,1368 5,1702
382 18:52
4,3952 4,4284
3,9998 4,0332
4,6069 4,6409
5,1385 5,1729
383 18:53
4,3944 4,4275
3,9992 4,0324
4,6062 4,6400
5,1384 5,1727
384 18:54
4,3949 4,4280
3,9993 4,0329
4,6064 4,6407
5,1384 5,1727
385 18:55
4,3949 4,4280
3,9997 4,0329
4,6068 4,6407
5,1390 5,1733
386 18:56
4,3945 4,4291
3,9992 4,0338
4,6062 4,6416
5,1384 5,1745
387 18:57
4,3942 4,4294
3,9985 4,0340
4,6059 4,6419
5,1381 5,1748
388 18:58
4,3941 4,4297
3,9991 4,0348
4,6059 4,6428
5,1382 5,1751
389 18:59
4,3950 4,4284
3,9996 4,0331
4,6067 4,6409
5,1389 5,1735
390 19:00
4,3957 4,4291
3,9989 4,0327
4,6076 4,6417
5,1392 5,1739
391 19:01
4,3957 4,4290
4,0000 4,0334
4,6081 4,6421
5,1400 5,1745
392 19:02
4,3964 4,4294
4,0009 4,0341
4,6082 4,6424
5,1401 5,1742
393 19:03
4,3960 4,4293
3,9999 4,0336
4,6079 4,6419
5,1397 5,1741
394 19:04
4,3962 4,4294
3,9983 4,0318
4,6084 4,6424
5,1387 5,1730
395 19:05
4,3950 4,4300
3,9967 4,0316
4,6081 4,6440
5,1383 5,1748
396 19:06
4,3954 4,4298
3,9977 4,0323
4,6079 4,6434
5,1367 5,1728
397 19:07
4,3952 4,4297
3,9966 4,0312
4,6081 4,6434
5,1369 5,1727
398 19:08
4,3952 4,4297
3,9958 4,0303
4,6072 4,6425
5,1364 5,1723
399 19:09
4,3953 4,4297
3,9965 4,0310
4,6075 4,6427
5,1357 5,1715
400 19:10
4,3946 4,4294
3,9957 4,0305
4,6069 4,6430
5,1343 5,1706
401 19:11
4,3942 4,4304
3,9950 4,0313
4,6074 4,6445
5,1343 5,1723
402 19:12
4,3940 4,4301
3,9937 4,0296
4,6069 4,6442
5,1338 5,1715
403 19:13
4,3941 4,4301
3,9918 4,0281
4,6078 4,6447
5,1331 5,1707
404 19:14
4,3941 4,4300
3,9916 4,0278
4,6074 4,6442
5,1325 5,1701
405 19:15
4,3941 4,4301
3,9929 4,0292
4,6088 4,6461
5,1338 5,1715
406 19:16
4,3962 4,4295
3,9961 4,0299
4,6111 4,6454
5,1363 5,1714
407 19:17
4,3961 4,4294
3,9967 4,0304
4,6105 4,6446
5,1362 5,1707
408 19:18
4,3961 4,4293
3,9966 4,0303
4,6103 4,6443
5,1366 5,1710
409 19:19
4,3961 4,4293
3,9969 4,0306
4,6103 4,6443
5,1372 5,1710
410 19:20
4,3962 4,4293
3,9976 4,0312
4,6110 4,6449
5,1375 5,1718
411 19:21
4,3945 4,4318
3,9960 4,0334
4,6093 4,6476
5,1357 5,1751
412 19:22
4,3965 4,4297
3,9969 4,0306
4,6104 4,6443
5,1377 5,1721
413 19:23
4,3949 4,4319
3,9944 4,0315
4,6087 4,6466
5,1352 5,1740
414 19:24
4,3949 4,4319
3,9956 4,0326
4,6095 4,6475
5,1352 5,1740
415 19:25
4,3948 4,4320
3,9963 4,0335
4,6095 4,6478
5,1357 5,1747
416 19:26
4,3949 4,4319
3,9959 4,0327
4,6091 4,6475
5,1346 5,1734
417 19:27
4,3949 4,4319
3,9962 4,0333
4,6091 4,6475
5,1346 5,1734
418 19:28
4,3942 4,4320
3,9952 4,0327
4,6084 4,6477
5,1339 5,1736
419 19:29
4,3948 4,4319
3,9966 4,0338
4,6091 4,6475
5,1347 5,1736
420 19:30
4,3948 4,4319
3,9967 4,0339
4,6096 4,6477
5,1347 5,1736
421 19:31
4,3963 4,4296
3,9980 4,0317
4,6107 4,6448
5,1359 5,1701
422 19:32
4,3965 4,4297
3,9984 4,0321
4,6103 4,6443
5,1354 5,1697
423 19:33
4,3967 4,4296
3,9984 4,0314
4,6106 4,6442
5,1357 5,1698
424 19:34
4,3969 4,4299
3,9995 4,0326
4,6108 4,6449
5,1365 5,1706
425 19:35
4,3974 4,4297
4,0002 4,0325
4,6118 4,6448
5,1370 5,1704
426 19:36
4,3976 4,4299
4,0000 4,0325
4,6124 4,6454
5,1366 5,1700
427 19:37
4,3980 4,4303
4,0004 4,0329
4,6134 4,6464
5,1371 5,1705
428 19:38
4,3986 4,4309
4,0002 4,0330
4,6141 4,6471
5,1367 5,1701
429 19:39
4,3977 4,4309
3,9987 4,0323
4,6132 4,6475
5,1348 5,1692
430 19:40
4,3979 4,4310
3,9987 4,0322
4,6133 4,6471
5,1352 5,1696
431 19:41
4,3979 4,4310
3,9995 4,0331
4,6134 4,6477
5,1357 5,1701
432 19:42
4,3980 4,4312
3,9999 4,0335
4,6130 4,6473
5,1366 5,1709
433 19:43
4,3988 4,4314
4,0002 4,0334
4,6141 4,6479
5,1380 5,1716
434 19:44
4,3986 4,4318
4,0001 4,0338
4,6140 4,6479
5,1377 5,1720
435 19:45
4,3983 4,4312
4,0006 4,0340
4,6138 4,6479
5,1375 5,1715
436 19:46
4,3985 4,4317
4,0007 4,0341
4,6139 4,6478
5,1376 5,1720
437 19:47
4,3983 4,4309
4,0012 4,0340
4,6128 4,6461
5,1374 5,1710
438 19:48
4,3993 4,4319
4,0021 4,0353
4,6143 4,6476
5,1386 5,1723
439 19:49
4,3987 4,4310
4,0009 4,0334
4,6137 4,6471
5,1380 5,1714
440 19:50
4,3995 4,4318
4,0021 4,0346
4,6149 4,6479
5,1389 5,1723
441 19:51
4,3988 4,4311
4,0008 4,0331
4,6132 4,6462
5,1380 5,1714
442 19:52
4,3991 4,4314
4,0008 4,0331
4,6140 4,6470
5,1377 5,1711
443 19:53
4,3990 4,4313
4,0006 4,0331
4,6135 4,6465
5,1377 5,1711
444 19:54
4,3990 4,4315
4,0005 4,0335
4,6135 4,6471
5,1383 5,1719
445 19:55
4,3994 4,4317
4,0007 4,0336
4,6139 4,6473
5,1390 5,1724
446 19:56
4,3994 4,4317
4,0006 4,0334
4,6134 4,6468
5,1394 5,1728
447 19:57
4,4004 4,4332
4,0005 4,0338
4,6144 4,6478
5,1399 5,1737
448 19:58
4,3999 4,4331
4,0004 4,0341
4,6139 4,6478
5,1386 5,1730
449 19:59
4,3993 4,4332
3,9992 4,0335
4,6138 4,6484
5,1381 5,1734
450 20:00
4,4000 4,4333
4,0003 4,0337
4,6142 4,6487
5,1384 5,1729
451 20:01
4,3995 4,4327
4,0000 4,0333
4,6134 4,6478
5,1377 5,1720
452 20:02
4,3995 4,4327
3,9998 4,0334
4,6135 4,6474
5,1377 5,1720
453 20:03
4,3993 4,4327
3,9999 4,0337
4,6133 4,6474
5,1379 5,1725
454 20:04
4,3995 4,4327
3,9995 4,0331
4,6135 4,6474
5,1383 5,1726
455 20:05
4,3995 4,4327
3,9998 4,0334
4,6135 4,6474
5,1383 5,1726
456 20:06
4,3995 4,4327
4,0000 4,0337
4,6129 4,6473
5,1381 5,1722
457 20:07
4,3981 4,4342
3,9988 4,0351
4,6116 4,6490
5,1360 5,1738
458 20:08
4,3983 4,4339
3,9994 4,0352
4,6122 4,6487
5,1357 5,1728
459 20:09
4,3995 4,4327
4,0009 4,0344
4,6134 4,6474
5,1371 5,1714
460 20:10
4,3995 4,4327
4,0011 4,0348
4,6129 4,6473
5,1370 5,1714
461 20:11
4,3994 4,4326
4,0014 4,0351
4,6134 4,6473
5,1362 5,1706
462 20:12
4,3994 4,4328
4,0012 4,0349
4,6134 4,6475
5,1360 5,1704
463 20:13
4,3993 4,4326
4,0018 4,0355
4,6129 4,6474
5,1363 5,1708
464 20:14
4,3993 4,4326
4,0022 4,0356
4,6128 4,6468
5,1363 5,1702
465 20:15
4,3993 4,4326
4,0033 4,0367
4,6132 4,6472
5,1369 5,1714
466 20:16
4,3994 4,4326
4,0032 4,0369
4,6129 4,6468
5,1368 5,1712
467 20:17
4,3993 4,4326
4,0029 4,0366
4,6133 4,6473
5,1369 5,1714
468 20:18
4,3994 4,4326
4,0030 4,0366
4,6133 4,6473
5,1368 5,1712
469 20:19
4,3993 4,4326
4,0033 4,0367
4,6133 4,6473
5,1369 5,1714
470 20:20
4,3993 4,4326
4,0033 4,0371
4,6133 4,6473
5,1371 5,1713
471 20:21
4,3994 4,4326
4,0032 4,0365
4,6129 4,6468
5,1368 5,1712
472 20:22
4,3993 4,4326
4,0033 4,0371
4,6128 4,6468
5,1375 5,1714
473 20:23
4,3993 4,4326
4,0029 4,0367
4,6128 4,6468
5,1369 5,1714
474 20:24
4,3993 4,4326
4,0036 4,0373
4,6128 4,6468
5,1374 5,1720
475 20:25
4,3982 4,4339
4,0034 4,0390
4,6118 4,6483
5,1363 5,1736
476 20:26
4,3993 4,4326
4,0055 4,0393
4,6133 4,6473
5,1387 5,1726
477 20:27
4,3993 4,4326
4,0055 4,0389
4,6133 4,6473
5,1387 5,1731
478 20:28
4,3993 4,4326
4,0050 4,0387
4,6131 4,6473
5,1387 5,1732
479 20:29
4,3993 4,4326
4,0055 4,0389
4,6128 4,6468
5,1386 5,1732
480 20:30
4,3994 4,4328
4,0062 4,0400
4,6129 4,6470
5,1383 5,1727
481 20:31
4,3994 4,4328
4,0061 4,0400
4,6129 4,6470
5,1387 5,1727
482 20:32
4,4002 4,4334
4,0065 4,0398
4,6127 4,6471
5,1391 5,1734
483 20:33
4,3999 4,4334
4,0064 4,0400
4,6120 4,6464
5,1375 5,1723
484 20:34
4,4000 4,4331
4,0067 4,0400
4,6120 4,6464
5,1370 5,1711
485 20:35
4,4002 4,4334
4,0069 4,0402
4,6128 4,6467
5,1372 5,1716
486 20:36
4,4001 4,4332
4,0069 4,0404
4,6132 4,6470
5,1385 5,1728
487 20:37
4,4001 4,4335
4,0068 4,0403
4,6126 4,6468
5,1377 5,1719
488 20:38
4,3987 4,4349
4,0056 4,0420
4,6110 4,6482
5,1353 5,1736
489 20:39
4,3983 4,4353
4,0052 4,0423
4,6108 4,6487
5,1345 5,1732
490 20:40
4,3982 4,4351
4,0051 4,0418
4,6102 4,6482
5,1345 5,1730
491 20:41
4,3984 4,4352
4,0053 4,0423
4,6104 4,6481
5,1345 5,1731
492 20:42
4,3983 4,4357
4,0048 4,0423
4,6103 4,6486
5,1344 5,1737
493 20:43
4,3982 4,4354
4,0065 4,0438
4,6107 4,6488
5,1355 5,1746
494 20:44
4,3982 4,4354
4,0062 4,0431
4,6107 4,6488
5,1355 5,1746
495 20:45
4,3983 4,4349
4,0052 4,0419
4,6103 4,6482
5,1349 5,1731
496 20:46
4,3983 4,4352
4,0046 4,0417
4,6107 4,6485
5,1350 5,1738
497 20:47
4,3979 4,4355
4,0041 4,0414
4,6099 4,6484
5,1346 5,1741
498 20:48
4,3982 4,4354
4,0043 4,0416
4,6105 4,6487
5,1355 5,1740
499 20:49
4,3982 4,4353
4,0058 4,0427
4,6112 4,6492
5,1358 5,1745
500 20:50
4,4035 4,4365
4,0113 4,0448
4,6167 4,6504
5,1410 5,1752
501 20:51
4,4035 4,4365
4,0125 4,0457
4,6161 4,6499
5,1404 5,1746
502 20:52
4,4034 4,4365
4,0121 4,0456
4,6162 4,6501
5,1405 5,1748
503 20:53
4,4035 4,4365
4,0126 4,0459
4,6158 4,6495
5,1404 5,1746
504 20:54
4,4035 4,4365
4,0121 4,0453
4,6152 4,6494
5,1404 5,1746
505 20:55
4,4035 4,4365
4,0117 4,0450
4,6158 4,6495
5,1404 5,1746
506 20:56
4,4027 4,4373
4,0110 4,0459
4,6143 4,6497
5,1389 5,1749
507 20:57
4,4028 4,4372
4,0115 4,0459
4,6140 4,6497
5,1390 5,1742
508 20:58
4,4028 4,4372
4,0122 4,0469
4,6145 4,6499
5,1396 5,1754
509 20:59
4,4024 4,4358
4,0114 4,0453
4,6146 4,6487
5,1392 5,1738
510 21:00
4,4029 4,4363
4,0119 4,0454
4,6150 4,6492
5,1396 5,1742
511 21:01
4,4029 4,4363
4,0120 4,0458
4,6150 4,6492
5,1391 5,1737
512 21:02
4,4018 4,4353
4,0114 4,0453
4,6140 4,6482
5,1374 5,1721
513 21:03
4,3977 4,4320
4,0080 4,0423
4,6097 4,6447
5,1327 5,1682
514 21:04
4,3981 4,4319
4,0084 4,0422
4,6108 4,6453
5,1330 5,1681
515 21:05
4,3979 4,4314
4,0079 4,0419
4,6104 4,6446
5,1329 5,1676
516 21:06
4,3977 4,4318
4,0082 4,0426
4,6102 4,6450
5,1327 5,1676
517 21:07
4,3977 4,4312
4,0084 4,0423
4,6098 4,6445
5,1320 5,1668
518 21:08
4,3975 4,4309
4,0077 4,0416
4,6084 4,6426
5,1322 5,1668
519 21:09
4,3974 4,4309
4,0077 4,0414
4,6079 4,6421
5,1316 5,1664
520 21:10
4,3974 4,4309
4,0069 4,0406
4,6075 4,6418
5,1317 5,1666
521 21:11
4,3974 4,4309
4,0067 4,0407
4,6070 4,6416
5,1316 5,1664
522 21:12
4,3977 4,4309
4,0073 4,0409
4,6072 4,6417
5,1320 5,1663
523 21:13
4,3975 4,4309
4,0073 4,0412
4,6074 4,6420
5,1322 5,1662
524 21:14
4,3978 4,4310
4,0081 4,0417
4,6077 4,6421
5,1326 5,1670
525 21:15
4,3979 4,4310
4,0082 4,0417
4,6085 4,6424
5,1333 5,1675
526 21:16
4,3977 4,4311
4,0084 4,0422
4,6081 4,6427
5,1331 5,1677
527 21:17
4,3977 4,4311
4,0079 4,0418
4,6087 4,6428
5,1331 5,1677
528 21:18
4,3972 4,4305
4,0083 4,0420
4,6083 4,6428
5,1327 5,1666
529 21:19
4,3970 4,4304
4,0080 4,0415
4,6085 4,6426
5,1316 5,1662
530 21:20
4,3968 4,4303
4,0074 4,0412
4,6083 4,6426
5,1315 5,1663
531 21:21
4,3968 4,4303
4,0080 4,0418
4,6083 4,6430
5,1315 5,1663
532 21:22
4,3992 4,4325
4,0102 4,0440
4,6109 4,6454
5,1344 5,1689
533 21:23
4,3990 4,4325
4,0096 4,0436
4,6107 4,6454
5,1336 5,1683
534 21:24
4,3990 4,4325
4,0100 4,0436
4,6111 4,6454
5,1336 5,1683
535 21:25
4,3977 4,4336
4,0088 4,0450
4,6097 4,6469
5,1330 5,1708
536 21:26
4,3973 4,4341
4,0087 4,0453
4,6097 4,6474
5,1326 5,1712
537 21:27
4,3973 4,4340
4,0091 4,0456
4,6102 4,6479
5,1326 5,1713
538 21:28
4,3973 4,4340
4,0087 4,0456
4,6097 4,6473
5,1322 5,1707
539 21:29
4,3972 4,4342
4,0086 4,0457
4,6101 4,6476
5,1321 5,1702
540 21:30
4,3992 4,4327
4,0105 4,0445
4,6118 4,6464
5,1345 5,1689
541 21:31
4,4007 4,4341
4,0121 4,0456
4,6133 4,6474
5,1360 5,1706
542 21:32
4,4006 4,4341
4,0122 4,0462
4,6132 4,6475
5,1355 5,1702
543 21:33
4,4003 4,4338
4,0119 4,0459
4,6125 4,6472
5,1351 5,1698
544 21:34
4,3986 4,4350
4,0105 4,0470
4,6110 4,6488
5,1323 5,1704
545 21:35
4,3977 4,4356
4,0092 4,0472
4,6106 4,6500
5,1321 5,1720
546 21:36
4,3979 4,4356
4,0097 4,0474
4,6109 4,6495
5,1316 5,1712
547 21:37
4,4025 4,4359
4,0134 4,0473
4,6162 4,6503
5,1369 5,1710
548 21:38
4,4025 4,4357
4,0137 4,0474
4,6162 4,6501
5,1370 5,1713
549 21:39
4,4017 4,4351
4,0134 4,0469
4,6154 4,6499
5,1359 5,1705
550 21:40
4,4018 4,4353
4,0132 4,0471
4,6159 4,6502
5,1368 5,1714
551 21:41
4,4018 4,4353
4,0137 4,0473
4,6155 4,6498
5,1363 5,1710
552 21:42
4,4024 4,4358
4,0140 4,0475
4,6155 4,6501
5,1368 5,1714
553 21:43
4,4029 4,4362
4,0139 4,0477
4,6166 4,6506
5,1375 5,1720
554 21:44
4,4029 4,4364
4,0143 4,0479
4,6171 4,6513
5,1376 5,1723
555 21:45
4,4044 4,4378
4,0159 4,0495
4,6190 4,6533
5,1385 5,1731
556 21:46
4,4036 4,4372
4,0151 4,0492
4,6178 4,6523
5,1370 5,1719
557 21:47
4,4044 4,4379
4,0156 4,0495
4,6188 4,6535
5,1381 5,1728
558 21:48
4,4044 4,4380
4,0158 4,0495
4,6185 4,6529
5,1373 5,1721
559 21:49
4,4044 4,4380
4,0158 4,0495
4,6185 4,6529
5,1373 5,1721
560 21:50
4,4042 4,4378
4,0158 4,0494
4,6183 4,6527
5,1370 5,1718
561 21:51
4,4043 4,4377
4,0154 4,0494
4,6179 4,6521
5,1370 5,1711
562 21:52
4,4045 4,4380
4,0157 4,0492
4,6183 4,6525
5,1376 5,1723
563 21:53
4,4063 4,4386
4,0168 4,0494
4,6197 4,6527
5,1393 5,1727
564 21:54
4,4069 4,4404
4,0175 4,0514
4,6201 4,6546
5,1398 5,1745
565 21:55
4,4067 4,4403
4,0179 4,0517
4,6201 4,6544
5,1400 5,1743
566 21:56
4,4068 4,4405
4,0182 4,0520
4,6207 4,6551
5,1403 5,1752
567 21:57
4,4067 4,4402
4,0175 4,0513
4,6196 4,6538
5,1402 5,1749
568 21:58
4,4069 4,4405
4,0175 4,0515
4,6198 4,6541
5,1396 5,1744
569 21:59
4,4064 4,4397
4,0175 4,0513
4,6190 4,6531
5,1399 5,1738
570 22:00
4,4072 4,4409
4,0185 4,0526
4,6201 4,6550
5,1406 5,1751
571 22:01
4,4067 4,4401
4,0175 4,0514
4,6191 4,6532
5,1400 5,1747
572 22:02
4,4065 4,4401
4,0174 4,0511
4,6188 4,6534
5,1398 5,1747
573 22:03
4,4065 4,4401
4,0174 4,0511
4,6189 4,6532
5,1398 5,1747
574 22:04
4,4069 4,4404
4,0175 4,0514
4,6194 4,6537
5,1411 5,1758
575 22:05
4,4065 4,4405
4,0170 4,0511
4,6188 4,6536
5,1404 5,1757
576 22:06
4,4063 4,4401
4,0168 4,0507
4,6187 4,6532
5,1407 5,1755
577 22:07
4,4062 4,4401
4,0169 4,0509
4,6191 4,6537
5,1407 5,1759
578 22:08
4,4062 4,4401
4,0169 4,0513
4,6191 4,6537
5,1407 5,1759
579 22:09
4,4062 4,4401
4,0169 4,0509
4,6187 4,6538
5,1407 5,1759
580 22:10
4,4062 4,4401
4,0169 4,0511
4,6187 4,6538
5,1407 5,1759
581 22:11
4,4063 4,4403
4,0166 4,0510
4,6186 4,6538
5,1408 5,1761
582 22:12
4,4062 4,4401
4,0165 4,0508
4,6186 4,6532
5,1401 5,1753
583 22:13
4,4060 4,4402
4,0163 4,0509
4,6184 4,6533
5,1403 5,1759
584 22:14
4,4059 4,4400
4,0162 4,0507
4,6183 4,6531
5,1398 5,1753
585 22:15
4,4060 4,4402
4,0167 4,0509
4,6184 4,6533
5,1403 5,1759
586 22:16
4,4060 4,4402
4,0163 4,0509
4,6184 4,6533
5,1409 5,1765
587 22:17
4,4060 4,4402
4,0165 4,0508
4,6184 4,6533
5,1409 5,1765
588 22:18
4,4060 4,4402
4,0163 4,0509
4,6184 4,6533
5,1403 5,1759
589 22:19
4,4058 4,4402
4,0161 4,0508
4,6182 4,6533
5,1401 5,1759
590 22:20
4,4058 4,4402
4,0161 4,0509
4,6182 4,6533
5,1407 5,1765
591 22:21
4,4057 4,4403
4,0157 4,0503
4,6175 4,6529
5,1402 5,1766
592 22:22
Connection error x5
