#======================
2023-6-29
# 1.EUR, 2.USD, 3.CHF, 4.GBP
Sell Price, Buy Price
1 07:55
4,4619 4,4947
4,0983 4,1313
4,5618 4,5953
5,1754 5,2088
2 07:56
4,4615 4,4943
4,0972 4,1298
4,5609 4,5943
5,1744 5,2078
3 07:57
4,4615 4,4943
4,0968 4,1294
4,5609 4,5943
5,1745 5,2084
4 07:58
4,4613 4,4945
4,0962 4,1291
4,5602 4,5940
5,1743 5,2082
5 07:59
4,4613 4,4945
4,0955 4,1285
4,5598 4,5937
5,1737 5,2080
6 08:00
4,4605 4,4947
4,0941 4,1283
4,5585 4,5938
5,1726 5,2082
7 08:01
4,4613 4,4936
4,0956 4,1279
4,5598 4,5928
5,1729 5,2063
8 08:02
4,4603 4,4926
4,0943 4,1266
4,5588 4,5918
5,1719 5,2053
9 08:03
4,4602 4,4925
4,0940 4,1263
4,5584 4,5914
5,1717 5,2051
10 08:04
4,4595 4,4918
4,0930 4,1253
4,5577 4,5907
5,1713 5,2047
11 08:05
4,4593 4,4916
4,0928 4,1251
4,5575 4,5905
5,1710 5,2044
12 08:06
4,4593 4,4916
4,0928 4,1251
4,5573 4,5903
5,1716 5,2050
13 08:07
4,4593 4,4916
4,0924 4,1247
4,5569 4,5899
5,1719 5,2053
14 08:08
4,4599 4,4922
4,0926 4,1249
4,5570 4,5900
5,1723 5,2057
15 08:09
4,4593 4,4916
4,0924 4,1247
4,5568 4,5898
5,1719 5,2053
16 08:10
4,4594 4,4917
4,0926 4,1249
4,5569 4,5899
5,1718 5,2052
17 08:11
4,4596 4,4919
4,0929 4,1252
4,5573 4,5903
5,1717 5,2051
18 08:12
4,4602 4,4925
4,0931 4,1254
4,5573 4,5903
5,1727 5,2061
19 08:13
4,4597 4,4920
4,0928 4,1251
4,5567 4,5897
5,1727 5,2061
20 08:14
4,4606 4,4929
4,0933 4,1256
4,5570 4,5900
5,1734 5,2068
21 08:15
4,4610 4,4933
4,0938 4,1261
4,5576 4,5906
5,1742 5,2076
22 08:16
4,4611 4,4934
4,0945 4,1268
4,5579 4,5909
5,1746 5,2080
23 08:17
4,4614 4,4937
4,0949 4,1272
4,5579 4,5909
5,1747 5,2081
24 08:18
Definite connection error#======================
2023-6-29
# 1.EUR, 2.USD, 3.CHF, 4.GBP
Sell Price, Buy Price
1 08:23
4,4614 4,4937
4,0949 4,1272
4,5574 4,5904
5,1747 5,2081
2 08:24
4,4608 4,4931
4,0949 4,1272
4,5567 4,5897
5,1740 5,2074
3 08:25
4,4608 4,4931
4,0949 4,1272
4,5567 4,5897
5,1740 5,2074
4 08:26
4,4608 4,4931
4,0951 4,1274
4,5574 4,5904
5,1740 5,2074
5 08:27
4,4621 4,4944
4,0965 4,1288
4,5590 4,5920
5,1746 5,2080
6 08:28
4,4621 4,4944
4,0969 4,1292
4,5592 4,5922
5,1743 5,2077
7 08:29
4,4620 4,4943
4,0964 4,1287
4,5591 4,5921
5,1740 5,2074
8 08:30
4,4617 4,4940
4,0960 4,1283
4,5588 4,5918
5,1738 5,2072
9 08:31
4,4618 4,4941
4,0961 4,1284
4,5587 4,5917
5,1742 5,2076
10 08:32
4,4616 4,4939
4,0964 4,1287
4,5584 4,5914
5,1736 5,2070
11 08:33
4,4615 4,4938
4,0958 4,1281
4,5583 4,5913
5,1736 5,2070
12 08:34
4,4618 4,4941
4,0963 4,1286
4,5587 4,5917
5,1736 5,2070
13 08:35
4,4616 4,4939
4,0959 4,1282
4,5577 4,5907
5,1725 5,2059
14 08:36
4,4615 4,4938
4,0956 4,1279
4,5571 4,5901
5,1714 5,2048
15 08:37
4,4615 4,4938
4,0958 4,1281
4,5570 4,5900
5,1717 5,2051
16 08:38
4,4615 4,4938
4,0941 4,1264
4,5569 4,5899
5,1724 5,2058
17 08:39
4,4616 4,4939
4,0944 4,1267
4,5577 4,5907
5,1722 5,2056
18 08:40
4,4618 4,4941
4,0946 4,1269
4,5575 4,5905
5,1733 5,2067
19 08:41
4,4615 4,4938
4,0945 4,1268
4,5579 4,5909
5,1738 5,2072
20 08:42
4,4614 4,4937
4,0944 4,1267
4,5575 4,5905
5,1734 5,2068
21 08:43
4,4614 4,4937
4,0946 4,1269
4,5578 4,5908
5,1741 5,2075
22 08:44
4,4613 4,4936
4,0947 4,1270
4,5579 4,5909
5,1733 5,2067
23 08:45
4,4613 4,4936
4,0945 4,1268
4,5574 4,5904
5,1727 5,2061
24 08:46
4,4612 4,4935
4,0943 4,1266
4,5564 4,5894
5,1729 5,2063
25 08:47
4,4612 4,4935
4,0938 4,1261
4,5564 4,5894
5,1737 5,2071
26 08:48
4,4610 4,4933
4,0926 4,1249
4,5566 4,5896
5,1729 5,2063
27 08:49
4,4611 4,4934
4,0933 4,1256
4,5567 4,5897
5,1739 5,2073
28 08:50
4,4610 4,4933
4,0930 4,1253
4,5566 4,5896
5,1740 5,2074
29 08:51
4,4610 4,4933
4,0931 4,1254
4,5565 4,5895
5,1742 5,2076
30 08:52
4,4610 4,4933
4,0934 4,1257
4,5564 4,5894
5,1732 5,2066
31 08:53
4,4609 4,4932
4,0935 4,1258
4,5565 4,5895
5,1731 5,2065
32 08:54
4,4609 4,4932
4,0935 4,1258
4,5562 4,5892
5,1736 5,2070
33 08:55
4,4609 4,4932
4,0937 4,1260
4,5563 4,5893
5,1740 5,2074
34 08:56
4,4609 4,4932
4,0933 4,1256
4,5560 4,5890
5,1740 5,2074
35 08:57
4,4609 4,4932
4,0939 4,1262
4,5561 4,5891
5,1746 5,2080
36 08:58
4,4609 4,4932
4,0937 4,1260
4,5560 4,5890
5,1749 5,2083
37 08:59
4,4609 4,4932
4,0935 4,1258
4,5558 4,5888
5,1752 5,2086
38 09:00
4,4609 4,4932
4,0935 4,1258
4,5543 4,5873
5,1744 5,2078
39 09:01
4,4609 4,4932
4,0893 4,1216
4,5530 4,5860
5,1716 5,2050
40 09:02
4,4609 4,4932
4,0899 4,1222
4,5528 4,5858
5,1718 5,2052
41 09:03
4,4609 4,4932
4,0905 4,1228
4,5533 4,5863
5,1710 5,2044
42 09:04
4,4609 4,4932
4,0899 4,1222
4,5530 4,5860
5,1707 5,2041
43 09:05
4,4609 4,4932
4,0888 4,1211
4,5521 4,5851
5,1710 5,2044
44 09:06
4,4609 4,4932
4,0895 4,1218
4,5519 4,5849
5,1710 5,2044
45 09:07
4,4609 4,4932
4,0901 4,1224
4,5519 4,5849
5,1713 5,2047
46 09:08
4,4565 4,4888
4,0849 4,1172
4,5471 4,5801
5,1667 5,2001
47 09:09
4,4566 4,4889
4,0862 4,1185
4,5475 4,5805
5,1673 5,2007
48 09:10
4,4566 4,4889
4,0853 4,1176
4,5473 4,5803
5,1670 5,2004
49 09:11
4,4510 4,4833
4,0797 4,1120
4,5410 4,5740
5,1595 5,1929
50 09:12
4,4497 4,4820
4,0791 4,1114
4,5402 4,5732
5,1587 5,1921
51 09:13
4,4493 4,4816
4,0784 4,1107
4,5392 4,5722
5,1577 5,1911
52 09:14
4,4492 4,4815
4,0772 4,1095
4,5386 4,5716
5,1572 5,1906
53 09:15
4,4491 4,4814
4,0778 4,1101
4,5391 4,5721
5,1578 5,1912
54 09:16
4,4469 4,4792
4,0758 4,1081
4,5367 4,5697
5,1545 5,1880
55 09:17
4,4468 4,4791
4,0746 4,1069
4,5361 4,5691
5,1539 5,1874
56 09:18
4,4465 4,4788
4,0736 4,1059
4,5355 4,5684
5,1536 5,1871
57 09:19
4,4462 4,4785
4,0720 4,1043
4,5355 4,5682
5,1513 5,1848
58 09:20
4,4449 4,4772
4,0708 4,1031
4,5355 4,5665
5,1497 5,1832
59 09:21
4,4437 4,4761
4,0704 4,1027
4,5355 4,5659
5,1493 5,1826
60 09:22
4,4449 4,4773
4,0712 4,1035
4,5355 4,5663
5,1506 5,1839
61 09:23
4,4442 4,4766
4,0706 4,1029
4,5355 4,5652
5,1492 5,1825
62 09:24
4,4443 4,4767
4,0703 4,1026
4,5355 4,5648
5,1492 5,1825
63 09:25
4,4441 4,4765
4,0699 4,1022
4,5355 4,5644
5,1490 5,1823
64 09:26
4,4441 4,4764
4,0701 4,1024
4,5355 4,5643
5,1486 5,1819
65 09:27
4,4440 4,4763
4,0700 4,1023
4,5355 4,5644
5,1483 5,1816
66 09:28
4,4440 4,4763
4,0705 4,1028
4,5355 4,5651
5,1493 5,1826
67 09:29
4,4426 4,4749
4,0693 4,1016
4,5355 4,5638
5,1472 5,1805
68 09:30
4,4426 4,4749
4,0694 4,1017
4,5355 4,5646
5,1477 5,1810
69 09:31
4,4420 4,4743
4,0687 4,1010
4,5355 4,5649
5,1468 5,1802
70 09:32
4,4414 4,4737
4,0692 4,1015
4,5355 4,5641
5,1467 5,1801
71 09:33
4,4414 4,4737
4,0693 4,1016
4,5355 4,5641
5,1470 5,1804
72 09:34
4,4414 4,4737
4,0687 4,1010
4,5355 4,5634
5,1463 5,1797
73 09:35
4,4404 4,4727
4,0682 4,1005
4,5355 4,5640
5,1456 5,1790
74 09:36
4,4403 4,4727
4,0676 4,0999
4,5355 4,5640
5,1448 5,1782
75 09:37
4,4404 4,4728
4,0673 4,0996
4,5355 4,5641
5,1446 5,1780
76 09:38
4,4400 4,4724
4,0666 4,0989
4,5355 4,5627
5,1433 5,1767
77 09:39
4,4416 4,4740
4,0680 4,1003
4,5355 4,5644
5,1448 5,1782
78 09:40
4,4414 4,4738
4,0680 4,1003
4,5355 4,5644
5,1453 5,1787
79 09:41
4,4418 4,4741
4,0687 4,1010
4,5355 4,5648
5,1460 5,1793
80 09:42
4,4416 4,4739
4,0689 4,1012
4,5355 4,5641
5,1451 5,1784
81 09:43
4,4407 4,4730
4,0683 4,1006
4,5355 4,5636
5,1447 5,1780
82 09:44
4,4399 4,4722
4,0670 4,0993
4,5355 4,5640
5,1437 5,1770
83 09:45
4,4384 4,4707
4,0653 4,0976
4,5355 4,5623
5,1415 5,1748
84 09:46
4,4381 4,4704
4,0649 4,0972
4,5355 4,5618
5,1407 5,1741
85 09:47
4,4381 4,4704
4,0645 4,0968
4,5355 4,5616
5,1413 5,1747
86 09:48
4,4368 4,4691
4,0637 4,0960
4,5355 4,5603
5,1406 5,1740
87 09:49
4,4365 4,4688
4,0637 4,0960
4,5355 4,5603
5,1407 5,1741
88 09:50
4,4378 4,4701
4,0648 4,0971
4,5355 4,5616
5,1416 5,1750
89 09:51
4,4378 4,4701
4,0651 4,0973
4,5355 4,5606
5,1418 5,1752
90 09:52
4,4380 4,4703
4,0657 4,0979
4,5355 4,5609
5,1421 5,1755
91 09:53
4,4378 4,4701
4,0655 4,0977
4,5355 4,5608
5,1422 5,1756
92 09:54
4,4373 4,4696
4,0653 4,0975
4,5355 4,5604
5,1414 5,1748
93 09:55
4,4379 4,4702
4,0654 4,0976
4,5355 4,5619
5,1426 5,1760
94 09:56
4,4380 4,4703
4,0654 4,0976
4,5355 4,5625
5,1437 5,1770
95 09:57
4,4368 4,4691
4,0640 4,0962
4,5355 4,5617
5,1438 5,1771
96 09:58
4,4363 4,4686
4,0634 4,0956
4,5355 4,5613
5,1425 5,1758
97 09:59
4,4364 4,4687
4,0633 4,0955
4,5355 4,5606
5,1426 5,1759
98 10:00
4,4364 4,4687
4,0637 4,0959
4,5355 4,5607
5,1428 5,1761
99 10:01
4,4353 4,4676
4,0627 4,0949
4,5355 4,5588
5,1409 5,1742
100 10:02
4,4351 4,4674
4,0616 4,0938
4,5355 4,5586
5,1398 5,1731
101 10:03
4,4338 4,4661
4,0610 4,0932
4,5355 4,5574
5,1391 5,1724
102 10:04
4,4343 4,4666
4,0614 4,0936
4,5355 4,5578
5,1397 5,1730
103 10:05
4,4348 4,4671
4,0613 4,0935
4,5355 4,5582
5,1404 5,1737
104 10:06
4,4354 4,4677
4,0612 4,0934
4,5355 4,5584
5,1399 5,1733
105 10:07
4,4343 4,4666
4,0604 4,0926
4,5355 4,5575
5,1393 5,1727
106 10:08
4,4377 4,4700
4,0635 4,0957
4,5355 4,5607
5,1431 5,1765
107 10:09
4,4387 4,4710
4,0642 4,0964
4,5355 4,5615
5,1450 5,1784
108 10:10
4,4395 4,4718
4,0652 4,0974
4,5355 4,5633
5,1438 5,1772
109 10:11
4,4396 4,4720
4,0655 4,0977
4,5355 4,5632
5,1447 5,1780
110 10:12
4,4387 4,4711
4,0652 4,0974
4,5355 4,5627
5,1436 5,1769
111 10:13
4,4383 4,4707
4,0653 4,0975
4,5355 4,5624
5,1450 5,1783
112 10:14
4,4388 4,4712
4,0651 4,0973
4,5355 4,5626
5,1467 5,1800
113 10:15
4,4382 4,4706
4,0653 4,0975
4,5355 4,5620
5,1460 5,1793
114 10:16
4,4382 4,4705
4,0652 4,0975
4,5355 4,5625
5,1460 5,1794
115 10:17
4,4384 4,4707
4,0662 4,0985
4,5355 4,5638
5,1471 5,1805
116 10:18
4,4377 4,4700
4,0648 4,0971
4,5355 4,5633
5,1462 5,1796
117 10:19
4,4375 4,4698
4,0648 4,0971
4,5355 4,5629
5,1457 5,1791
118 10:20
4,4372 4,4695
4,0643 4,0966
4,5355 4,5625
5,1459 5,1793
119 10:21
4,4372 4,4695
4,0645 4,0968
4,5355 4,5622
5,1454 5,1788
120 10:22
4,4373 4,4696
4,0644 4,0967
4,5355 4,5625
5,1451 5,1785
121 10:23
4,4377 4,4700
4,0655 4,0978
4,5355 4,5626
5,1449 5,1783
122 10:24
4,4379 4,4702
4,0653 4,0976
4,5355 4,5633
5,1447 5,1781
123 10:25
4,4373 4,4696
4,0652 4,0975
4,5355 4,5636
5,1443 5,1777
124 10:26
4,4372 4,4695
4,0652 4,0975
4,5355 4,5640
5,1445 5,1779
125 10:27
4,4368 4,4691
4,0656 4,0979
4,5355 4,5645
5,1446 5,1780
126 10:28
4,4368 4,4691
4,0656 4,0979
4,5355 4,5645
5,1449 5,1783
127 10:29
4,4368 4,4691
4,0654 4,0977
4,5355 4,5651
5,1454 5,1788
128 10:30
4,4361 4,4684
4,0646 4,0969
4,5313 4,5643
5,1443 5,1777
129 10:31
4,4363 4,4686
4,0654 4,0977
4,5305 4,5635
5,1428 5,1762
130 10:32
4,4359 4,4682
4,0648 4,0971
4,5303 4,5633
5,1400 5,1734
131 10:33
4,4361 4,4684
4,0650 4,0973
4,5306 4,5636
5,1408 5,1742
132 10:34
4,4360 4,4683
4,0647 4,0970
4,5307 4,5637
5,1416 5,1750
133 10:35
4,4360 4,4683
4,0645 4,0968
4,5310 4,5640
5,1416 5,1750
134 10:36
4,4359 4,4682
4,0637 4,0960
4,5308 4,5638
5,1408 5,1742
135 10:37
4,4360 4,4683
4,0632 4,0955
4,5310 4,5640
5,1405 5,1739
136 10:38
4,4367 4,4690
4,0637 4,0960
4,5312 4,5642
5,1422 5,1756
137 10:39
4,4367 4,4690
4,0639 4,0962
4,5307 4,5637
5,1420 5,1754
138 10:40
4,4369 4,4692
4,0639 4,0962
4,5309 4,5639
5,1427 5,1761
139 10:41
4,4363 4,4686
4,0631 4,0954
4,5300 4,5630
5,1425 5,1759
140 10:42
4,4391 4,4714
4,0650 4,0973
4,5325 4,5655
5,1456 5,1790
141 10:43
4,4390 4,4713
4,0650 4,0973
4,5312 4,5642
5,1447 5,1781
142 10:44
4,4390 4,4713
4,0649 4,0972
4,5310 4,5640
5,1448 5,1782
143 10:45
4,4389 4,4712
4,0649 4,0972
4,5311 4,5641
5,1438 5,1772
144 10:46
4,4390 4,4713
4,0660 4,0983
4,5317 4,5647
5,1461 5,1795
145 10:47
4,4391 4,4714
4,0666 4,0989
4,5327 4,5657
5,1470 5,1804
146 10:48
4,4391 4,4714
4,0672 4,0995
4,5322 4,5652
5,1464 5,1798
147 10:49
4,4383 4,4706
4,0655 4,0978
4,5317 4,5647
5,1463 5,1797
148 10:50
4,4385 4,4708
4,0659 4,0982
4,5320 4,5650
5,1460 5,1794
149 10:51
4,4385 4,4708
4,0659 4,0982
4,5321 4,5651
5,1457 5,1791
150 10:52
4,4379 4,4702
4,0655 4,0978
4,5317 4,5647
5,1450 5,1784
151 10:53
4,4379 4,4702
4,0659 4,0982
4,5320 4,5650
5,1454 5,1788
152 10:54
4,4382 4,4705
4,0660 4,0983
4,5323 4,5653
5,1448 5,1782
153 10:55
4,4383 4,4706
4,0663 4,0986
4,5325 4,5655
5,1451 5,1785
154 10:56
4,4385 4,4709
4,0661 4,0983
4,5326 4,5655
5,1452 5,1786
155 10:57
4,4385 4,4709
4,0659 4,0981
4,5324 4,5653
5,1461 5,1795
156 10:58
4,4384 4,4708
4,0660 4,0982
4,5330 4,5659
5,1464 5,1798
157 10:59
4,4386 4,4710
4,0660 4,0982
4,5333 4,5662
5,1465 5,1799
158 11:00
4,4377 4,4701
4,0656 4,0978
4,5328 4,5657
5,1449 5,1783
159 11:01
4,4379 4,4703
4,0660 4,0982
4,5325 4,5654
5,1454 5,1788
160 11:02
4,4381 4,4705
4,0665 4,0987
4,5324 4,5653
5,1452 5,1786
161 11:03
4,4385 4,4709
4,0671 4,0993
4,5329 4,5658
5,1455 5,1789
162 11:04
4,4379 4,4703
4,0662 4,0984
4,5316 4,5645
5,1445 5,1779
163 11:05
4,4375 4,4699
4,0662 4,0984
4,5311 4,5640
5,1440 5,1774
164 11:06
4,4371 4,4695
4,0658 4,0980
4,5312 4,5641
5,1438 5,1772
165 11:07
4,4368 4,4692
4,0652 4,0974
4,5309 4,5638
5,1436 5,1770
166 11:08
4,4358 4,4682
4,0648 4,0970
4,5299 4,5628
5,1426 5,1760
167 11:09
4,4354 4,4678
4,0643 4,0965
4,5289 4,5618
5,1423 5,1757
168 11:10
4,4359 4,4683
4,0642 4,0964
4,5291 4,5620
5,1434 5,1768
169 11:11
4,4357 4,4681
4,0640 4,0962
4,5289 4,5618
5,1429 5,1763
170 11:12
4,4354 4,4678
4,0637 4,0959
4,5286 4,5615
5,1428 5,1762
171 11:13
4,4359 4,4683
4,0638 4,0960
4,5291 4,5620
5,1434 5,1768
172 11:14
4,4364 4,4688
4,0637 4,0959
4,5287 4,5616
5,1431 5,1765
173 11:15
4,4367 4,4691
4,0645 4,0967
4,5290 4,5619
5,1430 5,1764
174 11:16
4,4367 4,4690
4,0646 4,0969
4,5282 4,5612
5,1428 5,1761
175 11:17
4,4355 4,4678
4,0635 4,0958
4,5276 4,5606
5,1411 5,1744
176 11:18
4,4357 4,4680
4,0630 4,0953
4,5279 4,5609
5,1409 5,1742
177 11:19
4,4355 4,4678
4,0626 4,0949
4,5274 4,5604
5,1407 5,1740
178 11:20
4,4352 4,4675
4,0625 4,0948
4,5269 4,5599
5,1396 5,1729
179 11:21
4,4351 4,4674
4,0622 4,0945
4,5267 4,5597
5,1391 5,1724
180 11:22
4,4350 4,4673
4,0623 4,0946
4,5266 4,5596
5,1393 5,1726
181 11:23
4,4348 4,4671
4,0633 4,0956
4,5265 4,5595
5,1406 5,1739
182 11:24
4,4338 4,4661
4,0619 4,0942
4,5259 4,5589
5,1391 5,1724
183 11:25
4,4348 4,4671
4,0625 4,0948
4,5267 4,5597
5,1385 5,1718
184 11:26
4,4350 4,4673
4,0633 4,0956
4,5271 4,5601
5,1385 5,1718
185 11:27
4,4348 4,4671
4,0628 4,0951
4,5260 4,5590
5,1385 5,1718
186 11:28
4,4348 4,4671
4,0627 4,0950
4,5260 4,5590
5,1397 5,1730
187 11:29
4,4353 4,4676
4,0634 4,0957
4,5266 4,5596
5,1395 5,1728
188 11:30
4,4356 4,4679
4,0632 4,0955
4,5268 4,5598
5,1394 5,1727
189 11:31
4,4358 4,4681
4,0642 4,0965
4,5273 4,5603
5,1401 5,1734
190 11:32
4,4359 4,4682
4,0638 4,0961
4,5275 4,5605
5,1402 5,1735
191 11:33
4,4358 4,4681
4,0636 4,0959
4,5273 4,5603
5,1403 5,1736
192 11:34
4,4359 4,4682
4,0630 4,0953
4,5274 4,5604
5,1404 5,1737
193 11:35
4,4359 4,4682
4,0630 4,0953
4,5285 4,5615
5,1402 5,1735
194 11:36
4,4364 4,4687
4,0640 4,0963
4,5297 4,5627
5,1410 5,1743
195 11:37
4,4362 4,4685
4,0638 4,0961
4,5295 4,5625
5,1404 5,1737
196 11:38
4,4381 4,4704
4,0652 4,0975
4,5317 4,5647
5,1430 5,1763
197 11:39
4,4380 4,4703
4,0651 4,0974
4,5316 4,5646
5,1427 5,1760
198 11:40
4,4385 4,4708
4,0657 4,0980
4,5323 4,5653
5,1431 5,1764
199 11:41
4,4378 4,4701
4,0652 4,0975
4,5316 4,5646
5,1416 5,1751
200 11:42
4,4380 4,4703
4,0654 4,0977
4,5325 4,5655
5,1419 5,1754
201 11:43
4,4372 4,4695
4,0647 4,0970
4,5321 4,5651
5,1406 5,1741
202 11:44
4,4376 4,4699
4,0651 4,0974
4,5326 4,5656
5,1417 5,1752
203 11:45
4,4370 4,4693
4,0643 4,0966
4,5315 4,5645
5,1421 5,1756
204 11:46
4,4376 4,4699
4,0648 4,0971
4,5314 4,5644
5,1431 5,1765
205 11:47
4,4376 4,4699
4,0647 4,0970
4,5311 4,5641
5,1429 5,1763
206 11:48
4,4409 4,4732
4,0675 4,0998
4,5346 4,5676
5,1476 5,1810
207 11:49
4,4409 4,4732
4,0677 4,1000
4,5348 4,5678
5,1474 5,1808
208 11:50
4,4409 4,4732
4,0683 4,1006
4,5348 4,5678
5,1474 5,1808
209 11:51
4,4409 4,4732
4,0683 4,1006
4,5359 4,5689
5,1477 5,1811
210 11:52
4,4409 4,4732
4,0681 4,1004
4,5364 4,5694
5,1474 5,1808
211 11:53
4,4409 4,4732
4,0677 4,1000
4,5366 4,5696
5,1474 5,1808
212 11:54
4,4409 4,4732
4,0677 4,1000
4,5368 4,5698
5,1480 5,1814
213 11:55
4,4378 4,4701
4,0648 4,0971
4,5337 4,5667
5,1443 5,1777
214 11:56
4,4374 4,4697
4,0638 4,0961
4,5333 4,5663
5,1437 5,1771
215 11:57
4,4375 4,4698
4,0641 4,0964
4,5332 4,5662
5,1432 5,1766
216 11:58
4,4375 4,4698
4,0639 4,0962
4,5330 4,5660
5,1436 5,1770
217 11:59
4,4377 4,4700
4,0647 4,0970
4,5331 4,5661
5,1439 5,1773
218 12:00
4,4370 4,4693
4,0639 4,0962
4,5324 4,5654
5,1431 5,1765
219 12:01
4,4371 4,4694
4,0637 4,0960
4,5323 4,5653
5,1433 5,1766
220 12:02
4,4372 4,4695
4,0636 4,0959
4,5322 4,5652
5,1431 5,1764
221 12:03
4,4368 4,4691
4,0630 4,0953
4,5313 4,5643
5,1426 5,1759
222 12:04
4,4368 4,4691
4,0629 4,0952
4,5313 4,5643
5,1413 5,1746
223 12:05
4,4366 4,4689
4,0625 4,0948
4,5311 4,5641
5,1404 5,1737
224 12:06
4,4368 4,4691
4,0630 4,0953
4,5318 4,5647
5,1406 5,1739
225 12:07
4,4368 4,4691
4,0632 4,0955
4,5319 4,5648
5,1405 5,1738
226 12:08
4,4368 4,4691
4,0635 4,0958
4,5319 4,5648
5,1402 5,1735
227 12:09
4,4364 4,4687
4,0629 4,0952
4,5314 4,5643
5,1396 5,1729
228 12:10
4,4365 4,4688
4,0629 4,0952
4,5314 4,5643
5,1396 5,1729
229 12:11
4,4365 4,4688
4,0630 4,0953
4,5315 4,5645
5,1395 5,1729
230 12:12
4,4355 4,4678
4,0620 4,0943
4,5304 4,5634
5,1382 5,1716
231 12:13
4,4349 4,4672
4,0614 4,0937
4,5298 4,5628
5,1376 5,1710
232 12:14
4,4345 4,4668
4,0604 4,0927
4,5296 4,5626
5,1378 5,1712
233 12:15
4,4339 4,4662
4,0597 4,0920
4,5290 4,5620
5,1373 5,1707
234 12:16
4,4342 4,4665
4,0601 4,0924
4,5297 4,5627
5,1382 5,1716
235 12:17
4,4353 4,4676
4,0603 4,0926
4,5310 4,5640
5,1391 5,1725
236 12:18
4,4346 4,4669
4,0593 4,0916
4,5308 4,5638
5,1388 5,1722
237 12:19
4,4346 4,4669
4,0592 4,0915
4,5308 4,5638
5,1394 5,1728
238 12:20
4,4336 4,4659
4,0584 4,0907
4,5298 4,5628
5,1376 5,1710
239 12:21
4,4341 4,4664
4,0594 4,0917
4,5304 4,5633
5,1400 5,1734
240 12:22
4,4346 4,4669
4,0599 4,0922
4,5309 4,5638
5,1409 5,1743
241 12:23
4,4339 4,4662
4,0587 4,0910
4,5302 4,5631
5,1395 5,1729
242 12:24
4,4338 4,4661
4,0590 4,0913
4,5301 4,5630
5,1397 5,1731
243 12:25
4,4334 4,4657
4,0584 4,0907
4,5299 4,5628
5,1389 5,1723
244 12:26
4,4334 4,4657
4,0580 4,0903
4,5299 4,5628
5,1386 5,1720
245 12:27
4,4332 4,4655
4,0583 4,0906
4,5297 4,5626
5,1390 5,1724
246 12:28
4,4333 4,4656
4,0578 4,0901
4,5296 4,5625
5,1385 5,1719
247 12:29
4,4333 4,4656
4,0583 4,0906
4,5293 4,5622
5,1394 5,1728
248 12:30
4,4325 4,4648
4,0576 4,0899
4,5281 4,5610
5,1385 5,1719
249 12:31
4,4319 4,4642
4,0569 4,0892
4,5275 4,5605
5,1381 5,1715
250 12:32
4,4323 4,4646
4,0563 4,0886
4,5274 4,5604
5,1381 5,1715
251 12:33
4,4311 4,4634
4,0552 4,0875
4,5262 4,5592
5,1371 5,1705
252 12:34
4,4311 4,4634
4,0552 4,0875
4,5262 4,5592
5,1371 5,1705
253 12:35
4,4299 4,4622
4,0534 4,0857
4,5250 4,5580
5,1367 5,1701
254 12:36
4,4307 4,4630
4,0543 4,0866
4,5258 4,5588
5,1374 5,1708
255 12:37
4,4309 4,4632
4,0545 4,0868
4,5260 4,5590
5,1375 5,1709
256 12:38
4,4310 4,4633
4,0551 4,0874
4,5260 4,5590
5,1367 5,1701
257 12:39
4,4300 4,4623
4,0548 4,0871
4,5251 4,5581
5,1355 5,1689
258 12:40
4,4300 4,4623
4,0554 4,0877
4,5258 4,5588
5,1362 5,1696
259 12:41
4,4291 4,4615
4,0550 4,0872
4,5248 4,5579
5,1361 5,1695
260 12:42
4,4276 4,4600
4,0540 4,0862
4,5236 4,5567
5,1344 5,1678
261 12:43
4,4283 4,4607
4,0546 4,0868
4,5240 4,5571
5,1354 5,1688
262 12:44
4,4289 4,4613
4,0548 4,0870
4,5249 4,5580
5,1356 5,1690
263 12:45
4,4287 4,4611
4,0546 4,0868
4,5244 4,5575
5,1354 5,1688
264 12:46
4,4281 4,4605
4,0543 4,0865
4,5238 4,5568
5,1348 5,1682
265 12:47
4,4275 4,4599
4,0538 4,0860
4,5229 4,5559
5,1339 5,1673
266 12:48
4,4273 4,4597
4,0538 4,0860
4,5229 4,5559
5,1332 5,1666
267 12:49
4,4272 4,4596
4,0537 4,0859
4,5226 4,5556
5,1330 5,1664
268 12:50
4,4271 4,4595
4,0537 4,0859
4,5228 4,5558
5,1331 5,1665
269 12:51
4,4270 4,4594
4,0534 4,0856
4,5232 4,5562
5,1331 5,1665
270 12:52
4,4269 4,4593
4,0533 4,0855
4,5229 4,5559
5,1330 5,1664
271 12:53
4,4268 4,4592
4,0532 4,0854
4,5230 4,5560
5,1319 5,1653
272 12:54
4,4267 4,4591
4,0529 4,0851
4,5229 4,5559
5,1321 5,1655
273 12:55
4,4266 4,4590
4,0530 4,0852
4,5230 4,5560
5,1317 5,1651
274 12:56
4,4265 4,4589
4,0529 4,0851
4,5227 4,5556
5,1319 5,1653
275 12:57
4,4264 4,4588
4,0526 4,0848
4,5224 4,5553
5,1312 5,1646
276 12:58
4,4263 4,4587
4,0516 4,0838
4,5225 4,5554
5,1305 5,1639
277 12:59
4,4262 4,4586
4,0509 4,0831
4,5217 4,5546
5,1299 5,1633
278 13:00
4,4261 4,4585
4,0500 4,0822
4,5214 4,5543
5,1291 5,1625
279 13:01
4,4260 4,4584
4,0499 4,0821
4,5220 4,5549
5,1298 5,1632
280 13:02
4,4259 4,4583
4,0504 4,0826
4,5217 4,5546
5,1288 5,1622
281 13:03
4,4306 4,4630
4,0547 4,0869
4,5269 4,5598
5,1337 5,1671
282 13:04
4,4306 4,4630
4,0543 4,0865
4,5269 4,5598
5,1328 5,1662
283 13:05
4,4308 4,4632
4,0550 4,0872
4,5269 4,5598
5,1334 5,1668
284 13:06
4,4308 4,4632
4,0550 4,0872
4,5267 4,5596
5,1333 5,1667
285 13:07
4,4309 4,4633
4,0549 4,0871
4,5268 4,5597
5,1334 5,1668
286 13:08
4,4308 4,4632
4,0543 4,0865
4,5262 4,5591
5,1330 5,1664
287 13:09
4,4307 4,4631
4,0549 4,0871
4,5261 4,5590
5,1326 5,1660
288 13:10
4,4307 4,4631
4,0542 4,0864
4,5263 4,5592
5,1335 5,1669
289 13:11
4,4308 4,4632
4,0539 4,0861
4,5271 4,5600
5,1335 5,1669
290 13:12
4,4308 4,4632
4,0539 4,0861
4,5267 4,5596
5,1337 5,1671
291 13:13
4,4310 4,4634
4,0541 4,0863
4,5264 4,5593
5,1333 5,1667
292 13:14
4,4306 4,4630
4,0535 4,0857
4,5258 4,5587
5,1325 5,1659
293 13:15
4,4308 4,4632
4,0535 4,0857
4,5260 4,5589
5,1327 5,1661
294 13:16
4,4309 4,4633
4,0534 4,0856
4,5262 4,5592
5,1326 5,1660
295 13:17
4,4309 4,4633
4,0536 4,0858
4,5260 4,5590
5,1325 5,1659
296 13:18
4,4310 4,4634
4,0535 4,0857
4,5258 4,5588
5,1320 5,1654
297 13:19
4,4310 4,4634
4,0537 4,0859
4,5268 4,5598
5,1328 5,1662
298 13:20
4,4310 4,4634
4,0535 4,0857
4,5270 4,5600
5,1327 5,1661
299 13:21
4,4310 4,4634
4,0537 4,0859
4,5268 4,5598
5,1330 5,1664
300 13:22
4,4310 4,4634
4,0535 4,0857
4,5267 4,5597
5,1335 5,1669
301 13:23
4,4308 4,4632
4,0532 4,0854
4,5266 4,5596
5,1333 5,1667
302 13:24
4,4308 4,4632
4,0532 4,0854
4,5266 4,5596
5,1339 5,1673
303 13:25
4,4310 4,4634
4,0530 4,0852
4,5265 4,5595
5,1336 5,1670
304 13:26
4,4309 4,4633
4,0527 4,0849
4,5270 4,5599
5,1335 5,1669
305 13:27
4,4309 4,4633
4,0521 4,0843
4,5277 4,5606
5,1325 5,1659
306 13:28
4,4309 4,4633
4,0525 4,0847
4,5272 4,5601
5,1328 5,1662
307 13:29
4,4305 4,4629
4,0520 4,0842
4,5268 4,5597
5,1318 5,1652
308 13:30
4,4303 4,4627
4,0516 4,0838
4,5266 4,5595
5,1313 5,1647
309 13:31
4,4306 4,4630
4,0522 4,0844
4,5273 4,5604
5,1316 5,1650
310 13:32
4,4309 4,4633
4,0521 4,0843
4,5274 4,5605
5,1319 5,1653
311 13:33
4,4309 4,4633
4,0518 4,0840
4,5274 4,5605
5,1317 5,1651
312 13:34
4,4308 4,4632
4,0517 4,0839
4,5268 4,5599
5,1313 5,1647
313 13:35
4,4309 4,4633
4,0514 4,0836
4,5267 4,5598
5,1319 5,1653
314 13:36
4,4309 4,4633
4,0519 4,0841
4,5277 4,5606
5,1319 5,1653
315 13:37
4,4309 4,4633
4,0520 4,0842
4,5279 4,5608
5,1312 5,1646
316 13:38
4,4308 4,4632
4,0516 4,0838
4,5274 4,5603
5,1315 5,1649
317 13:39
4,4333 4,4657
4,0541 4,0863
4,5299 4,5628
5,1341 5,1675
318 13:40
4,4330 4,4654
4,0536 4,0858
4,5296 4,5625
5,1337 5,1671
319 13:41
4,4329 4,4653
4,0539 4,0861
4,5291 4,5622
5,1333 5,1667
320 13:42
4,4336 4,4660
4,0544 4,0866
4,5304 4,5635
5,1336 5,1670
321 13:43
4,4335 4,4659
4,0543 4,0865
4,5300 4,5631
5,1332 5,1666
322 13:44
4,4344 4,4668
4,0548 4,0870
4,5307 4,5638
5,1342 5,1676
323 13:45
4,4349 4,4673
4,0554 4,0876
4,5310 4,5641
5,1351 5,1685
324 13:46
4,4348 4,4672
4,0548 4,0870
4,5319 4,5648
5,1349 5,1683
325 13:47
4,4338 4,4662
4,0537 4,0859
4,5321 4,5650
5,1338 5,1672
326 13:48
4,4332 4,4656
4,0537 4,0859
4,5315 4,5644
5,1334 5,1668
327 13:49
4,4329 4,4653
4,0532 4,0854
4,5307 4,5636
5,1337 5,1671
328 13:50
4,4335 4,4659
4,0541 4,0863
4,5315 4,5644
5,1347 5,1681
329 13:51
4,4341 4,4665
4,0543 4,0865
4,5319 4,5648
5,1339 5,1673
330 13:52
4,4344 4,4668
4,0549 4,0871
4,5322 4,5651
5,1342 5,1676
331 13:53
4,4348 4,4672
4,0551 4,0873
4,5324 4,5653
5,1350 5,1684
332 13:54
4,4349 4,4673
4,0543 4,0865
4,5320 4,5649
5,1345 5,1679
333 13:55
4,4345 4,4669
4,0539 4,0861
4,5314 4,5643
5,1343 5,1677
334 13:56
4,4345 4,4669
4,0534 4,0856
4,5310 4,5640
5,1346 5,1680
335 13:57
4,4344 4,4668
4,0535 4,0857
4,5308 4,5638
5,1340 5,1674
336 13:58
4,4346 4,4670
4,0538 4,0860
4,5316 4,5646
5,1341 5,1675
337 13:59
4,4346 4,4670
4,0539 4,0861
4,5314 4,5644
5,1344 5,1678
338 14:00
4,4347 4,4671
4,0539 4,0861
4,5310 4,5640
5,1339 5,1673
339 14:01
4,4348 4,4672
4,0550 4,0872
4,5320 4,5650
5,1347 5,1681
340 14:02
4,4347 4,4671
4,0544 4,0866
4,5316 4,5646
5,1354 5,1688
341 14:03
4,4338 4,4662
4,0533 4,0855
4,5299 4,5629
5,1347 5,1681
342 14:04
4,4333 4,4657
4,0528 4,0850
4,5295 4,5625
5,1341 5,1675
343 14:05
4,4320 4,4644
4,0516 4,0838
4,5277 4,5607
5,1331 5,1665
344 14:06
4,4321 4,4645
4,0517 4,0839
4,5273 4,5603
5,1333 5,1667
345 14:07
4,4321 4,4645
4,0517 4,0839
4,5271 4,5601
5,1333 5,1667
346 14:08
4,4318 4,4642
4,0518 4,0840
4,5268 4,5598
5,1333 5,1667
347 14:09
4,4310 4,4634
4,0511 4,0833
4,5276 4,5606
5,1320 5,1654
348 14:10
4,4309 4,4633
4,0508 4,0830
4,5278 4,5608
5,1316 5,1650
349 14:11
4,4308 4,4632
4,0507 4,0829
4,5276 4,5605
5,1315 5,1649
350 14:12
4,4307 4,4631
4,0506 4,0828
4,5273 4,5602
5,1315 5,1649
351 14:13
4,4310 4,4634
4,0498 4,0820
4,5268 4,5597
5,1325 5,1659
352 14:14
4,4300 4,4624
4,0498 4,0820
4,5258 4,5587
5,1320 5,1654
353 14:15
4,4292 4,4616
4,0495 4,0817
4,5246 4,5575
5,1317 5,1651
354 14:16
4,4295 4,4619
4,0503 4,0825
4,5253 4,5584
5,1312 5,1646
355 14:17
4,4292 4,4616
4,0502 4,0824
4,5254 4,5585
5,1309 5,1643
356 14:18
4,4289 4,4613
4,0499 4,0821
4,5251 4,5582
5,1305 5,1639
357 14:19
4,4294 4,4618
4,0493 4,0815
4,5258 4,5589
5,1317 5,1651
358 14:20
4,4302 4,4626
4,0500 4,0822
4,5266 4,5597
5,1323 5,1657
359 14:21
4,4297 4,4621
4,0501 4,0823
4,5255 4,5585
5,1315 5,1649
360 14:22
4,4280 4,4604
4,0486 4,0808
4,5228 4,5558
5,1301 5,1635
361 14:23
4,4280 4,4604
4,0491 4,0813
4,5231 4,5561
5,1306 5,1640
362 14:24
4,4282 4,4606
4,0491 4,0813
4,5232 4,5562
5,1300 5,1634
363 14:25
4,4273 4,4597
4,0481 4,0803
4,5228 4,5558
5,1296 5,1630
364 14:26
4,4274 4,4598
4,0486 4,0808
4,5225 4,5554
5,1291 5,1625
365 14:27
4,4276 4,4600
4,0481 4,0803
4,5231 4,5560
5,1296 5,1630
366 14:28
4,4275 4,4599
4,0479 4,0801
4,5226 4,5555
5,1295 5,1629
367 14:29
4,4272 4,4596
4,0480 4,0802
4,5225 4,5554
5,1283 5,1617
368 14:30
4,4274 4,4598
4,0484 4,0806
4,5229 4,5558
5,1292 5,1626
369 14:31
4,4268 4,4592
4,0521 4,0843
4,5216 4,5546
5,1257 5,1591
370 14:32
4,4268 4,4592
4,0548 4,0870
4,5202 4,5532
5,1257 5,1591
371 14:33
4,4272 4,4596
4,0581 4,0903
4,5217 4,5547
5,1276 5,1610
372 14:34
4,4271 4,4595
4,0584 4,0906
4,5210 4,5540
5,1282 5,1616
373 14:35
4,4272 4,4596
4,0596 4,0918
4,5216 4,5546
5,1286 5,1620
374 14:36
4,4272 4,4596
4,0599 4,0921
4,5229 4,5558
5,1279 5,1613
375 14:37
4,4270 4,4594
4,0618 4,0940
4,5232 4,5561
5,1279 5,1613
376 14:38
4,4269 4,4593
4,0597 4,0919
4,5218 4,5547
5,1279 5,1613
377 14:39
4,4268 4,4592
4,0590 4,0912
4,5226 4,5555
5,1281 5,1615
378 14:40
4,4268 4,4592
4,0575 4,0897
4,5230 4,5559
5,1271 5,1605
379 14:41
4,4268 4,4592
4,0575 4,0897
4,5233 4,5564
5,1272 5,1606
380 14:42
4,4268 4,4592
4,0575 4,0897
4,5234 4,5565
5,1277 5,1611
381 14:43
4,4268 4,4592
4,0586 4,0908
4,5234 4,5565
5,1277 5,1611
382 14:44
4,4268 4,4592
4,0612 4,0934
4,5245 4,5576
5,1289 5,1623
383 14:45
4,4268 4,4592
4,0592 4,0914
4,5243 4,5574
5,1283 5,1617
384 14:46
4,4311 4,4635
4,0640 4,0962
4,5281 4,5613
5,1321 5,1655
385 14:47
4,4312 4,4636
4,0630 4,0952
4,5287 4,5619
5,1325 5,1659
386 14:48
4,4313 4,4637
4,0640 4,0962
4,5288 4,5620
5,1324 5,1658
387 14:49
4,4313 4,4637
4,0641 4,0963
4,5284 4,5616
5,1330 5,1664
388 14:50
4,4314 4,4638
4,0652 4,0974
4,5289 4,5621
5,1325 5,1659
389 14:51
4,4314 4,4638
4,0666 4,0988
4,5287 4,5616
5,1324 5,1658
390 14:52
4,4316 4,4640
4,0666 4,0988
4,5286 4,5615
5,1336 5,1670
391 14:53
4,4317 4,4641
4,0676 4,0998
4,5301 4,5630
5,1343 5,1677
392 14:54
4,4311 4,4635
4,0693 4,1015
4,5309 4,5638
5,1346 5,1680
393 14:55
4,4314 4,4638
4,0713 4,1035
4,5315 4,5644
5,1346 5,1680
394 14:56
4,4315 4,4639
4,0734 4,1056
4,5329 4,5658
5,1367 5,1701
395 14:57
4,4359 4,4683
4,0784 4,1106
4,5381 4,5710
5,1432 5,1766
396 14:58
4,4362 4,4686
4,0783 4,1105
4,5375 4,5704
5,1437 5,1771
397 14:59
4,4356 4,4680
4,0774 4,1096
4,5367 4,5696
5,1421 5,1755
398 15:00
4,4359 4,4683
4,0769 4,1091
4,5375 4,5704
5,1428 5,1762
399 15:01
4,4360 4,4684
4,0779 4,1101
4,5367 4,5697
5,1437 5,1771
400 15:02
4,4358 4,4682
4,0782 4,1104
4,5358 4,5688
5,1436 5,1770
401 15:03
4,4369 4,4693
4,0813 4,1135
4,5391 4,5721
5,1474 5,1808
402 15:04
4,4365 4,4689
4,0796 4,1118
4,5394 4,5724
5,1470 5,1804
403 15:05
4,4364 4,4688
4,0787 4,1109
4,5395 4,5725
5,1465 5,1799
404 15:06
4,4360 4,4684
4,0765 4,1087
4,5385 4,5714
5,1450 5,1784
405 15:07
4,4368 4,4692
4,0772 4,1094
4,5407 4,5736
5,1460 5,1794
406 15:08
4,4367 4,4691
4,0769 4,1091
4,5406 4,5735
5,1457 5,1791
407 15:09
4,4378 4,4702
4,0798 4,1120
4,5422 4,5751
5,1477 5,1811
408 15:10
4,4382 4,4706
4,0807 4,1129
4,5430 4,5759
5,1487 5,1821
409 15:11
4,4386 4,4710
4,0826 4,1148
4,5436 4,5767
5,1504 5,1838
410 15:12
4,4384 4,4708
4,0837 4,1159
4,5430 4,5761
5,1511 5,1845
411 15:13
4,4393 4,4717
4,0831 4,1153
4,5432 4,5763
5,1522 5,1856
412 15:14
4,4395 4,4719
4,0825 4,1147
4,5422 4,5753
5,1492 5,1826
413 15:15
4,4387 4,4711
4,0825 4,1147
4,5414 4,5745
5,1490 5,1824
414 15:16
4,4397 4,4721
4,0827 4,1149
4,5421 4,5753
5,1508 5,1842
415 15:17
4,4386 4,4710
4,0822 4,1144
4,5400 4,5732
5,1504 5,1838
416 15:18
4,4389 4,4713
4,0815 4,1137
4,5398 4,5730
5,1504 5,1838
417 15:19
4,4419 4,4743
4,0839 4,1161
4,5433 4,5765
5,1548 5,1882
418 15:20
4,4409 4,4733
4,0825 4,1147
4,5434 4,5766
5,1531 5,1865
419 15:21
4,4401 4,4725
4,0821 4,1143
4,5427 4,5756
5,1529 5,1863
420 15:22
4,4398 4,4722
4,0814 4,1136
4,5424 4,5753
5,1524 5,1858
421 15:23
4,4400 4,4724
4,0817 4,1139
4,5424 4,5753
5,1520 5,1854
422 15:24
4,4401 4,4725
4,0817 4,1139
4,5419 4,5748
5,1524 5,1858
423 15:25
4,4399 4,4723
4,0819 4,1141
4,5417 4,5746
5,1509 5,1843
424 15:26
4,4397 4,4721
4,0817 4,1139
4,5397 4,5729
5,1495 5,1829
425 15:27
4,4396 4,4720
4,0821 4,1143
4,5397 4,5729
5,1487 5,1821
426 15:28
4,4398 4,4722
4,0830 4,1152
4,5399 4,5731
5,1491 5,1825
427 15:29
4,4394 4,4718
4,0825 4,1147
4,5394 4,5726
5,1489 5,1823
428 15:30
4,4383 4,4707
4,0821 4,1143
4,5390 4,5722
5,1482 5,1816
429 15:31
4,4379 4,4703
4,0816 4,1138
4,5382 4,5713
5,1470 5,1804
430 15:32
4,4371 4,4695
4,0822 4,1144
4,5377 4,5708
5,1451 5,1785
431 15:33
4,4371 4,4695
4,0818 4,1140
4,5386 4,5717
5,1445 5,1779
432 15:34
4,4369 4,4693
4,0813 4,1135
4,5403 4,5734
5,1449 5,1783
433 15:35
4,4367 4,4691
4,0803 4,1125
4,5394 4,5725
5,1441 5,1775
434 15:36
4,4368 4,4691
4,0809 4,1131
4,5391 4,5722
5,1455 5,1789
435 15:37
4,4365 4,4688
4,0795 4,1117
4,5383 4,5714
5,1449 5,1783
436 15:38
4,4342 4,4665
4,0785 4,1107
4,5360 4,5691
5,1430 5,1764
437 15:39
4,4350 4,4673
4,0794 4,1116
4,5370 4,5701
5,1438 5,1772
438 15:40
4,4354 4,4677
4,0806 4,1128
4,5354 4,5685
5,1445 5,1779
439 15:41
4,4340 4,4663
4,0787 4,1109
4,5344 4,5675
5,1429 5,1763
440 15:42
4,4341 4,4664
4,0791 4,1113
4,5345 4,5676
5,1426 5,1760
441 15:43
4,4341 4,4664
4,0791 4,1113
4,5342 4,5673
5,1417 5,1751
442 15:44
4,4335 4,4658
4,0797 4,1119
4,5349 4,5680
5,1415 5,1749
443 15:45
4,4328 4,4651
4,0810 4,1132
4,5336 4,5667
5,1418 5,1752
444 15:46
4,4328 4,4651
4,0806 4,1128
4,5332 4,5663
5,1426 5,1760
445 15:47
4,4328 4,4651
4,0792 4,1114
4,5336 4,5667
5,1412 5,1746
446 15:48
4,4324 4,4647
4,0795 4,1117
4,5337 4,5668
5,1408 5,1742
447 15:49
4,4325 4,4648
4,0791 4,1113
4,5347 4,5678
5,1413 5,1747
448 15:50
4,4325 4,4648
4,0795 4,1117
4,5347 4,5678
5,1414 5,1748
449 15:51
4,4285 4,4608
4,0766 4,1088
4,5308 4,5637
5,1372 5,1706
450 15:52
4,4284 4,4607
4,0756 4,1078
4,5302 4,5631
5,1376 5,1710
451 15:53
4,4288 4,4611
4,0765 4,1087
4,5301 4,5630
5,1375 5,1709
452 15:54
4,4288 4,4611
4,0765 4,1087
4,5301 4,5630
5,1371 5,1705
453 15:55
4,4288 4,4611
4,0756 4,1078
4,5299 4,5628
5,1366 5,1700
454 15:56
4,4287 4,4610
4,0757 4,1079
4,5298 4,5627
5,1369 5,1703
455 15:57
4,4277 4,4600
4,0735 4,1057
4,5280 4,5609
5,1358 5,1692
456 15:58
4,4278 4,4601
4,0732 4,1054
4,5299 4,5628
5,1363 5,1697
457 15:59
4,4286 4,4609
4,0745 4,1067
4,5304 4,5633
5,1363 5,1697
458 16:00
4,4283 4,4606
4,0740 4,1062
4,5301 4,5630
5,1356 5,1690
459 16:01
4,4278 4,4602
4,0720 4,1043
4,5295 4,5625
5,1360 5,1695
460 16:02
4,4277 4,4601
4,0708 4,1031
4,5299 4,5629
5,1358 5,1693
461 16:03
4,4276 4,4600
4,0713 4,1036
4,5291 4,5621
5,1353 5,1688
462 16:04
4,4290 4,4614
4,0731 4,1054
4,5305 4,5635
5,1368 5,1703
463 16:05
4,4293 4,4617
4,0727 4,1050
4,5309 4,5639
5,1378 5,1713
464 16:06
4,4287 4,4611
4,0711 4,1034
4,5292 4,5624
5,1387 5,1720
465 16:07
4,4287 4,4611
4,0711 4,1034
4,5294 4,5626
5,1374 5,1707
466 16:08
4,4286 4,4610
4,0735 4,1058
4,5311 4,5643
5,1373 5,1706
467 16:09
4,4286 4,4610
4,0736 4,1059
4,5311 4,5643
5,1373 5,1706
468 16:10
4,4229 4,4553
4,0669 4,0992
4,5248 4,5580
5,1301 5,1634
469 16:11
4,4238 4,4562
4,0675 4,0998
4,5254 4,5584
5,1303 5,1637
470 16:12
4,4240 4,4564
4,0670 4,0993
4,5263 4,5593
5,1302 5,1636
471 16:13
4,4253 4,4577
4,0673 4,0996
4,5270 4,5600
5,1325 5,1659
472 16:14
4,4252 4,4576
4,0668 4,0991
4,5269 4,5599
5,1327 5,1661
473 16:15
4,4249 4,4573
4,0654 4,0977
4,5270 4,5600
5,1333 5,1667
474 16:16
4,4225 4,4549
4,0613 4,0936
4,5231 4,5563
5,1312 5,1646
475 16:17
4,4227 4,4551
4,0611 4,0934
4,5232 4,5564
5,1291 5,1625
476 16:18
4,4226 4,4550
4,0621 4,0944
4,5227 4,5559
5,1284 5,1618
477 16:19
4,4180 4,4504
4,0585 4,0908
4,5180 4,5512
5,1238 5,1572
478 16:20
4,4178 4,4502
4,0585 4,0908
4,5170 4,5501
5,1245 5,1579
479 16:21
4,4183 4,4507
4,0578 4,0901
4,5170 4,5496
5,1247 5,1581
480 16:22
4,4185 4,4509
4,0576 4,0899
4,5170 4,5499
5,1252 5,1586
481 16:23
4,4197 4,4521
4,0599 4,0922
4,5185 4,5515
5,1269 5,1603
482 16:24
4,4186 4,4510
4,0585 4,0908
4,5173 4,5503
5,1248 5,1582
483 16:25
4,4187 4,4511
4,0580 4,0903
4,5171 4,5501
5,1245 5,1579
484 16:26
4,4229 4,4553
4,0613 4,0936
4,5211 4,5541
5,1304 5,1637
485 16:27
4,4229 4,4553
4,0600 4,0923
4,5210 4,5540
5,1307 5,1640
486 16:28
4,4229 4,4553
4,0607 4,0930
4,5208 4,5538
5,1295 5,1628
487 16:29
4,4229 4,4553
4,0596 4,0919
4,5203 4,5533
5,1286 5,1619
488 16:30
4,4228 4,4552
4,0605 4,0928
4,5193 4,5523
5,1284 5,1617
489 16:31
4,4228 4,4551
4,0616 4,0939
4,5193 4,5523
5,1283 5,1617
490 16:32
4,4226 4,4549
4,0612 4,0935
4,5186 4,5516
5,1282 5,1616
491 16:33
4,4226 4,4549
4,0616 4,0939
4,5184 4,5514
5,1278 5,1612
492 16:34
4,4272 4,4595
4,0658 4,0981
4,5235 4,5565
5,1334 5,1668
493 16:35
4,4271 4,4594
4,0664 4,0987
4,5239 4,5569
5,1342 5,1676
494 16:36
4,4271 4,4595
4,0674 4,0997
4,5248 4,5578
5,1340 5,1675
495 16:37
4,4272 4,4596
4,0671 4,0994
4,5247 4,5577
5,1347 5,1682
496 16:38
4,4273 4,4597
4,0667 4,0990
4,5253 4,5583
5,1348 5,1683
497 16:39
4,4275 4,4599
4,0670 4,0993
4,5255 4,5585
5,1348 5,1683
498 16:40
4,4277 4,4601
4,0670 4,0993
4,5265 4,5595
5,1352 5,1687
499 16:41
4,4274 4,4598
4,0677 4,1000
4,5270 4,5600
5,1361 5,1696
500 16:42
4,4268 4,4592
4,0673 4,0996
4,5271 4,5601
5,1357 5,1692
501 16:43
4,4268 4,4592
4,0671 4,0994
4,5276 4,5606
5,1363 5,1698
502 16:44
4,4264 4,4588
4,0658 4,0981
4,5270 4,5600
5,1344 5,1679
503 16:45
4,4294 4,4618
4,0697 4,1020
4,5302 4,5632
5,1371 5,1706
504 16:46
4,4291 4,4615
4,0708 4,1031
4,5306 4,5636
5,1368 5,1703
505 16:47
4,4290 4,4614
4,0699 4,1022
4,5312 4,5642
5,1362 5,1697
506 16:48
4,4286 4,4610
4,0702 4,1025
4,5318 4,5648
5,1367 5,1702
507 16:49
4,4273 4,4597
4,0674 4,0997
4,5294 4,5624
5,1348 5,1683
508 16:50
4,4281 4,4605
4,0668 4,0991
4,5307 4,5637
5,1357 5,1692
509 16:51
4,4240 4,4564
4,0620 4,0943
4,5271 4,5601
5,1298 5,1633
510 16:52
4,4250 4,4574
4,0635 4,0958
4,5284 4,5614
5,1308 5,1643
511 16:53
4,4248 4,4572
4,0634 4,0957
4,5290 4,5620
5,1313 5,1648
512 16:54
4,4249 4,4573
4,0647 4,0970
4,5289 4,5619
5,1312 5,1647
513 16:55
4,4244 4,4568
4,0630 4,0953
4,5286 4,5616
5,1301 5,1636
514 16:56
4,4245 4,4569
4,0642 4,0965
4,5280 4,5610
5,1304 5,1639
515 16:57
4,4245 4,4569
4,0634 4,0957
4,5278 4,5608
5,1305 5,1640
516 16:58
4,4246 4,4570
4,0636 4,0959
4,5287 4,5617
5,1306 5,1641
517 16:59
4,4249 4,4573
4,0633 4,0956
4,5293 4,5623
5,1306 5,1641
518 17:00
4,4251 4,4575
4,0632 4,0955
4,5293 4,5623
5,1307 5,1642
519 17:01
4,4252 4,4576
4,0639 4,0962
4,5292 4,5622
5,1306 5,1641
520 17:02
4,4251 4,4575
4,0645 4,0968
4,5291 4,5621
5,1313 5,1648
521 17:03
4,4250 4,4574
4,0638 4,0961
4,5287 4,5617
5,1316 5,1651
522 17:04
4,4250 4,4574
4,0636 4,0959
4,5285 4,5615
5,1303 5,1638
523 17:05
4,4251 4,4575
4,0616 4,0939
4,5282 4,5612
5,1292 5,1627
524 17:06
4,4250 4,4574
4,0611 4,0934
4,5273 4,5603
5,1298 5,1633
525 17:07
4,4250 4,4574
4,0608 4,0931
4,5269 4,5599
5,1296 5,1631
526 17:08
4,4251 4,4575
4,0615 4,0938
4,5263 4,5593
5,1293 5,1628
527 17:09
4,4251 4,4575
4,0625 4,0948
4,5271 4,5601
5,1292 5,1627
528 17:10
4,4250 4,4574
4,0632 4,0955
4,5268 4,5598
5,1294 5,1629
529 17:11
4,4250 4,4574
4,0636 4,0959
4,5266 4,5596
5,1294 5,1629
530 17:12
4,4251 4,4575
4,0641 4,0964
4,5272 4,5602
5,1290 5,1625
531 17:13
4,4251 4,4575
4,0637 4,0960
4,5272 4,5602
5,1286 5,1621
532 17:14
4,4251 4,4575
4,0648 4,0971
4,5277 4,5607
5,1293 5,1628
533 17:15
4,4243 4,4567
4,0645 4,0968
4,5274 4,5604
5,1284 5,1619
534 17:16
4,4241 4,4565
4,0630 4,0953
4,5267 4,5597
5,1273 5,1608
535 17:17
4,4241 4,4565
4,0626 4,0949
4,5262 4,5592
5,1272 5,1607
536 17:18
4,4240 4,4564
4,0637 4,0960
4,5266 4,5596
5,1274 5,1609
537 17:19
4,4238 4,4562
4,0634 4,0957
4,5264 4,5594
5,1275 5,1610
538 17:20
4,4237 4,4561
4,0628 4,0951
4,5260 4,5590
5,1277 5,1612
539 17:21
4,4242 4,4566
4,0636 4,0959
4,5261 4,5591
5,1283 5,1618
540 17:22
4,4241 4,4565
4,0642 4,0965
4,5271 4,5601
5,1287 5,1622
541 17:23
4,4242 4,4566
4,0646 4,0969
4,5268 4,5598
5,1286 5,1621
542 17:24
4,4255 4,4579
4,0648 4,0971
4,5281 4,5611
5,1297 5,1632
543 17:25
4,4268 4,4592
4,0652 4,0975
4,5294 4,5624
5,1312 5,1647
544 17:26
4,4269 4,4593
4,0655 4,0978
4,5286 4,5616
5,1314 5,1649
545 17:27
4,4270 4,4594
4,0655 4,0978
4,5288 4,5618
5,1322 5,1657
546 17:28
4,4258 4,4582
4,0645 4,0968
4,5272 4,5602
5,1304 5,1639
547 17:29
4,4259 4,4583
4,0654 4,0977
4,5272 4,5602
5,1311 5,1646
548 17:30
4,4261 4,4585
4,0650 4,0973
4,5275 4,5605
5,1306 5,1641
549 17:31
4,4266 4,4590
4,0664 4,0987
4,5279 4,5609
5,1314 5,1649
550 17:32
4,4263 4,4587
4,0665 4,0988
4,5277 4,5607
5,1312 5,1647
551 17:33
4,4265 4,4589
4,0665 4,0988
4,5284 4,5614
5,1319 5,1654
552 17:34
4,4264 4,4588
4,0664 4,0987
4,5286 4,5616
5,1317 5,1652
553 17:35
4,4262 4,4586
4,0670 4,0993
4,5279 4,5609
5,1315 5,1650
554 17:36
4,4263 4,4587
4,0678 4,1001
4,5275 4,5605
5,1316 5,1651
555 17:37
4,4263 4,4587
4,0684 4,1007
4,5280 4,5610
5,1319 5,1654
556 17:38
4,4262 4,4586
4,0681 4,1004
4,5288 4,5618
5,1324 5,1659
557 17:39
4,4262 4,4586
4,0675 4,0998
4,5279 4,5609
5,1324 5,1659
558 17:40
4,4260 4,4584
4,0675 4,0998
4,5272 4,5602
5,1321 5,1656
559 17:41
4,4260 4,4584
4,0673 4,0996
4,5272 4,5602
5,1324 5,1659
560 17:42
4,4259 4,4583
4,0672 4,0995
4,5269 4,5599
5,1323 5,1658
561 17:43
4,4260 4,4584
4,0671 4,0994
4,5272 4,5602
5,1330 5,1665
562 17:44
4,4261 4,4585
4,0680 4,1003
4,5277 4,5607
5,1325 5,1660
563 17:45
4,4261 4,4585
4,0674 4,0997
4,5280 4,5610
5,1328 5,1663
564 17:46
4,4261 4,4585
4,0672 4,0995
4,5277 4,5607
5,1331 5,1666
565 17:47
4,4260 4,4584
4,0675 4,0998
4,5272 4,5602
5,1333 5,1668
566 17:48
4,4260 4,4584
4,0671 4,0994
4,5268 4,5598
5,1333 5,1668
567 17:49
4,4260 4,4584
4,0671 4,0994
4,5269 4,5599
5,1330 5,1665
568 17:50
4,4259 4,4583
4,0671 4,0994
4,5267 4,5597
5,1323 5,1658
569 17:51
4,4260 4,4584
4,0668 4,0991
4,5261 4,5591
5,1339 5,1674
570 17:52
4,4260 4,4584
4,0672 4,0995
4,5256 4,5586
5,1341 5,1676
571 17:53
4,4262 4,4586
4,0673 4,0996
4,5258 4,5588
5,1338 5,1673
572 17:54
4,4262 4,4586
4,0664 4,0987
4,5264 4,5594
5,1335 5,1670
573 17:55
4,4262 4,4586
4,0667 4,0990
4,5265 4,5595
5,1329 5,1664
574 17:56
4,4262 4,4586
4,0666 4,0989
4,5265 4,5595
5,1329 5,1664
575 17:57
4,4262 4,4586
4,0659 4,0982
4,5265 4,5595
5,1330 5,1665
576 17:58
4,4259 4,4583
4,0665 4,0988
4,5261 4,5591
5,1326 5,1661
577 17:59
4,4263 4,4587
4,0676 4,0999
4,5266 4,5596
5,1342 5,1677
578 18:00
4,4264 4,4588
4,0680 4,1006
4,5269 4,5599
5,1351 5,1686
579 18:01
4,4265 4,4589
4,0680 4,1008
4,5272 4,5602
5,1352 5,1687
580 18:02
4,4265 4,4589
4,0680 4,1008
4,5269 4,5601
5,1354 5,1689
581 18:03
4,4263 4,4589
4,0677 4,1008
4,5263 4,5594
5,1352 5,1689
582 18:04
4,4265 4,4590
4,0675 4,1001
4,5263 4,5594
5,1348 5,1683
583 18:05
4,4266 4,4591
4,0669 4,0995
4,5259 4,5589
5,1349 5,1685
584 18:06
4,4266 4,4590
4,0670 4,0997
4,5260 4,5590
5,1350 5,1685
585 18:07
4,4266 4,4590
4,0681 4,1005
4,5255 4,5585
5,1355 5,1690
586 18:08
4,4262 4,4590
4,0672 4,1005
4,5257 4,5590
5,1351 5,1690
587 18:09
4,4262 4,4592
4,0669 4,1000
4,5258 4,5595
5,1357 5,1698
588 18:10
4,4264 4,4591
4,0670 4,0997
4,5257 4,5591
5,1356 5,1691
589 18:11
4,4263 4,4591
4,0671 4,1003
4,5266 4,5600
5,1355 5,1694
590 18:12
4,4264 4,4593
4,0674 4,1008
4,5267 4,5601
5,1353 5,1693
591 18:13
4,4262 4,4592
4,0672 4,1007
4,5267 4,5606
5,1351 5,1692
592 18:14
4,4262 4,4590
4,0680 4,1009
4,5267 4,5600
5,1351 5,1690
593 18:15
4,4264 4,4591
4,0682 4,1010
4,5267 4,5599
5,1365 5,1703
594 18:16
4,4252 4,4577
4,0671 4,0997
4,5254 4,5584
5,1345 5,1681
595 18:17
4,4252 4,4577
4,0675 4,1001
4,5254 4,5584
5,1345 5,1681
596 18:18
4,4251 4,4575
4,0674 4,1001
4,5262 4,5592
5,1355 5,1690
597 18:19
4,4248 4,4572
4,0671 4,1000
4,5265 4,5595
5,1352 5,1687
598 18:20
4,4251 4,4575
4,0676 4,1002
4,5271 4,5601
5,1356 5,1691
599 18:21
4,4248 4,4572
4,0673 4,0998
4,5265 4,5595
5,1358 5,1693
600 18:22
4,4250 4,4574
4,0674 4,1001
4,5262 4,5592
5,1355 5,1690
601 18:23
4,4249 4,4573
4,0670 4,0996
4,5261 4,5591
5,1353 5,1688
602 18:24
4,4251 4,4575
4,0671 4,0999
4,5263 4,5593
5,1356 5,1691
603 18:25
4,4252 4,4576
4,0671 4,0996
4,5264 4,5594
5,1357 5,1692
604 18:26
4,4249 4,4573
4,0673 4,1001
4,5261 4,5591
5,1353 5,1688
605 18:27
4,4246 4,4570
4,0671 4,0999
4,5260 4,5592
5,1354 5,1689
606 18:28
4,4243 4,4569
4,0663 4,0991
4,5253 4,5586
5,1354 5,1690
607 18:29
4,4241 4,4565
4,0665 4,0991
4,5244 4,5574
5,1356 5,1691
608 18:30
4,4241 4,4568
4,0660 4,0991
4,5238 4,5570
5,1350 5,1687
609 18:31
4,4239 4,4567
4,0664 4,0992
4,5241 4,5576
5,1348 5,1687
610 18:32
4,4237 4,4565
4,0657 4,0986
4,5240 4,5578
5,1346 5,1685
611 18:33
4,4232 4,4560
4,0652 4,0985
4,5235 4,5573
5,1340 5,1679
612 18:34
4,4232 4,4560
4,0656 4,0985
4,5239 4,5573
5,1340 5,1679
613 18:35
4,4208 4,4587
4,0638 4,1014
4,5214 4,5604
5,1314 5,1713
614 18:36
4,4233 4,4562
4,0661 4,0991
4,5245 4,5583
5,1347 5,1687
615 18:37
4,4233 4,4562
4,0661 4,0991
4,5249 4,5583
5,1347 5,1687
616 18:38
4,4208 4,4587
4,0638 4,1014
4,5223 4,5609
5,1312 5,1710
617 18:39
4,4208 4,4587
4,0638 4,1014
4,5219 4,5609
5,1318 5,1716
618 18:40
4,4208 4,4587
4,0638 4,1014
4,5221 4,5609
5,1318 5,1716
619 18:41
4,4208 4,4587
4,0638 4,1014
4,5224 4,5613
5,1324 5,1716
620 18:42
4,4232 4,4560
4,0658 4,0990
4,5253 4,5587
5,1358 5,1697
621 18:43
4,4232 4,4560
4,0656 4,0989
4,5253 4,5587
5,1352 5,1691
622 18:44
4,4234 4,4561
4,0661 4,0992
4,5255 4,5588
5,1360 5,1698
623 18:45
4,4232 4,4560
4,0665 4,0997
4,5253 4,5587
5,1362 5,1700
624 18:46
4,4233 4,4561
4,0666 4,0998
4,5252 4,5588
5,1359 5,1698
625 18:47
4,4232 4,4560
4,0675 4,1004
4,5250 4,5587
5,1364 5,1703
626 18:48
4,4232 4,4560
4,0676 4,1008
4,5253 4,5587
5,1370 5,1709
627 18:49
4,4233 4,4561
4,0673 4,1006
4,5254 4,5588
5,1371 5,1710
628 18:50
4,4234 4,4561
4,0673 4,1005
4,5255 4,5588
5,1372 5,1710
629 18:51
4,4232 4,4560
4,0667 4,0996
4,5249 4,5587
5,1376 5,1713
630 18:52
4,4232 4,4560
4,0671 4,1000
4,5259 4,5592
5,1382 5,1721
631 18:53
4,4232 4,4560
4,0671 4,1004
4,5255 4,5591
5,1376 5,1715
632 18:54
4,4207 4,4585
4,0652 4,1027
4,5229 4,5618
5,1347 5,1744
633 18:55
4,4233 4,4562
4,0676 4,1006
4,5253 4,5591
5,1383 5,1723
634 18:56
4,4233 4,4562
4,0676 4,1006
4,5254 4,5593
5,1383 5,1723
635 18:57
4,4233 4,4562
4,0672 4,1002
4,5258 4,5592
5,1395 5,1735
636 18:58
4,4232 4,4563
4,0689 4,1020
4,5262 4,5598
5,1392 5,1733
637 18:59
4,4234 4,4561
4,0688 4,1016
4,5255 4,5592
5,1389 5,1728
638 19:00
4,4233 4,4561
4,0683 4,1016
4,5254 4,5588
5,1395 5,1734
639 19:01
4,4234 4,4562
4,0693 4,1025
4,5261 4,5594
5,1396 5,1735
640 19:02
4,4234 4,4562
4,0693 4,1025
4,5261 4,5594
5,1402 5,1741
641 19:03
4,4234 4,4562
4,0688 4,1021
4,5255 4,5589
5,1400 5,1738
642 19:04
4,4202 4,4592
4,0656 4,1042
4,5223 4,5619
5,1360 5,1769
643 19:05
4,4236 4,4563
4,0686 4,1014
4,5257 4,5589
5,1392 5,1730
644 19:06
4,4238 4,4567
4,0688 4,1020
4,5263 4,5597
5,1394 5,1733
645 19:07
4,4240 4,4566
4,0686 4,1017
4,5261 4,5593
5,1398 5,1736
646 19:08
4,4241 4,4567
4,0692 4,1021
4,5264 4,5595
5,1398 5,1735
647 19:09
4,4241 4,4567
4,0692 4,1018
4,5267 4,5603
5,1399 5,1735
648 19:10
4,4240 4,4567
4,0689 4,1020
4,5270 4,5602
5,1397 5,1735
649 19:11
4,4239 4,4567
4,0685 4,1018
4,5271 4,5604
5,1402 5,1741
650 19:12
4,4240 4,4567
4,0689 4,1020
4,5270 4,5602
5,1397 5,1735
651 19:13
4,4238 4,4566
4,0688 4,1017
4,5270 4,5603
5,1395 5,1734
652 19:14
4,4239 4,4567
4,0689 4,1019
4,5271 4,5604
5,1394 5,1734
653 19:15
4,4239 4,4568
4,0689 4,1019
4,5264 4,5598
5,1390 5,1730
654 19:16
4,4238 4,4568
4,0684 4,1015
4,5261 4,5600
5,1383 5,1724
655 19:17
4,4239 4,4568
4,0681 4,1011
4,5258 4,5595
5,1383 5,1718
656 19:18
4,4237 4,4567
4,0688 4,1022
4,5260 4,5595
5,1376 5,1717
657 19:19
4,4237 4,4567
4,0694 4,1025
4,5260 4,5595
5,1382 5,1721
658 19:20
4,4239 4,4567
4,0694 4,1026
4,5266 4,5599
5,1384 5,1723
659 19:21
4,4241 4,4566
4,0698 4,1024
4,5263 4,5596
5,1386 5,1722
660 19:22
4,4244 4,4569
4,0701 4,1031
4,5265 4,5599
5,1395 5,1730
661 19:23
4,4244 4,4571
4,0701 4,1033
4,5270 4,5603
5,1395 5,1732
662 19:24
4,4247 4,4573
4,0704 4,1032
4,5269 4,5605
5,1401 5,1737
663 19:25
4,4251 4,4575
4,0706 4,1032
4,5271 4,5601
5,1398 5,1733
664 19:26
4,4251 4,4575
4,0704 4,1028
4,5273 4,5603
5,1398 5,1733
665 19:27
4,4249 4,4573
4,0691 4,1018
4,5270 4,5600
5,1395 5,1730
666 19:28
4,4251 4,4575
4,0690 4,1018
4,5272 4,5602
5,1391 5,1726
667 19:29
4,4252 4,4577
4,0689 4,1018
4,5268 4,5600
5,1392 5,1727
668 19:30
4,4252 4,4576
4,0689 4,1018
4,5269 4,5599
5,1387 5,1722
669 19:31
4,4258 4,4585
4,0699 4,1027
4,5279 4,5611
5,1396 5,1737
670 19:32
4,4257 4,4584
4,0702 4,1030
4,5278 4,5610
5,1393 5,1731
671 19:33
4,4257 4,4584
4,0698 4,1030
4,5274 4,5611
5,1390 5,1725
672 19:34
4,4256 4,4584
4,0697 4,1026
4,5273 4,5611
5,1387 5,1725
673 19:35
4,4256 4,4584
4,0697 4,1026
4,5273 4,5611
5,1380 5,1725
674 19:36
4,4255 4,4583
4,0696 4,1027
4,5272 4,5610
5,1379 5,1719
675 19:37
4,4256 4,4585
4,0697 4,1027
4,5273 4,5608
5,1380 5,1720
676 19:38
4,4256 4,4584
4,0697 4,1030
4,5274 4,5611
5,1380 5,1719
677 19:39
4,4258 4,4585
4,0695 4,1027
4,5275 4,5608
5,1382 5,1720
678 19:40
4,4258 4,4585
4,0695 4,1027
4,5275 4,5608
5,1384 5,1719
679 19:41
4,4257 4,4586
4,0690 4,1024
4,5274 4,5609
5,1387 5,1727
680 19:42
4,4255 4,4584
4,0692 4,1026
4,5272 4,5607
5,1383 5,1724
681 19:43
4,4254 4,4582
4,0697 4,1029
4,5270 4,5604
5,1384 5,1723
682 19:44
4,4255 4,4584
4,0700 4,1030
4,5272 4,5607
5,1383 5,1725
683 19:45
4,4254 4,4582
4,0699 4,1028
4,5268 4,5601
5,1379 5,1723
684 19:46
4,4255 4,4584
4,0696 4,1026
4,5268 4,5607
5,1381 5,1721
685 19:47
4,4254 4,4582
4,0696 4,1028
4,5267 4,5605
5,1378 5,1718
686 19:48
4,4254 4,4583
4,0695 4,1029
4,5266 4,5601
5,1383 5,1723
687 19:49
4,4254 4,4582
4,0696 4,1028
4,5268 4,5601
5,1385 5,1727
688 19:50
4,4254 4,4583
4,0695 4,1029
4,5266 4,5600
5,1389 5,1729
689 19:51
4,4254 4,4583
4,0699 4,1029
4,5262 4,5601
5,1389 5,1729
690 19:52
4,4254 4,4583
4,0695 4,1029
4,5262 4,5597
5,1389 5,1729
691 19:53
4,4254 4,4582
4,0695 4,1028
4,5263 4,5596
5,1391 5,1729
692 19:54
4,4254 4,4582
4,0695 4,1028
4,5263 4,5596
5,1391 5,1729
693 19:55
4,4254 4,4582
4,0699 4,1028
4,5263 4,5596
5,1389 5,1728
694 19:56
4,4254 4,4583
4,0695 4,1029
4,5257 4,5596
5,1389 5,1729
695 19:57
4,4253 4,4582
4,0702 4,1032
4,5260 4,5594
5,1382 5,1722
696 19:58
4,4255 4,4581
4,0700 4,1031
4,5264 4,5595
5,1384 5,1722
697 19:59
4,4259 4,4586
4,0704 4,1032
4,5266 4,5598
5,1383 5,1721
698 20:00
4,4257 4,4585
4,0703 4,1031
4,5266 4,5599
5,1383 5,1721
699 20:01
4,4255 4,4584
4,0699 4,1032
4,5262 4,5596
5,1379 5,1719
700 20:02
4,4255 4,4584
4,0700 4,1030
4,5262 4,5596
5,1379 5,1719
701 20:03
4,4255 4,4583
4,0703 4,1032
4,5264 4,5597
5,1381 5,1721
702 20:04
4,4254 4,4583
4,0702 4,1031
4,5257 4,5592
5,1377 5,1717
703 20:05
4,4254 4,4583
4,0702 4,1035
4,5252 4,5586
5,1377 5,1717
704 20:06
4,4254 4,4583
4,0706 4,1040
4,5253 4,5592
5,1377 5,1717
705 20:07
4,4231 4,4612
4,0681 4,1062
4,5228 4,5616
5,1343 5,1747
706 20:08
4,4254 4,4583
4,0702 4,1031
4,5252 4,5586
5,1376 5,1717
707 20:09
4,4254 4,4583
4,0706 4,1036
4,5252 4,5586
5,1377 5,1717
708 20:10
4,4249 4,4577
4,0702 4,1031
4,5249 4,5582
5,1373 5,1711
709 20:11
4,4226 4,4554
4,0677 4,1006
4,5225 4,5558
5,1345 5,1684
710 20:12
4,4204 4,4534
4,0660 4,0991
4,5203 4,5538
5,1321 5,1659
711 20:13
4,4232 4,4561
4,0690 4,1020
4,5229 4,5563
5,1352 5,1692
712 20:14
4,4256 4,4584
4,0712 4,1041
4,5259 4,5597
5,1380 5,1719
713 20:15
4,4251 4,4580
4,0700 4,1034
4,5258 4,5592
5,1374 5,1714
714 20:16
4,4244 4,4571
4,0693 4,1025
4,5256 4,5589
5,1371 5,1708
715 20:17
4,4244 4,4573
4,0697 4,1027
4,5256 4,5591
5,1366 5,1706
716 20:18
4,4245 4,4574
4,0697 4,1030
4,5252 4,5588
5,1367 5,1707
717 20:19
4,4244 4,4574
4,0697 4,1032
4,5253 4,5588
5,1366 5,1707
718 20:20
4,4249 4,4578
4,0705 4,1034
4,5256 4,5590
5,1372 5,1712
719 20:21
4,4251 4,4580
4,0701 4,1032
4,5259 4,5598
5,1374 5,1714
720 20:22
4,4251 4,4580
4,0696 4,1030
4,5258 4,5592
5,1374 5,1714
721 20:23
4,4251 4,4580
4,0696 4,1026
4,5254 4,5589
5,1374 5,1714
722 20:24
4,4251 4,4580
4,0700 4,1030
4,5254 4,5593
5,1374 5,1714
723 20:25
4,4252 4,4581
4,0700 4,1033
4,5255 4,5593
5,1375 5,1715
724 20:26
4,4251 4,4579
4,0703 4,1032
4,5255 4,5588
5,1374 5,1713
725 20:27
4,4251 4,4581
4,0705 4,1035
4,5254 4,5590
5,1374 5,1715
726 20:28
4,4254 4,4582
4,0704 4,1036
4,5252 4,5586
5,1385 5,1723
727 20:29
4,4255 4,4583
4,0701 4,1033
4,5250 4,5583
5,1385 5,1724
728 20:30
4,4257 4,4586
4,0701 4,1034
4,5255 4,5589
5,1387 5,1727
729 20:31
4,4256 4,4586
4,0702 4,1032
4,5256 4,5591
5,1386 5,1727
730 20:32
4,4257 4,4586
4,0701 4,1030
4,5255 4,5589
5,1393 5,1733
731 20:33
4,4257 4,4586
4,0701 4,1034
4,5255 4,5589
5,1393 5,1733
732 20:34
4,4257 4,4586
4,0701 4,1034
4,5251 4,5586
5,1397 5,1732
733 20:35
4,4257 4,4586
4,0701 4,1034
4,5255 4,5589
5,1393 5,1733
734 20:36
4,4257 4,4586
4,0701 4,1034
4,5255 4,5589
5,1399 5,1739
735 20:37
4,4232 4,4608
4,0680 4,1056
4,5236 4,5623
5,1372 5,1766
736 20:38
4,4257 4,4586
4,0703 4,1034
4,5260 4,5595
5,1405 5,1745
737 20:39
4,4256 4,4585
4,0704 4,1037
4,5263 4,5597
5,1404 5,1744
738 20:40
4,4255 4,4584
4,0703 4,1036
4,5262 4,5596
5,1397 5,1737
739 20:41
4,4255 4,4584
4,0707 4,1037
4,5258 4,5597
5,1396 5,1731
740 20:42
4,4255 4,4584
4,0703 4,1036
4,5258 4,5597
5,1390 5,1730
741 20:43
4,4255 4,4584
4,0703 4,1036
4,5258 4,5597
5,1391 5,1731
742 20:44
4,4255 4,4584
4,0703 4,1036
4,5258 4,5597
5,1391 5,1731
743 20:45
4,4255 4,4583
4,0705 4,1037
4,5258 4,5594
5,1391 5,1730
744 20:46
4,4255 4,4584
4,0707 4,1041
4,5258 4,5593
5,1389 5,1724
745 20:47
4,4255 4,4584
4,0711 4,1041
4,5258 4,5597
5,1391 5,1731
746 20:48
4,4255 4,4584
4,0707 4,1041
4,5258 4,5593
5,1384 5,1724
747 20:49
4,4255 4,4584
4,0711 4,1041
4,5262 4,5596
5,1385 5,1725
748 20:50
4,4253 4,4583
4,0714 4,1048
4,5256 4,5596
5,1383 5,1725
