#======================
2023-10-5
# 1.EUR, 2.USD, 3.CHF, 4.GBP
Sell Price, Buy Price
1 08:39:21
4,5795 4,6119
4,3569 4,3893
4,7575 4,7905
5,2949 5,3284
2 08:40:21
4,5796 4,6120
4,3568 4,3892
4,7577 4,7907
5,2945 5,3280
3 08:41:20
4,5798 4,6122
4,3578 4,3902
4,7579 4,7909
5,2954 5,3289
4 08:42:20
4,5807 4,6131
4,3586 4,3910
4,7588 4,7918
5,2965 5,3300
5 08:43:21
4,5814 4,6138
4,3598 4,3922
4,7596 4,7926
5,2970 5,3305
6 08:44:21
4,5814 4,6138
4,3593 4,3917
4,7592 4,7922
5,2962 5,3297
7 08:45:21
4,5812 4,6136
4,3593 4,3917
4,7593 4,7923
5,2963 5,3298
8 08:46:20
4,5812 4,6136
4,3600 4,3924
4,7593 4,7923
5,2963 5,3298
9 08:47:21
4,5813 4,6137
4,3599 4,3923
4,7592 4,7922
5,2965 5,3300
10 08:48:21
4,5812 4,6136
4,3598 4,3922
4,7588 4,7918
5,2960 5,3295
11 08:49:21
4,5813 4,6137
4,3596 4,3920
4,7587 4,7917
5,2964 5,3299
12 08:50:21
4,5847 4,6171
4,3631 4,3955
4,7625 4,7955
5,3001 5,3336
13 08:51:20
4,5846 4,6170
4,3636 4,3960
4,7618 4,7948
5,2998 5,3333
14 08:52:20
4,5844 4,6168
4,3636 4,3960
4,7618 4,7948
5,2997 5,3332
15 08:53:21
4,5844 4,6168
4,3636 4,3960
4,7614 4,7944
5,2990 5,3325
16 08:54:21
4,5839 4,6163
4,3629 4,3953
4,7608 4,7938
5,2985 5,3320
17 08:55:21
4,5823 4,6147
4,3616 4,3940
4,7595 4,7925
5,2964 5,3299
18 08:56:20
4,5834 4,6157
4,3631 4,3954
4,7585 4,7917
5,2974 5,3309
19 08:57:21
4,5827 4,6150
4,3622 4,3945
4,7580 4,7912
5,2967 5,3302
20 08:58:21
4,5811 4,6134
4,3607 4,3930
4,7566 4,7898
5,2952 5,3287
21 08:59:20
4,5813 4,6136
4,3603 4,3926
4,7568 4,7900
5,2955 5,3290
22 09:00:20
4,5813 4,6136
4,3606 4,3929
4,7558 4,7890
5,2954 5,3289
23 09:01:21
4,5811 4,6135
4,3600 4,3923
4,7556 4,7887
5,2957 5,3292
24 09:02:21
4,5811 4,6135
4,3598 4,3921
4,7556 4,7887
5,2954 5,3289
25 09:03:20
4,5798 4,6122
4,3586 4,3909
4,7545 4,7876
5,2931 5,3266
26 09:04:20
4,5791 4,6115
4,3574 4,3897
4,7540 4,7871
5,2931 5,3266
27 09:05:21
4,5765 4,6089
4,3546 4,3869
4,7513 4,7844
5,2901 5,3236
28 09:06:21
4,5749 4,6073
4,3535 4,3858
4,7494 4,7825
5,2886 5,3220
29 09:07:20
4,5730 4,6054
4,3520 4,3843
4,7472 4,7803
5,2863 5,3197
30 09:08:21
4,5725 4,6049
4,3517 4,3840
4,7466 4,7797
5,2853 5,3187
31 09:09:21
4,5709 4,6033
4,3499 4,3822
4,7450 4,7781
5,2837 5,3171
32 09:10:21
4,5699 4,6023
4,3488 4,3811
4,7437 4,7768
5,2823 5,3157
33 09:11:21
4,5707 4,6031
4,3494 4,3817
4,7446 4,7777
5,2827 5,3162
34 09:12:20
4,5699 4,6023
4,3478 4,3801
4,7426 4,7757
5,2820 5,3155
35 09:13:21
4,5692 4,6016
4,3473 4,3796
4,7418 4,7749
5,2808 5,3143
36 09:14:21
4,5688 4,6012
4,3473 4,3796
4,7413 4,7744
5,2803 5,3138
37 09:15:21
4,5687 4,6011
4,3481 4,3804
4,7413 4,7744
5,2808 5,3143
38 09:16:20
4,5685 4,6009
4,3471 4,3794
4,7406 4,7737
5,2803 5,3138
39 09:17:20
4,5686 4,6010
4,3473 4,3796
4,7396 4,7727
5,2807 5,3142
40 09:18:20
4,5685 4,6009
4,3472 4,3795
4,7393 4,7724
5,2809 5,3144
41 09:19:21
4,5686 4,6010
4,3476 4,3799
4,7387 4,7718
5,2814 5,3149
42 09:20:21
4,5684 4,6008
4,3482 4,3805
4,7391 4,7722
5,2820 5,3155
43 09:21:21
4,5686 4,6010
4,3484 4,3807
4,7395 4,7725
5,2814 5,3149
44 09:22:20
4,5690 4,6014
4,3494 4,3817
4,7399 4,7729
5,2827 5,3162
45 09:23:20
4,5691 4,6015
4,3491 4,3814
4,7398 4,7728
5,2828 5,3163
46 09:24:21
4,5705 4,6029
4,3512 4,3835
4,7415 4,7745
5,2848 5,3183
47 09:25:21
4,5703 4,6027
4,3517 4,3840
4,7413 4,7743
5,2842 5,3177
48 09:26:21
4,5724 4,6048
4,3539 4,3862
4,7435 4,7765
5,2863 5,3198
49 09:27:20
4,5732 4,6056
4,3536 4,3859
4,7443 4,7773
5,2864 5,3199
50 09:28:20
4,5732 4,6056
4,3548 4,3871
4,7443 4,7773
5,2860 5,3195
51 09:29:21
4,5732 4,6056
4,3544 4,3867
4,7435 4,7765
5,2851 5,3186
52 09:30:21
4,5749 4,6073
4,3551 4,3874
4,7459 4,7789
5,2869 5,3204
53 09:31:20
4,5760 4,6084
4,3555 4,3878
4,7470 4,7800
5,2879 5,3213
54 09:32:20
4,5775 4,6099
4,3570 4,3893
4,7485 4,7815
5,2889 5,3223
55 09:33:20
4,5766 4,6090
4,3562 4,3885
4,7471 4,7801
5,2879 5,3213
56 09:34:21
4,5760 4,6084
4,3554 4,3877
4,7469 4,7799
5,2871 5,3205
57 09:35:21
4,5730 4,6054
4,3528 4,3851
4,7439 4,7769
5,2834 5,3168
58 09:36:21
4,5703 4,6027
4,3484 4,3807
4,7405 4,7735
5,2793 5,3129
59 09:37:21
4,5736 4,6060
4,3518 4,3841
4,7439 4,7769
5,2832 5,3168
60 09:38:21
4,5713 4,6037
4,3497 4,3820
4,7418 4,7748
5,2802 5,3138
61 09:39:20
4,5739 4,6063
4,3520 4,3843
4,7443 4,7773
5,2826 5,3162
62 09:40:20
4,5740 4,6064
4,3516 4,3839
4,7441 4,7771
5,2842 5,3178
63 09:41:21
4,5728 4,6052
4,3498 4,3821
4,7428 4,7759
5,2816 5,3150
64 09:42:21
4,5726 4,6050
4,3497 4,3820
4,7425 4,7756
5,2815 5,3149
65 09:43:21
4,5724 4,6048
4,3493 4,3816
4,7414 4,7745
5,2809 5,3143
66 09:44:20
4,5723 4,6047
4,3492 4,3815
4,7415 4,7746
5,2821 5,3155
67 09:45:20
4,5724 4,6048
4,3495 4,3818
4,7419 4,7750
5,2821 5,3155
68 09:46:21
4,5725 4,6049
4,3494 4,3817
4,7425 4,7756
5,2822 5,3157
69 09:47:21
4,5725 4,6049
4,3504 4,3827
4,7422 4,7753
5,2822 5,3157
70 09:48:20
4,5725 4,6049
4,3506 4,3829
4,7422 4,7753
5,2818 5,3153
71 09:49:20
4,5725 4,6049
4,3511 4,3834
4,7425 4,7756
5,2818 5,3153
72 09:50:21
4,5718 4,6042
4,3502 4,3825
4,7418 4,7749
5,2807 5,3142
73 09:51:21
4,5720 4,6044
4,3506 4,3829
4,7419 4,7749
5,2805 5,3139
74 09:52:21
4,5719 4,6043
4,3500 4,3823
4,7422 4,7752
5,2806 5,3140
75 09:53:21
4,5721 4,6045
4,3507 4,3830
4,7423 4,7753
5,2806 5,3140
76 09:54:21
4,5722 4,6046
4,3502 4,3825
4,7420 4,7750
5,2809 5,3143
77 09:55:20
4,5720 4,6044
4,3502 4,3825
4,7421 4,7751
5,2805 5,3139
78 09:56:20
4,5719 4,6043
4,3499 4,3822
4,7412 4,7742
5,2800 5,3136
79 09:57:21
4,5728 4,6052
4,3518 4,3841
4,7407 4,7737
5,2814 5,3150
80 09:58:21
4,5728 4,6052
4,3512 4,3835
4,7419 4,7749
5,2813 5,3149
81 09:59:20
4,5727 4,6051
4,3513 4,3836
4,7406 4,7736
5,2812 5,3148
82 10:00:20
4,5726 4,6050
4,3516 4,3839
4,7415 4,7745
5,2814 5,3150
83 10:01:21
4,5697 4,6021
4,3495 4,3818
4,7400 4,7730
5,2795 5,3129
84 10:02:21
4,5715 4,6039
4,3491 4,3814
4,7413 4,7743
5,2805 5,3139
85 10:03:20
4,5722 4,6046
4,3499 4,3822
4,7428 4,7758
5,2822 5,3156
86 10:04:21
4,5735 4,6059
4,3518 4,3841
4,7438 4,7768
5,2837 5,3171
87 10:05:21
4,5732 4,6056
4,3507 4,3830
4,7423 4,7753
5,2834 5,3168
88 10:06:21
4,5736 4,6060
4,3504 4,3827
4,7419 4,7750
5,2838 5,3172
89 10:07:20
4,5732 4,6056
4,3497 4,3820
4,7405 4,7736
5,2825 5,3159
90 10:08:21
4,5733 4,6057
4,3489 4,3812
4,7404 4,7735
5,2808 5,3142
91 10:09:21
4,5741 4,6065
4,3507 4,3830
4,7429 4,7760
5,2826 5,3160
92 10:10:20
4,5738 4,6062
4,3507 4,3830
4,7429 4,7760
5,2826 5,3160
93 10:11:20
4,5748 4,6072
4,3521 4,3844
4,7440 4,7770
5,2843 5,3177
94 10:12:21
4,5748 4,6072
4,3522 4,3845
4,7440 4,7770
5,2840 5,3174
95 10:13:21
4,5747 4,6071
4,3530 4,3853
4,7444 4,7774
5,2836 5,3170
96 10:14:20
4,5746 4,6070
4,3525 4,3848
4,7448 4,7778
5,2835 5,3169
97 10:15:20
4,5755 4,6079
4,3527 4,3850
4,7451 4,7781
5,2832 5,3166
98 10:16:21
4,5755 4,6079
4,3527 4,3850
4,7451 4,7782
5,2830 5,3165
99 10:17:21
4,5756 4,6080
4,3529 4,3852
4,7451 4,7782
5,2828 5,3163
100 10:18:21
4,5760 4,6084
4,3525 4,3848
4,7443 4,7774
5,2828 5,3163
101 10:19:20
4,5764 4,6088
4,3529 4,3852
4,7451 4,7782
5,2831 5,3166
102 10:20:21
4,5765 4,6089
4,3530 4,3853
4,7446 4,7777
5,2829 5,3164
103 10:21:21
4,5763 4,6087
4,3528 4,3851
4,7467 4,7798
5,2830 5,3164
104 10:22:21
4,5764 4,6088
4,3531 4,3854
4,7468 4,7799
5,2825 5,3159
105 10:23:20
4,5764 4,6088
4,3535 4,3858
4,7467 4,7798
5,2824 5,3158
106 10:24:21
4,5763 4,6087
4,3532 4,3855
4,7464 4,7795
5,2830 5,3164
107 10:25:21
4,5764 4,6088
4,3531 4,3854
4,7465 4,7796
5,2828 5,3162
108 10:26:21
4,5763 4,6087
4,3524 4,3847
4,7457 4,7788
5,2833 5,3167
109 10:27:21
4,5762 4,6086
4,3525 4,3848
4,7456 4,7787
5,2832 5,3166
110 10:28:20
4,5763 4,6087
4,3534 4,3857
4,7461 4,7792
5,2829 5,3163
111 10:29:21
4,5763 4,6087
4,3528 4,3851
4,7464 4,7795
5,2833 5,3167
112 10:30:21
4,5761 4,6085
4,3528 4,3851
4,7459 4,7790
5,2831 5,3165
113 10:31:20
4,5762 4,6086
4,3531 4,3854
4,7463 4,7794
5,2794 5,3128
114 10:32:20
4,5763 4,6087
4,3534 4,3857
4,7464 4,7795
5,2806 5,3140
115 10:33:21
4,5764 4,6088
4,3531 4,3854
4,7467 4,7798
5,2800 5,3134
116 10:34:21
4,5765 4,6089
4,3528 4,3851
4,7464 4,7795
5,2811 5,3145
117 10:35:21
4,5766 4,6090
4,3529 4,3852
4,7462 4,7793
5,2814 5,3148
118 10:36:21
4,5766 4,6090
4,3529 4,3852
4,7462 4,7793
5,2819 5,3155
119 10:37:21
4,5766 4,6090
4,3533 4,3856
4,7455 4,7786
5,2820 5,3156
120 10:38:21
4,5767 4,6091
4,3542 4,3865
4,7458 4,7789
5,2821 5,3157
121 10:39:21
4,5767 4,6091
4,3542 4,3865
4,7456 4,7787
5,2812 5,3148
122 10:40:20
4,5784 4,6108
4,3556 4,3879
4,7463 4,7794
5,2828 5,3164
123 10:41:20
4,5789 4,6113
4,3563 4,3886
4,7473 4,7804
5,2834 5,3168
124 10:42:20
4,5795 4,6119
4,3565 4,3888
4,7480 4,7811
5,2839 5,3173
125 10:43:21
4,5814 4,6138
4,3583 4,3906
4,7491 4,7822
5,2859 5,3193
126 10:44:21
4,5820 4,6144
4,3590 4,3913
4,7496 4,7827
5,2868 5,3202
127 10:45:21
4,5819 4,6143
4,3591 4,3914
4,7500 4,7831
5,2865 5,3199
128 10:46:20
4,5783 4,6107
4,3551 4,3874
4,7458 4,7789
5,2816 5,3152
129 10:47:20
4,5794 4,6118
4,3564 4,3887
4,7470 4,7801
5,2831 5,3167
130 10:48:21
4,5794 4,6118
4,3562 4,3885
4,7472 4,7803
5,2831 5,3167
131 10:49:21
4,5794 4,6118
4,3570 4,3893
4,7474 4,7805
5,2838 5,3174
132 10:50:20
4,5795 4,6119
4,3573 4,3896
4,7476 4,7807
5,2842 5,3178
133 10:51:20
4,5799 4,6123
4,3583 4,3906
4,7482 4,7813
5,2853 5,3187
134 10:52:21
4,5798 4,6122
4,3590 4,3913
4,7481 4,7812
5,2858 5,3192
135 10:53:21
4,5799 4,6123
4,3594 4,3917
4,7479 4,7810
5,2862 5,3196
136 10:54:20
4,5796 4,6120
4,3599 4,3922
4,7478 4,7809
5,2852 5,3186
137 10:55:20
4,5795 4,6119
4,3609 4,3932
4,7487 4,7818
5,2858 5,3192
138 10:56:21
4,5805 4,6129
4,3605 4,3928
4,7499 4,7829
5,2876 5,3210
139 10:57:21
4,5804 4,6128
4,3613 4,3936
4,7498 4,7828
5,2877 5,3211
140 10:58:21
4,5806 4,6130
4,3614 4,3937
4,7497 4,7827
5,2885 5,3219
141 10:59:21
4,5802 4,6126
4,3607 4,3930
4,7493 4,7823
5,2891 5,3225
142 11:00:20
4,5806 4,6130
4,3611 4,3934
4,7498 4,7828
5,2889 5,3223
143 11:01:20
4,5794 4,6118
4,3600 4,3923
4,7481 4,7811
5,2882 5,3216
144 11:02:21
4,5794 4,6118
4,3600 4,3923
4,7481 4,7811
5,2893 5,3227
145 11:03:21
4,5791 4,6115
4,3589 4,3912
4,7468 4,7798
5,2878 5,3212
146 11:04:20
4,5788 4,6112
4,3594 4,3917
4,7459 4,7789
5,2884 5,3218
147 11:05:20
4,5786 4,6110
4,3585 4,3908
4,7462 4,7792
5,2878 5,3212
148 11:06:21
4,5794 4,6118
4,3593 4,3916
4,7470 4,7800
5,2873 5,3209
149 11:07:21
4,5794 4,6118
4,3593 4,3916
4,7469 4,7799
5,2877 5,3213
150 11:08:21
4,5809 4,6133
4,3605 4,3928
4,7483 4,7813
5,2904 5,3240
151 11:09:21
4,5806 4,6130
4,3599 4,3922
4,7483 4,7813
5,2900 5,3236
152 11:10:20
4,5806 4,6130
4,3588 4,3911
4,7476 4,7806
5,2891 5,3227
153 11:11:21
4,5801 4,6125
4,3573 4,3896
4,7465 4,7795
5,2884 5,3219
154 11:12:21
4,5803 4,6127
4,3579 4,3902
4,7467 4,7797
5,2885 5,3220
155 11:13:21
4,5802 4,6126
4,3571 4,3894
4,7466 4,7796
5,2877 5,3212
156 11:14:21
4,5801 4,6125
4,3567 4,3890
4,7466 4,7796
5,2876 5,3211
157 11:15:21
4,5801 4,6125
4,3566 4,3889
4,7465 4,7795
5,2873 5,3208
158 11:16:20
4,5800 4,6124
4,3572 4,3895
4,7463 4,7794
5,2869 5,3205
159 11:17:20
4,5797 4,6121
4,3565 4,3888
4,7460 4,7791
5,2865 5,3201
160 11:18:21
4,5801 4,6125
4,3570 4,3893
4,7466 4,7797
5,2866 5,3202
161 11:19:21
4,5795 4,6119
4,3563 4,3886
4,7469 4,7800
5,2869 5,3205
162 11:20:20
4,5796 4,6120
4,3562 4,3885
4,7471 4,7802
5,2869 5,3205
163 11:21:20
4,5795 4,6119
4,3558 4,3881
4,7477 4,7808
5,2870 5,3204
164 11:22:21
4,5791 4,6115
4,3549 4,3872
4,7471 4,7802
5,2862 5,3196
165 11:23:21
4,5794 4,6118
4,3555 4,3878
4,7474 4,7805
5,2869 5,3203
166 11:24:21
4,5795 4,6119
4,3560 4,3883
4,7475 4,7806
5,2876 5,3210
167 11:25:21
4,5793 4,6117
4,3558 4,3881
4,7483 4,7814
5,2873 5,3207
168 11:26:20
4,5790 4,6114
4,3554 4,3877
4,7480 4,7811
5,2864 5,3199
169 11:27:20
4,5789 4,6113
4,3558 4,3881
4,7484 4,7815
5,2867 5,3202
170 11:28:21
4,5790 4,6114
4,3560 4,3883
4,7487 4,7818
5,2866 5,3201
171 11:29:21
4,5785 4,6109
4,3553 4,3876
4,7482 4,7813
5,2861 5,3196
172 11:30:21
4,5786 4,6110
4,3557 4,3880
4,7481 4,7812
5,2875 5,3210
173 11:31:21
4,5789 4,6113
4,3565 4,3888
4,7490 4,7820
5,2874 5,3208
174 11:32:20
4,5788 4,6112
4,3571 4,3894
4,7489 4,7819
5,2880 5,3214
175 11:33:20
4,5786 4,6110
4,3569 4,3892
4,7490 4,7820
5,2882 5,3216
176 11:34:20
4,5787 4,6111
4,3570 4,3893
4,7491 4,7821
5,2879 5,3213
177 11:35:21
4,5785 4,6109
4,3570 4,3893
4,7496 4,7826
5,2871 5,3205
178 11:36:21
4,5788 4,6112
4,3575 4,3898
4,7498 4,7829
5,2869 5,3204
179 11:37:21
4,5788 4,6112
4,3570 4,3893
4,7492 4,7823
5,2861 5,3196
180 11:38:20
4,5785 4,6109
4,3574 4,3897
4,7494 4,7825
5,2855 5,3190
181 11:39:20
4,5783 4,6107
4,3576 4,3899
4,7495 4,7826
5,2855 5,3190
182 11:40:21
4,5785 4,6109
4,3582 4,3905
4,7495 4,7826
5,2846 5,3181
183 11:41:21
4,5784 4,6108
4,3579 4,3902
4,7489 4,7819
5,2841 5,3175
184 11:42:21
4,5782 4,6106
4,3569 4,3892
4,7482 4,7812
5,2833 5,3167
185 11:43:21
4,5782 4,6106
4,3563 4,3886
4,7479 4,7809
5,2837 5,3171
186 11:44:20
4,5781 4,6105
4,3556 4,3879
4,7477 4,7807
5,2839 5,3173
187 11:45:20
4,5782 4,6106
4,3558 4,3881
4,7480 4,7810
5,2839 5,3173
188 11:46:21
4,5782 4,6106
4,3557 4,3880
4,7479 4,7810
5,2846 5,3181
189 11:47:21
4,5782 4,6106
4,3561 4,3884
4,7480 4,7811
5,2847 5,3182
190 11:48:21
4,5783 4,6107
4,3558 4,3881
4,7480 4,7811
5,2847 5,3182
191 11:49:20
4,5787 4,6111
4,3574 4,3897
4,7489 4,7820
5,2857 5,3192
192 11:50:20
4,5785 4,6109
4,3572 4,3895
4,7485 4,7816
5,2852 5,3187
193 11:51:21
4,5786 4,6110
4,3569 4,3892
4,7489 4,7819
5,2854 5,3189
194 11:52:21
4,5784 4,6108
4,3563 4,3886
4,7487 4,7817
5,2857 5,3192
195 11:53:21
4,5784 4,6108
4,3562 4,3885
4,7494 4,7824
5,2863 5,3198
196 11:54:21
4,5785 4,6109
4,3562 4,3885
4,7491 4,7821
5,2855 5,3190
197 11:55:20
4,5784 4,6108
4,3565 4,3888
4,7490 4,7820
5,2855 5,3190
198 11:56:20
4,5785 4,6109
4,3570 4,3893
4,7490 4,7820
5,2855 5,3190
199 11:57:21
4,5786 4,6110
4,3573 4,3896
4,7491 4,7821
5,2859 5,3194
200 11:58:21
4,5784 4,6108
4,3573 4,3896
4,7492 4,7822
5,2857 5,3192
201 11:59:20
4,5764 4,6088
4,3557 4,3880
4,7471 4,7801
5,2829 5,3164
202 12:00:20
4,5766 4,6090
4,3558 4,3881
4,7473 4,7803
5,2827 5,3162
203 12:01:21
4,5798 4,6122
4,3591 4,3914
4,7515 4,7845
5,2868 5,3203
204 12:02:21
4,5796 4,6120
4,3591 4,3914
4,7512 4,7842
5,2871 5,3206
205 12:03:20
4,5790 4,6114
4,3590 4,3913
4,7506 4,7836
5,2868 5,3203
206 12:04:21
4,5789 4,6113
4,3588 4,3911
4,7505 4,7835
5,2860 5,3195
207 12:05:21
4,5808 4,6132
4,3602 4,3925
4,7524 4,7854
5,2891 5,3226
208 12:06:21
4,5804 4,6128
4,3594 4,3917
4,7518 4,7848
5,2893 5,3228
209 12:07:21
4,5805 4,6129
4,3597 4,3920
4,7519 4,7849
5,2887 5,3222
210 12:08:20
4,5801 4,6125
4,3596 4,3919
4,7515 4,7845
5,2883 5,3218
211 12:09:20
4,5807 4,6131
4,3601 4,3924
4,7521 4,7851
5,2890 5,3225
212 12:10:20
4,5806 4,6130
4,3600 4,3923
4,7519 4,7849
5,2885 5,3220
213 12:11:21
4,5812 4,6136
4,3606 4,3929
4,7526 4,7856
5,2892 5,3226
214 12:12:21
4,5810 4,6134
4,3600 4,3923
4,7524 4,7854
5,2890 5,3224
215 12:13:20
4,5809 4,6133
4,3599 4,3922
4,7523 4,7853
5,2889 5,3223
216 12:14:20
4,5809 4,6133
4,3603 4,3926
4,7525 4,7855
5,2895 5,3229
217 12:15:21
4,5807 4,6131
4,3595 4,3918
4,7523 4,7853
5,2890 5,3224
218 12:16:21
4,5803 4,6127
4,3589 4,3912
4,7518 4,7849
5,2890 5,3224
219 12:17:21
4,5799 4,6123
4,3591 4,3914
4,7511 4,7842
5,2884 5,3218
220 12:18:20
4,5799 4,6123
4,3596 4,3919
4,7512 4,7843
5,2890 5,3224
221 12:19:20
4,5797 4,6121
4,3595 4,3918
4,7509 4,7840
5,2902 5,3236
222 12:20:21
4,5800 4,6124
4,3595 4,3918
4,7515 4,7846
5,2904 5,3238
223 12:21:21
4,5800 4,6124
4,3598 4,3921
4,7521 4,7851
5,2906 5,3241
224 12:22:21
4,5801 4,6125
4,3598 4,3921
4,7522 4,7852
5,2908 5,3243
225 12:23:21
4,5805 4,6129
4,3597 4,3920
4,7531 4,7861
5,2902 5,3237
226 12:24:20
4,5806 4,6130
4,3597 4,3920
4,7533 4,7863
5,2886 5,3221
227 12:25:21
4,5795 4,6119
4,3586 4,3909
4,7520 4,7850
5,2868 5,3203
228 12:26:21
4,5790 4,6114
4,3568 4,3891
4,7516 4,7846
5,2858 5,3192
229 12:27:21
4,5789 4,6113
4,3568 4,3891
4,7515 4,7845
5,2855 5,3189
230 12:28:20
4,5781 4,6105
4,3560 4,3883
4,7504 4,7834
5,2838 5,3172
231 12:29:20
4,5784 4,6108
4,3555 4,3878
4,7500 4,7830
5,2844 5,3178
232 12:30:21
4,5790 4,6114
4,3552 4,3875
4,7501 4,7831
5,2849 5,3183
233 12:31:21
4,5791 4,6115
4,3553 4,3876
4,7501 4,7832
5,2850 5,3184
234 12:32:21
4,5791 4,6115
4,3544 4,3867
4,7503 4,7834
5,2848 5,3182
235 12:33:20
4,5790 4,6114
4,3546 4,3869
4,7500 4,7831
5,2847 5,3181
236 12:34:20
4,5790 4,6114
4,3543 4,3866
4,7502 4,7833
5,2848 5,3182
237 12:35:21
4,5791 4,6115
4,3545 4,3868
4,7504 4,7835
5,2851 5,3185
238 12:36:21
4,5789 4,6113
4,3536 4,3859
4,7504 4,7834
5,2846 5,3180
239 12:37:21
4,5791 4,6115
4,3540 4,3863
4,7508 4,7838
5,2850 5,3184
240 12:38:20
4,5789 4,6113
4,3536 4,3859
4,7510 4,7840
5,2848 5,3182
241 12:39:20
4,5791 4,6115
4,3542 4,3865
4,7512 4,7842
5,2853 5,3187
242 12:40:21
4,5789 4,6113
4,3539 4,3862
4,7510 4,7840
5,2851 5,3185
243 12:41:21
4,5789 4,6113
4,3538 4,3861
4,7510 4,7840
5,2851 5,3186
244 12:42:20
4,5795 4,6119
4,3538 4,3861
4,7516 4,7846
5,2864 5,3199
245 12:43:20
4,5798 4,6122
4,3545 4,3868
4,7525 4,7855
5,2867 5,3202
246 12:44:21
4,5797 4,6121
4,3542 4,3865
4,7525 4,7855
5,2863 5,3198
247 12:45:21
4,5783 4,6107
4,3524 4,3847
4,7508 4,7838
5,2853 5,3188
248 12:46:20
4,5788 4,6112
4,3537 4,3860
4,7519 4,7849
5,2859 5,3193
249 12:47:20
4,5787 4,6111
4,3536 4,3859
4,7515 4,7845
5,2851 5,3185
250 12:48:21
4,5786 4,6110
4,3535 4,3858
4,7516 4,7846
5,2856 5,3190
251 12:49:21
4,5789 4,6113
4,3536 4,3859
4,7520 4,7850
5,2857 5,3191
252 12:50:21
4,5777 4,6101
4,3513 4,3836
4,7503 4,7833
5,2840 5,3174
253 12:51:21
4,5778 4,6102
4,3519 4,3842
4,7505 4,7835
5,2847 5,3182
254 12:52:21
4,5782 4,6106
4,3513 4,3836
4,7512 4,7842
5,2854 5,3189
255 12:53:20
4,5788 4,6112
4,3521 4,3844
4,7521 4,7851
5,2859 5,3194
256 12:54:21
4,5788 4,6112
4,3525 4,3848
4,7521 4,7851
5,2868 5,3203
257 12:55:20
4,5791 4,6115
4,3532 4,3855
4,7522 4,7852
5,2872 5,3207
258 12:56:20
4,5789 4,6113
4,3536 4,3859
4,7524 4,7854
5,2869 5,3204
259 12:57:21
4,5782 4,6106
4,3531 4,3854
4,7512 4,7842
5,2861 5,3196
260 12:58:21
4,5767 4,6091
4,3519 4,3842
4,7496 4,7826
5,2834 5,3169
261 12:59:21
4,5779 4,6103
4,3528 4,3851
4,7519 4,7849
5,2842 5,3177
262 13:00:20
4,5784 4,6108
4,3532 4,3855
4,7519 4,7849
5,2864 5,3199
263 13:01:20
4,5779 4,6103
4,3520 4,3843
4,7529 4,7859
5,2873 5,3207
264 13:02:21
4,5757 4,6081
4,3510 4,3833
4,7511 4,7841
5,2832 5,3166
265 13:03:21
4,5755 4,6079
4,3507 4,3830
4,7510 4,7840
5,2830 5,3164
266 13:04:20
4,5765 4,6089
4,3530 4,3853
4,7523 4,7853
5,2840 5,3174
267 13:05:20
4,5767 4,6091
4,3541 4,3864
4,7528 4,7858
5,2845 5,3179
268 13:06:21
4,5764 4,6088
4,3535 4,3858
4,7525 4,7855
5,2837 5,3171
269 13:07:21
4,5759 4,6083
4,3531 4,3854
4,7518 4,7848
5,2819 5,3153
270 13:08:21
4,5757 4,6081
4,3527 4,3850
4,7517 4,7847
5,2817 5,3151
271 13:09:23
4,5762 4,6086
4,3536 4,3859
4,7516 4,7846
5,2823 5,3157
272 13:10:21
4,5760 4,6084
4,3534 4,3857
4,7514 4,7844
5,2821 5,3155
273 13:11:21
4,5761 4,6085
4,3530 4,3854
4,7515 4,7846
5,2828 5,3163
274 13:12:20
4,5762 4,6086
4,3527 4,3851
4,7523 4,7854
5,2835 5,3170
275 13:13:20
4,5760 4,6084
4,3525 4,3849
4,7522 4,7853
5,2836 5,3171
276 13:14:21
4,5760 4,6084
4,3523 4,3847
4,7519 4,7850
5,2826 5,3161
277 13:15:21
4,5763 4,6087
4,3528 4,3852
4,7522 4,7853
5,2833 5,3168
278 13:16:20
4,5765 4,6089
4,3530 4,3854
4,7524 4,7854
5,2835 5,3170
279 13:17:20
4,5762 4,6086
4,3525 4,3849
4,7516 4,7846
5,2834 5,3169
280 13:18:21
4,5760 4,6084
4,3521 4,3845
4,7517 4,7847
5,2829 5,3164
281 13:19:21
4,5764 4,6088
4,3526 4,3850
4,7525 4,7855
5,2834 5,3169
282 13:20:21
4,5751 4,6075
4,3512 4,3836
4,7512 4,7842
5,2828 5,3163
283 13:21:21
4,5750 4,6074
4,3511 4,3835
4,7513 4,7844
5,2830 5,3165
284 13:22:20
4,5747 4,6071
4,3501 4,3825
4,7511 4,7842
5,2821 5,3156
285 13:23:20
4,5743 4,6067
4,3497 4,3821
4,7504 4,7835
5,2813 5,3148
286 13:24:21
4,5740 4,6064
4,3490 4,3814
4,7499 4,7830
5,2798 5,3133
287 13:25:21
4,5740 4,6064
4,3487 4,3811
4,7495 4,7826
5,2791 5,3126
288 13:26:21
4,5740 4,6064
4,3491 4,3815
4,7502 4,7833
5,2790 5,3125
289 13:27:21
4,5741 4,6065
4,3484 4,3808
4,7501 4,7832
5,2793 5,3128
290 13:28:20
4,5740 4,6064
4,3488 4,3812
4,7501 4,7832
5,2792 5,3127
291 13:29:20
4,5743 4,6067
4,3498 4,3822
4,7501 4,7832
5,2794 5,3129
292 13:30:23
4,5745 4,6069
4,3503 4,3827
4,7504 4,7835
5,2797 5,3132
293 13:31:22
4,5743 4,6067
4,3490 4,3814
4,7504 4,7835
5,2797 5,3132
294 13:32:22
4,5742 4,6066
4,3486 4,3810
4,7503 4,7834
5,2802 5,3137
295 13:33:22
4,5767 4,6091
4,3517 4,3841
4,7529 4,7860
5,2827 5,3162
296 13:34:21
4,5776 4,6100
4,3530 4,3854
4,7538 4,7869
5,2841 5,3176
297 13:35:22
4,5781 4,6105
4,3541 4,3865
4,7545 4,7876
5,2850 5,3185
298 13:36:20
4,5783 4,6107
4,3531 4,3855
4,7546 4,7877
5,2850 5,3185
299 13:37:21
4,5782 4,6106
4,3530 4,3854
4,7545 4,7876
5,2849 5,3184
300 13:38:21
4,5782 4,6106
4,3534 4,3858
4,7545 4,7876
5,2852 5,3187
301 13:39:21
4,5785 4,6109
4,3534 4,3858
4,7550 4,7881
5,2851 5,3186
302 13:40:20
4,5790 4,6114
4,3535 4,3859
4,7555 4,7886
5,2858 5,3193
303 13:41:21
4,5793 4,6117
4,3530 4,3854
4,7558 4,7888
5,2864 5,3199
304 13:42:21
4,5797 4,6121
4,3536 4,3860
4,7563 4,7893
5,2872 5,3207
305 13:43:21
4,5798 4,6122
4,3535 4,3859
4,7569 4,7899
5,2879 5,3214
306 13:44:20
4,5802 4,6126
4,3538 4,3862
4,7573 4,7903
5,2884 5,3219
307 13:45:20
4,5803 4,6127
4,3529 4,3853
4,7579 4,7909
5,2888 5,3223
308 13:46:21
4,5817 4,6141
4,3536 4,3860
4,7591 4,7922
5,2908 5,3243
309 13:47:21
4,5822 4,6146
4,3543 4,3867
4,7596 4,7927
5,2926 5,3261
310 13:48:20
4,5822 4,6146
4,3547 4,3871
4,7601 4,7932
5,2932 5,3267
311 13:49:21
4,5824 4,6148
4,3545 4,3869
4,7601 4,7932
5,2940 5,3275
312 13:50:21
4,5831 4,6155
4,3558 4,3882
4,7613 4,7944
5,2949 5,3284
313 13:51:21
4,5836 4,6160
4,3560 4,3884
4,7618 4,7949
5,2950 5,3285
314 13:52:21
4,5840 4,6164
4,3568 4,3892
4,7625 4,7956
5,2958 5,3293
315 13:53:20
4,5844 4,6168
4,3570 4,3894
4,7629 4,7960
5,2961 5,3296
316 13:54:21
4,5867 4,6191
4,3602 4,3926
4,7653 4,7984
5,2986 5,3321
317 13:55:21
4,5867 4,6191
4,3599 4,3923
4,7653 4,7984
5,2992 5,3327
318 13:56:21
4,5875 4,6199
4,3599 4,3923
4,7661 4,7992
5,2992 5,3327
319 13:57:20
4,5871 4,6195
4,3598 4,3922
4,7654 4,7985
5,2988 5,3323
320 13:58:23
4,5871 4,6195
4,3598 4,3922
4,7654 4,7985
5,2988 5,3323
321 13:59:21
4,5863 4,6187
4,3580 4,3904
4,7646 4,7977
5,2979 5,3314
322 14:00:22
4,5865 4,6189
4,3584 4,3908
4,7648 4,7979
5,2979 5,3314
323 14:01:21
4,5856 4,6180
4,3584 4,3908
4,7642 4,7973
5,2974 5,3309
324 14:02:21
4,5833 4,6157
4,3564 4,3888
4,7617 4,7948
5,2941 5,3276
325 14:03:20
4,5830 4,6154
4,3554 4,3878
4,7616 4,7947
5,2937 5,3272
326 14:04:21
4,5831 4,6155
4,3556 4,3880
4,7618 4,7949
5,2937 5,3272
327 14:05:21
4,5827 4,6151
4,3539 4,3863
4,7605 4,7936
5,2932 5,3267
328 14:06:21
4,5828 4,6152
4,3532 4,3856
4,7595 4,7926
5,2936 5,3271
329 14:07:20
4,5818 4,6142
4,3522 4,3846
4,7586 4,7917
5,2918 5,3253
330 14:08:20
4,5815 4,6139
4,3523 4,3847
4,7588 4,7919
5,2914 5,3249
331 14:09:21
4,5816 4,6140
4,3526 4,3850
4,7589 4,7920
5,2924 5,3259
332 14:10:21
4,5809 4,6133
4,3526 4,3850
4,7580 4,7911
5,2927 5,3262
333 14:11:20
4,5807 4,6131
4,3526 4,3850
4,7575 4,7906
5,2918 5,3253
334 14:12:20
4,5802 4,6126
4,3522 4,3846
4,7568 4,7899
5,2913 5,3248
335 14:13:21
4,5802 4,6126
4,3518 4,3842
4,7568 4,7899
5,2909 5,3244
336 14:14:21
4,5803 4,6127
4,3524 4,3848
4,7568 4,7899
5,2903 5,3238
337 14:15:21
4,5804 4,6128
4,3532 4,3856
4,7567 4,7898
5,2900 5,3235
338 14:16:20
4,5840 4,6164
4,3560 4,3884
4,7605 4,7936
5,2931 5,3266
339 14:17:20
4,5849 4,6173
4,3566 4,3890
4,7614 4,7945
5,2935 5,3270
340 14:18:21
4,5856 4,6180
4,3584 4,3908
4,7620 4,7951
5,2944 5,3279
341 14:19:21
4,5851 4,6175
4,3580 4,3904
4,7613 4,7944
5,2931 5,3266
342 14:20:20
4,5849 4,6173
4,3587 4,3911
4,7612 4,7943
5,2920 5,3255
343 14:21:20
4,5831 4,6155
4,3572 4,3896
4,7591 4,7921
5,2901 5,3236
344 14:22:21
4,5812 4,6136
4,3554 4,3878
4,7570 4,7900
5,2876 5,3211
345 14:23:21
4,5814 4,6138
4,3564 4,3888
4,7578 4,7908
5,2883 5,3218
346 14:24:21
4,5804 4,6128
4,3557 4,3881
4,7560 4,7890
5,2874 5,3209
347 14:25:20
4,5806 4,6130
4,3567 4,3891
4,7566 4,7896
5,2881 5,3216
348 14:26:21
4,5812 4,6136
4,3565 4,3889
4,7569 4,7899
5,2890 5,3225
349 14:27:21
4,5818 4,6142
4,3570 4,3894
4,7570 4,7900
5,2894 5,3229
350 14:28:21
4,5817 4,6141
4,3568 4,3892
4,7574 4,7904
5,2899 5,3234
351 14:29:21
4,5813 4,6137
4,3565 4,3889
4,7569 4,7899
5,2894 5,3229
352 14:30:20
4,5813 4,6137
4,3563 4,3889
4,7575 4,7909
5,2894 5,3234
353 14:31:20
4,5831 4,6155
4,3594 4,3918
4,7583 4,7913
5,2910 5,3245
354 14:32:21
4,5844 4,6168
4,3607 4,3931
4,7611 4,7941
5,2930 5,3265
355 14:33:21
4,5837 4,6161
4,3600 4,3924
4,7608 4,7938
5,2924 5,3259
356 14:34:21
4,5834 4,6158
4,3613 4,3937
4,7616 4,7946
5,2925 5,3260
357 14:35:20
4,5795 4,6119
4,3577 4,3901
4,7575 4,7905
5,2877 5,3212
358 14:36:21
4,5812 4,6136
4,3596 4,3920
4,7594 4,7924
5,2892 5,3227
359 14:37:21
4,5811 4,6135
4,3601 4,3925
4,7597 4,7927
5,2890 5,3225
360 14:38:21
4,5810 4,6134
4,3606 4,3930
4,7588 4,7918
5,2893 5,3228
361 14:39:20
4,5808 4,6132
4,3623 4,3947
4,7577 4,7907
5,2874 5,3209
362 14:40:20
4,5803 4,6127
4,3608 4,3932
4,7567 4,7897
5,2859 5,3194
363 14:41:21
4,5807 4,6131
4,3620 4,3944
4,7576 4,7907
5,2841 5,3176
364 14:42:21
4,5830 4,6154
4,3640 4,3964
4,7595 4,7926
5,2880 5,3215
365 14:43:21
4,5830 4,6154
4,3648 4,3972
4,7589 4,7920
5,2879 5,3214
366 14:44:20
4,5808 4,6132
4,3606 4,3930
4,7564 4,7895
5,2857 5,3192
367 14:45:21
4,5803 4,6127
4,3604 4,3928
4,7557 4,7888
5,2836 5,3171
368 14:46:21
4,5798 4,6122
4,3599 4,3923
4,7558 4,7889
5,2839 5,3174
369 14:47:21
4,5781 4,6105
4,3577 4,3901
4,7539 4,7870
5,2828 5,3163
370 14:48:20
4,5771 4,6095
4,3561 4,3885
4,7531 4,7862
5,2819 5,3154
371 14:49:20
4,5762 4,6086
4,3544 4,3868
4,7517 4,7848
5,2807 5,3142
372 14:50:21
4,5765 4,6089
4,3549 4,3873
4,7519 4,7850
5,2811 5,3146
373 14:51:20
4,5762 4,6086
4,3552 4,3876
4,7516 4,7847
5,2814 5,3149
374 14:52:20
4,5763 4,6087
4,3553 4,3877
4,7507 4,7838
5,2815 5,3150
375 14:53:21
4,5753 4,6077
4,3537 4,3861
4,7502 4,7833
5,2806 5,3141
376 14:54:21
4,5746 4,6070
4,3523 4,3847
4,7485 4,7816
5,2792 5,3127
377 14:55:21
4,5748 4,6072
4,3527 4,3851
4,7478 4,7809
5,2789 5,3124
378 14:56:21
4,5749 4,6073
4,3508 4,3832
4,7487 4,7818
5,2789 5,3124
379 14:57:20
4,5743 4,6067
4,3499 4,3823
4,7482 4,7813
5,2791 5,3126
380 14:58:20
4,5748 4,6072
4,3505 4,3829
4,7481 4,7812
5,2800 5,3135
381 14:59:21
4,5758 4,6082
4,3517 4,3841
4,7492 4,7823
5,2812 5,3147
382 15:00:21
4,5769 4,6093
4,3531 4,3855
4,7513 4,7844
5,2830 5,3165
383 15:01:20
4,5767 4,6091
4,3524 4,3848
4,7512 4,7843
5,2828 5,3163
384 15:02:20
4,5767 4,6091
4,3513 4,3837
4,7497 4,7828
5,2825 5,3160
385 15:03:21
4,5768 4,6092
4,3510 4,3834
4,7487 4,7818
5,2822 5,3157
386 15:04:21
4,5767 4,6091
4,3515 4,3839
4,7496 4,7827
5,2816 5,3151
387 15:05:21
4,5768 4,6092
4,3514 4,3838
4,7498 4,7829
5,2812 5,3147
388 15:06:20
4,5768 4,6092
4,3529 4,3853
4,7495 4,7826
5,2821 5,3156
389 15:07:20
4,5769 4,6093
4,3531 4,3855
4,7491 4,7822
5,2818 5,3153
390 15:08:21
4,5751 4,6075
4,3516 4,3840
4,7470 4,7801
5,2803 5,3138
391 15:09:21
4,5752 4,6076
4,3499 4,3823
4,7469 4,7800
5,2814 5,3149
392 15:10:21
4,5749 4,6073
4,3486 4,3810
4,7473 4,7804
5,2816 5,3151
393 15:11:20
4,5751 4,6075
4,3500 4,3824
4,7480 4,7811
5,2819 5,3154
394 15:12:20
4,5746 4,6070
4,3511 4,3835
4,7478 4,7809
5,2824 5,3159
395 15:13:21
4,5743 4,6067
4,3511 4,3835
4,7468 4,7799
5,2819 5,3154
396 15:14:21
4,5741 4,6065
4,3509 4,3833
4,7467 4,7798
5,2814 5,3149
397 15:15:21
4,5735 4,6059
4,3512 4,3836
4,7454 4,7785
5,2802 5,3137
398 15:16:20
4,5750 4,6074
4,3541 4,3865
4,7464 4,7795
5,2822 5,3157
399 15:17:20
4,5778 4,6102
4,3566 4,3890
4,7499 4,7830
5,2852 5,3187
400 15:18:20
4,5792 4,6116
4,3566 4,3890
4,7507 4,7838
5,2873 5,3208
401 15:19:21
4,5796 4,6120
4,3565 4,3889
4,7521 4,7852
5,2880 5,3215
402 15:20:21
4,5799 4,6123
4,3567 4,3891
4,7521 4,7852
5,2893 5,3228
403 15:21:21
4,5811 4,6135
4,3584 4,3908
4,7528 4,7859
5,2905 5,3240
404 15:22:20
4,5812 4,6136
4,3574 4,3898
4,7526 4,7857
5,2901 5,3236
405 15:23:21
4,5812 4,6136
4,3571 4,3895
4,7531 4,7862
5,2902 5,3237
406 15:24:21
4,5815 4,6139
4,3574 4,3898
4,7534 4,7865
5,2909 5,3244
407 15:25:21
4,5817 4,6141
4,3567 4,3891
4,7532 4,7863
5,2905 5,3240
408 15:26:20
4,5804 4,6128
4,3542 4,3866
4,7521 4,7852
5,2884 5,3219
409 15:27:20
4,5779 4,6103
4,3512 4,3836
4,7498 4,7829
5,2851 5,3186
410 15:28:20
4,5743 4,6067
4,3460 4,3784
4,7465 4,7796
5,2821 5,3156
411 15:29:21
4,5748 4,6072
4,3476 4,3800
4,7474 4,7805
5,2828 5,3163
412 15:30:21
4,5748 4,6072
4,3458 4,3782
4,7473 4,7804
5,2826 5,3161
413 15:31:21
4,5742 4,6066
4,3444 4,3768
4,7459 4,7790
5,2814 5,3149
414 15:32:20
4,5753 4,6077
4,3459 4,3783
4,7473 4,7804
5,2832 5,3167
415 15:33:20
4,5756 4,6080
4,3459 4,3783
4,7482 4,7813
5,2839 5,3174
416 15:34:21
4,5753 4,6077
4,3461 4,3785
4,7485 4,7816
5,2844 5,3179
417 15:35:21
4,5756 4,6080
4,3466 4,3790
4,7485 4,7816
5,2850 5,3185
418 15:36:21
4,5763 4,6087
4,3470 4,3794
4,7494 4,7825
5,2854 5,3189
419 15:37:21
4,5763 4,6087
4,3470 4,3794
4,7515 4,7846
5,2865 5,3200
420 15:38:20
4,5787 4,6111
4,3505 4,3829
4,7529 4,7860
5,2891 5,3226
421 15:39:20
4,5798 4,6122
4,3527 4,3851
4,7544 4,7875
5,2914 5,3249
422 15:40:21
4,5801 4,6125
4,3537 4,3861
4,7564 4,7895
5,2914 5,3249
423 15:41:21
4,5801 4,6125
4,3547 4,3871
4,7564 4,7895
5,2923 5,3258
424 15:42:20
4,5808 4,6132
4,3555 4,3879
4,7572 4,7903
5,2929 5,3264
425 15:43:20
4,5862 4,6186
4,3606 4,3930
4,7638 4,7969
5,2986 5,3321
426 15:44:21
4,5860 4,6184
4,3599 4,3923
4,7633 4,7964
5,2978 5,3313
427 15:45:21
4,5860 4,6184
4,3604 4,3928
4,7637 4,7968
5,2979 5,3314
428 15:46:21
4,5854 4,6178
4,3600 4,3924
4,7634 4,7965
5,2968 5,3303
429 15:47:21
4,5858 4,6182
4,3610 4,3934
4,7636 4,7967
5,2974 5,3309
430 15:48:20
4,5842 4,6166
4,3583 4,3907
4,7625 4,7956
5,2952 5,3287
431 15:49:20
4,5849 4,6173
4,3583 4,3907
4,7631 4,7962
5,2959 5,3294
432 15:50:21
4,5844 4,6168
4,3572 4,3896
4,7631 4,7962
5,2960 5,3295
433 15:51:21
4,5842 4,6166
4,3558 4,3882
4,7637 4,7968
5,2956 5,3291
434 15:52:21
4,5867 4,6191
4,3590 4,3914
4,7658 4,7989
5,2985 5,3320
435 15:53:20
4,5869 4,6193
4,3588 4,3912
4,7665 4,7996
5,2986 5,3321
436 15:54:20
4,5866 4,6190
4,3578 4,3902
4,7654 4,7985
5,2976 5,3311
437 15:55:21
4,5865 4,6189
4,3577 4,3901
4,7650 4,7981
5,2977 5,3312
438 15:56:21
4,5866 4,6190
4,3561 4,3885
4,7668 4,7999
5,2985 5,3320
439 15:57:21
4,5861 4,6185
4,3559 4,3883
4,7656 4,7987
5,2985 5,3320
440 15:58:21
4,5858 4,6182
4,3564 4,3888
4,7673 4,8004
5,2994 5,3329
441 15:59:20
4,5858 4,6182
4,3564 4,3888
4,7665 4,7996
5,2988 5,3323
442 16:00:20
4,5856 4,6180
4,3573 4,3897
4,7671 4,8002
5,2980 5,3315
443 16:01:21
4,5857 4,6181
4,3586 4,3910
4,7672 4,8003
5,2981 5,3316
444 16:02:21
4,5859 4,6183
4,3586 4,3910
4,7674 4,8005
5,2977 5,3312
445 16:03:21
4,5859 4,6183
4,3586 4,3910
4,7674 4,8005
5,2977 5,3312
446 16:04:20
4,5859 4,6183
4,3586 4,3910
4,7674 4,8005
5,2977 5,3312
447 16:05:20
4,5859 4,6183
4,3586 4,3910
4,7674 4,8005
5,2977 5,3312
448 16:06:21
4,5859 4,6183
4,3586 4,3910
4,7674 4,8005
5,2977 5,3312
449 16:07:21
4,5859 4,6183
4,3586 4,3910
4,7674 4,8005
5,2977 5,3312
450 16:08:21
4,5890 4,6214
4,3648 4,3972
4,7706 4,8037
5,3023 5,3358
451 16:09:21
4,5910 4,6234
4,3668 4,3992
4,7727 4,8058
5,3043 5,3378
452 16:10:20
4,5906 4,6230
4,3662 4,3986
4,7723 4,8054
5,3041 5,3376
453 16:11:21
4,5912 4,6236
4,3672 4,3996
4,7729 4,8060
5,3050 5,3385
454 16:12:21
4,5913 4,6237
4,3659 4,3983
4,7731 4,8062
5,3053 5,3388
455 16:13:21
4,5887 4,6211
4,3632 4,3956
4,7703 4,8034
5,3025 5,3360
456 16:14:23
4,5888 4,6212
4,3630 4,3954
4,7704 4,8035
5,3023 5,3358
457 16:15:21
4,5882 4,6206
4,3618 4,3942
4,7685 4,8016
5,3016 5,3351
458 16:16:21
4,5880 4,6204
4,3621 4,3945
4,7691 4,8022
5,3015 5,3350
459 16:17:20
4,5882 4,6206
4,3614 4,3938
4,7695 4,8026
5,3016 5,3351
460 16:18:20
4,5872 4,6196
4,3599 4,3923
4,7682 4,8013
5,3002 5,3337
461 16:19:20
4,5862 4,6186
4,3587 4,3911
4,7669 4,8000
5,2990 5,3325
462 16:20:21
4,5846 4,6170
4,3562 4,3886
4,7653 4,7984
5,2972 5,3307
463 16:21:21
4,5848 4,6172
4,3565 4,3889
4,7660 4,7991
5,2974 5,3309
464 16:22:21
4,5850 4,6174
4,3561 4,3885
4,7657 4,7988
5,2970 5,3305
465 16:23:20
4,5846 4,6170
4,3559 4,3883
4,7643 4,7974
5,2962 5,3297
466 16:24:20
4,5851 4,6175
4,3582 4,3906
4,7650 4,7981
5,2971 5,3306
467 16:25:21
4,5850 4,6174
4,3580 4,3904
4,7650 4,7981
5,2973 5,3308
468 16:26:21
4,5843 4,6167
4,3552 4,3876
4,7634 4,7965
5,2955 5,3290
469 16:27:21
4,5839 4,6163
4,3537 4,3861
4,7624 4,7955
5,2951 5,3286
470 16:28:20
4,5841 4,6165
4,3538 4,3862
4,7623 4,7954
5,2960 5,3295
471 16:29:21
4,5847 4,6171
4,3545 4,3869
4,7626 4,7957
5,2960 5,3295
472 16:30:21
4,5847 4,6171
4,3552 4,3876
4,7627 4,7958
5,2964 5,3299
473 16:31:21
4,5852 4,6176
4,3559 4,3883
4,7633 4,7964
5,2967 5,3302
474 16:32:20
4,5854 4,6178
4,3553 4,3877
4,7632 4,7963
5,2960 5,3295
475 16:33:21
4,5854 4,6178
4,3565 4,3889
4,7632 4,7963
5,2968 5,3303
476 16:34:20
4,5858 4,6182
4,3567 4,3891
4,7633 4,7964
5,2967 5,3302
477 16:35:20
4,5874 4,6198
4,3587 4,3911
4,7643 4,7974
5,2974 5,3309
478 16:36:21
4,5879 4,6203
4,3607 4,3931
4,7652 4,7983
5,2976 5,3311
479 16:37:21
4,5879 4,6203
4,3615 4,3939
4,7645 4,7976
5,2980 5,3315
480 16:38:21
4,5878 4,6202
4,3610 4,3934
4,7656 4,7987
5,2990 5,3325
481 16:39:21
4,5901 4,6225
4,3636 4,3960
4,7678 4,8009
5,3016 5,3351
482 16:40:20
4,5903 4,6227
4,3647 4,3971
4,7686 4,8017
5,3023 5,3358
483 16:41:20
4,5901 4,6225
4,3645 4,3969
4,7681 4,8012
5,3017 5,3352
484 16:42:21
4,5899 4,6223
4,3638 4,3962
4,7673 4,8004
5,3011 5,3346
485 16:43:21
4,5897 4,6221
4,3639 4,3963
4,7671 4,8002
5,3013 5,3348
486 16:44:20
4,5892 4,6216
4,3622 4,3946
4,7666 4,7997
5,3009 5,3344
487 16:45:20
4,5897 4,6221
4,3629 4,3953
4,7667 4,7998
5,3016 5,3351
488 16:46:21
4,5900 4,6224
4,3635 4,3959
4,7676 4,8007
5,3028 5,3363
489 16:47:21
4,5901 4,6225
4,3638 4,3962
4,7681 4,8012
5,3032 5,3367
490 16:48:21
4,5900 4,6224
4,3644 4,3968
4,7685 4,8016
5,3044 5,3379
491 16:49:20
4,5900 4,6224
4,3630 4,3954
4,7683 4,8014
5,3044 5,3379
492 16:50:20
4,5898 4,6222
4,3627 4,3951
4,7667 4,7998
5,3034 5,3369
493 16:51:21
4,5897 4,6221
4,3611 4,3935
4,7666 4,7997
5,3036 5,3371
494 16:52:21
4,5892 4,6216
4,3605 4,3929
4,7659 4,7990
5,3029 5,3364
495 16:53:21
4,5899 4,6223
4,3589 4,3913
4,7664 4,7995
5,3029 5,3364
496 16:54:20
4,5894 4,6218
4,3588 4,3912
4,7658 4,7989
5,3021 5,3356
497 16:55:21
4,5902 4,6226
4,3594 4,3918
4,7669 4,8000
5,3033 5,3368
498 16:56:21
4,5903 4,6227
4,3603 4,3927
4,7677 4,8008
5,3037 5,3372
499 16:57:21
4,5906 4,6230
4,3599 4,3923
4,7673 4,8004
5,3035 5,3370
500 16:58:20
4,5912 4,6236
4,3597 4,3921
4,7680 4,8011
5,3042 5,3377
501 16:59:20
4,5894 4,6218
4,3584 4,3908
4,7665 4,7996
5,3021 5,3356
502 17:00:21
4,5894 4,6218
4,3586 4,3910
4,7668 4,7999
5,3028 5,3363
503 17:01:21
4,5904 4,6228
4,3606 4,3930
4,7682 4,8013
5,3042 5,3377
504 17:02:21
4,5908 4,6232
4,3600 4,3924
4,7683 4,8014
5,3047 5,3382
505 17:03:20
4,5910 4,6234
4,3608 4,3932
4,7687 4,8018
5,3049 5,3384
506 17:04:21
4,5911 4,6235
4,3608 4,3932
4,7690 4,8021
5,3050 5,3385
507 17:05:21
4,5928 4,6252
4,3642 4,3966
4,7712 4,8043
5,3076 5,3411
508 17:06:21
4,5920 4,6244
4,3648 4,3972
4,7705 4,8036
5,3072 5,3407
509 17:07:21
4,5930 4,6254
4,3660 4,3984
4,7716 4,8047
5,3081 5,3416
510 17:08:20
4,5900 4,6228
4,3633 4,3964
4,7689 4,8020
5,3050 5,3385
511 17:09:20
4,5908 4,6232
4,3637 4,3961
4,7688 4,8019
5,3056 5,3391
512 19:12:21
4,5889 4,6239
4,3584 4,3940
4,7674 4,8032
5,3072 5,3435
513 19:13:21
4,5889 4,6242
4,3576 4,3935
4,7667 4,8028
5,3071 5,3439
514 19:14:20
4,5887 4,6241
4,3567 4,3922
4,7666 4,8033
5,3075 5,3444
515 19:15:20
4,5892 4,6244
4,3568 4,3925
4,7672 4,8032
5,3082 5,3448
516 19:16:20
4,5887 4,6243
4,3567 4,3928
4,7661 4,8030
5,3069 5,3441
517 19:17:28
4,5889 4,6246
4,3575 4,3934
4,7663 4,8029
5,3070 5,3441
518 19:18:21
4,5892 4,6245
4,3570 4,3925
4,7661 4,8023
5,3080 5,3447
519 19:19:21
4,5891 4,6243
4,3565 4,3919
4,7661 4,8021
5,3079 5,3446
520 19:20:21
4,5891 4,6241
4,3565 4,3921
4,7655 4,8018
5,3079 5,3444
521 19:21:21
4,5892 4,6243
4,3574 4,3929
4,7655 4,8018
5,3079 5,3444
522 19:22:21
4,5892 4,6242
4,3570 4,3922
4,7662 4,8020
5,3080 5,3445
523 19:23:20
4,5890 4,6242
4,3562 4,3919
4,7653 4,8015
5,3080 5,3446
524 19:24:20
4,5890 4,6242
4,3560 4,3914
4,7655 4,8015
5,3078 5,3445
525 19:26:46
4,5887 4,6246
4,3561 4,3925
4,7646 4,8017
5,3069 5,3443
526 19:27:24
4,5887 4,6246
4,3557 4,3921
4,7646 4,8017
5,3071 5,3444
527 19:28:20
4,5883 4,6243
4,3555 4,3920
4,7648 4,8016
5,3070 5,3443
528 19:29:21
4,5888 4,6242
4,3562 4,3922
4,7653 4,8015
5,3081 5,3450
529 19:30:23
4,5888 4,6243
4,3554 4,3915
4,7646 4,8009
5,3074 5,3445
530 19:31:20
4,5888 4,6242
4,3554 4,3912
4,7648 4,8010
5,3076 5,3445
531 19:32:21
4,5888 4,6242
4,3572 4,3931
4,7648 4,8010
5,3078 5,3445
532 19:33:22
4,5887 4,6248
4,3565 4,3931
4,7645 4,8014
5,3074 5,3452
533 19:34:21
4,5886 4,6247
4,3560 4,3922
4,7644 4,8013
5,3079 5,3456
534 19:35:21
4,5890 4,6247
4,3562 4,3923
4,7648 4,8013
5,3083 5,3456
535 19:36:21
4,5891 4,6246
4,3555 4,3913
4,7649 4,8012
5,3086 5,3456
536 19:37:20
4,5890 4,6245
4,3552 4,3913
4,7643 4,8006
5,3084 5,3453
537 19:38:20
4,5890 4,6245
4,3547 4,3907
4,7643 4,8010
5,3078 5,3448
538 19:39:20
4,5886 4,6244
4,3545 4,3908
4,7641 4,8007
5,3074 5,3447
539 19:40:21
4,5887 4,6246
4,3545 4,3906
4,7636 4,8008
5,3075 5,3449
540 19:41:21
4,5887 4,6245
4,3542 4,3905
4,7637 4,8003
5,3075 5,3448
541 19:42:21
4,5885 4,6250
4,3542 4,3908
4,7633 4,8006
5,3072 5,3454
542 19:43:21
4,5885 4,6251
4,3544 4,3915
4,7644 4,8023
5,3073 5,3455
543 19:44:21
4,5885 4,6249
4,3544 4,3913
4,7639 4,8016
5,3074 5,3454
544 19:45:20
4,5885 4,6247
4,3547 4,3911
4,7645 4,8015
5,3080 5,3458
545 19:46:20
4,5882 4,6246
4,3548 4,3918
4,7647 4,8019
5,3074 5,3452
546 19:47:20
4,5886 4,6249
4,3547 4,3911
4,7649 4,8020
5,3074 5,3453
547 19:48:20
4,5885 4,6248
4,3552 4,3919
4,7648 4,8023
5,3072 5,3451
548 19:49:21
4,5883 4,6245
4,3545 4,3913
4,7653 4,8023
5,3078 5,3450
549 19:50:22
4,5883 4,6243
4,3545 4,3911
4,7653 4,8021
5,3077 5,3452
550 19:51:21
4,5887 4,6250
4,3550 4,3917
4,7655 4,8026
5,3082 5,3460
551 19:52:31
4,5889 4,6251
4,3548 4,3915
4,7658 4,8029
5,3083 5,3462
552 19:53:24
4,5890 4,6253
4,3555 4,3919
4,7659 4,8031
5,3084 5,3464
553 19:54:21
4,5890 4,6253
4,3555 4,3923
4,7659 4,8035
5,3084 5,3464
554 19:55:21
4,5886 4,6250
4,3553 4,3918
4,7656 4,8028
5,3080 5,3459
555 19:56:21
4,5886 4,6247
4,3552 4,3919
4,7655 4,8029
5,3079 5,3456
556 19:57:20
4,5885 4,6244
4,3550 4,3912
4,7654 4,8026
5,3071 5,3446
557 19:58:20
4,5887 4,6247
4,3554 4,3915
4,7657 4,8027
5,3080 5,3457
558 19:59:21
4,5881 4,6238
4,3542 4,3902
4,7649 4,8014
5,3072 5,3444
559 20:00:21
4,5875 4,6234
4,3533 4,3894
4,7641 4,8011
5,3059 5,3434
560 20:01:21
4,5872 4,6231
4,3518 4,3881
4,7635 4,8003
5,3056 5,3431
561 20:02:21
4,5871 4,6227
4,3506 4,3867
4,7635 4,8004
5,3054 5,3422
562 20:03:21
4,5874 4,6227
4,3516 4,3875
4,7642 4,8003
5,3059 5,3426
563 20:04:20
4,5874 4,6225
4,3512 4,3865
4,7643 4,8001
5,3059 5,3424
564 20:05:20
4,5871 4,6227
4,3506 4,3867
4,7641 4,8005
5,3051 5,3425
565 20:06:21
4,5870 4,6226
4,3508 4,3870
4,7640 4,8004
5,3055 5,3420
566 20:07:21
4,5873 4,6227
4,3515 4,3875
4,7637 4,8004
5,3059 5,3428
567 20:08:21
4,5873 4,6227
4,3519 4,3875
4,7638 4,8000
5,3054 5,3422
568 20:09:21
4,5873 4,6227
4,3519 4,3879
4,7638 4,8000
5,3059 5,3428
569 20:10:21
4,5873 4,6227
4,3523 4,3883
4,7638 4,8004
5,3059 5,3428
570 20:11:20
4,5874 4,6226
4,3524 4,3882
4,7643 4,8008
5,3066 5,3433
571 20:12:20
4,5873 4,6228
4,3527 4,3884
4,7641 4,8009
5,3064 5,3434
572 20:13:20
4,5874 4,6227
4,3524 4,3879
4,7647 4,8008
5,3072 5,3440
573 20:14:20
4,5874 4,6226
4,3524 4,3878
4,7644 4,8008
5,3066 5,3433
574 20:15:21
4,5875 4,6226
4,3518 4,3873
4,7644 4,8002
5,3060 5,3425
575 20:16:21
4,5872 4,6226
4,3514 4,3874
4,7642 4,8004
5,3057 5,3426
576 20:17:21
4,5873 4,6227
4,3512 4,3871
4,7643 4,8005
5,3059 5,3426
577 20:18:21
4,5875 4,6227
4,3514 4,3867
4,7643 4,8005
5,3061 5,3428
578 20:19:20
4,5872 4,6227
4,3509 4,3865
4,7636 4,8004
5,3057 5,3427
579 20:20:21
4,5873 4,6228
4,3506 4,3866
4,7641 4,8004
5,3059 5,3423
580 20:21:21
4,5863 4,6216
4,3501 4,3860
4,7630 4,7991
5,3040 5,3407
581 20:22:21
4,5858 4,6217
4,3488 4,3853
4,7625 4,7992
5,3034 5,3410
582 20:23:21
4,5857 4,6213
4,3493 4,3850
4,7624 4,7989
5,3034 5,3405
583 20:24:21
4,5857 4,6213
4,3493 4,3854
4,7626 4,7990
5,3028 5,3401
584 20:25:21
4,5858 4,6213
4,3488 4,3849
4,7626 4,7994
5,3035 5,3405
585 20:26:20
4,5856 4,6212
4,3488 4,3849
4,7625 4,7989
5,3027 5,3398
586 20:27:20
4,5856 4,6212
4,3486 4,3844
4,7625 4,7989
5,3027 5,3398
587 20:28:21
4,5856 4,6212
4,3486 4,3844
4,7620 4,7984
5,3027 5,3398
588 20:29:21
4,5856 4,6212
4,3482 4,3840
4,7620 4,7984
5,3023 5,3399
589 20:30:21
4,5856 4,6213
4,3478 4,3841
4,7618 4,7983
5,3027 5,3399
590 20:31:21
4,5850 4,6210
4,3472 4,3838
4,7614 4,7982
5,3032 5,3401
591 20:32:20
4,5851 4,6211
4,3473 4,3835
4,7609 4,7982
5,3034 5,3410
592 20:33:21
4,5858 4,6209
4,3472 4,3829
4,7620 4,7979
5,3034 5,3399
593 20:34:21
4,5859 4,6212
4,3477 4,3836
4,7626 4,7987
5,3042 5,3410
594 20:35:20
4,5860 4,6210
4,3478 4,3834
4,7625 4,7987
5,3045 5,3409
595 20:36:20
4,5860 4,6211
4,3482 4,3835
4,7625 4,7987
5,3043 5,3409
596 20:37:20
4,5859 4,6210
4,3485 4,3842
4,7622 4,7986
5,3041 5,3401
597 20:38:21
4,5857 4,6208
4,3487 4,3839
4,7620 4,7983
5,3039 5,3404
598 20:39:21
4,5855 4,6210
4,3481 4,3842
4,7622 4,7985
5,3042 5,3408
599 20:40:20
4,5860 4,6208
4,3482 4,3836
4,7627 4,7985
5,3049 5,3412
600 20:41:21
4,5860 4,6211
4,3482 4,3835
4,7622 4,7981
5,3049 5,3414
601 20:42:21
4,5858 4,6212
4,3484 4,3840
4,7622 4,7984
5,3048 5,3418
602 20:43:21
4,5864 4,6215
4,3490 4,3847
4,7627 4,7991
5,3054 5,3420
603 20:44:21
4,5860 4,6214
4,3494 4,3854
4,7623 4,7990
5,3043 5,3412
604 20:45:20
4,5863 4,6216
4,3493 4,3848
4,7626 4,7992
5,3047 5,3415
605 20:46:20
4,5860 4,6212
4,3490 4,3848
4,7623 4,7988
5,3044 5,3408
606 20:47:21
4,5861 4,6214
4,3487 4,3842
4,7618 4,7979
5,3038 5,3405
607 20:48:21
4,5864 4,6215
4,3486 4,3843
4,7621 4,7980
5,3037 5,3401
608 20:49:21
4,5852 4,6210
4,3480 4,3843
4,7611 4,7977
5,3029 5,3402
609 20:50:20
4,5861 4,6216
4,3482 4,3838
4,7613 4,7980
5,3037 5,3408
610 20:51:20
4,5860 4,6215
4,3478 4,3839
4,7607 4,7970
5,3037 5,3407
611 20:52:21
4,5863 4,6215
4,3481 4,3839
4,7612 4,7972
5,3042 5,3408
612 20:53:21
4,5861 4,6215
4,3487 4,3847
4,7609 4,7976
5,3045 5,3414
613 20:54:21
4,5862 4,6217
4,3488 4,3845
4,7615 4,7983
5,3044 5,3415
614 20:55:21
4,5866 4,6219
4,3483 4,3842
4,7618 4,7979
5,3050 5,3418
615 20:56:20
4,5862 4,6216
4,3484 4,3840
4,7616 4,7978
5,3040 5,3409
616 20:57:20
4,5866 4,6223
4,3487 4,3845
4,7614 4,7984
5,3043 5,3416
617 20:58:28
4,5865 4,6223
4,3480 4,3843
4,7613 4,7984
5,3043 5,3416
618 20:59:21
4,5876 4,6225
4,3485 4,3840
4,7625 4,7987
5,3055 5,3418
619 21:00:22
4,5880 4,6224
4,3488 4,3838
4,7619 4,7976
5,3055 5,3413
620 21:01:20
4,5857 4,6202
4,3467 4,3818
4,7605 4,7959
5,3033 5,3392
621 21:02:20
4,5854 4,6213
4,3463 4,3827
4,7601 4,7968
5,3031 5,3405
622 21:03:20
4,5855 4,6206
4,3469 4,3822
4,7607 4,7966
5,3031 5,3397
623 21:04:21
4,5855 4,6207
4,3466 4,3819
4,7607 4,7969
5,3033 5,3399
624 21:05:21
4,5856 4,6205
4,3470 4,3821
4,7604 4,7966
5,3034 5,3396
625 21:06:21
4,5856 4,6205
4,3470 4,3825
4,7604 4,7966
5,3038 5,3401
626 21:07:21
4,5855 4,6203
4,3473 4,3827
4,7609 4,7965
5,3039 5,3401
627 21:08:21
4,5856 4,6207
4,3470 4,3827
4,7608 4,7967
5,3045 5,3411
628 21:09:21
4,5855 4,6207
4,3473 4,3827
4,7608 4,7971
5,3044 5,3411
629 21:10:21
4,5858 4,6207
4,3476 4,3827
4,7610 4,7967
5,3046 5,3409
630 21:11:20
4,5857 4,6206
4,3475 4,3830
4,7610 4,7968
5,3045 5,3408
631 21:12:20
4,5855 4,6207
4,3479 4,3836
4,7608 4,7973
5,3044 5,3411
632 21:13:21
4,5856 4,6207
4,3482 4,3835
4,7609 4,7973
5,3044 5,3409
633 21:14:21
4,5854 4,6206
4,3476 4,3830
4,7607 4,7970
5,3038 5,3403
634 21:15:21
4,5855 4,6205
4,3469 4,3825
4,7607 4,7966
5,3039 5,3403
635 21:16:21
4,5855 4,6208
4,3477 4,3832
4,7607 4,7968
5,3044 5,3412
636 21:17:22
4,5856 4,6206
4,3474 4,3830
4,7610 4,7968
5,3046 5,3410
637 21:18:21
4,5855 4,6208
4,3476 4,3832
4,7607 4,7968
5,3043 5,3410
638 21:19:20
4,5855 4,6208
4,3481 4,3836
4,7608 4,7974
5,3044 5,3412
639 21:20:20
4,5857 4,6206
4,3479 4,3830
4,7609 4,7966
5,3041 5,3403
640 21:21:21
4,5855 4,6206
4,3477 4,3829
4,7609 4,7967
5,3037 5,3402
641 21:22:21
4,5855 4,6207
4,3481 4,3835
4,7604 4,7964
5,3038 5,3405
642 21:23:21
4,5855 4,6208
4,3481 4,3839
4,7607 4,7969
5,3037 5,3404
643 21:24:21
4,5856 4,6207
4,3487 4,3840
4,7608 4,7967
5,3044 5,3407
644 21:25:20
4,5855 4,6206
4,3481 4,3836
4,7603 4,7967
5,3039 5,3403
645 21:26:20
4,5852 4,6204
4,3480 4,3833
4,7600 4,7965
5,3034 5,3401
646 21:27:20
4,5853 4,6205
4,3479 4,3837
4,7607 4,7967
5,3039 5,3405
647 21:28:21
4,5852 4,6203
4,3483 4,3836
4,7604 4,7963
5,3034 5,3400
648 21:29:21
4,5852 4,6206
4,3480 4,3835
4,7606 4,7968
5,3034 5,3403
649 21:30:21
4,5851 4,6203
4,3479 4,3832
4,7605 4,7965
5,3033 5,3400
650 21:31:21
4,5852 4,6206
4,3480 4,3839
4,7606 4,7968
5,3041 5,3411
651 21:32:21
4,5851 4,6205
4,3479 4,3834
4,7605 4,7967
5,3039 5,3408
652 21:33:20
4,5852 4,6206
4,3476 4,3835
4,7606 4,7968
5,3042 5,3410
653 21:34:20
4,5853 4,6208
4,3479 4,3839
4,7605 4,7968
5,3042 5,3412
654 21:35:20
4,5855 4,6204
4,3486 4,3837
4,7612 4,7969
5,3044 5,3408
655 21:36:21
4,5852 4,6206
4,3474 4,3834
4,7611 4,7973
5,3036 5,3403
656 21:37:21
4,5852 4,6206
4,3480 4,3835
4,7611 4,7973
5,3036 5,3403
657 21:38:21
4,5854 4,6205
4,3476 4,3833
4,7611 4,7970
5,3042 5,3408
658 21:39:21
4,5853 4,6208
4,3475 4,3835
4,7610 4,7977
5,3035 5,3404
659 21:40:20
4,5853 4,6208
4,3471 4,3832
4,7615 4,7978
5,3035 5,3405
660 21:41:21
4,5854 4,6207
4,3472 4,3827
4,7616 4,7978
5,3035 5,3404
661 21:42:22
4,5854 4,6204
4,3472 4,3828
4,7618 4,7976
5,3038 5,3402
662 21:43:32
4,5854 4,6205
4,3472 4,3829
4,7616 4,7975
5,3036 5,3401
663 21:44:21
4,5851 4,6212
4,3469 4,3832
4,7609 4,7983
5,3026 5,3403
664 21:45:21
4,5851 4,6209
4,3470 4,3831
4,7615 4,7981
5,3034 5,3401
665 21:46:21
4,5851 4,6211
4,3465 4,3831
4,7610 4,7978
5,3034 5,3410
666 21:47:21
4,5851 4,6212
4,3473 4,3836
4,7604 4,7976
5,3026 5,3403
667 21:48:20
4,5852 4,6211
4,3470 4,3831
4,7604 4,7971
5,3033 5,3408
668 21:49:20
4,5841 4,6207
4,3456 4,3827
4,7594 4,7968
5,3021 5,3404
669 21:50:21
4,5839 4,6207
4,3455 4,3828
4,7593 4,7969
5,3021 5,3405
670 21:51:21
4,5839 4,6207
4,3455 4,3824
4,7596 4,7973
5,3020 5,3406
671 21:52:21
4,5838 4,6206
4,3450 4,3823
4,7591 4,7973
5,3018 5,3403
672 21:53:20
4,5838 4,6206
4,3454 4,3823
4,7591 4,7973
5,3018 5,3403
673 21:54:20
4,5839 4,6205
4,3455 4,3822
4,7601 4,7976
5,3019 5,3402
674 21:55:21
4,5839 4,6205
4,3455 4,3822
4,7606 4,7981
5,3013 5,3396
675 21:56:21
4,5839 4,6206
4,3449 4,3821
4,7600 4,7981
5,3013 5,3397
676 21:57:21
4,5839 4,6203
4,3451 4,3816
4,7602 4,7980
5,3008 5,3388
677 21:58:21
4,5839 4,6205
4,3446 4,3813
4,7607 4,7977
5,3013 5,3396
678 21:59:20
4,5839 4,6205
4,3447 4,3818
4,7606 4,7981
5,3013 5,3396
679 22:00:20
4,5842 4,6207
4,3456 4,3822
4,7619 4,7993
5,3016 5,3397
680 22:01:21
4,5843 4,6206
4,3449 4,3818
4,7610 4,7985
5,3011 5,3390
681 22:02:21
4,5840 4,6205
4,3447 4,3812
4,7612 4,7986
5,3008 5,3390
682 22:03:20
4,5828 4,6192
4,3436 4,3801
4,7606 4,7978
5,2995 5,3375
683 22:04:20
4,5825 4,6190
4,3431 4,3801
4,7602 4,7980
5,2990 5,3371
Connection error x5
