#======================
2023-8-7
# 1.EUR, 2.USD, 3.CHF, 4.GBP
Sell Price, Buy Price
1 11:17
4,4078 4,4400
4,0156 4,0477
4,5838 4,6166
5,1163 5,1495
2 11:18
4,4086 4,4408
4,0163 4,0484
4,5846 4,6174
5,1179 5,1511
3 11:19
4,4085 4,4407
4,0161 4,0482
4,5844 4,6172
5,1176 5,1508
4 11:20
4,4085 4,4407
4,0160 4,0481
4,5840 4,6168
5,1165 5,1497
5 11:21
4,4086 4,4408
4,0165 4,0486
4,5844 4,6172
5,1167 5,1500
6 11:22
4,4086 4,4408
4,0165 4,0486
4,5844 4,6172
5,1170 5,1503
7 11:23
4,4085 4,4407
4,0167 4,0488
4,5841 4,6169
5,1168 5,1501
8 11:24
4,4071 4,4393
4,0157 4,0478
4,5827 4,6155
5,1153 5,1486
9 11:25
4,4067 4,4389
4,0148 4,0469
4,5823 4,6151
5,1145 5,1478
10 11:26
4,4065 4,4387
4,0148 4,0469
4,5820 4,6153
5,1146 5,1478
11 11:27
4,4056 4,4378
4,0140 4,0461
4,5811 4,6144
5,1135 5,1467
12 11:28
4,4045 4,4367
4,0124 4,0445
4,5797 4,6130
5,1125 5,1457
13 11:29
4,4045 4,4367
4,0125 4,0446
4,5801 4,6134
5,1122 5,1454
14 11:30
4,4057 4,4379
4,0138 4,0459
4,5821 4,6154
5,1137 5,1469
15 11:31
4,4055 4,4377
4,0142 4,0463
4,5821 4,6150
5,1134 5,1467
16 11:32
4,4055 4,4377
4,0140 4,0461
4,5821 4,6150
5,1134 5,1467
17 11:33
4,4055 4,4377
4,0137 4,0458
4,5821 4,6150
5,1131 5,1464
18 11:34
4,4055 4,4377
4,0141 4,0462
4,5821 4,6150
5,1131 5,1464
19 11:35
4,4056 4,4378
4,0147 4,0468
4,5822 4,6151
5,1132 5,1465
20 11:36
4,4054 4,4376
4,0146 4,0467
4,5821 4,6150
5,1128 5,1461
21 11:37
4,4057 4,4379
4,0141 4,0462
4,5823 4,6152
5,1128 5,1461
22 11:38
4,4064 4,4386
4,0149 4,0470
4,5831 4,6160
5,1136 5,1469
23 11:39
4,4058 4,4380
4,0143 4,0464
4,5824 4,6153
5,1129 5,1462
24 11:40
4,4059 4,4381
4,0146 4,0467
4,5825 4,6154
5,1138 5,1471
25 11:41
4,4060 4,4382
4,0149 4,0470
4,5827 4,6154
5,1128 5,1461
26 11:42
4,4060 4,4382
4,0152 4,0473
4,5827 4,6154
5,1134 5,1467
27 11:43
4,4060 4,4382
4,0154 4,0475
4,5825 4,6152
5,1130 5,1463
28 11:44
4,4059 4,4381
4,0151 4,0472
4,5824 4,6151
5,1126 5,1459
29 11:45
4,4062 4,4384
4,0156 4,0477
4,5827 4,6154
5,1131 5,1464
30 11:46
4,4061 4,4383
4,0155 4,0476
4,5825 4,6158
5,1120 5,1453
31 11:47
4,4062 4,4384
4,0151 4,0472
4,5822 4,6155
5,1122 5,1455
32 11:48
4,4065 4,4387
4,0157 4,0478
4,5826 4,6159
5,1137 5,1470
33 11:49
4,4074 4,4396
4,0167 4,0488
4,5825 4,6158
5,1141 5,1474
34 11:50
4,4073 4,4395
4,0166 4,0487
4,5833 4,6166
5,1137 5,1470
35 11:51
4,4076 4,4398
4,0169 4,0490
4,5837 4,6170
5,1141 5,1474
36 11:52
4,4078 4,4400
4,0176 4,0497
4,5843 4,6176
5,1146 5,1479
37 11:53
4,4076 4,4398
4,0172 4,0493
4,5834 4,6167
5,1131 5,1464
38 11:54
4,4076 4,4398
4,0173 4,0494
4,5832 4,6165
5,1138 5,1471
39 11:55
4,4077 4,4399
4,0177 4,0498
4,5830 4,6163
5,1139 5,1472
40 11:56
4,4078 4,4400
4,0180 4,0501
4,5834 4,6163
5,1146 5,1478
41 11:57
4,4073 4,4395
4,0175 4,0496
4,5832 4,6161
5,1142 5,1474
42 11:58
4,4072 4,4394
4,0178 4,0499
4,5826 4,6155
5,1137 5,1469
43 11:59
4,4069 4,4391
4,0179 4,0500
4,5826 4,6155
5,1148 5,1480
44 12:00
4,4072 4,4394
4,0184 4,0505
4,5824 4,6153
5,1150 5,1482
45 12:01
4,4068 4,4390
4,0175 4,0496
4,5825 4,6153
5,1147 5,1479
46 12:02
4,4070 4,4392
4,0176 4,0497
4,5830 4,6158
5,1147 5,1479
47 12:03
4,4067 4,4389
4,0175 4,0496
4,5824 4,6152
5,1149 5,1481
48 12:04
4,4060 4,4382
4,0168 4,0489
4,5814 4,6142
5,1142 5,1474
49 12:05
4,4064 4,4386
4,0167 4,0488
4,5816 4,6144
5,1145 5,1477
50 12:06
4,4076 4,4398
4,0176 4,0497
4,5829 4,6157
5,1150 5,1482
51 12:07
4,4080 4,4402
4,0182 4,0503
4,5833 4,6161
5,1145 5,1477
52 12:08
4,4086 4,4408
4,0188 4,0509
4,5840 4,6168
5,1150 5,1482
53 12:09
4,4098 4,4420
4,0205 4,0526
4,5854 4,6182
5,1172 5,1504
54 12:10
4,4115 4,4437
4,0223 4,0544
4,5872 4,6200
5,1192 5,1524
55 12:11
4,4115 4,4437
4,0226 4,0547
4,5858 4,6191
5,1189 5,1522
56 12:12
4,4116 4,4438
4,0226 4,0547
4,5864 4,6197
5,1199 5,1532
57 12:13
4,4119 4,4441
4,0225 4,0546
4,5871 4,6204
5,1206 5,1539
58 12:14
4,4119 4,4441
4,0224 4,0545
4,5873 4,6206
5,1202 5,1535
59 12:15
4,4116 4,4438
4,0215 4,0536
4,5866 4,6199
5,1200 5,1533
60 12:16
4,4113 4,4435
4,0210 4,0531
4,5860 4,6193
5,1189 5,1522
61 12:17
4,4113 4,4435
4,0212 4,0533
4,5865 4,6198
5,1195 5,1528
62 12:18
4,4114 4,4436
4,0212 4,0533
4,5863 4,6196
5,1197 5,1530
63 12:19
4,4112 4,4434
4,0201 4,0522
4,5856 4,6189
5,1185 5,1518
64 12:20
4,4112 4,4434
4,0204 4,0525
4,5859 4,6192
5,1188 5,1521
65 12:21
4,4113 4,4435
4,0203 4,0524
4,5857 4,6190
5,1183 5,1516
66 12:22
4,4113 4,4435
4,0204 4,0525
4,5858 4,6191
5,1186 5,1519
67 12:23
4,4116 4,4438
4,0214 4,0535
4,5863 4,6196
5,1189 5,1522
68 12:24
4,4121 4,4443
4,0225 4,0546
4,5862 4,6195
5,1193 5,1526
69 12:25
4,4121 4,4443
4,0219 4,0540
4,5862 4,6195
5,1199 5,1532
70 12:26
4,4111 4,4433
4,0208 4,0529
4,5851 4,6179
5,1187 5,1519
71 12:27
4,4110 4,4432
4,0210 4,0531
4,5853 4,6181
5,1193 5,1525
72 12:28
4,4097 4,4419
4,0203 4,0524
4,5837 4,6165
5,1175 5,1507
73 12:29
4,4092 4,4414
4,0189 4,0510
4,5832 4,6160
5,1169 5,1501
74 12:30
4,4092 4,4414
4,0183 4,0504
4,5824 4,6152
5,1162 5,1494
75 12:31
4,4105 4,4426
4,0195 4,0516
4,5835 4,6164
5,1173 5,1506
76 12:32
4,4111 4,4432
4,0204 4,0525
4,5841 4,6170
5,1182 5,1515
77 12:33
4,4110 4,4431
4,0199 4,0520
4,5837 4,6166
5,1179 5,1512
78 12:34
4,4106 4,4427
4,0190 4,0511
4,5833 4,6162
5,1165 5,1498
79 12:35
4,4107 4,4428
4,0189 4,0510
4,5834 4,6163
5,1161 5,1494
80 12:36
4,4106 4,4427
4,0191 4,0512
4,5834 4,6163
5,1173 5,1506
81 12:37
4,4107 4,4428
4,0193 4,0514
4,5837 4,6166
5,1176 5,1509
82 12:38
4,4103 4,4425
4,0197 4,0518
4,5833 4,6162
5,1179 5,1512
83 12:39
4,4104 4,4426
4,0198 4,0519
4,5833 4,6162
5,1176 5,1509
84 12:40
4,4104 4,4426
4,0196 4,0517
4,5839 4,6168
5,1173 5,1506
85 12:41
4,4102 4,4424
4,0193 4,0514
4,5832 4,6161
5,1169 5,1502
86 12:42
4,4101 4,4423
4,0191 4,0512
4,5836 4,6165
5,1166 5,1499
87 12:43
4,4101 4,4423
4,0190 4,0511
4,5838 4,6167
5,1170 5,1503
88 12:44
4,4067 4,4389
4,0160 4,0481
4,5805 4,6134
5,1129 5,1462
89 12:45
4,4066 4,4388
4,0160 4,0481
4,5795 4,6124
5,1131 5,1464
90 12:46
4,4068 4,4390
4,0158 4,0479
4,5801 4,6130
5,1129 5,1462
91 12:47
4,4074 4,4396
4,0161 4,0482
4,5800 4,6129
5,1138 5,1471
92 12:48
4,4069 4,4391
4,0155 4,0476
4,5802 4,6131
5,1123 5,1456
93 12:49
4,4069 4,4391
4,0157 4,0478
4,5802 4,6131
5,1134 5,1467
94 12:50
4,4061 4,4383
4,0147 4,0468
4,5794 4,6123
5,1123 5,1456
95 12:51
4,4069 4,4391
4,0158 4,0479
4,5802 4,6131
5,1135 5,1467
96 12:52
4,4067 4,4389
4,0156 4,0477
4,5800 4,6129
5,1139 5,1471
97 12:53
4,4068 4,4390
4,0157 4,0478
4,5802 4,6131
5,1137 5,1469
98 12:54
4,4066 4,4388
4,0154 4,0475
4,5800 4,6129
5,1135 5,1467
99 12:55
4,4073 4,4395
4,0162 4,0483
4,5807 4,6136
5,1143 5,1475
100 12:56
4,4069 4,4391
4,0157 4,0478
4,5795 4,6124
5,1136 5,1469
101 12:57
4,4073 4,4395
4,0161 4,0482
4,5799 4,6128
5,1140 5,1473
102 12:58
4,4077 4,4399
4,0164 4,0485
4,5801 4,6130
5,1153 5,1486
103 12:59
4,4078 4,4400
4,0167 4,0488
4,5800 4,6129
5,1155 5,1488
104 13:00
4,4077 4,4399
4,0161 4,0482
4,5796 4,6125
5,1160 5,1493
105 13:01
4,4071 4,4393
4,0159 4,0480
4,5791 4,6120
5,1159 5,1492
106 13:02
4,4065 4,4387
4,0148 4,0469
4,5786 4,6115
5,1150 5,1483
107 13:03
4,4061 4,4383
4,0149 4,0470
4,5782 4,6111
5,1139 5,1472
108 13:04
4,4061 4,4383
4,0144 4,0465
4,5782 4,6111
5,1135 5,1468
109 13:05
4,4060 4,4382
4,0143 4,0464
4,5779 4,6108
5,1143 5,1476
110 13:06
4,4063 4,4385
4,0144 4,0465
4,5787 4,6116
5,1138 5,1471
111 13:07
4,4067 4,4389
4,0148 4,0469
4,5791 4,6120
5,1148 5,1481
112 13:08
4,4063 4,4385
4,0142 4,0463
4,5782 4,6111
5,1141 5,1474
113 13:09
4,4067 4,4389
4,0144 4,0465
4,5786 4,6115
5,1145 5,1478
114 13:10
4,4066 4,4388
4,0141 4,0462
4,5783 4,6112
5,1138 5,1471
115 13:11
4,4062 4,4384
4,0140 4,0461
4,5778 4,6107
5,1130 5,1462
116 13:12
4,4061 4,4383
4,0135 4,0456
4,5775 4,6104
5,1126 5,1458
117 13:13
4,4063 4,4385
4,0139 4,0460
4,5776 4,6105
5,1134 5,1466
118 13:14
4,4066 4,4388
4,0141 4,0462
4,5778 4,6107
5,1138 5,1470
119 13:15
4,4065 4,4387
4,0137 4,0458
4,5777 4,6106
5,1136 5,1468
120 13:16
4,4060 4,4381
4,0130 4,0451
4,5771 4,6100
5,1130 5,1462
121 13:17
4,4060 4,4381
4,0128 4,0449
4,5774 4,6103
5,1127 5,1459
122 13:18
4,4061 4,4382
4,0129 4,0450
4,5779 4,6108
5,1134 5,1466
123 13:19
4,4061 4,4382
4,0129 4,0450
4,5779 4,6108
5,1133 5,1465
124 13:20
4,4062 4,4383
4,0128 4,0449
4,5781 4,6110
5,1135 5,1467
125 13:21
4,4057 4,4379
4,0126 4,0447
4,5776 4,6105
5,1137 5,1469
126 13:22
4,4057 4,4379
4,0124 4,0445
4,5778 4,6107
5,1128 5,1460
127 13:23
4,4058 4,4380
4,0123 4,0444
4,5776 4,6105
5,1131 5,1463
128 13:24
4,4059 4,4381
4,0122 4,0443
4,5772 4,6101
5,1127 5,1459
129 13:25
4,4058 4,4380
4,0123 4,0444
4,5772 4,6101
5,1132 5,1464
130 13:26
4,4057 4,4379
4,0117 4,0438
4,5768 4,6097
5,1128 5,1460
131 13:27
4,4057 4,4379
4,0111 4,0432
4,5766 4,6095
5,1124 5,1456
132 13:28
4,4057 4,4379
4,0104 4,0425
4,5764 4,6093
5,1125 5,1457
133 13:29
4,4037 4,4359
4,0089 4,0410
4,5743 4,6072
5,1104 5,1436
134 13:30
4,4038 4,4360
4,0099 4,0420
4,5743 4,6072
5,1107 5,1439
135 13:31
4,4037 4,4359
4,0103 4,0424
4,5743 4,6071
5,1110 5,1442
136 13:32
4,4040 4,4362
4,0112 4,0433
4,5750 4,6078
5,1119 5,1451
137 13:33
4,4041 4,4363
4,0115 4,0436
4,5752 4,6080
5,1124 5,1456
138 13:34
4,4039 4,4361
4,0115 4,0436
4,5748 4,6076
5,1122 5,1454
139 13:35
4,4038 4,4360
4,0112 4,0433
4,5748 4,6076
5,1121 5,1453
140 13:36
4,4029 4,4351
4,0102 4,0423
4,5737 4,6066
5,1110 5,1442
141 13:37
4,4028 4,4350
4,0099 4,0420
4,5733 4,6062
5,1109 5,1441
142 13:38
4,4022 4,4344
4,0094 4,0415
4,5730 4,6059
5,1107 5,1439
143 13:39
4,4009 4,4331
4,0082 4,0403
4,5715 4,6044
5,1101 5,1433
144 13:40
4,3997 4,4319
4,0067 4,0388
4,5700 4,6029
5,1087 5,1419
145 13:41
4,4000 4,4321
4,0068 4,0389
4,5703 4,6032
5,1090 5,1422
146 13:42
4,4003 4,4324
4,0070 4,0391
4,5708 4,6037
5,1093 5,1425
147 13:43
4,4006 4,4327
4,0071 4,0392
4,5710 4,6039
5,1091 5,1423
148 13:44
4,4010 4,4331
4,0078 4,0399
4,5719 4,6048
5,1085 5,1417
149 13:45
4,4014 4,4335
4,0082 4,0403
4,5725 4,6054
5,1091 5,1423
150 13:46
4,4012 4,4333
4,0080 4,0401
4,5721 4,6050
5,1086 5,1418
151 13:47
4,4012 4,4333
4,0082 4,0403
4,5723 4,6052
5,1092 5,1424
152 13:48
4,4009 4,4330
4,0073 4,0394
4,5719 4,6048
5,1085 5,1417
153 13:49
4,4010 4,4331
4,0080 4,0401
4,5725 4,6054
5,1089 5,1421
154 13:50
4,4008 4,4329
4,0077 4,0398
4,5726 4,6055
5,1094 5,1426
155 13:51
4,4004 4,4325
4,0075 4,0396
4,5720 4,6049
5,1090 5,1422
156 13:52
4,4002 4,4323
4,0073 4,0394
4,5717 4,6046
5,1086 5,1418
157 13:53
4,3992 4,4313
4,0060 4,0381
4,5709 4,6038
5,1078 5,1410
158 13:54
4,3994 4,4315
4,0062 4,0383
4,5714 4,6043
5,1080 5,1412
159 13:55
4,3994 4,4315
4,0062 4,0383
4,5712 4,6041
5,1071 5,1403
160 13:56
4,3992 4,4314
4,0057 4,0378
4,5710 4,6039
5,1077 5,1409
161 13:57
4,3986 4,4308
4,0048 4,0369
4,5711 4,6040
5,1066 5,1398
162 13:58
4,3985 4,4307
4,0044 4,0365
4,5713 4,6042
5,1062 5,1394
163 13:59
4,3984 4,4306
4,0043 4,0364
4,5714 4,6043
5,1058 5,1390
164 14:00
4,3975 4,4297
4,0029 4,0350
4,5695 4,6024
5,1047 5,1379
165 14:01
4,3975 4,4296
4,0037 4,0358
4,5701 4,6030
5,1052 5,1384
166 14:02
4,3976 4,4297
4,0040 4,0361
4,5692 4,6021
5,1047 5,1379
167 14:03
4,3950 4,4271
4,0018 4,0339
4,5663 4,5992
5,1020 5,1352
168 14:04
4,3951 4,4272
4,0023 4,0344
4,5667 4,5996
5,1021 5,1353
169 14:05
4,3966 4,4287
4,0031 4,0352
4,5682 4,6011
5,1041 5,1373
170 14:06
4,3950 4,4271
4,0017 4,0338
4,5682 4,6009
5,1033 5,1365
171 14:07
4,3951 4,4272
4,0008 4,0329
4,5680 4,6007
5,1032 5,1364
172 14:08
4,3951 4,4272
4,0006 4,0327
4,5684 4,6011
5,1035 5,1367
173 14:09
4,3955 4,4276
4,0008 4,0329
4,5674 4,6001
5,1038 5,1370
174 14:10
4,3966 4,4287
4,0022 4,0343
4,5682 4,6009
5,1050 5,1382
175 14:11
4,3962 4,4284
4,0019 4,0340
4,5680 4,6008
5,1050 5,1382
176 14:12
4,3954 4,4276
4,0012 4,0333
4,5678 4,6006
5,1041 5,1373
177 14:13
4,3954 4,4276
4,0012 4,0333
4,5679 4,6007
5,1044 5,1376
178 14:14
4,3961 4,4283
4,0020 4,0341
4,5684 4,6012
5,1055 5,1387
179 14:15
4,3961 4,4283
4,0020 4,0341
4,5684 4,6012
5,1055 5,1387
180 14:16
4,3973 4,4295
4,0033 4,0354
4,5696 4,6024
5,1068 5,1400
181 14:17
4,3989 4,4311
4,0047 4,0368
4,5713 4,6041
5,1084 5,1416
182 14:18
4,3987 4,4309
4,0046 4,0367
4,5709 4,6037
5,1082 5,1414
183 14:19
4,3996 4,4318
4,0059 4,0380
4,5720 4,6048
5,1093 5,1425
184 14:20
4,4004 4,4326
4,0068 4,0389
4,5728 4,6056
5,1102 5,1434
185 14:21
4,4005 4,4327
4,0064 4,0385
4,5737 4,6065
5,1103 5,1435
186 14:22
4,4006 4,4328
4,0067 4,0388
4,5733 4,6061
5,1101 5,1433
187 14:23
4,4006 4,4328
4,0070 4,0391
4,5738 4,6066
5,1119 5,1451
188 14:24
4,4003 4,4325
4,0062 4,0383
4,5739 4,6067
5,1118 5,1450
189 14:25
4,4005 4,4327
4,0064 4,0385
4,5742 4,6070
5,1124 5,1456
190 14:26
4,4006 4,4328
4,0065 4,0386
4,5742 4,6071
5,1123 5,1455
191 14:27
4,4005 4,4327
4,0058 4,0379
4,5743 4,6072
5,1115 5,1447
192 14:28
4,4001 4,4323
4,0051 4,0372
4,5739 4,6068
5,1105 5,1437
193 14:29
4,4003 4,4325
4,0053 4,0374
4,5746 4,6075
5,1125 5,1457
194 14:30
4,4000 4,4322
4,0045 4,0366
4,5740 4,6069
5,1127 5,1459
195 14:31
4,3996 4,4318
4,0052 4,0373
4,5746 4,6075
5,1131 5,1463
196 14:32
4,3994 4,4316
4,0048 4,0369
4,5743 4,6072
5,1126 5,1458
197 14:33
4,3998 4,4320
4,0050 4,0371
4,5745 4,6074
5,1127 5,1459
198 14:34
4,3994 4,4316
4,0046 4,0367
4,5739 4,6068
5,1129 5,1461
199 14:35
4,3995 4,4317
4,0047 4,0368
4,5740 4,6069
5,1133 5,1465
200 14:36
4,3995 4,4317
4,0055 4,0376
4,5740 4,6069
5,1131 5,1463
201 14:37
4,4000 4,4322
4,0059 4,0380
4,5743 4,6072
5,1139 5,1471
202 14:38
4,3997 4,4319
4,0058 4,0379
4,5742 4,6071
5,1138 5,1470
203 14:39
4,4001 4,4323
4,0062 4,0383
4,5751 4,6080
5,1140 5,1472
204 14:40
4,4004 4,4326
4,0068 4,0389
4,5756 4,6085
5,1147 5,1479
205 14:41
4,4003 4,4325
4,0066 4,0387
4,5748 4,6076
5,1148 5,1480
206 14:42
4,4023 4,4345
4,0079 4,0400
4,5765 4,6093
5,1169 5,1501
207 14:43
4,4024 4,4346
4,0077 4,0398
4,5765 4,6093
5,1166 5,1498
208 14:44
4,4023 4,4345
4,0077 4,0398
4,5764 4,6092
5,1172 5,1504
209 14:45
4,4026 4,4348
4,0077 4,0398
4,5767 4,6095
5,1175 5,1507
210 14:46
4,4040 4,4362
4,0083 4,0404
4,5786 4,6114
5,1186 5,1518
211 14:47
4,4042 4,4364
4,0081 4,0402
4,5789 4,6117
5,1194 5,1526
212 14:48
4,4043 4,4365
4,0082 4,0403
4,5794 4,6122
5,1192 5,1524
213 14:49
4,4015 4,4337
4,0055 4,0376
4,5761 4,6089
5,1156 5,1488
214 14:50
4,4024 4,4346
4,0064 4,0385
4,5769 4,6097
5,1166 5,1498
215 14:51
4,4028 4,4350
4,0055 4,0376
4,5774 4,6103
5,1168 5,1500
216 14:52
4,4027 4,4349
4,0049 4,0370
4,5773 4,6102
5,1175 5,1507
217 14:53
4,4024 4,4346
4,0044 4,0365
4,5762 4,6091
5,1169 5,1501
218 14:54
4,4024 4,4346
4,0046 4,0367
4,5767 4,6096
5,1172 5,1504
219 14:55
4,4028 4,4350
4,0047 4,0368
4,5777 4,6106
5,1171 5,1503
220 14:56
4,4046 4,4368
4,0061 4,0382
4,5798 4,6126
5,1193 5,1525
221 14:57
4,4057 4,4379
4,0068 4,0389
4,5807 4,6135
5,1202 5,1534
222 14:58
4,4066 4,4388
4,0072 4,0393
4,5809 4,6137
5,1207 5,1539
223 14:59
4,4058 4,4380
4,0061 4,0382
4,5802 4,6130
5,1205 5,1537
224 15:00
4,4054 4,4376
4,0057 4,0378
4,5796 4,6124
5,1199 5,1531
225 15:01
4,4049 4,4371
4,0043 4,0364
4,5803 4,6132
5,1189 5,1521
226 15:02
4,4047 4,4369
4,0043 4,0364
4,5804 4,6133
5,1193 5,1525
227 15:03
4,4049 4,4371
4,0053 4,0374
4,5805 4,6134
5,1202 5,1534
228 15:04
4,4044 4,4366
4,0054 4,0375
4,5803 4,6132
5,1196 5,1528
229 15:05
4,4053 4,4375
4,0060 4,0381
4,5812 4,6141
5,1210 5,1542
230 15:06
4,4053 4,4375
4,0060 4,0381
4,5807 4,6136
5,1201 5,1533
231 15:07
4,4053 4,4375
4,0060 4,0381
4,5803 4,6132
5,1201 5,1533
232 15:08
4,4053 4,4375
4,0054 4,0375
4,5807 4,6136
5,1197 5,1529
233 15:09
4,4043 4,4365
4,0043 4,0364
4,5796 4,6125
5,1185 5,1517
234 15:10
4,4042 4,4364
4,0039 4,0360
4,5803 4,6132
5,1191 5,1523
235 15:11
4,4042 4,4364
4,0037 4,0358
4,5807 4,6136
5,1187 5,1519
236 15:12
4,4046 4,4368
4,0041 4,0362
4,5812 4,6141
5,1198 5,1530
237 15:13
4,4047 4,4369
4,0042 4,0363
4,5811 4,6140
5,1202 5,1534
238 15:14
4,4048 4,4370
4,0043 4,0364
4,5807 4,6136
5,1204 5,1536
239 15:15
4,4049 4,4371
4,0043 4,0364
4,5803 4,6132
5,1196 5,1528
240 15:16
4,4049 4,4371
4,0043 4,0364
4,5810 4,6139
5,1196 5,1528
241 15:17
4,4049 4,4371
4,0041 4,0362
4,5810 4,6139
5,1198 5,1530
242 15:18
4,4054 4,4376
4,0042 4,0363
4,5820 4,6149
5,1201 5,1533
243 15:19
4,4052 4,4374
4,0045 4,0366
4,5815 4,6144
5,1197 5,1529
244 15:20
4,4051 4,4373
4,0043 4,0364
4,5808 4,6137
5,1190 5,1522
245 15:21
4,4049 4,4371
4,0041 4,0362
4,5805 4,6134
5,1187 5,1519
246 15:22
4,4049 4,4371
4,0048 4,0369
4,5804 4,6133
5,1188 5,1520
247 15:23
4,4047 4,4369
4,0044 4,0365
4,5805 4,6134
5,1191 5,1523
248 15:24
4,4049 4,4371
4,0043 4,0364
4,5808 4,6137
5,1186 5,1518
249 15:25
4,4049 4,4371
4,0033 4,0354
4,5807 4,6136
5,1178 5,1510
250 15:26
4,4050 4,4372
4,0026 4,0347
4,5808 4,6137
5,1179 5,1511
251 15:27
4,4049 4,4371
4,0031 4,0352
4,5809 4,6138
5,1178 5,1510
252 15:28
4,4049 4,4371
4,0020 4,0341
4,5808 4,6137
5,1169 5,1501
253 15:29
4,4048 4,4370
4,0030 4,0351
4,5807 4,6136
5,1178 5,1510
254 15:30
4,4050 4,4372
4,0030 4,0351
4,5811 4,6140
5,1179 5,1511
255 15:31
4,4050 4,4372
4,0022 4,0343
4,5811 4,6139
5,1178 5,1510
256 15:32
4,4050 4,4372
4,0013 4,0334
4,5809 4,6137
5,1188 5,1520
257 15:33
4,4053 4,4375
4,0010 4,0331
4,5807 4,6135
5,1185 5,1517
258 15:34
4,4054 4,4376
4,0002 4,0323
4,5806 4,6134
5,1184 5,1516
259 15:35
4,4054 4,4376
4,0017 4,0338
4,5808 4,6136
5,1192 5,1524
260 15:36
4,4056 4,4378
4,0022 4,0343
4,5813 4,6142
5,1192 5,1524
261 15:37
4,4056 4,4378
4,0026 4,0347
4,5818 4,6147
5,1201 5,1533
262 15:38
4,4058 4,4380
4,0030 4,0351
4,5827 4,6156
5,1203 5,1535
263 15:39
4,4055 4,4377
4,0027 4,0348
4,5827 4,6156
5,1200 5,1532
264 15:40
4,4060 4,4382
4,0032 4,0353
4,5838 4,6167
5,1206 5,1538
265 15:41
4,4061 4,4383
4,0032 4,0353
4,5837 4,6166
5,1207 5,1539
266 15:42
4,4069 4,4391
4,0047 4,0368
4,5846 4,6175
5,1216 5,1548
267 15:43
4,4068 4,4390
4,0050 4,0371
4,5844 4,6173
5,1215 5,1547
268 15:44
4,4072 4,4394
4,0057 4,0378
4,5854 4,6183
5,1223 5,1555
269 15:45
4,4075 4,4397
4,0058 4,0379
4,5861 4,6190
5,1223 5,1555
270 15:46
4,4078 4,4400
4,0053 4,0374
4,5857 4,6185
5,1227 5,1559
271 15:47
4,4088 4,4410
4,0068 4,0389
4,5860 4,6188
5,1238 5,1570
272 15:48
4,4080 4,4402
4,0068 4,0389
4,5843 4,6171
5,1230 5,1562
273 15:49
4,4082 4,4404
4,0073 4,0394
4,5845 4,6173
5,1234 5,1566
274 15:50
4,4079 4,4401
4,0073 4,0394
4,5841 4,6169
5,1237 5,1569
275 15:51
4,4082 4,4404
4,0075 4,0396
4,5843 4,6171
5,1234 5,1566
276 15:52
4,4081 4,4403
4,0076 4,0397
4,5840 4,6168
5,1230 5,1562
277 15:53
4,4080 4,4402
4,0079 4,0400
4,5830 4,6158
5,1232 5,1564
278 15:54
4,4082 4,4404
4,0079 4,0400
4,5830 4,6158
5,1231 5,1563
279 15:55
4,4088 4,4410
4,0086 4,0407
4,5832 4,6160
5,1238 5,1570
280 15:56
4,4086 4,4408
4,0084 4,0405
4,5831 4,6159
5,1226 5,1558
281 15:57
4,4091 4,4413
4,0090 4,0411
4,5837 4,6165
5,1229 5,1561
282 15:58
4,4091 4,4413
4,0089 4,0410
4,5835 4,6163
5,1224 5,1556
283 15:59
4,4098 4,4420
4,0108 4,0429
4,5844 4,6172
5,1232 5,1564
284 16:00
4,4117 4,4439
4,0125 4,0446
4,5864 4,6192
5,1250 5,1582
285 16:01
4,4107 4,4429
4,0131 4,0452
4,5851 4,6180
5,1233 5,1565
286 16:02
4,4093 4,4415
4,0130 4,0451
4,5833 4,6162
5,1224 5,1556
287 16:03
4,4086 4,4408
4,0106 4,0427
4,5820 4,6149
5,1209 5,1541
288 16:04
4,4095 4,4417
4,0109 4,0430
4,5829 4,6158
5,1212 5,1544
289 16:05
4,4096 4,4418
4,0110 4,0431
4,5820 4,6149
5,1205 5,1537
290 16:06
4,4095 4,4417
4,0102 4,0423
4,5829 4,6158
5,1205 5,1537
291 16:07
4,4097 4,4419
4,0111 4,0432
4,5835 4,6164
5,1208 5,1540
292 16:08
4,4094 4,4416
4,0104 4,0425
4,5833 4,6162
5,1200 5,1532
293 16:09
4,4097 4,4419
4,0102 4,0423
4,5836 4,6165
5,1210 5,1542
294 16:10
4,4094 4,4416
4,0094 4,0415
4,5837 4,6166
5,1204 5,1536
295 16:11
4,4093 4,4415
4,0096 4,0417
4,5832 4,6160
5,1202 5,1534
296 16:12
4,4092 4,4414
4,0094 4,0415
4,5831 4,6159
5,1201 5,1533
297 16:13
4,4081 4,4403
4,0078 4,0399
4,5820 4,6148
5,1185 5,1517
298 16:14
4,4086 4,4408
4,0084 4,0405
4,5820 4,6148
5,1193 5,1525
299 16:15
4,4084 4,4406
4,0081 4,0402
4,5816 4,6144
5,1195 5,1527
300 16:16
4,4080 4,4402
4,0075 4,0396
4,5819 4,6147
5,1189 5,1521
301 16:17
4,4079 4,4401
4,0061 4,0382
4,5815 4,6143
5,1182 5,1514
302 16:18
4,4074 4,4396
4,0055 4,0376
4,5803 4,6131
5,1178 5,1510
303 16:19
4,4093 4,4415
4,0067 4,0388
4,5818 4,6146
5,1198 5,1530
304 16:20
4,4091 4,4413
4,0062 4,0383
4,5816 4,6144
5,1191 5,1523
305 16:21
4,4095 4,4417
4,0071 4,0392
4,5820 4,6149
5,1190 5,1522
306 16:22
4,4094 4,4416
4,0075 4,0396
4,5818 4,6147
5,1185 5,1517
307 16:23
4,4090 4,4412
4,0068 4,0389
4,5815 4,6144
5,1178 5,1510
308 16:24
4,4090 4,4412
4,0072 4,0393
4,5815 4,6144
5,1172 5,1504
309 16:25
4,4091 4,4413
4,0065 4,0386
4,5813 4,6142
5,1170 5,1502
310 16:26
4,4064 4,4386
4,0046 4,0367
4,5783 4,6112
5,1138 5,1470
311 16:27
4,4073 4,4395
4,0058 4,0379
4,5792 4,6121
5,1151 5,1483
312 16:28
4,4062 4,4384
4,0048 4,0369
4,5781 4,6110
5,1136 5,1468
313 16:29
4,4050 4,4372
4,0035 4,0356
4,5768 4,6097
5,1122 5,1454
314 16:30
4,4058 4,4380
4,0039 4,0360
4,5781 4,6110
5,1134 5,1466
315 16:31
4,4062 4,4384
4,0054 4,0375
4,5786 4,6115
5,1143 5,1475
316 16:32
4,4058 4,4380
4,0043 4,0364
4,5777 4,6106
5,1135 5,1467
317 16:33
4,4063 4,4385
4,0051 4,0372
4,5782 4,6111
5,1149 5,1481
318 16:34
4,4056 4,4378
4,0050 4,0371
4,5775 4,6104
5,1141 5,1473
319 16:35
4,4062 4,4384
4,0064 4,0385
4,5782 4,6111
5,1157 5,1489
320 16:36
4,4058 4,4380
4,0057 4,0378
4,5776 4,6105
5,1152 5,1484
321 16:37
4,4066 4,4388
4,0061 4,0382
4,5785 4,6114
5,1159 5,1491
322 16:38
4,4088 4,4410
4,0088 4,0409
4,5811 4,6140
5,1191 5,1523
323 16:39
4,4080 4,4402
4,0073 4,0394
4,5804 4,6133
5,1183 5,1515
324 16:40
4,4087 4,4409
4,0079 4,0400
4,5802 4,6131
5,1189 5,1521
325 16:41
4,4092 4,4414
4,0076 4,0397
4,5817 4,6146
5,1193 5,1525
326 16:42
4,4085 4,4407
4,0058 4,0379
4,5807 4,6136
5,1184 5,1516
327 16:43
4,4084 4,4406
4,0057 4,0378
4,5808 4,6137
5,1180 5,1512
328 16:44
4,4076 4,4398
4,0048 4,0369
4,5805 4,6134
5,1174 5,1506
329 16:45
4,4078 4,4400
4,0048 4,0369
4,5802 4,6131
5,1176 5,1508
330 16:46
4,4079 4,4401
4,0045 4,0366
4,5803 4,6132
5,1183 5,1515
331 16:47
4,4078 4,4400
4,0038 4,0359
4,5802 4,6131
5,1178 5,1510
332 16:48
4,4075 4,4397
4,0036 4,0357
4,5803 4,6132
5,1178 5,1510
333 16:49
4,4078 4,4400
4,0042 4,0363
4,5808 4,6137
5,1187 5,1519
334 16:50
4,4079 4,4401
4,0038 4,0359
4,5808 4,6137
5,1183 5,1515
335 16:51
4,4076 4,4398
4,0037 4,0358
4,5805 4,6134
5,1185 5,1517
336 16:52
4,4077 4,4399
4,0047 4,0368
4,5811 4,6140
5,1179 5,1511
337 16:53
4,4078 4,4400
4,0039 4,0360
4,5814 4,6143
5,1179 5,1511
338 16:54
4,4085 4,4407
4,0056 4,0377
4,5821 4,6150
5,1187 5,1519
339 16:55
4,4108 4,4430
4,0089 4,0410
4,5834 4,6163
5,1217 5,1549
340 16:56
4,4121 4,4443
4,0100 4,0421
4,5847 4,6176
5,1250 5,1582
341 16:57
4,4119 4,4441
4,0098 4,0419
4,5842 4,6171
5,1238 5,1570
342 16:58
4,4121 4,4443
4,0096 4,0417
4,5854 4,6183
5,1241 5,1573
343 16:59
4,4120 4,4442
4,0095 4,0416
4,5858 4,6187
5,1228 5,1560
344 17:00
4,4122 4,4444
4,0100 4,0421
4,5859 4,6188
5,1241 5,1573
345 17:01
4,4127 4,4449
4,0100 4,0421
4,5867 4,6196
5,1239 5,1571
346 17:02
4,4129 4,4451
4,0097 4,0418
4,5869 4,6198
5,1243 5,1575
347 17:03
4,4129 4,4451
4,0107 4,0428
4,5874 4,6203
5,1250 5,1582
348 17:04
4,4112 4,4434
4,0102 4,0423
4,5864 4,6193
5,1231 5,1563
349 17:05
4,4109 4,4431
4,0099 4,0420
4,5864 4,6193
5,1231 5,1563
350 17:06
4,4112 4,4434
4,0103 4,0424
4,5864 4,6193
5,1237 5,1569
351 17:07
4,4114 4,4436
4,0105 4,0426
4,5869 4,6198
5,1242 5,1574
352 17:08
4,4113 4,4435
4,0105 4,0426
4,5867 4,6196
5,1239 5,1571
353 17:09
4,4112 4,4434
4,0106 4,0427
4,5859 4,6188
5,1239 5,1571
354 17:10
4,4114 4,4436
4,0117 4,0438
4,5864 4,6193
5,1248 5,1580
355 17:11
4,4114 4,4436
4,0113 4,0434
4,5858 4,6187
5,1247 5,1579
356 17:12
4,4127 4,4449
4,0117 4,0438
4,5877 4,6206
5,1259 5,1591
357 17:13
4,4145 4,4467
4,0121 4,0442
4,5886 4,6215
5,1268 5,1600
358 17:14
4,4136 4,4458
4,0114 4,0435
4,5877 4,6206
5,1253 5,1585
359 17:15
4,4125 4,4447
4,0109 4,0430
4,5871 4,6200
5,1240 5,1572
360 17:16
4,4125 4,4447
4,0103 4,0424
4,5866 4,6195
5,1236 5,1568
361 17:17
4,4125 4,4447
4,0102 4,0423
4,5865 4,6194
5,1239 5,1571
362 17:18
4,4144 4,4466
4,0117 4,0438
4,5885 4,6214
5,1249 5,1581
363 17:19
4,4145 4,4467
4,0121 4,0442
4,5888 4,6217
5,1262 5,1594
364 17:20
4,4144 4,4466
4,0120 4,0441
4,5889 4,6218
5,1263 5,1595
365 17:21
4,4141 4,4463
4,0113 4,0434
4,5883 4,6212
5,1263 5,1595
366 17:22
4,4141 4,4463
4,0109 4,0430
4,5888 4,6217
5,1273 5,1605
367 17:23
4,4137 4,4459
4,0098 4,0419
4,5887 4,6216
5,1262 5,1594
368 17:24
4,4139 4,4461
4,0107 4,0428
4,5890 4,6219
5,1271 5,1603
369 17:25
4,4140 4,4462
4,0108 4,0429
4,5891 4,6220
5,1273 5,1605
370 17:26
4,4138 4,4460
4,0106 4,0427
4,5884 4,6213
5,1269 5,1601
371 17:27
4,4142 4,4464
4,0115 4,0436
4,5888 4,6217
5,1268 5,1600
372 17:28
4,4142 4,4464
4,0113 4,0434
4,5883 4,6212
5,1262 5,1594
373 17:29
4,4148 4,4470
4,0123 4,0444
4,5894 4,6223
5,1270 5,1602
374 17:30
4,4137 4,4459
4,0118 4,0439
4,5883 4,6212
5,1255 5,1587
375 17:31
4,4132 4,4454
4,0111 4,0432
4,5877 4,6206
5,1250 5,1582
376 17:32
4,4130 4,4452
4,0106 4,0427
4,5875 4,6204
5,1248 5,1580
377 17:33
4,4129 4,4451
4,0105 4,0426
4,5874 4,6203
5,1247 5,1579
378 17:34
4,4129 4,4451
4,0103 4,0424
4,5874 4,6203
5,1247 5,1579
379 17:35
4,4129 4,4451
4,0103 4,0424
4,5874 4,6203
5,1246 5,1578
380 17:36
4,4122 4,4444
4,0099 4,0420
4,5867 4,6196
5,1243 5,1575
381 17:37
4,4120 4,4442
4,0093 4,0414
4,5866 4,6195
5,1239 5,1571
382 17:38
4,4120 4,4442
4,0093 4,0414
4,5870 4,6199
5,1249 5,1581
383 17:39
4,4120 4,4442
4,0098 4,0419
4,5869 4,6198
5,1248 5,1580
384 17:40
4,4115 4,4437
4,0093 4,0414
4,5865 4,6194
5,1237 5,1569
385 17:41
4,4115 4,4437
4,0091 4,0412
4,5860 4,6189
5,1234 5,1566
386 17:42
4,4114 4,4436
4,0092 4,0413
4,5863 4,6192
5,1236 5,1568
387 17:43
4,4114 4,4436
4,0095 4,0416
4,5868 4,6197
5,1236 5,1568
388 17:44
4,4114 4,4436
4,0090 4,0411
4,5868 4,6197
5,1241 5,1573
389 17:45
4,4114 4,4436
4,0090 4,0411
4,5873 4,6202
5,1241 5,1573
390 17:46
4,4112 4,4434
4,0086 4,0407
4,5869 4,6198
5,1233 5,1565
391 17:47
4,4112 4,4434
4,0099 4,0420
4,5871 4,6200
5,1239 5,1571
392 17:48
4,4112 4,4434
4,0099 4,0420
4,5876 4,6205
5,1239 5,1571
393 17:49
4,4115 4,4437
4,0103 4,0424
4,5880 4,6209
5,1249 5,1581
394 17:50
4,4115 4,4437
4,0099 4,0420
4,5877 4,6206
5,1244 5,1576
395 17:51
4,4114 4,4436
4,0097 4,0418
4,5883 4,6212
5,1241 5,1573
396 17:52
4,4114 4,4436
4,0095 4,0416
4,5881 4,6210
5,1242 5,1574
397 17:53
4,4116 4,4438
4,0101 4,0422
4,5885 4,6214
5,1247 5,1579
398 17:54
4,4115 4,4437
4,0099 4,0420
4,5883 4,6212
5,1245 5,1577
399 17:55
4,4111 4,4433
4,0102 4,0423
4,5877 4,6206
5,1244 5,1576
400 17:56
4,4109 4,4431
4,0100 4,0421
4,5873 4,6202
5,1230 5,1562
401 17:57
4,4111 4,4433
4,0098 4,0419
4,5875 4,6204
5,1232 5,1564
402 17:58
4,4110 4,4432
4,0093 4,0414
4,5868 4,6197
5,1230 5,1562
403 17:59
4,4096 4,4418
4,0084 4,0405
4,5854 4,6183
5,1205 5,1537
404 18:00
4,4087 4,4422
4,0076 4,0412
4,5845 4,6187
5,1197 5,1546
405 18:01
4,4093 4,4421
4,0085 4,0415
4,5852 4,6192
5,1205 5,1543
406 18:02
4,4090 4,4425
4,0077 4,0414
4,5848 4,6190
5,1201 5,1547
407 18:03
4,4093 4,4424
4,0085 4,0418
4,5856 4,6198
5,1205 5,1548
408 18:04
4,4094 4,4423
4,0086 4,0415
4,5857 4,6193
5,1213 5,1552
409 18:05
4,4096 4,4425
4,0088 4,0417
4,5859 4,6195
5,1220 5,1560
410 18:06
4,4092 4,4420
4,0083 4,0415
4,5851 4,6190
5,1210 5,1548
411 18:07
4,4090 4,4424
4,0077 4,0413
4,5849 4,6194
5,1209 5,1554
412 18:08
4,4093 4,4424
4,0082 4,0414
4,5856 4,6194
5,1210 5,1550
413 18:09
4,4090 4,4425
4,0079 4,0414
4,5852 4,6199
5,1207 5,1553
414 18:10
4,4089 4,4425
4,0075 4,0414
4,5857 4,6200
5,1208 5,1555
415 18:11
4,4090 4,4424
4,0077 4,0415
4,5858 4,6199
5,1221 5,1560
416 18:12
4,4090 4,4423
4,0084 4,0420
4,5858 4,6198
5,1213 5,1557
417 18:13
4,4090 4,4422
4,0084 4,0420
4,5859 4,6201
5,1215 5,1558
418 18:14
4,4093 4,4422
4,0086 4,0416
4,5864 4,6201
5,1222 5,1556
419 18:15
4,4092 4,4422
4,0086 4,0416
4,5865 4,6202
5,1223 5,1564
420 18:16
4,4096 4,4420
4,0090 4,0418
4,5869 4,6200
5,1228 5,1561
421 18:17
4,4096 4,4420
4,0090 4,0418
4,5869 4,6200
5,1228 5,1561
422 18:18
4,4093 4,4417
4,0095 4,0419
4,5867 4,6197
5,1227 5,1559
423 18:19
4,4093 4,4417
4,0097 4,0424
4,5867 4,6197
5,1223 5,1557
424 18:20
4,4092 4,4416
4,0096 4,0425
4,5865 4,6200
5,1226 5,1558
425 18:21
4,4093 4,4418
4,0099 4,0426
4,5870 4,6201
5,1229 5,1564
426 18:22
4,4092 4,4416
4,0103 4,0428
4,5866 4,6196
5,1222 5,1556
427 18:23
4,4092 4,4416
4,0101 4,0429
4,5866 4,6196
5,1222 5,1556
428 18:24
4,4093 4,4417
4,0102 4,0430
4,5867 4,6197
5,1227 5,1559
429 18:25
4,4089 4,4417
4,0097 4,0426
4,5863 4,6197
5,1225 5,1557
430 18:26
4,4089 4,4419
4,0095 4,0425
4,5862 4,6199
5,1225 5,1565
431 18:27
4,4092 4,4418
4,0094 4,0424
4,5865 4,6198
5,1228 5,1564
432 18:28
4,4090 4,4423
4,0086 4,0423
4,5863 4,6203
5,1225 5,1569
433 18:29
4,4089 4,4421
4,0083 4,0418
4,5862 4,6201
5,1226 5,1569
434 18:30
4,4090 4,4420
4,0081 4,0415
4,5863 4,6200
5,1227 5,1568
435 18:31
4,4090 4,4420
4,0083 4,0414
4,5863 4,6200
5,1227 5,1568
436 18:32
4,4090 4,4421
4,0086 4,0421
4,5862 4,6200
5,1225 5,1568
437 18:33
4,4092 4,4420
4,0090 4,0422
4,5865 4,6200
5,1228 5,1566
438 18:34
4,4092 4,4420
4,0090 4,0422
4,5866 4,6200
5,1223 5,1562
439 18:35
4,4090 4,4423
4,0086 4,0419
4,5863 4,6203
5,1225 5,1569
440 18:36
4,4091 4,4422
4,0083 4,0418
4,5864 4,6202
5,1227 5,1568
441 18:37
4,4090 4,4422
4,0088 4,0420
4,5863 4,6202
5,1227 5,1570
442 18:38
4,4091 4,4422
4,0089 4,0423
4,5864 4,6202
5,1226 5,1568
443 18:39
4,4092 4,4424
4,0090 4,0422
4,5865 4,6204
5,1235 5,1571
444 18:40
4,4097 4,4427
4,0094 4,0427
4,5870 4,6207
5,1235 5,1576
445 18:41
4,4098 4,4429
4,0093 4,0428
4,5871 4,6209
5,1230 5,1571
446 18:42
4,4097 4,4430
4,0094 4,0426
4,5864 4,6209
5,1227 5,1571
447 18:43
4,4095 4,4428
4,0092 4,0428
4,5868 4,6208
5,1225 5,1569
448 18:44
4,4095 4,4429
4,0092 4,0426
4,5864 4,6210
5,1219 5,1565
449 18:45
4,4094 4,4428
4,0093 4,0428
4,5863 4,6209
5,1225 5,1563
450 18:46
4,4094 4,4428
4,0091 4,0428
4,5863 4,6209
5,1232 5,1571
451 18:47
4,4094 4,4428
4,0092 4,0426
4,5863 4,6209
5,1226 5,1571
452 18:48
4,4095 4,4428
4,0091 4,0424
4,5862 4,6207
5,1225 5,1569
453 18:49
4,4097 4,4428
4,0085 4,0420
4,5864 4,6207
5,1227 5,1569
454 18:50
4,4097 4,4428
4,0087 4,0420
4,5864 4,6207
5,1227 5,1569
455 18:51
4,4103 4,4431
4,0096 4,0424
4,5871 4,6207
5,1239 5,1573
456 18:52
4,4105 4,4434
4,0090 4,0422
4,5873 4,6209
5,1237 5,1570
457 18:53
4,4102 4,4434
4,0088 4,0424
4,5866 4,6207
5,1235 5,1578
458 18:54
4,4102 4,4434
4,0088 4,0420
4,5870 4,6209
5,1235 5,1578
459 18:55
4,4102 4,4432
4,0081 4,0415
4,5870 4,6207
5,1234 5,1574
460 18:56
4,4102 4,4432
4,0083 4,0414
4,5866 4,6207
5,1234 5,1568
461 18:57
4,4102 4,4432
4,0080 4,0413
4,5870 4,6207
5,1234 5,1574
462 18:58
4,4102 4,4432
4,0077 4,0411
4,5871 4,6213
5,1235 5,1576
463 18:59
4,4107 4,4438
4,0083 4,0418
4,5876 4,6218
5,1246 5,1581
464 19:00
4,4111 4,4442
4,0091 4,0422
4,5880 4,6222
5,1253 5,1592
465 19:01
4,4112 4,4443
4,0092 4,0423
4,5881 4,6219
5,1256 5,1598
466 19:02
4,4102 4,4455
4,0087 4,0439
4,5870 4,6236
5,1244 5,1612
467 19:03
4,4105 4,4444
4,0086 4,0428
4,5872 4,6219
5,1249 5,1599
468 19:04
4,4111 4,4442
4,0091 4,0426
4,5880 4,6218
5,1256 5,1597
469 19:05
4,4104 4,4448
4,0085 4,0432
4,5869 4,6225
5,1255 5,1612
470 19:06
4,4104 4,4448
4,0083 4,0427
4,5869 4,6225
5,1249 5,1606
471 19:07
4,4112 4,4443
4,0095 4,0426
4,5881 4,6219
5,1262 5,1604
472 19:08
4,4111 4,4441
4,0100 4,0434
4,5880 4,6217
5,1261 5,1601
473 19:09
4,4111 4,4441
4,0104 4,0434
4,5880 4,6217
5,1269 5,1604
474 19:10
4,4109 4,4443
4,0101 4,0438
4,5883 4,6225
5,1267 5,1612
475 19:11
4,4110 4,4444
4,0102 4,0436
4,5879 4,6220
5,1262 5,1607
476 19:12
4,4110 4,4444
4,0102 4,0435
4,5882 4,6226
5,1268 5,1607
477 19:13
4,4110 4,4444
4,0102 4,0436
4,5880 4,6226
5,1261 5,1602
478 19:14
4,4108 4,4442
4,0101 4,0439
4,5878 4,6224
5,1254 5,1599
479 19:15
4,4111 4,4444
4,0098 4,0435
4,5880 4,6220
5,1256 5,1597
480 19:16
4,4111 4,4444
4,0103 4,0439
4,5880 4,6220
5,1255 5,1599
481 19:17
4,4111 4,4444
4,0103 4,0439
4,5880 4,6220
5,1255 5,1599
482 19:18
4,4110 4,4444
4,0102 4,0435
4,5879 4,6220
5,1250 5,1595
483 19:19
4,4111 4,4443
4,0102 4,0435
4,5880 4,6219
5,1245 5,1588
484 19:20
4,4111 4,4445
4,0099 4,0432
4,5881 4,6221
5,1245 5,1590
485 19:21
4,4111 4,4445
4,0096 4,0434
4,5876 4,6222
5,1244 5,1590
486 19:22
4,4112 4,4445
4,0097 4,0433
4,5876 4,6216
5,1244 5,1588
487 19:23
4,4112 4,4444
4,0097 4,0433
4,5881 4,6220
5,1246 5,1582
488 19:24
4,4112 4,4445
4,0097 4,0433
4,5879 4,6220
5,1246 5,1583
489 19:25
4,4112 4,4445
4,0099 4,0436
4,5881 4,6221
5,1245 5,1590
490 19:26
4,4111 4,4444
4,0094 4,0431
4,5880 4,6220
5,1243 5,1587
491 19:27
4,4111 4,4443
4,0104 4,0436
4,5880 4,6219
5,1245 5,1588
492 19:28
4,4108 4,4442
4,0104 4,0437
4,5878 4,6224
5,1248 5,1593
493 19:29
4,4111 4,4444
4,0105 4,0442
4,5883 4,6224
5,1249 5,1593
494 19:30
4,4114 4,4447
4,0108 4,0445
4,5888 4,6228
5,1253 5,1597
495 19:31
4,4116 4,4449
4,0110 4,0443
4,5890 4,6230
5,1255 5,1599
496 19:32
4,4115 4,4447
4,0109 4,0442
4,5889 4,6229
5,1262 5,1605
497 19:33
4,4113 4,4447
4,0109 4,0443
4,5887 4,6228
5,1260 5,1605
498 19:34
4,4112 4,4446
4,0104 4,0437
4,5886 4,6227
5,1265 5,1610
499 19:35
4,4111 4,4444
4,0102 4,0435
4,5883 4,6224
5,1261 5,1605
500 19:36
4,4112 4,4445
4,0095 4,0432
4,5886 4,6226
5,1262 5,1606
501 19:37
4,4112 4,4445
4,0095 4,0432
4,5886 4,6226
5,1269 5,1608
502 19:38
4,4111 4,4444
4,0096 4,0432
4,5885 4,6225
5,1267 5,1605
503 19:39
4,4111 4,4444
4,0093 4,0429
4,5885 4,6225
5,1267 5,1611
504 19:40
4,4111 4,4445
4,0081 4,0418
4,5886 4,6226
5,1269 5,1614
505 19:41
4,4112 4,4445
4,0076 4,0412
4,5885 4,6230
5,1263 5,1607
506 19:42
4,4107 4,4440
4,0070 4,0406
4,5880 4,6220
5,1264 5,1601
507 19:43
4,4107 4,4440
4,0070 4,0406
4,5880 4,6220
5,1264 5,1601
508 19:44
4,4106 4,4439
4,0069 4,0405
4,5875 4,6219
5,1261 5,1605
509 19:45
4,4108 4,4439
4,0069 4,0404
4,5881 4,6219
5,1263 5,1605
510 19:46
4,4106 4,4441
4,0069 4,0407
4,5874 4,6217
5,1262 5,1609
511 19:47
4,4106 4,4440
4,0073 4,0407
4,5875 4,6216
5,1262 5,1608
512 19:48
4,4106 4,4440
4,0069 4,0406
4,5875 4,6216
5,1264 5,1609
513 19:49
4,4106 4,4440
4,0069 4,0406
4,5875 4,6216
5,1262 5,1608
514 19:50
4,4105 4,4439
4,0068 4,0405
4,5875 4,6221
5,1263 5,1608
515 19:51
4,4106 4,4440
4,0073 4,0410
4,5875 4,6220
5,1256 5,1602
516 19:52
4,4106 4,4440
4,0073 4,0411
4,5875 4,6218
5,1263 5,1608
517 19:53
4,4106 4,4440
4,0073 4,0411
4,5875 4,6216
5,1256 5,1602
518 19:54
4,4103 4,4437
4,0070 4,0407
4,5871 4,6212
5,1254 5,1599
519 19:55
4,4102 4,4435
4,0064 4,0401
4,5870 4,6210
5,1251 5,1594
520 19:56
4,4100 4,4434
4,0060 4,0393
4,5868 4,6209
5,1250 5,1594
521 19:57
4,4100 4,4433
4,0062 4,0399
4,5867 4,6212
5,1250 5,1593
522 19:58
4,4100 4,4433
4,0062 4,0395
4,5868 4,6208
5,1248 5,1592
523 19:59
4,4098 4,4427
4,0061 4,0392
4,5866 4,6202
5,1247 5,1586
524 20:00
4,4092 4,4426
4,0053 4,0391
4,5855 4,6196
5,1241 5,1586
525 20:01
4,4092 4,4426
4,0049 4,0382
4,5860 4,6201
5,1241 5,1586
526 20:02
4,4096 4,4427
4,0055 4,0386
4,5859 4,6201
5,1245 5,1586
527 20:03
4,4093 4,4426
4,0039 4,0375
4,5856 4,6196
5,1234 5,1578
528 20:04
4,4093 4,4426
4,0039 4,0375
4,5856 4,6196
5,1242 5,1579
529 20:05
4,4092 4,4424
4,0045 4,0378
4,5860 4,6199
5,1247 5,1583
530 20:06
4,4094 4,4425
4,0039 4,0374
4,5861 4,6204
5,1249 5,1590
531 20:07
4,4095 4,4426
4,0043 4,0378
4,5862 4,6205
5,1250 5,1591
532 20:08
4,4093 4,4425
4,0043 4,0375
4,5862 4,6206
5,1242 5,1584
533 20:09
4,4093 4,4425
4,0043 4,0379
4,5866 4,6205
5,1242 5,1585
534 20:10
4,4094 4,4427
4,0047 4,0383
4,5867 4,6207
5,1241 5,1585
535 20:11
4,4093 4,4425
4,0047 4,0383
4,5866 4,6205
5,1242 5,1585
536 20:12
4,4095 4,4426
4,0052 4,0386
4,5868 4,6206
5,1244 5,1585
537 20:13
4,4094 4,4427
4,0047 4,0383
4,5867 4,6207
5,1239 5,1579
538 20:14
4,4094 4,4427
4,0051 4,0387
4,5867 4,6211
5,1241 5,1585
539 20:15
4,4094 4,4427
4,0051 4,0387
4,5867 4,6207
5,1241 5,1579
540 20:16
4,4093 4,4426
4,0050 4,0386
4,5871 4,6211
5,1234 5,1578
541 20:17
4,4093 4,4425
4,0051 4,0383
4,5871 4,6210
5,1236 5,1579
542 20:18
4,4093 4,4426
4,0052 4,0387
4,5871 4,6211
5,1234 5,1578
543 20:19
4,4093 4,4426
4,0053 4,0387
4,5866 4,6206
5,1234 5,1578
544 20:20
4,4093 4,4426
4,0056 4,0389
4,5865 4,6210
5,1236 5,1579
545 20:21
4,4093 4,4426
4,0056 4,0393
4,5865 4,6210
5,1234 5,1578
546 20:22
4,4093 4,4426
4,0057 4,0393
4,5865 4,6210
5,1234 5,1578
547 20:23
4,4093 4,4426
4,0056 4,0389
4,5866 4,6210
5,1234 5,1578
548 20:24
4,4093 4,4426
4,0052 4,0389
4,5864 4,6207
5,1228 5,1572
549 20:25
4,4093 4,4426
4,0056 4,0389
4,5866 4,6206
5,1234 5,1578
550 20:26
4,4093 4,4426
4,0056 4,0393
4,5871 4,6215
5,1234 5,1578
551 20:27
4,4093 4,4426
4,0056 4,0391
4,5875 4,6215
5,1234 5,1578
552 20:28
4,4093 4,4425
4,0058 4,0394
4,5875 4,6214
5,1236 5,1579
553 20:29
4,4093 4,4426
4,0054 4,0390
4,5875 4,6214
5,1236 5,1579
554 20:30
4,4091 4,4425
4,0056 4,0389
4,5875 4,6215
5,1234 5,1578
555 20:31
4,4089 4,4415
4,0047 4,0377
4,5871 4,6206
5,1231 5,1567
556 20:32
4,4077 4,4421
4,0036 4,0382
4,5858 4,6215
5,1216 5,1575
557 20:33
4,4094 4,4427
4,0047 4,0383
4,5877 4,6221
5,1235 5,1579
558 20:34
4,4091 4,4425
4,0045 4,0383
4,5878 4,6220
5,1234 5,1579
559 20:35
4,4093 4,4425
4,0047 4,0383
4,5876 4,6220
5,1236 5,1579
560 20:36
4,4092 4,4426
4,0049 4,0382
4,5875 4,6221
5,1235 5,1580
561 20:37
4,4116 4,4448
4,0070 4,0403
4,5904 4,6243
5,1263 5,1606
562 20:38
4,4105 4,4439
4,0061 4,0398
4,5889 4,6231
5,1250 5,1595
563 20:39
4,4104 4,4438
4,0061 4,0395
4,5887 4,6228
5,1250 5,1595
564 20:40
4,4104 4,4439
4,0056 4,0394
4,5891 4,6233
5,1247 5,1594
565 20:41
4,4110 4,4450
4,0067 4,0409
4,5898 4,6245
5,1257 5,1608
566 20:42
4,4116 4,4453
4,0071 4,0411
4,5904 4,6248
5,1268 5,1611
567 20:43
4,4117 4,4453
4,0075 4,0414
4,5905 4,6248
5,1268 5,1610
568 20:44
4,4113 4,4444
4,0072 4,0406
4,5906 4,6244
5,1263 5,1605
569 20:45
4,4117 4,4452
4,0074 4,0413
4,5914 4,6251
5,1268 5,1614
570 20:46
4,4116 4,4451
4,0078 4,0416
4,5909 4,6251
5,1267 5,1613
571 20:47
4,4117 4,4453
4,0079 4,0418
4,5910 4,6253
5,1277 5,1618
572 20:48
4,4118 4,4452
4,0080 4,0417
4,5911 4,6252
5,1276 5,1616
573 20:49
4,4117 4,4453
4,0079 4,0418
4,5910 4,6253
5,1269 5,1617
574 20:50
4,4117 4,4453
4,0075 4,0414
4,5910 4,6253
5,1269 5,1617
575 20:51
4,4119 4,4453
4,0077 4,0414
4,5912 4,6253
5,1271 5,1617
576 20:52
4,4117 4,4453
4,0075 4,0414
4,5910 4,6253
5,1269 5,1617
577 20:53
4,4119 4,4454
4,0077 4,0415
4,5912 4,6254
5,1271 5,1618
578 20:54
4,4117 4,4453
4,0075 4,0414
4,5910 4,6253
5,1269 5,1617
579 20:55
4,4119 4,4454
4,0077 4,0415
4,5910 4,6253
5,1271 5,1612
580 20:56
4,4118 4,4453
4,0075 4,0410
4,5911 4,6253
5,1269 5,1609
581 20:57
4,4116 4,4452
4,0076 4,0414
4,5909 4,6252
5,1270 5,1611
582 20:58
4,4118 4,4453
4,0076 4,0414
4,5911 4,6253
5,1270 5,1611
583 20:59
4,4108 4,4435
4,0066 4,0397
4,5900 4,6233
5,1253 5,1590
584 21:00
4,4108 4,4435
4,0064 4,0394
4,5905 4,6239
5,1253 5,1589
585 21:01
4,4108 4,4435
4,0063 4,0391
4,5905 4,6239
5,1253 5,1590
586 21:02
4,4108 4,4435
4,0059 4,0390
4,5898 4,6233
5,1253 5,1590
587 21:03
4,4108 4,4435
4,0063 4,0391
4,5905 4,6239
5,1253 5,1590
588 21:04
4,4102 4,4445
4,0057 4,0402
4,5898 4,6249
5,1246 5,1598
589 21:05
4,4101 4,4446
4,0056 4,0403
4,5897 4,6250
5,1251 5,1608
590 21:06
4,4108 4,4435
4,0062 4,0393
4,5905 4,6239
5,1259 5,1596
591 21:07
4,4104 4,4441
4,0060 4,0400
4,5900 4,6249
5,1254 5,1600
592 21:08
4,4101 4,4446
4,0056 4,0403
4,5903 4,6255
5,1255 5,1613
593 21:09
4,4101 4,4446
4,0056 4,0403
4,5903 4,6255
5,1255 5,1613
594 21:10
4,4100 4,4445
4,0056 4,0404
4,5902 4,6254
5,1254 5,1612
595 21:11
4,4101 4,4446
4,0056 4,0403
4,5897 4,6254
5,1261 5,1613
596 21:12
4,4101 4,4446
4,0056 4,0403
4,5897 4,6254
5,1261 5,1613
597 21:13
4,4108 4,4435
4,0062 4,0393
4,5910 4,6244
5,1269 5,1601
598 21:14
4,4108 4,4435
4,0062 4,0393
4,5910 4,6244
5,1269 5,1601
599 21:15
4,4101 4,4446
4,0060 4,0407
4,5903 4,6255
5,1261 5,1619
600 21:16
4,4108 4,4435
4,0066 4,0397
4,5910 4,6244
5,1263 5,1601
601 21:17
4,4101 4,4446
4,0060 4,0403
4,5903 4,6255
5,1262 5,1621
602 21:18
4,4101 4,4446
4,0060 4,0403
4,5903 4,6255
5,1261 5,1619
1 21:19
4,4101 4,4446
4,0056 4,0403
4,5903 4,6255
5,1262 5,1620
2 21:20
4,4101 4,4446
4,0056 4,0403
4,5897 4,6250
5,1262 5,1621
3 21:21
4,4099 4,4444
4,0055 4,0403
4,5895 4,6248
5,1253 5,1611
4 21:22
4,4100 4,4444
4,0056 4,0399
4,5898 4,6250
5,1261 5,1619
5 21:23
4,4103 4,4446
4,0058 4,0404
4,5900 4,6250
5,1263 5,1619
6 21:24
4,4100 4,4444
4,0056 4,0403
4,5897 4,6254
5,1261 5,1619
7 21:25
4,4101 4,4446
4,0060 4,0407
4,5897 4,6250
5,1261 5,1619
8 21:26
4,4097 4,4443
4,0064 4,0409
4,5899 4,6252
5,1265 5,1618
9 21:27
4,4101 4,4446
4,0064 4,0412
4,5903 4,6255
5,1261 5,1619
10 21:28
4,4101 4,4446
4,0068 4,0412
4,5903 4,6255
5,1261 5,1619
11 21:29
4,4108 4,4435
4,0077 4,0404
4,5915 4,6249
5,1271 5,1608
12 21:30
4,4108 4,4435
4,0077 4,0404
4,5915 4,6249
5,1271 5,1608
13 21:31
4,4104 4,4434
4,0074 4,0405
4,5911 4,6248
5,1267 5,1608
14 21:32
4,4102 4,4435
4,0071 4,0408
4,5907 4,6248
5,1263 5,1608
15 21:33
4,4108 4,4435
4,0073 4,0404
4,5915 4,6249
5,1271 5,1608
16 21:34
4,4103 4,4433
4,0070 4,0403
4,5911 4,6247
5,1265 5,1605
17 21:35
4,4104 4,4434
4,0075 4,0405
4,5911 4,6248
5,1267 5,1608
18 21:36
4,4103 4,4433
4,0071 4,0401
4,5905 4,6242
5,1265 5,1605
19 21:37
4,4106 4,4434
4,0073 4,0405
4,5908 4,6243
5,1269 5,1608
20 21:38
4,4109 4,4434
4,0075 4,0401
4,5906 4,6238
5,1271 5,1605
21 21:39
4,4109 4,4434
4,0074 4,0403
4,5901 4,6232
5,1271 5,1605
22 21:40
4,4100 4,4440
4,0067 4,0406
4,5893 4,6241
5,1262 5,1615
23 21:41
4,4103 4,4433
4,0067 4,0401
4,5895 4,6232
5,1265 5,1605
24 21:42
4,4103 4,4433
4,0070 4,0403
4,5895 4,6232
5,1265 5,1605
25 21:43
4,4104 4,4433
4,0070 4,0403
4,5896 4,6232
5,1266 5,1605
26 21:44
4,4104 4,4433
4,0070 4,0403
4,5896 4,6232
5,1266 5,1605
27 21:45
4,4106 4,4435
4,0075 4,0404
4,5898 4,6234
5,1267 5,1607
28 21:46
4,4106 4,4434
4,0077 4,0409
4,5903 4,6238
5,1269 5,1608
29 21:47
4,4103 4,4444
4,0073 4,0417
4,5900 4,6248
5,1265 5,1618
30 21:48
4,4108 4,4435
4,0073 4,0404
4,5905 4,6239
5,1271 5,1608
31 21:49
4,4096 4,4431
4,0064 4,0402
4,5893 4,6235
5,1256 5,1602
32 21:50
4,4097 4,4432
4,0061 4,0399
4,5890 4,6235
5,1257 5,1603
33 21:51
4,4096 4,4431
4,0062 4,0397
4,5893 4,6235
5,1256 5,1602
34 21:52
4,4096 4,4430
4,0060 4,0397
4,5893 4,6234
5,1258 5,1603
35 21:53
4,4096 4,4430
4,0064 4,0402
4,5893 4,6234
5,1258 5,1603
36 21:54
4,4088 4,4441
4,0055 4,0406
4,5883 4,6244
5,1246 5,1614
37 21:55
4,4095 4,4431
4,0063 4,0399
4,5892 4,6235
5,1257 5,1604
38 21:56
4,4095 4,4432
4,0059 4,0399
4,5892 4,6236
5,1255 5,1598
39 21:57
4,4096 4,4431
4,0056 4,0394
4,5893 4,6235
5,1256 5,1602
40 21:58
4,4095 4,4431
4,0059 4,0394
4,5892 4,6235
5,1257 5,1604
41 21:59
4,4095 4,4431
4,0060 4,0398
4,5893 4,6241
5,1257 5,1604
42 22:00
4,4090 4,4424
4,0058 4,0395
4,5896 4,6237
5,1257 5,1596
43 22:01
4,4090 4,4424
4,0062 4,0396
4,5897 4,6243
5,1257 5,1602
44 22:02
4,4091 4,4426
4,0063 4,0397
4,5902 4,6244
5,1250 5,1596
45 22:03
4,4076 4,4415
4,0049 4,0387
4,5881 4,6232
5,1233 5,1584
46 22:04
4,4076 4,4411
4,0048 4,0383
4,5882 4,6224
5,1234 5,1577
47 22:05
4,4075 4,4410
4,0048 4,0386
4,5881 4,6223
5,1232 5,1579
48 22:06
4,4073 4,4409
4,0046 4,0385
4,5883 4,6226
5,1230 5,1578
49 22:07
4,4071 4,4406
4,0043 4,0382
4,5881 4,6223
5,1227 5,1573
50 22:08
4,4070 4,4405
4,0042 4,0381
4,5880 4,6222
5,1226 5,1573
51 22:09
4,4070 4,4408
4,0043 4,0384
4,5876 4,6222
5,1234 5,1577
52 22:10
4,4072 4,4407
4,0048 4,0383
4,5876 4,6219
5,1232 5,1575
53 22:11
4,4071 4,4405
4,0048 4,0385
4,5877 4,6219
5,1229 5,1574
54 22:12
4,4071 4,4406
4,0048 4,0386
4,5875 4,6218
5,1227 5,1573
55 22:13
4,4072 4,4407
4,0049 4,0387
4,5876 4,6219
5,1228 5,1568
56 22:14
4,4073 4,4408
4,0054 4,0392
4,5874 4,6216
5,1229 5,1575
57 22:15
4,4072 4,4408
4,0053 4,0392
4,5877 4,6216
5,1230 5,1577
58 22:16
4,4074 4,4409
4,0053 4,0392
4,5884 4,6226
5,1230 5,1576
59 22:17
4,4072 4,4407
4,0049 4,0387
4,5882 4,6223
5,1222 5,1568
60 22:18
4,4073 4,4408
4,0053 4,0391
4,5883 4,6225
5,1229 5,1576
61 22:19
4,4072 4,4407
4,0053 4,0391
4,5882 4,6223
5,1228 5,1574
62 22:20
4,4074 4,4407
4,0057 4,0390
4,5884 4,6224
5,1236 5,1581
63 22:21
4,4073 4,4408
4,0053 4,0391
4,5878 4,6220
5,1235 5,1582
64 22:22
4,4071 4,4405
4,0056 4,0390
4,5877 4,6219
5,1235 5,1580
65 22:23
4,4072 4,4407
4,0055 4,0390
4,5876 4,6219
5,1234 5,1580
66 22:24
4,4072 4,4407
4,0055 4,0390
4,5876 4,6219
5,1234 5,1580
67 22:25
4,4072 4,4407
4,0055 4,0390
4,5877 4,6215
5,1234 5,1580
68 22:26
4,4072 4,4407
4,0055 4,0394
4,5873 4,6215
5,1234 5,1580
69 22:27
4,4073 4,4408
4,0057 4,0395
4,5874 4,6216
5,1235 5,1581
70 22:28
4,4074 4,4409
4,0057 4,0392
4,5875 4,6217
5,1237 5,1583
71 22:29
4,4073 4,4409
4,0058 4,0394
4,5874 4,6217
5,1236 5,1584
72 22:30
4,4075 4,4410
4,0059 4,0397
4,5885 4,6227
5,1244 5,1585
73 22:31
4,4074 4,4409
4,0058 4,0396
4,5884 4,6226
5,1242 5,1582
74 22:32
4,4077 4,4411
4,0061 4,0398
4,5888 4,6234
5,1242 5,1587
75 22:33
4,4079 4,4414
4,0063 4,0401
4,5894 4,6236
5,1248 5,1588
76 22:34
4,4078 4,4414
4,0065 4,0404
4,5893 4,6236
5,1249 5,1596
77 22:35
4,4081 4,4416
4,0068 4,0406
4,5895 4,6238
5,1251 5,1598
78 22:36
4,4080 4,4415
4,0068 4,0406
4,5896 4,6238
5,1250 5,1596
79 22:37
4,4081 4,4416
4,0063 4,0398
4,5895 4,6238
5,1245 5,1592
80 22:38
4,4080 4,4415
4,0058 4,0397
4,5895 4,6237
5,1243 5,1589
81 22:39
4,4080 4,4415
4,0052 4,0387
4,5885 4,6232
5,1237 5,1583
82 22:40
4,4080 4,4415
4,0053 4,0391
4,5890 4,6237
5,1237 5,1583
83 22:41
4,4081 4,4415
4,0062 4,0396
4,5901 4,6238
5,1245 5,1591
84 22:42
4,4081 4,4417
4,0061 4,0398
4,5901 4,6244
5,1245 5,1593
85 22:43
4,4081 4,4416
4,0057 4,0395
4,5895 4,6238
5,1244 5,1585
86 22:44
4,4080 4,4415
4,0055 4,0390
4,5894 4,6237
5,1243 5,1589
87 22:45
4,4079 4,4413
4,0056 4,0394
4,5895 4,6237
5,1243 5,1589
88 22:46
4,4079 4,4415
4,0056 4,0396
4,5899 4,6242
5,1243 5,1591
89 22:47
4,4081 4,4418
4,0057 4,0397
4,5895 4,6244
5,1244 5,1592
90 22:48
4,4076 4,4419
4,0052 4,0397
4,5890 4,6245
5,1240 5,1594
91 22:49
4,4079 4,4417
4,0055 4,0396
4,5894 4,6245
5,1243 5,1593
92 22:50
4,4057 4,4427
4,0035 4,0406
4,5870 4,6255
5,1215 5,1605
93 22:51
4,4054 4,4423
4,0032 4,0401
4,5867 4,6250
5,1213 5,1599
94 22:52
4,4055 4,4423
4,0033 4,0402
4,5870 4,6252
5,1216 5,1601
95 22:53
4,4055 4,4421
4,0033 4,0400
4,5870 4,6250
5,1215 5,1603
96 22:54
4,4058 4,4424
4,0036 4,0403
4,5873 4,6253
5,1219 5,1607
97 22:55
4,4057 4,4422
4,0035 4,0401
4,5876 4,6250
5,1217 5,1604
98 22:56
4,4049 4,4419
4,0029 4,0399
4,5868 4,6247
5,1209 5,1602
99 22:57
4,4052 4,4419
4,0030 4,0397
4,5866 4,6246
5,1212 5,1595
100 22:58
4,4051 4,4419
4,0027 4,0395
4,5866 4,6248
5,1211 5,1596
101 22:59
4,4049 4,4422
4,0025 4,0397
4,5862 4,6249
5,1202 5,1599
102 23:00
4,4027 4,4445
3,9994 4,0419
4,5804 4,6320
5,1176 5,1635
103 23:01
4,4026 4,4446
3,9992 4,0421
4,5803 4,6321
5,1175 5,1633
104 23:02
4,4005 4,4462
3,9977 4,0437
4,5753 4,6331
5,1147 5,1641
105 23:03
4,4005 4,4462
3,9977 4,0437
4,5754 4,6329
5,1147 5,1647
106 23:04
4,4005 4,4462
3,9973 4,0441
4,5754 4,6329
5,1147 5,1647
107 23:05
4,4005 4,4462
3,9976 4,0438
4,5754 4,6329
5,1147 5,1647
108 23:06
4,4005 4,4462
3,9973 4,0437
4,5755 4,6301
5,1147 5,1635
109 23:07
4,4005 4,4462
3,9973 4,0437
4,5759 4,6300
5,1147 5,1635
110 23:08
4,4005 4,4462
3,9977 4,0437
4,5759 4,6300
5,1147 5,1635
111 23:09
4,4005 4,4462
3,9977 4,0437
4,5759 4,6300
5,1147 5,1635
112 23:10
4,4005 4,4462
3,9977 4,0437
4,5759 4,6300
5,1141 5,1629
113 23:11
4,4005 4,4462
3,9977 4,0441
4,5760 4,6306
5,1147 5,1635
114 23:12
4,4005 4,4462
3,9977 4,0441
4,5759 4,6300
5,1147 5,1635
115 23:13
4,4005 4,4462
3,9977 4,0441
4,5760 4,6306
5,1147 5,1635
116 23:14
4,4005 4,4462
3,9977 4,0441
4,5760 4,6306
5,1147 5,1635
117 23:15
4,4005 4,4462
3,9977 4,0436
4,5766 4,6302
5,1113 5,1630
118 23:16
4,4005 4,4462
3,9973 4,0437
4,5759 4,6300
5,1099 5,1629
119 23:17
4,4005 4,4462
3,9973 4,0437
4,5759 4,6300
5,1105 5,1629
120 23:18
4,4005 4,4462
3,9973 4,0437
4,5759 4,6300
5,1105 5,1629
121 23:19
4,4005 4,4462
3,9973 4,0437
4,5759 4,6300
5,1105 5,1629
122 23:20
4,4005 4,4462
3,9973 4,0437
4,5759 4,6300
5,1105 5,1629
123 23:21
4,4005 4,4462
3,9966 4,0434
4,5749 4,6300
5,1093 5,1629
124 23:22
4,4005 4,4462
3,9970 4,0434
4,5754 4,6305
5,1099 5,1629
125 23:23
4,4005 4,4462
3,9966 4,0434
4,5760 4,6306
5,1099 5,1629
126 23:24
4,4005 4,4462
3,9966 4,0434
4,5754 4,6305
5,1093 5,1629
127 23:25
4,4005 4,4462
3,9966 4,0434
4,5754 4,6305
5,1099 5,1629
128 23:26
4,4005 4,4462
3,9966 4,0430
4,5754 4,6309
5,1093 5,1629
129 23:27
4,4005 4,4462
3,9966 4,0434
4,5754 4,6309
5,1093 5,1629
130 23:28
4,4005 4,4462
3,9966 4,0430
4,5754 4,6309
5,1093 5,1629
131 23:29
4,4005 4,4462
3,9966 4,0430
4,5754 4,6309
5,1123 5,1629
132 23:30
4,4005 4,4462
3,9966 4,0430
4,5760 4,6306
5,1129 5,1629
133 23:31
4,3927 4,4542
3,9899 4,0499
4,5679 4,6389
5,1045 5,1724
134 23:32
4,3933 4,4536
3,9908 4,0494
4,5718 4,6368
5,1052 5,1717
135 11:03
Connection error x5
