#======================
2023-7-26
# 1.EUR, 2.USD, 3.CHF, 4.GBP
Sell Price, Buy Price
1 09:13
4,4194 4,4516
3,9942 4,0263
4,6317 4,6645
5,1522 5,1854
2 09:14
4,4190 4,4512
3,9938 4,0259
4,6321 4,6649
5,1511 5,1843
3 09:15
4,4187 4,4509
3,9933 4,0254
4,6317 4,6645
5,1511 5,1843
4 09:16
4,4190 4,4512
3,9940 4,0261
4,6321 4,6649
5,1515 5,1847
5 09:17
4,4188 4,4510
3,9946 4,0267
4,6324 4,6652
5,1514 5,1846
6 09:18
4,4187 4,4509
3,9949 4,0270
4,6330 4,6658
5,1518 5,1850
7 09:19
4,4188 4,4510
3,9947 4,0268
4,6339 4,6667
5,1521 5,1853
8 09:20
4,4187 4,4509
3,9952 4,0273
4,6337 4,6665
5,1520 5,1852
9 09:21
4,4191 4,4513
3,9955 4,0276
4,6336 4,6664
5,1518 5,1850
10 09:22
4,4185 4,4507
3,9946 4,0267
4,6320 4,6648
5,1509 5,1841
11 09:23
4,4183 4,4505
3,9948 4,0269
4,6313 4,6641
5,1507 5,1839
12 09:24
4,4181 4,4503
3,9941 4,0262
4,6316 4,6644
5,1498 5,1830
13 09:25
4,4184 4,4506
3,9947 4,0268
4,6319 4,6647
5,1493 5,1825
14 09:26
4,4186 4,4508
3,9944 4,0265
4,6319 4,6647
5,1492 5,1824
15 09:27
4,4186 4,4508
3,9947 4,0268
4,6316 4,6644
5,1495 5,1827
16 09:28
4,4185 4,4507
3,9942 4,0263
4,6326 4,6654
5,1494 5,1826
17 09:29
4,4177 4,4499
3,9932 4,0253
4,6322 4,6650
5,1488 5,1820
18 09:30
4,4181 4,4503
3,9935 4,0256
4,6323 4,6651
5,1502 5,1834
19 09:31
4,4185 4,4507
3,9937 4,0258
4,6323 4,6651
5,1503 5,1835
20 09:32
4,4180 4,4502
3,9926 4,0247
4,6311 4,6639
5,1498 5,1830
21 09:33
4,4184 4,4506
3,9931 4,0252
4,6312 4,6640
5,1491 5,1823
22 09:34
4,4181 4,4503
3,9921 4,0242
4,6314 4,6642
5,1483 5,1815
23 09:35
4,4173 4,4495
3,9908 4,0229
4,6307 4,6635
5,1476 5,1808
24 09:36
4,4123 4,4445
3,9865 4,0186
4,6254 4,6582
5,1422 5,1755
25 09:37
4,4120 4,4442
3,9866 4,0187
4,6252 4,6580
5,1418 5,1751
26 09:38
4,4138 4,4460
3,9884 4,0205
4,6271 4,6599
5,1451 5,1784
27 09:39
4,4125 4,4447
3,9872 4,0193
4,6252 4,6580
5,1439 5,1772
28 09:40
4,4126 4,4448
3,9873 4,0194
4,6261 4,6589
5,1446 5,1779
29 09:41
4,4104 4,4426
3,9855 4,0176
4,6234 4,6563
5,1423 5,1755
30 09:42
4,4132 4,4454
3,9879 4,0200
4,6264 4,6593
5,1454 5,1786
31 09:43
4,4122 4,4444
3,9873 4,0194
4,6251 4,6580
5,1454 5,1786
32 09:44
4,4122 4,4444
3,9871 4,0192
4,6258 4,6587
5,1456 5,1788
33 09:45
4,4128 4,4450
3,9871 4,0192
4,6257 4,6586
5,1464 5,1796
34 09:46
4,4129 4,4450
3,9861 4,0182
4,6256 4,6585
5,1465 5,1797
35 09:47
4,4124 4,4445
3,9843 4,0164
4,6251 4,6580
5,1469 5,1801
36 09:48
4,4122 4,4443
3,9835 4,0156
4,6244 4,6573
5,1458 5,1790
37 09:49
4,4124 4,4445
3,9839 4,0160
4,6251 4,6580
5,1462 5,1794
38 09:50
4,4127 4,4448
3,9841 4,0162
4,6248 4,6577
5,1464 5,1796
39 09:51
4,4120 4,4442
3,9835 4,0156
4,6237 4,6565
5,1454 5,1787
40 09:52
4,4118 4,4440
3,9829 4,0150
4,6240 4,6568
5,1448 5,1781
41 09:53
4,4118 4,4440
3,9835 4,0156
4,6240 4,6568
5,1448 5,1781
42 09:54
4,4107 4,4429
3,9833 4,0154
4,6241 4,6569
5,1439 5,1772
43 09:55
4,4107 4,4429
3,9831 4,0152
4,6239 4,6567
5,1443 5,1776
44 09:56
4,4111 4,4433
3,9841 4,0162
4,6242 4,6570
5,1443 5,1776
45 09:57
4,4100 4,4422
3,9832 4,0153
4,6232 4,6560
5,1434 5,1767
46 09:58
4,4102 4,4424
3,9824 4,0145
4,6231 4,6559
5,1433 5,1766
47 09:59
4,4097 4,4419
3,9825 4,0146
4,6233 4,6561
5,1428 5,1761
48 10:00
4,4095 4,4417
3,9825 4,0146
4,6230 4,6558
5,1428 5,1761
49 10:01
4,4097 4,4419
3,9823 4,0144
4,6242 4,6570
5,1433 5,1766
50 10:02
4,4065 4,4387
3,9795 4,0116
4,6207 4,6535
5,1402 5,1735
51 10:03
4,4068 4,4390
3,9799 4,0120
4,6212 4,6540
5,1405 5,1738
52 10:04
4,4068 4,4390
3,9808 4,0129
4,6207 4,6535
5,1400 5,1733
53 10:05
4,4070 4,4392
3,9810 4,0131
4,6205 4,6533
5,1396 5,1729
54 10:06
4,4085 4,4407
3,9822 4,0143
4,6220 4,6548
5,1414 5,1746
55 10:07
4,4073 4,4395
3,9811 4,0132
4,6208 4,6536
5,1403 5,1735
56 10:08
4,4072 4,4394
3,9809 4,0130
4,6207 4,6535
5,1405 5,1737
57 10:09
4,4080 4,4402
3,9813 4,0134
4,6215 4,6543
5,1410 5,1742
58 10:10
4,4084 4,4406
3,9822 4,0143
4,6219 4,6547
5,1412 5,1744
59 10:11
4,4084 4,4406
3,9817 4,0138
4,6219 4,6547
5,1412 5,1744
60 10:12
4,4086 4,4408
3,9824 4,0145
4,6217 4,6545
5,1415 5,1747
61 10:13
4,4095 4,4417
3,9825 4,0146
4,6225 4,6553
5,1423 5,1755
62 10:14
4,4089 4,4411
3,9825 4,0146
4,6219 4,6547
5,1409 5,1741
63 10:15
4,4088 4,4410
3,9817 4,0138
4,6213 4,6541
5,1410 5,1742
64 10:16
4,4086 4,4408
3,9815 4,0136
4,6205 4,6534
5,1401 5,1733
65 10:17
4,4086 4,4408
3,9822 4,0143
4,6200 4,6529
5,1402 5,1734
66 10:18
4,4086 4,4408
3,9824 4,0145
4,6191 4,6520
5,1402 5,1734
67 10:19
4,4086 4,4408
3,9819 4,0140
4,6183 4,6512
5,1399 5,1731
68 10:20
4,4084 4,4406
3,9818 4,0139
4,6180 4,6509
5,1401 5,1733
69 10:21
4,4084 4,4406
3,9820 4,0141
4,6174 4,6503
5,1403 5,1735
70 10:22
4,4071 4,4393
3,9804 4,0125
4,6156 4,6485
5,1394 5,1726
71 10:23
4,4051 4,4373
3,9784 4,0105
4,6133 4,6462
5,1375 5,1707
72 10:24
4,4049 4,4371
3,9782 4,0103
4,6131 4,6460
5,1372 5,1704
73 10:25
4,4049 4,4371
3,9780 4,0101
4,6125 4,6454
5,1368 5,1700
74 10:26
4,4060 4,4382
3,9792 4,0113
4,6131 4,6459
5,1378 5,1710
75 10:27
4,4058 4,4380
3,9788 4,0109
4,6124 4,6452
5,1379 5,1711
76 10:28
4,4052 4,4374
3,9783 4,0104
4,6115 4,6443
5,1369 5,1701
77 10:29
4,4056 4,4378
3,9785 4,0106
4,6112 4,6440
5,1379 5,1711
78 10:30
4,4084 4,4406
3,9815 4,0136
4,6149 4,6477
5,1412 5,1744
79 10:31
4,4092 4,4413
3,9831 4,0152
4,6157 4,6485
5,1422 5,1755
80 10:32
4,4096 4,4417
3,9837 4,0158
4,6155 4,6483
5,1426 5,1759
81 10:33
4,4093 4,4414
3,9832 4,0153
4,6151 4,6479
5,1419 5,1752
82 12:55
Connection error x5
1 12:56
4,4089 4,4411
3,9772 4,0093
4,6144 4,6472
5,1424 5,1756
2 12:57
4,4089 4,4411
3,9773 4,0094
4,6142 4,6470
5,1422 5,1754
3 12:58
4,4091 4,4413
3,9773 4,0094
4,6144 4,6472
5,1424 5,1756
4 12:59
4,4096 4,4418
3,9782 4,0103
4,6149 4,6477
5,1438 5,1770
5 13:00
4,4097 4,4419
3,9784 4,0105
4,6148 4,6476
5,1434 5,1766
6 13:01
4,4099 4,4421
3,9791 4,0112
4,6149 4,6478
5,1435 5,1767
7 13:02
4,4102 4,4424
3,9790 4,0111
4,6155 4,6484
5,1445 5,1777
8 13:03
4,4102 4,4424
3,9793 4,0114
4,6156 4,6485
5,1447 5,1779
9 13:04
4,4103 4,4425
3,9793 4,0114
4,6160 4,6489
5,1443 5,1775
10 13:05
4,4088 4,4410
3,9776 4,0097
4,6142 4,6471
5,1422 5,1754
11 13:06
4,4092 4,4414
3,9781 4,0102
4,6144 4,6473
5,1425 5,1757
12 13:07
4,4090 4,4412
3,9779 4,0100
4,6142 4,6471
5,1419 5,1751
13 13:08
4,4090 4,4412
3,9784 4,0105
4,6146 4,6475
5,1428 5,1760
14 13:09
4,4090 4,4412
3,9789 4,0110
4,6147 4,6476
5,1423 5,1755
15 13:10
4,4090 4,4412
3,9791 4,0112
4,6151 4,6480
5,1423 5,1755
16 13:11
4,4090 4,4412
3,9786 4,0107
4,6147 4,6476
5,1429 5,1761
17 13:12
4,4091 4,4413
3,9781 4,0102
4,6148 4,6477
5,1430 5,1762
18 13:13
4,4091 4,4413
3,9774 4,0095
4,6145 4,6474
5,1426 5,1758
19 13:14
4,4091 4,4413
3,9778 4,0099
4,6147 4,6476
5,1426 5,1758
20 13:15
4,4091 4,4413
3,9774 4,0095
4,6145 4,6474
5,1420 5,1752
21 13:16
4,4091 4,4413
3,9774 4,0095
4,6158 4,6486
5,1423 5,1755
22 13:17
4,4090 4,4412
3,9781 4,0102
4,6157 4,6485
5,1419 5,1751
23 13:18
4,4076 4,4398
3,9772 4,0093
4,6140 4,6468
5,1412 5,1744
24 13:19
4,4074 4,4396
3,9779 4,0100
4,6145 4,6473
5,1418 5,1750
25 13:20
4,4075 4,4397
3,9781 4,0102
4,6149 4,6477
5,1416 5,1748
26 13:21
4,4074 4,4396
3,9781 4,0102
4,6155 4,6483
5,1422 5,1754
27 13:22
4,4073 4,4395
3,9789 4,0110
4,6154 4,6482
5,1421 5,1753
28 13:23
4,4074 4,4396
3,9792 4,0113
4,6155 4,6483
5,1422 5,1754
29 13:24
4,4075 4,4397
3,9795 4,0116
4,6156 4,6484
5,1420 5,1752
30 13:25
4,4074 4,4396
3,9796 4,0117
4,6163 4,6491
5,1422 5,1754
31 13:26
4,4073 4,4395
3,9791 4,0112
4,6162 4,6490
5,1417 5,1749
32 13:27
4,4072 4,4394
3,9788 4,0109
4,6158 4,6486
5,1416 5,1748
33 13:28
4,4073 4,4395
3,9794 4,0115
4,6159 4,6487
5,1420 5,1752
34 13:29
4,4072 4,4394
3,9797 4,0118
4,6158 4,6486
5,1419 5,1751
35 13:30
4,4074 4,4396
3,9797 4,0118
4,6160 4,6488
5,1421 5,1753
36 13:31
4,4067 4,4389
3,9791 4,0112
4,6153 4,6481
5,1417 5,1749
37 13:32
4,4063 4,4385
3,9786 4,0107
4,6151 4,6479
5,1421 5,1753
38 13:33
4,4062 4,4384
3,9784 4,0105
4,6150 4,6478
5,1422 5,1754
39 13:34
4,4061 4,4383
3,9781 4,0102
4,6148 4,6476
5,1427 5,1759
40 13:35
4,4061 4,4383
3,9782 4,0103
4,6147 4,6475
5,1431 5,1763
41 13:36
4,4061 4,4383
3,9787 4,0108
4,6147 4,6475
5,1425 5,1757
42 13:37
4,4061 4,4383
3,9784 4,0105
4,6151 4,6479
5,1421 5,1753
43 13:38
4,4058 4,4380
3,9777 4,0098
4,6148 4,6476
5,1421 5,1753
44 13:39
4,4057 4,4379
3,9776 4,0097
4,6154 4,6482
5,1429 5,1761
45 13:40
4,4055 4,4377
3,9778 4,0099
4,6148 4,6476
5,1427 5,1759
46 13:41
4,4057 4,4379
3,9780 4,0101
4,6151 4,6479
5,1435 5,1767
47 13:42
4,4060 4,4382
3,9786 4,0107
4,6157 4,6485
5,1435 5,1767
48 13:43
4,4057 4,4379
3,9789 4,0110
4,6161 4,6489
5,1437 5,1769
49 13:44
4,4056 4,4378
3,9795 4,0116
4,6167 4,6495
5,1440 5,1772
50 13:45
4,4060 4,4382
3,9799 4,0120
4,6165 4,6493
5,1445 5,1777
51 13:46
4,4060 4,4382
3,9801 4,0122
4,6164 4,6492
5,1444 5,1776
52 13:47
4,4060 4,4382
3,9808 4,0129
4,6165 4,6493
5,1442 5,1774
53 13:48
4,4058 4,4380
3,9809 4,0130
4,6162 4,6490
5,1442 5,1774
54 13:49
4,4052 4,4374
3,9809 4,0130
4,6161 4,6489
5,1435 5,1767
55 13:50
4,4048 4,4370
3,9804 4,0125
4,6155 4,6483
5,1431 5,1763
56 13:51
4,4045 4,4367
3,9810 4,0131
4,6151 4,6479
5,1427 5,1759
57 13:52
4,4044 4,4366
3,9811 4,0132
4,6152 4,6480
5,1428 5,1760
58 13:53
4,4045 4,4367
3,9814 4,0135
4,6150 4,6478
5,1433 5,1765
59 13:54
4,4026 4,4348
3,9794 4,0115
4,6132 4,6460
5,1411 5,1743
60 13:55
4,4031 4,4353
3,9793 4,0114
4,6137 4,6465
5,1416 5,1748
61 13:56
4,4031 4,4353
3,9794 4,0115
4,6135 4,6463
5,1417 5,1749
62 13:57
4,4040 4,4362
3,9803 4,0124
4,6144 4,6472
5,1424 5,1756
63 13:58
4,4045 4,4367
3,9807 4,0128
4,6147 4,6475
5,1427 5,1759
64 13:59
4,4045 4,4367
3,9809 4,0130
4,6149 4,6477
5,1427 5,1759
65 14:00
4,4044 4,4366
3,9806 4,0127
4,6146 4,6474
5,1426 5,1758
66 14:01
4,4041 4,4363
3,9807 4,0128
4,6140 4,6468
5,1422 5,1754
67 14:02
4,4035 4,4357
3,9803 4,0124
4,6126 4,6454
5,1415 5,1747
68 14:03
4,4035 4,4357
3,9805 4,0126
4,6114 4,6442
5,1415 5,1747
69 14:04
4,4034 4,4356
3,9804 4,0125
4,6109 4,6437
5,1414 5,1746
70 14:05
4,4039 4,4361
3,9807 4,0128
4,6119 4,6447
5,1421 5,1753
71 14:06
4,4040 4,4362
3,9813 4,0134
4,6127 4,6455
5,1424 5,1756
72 14:07
4,4036 4,4358
3,9803 4,0124
4,6130 4,6458
5,1416 5,1748
73 14:08
4,4036 4,4358
3,9807 4,0128
4,6133 4,6461
5,1420 5,1752
74 14:09
4,4037 4,4359
3,9805 4,0126
4,6126 4,6454
5,1418 5,1750
75 14:10
4,4027 4,4349
3,9800 4,0121
4,6114 4,6442
5,1406 5,1738
76 14:11
4,4026 4,4348
3,9797 4,0118
4,6109 4,6437
5,1405 5,1737
77 14:12
4,4023 4,4345
3,9796 4,0117
4,6104 4,6432
5,1402 5,1734
78 14:13
4,4034 4,4356
3,9808 4,0129
4,6118 4,6446
5,1420 5,1752
79 14:14
4,4037 4,4359
3,9811 4,0132
4,6124 4,6452
5,1430 5,1762
80 14:15
4,4036 4,4358
3,9810 4,0131
4,6120 4,6448
5,1423 5,1755
81 14:16
4,4037 4,4358
3,9807 4,0128
4,6121 4,6449
5,1427 5,1759
82 14:17
4,4043 4,4364
3,9811 4,0132
4,6125 4,6453
5,1437 5,1769
83 14:18
4,4044 4,4365
3,9813 4,0134
4,6126 4,6454
5,1436 5,1768
84 14:19
4,4035 4,4356
3,9808 4,0129
4,6120 4,6448
5,1428 5,1760
85 14:20
4,4028 4,4349
3,9800 4,0121
4,6111 4,6439
5,1416 5,1748
86 14:21
4,4026 4,4348
3,9803 4,0124
4,6100 4,6428
5,1414 5,1747
87 14:22
4,4030 4,4352
3,9806 4,0127
4,6097 4,6425
5,1416 5,1749
88 14:23
4,4032 4,4354
3,9812 4,0133
4,6092 4,6420
5,1412 5,1745
89 14:24
4,4036 4,4358
3,9806 4,0127
4,6096 4,6424
5,1417 5,1750
90 14:25
4,4032 4,4354
3,9804 4,0125
4,6097 4,6425
5,1412 5,1745
91 14:26
4,4033 4,4355
3,9803 4,0124
4,6118 4,6446
5,1413 5,1746
92 14:27
4,4032 4,4354
3,9797 4,0118
4,6116 4,6444
5,1412 5,1745
93 14:28
4,4030 4,4352
3,9804 4,0125
4,6106 4,6434
5,1411 5,1744
94 14:29
4,4029 4,4351
3,9800 4,0121
4,6099 4,6427
5,1411 5,1744
95 14:30
4,4026 4,4348
3,9786 4,0107
4,6092 4,6420
5,1404 5,1737
96 14:31
4,4021 4,4343
3,9785 4,0106
4,6097 4,6425
5,1393 5,1725
97 14:32
4,4017 4,4339
3,9782 4,0103
4,6096 4,6424
5,1392 5,1724
98 14:33
4,4016 4,4338
3,9775 4,0096
4,6099 4,6427
5,1390 5,1722
99 14:34
4,4010 4,4332
3,9768 4,0089
4,6098 4,6426
5,1386 5,1718
100 14:35
4,4023 4,4345
3,9776 4,0097
4,6114 4,6442
5,1395 5,1727
101 14:36
4,4028 4,4350
3,9786 4,0107
4,6117 4,6445
5,1398 5,1730
102 14:37
4,4029 4,4351
3,9784 4,0105
4,6122 4,6450
5,1399 5,1731
103 14:38
4,4029 4,4351
3,9782 4,0103
4,6119 4,6447
5,1393 5,1725
104 14:39
4,4035 4,4357
3,9785 4,0106
4,6114 4,6442
5,1400 5,1732
105 14:40
4,4039 4,4361
3,9793 4,0114
4,6105 4,6433
5,1408 5,1740
106 14:41
4,4038 4,4360
3,9791 4,0112
4,6105 4,6433
5,1413 5,1745
107 14:42
4,4038 4,4360
3,9791 4,0112
4,6107 4,6435
5,1414 5,1746
108 14:43
4,4030 4,4352
3,9790 4,0111
4,6100 4,6428
5,1403 5,1735
109 14:44
4,4038 4,4360
3,9797 4,0118
4,6120 4,6448
5,1404 5,1736
110 14:45
4,4039 4,4361
3,9793 4,0114
4,6120 4,6448
5,1399 5,1731
111 14:46
4,4031 4,4353
3,9782 4,0103
4,6112 4,6441
5,1390 5,1722
112 14:47
4,4033 4,4355
3,9780 4,0101
4,6121 4,6450
5,1394 5,1726
113 14:48
4,4035 4,4357
3,9772 4,0093
4,6128 4,6457
5,1396 5,1728
114 14:49
4,4029 4,4351
3,9767 4,0088
4,6126 4,6455
5,1385 5,1717
115 14:50
4,4017 4,4339
3,9755 4,0076
4,6109 4,6438
5,1367 5,1699
116 14:51
4,4017 4,4339
3,9760 4,0081
4,6110 4,6438
5,1367 5,1699
117 14:52
4,4018 4,4340
3,9767 4,0088
4,6114 4,6442
5,1368 5,1700
118 14:53
4,4014 4,4336
3,9752 4,0073
4,6111 4,6439
5,1367 5,1699
119 14:54
4,4004 4,4326
3,9745 4,0066
4,6099 4,6427
5,1340 5,1672
120 14:55
4,4010 4,4332
3,9756 4,0077
4,6096 4,6424
5,1350 5,1682
121 14:56
4,4012 4,4334
3,9758 4,0079
4,6096 4,6424
5,1351 5,1683
122 14:57
4,4007 4,4329
3,9762 4,0083
4,6090 4,6418
5,1350 5,1682
123 14:58
4,4006 4,4328
3,9755 4,0076
4,6091 4,6419
5,1348 5,1680
124 14:59
4,4015 4,4337
3,9762 4,0083
4,6108 4,6436
5,1359 5,1691
125 15:00
4,4017 4,4339
3,9762 4,0083
4,6106 4,6434
5,1361 5,1693
126 15:01
4,4024 4,4346
3,9770 4,0091
4,6118 4,6446
5,1370 5,1702
127 15:02
4,4024 4,4346
3,9772 4,0093
4,6120 4,6448
5,1367 5,1699
128 15:03
4,4008 4,4330
3,9763 4,0084
4,6098 4,6426
5,1350 5,1682
129 15:04
4,4005 4,4327
3,9760 4,0081
4,6095 4,6423
5,1347 5,1679
130 15:05
4,4009 4,4331
3,9769 4,0090
4,6102 4,6430
5,1352 5,1684
131 15:06
4,4000 4,4322
3,9762 4,0083
4,6090 4,6418
5,1351 5,1683
132 15:07
4,3994 4,4316
3,9748 4,0069
4,6086 4,6414
5,1335 5,1667
133 15:08
4,4001 4,4323
3,9757 4,0078
4,6096 4,6424
5,1343 5,1675
134 15:09
4,4000 4,4322
3,9754 4,0075
4,6095 4,6423
5,1342 5,1674
135 15:10
4,4000 4,4322
3,9757 4,0078
4,6096 4,6424
5,1354 5,1686
136 15:11
4,4000 4,4322
3,9757 4,0078
4,6095 4,6423
5,1349 5,1681
137 15:12
4,4005 4,4327
3,9766 4,0087
4,6100 4,6428
5,1353 5,1685
138 15:13
4,4014 4,4336
3,9772 4,0093
4,6104 4,6432
5,1367 5,1699
139 15:14
4,4015 4,4337
3,9774 4,0095
4,6106 4,6434
5,1368 5,1700
140 15:15
4,4014 4,4336
3,9774 4,0095
4,6102 4,6430
5,1358 5,1690
141 15:16
4,4011 4,4333
3,9769 4,0090
4,6091 4,6420
5,1354 5,1686
142 15:17
4,4010 4,4332
3,9767 4,0088
4,6079 4,6408
5,1362 5,1694
143 15:18
4,4010 4,4332
3,9766 4,0087
4,6068 4,6397
5,1378 5,1710
144 15:19
4,4018 4,4340
3,9772 4,0093
4,6086 4,6415
5,1392 5,1724
145 15:20
4,4014 4,4336
3,9767 4,0088
4,6091 4,6420
5,1373 5,1705
146 15:21
4,4022 4,4344
3,9776 4,0097
4,6102 4,6430
5,1381 5,1713
147 15:22
4,4021 4,4343
3,9769 4,0090
4,6105 4,6433
5,1378 5,1710
148 15:23
4,4028 4,4350
3,9766 4,0087
4,6112 4,6440
5,1393 5,1725
149 15:24
4,4030 4,4352
3,9772 4,0093
4,6117 4,6445
5,1398 5,1730
150 15:25
4,4029 4,4351
3,9766 4,0087
4,6120 4,6448
5,1397 5,1729
151 15:26
4,4022 4,4344
3,9770 4,0091
4,6108 4,6436
5,1389 5,1721
152 15:27
4,4026 4,4348
3,9778 4,0099
4,6110 4,6438
5,1396 5,1728
153 15:28
4,4027 4,4349
3,9774 4,0095
4,6113 4,6441
5,1393 5,1725
154 15:29
4,4022 4,4344
3,9761 4,0082
4,6100 4,6428
5,1387 5,1719
155 15:30
4,4024 4,4346
3,9769 4,0090
4,6106 4,6434
5,1403 5,1735
156 15:31
4,4022 4,4344
3,9770 4,0091
4,6103 4,6430
5,1403 5,1736
157 15:32
4,4020 4,4342
3,9758 4,0079
4,6106 4,6433
5,1401 5,1734
158 15:33
4,4016 4,4338
3,9744 4,0065
4,6094 4,6421
5,1399 5,1732
159 15:34
4,4020 4,4342
3,9765 4,0086
4,6096 4,6423
5,1404 5,1737
160 15:35
4,4019 4,4341
3,9767 4,0088
4,6090 4,6417
5,1406 5,1739
161 15:36
4,4016 4,4338
3,9752 4,0073
4,6084 4,6413
5,1404 5,1737
162 15:37
4,4015 4,4337
3,9758 4,0079
4,6087 4,6416
5,1398 5,1731
163 15:38
4,4017 4,4339
3,9762 4,0083
4,6085 4,6414
5,1406 5,1739
164 15:39
4,4014 4,4336
3,9765 4,0086
4,6077 4,6406
5,1400 5,1733
165 15:40
4,4015 4,4337
3,9771 4,0092
4,6083 4,6412
5,1404 5,1737
166 15:41
4,4016 4,4338
3,9766 4,0087
4,6084 4,6412
5,1401 5,1734
167 15:42
4,4015 4,4337
3,9760 4,0081
4,6081 4,6409
5,1405 5,1738
168 15:43
4,4015 4,4337
3,9762 4,0083
4,6078 4,6406
5,1406 5,1739
169 15:44
4,4013 4,4335
3,9764 4,0085
4,6079 4,6407
5,1408 5,1741
170 15:45
4,4017 4,4339
3,9771 4,0092
4,6082 4,6410
5,1409 5,1742
171 15:46
4,4015 4,4337
3,9775 4,0096
4,6069 4,6397
5,1401 5,1733
172 15:47
4,4012 4,4334
3,9779 4,0100
4,6057 4,6385
5,1399 5,1731
173 15:48
4,4011 4,4333
3,9789 4,0110
4,6062 4,6390
5,1397 5,1729
174 15:49
4,4019 4,4341
3,9796 4,0117
4,6077 4,6405
5,1406 5,1738
175 15:50
4,4026 4,4348
3,9803 4,0124
4,6090 4,6418
5,1414 5,1746
176 15:51
4,4023 4,4345
3,9796 4,0117
4,6082 4,6410
5,1410 5,1742
177 15:52
4,4024 4,4346
3,9797 4,0118
4,6073 4,6401
5,1412 5,1744
178 15:53
4,4029 4,4351
3,9797 4,0118
4,6081 4,6409
5,1418 5,1750
179 15:54
4,4033 4,4355
3,9792 4,0113
4,6082 4,6410
5,1421 5,1753
180 15:55
4,4042 4,4364
3,9799 4,0120
4,6089 4,6417
5,1434 5,1766
181 15:56
4,4040 4,4362
3,9801 4,0122
4,6087 4,6416
5,1430 5,1762
182 15:57
4,4040 4,4362
3,9806 4,0127
4,6087 4,6416
5,1422 5,1754
183 15:58
4,4042 4,4364
3,9801 4,0122
4,6091 4,6420
5,1423 5,1755
184 15:59
4,4043 4,4365
3,9802 4,0123
4,6093 4,6422
5,1432 5,1764
185 16:00
4,4043 4,4365
3,9798 4,0119
4,6091 4,6420
5,1434 5,1766
186 16:01
4,4060 4,4381
3,9816 4,0137
4,6112 4,6440
5,1465 5,1797
187 16:02
4,4056 4,4377
3,9812 4,0133
4,6111 4,6439
5,1458 5,1790
188 16:03
4,4047 4,4368
3,9811 4,0132
4,6099 4,6427
5,1448 5,1780
189 16:04
4,4047 4,4368
3,9803 4,0124
4,6094 4,6422
5,1453 5,1785
190 16:05
4,4046 4,4367
3,9800 4,0121
4,6096 4,6424
5,1471 5,1803
191 16:06
4,4043 4,4365
3,9784 4,0105
4,6098 4,6426
5,1462 5,1794
192 16:07
4,4045 4,4367
3,9800 4,0121
4,6102 4,6430
5,1455 5,1787
193 16:08
4,4042 4,4364
3,9806 4,0127
4,6105 4,6433
5,1465 5,1797
194 16:09
4,4044 4,4366
3,9799 4,0120
4,6118 4,6446
5,1463 5,1795
195 16:10
4,4047 4,4369
3,9811 4,0132
4,6123 4,6451
5,1472 5,1804
196 16:11
4,4048 4,4369
3,9808 4,0129
4,6126 4,6453
5,1473 5,1805
197 16:12
4,4032 4,4353
3,9782 4,0103
4,6106 4,6433
5,1450 5,1782
198 16:13
4,4028 4,4349
3,9774 4,0095
4,6107 4,6434
5,1444 5,1776
199 16:14
4,4028 4,4349
3,9785 4,0106
4,6102 4,6429
5,1441 5,1773
200 16:15
4,4039 4,4360
3,9796 4,0117
4,6108 4,6435
5,1467 5,1799
201 16:16
4,4044 4,4365
3,9804 4,0125
4,6115 4,6442
5,1468 5,1800
202 16:17
4,4043 4,4364
3,9809 4,0130
4,6118 4,6445
5,1470 5,1802
203 16:18
4,4044 4,4365
3,9812 4,0133
4,6114 4,6441
5,1472 5,1804
204 16:19
4,4046 4,4367
3,9810 4,0131
4,6116 4,6443
5,1477 5,1809
205 16:20
4,4045 4,4366
3,9807 4,0128
4,6113 4,6440
5,1472 5,1804
206 16:21
4,4046 4,4367
3,9813 4,0134
4,6114 4,6441
5,1461 5,1793
207 16:22
4,4045 4,4366
3,9817 4,0138
4,6121 4,6448
5,1456 5,1788
208 16:23
4,4051 4,4372
3,9828 4,0149
4,6128 4,6455
5,1467 5,1799
209 16:24
4,4048 4,4369
3,9826 4,0147
4,6118 4,6445
5,1456 5,1788
210 16:25
4,4040 4,4361
3,9812 4,0133
4,6106 4,6433
5,1437 5,1769
211 16:26
4,4037 4,4358
3,9807 4,0128
4,6101 4,6430
5,1433 5,1765
212 16:27
4,4036 4,4357
3,9799 4,0120
4,6098 4,6427
5,1426 5,1758
213 16:28
4,4031 4,4352
3,9793 4,0114
4,6092 4,6421
5,1405 5,1737
214 16:29
4,4031 4,4352
3,9795 4,0116
4,6100 4,6429
5,1399 5,1731
215 16:30
4,4028 4,4349
3,9783 4,0104
4,6092 4,6421
5,1401 5,1733
216 16:31
4,4038 4,4359
3,9790 4,0111
4,6100 4,6428
5,1413 5,1745
217 16:32
4,4042 4,4363
3,9799 4,0120
4,6106 4,6434
5,1422 5,1754
218 16:33
4,4052 4,4373
3,9815 4,0136
4,6117 4,6445
5,1426 5,1758
219 16:34
4,4068 4,4389
3,9827 4,0148
4,6144 4,6472
5,1449 5,1781
220 16:35
4,4071 4,4392
3,9828 4,0149
4,6140 4,6468
5,1451 5,1783
221 16:36
4,4087 4,4408
3,9842 4,0163
4,6159 4,6486
5,1476 5,1808
222 16:37
4,4081 4,4402
3,9827 4,0148
4,6139 4,6466
5,1457 5,1789
223 16:38
4,4090 4,4411
3,9823 4,0144
4,6146 4,6473
5,1471 5,1803
224 16:39
4,4104 4,4425
3,9842 4,0163
4,6167 4,6494
5,1495 5,1827
225 16:40
4,4104 4,4425
3,9845 4,0166
4,6173 4,6500
5,1508 5,1840
226 16:41
4,4106 4,4427
3,9837 4,0158
4,6157 4,6484
5,1507 5,1839
227 16:42
4,4106 4,4427
3,9835 4,0156
4,6160 4,6487
5,1514 5,1846
228 16:43
4,4105 4,4426
3,9834 4,0155
4,6159 4,6486
5,1511 5,1843
229 16:44
4,4105 4,4426
3,9831 4,0152
4,6154 4,6481
5,1515 5,1847
230 16:45
4,4117 4,4438
3,9844 4,0165
4,6169 4,6496
5,1529 5,1861
231 16:46
4,4121 4,4442
3,9847 4,0168
4,6189 4,6516
5,1549 5,1881
232 16:47
4,4121 4,4442
3,9847 4,0168
4,6183 4,6510
5,1543 5,1875
233 16:48
4,4115 4,4436
3,9841 4,0162
4,6173 4,6500
5,1526 5,1858
234 16:49
4,4119 4,4440
3,9854 4,0175
4,6178 4,6505
5,1532 5,1864
235 16:50
4,4131 4,4452
3,9865 4,0186
4,6186 4,6513
5,1550 5,1882
236 16:51
4,4124 4,4445
3,9862 4,0183
4,6176 4,6503
5,1552 5,1884
237 16:52
4,4113 4,4434
3,9851 4,0172
4,6167 4,6494
5,1549 5,1881
238 16:53
4,4121 4,4442
3,9857 4,0178
4,6170 4,6497
5,1551 5,1883
239 16:54
4,4123 4,4444
3,9860 4,0181
4,6183 4,6510
5,1555 5,1887
240 16:55
4,4123 4,4444
3,9864 4,0185
4,6185 4,6512
5,1561 5,1893
241 16:56
4,4123 4,4444
3,9869 4,0190
4,6191 4,6518
5,1567 5,1899
242 16:57
4,4133 4,4454
3,9881 4,0202
4,6202 4,6529
5,1577 5,1909
243 16:58
4,4137 4,4458
3,9887 4,0208
4,6212 4,6539
5,1584 5,1916
244 16:59
4,4148 4,4469
3,9902 4,0223
4,6232 4,6559
5,1593 5,1925
245 17:00
4,4137 4,4458
3,9887 4,0208
4,6216 4,6543
5,1580 5,1912
246 17:01
4,4135 4,4456
3,9885 4,0206
4,6216 4,6543
5,1577 5,1909
247 17:02
4,4134 4,4455
3,9886 4,0207
4,6214 4,6541
5,1571 5,1903
248 17:03
4,4139 4,4460
3,9891 4,0212
4,6224 4,6551
5,1575 5,1907
249 17:04
4,4138 4,4459
3,9880 4,0201
4,6223 4,6550
5,1569 5,1901
250 17:05
4,4147 4,4468
3,9887 4,0208
4,6232 4,6559
5,1580 5,1912
251 17:06
4,4149 4,4470
3,9898 4,0219
4,6229 4,6556
5,1585 5,1917
252 17:07
4,4150 4,4471
3,9900 4,0221
4,6230 4,6557
5,1576 5,1908
253 17:08
4,4149 4,4470
3,9899 4,0220
4,6229 4,6556
5,1576 5,1908
254 17:09
4,4150 4,4471
3,9902 4,0223
4,6225 4,6552
5,1576 5,1908
255 17:10
4,4157 4,4478
3,9903 4,0224
4,6239 4,6566
5,1581 5,1913
256 17:11
4,4153 4,4474
3,9890 4,0211
4,6238 4,6565
5,1577 5,1909
257 17:12
4,4151 4,4472
3,9883 4,0204
4,6243 4,6570
5,1578 5,1910
258 17:13
4,4154 4,4475
3,9887 4,0208
4,6251 4,6578
5,1592 5,1924
259 17:14
4,4155 4,4476
3,9889 4,0210
4,6250 4,6577
5,1592 5,1924
260 17:15
4,4150 4,4471
3,9877 4,0198
4,6242 4,6569
5,1586 5,1918
261 17:16
4,4151 4,4472
3,9868 4,0189
4,6236 4,6563
5,1586 5,1918
262 17:17
4,4141 4,4462
3,9845 4,0166
4,6226 4,6553
5,1581 5,1913
263 17:18
4,4146 4,4467
3,9851 4,0172
4,6233 4,6560
5,1584 5,1916
264 17:19
4,4134 4,4455
3,9837 4,0158
4,6212 4,6539
5,1567 5,1899
265 17:20
4,4134 4,4455
3,9847 4,0168
4,6214 4,6541
5,1570 5,1902
266 17:21
4,4113 4,4434
3,9830 4,0151
4,6193 4,6520
5,1539 5,1871
267 17:22
4,4112 4,4433
3,9828 4,0149
4,6193 4,6520
5,1538 5,1870
268 17:23
4,4113 4,4434
3,9829 4,0150
4,6194 4,6521
5,1540 5,1872
269 17:24
4,4105 4,4426
3,9818 4,0139
4,6182 4,6509
5,1524 5,1856
270 17:25
4,4102 4,4423
3,9821 4,0142
4,6180 4,6507
5,1515 5,1847
271 17:26
4,4101 4,4422
3,9822 4,0143
4,6179 4,6506
5,1520 5,1852
272 17:27
4,4105 4,4426
3,9819 4,0140
4,6182 4,6509
5,1533 5,1865
273 17:28
4,4105 4,4426
3,9821 4,0142
4,6185 4,6512
5,1536 5,1868
274 17:29
4,4106 4,4427
3,9821 4,0142
4,6187 4,6514
5,1541 5,1873
275 17:30
4,4106 4,4427
3,9826 4,0147
4,6184 4,6511
5,1537 5,1869
276 17:31
4,4107 4,4428
3,9829 4,0150
4,6183 4,6511
5,1530 5,1863
277 17:32
4,4107 4,4428
3,9826 4,0147
4,6184 4,6511
5,1525 5,1857
278 17:33
4,4107 4,4428
3,9829 4,0150
4,6183 4,6510
5,1524 5,1856
279 17:34
4,4106 4,4427
3,9826 4,0147
4,6179 4,6506
5,1516 5,1848
280 17:35
4,4106 4,4427
3,9820 4,0141
4,6176 4,6503
5,1507 5,1839
281 17:36
4,4105 4,4426
3,9820 4,0141
4,6176 4,6503
5,1509 5,1841
282 17:37
4,4105 4,4426
3,9820 4,0141
4,6183 4,6510
5,1515 5,1847
283 17:38
4,4109 4,4430
3,9817 4,0138
4,6182 4,6509
5,1513 5,1845
284 17:39
4,4107 4,4428
3,9818 4,0139
4,6178 4,6505
5,1509 5,1841
285 17:40
4,4107 4,4428
3,9818 4,0139
4,6184 4,6511
5,1508 5,1840
286 17:41
4,4107 4,4428
3,9805 4,0126
4,6187 4,6514
5,1511 5,1843
287 17:42
4,4107 4,4428
3,9809 4,0130
4,6187 4,6514
5,1512 5,1844
288 17:43
4,4107 4,4428
3,9814 4,0135
4,6185 4,6512
5,1517 5,1849
289 17:44
4,4107 4,4428
3,9814 4,0135
4,6190 4,6517
5,1524 5,1856
290 17:45
4,4106 4,4427
3,9814 4,0135
4,6186 4,6513
5,1520 5,1852
291 17:46
4,4105 4,4426
3,9807 4,0128
4,6185 4,6512
5,1521 5,1853
292 17:47
4,4105 4,4426
3,9807 4,0128
4,6183 4,6510
5,1521 5,1853
293 17:48
4,4105 4,4426
3,9807 4,0128
4,6183 4,6510
5,1521 5,1853
294 17:49
4,4109 4,4430
3,9811 4,0132
4,6190 4,6517
5,1526 5,1858
295 17:50
4,4108 4,4429
3,9808 4,0129
4,6186 4,6513
5,1533 5,1865
296 17:51
4,4108 4,4429
3,9806 4,0127
4,6181 4,6508
5,1528 5,1860
297 17:52
4,4108 4,4429
3,9811 4,0132
4,6176 4,6503
5,1527 5,1859
298 17:53
4,4108 4,4429
3,9809 4,0130
4,6171 4,6498
5,1524 5,1856
299 17:54
4,4107 4,4428
3,9804 4,0125
4,6170 4,6497
5,1521 5,1853
300 17:55
4,4107 4,4428
3,9804 4,0125
4,6170 4,6497
5,1521 5,1853
301 17:56
4,4107 4,4428
3,9807 4,0128
4,6168 4,6495
5,1521 5,1853
302 17:57
4,4107 4,4428
3,9805 4,0126
4,6168 4,6495
5,1514 5,1846
303 17:58
4,4109 4,4430
3,9814 4,0135
4,6165 4,6492
5,1513 5,1845
304 17:59
4,4110 4,4431
3,9815 4,0136
4,6168 4,6495
5,1511 5,1843
305 18:00
4,4107 4,4433
3,9808 4,0138
4,6164 4,6497
5,1507 5,1845
306 18:01
4,4105 4,4432
3,9807 4,0139
4,6164 4,6497
5,1508 5,1841
307 18:02
4,4107 4,4433
3,9811 4,0142
4,6166 4,6498
5,1504 5,1841
308 18:03
4,4107 4,4432
3,9816 4,0146
4,6171 4,6502
5,1508 5,1840
309 18:04
4,4101 4,4445
3,9802 4,0145
4,6165 4,6515
5,1495 5,1848
310 18:05
4,4109 4,4433
3,9809 4,0134
4,6168 4,6498
5,1502 5,1834
311 18:06
4,4107 4,4432
3,9806 4,0132
4,6166 4,6497
5,1502 5,1834
312 18:07
4,4107 4,4432
3,9802 4,0128
4,6166 4,6497
5,1499 5,1834
313 18:08
4,4107 4,4432
3,9805 4,0134
4,6162 4,6498
5,1501 5,1833
314 18:09
4,4107 4,4433
3,9805 4,0135
4,6161 4,6493
5,1503 5,1840
315 18:10
4,4105 4,4433
3,9802 4,0131
4,6159 4,6493
5,1488 5,1826
316 18:11
4,4103 4,4430
3,9806 4,0134
4,6157 4,6490
5,1493 5,1828
317 18:12
4,4101 4,4430
3,9800 4,0130
4,6155 4,6490
5,1484 5,1824
318 18:13
4,4102 4,4428
3,9799 4,0126
4,6151 4,6483
5,1485 5,1822
319 18:14
4,4102 4,4428
3,9797 4,0127
4,6151 4,6483
5,1485 5,1822
320 18:15
4,4102 4,4432
3,9799 4,0130
4,6150 4,6491
5,1484 5,1826
321 18:16
4,4102 4,4431
3,9797 4,0131
4,6151 4,6486
5,1480 5,1821
322 18:17
4,4102 4,4431
3,9797 4,0129
4,6151 4,6486
5,1474 5,1815
323 18:18
4,4102 4,4431
3,9793 4,0126
4,6152 4,6492
5,1479 5,1813
324 18:19
4,4102 4,4432
3,9788 4,0123
4,6155 4,6492
5,1472 5,1814
325 18:20
4,4102 4,4432
3,9789 4,0123
4,6156 4,6492
5,1472 5,1814
326 18:21
4,4102 4,4432
3,9793 4,0127
4,6155 4,6496
5,1472 5,1814
327 18:22
4,4106 4,4432
3,9799 4,0130
4,6161 4,6493
5,1482 5,1814
328 18:23
4,4100 4,4444
3,9790 4,0137
4,6148 4,6503
5,1476 5,1835
329 18:24
4,4098 4,4443
3,9794 4,0138
4,6148 4,6500
5,1468 5,1828
330 18:25
4,4098 4,4443
3,9794 4,0142
4,6152 4,6504
5,1468 5,1828
331 18:26
4,4099 4,4445
3,9800 4,0149
4,6151 4,6504
5,1475 5,1830
332 18:27
4,4105 4,4432
3,9810 4,0141
4,6159 4,6492
5,1483 5,1816
333 18:28
4,4105 4,4432
3,9811 4,0143
4,6159 4,6492
5,1477 5,1816
334 18:29
4,4099 4,4447
3,9807 4,0154
4,6147 4,6502
5,1463 5,1826
335 18:30
4,4099 4,4447
3,9807 4,0156
4,6147 4,6502
5,1463 5,1826
336 18:31
4,4099 4,4447
3,9811 4,0158
4,6147 4,6502
5,1463 5,1826
337 18:32
4,4105 4,4432
3,9818 4,0150
4,6154 4,6487
5,1471 5,1810
338 18:33
4,4105 4,4426
3,9821 4,0144
4,6154 4,6481
5,1470 5,1802
339 18:34
4,4107 4,4433
3,9822 4,0153
4,6156 4,6488
5,1473 5,1810
340 18:35
4,4105 4,4432
3,9824 4,0153
4,6154 4,6487
5,1471 5,1810
341 18:36
4,4105 4,4432
3,9825 4,0157
4,6159 4,6492
5,1465 5,1804
342 18:37
4,4105 4,4432
3,9825 4,0156
4,6154 4,6487
5,1464 5,1802
343 18:38
4,4105 4,4432
3,9825 4,0157
4,6154 4,6487
5,1471 5,1810
344 18:39
4,4105 4,4432
3,9824 4,0153
4,6154 4,6487
5,1471 5,1810
345 18:40
4,4111 4,4443
3,9830 4,0166
4,6163 4,6502
5,1476 5,1820
346 18:41
4,4109 4,4439
3,9827 4,0162
4,6157 4,6498
5,1480 5,1822
347 18:42
4,4109 4,4439
3,9828 4,0162
4,6158 4,6494
5,1480 5,1822
348 18:43
4,4111 4,4439
3,9830 4,0160
4,6160 4,6494
5,1482 5,1816
349 18:44
4,4111 4,4441
3,9829 4,0160
4,6154 4,6495
5,1482 5,1824
350 18:45
4,4111 4,4441
3,9825 4,0160
4,6154 4,6491
5,1482 5,1824
351 18:46
4,4110 4,4439
3,9834 4,0164
4,6154 4,6493
5,1483 5,1824
352 18:47
4,4111 4,4441
3,9836 4,0167
4,6156 4,6496
5,1482 5,1824
353 18:48
4,4111 4,4441
3,9841 4,0175
4,6160 4,6496
5,1488 5,1824
354 18:49
4,4111 4,4441
3,9837 4,0171
4,6160 4,6496
5,1482 5,1824
355 18:50
4,4111 4,4441
3,9841 4,0175
4,6160 4,6496
5,1488 5,1824
356 18:51
4,4106 4,4441
3,9834 4,0172
4,6156 4,6502
5,1485 5,1826
357 18:52
4,4106 4,4441
3,9834 4,0170
4,6160 4,6501
5,1481 5,1826
358 18:53
4,4106 4,4441
3,9834 4,0172
4,6160 4,6501
5,1485 5,1832
359 18:54
4,4111 4,4441
3,9843 4,0174
4,6165 4,6501
5,1488 5,1830
360 18:55
4,4111 4,4441
3,9841 4,0175
4,6160 4,6496
5,1482 5,1824
361 18:56
4,4111 4,4441
3,9836 4,0171
4,6160 4,6496
5,1490 5,1825
362 18:57
4,4111 4,4441
3,9837 4,0171
4,6160 4,6496
5,1482 5,1824
363 18:58
4,4103 4,4432
3,9823 4,0156
4,6147 4,6482
5,1475 5,1816
364 18:59
4,4106 4,4432
3,9828 4,0159
4,6149 4,6486
5,1476 5,1814
365 19:00
4,4106 4,4430
3,9829 4,0157
4,6150 4,6480
5,1477 5,1812
366 19:01
4,4106 4,4430
3,9835 4,0164
4,6155 4,6485
5,1471 5,1806
367 19:02
4,4106 4,4428
3,9839 4,0166
4,6150 4,6478
5,1471 5,1804
368 19:03
4,4104 4,4430
3,9841 4,0169
4,6148 4,6480
5,1469 5,1805
369 19:04
4,4106 4,4430
3,9840 4,0168
4,6155 4,6485
5,1471 5,1806
370 19:05
4,4106 4,4430
3,9839 4,0168
4,6151 4,6481
5,1477 5,1812
371 19:06
4,4106 4,4430
3,9846 4,0175
4,6155 4,6485
5,1482 5,1816
372 19:07
4,4106 4,4430
3,9846 4,0175
4,6155 4,6485
5,1483 5,1818
373 19:08
4,4106 4,4430
3,9846 4,0175
4,6155 4,6485
5,1483 5,1818
374 19:09
4,4106 4,4428
3,9846 4,0173
4,6155 4,6483
5,1483 5,1816
375 19:10
4,4106 4,4430
3,9850 4,0175
4,6149 4,6484
5,1477 5,1812
376 19:11
4,4092 4,4425
3,9838 4,0171
4,6136 4,6480
5,1462 5,1807
377 19:12
4,4094 4,4425
3,9836 4,0171
4,6139 4,6481
5,1465 5,1808
378 19:13
4,4096 4,4425
3,9842 4,0175
4,6140 4,6475
5,1467 5,1808
379 19:14
4,4100 4,4424
3,9848 4,0177
4,6144 4,6474
5,1470 5,1805
380 19:15
4,4099 4,4424
3,9849 4,0179
4,6143 4,6474
5,1476 5,1813
381 19:16
4,4099 4,4423
3,9847 4,0176
4,6148 4,6478
5,1475 5,1810
382 19:17
4,4098 4,4425
3,9848 4,0180
4,6147 4,6480
5,1481 5,1820
383 19:18
4,4100 4,4421
3,9851 4,0175
4,6149 4,6476
5,1482 5,1814
384 19:19
4,4100 4,4421
3,9854 4,0176
4,6149 4,6476
5,1483 5,1815
385 19:20
4,4100 4,4421
3,9854 4,0176
4,6144 4,6475
5,1476 5,1808
386 19:21
4,4101 4,4422
3,9848 4,0172
4,6148 4,6475
5,1477 5,1809
387 19:22
4,4101 4,4422
3,9848 4,0172
4,6148 4,6475
5,1477 5,1809
388 19:23
4,4099 4,4420
3,9846 4,0169
4,6148 4,6475
5,1472 5,1804
389 19:24
4,4099 4,4420
3,9848 4,0169
4,6147 4,6474
5,1468 5,1800
390 19:25
4,4099 4,4420
3,9847 4,0169
4,6147 4,6474
5,1471 5,1803
391 19:26
4,4099 4,4420
3,9847 4,0169
4,6147 4,6474
5,1474 5,1806
392 19:27
4,4098 4,4419
3,9848 4,0169
4,6146 4,6473
5,1474 5,1806
393 19:28
4,4099 4,4420
3,9844 4,0166
4,6148 4,6475
5,1476 5,1808
394 19:29
4,4099 4,4420
3,9845 4,0166
4,6148 4,6475
5,1481 5,1813
395 19:30
4,4100 4,4421
3,9850 4,0176
4,6148 4,6475
5,1482 5,1814
396 19:31
4,4099 4,4423
3,9843 4,0172
4,6148 4,6482
5,1481 5,1816
397 19:32
4,4100 4,4421
3,9846 4,0171
4,6148 4,6475
5,1482 5,1814
398 19:33
4,4100 4,4421
3,9851 4,0175
4,6149 4,6476
5,1482 5,1814
399 19:34
4,4101 4,4422
3,9851 4,0177
4,6149 4,6476
5,1482 5,1814
400 19:35
4,4101 4,4422
3,9850 4,0175
4,6149 4,6476
5,1483 5,1815
401 19:36
4,4101 4,4422
3,9854 4,0180
4,6149 4,6476
5,1484 5,1820
402 19:37
4,4100 4,4421
3,9857 4,0179
4,6148 4,6475
5,1488 5,1820
403 19:38
4,4100 4,4421
3,9852 4,0175
4,6148 4,6475
5,1488 5,1820
404 19:39
4,4088 4,4417
3,9842 4,0172
4,6136 4,6471
5,1470 5,1811
405 19:40
4,4088 4,4415
3,9839 4,0171
4,6136 4,6469
5,1469 5,1807
406 19:41
4,4088 4,4409
3,9840 4,0164
4,6133 4,6462
5,1468 5,1800
407 19:42
4,4082 4,4403
3,9833 4,0158
4,6125 4,6452
5,1455 5,1787
408 19:43
4,4082 4,4403
3,9831 4,0154
4,6125 4,6452
5,1455 5,1787
409 19:44
4,4082 4,4403
3,9830 4,0153
4,6124 4,6451
5,1455 5,1787
410 19:45
4,4082 4,4403
3,9827 4,0150
4,6125 4,6452
5,1455 5,1787
411 19:46
4,4052 4,4381
3,9803 4,0133
4,6094 4,6429
5,1421 5,1761
412 19:47
4,4050 4,4384
3,9800 4,0137
4,6092 4,6432
5,1418 5,1764
413 19:48
4,4049 4,4384
3,9799 4,0134
4,6096 4,6438
5,1411 5,1759
414 19:49
4,4060 4,4393
3,9807 4,0143
4,6107 4,6446
5,1425 5,1770
415 19:50
4,4063 4,4392
3,9809 4,0143
4,6115 4,6450
5,1428 5,1769
416 19:51
4,4056 4,4391
3,9806 4,0142
4,6112 4,6453
5,1422 5,1770
417 19:52
4,4062 4,4394
3,9811 4,0147
4,6114 4,6452
5,1425 5,1769
418 19:53
4,4062 4,4393
3,9812 4,0144
4,6113 4,6450
5,1433 5,1770
419 19:54
4,4067 4,4396
3,9815 4,0146
4,6119 4,6454
5,1444 5,1784
420 19:55
4,4060 4,4393
3,9809 4,0146
4,6109 4,6450
5,1436 5,1781
421 19:56
4,4058 4,4389
3,9811 4,0146
4,6110 4,6447
5,1441 5,1784
422 19:57
4,4058 4,4389
3,9811 4,0146
4,6110 4,6447
5,1434 5,1777
423 19:58
4,4066 4,4399
3,9826 4,0164
4,6129 4,6473
5,1450 5,1795
424 19:59
4,4092 4,4424
3,9853 4,0191
4,6161 4,6501
5,1474 5,1823
425 20:00
4,4091 4,4450
3,9859 4,0222
4,6158 4,6525
5,1460 5,1855
426 20:01
4,4105 4,4450
3,9804 4,0152
4,6155 4,6516
5,1502 5,1867
427 20:02
4,4110 4,4455
3,9827 4,0175
4,6173 4,6531
5,1519 5,1884
428 20:03
4,4112 4,4457
3,9838 4,0186
4,6175 4,6531
5,1510 5,1875
429 20:04
4,4102 4,4454
3,9831 4,0186
4,6157 4,6521
5,1493 5,1863
430 20:05
4,4108 4,4460
3,9828 4,0182
4,6166 4,6530
5,1502 5,1868
431 20:06
4,4105 4,4445
3,9831 4,0174
4,6168 4,6520
5,1493 5,1847
432 20:07
4,4103 4,4446
3,9830 4,0173
4,6166 4,6521
5,1492 5,1850
433 20:08
4,4106 4,4450
3,9835 4,0182
4,6168 4,6519
5,1493 5,1847
434 20:09
4,4100 4,4447
3,9819 4,0167
4,6163 4,6522
5,1488 5,1850
435 20:10
4,4102 4,4446
3,9828 4,0175
4,6165 4,6521
5,1485 5,1848
436 20:11
4,4101 4,4447
3,9824 4,0169
4,6164 4,6521
5,1483 5,1843
437 20:12
4,4091 4,4418
3,9812 4,0143
4,6155 4,6493
5,1472 5,1810
438 20:13
4,4091 4,4418
3,9806 4,0138
4,6155 4,6493
5,1466 5,1804
439 20:14
4,4091 4,4416
3,9813 4,0143
4,6159 4,6491
5,1472 5,1808
440 20:15
4,4092 4,4418
3,9819 4,0150
4,6160 4,6496
5,1473 5,1810
441 20:16
4,4091 4,4418
3,9819 4,0151
4,6164 4,6497
5,1472 5,1810
442 20:17
4,4091 4,4418
3,9833 4,0162
4,6159 4,6492
5,1473 5,1805
443 20:18
4,4091 4,4418
3,9830 4,0161
4,6154 4,6487
5,1466 5,1804
444 20:19
4,4092 4,4416
3,9833 4,0162
4,6160 4,6490
5,1464 5,1796
445 20:20
4,4092 4,4418
3,9826 4,0157
4,6160 4,6492
5,1467 5,1804
446 20:21
4,4092 4,4418
3,9822 4,0153
4,6156 4,6492
5,1467 5,1804
447 20:22
4,4091 4,4418
3,9827 4,0159
4,6154 4,6487
5,1466 5,1804
448 20:23
4,4091 4,4418
3,9840 4,0169
4,6150 4,6484
5,1466 5,1804
449 20:24
4,4091 4,4418
3,9838 4,0170
4,6154 4,6487
5,1466 5,1804
450 20:25
4,4078 4,4427
3,9830 4,0182
4,6136 4,6492
5,1451 5,1815
451 20:26
4,4078 4,4427
3,9833 4,0184
4,6136 4,6494
5,1451 5,1815
452 20:27
4,4091 4,4418
3,9852 4,0183
4,6149 4,6482
5,1466 5,1804
453 20:28
4,4091 4,4418
3,9845 4,0177
4,6145 4,6479
5,1472 5,1811
454 20:29
4,4091 4,4418
3,9854 4,0183
4,6144 4,6477
5,1473 5,1810
455 20:30
4,4091 4,4418
3,9849 4,0181
4,6145 4,6479
5,1461 5,1802
456 20:31
4,4091 4,4418
3,9858 4,0188
4,6144 4,6477
5,1466 5,1798
457 20:32
4,4100 4,4442
3,9851 4,0196
4,6157 4,6507
5,1480 5,1835
458 20:33
4,4091 4,4418
3,9843 4,0172
4,6149 4,6482
5,1466 5,1804
459 20:34
4,4092 4,4420
3,9844 4,0176
4,6149 4,6486
5,1466 5,1806
460 20:35
4,4067 4,4428
3,9826 4,0189
4,6124 4,6497
5,1452 5,1829
461 20:36
4,4091 4,4418
3,9791 4,0122
4,6155 4,6493
5,1466 5,1804
462 20:37
4,4091 4,4419
3,9812 4,0144
4,6159 4,6493
5,1463 5,1802
463 20:38
4,4091 4,4419
3,9800 4,0133
4,6159 4,6493
5,1465 5,1805
464 20:39
4,4091 4,4419
3,9804 4,0133
4,6162 4,6497
5,1471 5,1813
465 20:40
4,4099 4,4420
3,9755 4,0079
4,6172 4,6499
5,1484 5,1816
466 20:41
4,4071 4,4419
3,9728 4,0079
4,6151 4,6511
5,1465 5,1830
467 20:42
4,4075 4,4418
3,9700 4,0045
4,6155 4,6510
5,1484 5,1841
468 20:43
4,4079 4,4418
3,9700 4,0043
4,6165 4,6514
5,1470 5,1822
469 20:44
4,4051 4,4414
3,9694 4,0058
4,6132 4,6504
5,1431 5,1811
470 20:45
4,4042 4,4411
3,9675 4,0045
4,6117 4,6497
5,1421 5,1809
471 20:46
4,4038 4,4418
3,9695 4,0075
4,6123 4,6516
5,1428 5,1828
472 20:47
4,4054 4,4412
3,9719 4,0079
4,6137 4,6505
5,1444 5,1814
473 20:48
4,4055 4,4413
3,9718 4,0077
4,6135 4,6506
5,1454 5,1829
474 20:49
4,4056 4,4410
3,9733 4,0089
4,6137 4,6497
5,1449 5,1820
475 20:50
4,4053 4,4410
3,9728 4,0087
4,6143 4,6509
5,1449 5,1820
476 20:51
4,4053 4,4406
3,9724 4,0080
4,6148 4,6510
5,1446 5,1814
477 20:52
4,4053 4,4415
3,9708 4,0073
4,6147 4,6522
5,1446 5,1819
478 20:53
4,4060 4,4413
3,9710 4,0064
4,6151 4,6515
5,1449 5,1810
479 20:54
4,4064 4,4407
3,9710 4,0056
4,6151 4,6504
5,1454 5,1811
480 20:55
4,4051 4,4402
3,9701 4,0053
4,6142 4,6500
5,1431 5,1797
481 20:56
4,4047 4,4399
3,9689 4,0043
4,6132 4,6496
5,1421 5,1788
482 20:57
4,4053 4,4399
3,9674 4,0022
4,6138 4,6492
5,1428 5,1787
483 20:58
4,4048 4,4401
3,9670 4,0024
4,6144 4,6504
5,1424 5,1792
484 20:59
4,4055 4,4407
3,9668 4,0021
4,6141 4,6499
5,1424 5,1795
485 21:00
4,4062 4,4415
3,9671 4,0026
4,6151 4,6514
5,1446 5,1814
486 21:01
4,4066 4,4414
3,9678 4,0028
4,6142 4,6502
5,1452 5,1817
487 21:02
4,4065 4,4412
3,9692 4,0042
4,6140 4,6499
5,1453 5,1814
488 21:03
4,4066 4,4412
3,9700 4,0047
4,6137 4,6495
5,1448 5,1809
489 21:04
4,4063 4,4410
3,9701 4,0051
4,6141 4,6499
5,1441 5,1808
490 21:05
4,4064 4,4410
3,9707 4,0056
4,6149 4,6502
5,1442 5,1801
491 21:06
4,4068 4,4412
3,9722 4,0069
4,6149 4,6505
5,1444 5,1802
492 21:07
4,4068 4,4412
3,9737 4,0083
4,6154 4,6509
5,1458 5,1815
493 21:08
4,4068 4,4407
3,9740 4,0083
4,6155 4,6501
5,1456 5,1810
494 21:09
4,4063 4,4405
3,9735 4,0080
4,6143 4,6496
5,1450 5,1806
495 21:10
4,4064 4,4403
3,9746 4,0087
4,6151 4,6501
5,1447 5,1799
496 21:11
4,4065 4,4404
3,9734 4,0077
4,6141 4,6488
5,1448 5,1800
497 21:12
4,4060 4,4410
3,9723 4,0075
4,6136 4,6498
5,1444 5,1806
498 21:13
4,4065 4,4405
3,9723 4,0066
4,6141 4,6493
5,1448 5,1801
499 21:14
4,4069 4,4404
3,9734 4,0073
4,6146 4,6488
5,1452 5,1800
500 21:15
4,4054 4,4396
3,9720 4,0065
4,6129 4,6482
5,1428 5,1780
501 21:16
4,4055 4,4389
3,9718 4,0056
4,6134 4,6477
5,1435 5,1775
502 21:17
4,4053 4,4389
3,9713 4,0053
4,6137 4,6480
5,1439 5,1781
503 21:18
4,4053 4,4388
3,9720 4,0059
4,6134 4,6478
5,1447 5,1788
504 21:19
4,4057 4,4392
3,9750 4,0089
4,6142 4,6485
5,1445 5,1793
505 21:20
4,4056 4,4396
3,9733 4,0076
4,6146 4,6497
5,1424 5,1778
506 21:21
4,4056 4,4396
3,9728 4,0069
4,6147 4,6497
5,1432 5,1785
507 21:22
4,4057 4,4394
3,9732 4,0070
4,6157 4,6500
5,1440 5,1783
508 21:23
4,4060 4,4394
3,9739 4,0076
4,6159 4,6500
5,1435 5,1781
509 21:24
4,4060 4,4394
3,9741 4,0079
4,6159 4,6500
5,1435 5,1781
510 21:25
4,4061 4,4394
3,9731 4,0068
4,6166 4,6505
5,1438 5,1783
511 21:26
4,4060 4,4393
3,9730 4,0067
4,6165 4,6504
5,1443 5,1788
512 21:27
4,4057 4,4389
3,9727 4,0063
4,6162 4,6496
5,1443 5,1782
513 21:28
4,4055 4,4388
3,9725 4,0062
4,6160 4,6499
5,1439 5,1785
514 21:29
4,4057 4,4388
3,9731 4,0066
4,6163 4,6505
5,1445 5,1788
515 21:30
4,4050 4,4384
3,9717 4,0055
4,6154 4,6494
5,1442 5,1788
516 21:31
4,4056 4,4384
3,9727 4,0059
4,6161 4,6495
5,1436 5,1776
517 21:32
4,4055 4,4382
3,9724 4,0053
4,6160 4,6493
5,1443 5,1782
518 21:33
4,4056 4,4383
3,9720 4,0052
4,6176 4,6512
5,1444 5,1783
519 21:34
4,4056 4,4384
3,9712 4,0044
4,6174 4,6513
5,1436 5,1777
520 21:35
4,4056 4,4383
3,9711 4,0041
4,6175 4,6508
5,1443 5,1781
521 21:36
4,4059 4,4397
3,9703 4,0044
4,6173 4,6522
5,1447 5,1798
522 21:37
4,4061 4,4395
3,9709 4,0047
4,6181 4,6521
5,1448 5,1794
523 21:38
4,4040 4,4377
3,9692 4,0032
4,6159 4,6502
5,1425 5,1771
524 21:39
4,4036 4,4373
3,9685 4,0024
4,6154 4,6503
5,1420 5,1771
525 21:40
4,4029 4,4364
3,9682 4,0020
4,6141 4,6484
5,1412 5,1758
526 21:41
4,4025 4,4359
3,9680 4,0018
4,6133 4,6473
5,1406 5,1752
527 21:42
4,4019 4,4355
3,9670 4,0007
4,6121 4,6468
5,1400 5,1749
528 21:43
4,4024 4,4359
3,9676 4,0011
4,6132 4,6473
5,1412 5,1754
529 21:44
4,4025 4,4366
3,9673 4,0014
4,6131 4,6478
5,1401 5,1756
530 21:45
4,4024 4,4363
3,9668 4,0007
4,6133 4,6479
5,1400 5,1747
531 21:46
4,4027 4,4362
3,9671 4,0006
4,6131 4,6473
5,1397 5,1745
532 21:47
4,4027 4,4362
3,9669 4,0007
4,6131 4,6473
5,1397 5,1745
533 21:48
4,4027 4,4362
3,9664 4,0003
4,6131 4,6477
5,1397 5,1745
534 21:49
4,4005 4,4383
3,9648 4,0026
4,6106 4,6493
5,1371 5,1770
535 21:50
4,3998 4,4388
3,9649 4,0037
4,6099 4,6498
5,1366 5,1773
536 21:51
4,4027 4,4359
3,9675 4,0011
4,6129 4,6468
5,1391 5,1738
537 21:52
4,4025 4,4360
3,9666 4,0005
4,6129 4,6471
5,1389 5,1737
538 21:53
4,4025 4,4360
3,9669 4,0008
4,6129 4,6473
5,1396 5,1743
539 21:54
4,4022 4,4353
3,9663 3,9998
4,6125 4,6462
5,1393 5,1736
540 21:55
4,4039 4,4372
3,9686 4,0023
4,6144 4,6488
5,1411 5,1757
541 21:56
4,4039 4,4372
3,9682 4,0019
4,6144 4,6488
5,1417 5,1763
542 21:57
4,4022 4,4389
3,9668 4,0032
4,6126 4,6506
5,1399 5,1784
543 21:58
4,4022 4,4389
3,9671 4,0035
4,6130 4,6506
5,1399 5,1784
544 21:59
4,4041 4,4374
3,9688 4,0022
4,6151 4,6495
5,1421 5,1766
545 22:00
4,4041 4,4374
3,9681 4,0015
4,6150 4,6489
5,1417 5,1762
546 22:01
4,4039 4,4374
3,9679 4,0015
4,6134 4,6476
5,1414 5,1759
547 22:02
4,4039 4,4374
3,9682 4,0017
4,6134 4,6476
5,1411 5,1759
548 22:03
4,4045 4,4382
3,9687 4,0026
4,6145 4,6489
5,1418 5,1768
549 22:04
4,4047 4,4383
3,9693 4,0029
4,6147 4,6489
5,1421 5,1768
550 22:05
4,4045 4,4382
3,9691 4,0028
4,6145 4,6489
5,1418 5,1768
551 22:06
4,4046 4,4385
3,9692 4,0031
4,6151 4,6497
5,1424 5,1778
552 22:07
4,4046 4,4385
3,9697 4,0039
4,6155 4,6504
5,1426 5,1778
553 22:08
4,4046 4,4385
3,9699 4,0042
4,6161 4,6507
5,1420 5,1772
554 22:09
4,4046 4,4385
3,9704 4,0046
4,6150 4,6497
5,1426 5,1778
555 22:10
4,4045 4,4382
3,9705 4,0042
4,6154 4,6503
5,1430 5,1780
556 22:11
4,4045 4,4382
3,9705 4,0042
4,6154 4,6503
5,1430 5,1780
557 22:12
4,4033 4,4399
3,9698 4,0062
4,6146 4,6520
5,1415 5,1799
558 22:13
4,4032 4,4397
3,9694 4,0059
4,6145 4,6518
5,1416 5,1799
559 22:14
4,4047 4,4385
3,9707 4,0045
4,6160 4,6505
5,1433 5,1784
560 22:15
4,4033 4,4399
3,9694 4,0057
4,6146 4,6520
5,1415 5,1799
561 22:16
4,4031 4,4398
3,9694 4,0062
4,6144 4,6519
5,1415 5,1800
562 22:17
4,4044 4,4383
3,9712 4,0051
4,6163 4,6508
5,1436 5,1789
563 22:18
4,4045 4,4383
3,9712 4,0053
4,6160 4,6506
5,1435 5,1787
564 22:19
4,4043 4,4383
3,9710 4,0053
4,6157 4,6503
5,1434 5,1786
565 22:20
4,4043 4,4382
3,9714 4,0053
4,6158 4,6504
5,1441 5,1788
566 22:21
4,4043 4,4382
3,9714 4,0053
4,6158 4,6504
5,1441 5,1788
567 22:22
4,4042 4,4381
3,9717 4,0056
4,6161 4,6506
5,1439 5,1791
568 22:23
4,4043 4,4385
3,9717 4,0062
4,6156 4,6505
5,1447 5,1796
569 22:24
4,4041 4,4382
3,9717 4,0061
4,6156 4,6504
5,1445 5,1794
570 22:25
4,4042 4,4384
3,9720 4,0065
4,6155 4,6508
5,1444 5,1800
571 22:26
4,4042 4,4385
3,9720 4,0067
4,6156 4,6512
5,1444 5,1802
572 22:27
4,4041 4,4384
3,9721 4,0067
4,6155 4,6510
5,1445 5,1802
573 22:28
4,4046 4,4388
3,9720 4,0061
4,6159 4,6508
5,1450 5,1805
574 22:29
4,4046 4,4388
3,9720 4,0065
4,6159 4,6508
5,1450 5,1805
575 22:30
4,4045 4,4389
3,9723 4,0067
4,6163 4,6514
5,1453 5,1811
576 22:31
4,4045 4,4389
3,9724 4,0070
4,6163 4,6514
5,1454 5,1812
577 22:32
4,4052 4,4395
3,9727 4,0073
4,6166 4,6521
5,1464 5,1821
578 22:33
4,4053 4,4396
3,9728 4,0073
4,6168 4,6518
5,1465 5,1816
579 22:34
4,4055 4,4399
3,9728 4,0075
4,6168 4,6519
5,1465 5,1817
580 22:35
4,4053 4,4397
3,9727 4,0071
4,6161 4,6512
5,1463 5,1815
581 22:36
4,4053 4,4397
3,9726 4,0073
4,6162 4,6518
5,1464 5,1817
582 22:37
4,4053 4,4397
3,9730 4,0073
4,6162 4,6518
5,1457 5,1815
583 22:38
4,4054 4,4398
3,9728 4,0072
4,6163 4,6518
5,1458 5,1816
584 22:39
4,4052 4,4397
3,9727 4,0075
4,6161 4,6518
5,1458 5,1817
585 22:40
4,4052 4,4396
3,9729 4,0072
4,6161 4,6517
5,1460 5,1815
586 22:41
4,4053 4,4398
3,9728 4,0076
4,6168 4,6520
5,1459 5,1818
587 22:42
4,4052 4,4397
3,9727 4,0075
4,6163 4,6519
5,1458 5,1817
588 22:43
4,4040 4,4409
3,9716 4,0086
4,6150 4,6532
5,1443 5,1832
589 22:44
4,4053 4,4397
3,9730 4,0073
4,6161 4,6512
5,1457 5,1815
590 22:45
4,4051 4,4396
3,9730 4,0078
4,6161 4,6513
5,1457 5,1816
591 22:46
4,4042 4,4387
3,9715 4,0063
4,6146 4,6503
5,1439 5,1799
592 22:47
4,4039 4,4384
3,9715 4,0061
4,6143 4,6500
5,1429 5,1789
593 22:48
4,4037 4,4382
3,9714 4,0058
4,6141 4,6498
5,1433 5,1793
594 22:49
4,4039 4,4384
3,9712 4,0060
4,6143 4,6498
5,1436 5,1795
595 22:50
4,4033 4,4402
3,9706 4,0076
4,6136 4,6515
5,1428 5,1815
596 22:51
4,4037 4,4409
3,9709 4,0081
4,6135 4,6520
5,1433 5,1824
597 22:52
4,4037 4,4408
3,9710 4,0082
4,6141 4,6520
5,1433 5,1823
598 22:53
4,4035 4,4407
3,9706 4,0079
4,6139 4,6519
5,1430 5,1820
599 22:54
4,4035 4,4408
3,9708 4,0082
4,6140 4,6522
5,1431 5,1826
600 22:55
4,4035 4,4410
3,9708 4,0084
4,6139 4,6529
5,1431 5,1830
601 22:56
4,4034 4,4409
3,9707 4,0083
4,6139 4,6527
5,1431 5,1826
602 22:57
4,4035 4,4410
3,9707 4,0082
4,6140 4,6528
5,1431 5,1825
603 22:58
4,4037 4,4411
3,9713 4,0087
4,6140 4,6527
5,1433 5,1832
604 22:59
4,4037 4,4410
3,9713 4,0086
4,6147 4,6529
5,1436 5,1833
605 23:00
4,4020 4,4460
3,9698 4,0154
4,6082 4,6625
5,1414 5,1886
606 23:01
4,4023 4,4481
3,9699 4,0174
4,6086 4,6646
5,1419 5,1902
607 23:02
4,4025 4,4483
3,9702 4,0184
4,5984 4,6699
5,1422 5,1907
608 23:03
4,4025 4,4483
3,9702 4,0184
4,5983 4,6701
5,1415 5,1937
609 23:04
4,4025 4,4483
3,9702 4,0184
4,5983 4,6701
5,1415 5,1937
610 23:05
4,4025 4,4483
3,9698 4,0188
4,5991 4,6696
5,1415 5,1939
611 23:06
4,4025 4,4483
3,9698 4,0184
4,5982 4,6681
5,1421 5,1937
612 23:07
4,4025 4,4483
3,9698 4,0184
4,5982 4,6681
5,1421 5,1937
613 23:08
4,4024 4,4483
3,9697 4,0184
4,5988 4,6668
5,1422 5,1939
614 23:09
4,4024 4,4483
3,9697 4,0184
4,6074 4,6667
5,1422 5,1939
615 23:10
4,4024 4,4483
3,9697 4,0180
4,6074 4,6667
5,1422 5,1939
616 23:11
4,4024 4,4483
3,9697 4,0162
4,6094 4,6648
5,1422 5,1909
617 23:12
4,4024 4,4483
3,9697 4,0162
4,6080 4,6648
5,1422 5,1909
618 23:13
4,4024 4,4483
3,9697 4,0162
4,6080 4,6648
5,1422 5,1909
619 23:14
4,4024 4,4483
3,9697 4,0162
4,6080 4,6648
5,1422 5,1909
620 23:15
4,4024 4,4483
3,9701 4,0162
4,6080 4,6648
5,1422 5,1915
621 23:16
4,4024 4,4483
3,9701 4,0162
4,6080 4,6648
5,1422 5,1915
622 23:17
4,4024 4,4483
3,9701 4,0162
4,6080 4,6648
5,1422 5,1915
623 23:18
4,4024 4,4483
3,9680 4,0160
4,6050 4,6647
5,1404 5,1909
624 23:19
4,4024 4,4483
3,9695 4,0163
4,6062 4,6647
5,1414 5,1902
625 23:20
4,4024 4,4483
3,9702 4,0160
4,6056 4,6658
5,1426 5,1974
626 23:21
4,4024 4,4483
3,9702 4,0160
4,6060 4,6647
5,1421 5,1958
627 23:22
4,4024 4,4483
3,9669 4,0152
4,6027 4,6629
5,1373 5,1895
628 23:23
4,4024 4,4483
3,9677 4,0149
4,6054 4,6623
5,1380 5,1897
629 23:24
4,4024 4,4483
3,9683 4,0152
4,6055 4,6628
5,1392 5,1903
630 23:25
4,4024 4,4483
3,9684 4,0156
4,6051 4,6628
5,1398 5,1903
631 23:26
4,4024 4,4483
3,9683 4,0152
4,6055 4,6628
5,1398 5,1903
632 23:27
4,4024 4,4483
3,9691 4,0153
4,6064 4,6633
5,1416 5,1921
633 23:28
4,4026 4,4481
3,9693 4,0151
4,6071 4,6626
5,1417 5,1911
634 23:29
4,4026 4,4481
3,9693 4,0147
4,6077 4,6627
5,1411 5,1905
635 23:30
4,4026 4,4481
3,9693 4,0147
4,6081 4,6626
5,1411 5,1899
636 23:31
4,4023 4,4477
3,9692 4,0145
4,6068 4,6636
5,1413 5,1899
637 23:32
4,4023 4,4477
3,9692 4,0145
4,6101 4,6606
5,1413 5,1893
638 23:33
4,4023 4,4477
3,9692 4,0145
4,6101 4,6606
5,1413 5,1893
639 23:34
4,4023 4,4477
3,9696 4,0146
4,6102 4,6612
5,1413 5,1893
640 23:35
4,4023 4,4477
3,9696 4,0146
4,6097 4,6617
5,1420 5,1901
641 23:36
4,4023 4,4477
3,9692 4,0145
4,6102 4,6612
5,1419 5,1893
642 23:37
4,4023 4,4477
3,9692 4,0145
4,6096 4,6611
5,1419 5,1893
643 23:38
4,4023 4,4477
3,9692 4,0145
4,6102 4,6612
5,1419 5,1893
644 23:39
4,4023 4,4477
3,9696 4,0150
4,6102 4,6612
5,1430 5,1948
645 23:40
4,4023 4,4477
3,9693 4,0143
4,6097 4,6617
5,1424 5,1930
646 23:41
4,4023 4,4477
3,9692 4,0145
4,6102 4,6612
5,1424 5,1936
647 23:42
4,4023 4,4477
3,9692 4,0145
4,6097 4,6617
5,1426 5,1913
648 23:43
4,3976 4,4520
3,9651 4,0185
4,6048 4,6662
5,1370 5,1963
649 23:44
4,3976 4,4520
3,9651 4,0183
4,6048 4,6662
5,1370 5,1963
650 23:45
4,4020 4,4480
3,9690 4,0148
4,6100 4,6617
5,1427 5,1906
651 23:46
4,4023 4,4477
3,9688 4,0145
4,6117 4,6617
5,1419 5,1899
652 23:47
4,4023 4,4477
3,9688 4,0145
4,6101 4,6616
5,1419 5,1893
653 23:48
4,4023 4,4477
3,9688 4,0145
4,6097 4,6617
5,1413 5,1887
654 23:49
Connection error x5
